KKJ	78.0	44.0	6	1
94	50	88	38	65	48	96	43	65	31	89	48	49	50
SUR	21.0	65.0	7	1
39	51	26	57	8	88	27	66	6	64
SSS	98.0	27.0	0	1
111	10	90	39	83	22	118	25	89	40
YFK	0.0	17.0	11	1
18	22	-21	23	-6	-5	26	30	-15	19
UHK	38.0	57.0	1	1
28	44	37	44	50	73	38	67
CPM	15.0	50.0	25	1
23	47	-16	32	18	68	26	30	27	76
LQX	28.0	-6.0	3	1
23	-14	44	-8	12	19	9	-7	33	-10	49	-21
MNP	21.0	25.0	7	1
1	14	44	15	2	48	33	26	28	24
IXM	50.0	40.0	20	1
39	46	52	53	46	30	46	24	70	37	52	50
USV	4.0	73.0	19	1
-3	57	2	62	27	73	-1	85	2	60	3	99	-1	76
QXN	11.0	40.0	1	1
37	47	11	34	2	34	9	53	-2	36
TLW	13.0	29.0	23	1
-2	32	33	15	19	36	-2	47	31	24	-1	25
YQJ	63.0	60.0	5	1
53	68	75	59	73	58	45	46	62	76	75	53
HKP	88.0	49.0	9	1
72	62	82	59	97	39	95	47	98	42
DRN	72.0	69.0	5	1
98	89	58	90	65	54	57	66	56	61	104	53	68	74
ITX	42.0	21.0	17	1
46	-5	47	-1	36	38	33	31	42	42	37	27	54	20
VKM	24.0	-2.0	17	1
0	3	42	-10	15	-13	31	17	32	-11
TEO	7.0	26.0	14	1
11	54	4	32	22	16	-11	30	16	22	1	6
CXT	15.0	72.0	20	1
-11	77	10	64	20	58	31	69	26	94
XIS	98.0	72.0	0	1
77	60	84	62	110	94	112	84	109	61
PCM	59.0	55.0	25	1
46	45	43	48	87	52	68	72	51	60
ZNR	50.0	3.0	24	1
70	14	29	-12	56	-2	56	23	36	-18	53	16
KSN	64.0	16.0	23	1
60	10	51	20	86	38	54	15	67	6	67	10
CGI	84.0	30.0	17	1
68	28	64	39	99	29	65	11	101	20	93	14	109	53	78	46
GIH	44.0	53.0	3	1
52	54	43	51	29	48	37	51	59	62
XGZ	15.0	75.0	12	1
-7	78	31	60	33	79	28	58	27	83	11	70	-2	97	0	80
RQV	40.0	39.0	8	1
67	57	23	42	32	58	21	19	59	19
QDR	55.0	81.0	25	1
40	83	46	83	60	71	76	89
TRQ	99.0	87.0	19	1
103	85	115	91	111	92	83	105	75	102	113	70	94	70
WDO	52.0	83.0	11	1
60	75	45	73	65	82	40	104
