AOY	33.0	101.0	9	1
38	111	50	91	19	87	34	111	24	106
VIU	16.0	-12.0	9	1
-1	-20	37	-22	22	-24	27	-9	-2	11
HCB	105.0	54.0	3	1
117	52	102	40	103	44	120	61	96	82	121	64	76	39
UJU	48.0	82.0	7	1
36	69	36	82	71	54	48	94	64	100	36	94
DMR	32.0	30.0	5	1
33	6	35	31	11	34	42	54	36	34	38	23
CIJ	86.0	9.0	7	1
95	26	89	-4	96	-15	71	20	97	6	71	23
TRH	76.0	47.0	10	1
88	39	92	78	74	43	80	51	89	38	74	47	67	39	49	43
FBY	71.0	39.0	6	1
54	35	85	23	61	55	72	43	84	41
RZO	23.0	37.0	3	1
37	26	13	43	35	34	35	67	-2	23	29	50	18	22
