EKF	78.0	42.0	22	1
93	32	83	63	51	32	88	32	92	59	66	39
XQK	46.0	49.0	14	1
55	78	36	36	49	65	59	34	30	34	57	46	38	54
HCH	49.0	102.0	8	1
44	88	38	108	45	95	46	104	50	121	75	100
CUT	22.0	92.0	3	1
43	106	21	80	-2	84	43	74	12	101	19	108
YOF	24.0	57.0	15	1
35	69	13	45	43	74	14	40	18	61
SLB	74.0	21.0	10	1
52	31	83	5	66	22	88	37	96	17	62	16
YCN	8.0	32.0	22	1
28	43	7	28	22	34	4	22	-14	31	-15	33	30	39
EPQ	37.0	58.0	4	1
55	68	43	63	55	61	22	49	18	78	31	32
RGU	64.0	94.0	1	1
44	105	78	112	75	77	82	72	72	105	36	94
DNP	11.0	23.0	16	1
4	35	32	1	-3	44	-5	20	-1	2	40	40
FCM	-3.0	38.0	9	1
5	25	-5	58	12	46	-15	39	-12	25
WNE	8.0	43.0	13	1
29	24	-14	63	21	36	-8	46	13	63	22	43	-6	32
TII	47.0	50.0	2	1
43	68	51	33	71	38	34	68	50	44	37	54
JXD	44.0	62.0	16	1
33	60	29	78	23	36	65	73	50	55	64	74
JEO	100.0	88.0	23	1
113	78	82	93	108	103	109	106	108	95	102	78	78	68
OWU	47.0	44.0	10	1
47	35	60	46	55	56	57	37	42	63	25	58	62	32	29	30
VEQ	78.0	78.0	4	1
99	100	61	72	55	59	96	99	80	62
NWP	83.0	81.0	23	1
105	74	100	73	73	103	79	77	70	101	76	63
OPU	9.0	34.0	22	1
1	18	17	42	15	48	-12	31	12	47	22	18
MBY	74.0	107.0	23	1
84	81	74	113	76	122	50	107	90	114
MWX	100.0	94.0	15	1
101	83	103	112	98	82	112	77	89	119
EEY	65.0	59.0	0	1
64	67	72	39	82	55	35	42	59	81	74	53	73	77
QBN	18.0	15.0	3	1
13	18	15	7	13	10	32	26
PLD	25.0	6.0	7	1
31	15	17	-4	35	-13	33	-4	18	28	19	16
EUW	83.0	87.0	13	1
84	102	95	104	85	79	69	74	82	79
SQX	46.0	85.0	2	1
51	92	76	104	29	67	30	78
LKJ	79.0	37.0	13	1
99	50	69	44	68	22	95	33	67	40
IAE	44.0	21.0	13	1
37	8	60	24	56	20	23	42	42	17	47	-1	44	39
IAZ	64.0	84.0	15	1
77	73	54	87	46	104	86	68	51	80	73	97
QKM	63.0	10.0	4	1
82	32	48	-12	80	0	69	-8	74	29	49	25	44	5	61	13
LDH	59.0	54.0	1	1
56	73	53	46	40	39	81	53	59	69	65	49
VGC	69.0	78.0	21	1
80	68	48	94	84	83	61	67	85	64	56	94
SBC	84.0	92.0	24	1
94	66	83	77	100	112	64	102	103	110	63	87
DAL	16.0	29.0	4	1
30	44	4	4	29	44	9	14	3	22	18	44	21	31
CBQ	26.0	8.0	5	1
26	-7	38	18	0	22	21	-7	41	16	30	9
EBE	87.0	20.0	13	1
85	29	63	16	90	32	90	5	104	1	85	29	93	23	88	32
VUR	71.0	58.0	20	1
93	37	81	64	54	56	62	61	64	45	94	79	52	65
QDH	-2.0	80.0	8	1
-15	77	9	107	3	67	-8	81	-6	88	3	62
CHY	50.0	29.0	5	1
69	33	32	22	51	39	48	22
