YZB	30.0	57.0	5	1
17	54	45	52	15	50	37	76	39	54
FQM	21.0	73.0	2	1
29	68	-2	71	24	76	15	83	39	70
JCE	-5.0	5.0	0	1
-19	-1	16	-4	-6	27	2	3	-18	1
AHT	94.0	9.0	7	1
78	15	86	11	117	-2	107	12	85	13	95	6
SXP	55.0	39.0	3	1
65	31	55	36	27	39	68	26	41	38	64	60	67	44	58	43
LPV	81.0	59.0	4	1
92	53	71	78	67	53	74	47	77	65	100	54	71	70	98	53
EZF	32.0	76.0	2	1
31	90	28	75	46	82	25	57
LPP	62.0	1.0	4	1
58	-17	61	14	46	17	86	-8
YSQ	33.0	52.0	4	1
24	27	28	72	62	24	34	63	27	72	28	54
DLH	17.0	76.0	4	1
19	53	27	56	11	93	19	89	12	90
LTE	-4.0	41.0	3	1
-13	61	-4	36	-9	14	8	53
AJH	99.0	28.0	8	1
112	31	91	20	111	24	82	44	87	16	111	34
ERP	36.0	45.0	6	1
50	31	32	67	54	46	28	36	59	59	21	48	14	21	35	59
KCX	16.0	20.0	6	1
5	11	24	16	10	24	-1	21	45	31
TAN	22.0	63.0	2	1
34	58	-3	81	37	38	34	59	7	81	25	66
LWQ	61.0	24.0	4	1
49	37	71	16	62	11	76	37	44	28	65	16
SDO	53.0	74.0	9	1
60	54	68	77	45	78	58	71	70	61	42	90	33	88
ADS	68.0	52.0	8	1
63	62	43	53	85	55	64	35	89	58
WAA	79.0	79.0	5	1
95	95	96	62	74	73	57	61	62	90	93	97
IME	79.0	47.0	4	1
70	45	65	54	66	48	108	45	90	62	75	32
XMY	100.0	69.0	10	1
105	82	104	87	74	70	109	47	112	85	99	46
IHY	92.0	3.0	9	1
90	-17	115	19	96	15	84	-9	71	-3	86	28	108	-6
HKN	54.0	42.0	3	1
62	34	56	33	49	38	52	60	53	49
TXY	42.0	11.0	3	1
58	7	41	19	16	0	50	20	45	12
SHR	52.0	25.0	10	1
31	47	74	45	71	16	41	21	58	36	49	10	47	14	47	18
NVE	82.0	37.0	2	1
91	30	86	21	84	51	81	59	75	45	84	22	78	35
XGC	61.0	102.0	1	1
66	93	84	88	59	120	76	122	40	107	64	105	56	98	43	89
HLO	66.0	20.0	5	1
81	25	81	22	52	14	40	5	81	15	66	43
MWL	50.0	27.0	8	1
47	-2	72	37	29	34	63	41	27	21	64	33
MIP	21.0	42.0	4	1
35	51	6	33	10	33	21	59	3	50	43	43	25	27	28	47
QEJ	47.0	91.0	10	1
60	85	38	88	44	77	48	114
UXG	69.0	64.0	8	1
63	58	49	44	70	69	60	82	81	83	74	64	76	76	86	37
OII	48.0	64.0	2	1
43	52	52	80	21	49	62	69	58	72	52	65
RYJ	52.0	88.0	7	1
61	102	34	96	46	99	40	77	67	94	56	84	56	67	56	87
WBD	35.0	12.0	3	1
39	-6	33	24	46	26	23	4
KGH	88.0	-11.0	7	1
98	-8	94	-12	81	-21	100	-3	69	-12
IKK	36.0	74.0	7	1
42	99	52	59	43	55	7	84
ESJ	17.0	100.0	9	1
3	104	6	93	22	102	-1	103	41	87	36	112
LUW	45.0	37.0	2	1
36	36	49	16	64	36	64	45	37	62	21	28
JYP	28.0	88.0	10	1
30	101	20	73	31	85	29	70	39	109	42	95	9	86
EMQ	14.0	10.0	9	1
38	8	25	4	-6	-12	21	14	5	2	8	26	29	32	-1	10
SML	22.0	24.0	6	1
38	36	20	13	-3	8	40	15	42	53	-2	24
VBZ	96.0	39.0	4	1
88	35	92	9	76	50	96	49	101	52	111	52	103	35	107	33
ZDF	23.0	103.0	9	1
27	90	8	119	22	122	32	112	29	79	14	104	33	95
BTO	24.0	18.0	7	1
43	32	21	18	33	8	41	41	1	7	6	3
SLM	103.0	37.0	1	1
94	36	99	26	122	54	98	34
