PKT	54.0	12.0	17	1
58	23	54	-10	63	14	41	22
NKI	41.0	-5.0	20	1
11	-17	57	6	55	-3	20	-13	57	-3	51	-3
HOG	81.0	34.0	24	1
77	32	81	40	94	30	84	30	73	38
GDK	37.0	32.0	7	1
32	42	42	12	54	39	41	36	20	33
BTG	66.0	91.0	16	1
68	68	39	95	79	93	82	99	64	101
ASZ	60.0	79.0	1	1
71	100	43	80	86	77	59	61	59	87	52	74	54	87	62	68
BMG	89.0	79.0	13	1
92	74	75	98	87	60	96	85	102	79	87	81
NZA	38.0	55.0	17	1
44	35	45	51	26	80	21	42	35	50	44	53	53	80
SNT	30.0	34.0	24	1
39	27	18	37	17	47	58	29	29	25	23	44
QHW	69.0	43.0	17	1
92	46	56	20	56	26	48	48	68	61	94	57
QDW	65.0	40.0	25	1
46	22	55	33	78	31	66	64	67	52	89	33	78	43	44	45
UHT	78.0	13.0	8	1
85	13	86	21	73	5	84	19	66	10
ZKM	41.0	27.0	7	1
27	21	24	27	60	14	30	28	51	33	54	39
DRA	61.0	6.0	13	1
62	13	87	30	86	11	53	-5	42	-4	40	-5
PSN	31.0	93.0	8	1
35	96	25	93	23	106	50	74	47	107	10	86
FNX	69.0	62.0	17	1
77	44	68	86	67	55	40	46	66	46	84	86	82	73
BCM	27.0	56.0	5	1
27	84	9	51	50	42	24	50
XCU	18.0	86.0	5	1
13	79	41	84	9	72	18	108	10	103	22	70
GHP	55.0	70.0	15	1
63	73	40	79	59	56	71	72	53	80	37	66	64	67
WKG	38.0	52.0	24	1
31	65	33	30	59	64	31	49
LZX	105.0	23.0	15	1
119	10	105	17	117	42	102	8	92	14	116	37	77	28	118	33
FZH	24.0	53.0	2	1
35	68	19	23	30	46	32	69	13	46	36	54	5	71
EFM	28.0	69.0	3	1
32	74	42	65	50	75	29	74	12	74	11	64	26	61
MNS	22.0	22.0	5	1
28	15	19	18	32	16	31	27	2	34
OSY	46.0	7.0	23	1
63	-3	45	9	46	18	52	13	27	-2
ZEH	85.0	94.0	3	1
111	79	65	98	81	104	89	89	65	82	101	112
IVN	56.0	57.0	3	1
56	41	70	37	63	70	73	37	53	75	28	77	68	64	38	57
QJE	96.0	93.0	10	1
86	75	79	95	116	97	107	85	101	114	91	96
IJB	44.0	26.0	15	1
37	44	75	19	26	33	52	25	30	13
KFV	20.0	45.0	15	1
8	28	13	26	39	62	23	44	19	66
VDB	16.0	7.0	1	1
0	17	40	25	11	-9	5	28	34	-12	10	-5
HBM	16.0	24.0	13	1
23	12	30	44	28	14	11	39	8	26	-2	13
PVT	10.0	97.0	12	1
22	96	24	87	11	111	19	110	10	70	15	90	-15	104	-5	111
ATY	42.0	60.0	8	1
21	42	59	49	61	83	29	58	31	72	27	76	48	44	66	62
QSV	35.0	86.0	19	1
41	74	41	95	28	107	30	69
JYA	37.0	14.0	21	1
35	16	44	15	38	18	46	21	23	1
DTX	57.0	54.0	14	1
62	34	55	41	62	63	79	66	37	52	38	67	70	61
OVR	70.0	54.0	13	1
73	54	88	47	54	66	67	57	70	56	69	45
YCW	20.0	42.0	9	1
33	35	3	41	8	36	24	35	25	70	27	39
AKA	2.0	16.0	9	1
-17	35	-5	28	8	-4	25	28	-12	5	11	29	5	-4
MXK	27.0	0.0	14	1
19	25	2	-9	29	-1	9	-1	37	0	48	-10	50	1
SAM	51.0	56.0	14	1
53	48	22	36	59	84	46	70	66	61	63	38
AIG	59.0	42.0	5	1
61	40	73	60	69	53	43	42	63	24	49	34
WZZ	56.0	89.0	2	1
70	96	48	106	51	63	41	103	71	80
IQT	80.0	4.0	12	1
51	3	75	12	83	-1	88	-5	90	4	96	14
RPQ	62.0	64.0	8	1
56	62	46	63	49	81	67	55	71	86	57	45	73	61	83	61
ONZ	23.0	51.0	16	1
22	56	15	54	42	46	26	73	42	29	18	64	-2	48	23	38
THO	66.0	90.0	17	1
80	85	50	93	48	90	46	81	88	106	63	95	89	80
XOX	90.0	88.0	23	1
90	88	107	62	81	92	76	101	89	91	112	106	79	78
AFS	21.0	43.0	9	1
38	20	19	62	28	50	26	39	24	21	13	54	0	55
