OQS	45.0	78.0	6	1
52	91	34	90	31	65	64	68
GZK	75.0	24.0	4	1
66	23	78	43	81	8	92	25	64	13	72	33
MZH	30.0	87.0	11	1
42	80	31	117	13	77	41	89	30	94	10	82	43	70
KCF	56.0	96.0	3	1
61	69	47	107	56	93	36	103	84	112
ENT	64.0	31.0	21	1
45	29	69	38	78	28	77	35	71	22	44	34
ETV	69.0	-6.0	16	1
70	-5	82	-16	74	4	52	1	84	-11	53	-9
ONS	83.0	81.0	16	1
81	85	96	72	84	80	74	90
PXX	70.0	36.0	10	1
70	43	71	41	68	30	72	30
KWR	13.0	10.0	24	1
-9	-8	-8	33	33	1	34	26	18	2	10	11
OCM	54.0	23.0	6	1
77	12	51	31	40	25	44	12	71	18	61	20	40	45
WYP	27.0	46.0	23	1
42	42	15	42	21	51	22	37	38	59
YYB	36.0	51.0	3	1
10	68	53	63	24	61	37	28	58	39
VAT	101.0	46.0	3	1
114	37	116	28	90	31	89	54	96	66	104	62
NJY	67.0	99.0	16	1
56	112	86	92	58	119	70	75
TMO	77.0	-1.0	5	1
97	21	73	-13	53	-19	95	-3	69	23	76	-20
KLI	20.0	20.0	6	1
8	19	46	-3	30	24	8	16	18	32	10	32
EHX	53.0	72.0	17	1
61	51	31	72	54	95	58	49	62	83	53	86
RFA	38.0	92.0	9	1
41	93	34	97	61	91	19	92	39	89
ZYZ	84.0	0.0	18	1
74	-9	66	-6	94	20	94	-19	92	14
GGC	30.0	10.0	11	1
27	3	26	2	21	13	61	29	30	12	18	6
SKU	92.0	61.0	3	1
86	46	98	84	89	58	77	41	113	80
XVI	30.0	96.0	24	1
29	98	50	115	21	90	40	75	12	101	23	115	14	85	52	93
ZYR	18.0	31.0	8	1
-1	47	31	36	10	42	4	23	34	28	31	20	24	24	13	29
EXE	5.0	63.0	20	1
24	78	-3	49	23	78	-17	64	8	48	7	75	-4	53
CFG	29.0	27.0	18	1
31	12	46	15	47	27	22	52	18	24	34	43	16	28	23	19
THI	76.0	93.0	9	1
83	104	87	82	77	100	86	109	88	84	59	67	55	111
LQH	14.0	66.0	15	1
7	43	14	69	37	83	-3	73	24	74	7	58
OIM	-5.0	37.0	15	1
-22	44	-9	27	-16	19	23	44	-1	50	-8	40
