EYY	87.0	18.0	8	1
76	39	107	5	65	20	80	9	104	22	95	22	85	14
BYK	77.0	24.0	7	1
80	15	87	9	62	27	79	47
VAW	66.0	24.0	5	1
78	16	60	33	62	14	86	16	45	44
QNO	80.0	-4.0	4	1
69	-2	94	-11	87	-10	74	21	76	-18
TFI	-7.0	48.0	9	1
-8	52	-13	45	-18	47	6	46	-19	48	3	41	-5	58
UKZ	94.0	41.0	7	1
115	40	83	27	92	49	86	41	98	54	75	45	113	31
HMU	7.0	38.0	2	1
33	44	-3	45	-8	21	9	44
SXM	14.0	72.0	5	1
23	82	11	90	7	55	18	64
BWF	50.0	95.0	3	1
60	118	63	93	48	86	42	98	41	83
VHW	15.0	52.0	2	1
19	71	17	64	12	40	34	51	1	53	9	35
DOV	31.0	106.0	8	1
10	96	38	100	51	96	34	102	18	109	23	107	30	121	47	123
