YCA	44.0	5.0	5	1
34	0	35	-4	68	17	30	15	53	-2
GXY	62.0	14.0	3	1
71	17	37	10	75	34	71	12	57	-2
RDE	54.0	6.0	4	1
53	5	42	22	51	4	61	-6	79	15	57	4	48	14	48	-3
FVV	27.0	85.0	3	1
21	89	17	80	34	109	35	78	32	70
DDG	55.0	12.0	7	1
60	23	37	19	58	22	53	9	43	3	76	10	69	14	49	2
VDE	63.0	42.0	8	1
70	28	83	47	57	40	57	47	48	50
ZUA	67.0	20.0	4	1
86	11	75	31	52	11	73	37	52	10
DAS	77.0	38.0	6	1
58	46	79	31	83	24	76	50	56	39	89	38	99	44
MNK	59.0	47.0	4	1
74	34	60	67	53	63	72	33	35	35	60	55
ZIH	7.0	55.0	1	1
33	62	9	38	-5	39	-14	76	28	53	-9	62
KGG	24.0	13.0	8	1
24	-6	24	20	25	15	33	21	14	18
