EOI	51.0	68.0	19	1
65	76	59	55	48	63	44	71	39	79
EDH	23.0	11.0	21	1
15	17	41	37	8	-11	15	19	13	19	35	24	34	-6	23	-4
XIG	23.0	24.0	7	1
25	26	16	30	34	8	19	25	25	31
DNX	46.0	34.0	4	1
36	26	59	18	34	36	57	41	30	36	60	48	48	36
YGW	76.0	84.0	5	1
77	92	84	95	62	79	80	88	86	85	68	69
LMW	75.0	49.0	10	1
56	27	78	26	96	70	56	62	89	65	78	57	73	42
KLX	61.0	43.0	12	1
43	27	69	55	68	41	63	51	66	43
ODA	67.0	84.0	6	1
50	74	69	95	74	82	76	88
HYR	37.0	64.0	18	1
37	75	53	46	57	60	18	82	23	75	37	46
ZHD	53.0	19.0	13	1
38	9	38	27	55	-1	63	37	71	25
HDK	94.0	37.0	23	1
105	54	104	41	101	31	78	30	85	40	93	26
HBE	-7.0	30.0	7	1
-10	22	-20	35	-7	23	-16	46	9	33	1	23
DGG	35.0	36.0	20	1
57	23	54	30	24	47	21	54	22	26
YKA	35.0	-4.0	9	1
9	19	40	13	48	-12	29	-21	52	-19
BGA	44.0	29.0	1	1
23	32	58	9	57	34	39	42
LOP	24.0	20.0	16	1
20	34	19	-9	55	34	39	7	13	16	13	31	11	30
THP	35.0	53.0	15	1
19	53	25	59	41	47	18	53	48	69	43	64	42	55	44	25
FUO	63.0	46.0	6	1
66	41	39	40	80	55	48	60	81	43	79	40	52	44
BGO	30.0	52.0	18	1
23	66	28	55	35	42	12	53	43	53	43	44
FFI	82.0	11.0	16	1
95	3	76	4	83	22	88	3	72	1	78	34
ZBO	11.0	39.0	3	1
5	29	-3	51	23	49	19	27
WYM	14.0	87.0	18	1
24	59	7	104	8	85	21	86	12	103
HUW	69.0	45.0	20	1
54	64	89	36	58	39	77	68	57	35	85	29	56	42	77	49
QLZ	40.0	60.0	21	1
22	54	62	44	35	67	22	73	63	66
MNI	47.0	53.0	20	1
58	48	58	53	45	52	24	56	55	39	43	74
NDZ	29.0	16.0	13	1
28	26	48	12	21	28	53	7	12	17	15	7
RUL	40.0	48.0	10	1
25	46	30	68	49	32	54	25	42	70
ZOM	79.0	75.0	12	1
70	55	73	59	101	102	94	75	73	76	77	80	66	59	84	97
LKB	38.0	62.0	15	1
26	72	45	43	53	72	32	45	38	82
GXR	62.0	94.0	24	1
84	94	42	101	70	102	45	70	73	105
MJW	75.0	6.0	22	1
67	18	68	-18	63	24	89	17	79	-9	86	4
FKL	60.0	16.0	9	1
78	21	54	29	35	8	75	7
TKG	-6.0	30.0	8	1
-12	39	-9	5	-9	32	-8	29	-9	52	7	23
TPF	105.0	79.0	5	1
80	71	107	67	110	103	100	81	120	89	114	63
