ORF	1.0	34.0	9	1
9	24	22	46	-7	39	-24	24	-7	44	17	28
CSN	50.0	51.0	21	1
65	55	58	33	37	68	37	53	53	46
YSX	33.0	74.0	1	1
23	89	52	71	18	63	53	71	46	71	11	81
VGE	66.0	90.0	3	1
84	71	53	104	70	110	68	82	44	96	81	81
MWH	7.0	24.0	24	1
4	19	-11	-3	22	33	10	24	5	23	-10	18	27	43	15	36
EFI	50.0	96.0	10	1
40	103	70	100	57	88	65	109	36	95	45	89	65	87	26	99
PJI	86.0	53.0	15	1
93	61	104	40	75	34	78	41	67	81	102	66
LTS	50.0	93.0	17	1
65	93	52	103	34	89	50	87
FHI	40.0	71.0	16	1
48	63	31	66	41	78	51	79	30	63	39	82
HVY	36.0	40.0	9	1
52	50	21	41	36	26	48	31	41	33	47	35	13	70
IEW	16.0	28.0	19	1
6	41	34	12	15	39	11	23	17	29
OOU	74.0	35.0	10	1
73	41	96	28	49	63	55	27	68	32	97	35	82	23
UYP	3.0	9.0	19	1
22	19	-6	27	-15	-10	1	16	16	10	2	-4
GRH	5.0	83.0	5	1
11	85	28	76	17	70	-16	83	-12	101
MGD	78.0	11.0	9	1
88	5	72	8	64	13	73	23	97	9	85	19	59	13	92	0
GAP	29.0	50.0	25	1
22	54	22	49	41	44	41	68	23	38
ILJ	68.0	61.0	24	1
62	43	61	73	76	63	73	66
UYU	21.0	33.0	12	1
25	35	-1	5	34	34	31	43	25	39	6	30	32	48
ZVR	50.0	21.0	17	1
58	34	28	26	61	-1	55	27
ZUI	-3.0	80.0	20	1
-17	94	-14	73	20	80	16	74	-15	75	-9	88
