VIX	85.0	79.0	16	1
80	83	104	75	74	91	70	69	98	81
NMV	40.0	33.0	3	1
28	47	55	24	56	38	52	12	12	47
NUV	59.0	46.0	11	1
74	57	65	52	49	24	53	59	63	33	64	50	45	50
YHY	92.0	68.0	16	1
80	68	74	59	100	83	97	63	110	71
QZE	70.0	57.0	4	1
63	40	51	35	67	67	98	53	92	80	63	63	66	52	61	71
JCC	74.0	49.0	23	1
62	65	90	26	75	54	63	48	72	60	58	53	80	43	99	45
HQX	13.0	76.0	16	1
36	63	35	82	6	61	-6	77	16	93	-5	85
UCE	81.0	86.0	1	1
84	111	61	73	103	84	83	84	85	97	75	71
IEZ	96.0	25.0	15	1
99	53	118	31	116	21	80	12	77	34	75	17	111	12
YAO	39.0	0.0	20	1
34	4	56	-12	33	-10	24	23	48	-5
WOM	0.0	12.0	2	1
16	-2	-10	33	6	8	-8	-5	-6	30
BME	36.0	52.0	8	1
35	45	48	46	19	67	28	44	38	49	42	49	59	64	24	57
APM	22.0	16.0	5	1
44	24	37	6	-4	31	6	8	38	10	11	19
GAH	9.0	71.0	24	1
-11	56	11	79	18	87	4	77	19	69	23	65	1	70
