UFU	97.0	61.0	8	1
113	51	111	62	72	43	101	78	94	89	113	57	76	50
HHY	22.0	21.0	1	1
45	31	9	34	13	-9	15	16	31	36
OLD	73.0	-5.0	9	1
84	2	48	-13	58	-4	89	-13	88	1
POO	33.0	59.0	3	1
40	58	4	62	32	66	40	47	49	73	34	48
MGL	86.0	50.0	17	1
80	56	110	33	71	43	100	68	89	55	70	50
SYC	87.0	89.0	10	1
80	95	90	72	104	73	103	104	62	101
TLO	50.0	42.0	19	1
61	62	51	52	60	53	59	23	19	22
BQW	55.0	38.0	16	1
74	19	56	56	55	11	48	51	42	54
LYN	90.0	6.0	4	1
104	21	85	33	107	1	80	-11	76	6	96	-7	80	-12	94	24
SRC	69.0	85.0	5	1
57	94	69	97	72	97	53	75	96	63
HZS	27.0	39.0	14	1
15	25	37	51	15	54	26	51	32	45	30	39	39	12
RVN	73.0	93.0	3	1
83	101	96	109	52	81	70	94	69	99	80	82	62	89
HXB	73.0	23.0	24	1
77	35	89	20	86	28	44	30	73	5
JVD	9.0	72.0	16	1
13	77	10	78	20	79	-10	50	9	53	12	76	24	86	-3	82
FWJ	30.0	93.0	8	1
13	82	47	105	37	99	38	104	34	81	14	95	32	86
WZR	47.0	39.0	10	1
48	38	57	51	34	16	27	51	49	52	43	44	58	21	64	43
KBN	25.0	5.0	6	1
33	1	27	-6	36	9	18	2	25	29	41	-3	19	2	5	8
OXJ	75.0	85.0	22	1
79	87	61	78	92	80	75	89	69	70	72	92	81	103
HAM	91.0	24.0	25	1
82	25	74	1	92	44	102	4	79	41	120	34
CHZ	85.0	8.0	24	1
61	3	92	27	87	5	91	23	87	-15	96	10
NQZ	5.0	32.0	13	1
-20	32	17	32	23	38	15	26	13	33	-11	21	21	19	-15	59
ZLW	91.0	63.0	10	1
87	45	110	54	82	82	87	74
AQT	76.0	68.0	14	1
95	82	74	52	75	53	64	66	62	93	89	65
AXO	15.0	9.0	20	1
4	28	-2	-14	27	23	30	-3	17	14
HTP	35.0	12.0	16	1
25	18	20	14	34	21	47	17	45	3	42	2
DHM	75.0	37.0	21	1
79	15	84	54	73	61	75	27	65	30
JJM	56.0	66.0	3	1
65	54	67	88	72	49	47	57	54	78	44	60	45	79
