YGL	66.0	81.0	8	1
79	76	68	83	57	91	63	100	49	74	66	82	83	67
WYE	70.0	61.0	9	1
67	62	62	83	89	44	57	85	85	45	65	51
RWU	9.0	30.0	3	1
-12	9	-10	20	20	29	28	38	7	42	28	40	6	38
RVA	72.0	41.0	2	1
59	31	68	57	79	46	74	23	84	53	87	28	85	40	47	53
LUB	9.0	11.0	7	1
24	11	33	19	23	15	-8	1	-14	21	8	1	-2	4	14	23
MUJ	86.0	9.0	1	1
78	-13	84	9	77	32	108	18	87	2
RFZ	81.0	80.0	6	1
80	102	99	80	85	80	88	69	81	67	72	81	65	82
IBU	49.0	51.0	9	1
54	62	53	49	40	61	49	41	27	37	71	58
LVK	20.0	47.0	3	1
12	31	42	43	41	66	4	31	2	46	30	72	12	40
DPE	47.0	70.0	5	1
45	58	31	59	38	95	49	73	62	91	55	57	50	61
EPD	40.0	93.0	5	1
41	74	40	80	37	95	44	109	42	109
GPU	85.0	25.0	1	1
64	9	102	34	78	35	84	10	100	37
MIM	40.0	57.0	5	1
49	73	48	43	19	43	50	77	20	40	45	59	53	70
IGT	76.0	17.0	10	1
62	4	95	42	86	22	94	25	67	-2	52	11
XTL	83.0	90.0	2	1
77	106	91	111	73	64	98	73	93	77	69	110
CVY	70.0	99.0	5	1
49	75	91	106	64	100	58	107	88	115	75	91
BHE	99.0	67.0	6	1
74	80	92	54	110	59	105	85	118	58
MSG	37.0	58.0	3	1
31	59	47	52	25	50	28	58	58	70	25	42	47	79
DSR	43.0	50.0	7	1
28	72	51	35	39	67	49	35	42	37	62	66	31	40
RXH	48.0	50.0	1	1
57	74	57	68	47	34	13	40	53	49	62	36
OLX	28.0	42.0	0	1
12	63	24	36	50	37	47	62	33	21	9	45	25	30
NGL	49.0	16.0	6	1
49	31	36	7	48	8	45	-3	65	20	55	35
MIV	90.0	49.0	7	1
76	58	117	51	100	27	74	63	74	59	88	26	90	46	107	63
EJK	57.0	105.0	5	1
52	87	61	115	57	112	67	87	53	110	75	121	35	107
TVJ	50.0	65.0	2	1
44	51	57	72	55	50	39	79	58	74
YVC	57.0	71.0	9	1
38	56	55	58	73	83	64	88
SXY	13.0	88.0	4	1
38	95	0	71	-2	95	18	81	14	102
LRD	55.0	21.0	7	1
42	35	61	11	71	31	57	-5	48	34
FIM	36.0	36.0	3	1
49	49	26	25	36	48	35	34	53	16	22	53	33	28
QMV	26.0	48.0	6	1
25	51	27	55	17	51	34	41	13	41	41	68	25	35
HZL	82.0	11.0	10	1
102	24	77	-5	82	-3	82	0	82	-5	70	21	85	29	82	28
RWW	76.0	72.0	4	1
80	78	77	77	93	57	74	81	60	77	83	50	67	84
YGI	0.0	36.0	6	1
-9	18	16	45	28	42	-13	40	-13	42	-10	13	11	58	-14	30
FNV	70.0	9.0	9	1
45	15	83	-11	77	17	64	17	69	22	84	-6
GWW	85.0	14.0	10	1
83	30	68	1	99	3	64	6	86	20	111	28
OAU	27.0	72.0	7	1
36	86	36	66	34	75	28	63	23	71	5	75
TDB	84.0	83.0	7	1
101	99	61	90	97	91	59	65	89	73	102	85
DAN	54.0	8.0	6	1
78	-5	63	26	37	1	68	23	32	-4	74	15	32	6
CUA	22.0	71.0	5	1
16	88	-8	53	33	69	40	75	29	72
AFS	59.0	43.0	1	1
42	60	82	64	67	66	48	21	69	26	49	34	62	36
QIW	50.0	41.0	5	1
60	52	58	41	46	27	43	36	56	44	34	54	58	34
VET	32.0	11.0	8	1
27	23	33	7	44	9	31	3	36	20	23	6
UBH	83.0	24.0	1	1
69	21	95	17	84	20	89	43	78	19
BJC	14.0	84.0	5	1
3	95	-2	80	2	76	35	88	33	83
QQV	66.0	58.0	8	1
60	37	75	62	79	72	81	52	79	63	52	69	40	54
FIR	42.0	75.0	7	1
24	86	43	58	28	90	63	64	35	80	47	81	55	66
