SLA	92.0	38.0	5	1
108	38	111	37	95	30	72	63	94	24	80	44	89	32
DKC	53.0	79.0	6	1
63	64	51	101	50	58	66	63	59	101	29	88
HKT	72.0	79.0	4	1
87	83	72	65	83	82	68	106	61	68	76	81	61	70
PGW	69.0	32.0	8	1
56	16	81	43	85	44	48	30	79	30
NAQ	14.0	30.0	5	1
6	11	35	42	15	36	-2	34	17	29
RKN	12.0	59.0	9	1
4	70	-4	66	11	68	33	57	-3	50	27	67	16	39
AAZ	56.0	11.0	8	1
53	0	51	22	69	9	44	31	55	-7	73	35	58	10	45	-12
PUL	47.0	22.0	3	1
54	7	61	25	39	6	48	37	35	39
BGT	66.0	35.0	7	1
72	56	61	46	54	46	49	15	76	19	73	24	82	40
WFF	52.0	72.0	3	1
43	59	61	72	42	74	70	65	48	91
DIW	69.0	12.0	1	1
59	2	84	24	56	-3	79	12	61	16	80	20	77	12	61	17
TVL	78.0	17.0	7	1
64	37	60	13	92	12	94	1	90	16	57	28	73	29	94	4
IMX	22.0	71.0	3	1
41	84	23	102	12	65	22	55	8	61	26	59
TVE	67.0	-1.0	3	1
83	22	78	-21	78	-20	36	11	64	1
BJA	52.0	53.0	2	1
62	42	56	64	44	61	48	57	49	55	61	57	46	37
RPZ	54.0	28.0	8	1
75	42	48	47	51	12	39	8	62	19	51	41
BRG	59.0	21.0	7	1
66	33	37	-2	71	15	57	31	77	39	46	15
ZVG	77.0	87.0	8	1
99	106	62	87	77	88	90	80	63	104	64	72	87	73
XPE	37.0	51.0	8	1
54	31	42	59	25	50	26	46	42	73
MOH	19.0	8.0	2	1
34	37	2	-9	19	-3	21	9
CCE	25.0	106.0	2	1
20	112	40	109	44	89	5	117	2	120	41	94
YQQ	25.0	70.0	3	1
34	68	15	61	13	46	19	89	46	55	19	84	35	87
NMW	58.0	63.0	10	1
59	51	65	50	73	62	69	89	43	57	41	72	59	66
OCL	98.0	94.0	8	1
112	65	119	102	90	110	74	89	84	94	121	90	117	98	74	107
FMO	12.0	72.0	3	1
14	69	32	90	7	70	-5	59	5	85	-1	50	33	81
FEY	53.0	79.0	8	1
62	92	54	91	47	84	50	93	38	63	67	51
YHS	32.0	32.0	2	1
48	38	10	48	19	39	53	47	40	26	18	23	41	7
