MXR	21.0	40.0	0	1
25	54	9	36	25	58	27	52	30	13	13	30
QND	64.0	95.0	8	1
47	88	86	111	65	79	50	101	76	86	73	104	47	101	71	96
XMZ	72.0	14.0	8	1
72	27	75	5	66	6	81	21	70	13
EYF	70.0	61.0	3	1
62	43	70	43	50	75	74	63	82	82	82	62
CXI	104.0	77.0	6	1
114	93	107	78	117	77	103	75	109	59	77	84
VRE	40.0	16.0	9	1
40	46	49	3	22	21	35	4	45	2	54	23	33	31	49	-1
PKX	46.0	-4.0	1	1
65	-4	24	-11	34	13	65	-5	69	0	34	-17	33	-5
XUU	81.0	46.0	8	1
67	42	83	59	95	24	85	34	76	67	98	62	64	37
CXB	91.0	15.0	1	1
90	15	112	14	102	-12	93	21	85	20	69	32
PMR	97.0	98.0	9	1
98	72	95	106	97	113	109	81	86	119
UDR	90.0	78.0	7	1
100	70	96	69	68	83	71	102	97	90	111	58
FLU	11.0	44.0	6	1
26	23	36	18	7	57	15	55	5	42	-1	58	-2	60	7	45
JKJ	74.0	-5.0	5	1
74	-9	64	-13	80	13	73	-17	69	-16	88	10
SFS	62.0	58.0	4	1
50	69	45	41	81	69	76	43	55	57	70	71
HQO	49.0	3.0	4	1
35	-2	54	-8	55	1	49	22	51	22	39	-12	47	-2	63	4
GRI	53.0	89.0	8	1
64	106	75	98	40	73	80	111	33	91	41	65	41	81
CDJ	37.0	84.0	1	1
20	82	27	72	52	80	14	83	57	89	55	102
PXG	101.0	21.0	5	1
108	32	95	9	87	35	117	10
PSO	22.0	71.0	7	1
41	73	-2	57	18	82	23	59	25	99	21	58	30	69
JDL	47.0	15.0	8	1
52	-1	56	18	26	12	57	7	46	39
AKI	44.0	82.0	8	1
40	99	49	80	47	62	31	98	54	74
MVK	90.0	39.0	7	1
74	48	85	39	94	35	112	31	99	33	80	28	73	50	110	48
KDW	73.0	9.0	3	1
74	23	66	-16	65	6	84	26	85	26	60	14	81	-14
GDE	37.0	93.0	0	1
42	87	54	81	20	97	27	105	46	79	51	113	25	92
FRP	52.0	33.0	3	1
53	40	48	25	73	38	35	29
SNU	28.0	28.0	5	1
30	51	19	15	36	28	37	19	20	29
UGY	32.0	71.0	0	1
45	91	52	62	24	55	13	61	19	63	39	98
VHO	102.0	43.0	8	1
115	57	97	28	99	45	105	35	110	42	77	54	111	44
ZUI	35.0	8.0	9	1
59	1	21	18	25	3	25	3	35	1	24	5	58	30
QZM	5.0	59.0	2	1
18	80	-1	48	-7	59	11	71	0	74	8	37	-2	64	16	41
NND	45.0	16.0	9	1
35	23	46	26	52	20	49	15	30	12	61	4
QUZ	-5.0	29.0	7	1
-4	14	11	45	-12	14	-14	55	-7	19
NMD	54.0	29.0	2	1
68	40	57	12	39	33	49	54	53	23	59	17
KAY	61.0	66.0	9	1
53	93	81	87	59	58	53	50	58	62	55	58	71	57
RTK	-1.0	46.0	0	1
-16	68	-2	34	13	36	12	51	-2	47	-11	42
