AFE	24.0	33.0	2	1
46	32	4	49	41	17	20	52	9	17
HUF	84.0	20.0	4	1
82	16	74	33	89	27	84	30	98	23	79	5	84	12
WDP	79.0	27.0	7	1
108	10	74	32	66	42	68	24
ZVN	79.0	10.0	0	1
64	8	101	23	95	-16	80	7	56	29
XKK	33.0	3.0	0	1
33	-3	26	-2	37	-11	53	18	30	4	19	12
HRZ	25.0	-1.0	2	1
21	-7	26	9	26	-8	23	10	39	-18	15	6
PBB	96.0	0.0	3	1
109	22	80	-8	95	-2	102	-22	100	11	94	-5
PXE	79.0	1.0	6	1
61	2	94	9	58	21	84	7	72	-22	90	10	100	-17
GZS	84.0	61.0	9	1
81	82	64	70	102	61	87	48	85	68	87	55	87	48
USZ	44.0	85.0	0	1
48	72	53	85	46	75	45	96	30	100
REW	61.0	39.0	10	1
62	59	64	57	41	26	75	56	83	30	52	20	67	23	50	41
AGO	17.0	70.0	9	1
30	64	36	86	-12	77	15	54
HVX	22.0	42.0	4	1
28	28	21	48	22	51	18	44
TFC	45.0	25.0	9	1
44	17	49	6	22	34	44	22	68	49
AWZ	35.0	72.0	9	1
53	80	28	51	20	70	41	77	52	55	28	93	25	80
BQZ	65.0	52.0	3	1
75	47	54	46	69	57	74	51	47	70	72	43
VPT	5.0	79.0	8	1
28	55	7	97	-4	67	-9	97
BBN	92.0	66.0	0	1
93	81	96	52	93	78	88	56
WHY	92.0	51.0	7	1
77	56	111	39	91	54	110	59	73	51
RZG	20.0	72.0	3	1
13	78	22	65	27	69	8	76	39	68	24	72	11	76
AXH	39.0	5.0	9	1
25	-6	54	32	22	-1	46	-1	43	-5	56	10	30	9
CPL	70.0	34.0	9	1
60	19	59	41	58	35	88	30	85	46	87	35	54	37
