UGM	9.0	34.0	3	1
3	65	7	51	20	27	-6	23	17	23	17	20
ZJK	22.0	76.0	1	1
7	47	13	90	38	84	13	94	41	66
NRZ	24.0	56.0	2	1
43	51	11	78	10	47	43	35	45	71	19	35	1	75
DAH	33.0	73.0	2	1
21	81	30	87	67	77	23	65	25	58
ZMI	77.0	5.0	0	1
66	22	65	-20	69	19	97	11	59	10	102	-14	85	12
JSB	1.0	24.0	9	1
25	27	-6	-2	-6	38	8	40	-11	18	-1	26
XXN	86.0	84.0	8	1
100	103	80	94	68	85	79	72	87	87	90	70	100	81
HNV	93.0	44.0	8	1
116	49	84	57	103	35	76	21	90	59
PHR	79.0	-4.0	3	1
66	-17	63	-4	85	23	91	-11	94	-11
NHT	92.0	60.0	7	1
90	41	97	78	80	74	101	68	96	41
YTO	67.0	34.0	4	1
59	49	45	28	83	32	86	3	52	45	80	51
UET	69.0	85.0	8	1
70	75	71	88	65	93	82	84	60	75	83	93	64	92	60	83
LWK	88.0	82.0	8	1
65	67	100	90	73	86	84	101	106	66	102	63	86	105
IBO	68.0	18.0	1	1
66	38	64	39	64	0	79	-4
FJZ	78.0	6.0	7	1
90	36	85	14	63	-4	65	4	97	-11	68	22	95	-9	62	2
SUM	31.0	18.0	8	1
47	43	16	-1	39	37	25	8	40	13	20	11
ILI	94.0	6.0	2	1
90	13	100	12	79	11	119	-12	76	13	101	3
QYK	73.0	70.0	8	1
67	91	88	52	57	48	85	74	86	73	67	78	66	80
FZS	5.0	26.0	1	1
20	12	2	13	1	16	13	41	-12	43	6	32
SHH	26.0	3.0	9	1
33	-4	13	-14	13	-5	53	19	31	-5	29	17	16	-12	25	29
GVV	-3.0	52.0	0	1
-7	57	7	54	-9	52	-1	40	-5	59
HZA	89.0	70.0	8	1
69	66	109	86	70	81	114	57	87	69	105	53	81	82	81	68
COH	26.0	-11.0	4	1
51	-22	34	-15	15	-9	35	-17	11	16	10	-21
SND	79.0	14.0	8	1
92	-9	87	36	86	19	65	-10	68	35
YBS	33.0	66.0	5	1
13	75	34	44	31	77	55	69
TOL	83.0	41.0	5	1
107	44	77	29	87	20	64	59	83	54
DKK	47.0	6.0	1	1
43	-7	65	-1	36	-1	30	22	63	21
FQK	97.0	74.0	7	1
101	86	108	74	106	79	84	50	82	84	114	78	87	67
ZME	64.0	48.0	7	1
47	43	84	65	85	62	46	44	67	35	59	39
MEX	81.0	24.0	7	1
74	13	97	45	56	17	99	24
WHJ	45.0	75.0	7	1
41	85	59	64	54	91	45	62	29	75
FQM	19.0	10.0	9	1
40	29	-2	28	21	28	34	-9	1	9	-4	-11	43	1
UEU	10.0	70.0	1	1
19	70	23	75	0	79	-1	58
DRK	94.0	83.0	4	1
83	81	80	108	104	104	116	69	84	65	100	75
OOR	88.0	19.0	9	1
99	6	100	21	76	52	70	7	97	13
