OHE	32.0	56.0	7	1
45	51	24	65	41	43	32	81	31	47	22	53
XPF	71.0	83.0	3	1
72	80	53	70	98	100	80	110	64	72	83	70	49	83
OLT	100.0	45.0	22	1
77	32	113	33	93	48	122	65	80	51	118	43
SFP	33.0	22.0	14	1
37	10	49	27	8	3	45	33	32	31	14	22	49	40	31	14
PAR	24.0	2.0	10	1
3	22	9	-15	45	1	42	0
MIR	2.0	63.0	18	1
6	74	-11	63	-15	81	29	56	-17	59	12	43	12	69
ILQ	1.0	97.0	8	1
-6	85	-14	106	14	77	27	115	-13	106
DIZ	46.0	17.0	0	1
27	23	41	3	40	27	56	1	67	24	46	24
GME	87.0	82.0	17	1
97	92	94	70	97	82	57	85	101	88	101	59	94	82	57	99
MCG	79.0	61.0	16	1
81	60	70	68	81	74	77	51	74	56	89	45	86	75
YII	24.0	89.0	15	1
11	102	35	72	46	108	20	72	8	102	40	96	9	74
QTH	-8.0	93.0	3	1
4	94	-3	100	-18	69	-17	111
SJN	61.0	43.0	13	1
60	34	49	51	91	27	44	60
TUI	7.0	38.0	7	1
14	43	-1	40	24	35	6	33	-7	40
SFZ	9.0	51.0	6	1
6	48	-8	71	-8	30	-2	54	33	70	24	58	23	32
PTN	72.0	44.0	12	1
83	53	80	35	45	35	83	69	66	47	79	27
HGJ	77.0	49.0	5	1
70	51	74	55	98	43	77	48	69	48
GHW	95.0	5.0	15	1
75	-5	79	-14	97	27	114	-11	111	28
DVI	63.0	0.0	11	1
63	2	84	6	61	-1	58	1	73	-9	56	19	62	-6	52	-8
XUC	60.0	46.0	23	1
31	26	59	66	70	57	73	29	62	62	72	58	58	28
JVL	14.0	28.0	12	1
29	30	8	22	4	43	18	17
RLP	86.0	64.0	11	1
77	60	89	62	102	72	76	65
DPJ	52.0	35.0	13	1
61	48	63	11	66	36	49	20	60	47	51	23	42	58	30	42
TKL	81.0	33.0	2	1
86	37	64	30	71	22	106	45
RKM	68.0	60.0	1	1
45	55	76	43	89	44	61	73	71	79	55	56	81	75
ZUD	76.0	14.0	3	1
63	12	65	-6	86	11	77	30	89	25
DZY	72.0	49.0	7	1
61	28	51	32	58	66	64	55	95	64	96	32	83	48	71	68
VQG	3.0	65.0	11	1
14	39	-11	74	20	85	1	86	-5	45
SAV	23.0	5.0	1	1
25	8	18	21	23	9	23	-14	40	24	32	-2	4	-7
TIW	16.0	69.0	14	1
29	79	28	86	10	61	-3	51
VQE	10.0	41.0	23	1
15	44	-3	46	27	42	28	44	10	53	13	37	-14	25
GTX	39.0	94.0	2	1
58	68	34	107	36	94	45	80	31	96	39	112	35	104
