TOM	3.0	62.0	14	1
-10	87	13	68	4	53	-9	63	16	52	15	70	-4	45
OMJ	49.0	76.0	20	1
73	82	42	69	33	76	54	70	43	86
WUH	50.0	14.0	13	1
65	6	56	3	25	20	45	24	53	22	57	10
TKP	21.0	54.0	3	1
26	46	8	79	15	47	29	62	12	44	33	54	28	49
UAU	42.0	44.0	10	1
36	60	65	25	46	33	42	66	31	37	31	60	45	29
WHC	82.0	90.0	22	1
94	79	72	75	61	97	99	102	99	111	68	77
UXD	104.0	88.0	13	1
112	84	95	99	116	98	110	70	95	93	96	86
DHS	74.0	87.0	7	1
95	94	78	92	53	63	54	99	56	61	90	103	93	103
XXF	12.0	102.0	17	1
14	98	-16	98	24	100	26	115
KJS	16.0	45.0	13	1
16	47	17	57	5	62	8	34	36	27
ESD	79.0	98.0	11	1
82	99	62	114	83	75	68	110	88	109	84	108	89	72
QKN	28.0	31.0	14	1
31	43	20	39	40	23	19	33	33	34	16	30	38	19
BOK	85.0	47.0	23	1
71	41	74	32	90	59	100	54	90	50
UVL	64.0	33.0	19	1
51	15	81	30	78	37	41	53	70	34
LRZ	100.0	4.0	3	1
81	-4	99	1	114	-19	107	5	102	22	101	19
OVP	6.0	55.0	25	1
7	69	-14	55	16	51	-2	45	15	48	15	64
KZN	16.0	35.0	17	1
10	46	-2	53	41	15	13	42	22	21
JVT	28.0	54.0	15	1
30	55	22	55	11	67	32	69	50	35	14	61	43	39
FWJ	16.0	90.0	9	1
19	91	2	95	1	84	43	97	16	83
BCJ	72.0	71.0	23	1
65	80	56	73	88	84	72	86	75	58	96	60	56	61
IBE	25.0	-1.0	4	1
23	0	17	-18	44	2	17	10
WLC	28.0	101.0	1	1
23	79	37	114	21	91	39	80	34	120	30	124	36	109	11	94
MBN	20.0	17.0	7	1
-3	22	35	18	7	-3	22	36	40	22	20	8
ROT	98.0	76.0	20	1
99	72	108	78	105	56	88	77	81	98	107	97	103	59
VMC	20.0	67.0	17	1
31	64	30	66	17	70	20	52	3	83
JYN	44.0	6.0	24	1
45	28	48	16	45	-17	46	-8	37	14
YKB	17.0	47.0	3	1
21	39	29	48	12	44	12	63	15	41
