NOS	86.0	40.0	6	1
68	34	70	31	100	47	75	21	83	42	102	59	107	51
SDM	54.0	25.0	4	1
44	23	50	30	51	37	64	32	63	9	62	29	50	21
TGW	75.0	38.0	7	1
66	61	79	47	70	25	65	54	71	32	91	29	83	23
UCF	38.0	54.0	10	1
46	56	9	58	51	58	47	47
BRV	50.0	76.0	2	1
41	80	51	82	34	88	76	56
BNK	67.0	77.0	5	1
69	66	42	72	81	80	79	90
BXP	50.0	45.0	3	1
41	24	49	63	38	37	49	31	40	55	60	42	64	56	66	52
YMO	22.0	32.0	2	1
1	40	4	18	30	28	33	28	34	41	32	37
HYA	58.0	19.0	4	1
62	37	65	14	57	13	58	32	48	7	63	11
SWJ	51.0	34.0	8	1
50	45	69	26	41	21	47	46
DUJ	22.0	75.0	9	1
30	63	22	80	32	102	16	73	11	57
QDF	90.0	71.0	7	1
76	55	72	64	74	66	105	96	110	90	101	88	104	58	79	51
BWZ	13.0	51.0	6	1
21	53	-5	69	25	46	22	58	6	42	9	40
MLY	9.0	36.0	3	1
0	29	19	52	-7	25	18	37	16	41
VWP	73.0	60.0	3	1
72	81	84	86	65	51	62	40	91	61	66	45
VKX	78.0	105.0	10	1
70	102	106	105	71	104	67	112
YCO	87.0	21.0	1	1
90	20	80	33	91	21	76	2	98	31
YXQ	62.0	100.0	6	1
51	117	76	111	46	96	72	100	57	77	72	101
XDT	56.0	64.0	9	1
58	81	57	55	53	67	47	75	58	63	68	47
LBZ	92.0	80.0	8	1
75	96	86	85	95	83	99	74	108	65
YBV	2.0	91.0	1	1
10	69	-7	84	20	84	-10	107	-18	93	22	113
BPQ	52.0	25.0	5	1
34	20	68	-1	49	27	53	23	54	45	43	21	68	45
TGH	58.0	22.0	4	1
39	13	65	23	75	26	56	29
GGU	-2.0	18.0	8	1
-9	10	22	20	-12	5	-12	49	-1	6
QMW	21.0	23.0	3	1
37	38	48	26	5	39	44	10	12	38	9	-3	12	6	8	34
XGZ	27.0	34.0	7	1
44	22	29	42	19	37	42	55	24	23	1	40	33	25
FWX	66.0	71.0	4	1
81	88	79	58	83	64	46	87	53	64	57	66
VUR	54.0	70.0	1	1
79	59	55	70	42	84	58	69	40	72
ZDB	25.0	27.0	7	1
21	52	32	24	20	12	48	22	14	29	16	24
SKX	61.0	64.0	7	1
72	68	57	62	60	79	58	48
CSM	23.0	30.0	9	1
4	10	31	33	26	31	20	30	38	48
KJJ	5.0	38.0	4	1
-12	36	13	38	-12	45	1	49	30	20	7	24	13	56
AFK	59.0	30.0	8	1
57	24	75	19	77	18	84	27	40	24	60	66	45	19	40	45
NQW	53.0	82.0	8	1
63	78	40	106	49	76	57	81	55	73	62	72	70	93	30	77
XFK	18.0	54.0	5	1
10	63	29	40	12	45	15	63	18	59	30	56	-3	56	39	52
GIM	72.0	-2.0	8	1
81	-5	77	-11	43	-4	77	8	82	-1
