JNU	2.0	11.0	14	1
-7	18	11	25	-13	29	7	-6	4	16	13	-13
CIS	41.0	4.0	23	1
35	4	41	2	34	17	31	4	24	-5	41	29	66	-2	59	-10
BJT	97.0	71.0	16	1
85	78	101	81	115	45	73	87	112	66
NNU	57.0	28.0	3	1
49	20	71	44	37	23	72	25
FBL	55.0	26.0	22	1
73	27	43	28	45	10	43	32	65	19	66	44
ASG	88.0	70.0	19	1
87	61	106	86	94	61	78	58	76	72	84	75	92	83
RHR	91.0	26.0	24	1
82	15	106	14	95	34	68	36	107	35
IVE	79.0	75.0	0	1
57	86	78	83	85	62	98	72
VYG	29.0	47.0	15	1
47	36	29	37	15	47	21	36	9	70	54	59
ZUM	86.0	25.0	8	1
74	30	92	5	96	33	92	33	109	24	71	28	86	28	68	19
MAD	23.0	14.0	2	1
14	30	7	29	44	6	48	18	6	-9
DIL	97.0	84.0	18	1
105	68	113	60	85	96	107	97	93	88	84	98
EHM	40.0	69.0	19	1
22	81	47	77	64	86	31	68	32	64	48	42
XEO	63.0	84.0	9	1
74	83	77	76	85	85	62	76	54	102	51	80	57	81	48	91
IYD	43.0	23.0	8	1
48	30	24	24	55	0	46	40
WDU	49.0	46.0	2	1
68	37	70	73	46	36	31	58	38	49	42	27
LFL	21.0	64.0	7	1
27	63	14	69	21	73	16	53	30	65
XGA	8.0	85.0	23	1
18	75	26	77	27	81	17	92	-5	111	13	79	-13	83	-14	83
IPI	18.0	39.0	10	1
12	32	18	37	16	59	29	30
ROO	23.0	88.0	20	1
5	113	18	94	17	78	40	86	35	69
COW	66.0	41.0	6	1
50	28	68	44	78	36	69	61	84	25	80	41	51	53	53	40
DMK	71.0	18.0	17	1
58	31	58	13	57	33	95	10	72	12	91	10
MDE	81.0	69.0	9	1
82	53	73	75	74	76	97	57	79	81	82	75
LNK	34.0	25.0	6	1
29	9	42	2	39	28	24	44	50	30	35	44	25	23
CCS	11.0	31.0	19	1
15	24	18	34	10	17	24	43	-10	40
TKU	45.0	59.0	20	1
35	59	53	70	27	60	53	69	62	57	38	44	37	43	58	74
OFN	6.0	80.0	22	1
30	86	-12	93	-6	67	0	89	-3	59	29	88
