GCS	9.0	72.0	17	1
23	62	-4	92	16	88	-6	51	35	83	-8	66	0	65	17	75
KLP	72.0	54.0	17	1
77	67	73	34	60	46	81	70
HLP	54.0	23.0	16	1
53	22	71	28	41	15	46	4	43	35	73	37
ISH	83.0	39.0	19	1
92	26	71	44	91	35	78	51
KTK	76.0	49.0	7	1
62	33	98	76	81	57	67	49	87	35	62	46
OXV	39.0	60.0	4	1
32	66	52	51	19	41	53	83
TII	9.0	49.0	24	1
19	31	11	67	8	43	-8	67	1	52	23	37
SNM	72.0	88.0	21	1
58	97	87	94	92	88	48	100	89	77	60	96	71	65
PGI	57.0	79.0	16	1
60	65	60	88	70	83	45	70	54	91
XMF	63.0	7.0	19	1
69	-13	71	-12	66	24	40	24	79	-1	54	20
DKN	90.0	7.0	24	1
89	35	89	0	105	-4	82	-10	89	15
EKV	26.0	82.0	7	1
46	86	26	89	13	58	21	98
QYQ	48.0	54.0	10	1
67	51	28	47	56	49	44	72
EJZ	81.0	7.0	13	1
96	23	62	18	65	10	86	7	70	-15	105	8	64	-7	103	12
LSD	37.0	76.0	3	1
60	90	33	46	37	80	21	91
WAW	89.0	24.0	24	1
73	26	92	22	79	40	112	29	91	3
TAA	77.0	-4.0	1	1
92	25	85	-23	74	-18	58	-1
AXH	33.0	30.0	20	1
20	12	35	40	45	31	35	40
WRH	-4.0	20.0	4	1
-18	20	-3	31	15	25	-6	-3	-15	18	3	30
CAO	27.0	50.0	8	1
46	59	11	71	45	39	21	61	16	24
MNT	45.0	56.0	23	1
57	59	56	75	30	40	50	32	60	72	21	59
OSQ	68.0	30.0	4	1
88	43	52	19	74	49	61	27	69	12
LKC	51.0	74.0	9	1
56	49	51	67	31	93	52	85	65	79
XBV	67.0	72.0	19	1
53	99	89	66	53	69	49	53	91	77
SVX	33.0	44.0	7	1
54	47	16	39	18	40	41	56	48	55	22	29
ZLO	101.0	39.0	13	1
113	46	91	36	96	41	105	35
OLG	14.0	63.0	12	1
15	37	-6	80	6	73	21	65	18	66	35	59
LIH	40.0	35.0	4	1
25	10	59	44	53	42	15	40	45	40	37	22	50	51
IGC	28.0	32.0	2	1
52	39	34	39	7	21	33	43	27	27	22	14	39	51	12	24
REU	63.0	47.0	15	1
39	57	47	45	67	61	67	52	77	37	84	33
OPI	88.0	61.0	15	1
91	52	97	59	99	68	76	73	92	69	92	71	70	38
RGD	84.0	49.0	19	1
77	71	84	42	78	59	91	38	94	39
BFX	92.0	43.0	13	1
101	55	69	24	89	36	111	59
GWK	41.0	55.0	5	1
30	78	69	78	27	42	62	39	27	49	44	37	29	66
ADP	13.0	11.0	23	1
27	15	22	8	11	4	-7	18
KSP	9.0	29.0	10	1
34	38	23	47	-12	9	-12	36	13	15
QVI	54.0	50.0	11	1
37	56	55	60	73	51	40	39	58	61	62	36
NYR	12.0	46.0	6	1
32	64	2	53	7	31	31	19	1	61	-5	61	20	62	11	24
EQK	45.0	85.0	12	1
32	77	46	85	43	65	50	70	64	109	49	95	35	100
