EKN	38.0	72.0	6	1
23	81	49	66	56	80	39	57	25	78
UPN	59.0	16.0	8	1
77	28	47	-12	59	29	64	-2	67	35	44	20
XHJ	33.0	51.0	6	1
37	34	34	55	44	44	29	77	20	46	39	34	26	48	42	71
OOZ	44.0	60.0	3	1
48	91	51	49	31	48	44	53	47	67	45	55
JPW	38.0	34.0	6	1
49	43	51	14	29	56	44	23	53	16	27	56	26	50	28	21
ENO	91.0	8.0	5	1
73	31	112	-5	82	22	84	-5	100	-3	95	11
BXU	61.0	63.0	2	1
74	44	72	85	54	54	39	80	57	58	71	62
NUK	42.0	86.0	8	1
51	70	53	74	24	90	56	72	43	82	28	107	45	109
QIW	81.0	103.0	10	1
85	124	85	93	85	82	87	117	73	98	76	108
DNW	77.0	35.0	5	1
97	13	99	14	63	30	81	32	59	49	86	57	59	52
OLV	51.0	26.0	1	1
45	25	66	27	44	29	29	25	55	23	58	29	64	28
IDT	3.0	91.0	1	1
7	90	3	91	5	108	-2	75
CJD	24.0	68.0	5	1
25	83	52	83	13	59	22	58	12	61
EMC	13.0	15.0	8	1
19	20	26	21	5	17	-8	21	23	0
UVW	83.0	36.0	8	1
94	24	92	49	94	45	75	27	89	26	70	34	67	49
XFQ	87.0	20.0	3	1
99	3	90	24	85	39	93	15	76	10	83	32
XWN	52.0	74.0	1	1
49	63	49	77	39	58	71	81	49	79	54	75	57	85
SCA	35.0	72.0	1	1
39	96	25	75	47	66	42	63	47	63	24	78	23	63
LRT	67.0	21.0	5	1
42	39	82	23	84	1	68	22	72	7	56	34
JOP	23.0	70.0	5	1
26	55	33	84	44	56	17	76	9	81	11	70
WXG	51.0	2.0	0	1
70	15	59	-10	69	-12	36	-8	41	30	34	1
NPM	35.0	64.0	4	1
20	73	40	71	15	68	34	44	49	48	59	58	32	87
QZB	8.0	26.0	9	1
13	26	-1	37	25	29	-9	15	15	27
