MKD	89.0	25.0	5	1
94	36	101	-6	67	42	89	39	98	15
LSH	36.0	50.0	7	1
20	41	56	28	27	41	40	69	21	58	54	54	40	59
RTZ	38.0	86.0	4	1
41	84	32	91	44	102	49	79	26	78
JTO	43.0	13.0	8	1
55	11	40	11	43	31	34	0
VWJ	45.0	25.0	2	1
54	15	65	15	21	7	56	38	56	45	23	31
OZR	18.0	46.0	1	1
12	60	20	49	18	43	-1	44	43	37	21	44
ALT	48.0	8.0	8	1
68	2	42	26	37	3	47	3
YBB	77.0	31.0	4	1
67	17	92	20	89	38	56	23	81	59
XLI	48.0	18.0	6	1
23	27	57	5	57	45	60	4	45	13
ZPP	11.0	79.0	7	1
6	106	-1	89	6	70	5	64	7	87	37	75	17	66
QGD	68.0	30.0	8	1
59	15	66	42	86	37	89	28	41	29
QDB	2.0	5.0	7	1
18	8	14	-7	-12	9	7	-3	2	-7	-3	-7	-4	20	-3	27
HLI	54.0	8.0	9	1
52	9	68	17	56	18	29	8	67	-11
LVA	15.0	4.0	5	1
34	9	2	17	10	-9	41	21	-7	-15	2	1	26	8
JDP	52.0	104.0	6	1
55	121	45	81	63	114	36	94	53	116	65	99
LVD	75.0	72.0	3	1
66	90	103	74	70	54	79	58	55	90	78	68
VME	55.0	45.0	7	1
64	39	68	54	54	43	37	45	56	47
VRZ	53.0	5.0	6	1
59	21	57	-1	44	2	52	-1
AJH	20.0	10.0	6	1
30	16	32	20	18	19	4	4	19	0	20	3
TVJ	39.0	19.0	4	1
56	18	47	11	23	31	16	19	48	10	49	27
MZN	20.0	79.0	1	1
23	71	23	66	13	89	32	92	25	94	5	65
