SYO	61.0	57.0	8	1
65	34	45	55	72	75	71	73	53	52
CEE	30.0	15.0	1	1
20	34	40	22	35	0	36	22	23	1
QRR	58.0	11.0	3	1
63	0	71	18	34	24	65	3
XMO	20.0	90.0	4	1
3	107	31	98	27	74	23	77	35	99	40	106	3	90	1	71
ZPP	19.0	12.0	10	1
17	3	37	26	29	2	5	7	36	4	11	26	0	17
IWL	67.0	14.0	6	1
52	6	66	28	66	26	81	-4	60	8	73	17	71	17
EQK	70.0	78.0	1	1
67	63	47	92	75	67	57	85	94	64	81	97
LMT	13.0	45.0	6	1
24	33	1	34	-3	43	39	46	17	66	3	53
TXZ	60.0	64.0	1	1
52	54	55	82	43	57	71	61	79	69
WWG	91.0	16.0	6	1
100	6	87	12	81	14	87	17	103	31
BMA	20.0	23.0	8	1
31	21	9	34	6	19	27	27	27	17
SRU	73.0	29.0	9	1
46	21	89	24	61	33	86	29	63	44	87	27	82	25
DZN	89.0	92.0	3	1
75	98	80	102	101	103	97	62	108	99	86	89	77	94
XQZ	49.0	71.0	5	1
57	48	38	47	39	89	69	88	44	84
