CAV	77.0	51.0	9	1
94	46	66	49	87	55	52	52	91	54	78	55	71	48
LDN	86.0	77.0	2	1
91	63	90	64	73	77	98	86	92	67	71	102	93	81
IRS	97.0	5.0	13	1
106	-12	100	3	101	12	96	-8	81	8	100	27
YEN	87.0	80.0	2	1
108	78	80	61	86	76	82	104	86	86	71	84	102	74
PNR	103.0	74.0	15	1
102	69	104	72	123	63	105	74	103	80	81	89
BXH	53.0	78.0	7	1
31	65	64	86	55	66	53	71	64	105
LPQ	88.0	44.0	3	1
81	29	102	64	70	37	76	56	109	28	84	51	100	43
JOZ	44.0	37.0	18	1
39	51	35	26	48	27	40	38	61	45
GQZ	90.0	64.0	9	1
79	52	76	73	112	61	105	62	81	72
MOK	68.0	86.0	24	1
72	88	96	81	50	63	70	108	86	66	49	108	59	92
JBN	11.0	18.0	0	1
20	20	-2	0	24	10	-4	30	9	20	15	18	18	30
RCJ	4.0	3.0	14	1
-2	13	-12	18	23	2	-3	5	15	-23
NIQ	104.0	74.0	24	1
97	64	115	80	83	96	113	62	116	71
ZYF	2.0	94.0	10	1
21	77	-9	98	-4	93	12	95	-15	75	7	112	5	113
OVF	15.0	27.0	3	1
29	31	12	3	19	39	-1	42	19	24
OYD	60.0	63.0	8	1
56	58	48	67	62	66	66	71	68	54
LCL	28.0	63.0	20	1
42	60	17	72	41	75	31	79	32	42	9	55
JXV	50.0	-6.0	3	1
36	-20	67	9	65	17	45	-21	38	-15
DWZ	72.0	5.0	2	1
61	14	77	-11	78	6	88	-2	77	24	59	-3	62	-10	74	28
NOF	12.0	12.0	15	1
-3	22	1	7	9	24	13	2	42	5
YSB	16.0	65.0	11	1
25	69	-7	61	29	75	5	63	30	59
SOG	80.0	43.0	22	1
101	44	60	49	86	18	75	61
MVK	72.0	88.0	0	1
85	82	75	85	61	88	62	110	61	78	98	100	60	95	77	72
DAC	47.0	83.0	20	1
49	71	61	63	26	89	47	104	54	90
CIY	66.0	89.0	16	1
75	75	83	104	67	105	45	97	66	73	74	105	74	69	45	84
