XPD	27.0	30.0	5	1
33	28	22	21	33	12	21	60
OFT	67.0	14.0	1	1
83	2	54	32	64	31	77	-1	57	13	55	22	82	1
TPH	18.0	19.0	10	1
6	15	8	37	29	32	-3	9	34	30	16	22	37	-6
BUJ	49.0	86.0	17	1
50	78	47	100	33	80	68	88
QKY	55.0	67.0	17	1
74	57	48	61	44	85	56	76	54	57
IDG	95.0	80.0	7	1
93	93	101	72	77	56	95	81	97	80	108	99
YSF	59.0	35.0	19	1
61	30	56	14	44	48	69	37	66	47
UBG	51.0	22.0	6	1
43	31	31	6	63	23	67	28
OSB	58.0	29.0	20	1
54	24	83	34	61	31	55	45	55	1	44	40
MVD	65.0	71.0	17	1
79	54	84	53	50	77	84	71	53	91	45	85
MPB	31.0	75.0	8	1
22	51	12	88	42	84	51	79	27	61	33	89
PBU	8.0	69.0	24	1
5	46	1	83	19	62	-15	86	20	80	27	87	-1	54	9	58
FJR	2.0	9.0	21	1
5	31	10	32	17	-8	-8	-10	-17	18	8	-9
EVX	87.0	5.0	17	1
96	-11	109	26	81	-7	102	-1	88	21	63	7	72	5
BTM	103.0	72.0	4	1
118	87	101	58	107	71	86	73
QYA	58.0	14.0	18	1
59	33	60	13	73	-1	40	13
HDY	56.0	95.0	16	1
54	91	78	94	39	75	50	106	43	86	74	118
FAG	49.0	58.0	2	1
46	71	38	37	46	75	60	67	71	63	34	37
EIL	4.0	79.0	13	1
14	87	-16	71	24	89	-3	70
OIW	71.0	99.0	7	1
62	79	85	117	74	89	51	90	64	115	90	106
QVC	22.0	44.0	14	1
14	33	32	28	24	51	21	67
MAH	37.0	20.0	21	1
59	2	38	-1	16	19	55	24	29	32	27	47
HBZ	55.0	41.0	11	1
72	28	58	60	38	50	45	35	56	59	62	16
ZKD	57.0	39.0	12	1
83	40	45	29	45	29	76	73	34	29	64	39
DFJ	69.0	48.0	16	1
71	50	69	63	62	40	55	39	96	42	65	56
HSD	72.0	25.0	13	1
88	12	69	39	48	36	64	17	72	13	86	37	83	23
KRM	58.0	45.0	14	1
46	28	76	61	67	59	50	53	78	45	36	29
TTI	41.0	33.0	1	1
27	11	45	26	32	46	54	41	52	39	37	38
VHD	31.0	97.0	0	1
35	113	46	82	49	75	10	114	18	103
UQY	58.0	85.0	19	1
69	101	68	101	71	70	56	77	28	94	60	70
CQM	51.0	38.0	20	1
58	29	35	42	45	22	47	54	71	45
KIF	81.0	-4.0	10	1
95	-15	65	14	83	-2	78	-7	99	-21	89	-16	64	13
PKZ	86.0	23.0	24	1
87	40	88	26	81	6	82	14	100	26	79	27
KHN	55.0	49.0	9	1
45	42	60	61	40	43	58	72	74	52	59	43	55	34
HLE	64.0	28.0	15	1
43	46	78	13	56	13	83	42	59	38	67	17
EOB	83.0	92.0	9	1
69	116	80	105	109	79	91	79	66	76	85	89	86	103
