INU	71.0	38.0	4	1
62	34	54	48	54	33	83	19	97	57	78	39
YRL	61.0	21.0	8	1
51	30	51	38	69	32	74	11	51	12	82	12	55	15
RHT	34.0	38.0	0	1
37	45	24	42	34	46	17	47	42	33	39	26	46	27
GYH	43.0	17.0	2	1
59	9	28	5	58	39	33	24	26	6	59	24
JBO	84.0	90.0	2	1
57	97	82	108	86	99	100	80	98	67
CQY	24.0	13.0	6	1
13	-6	41	-3	11	33	34	29
UKO	12.0	53.0	9	1
26	47	11	68	-5	53	-7	50	39	57	-10	51	35	46
NZL	35.0	28.0	3	1
48	30	16	25	48	32	58	26	28	46	14	11
ADB	93.0	42.0	3	1
111	37	73	38	95	39	81	52	109	44
HNB	48.0	69.0	3	1
40	75	57	82	61	81	38	39	47	71
BHA	49.0	76.0	1	1
52	86	36	91	34	79	67	61	58	66
HSF	24.0	75.0	7	1
29	51	31	74	44	88	16	87	4	79
NFG	54.0	90.0	9	1
58	92	59	80	44	97	40	89	85	100	55	78	54	88	40	103
RRR	26.0	49.0	0	1
34	48	6	69	48	44	34	26	34	56	5	52
BSP	51.0	35.0	9	1
55	36	51	53	38	39	50	39	55	31	57	12
TRB	24.0	99.0	4	1
17	98	38	79	36	100	2	104	26	115	37	112	15	88
UWB	0.0	29.0	8	1
-10	15	3	43	-11	15	-5	40	7	33	-7	17	-5	16	21	55
YRU	74.0	24.0	9	1
71	30	79	39	85	22	85	5	51	25
CQO	75.0	61.0	9	1
74	53	60	62	82	67	87	64
KDU	40.0	7.0	6	1
33	25	33	4	68	-9	30	-4	39	23
GRV	67.0	64.0	2	1
63	59	79	55	80	91	66	57	49	73	72	52	62	61	67	64
GPY	22.0	14.0	6	1
19	26	2	33	29	2	34	22	37	12	36	0	3	6
TFT	83.0	21.0	7	1
81	5	76	30	102	28	74	21
JBQ	73.0	51.0	5	1
79	33	92	48	72	60	55	57	72	53	76	59	69	50
XEO	5.0	81.0	0	1
-3	73	25	72	-4	69	6	86	-2	103	13	86
JRW	1.0	14.0	9	1
-5	23	-9	6	21	-8	6	21	0	16	17	11	-22	32
NKJ	29.0	93.0	3	1
29	106	47	100	34	93	17	101	14	95	41	81	23	72	31	97
QVK	36.0	9.0	2	1
61	11	21	-13	43	3	42	24	37	20	38	14	13	9	37	6
LNU	26.0	25.0	1	1
43	35	9	34	47	16	7	17
YXX	96.0	94.0	7	1
104	92	108	106	117	104	77	63	95	105	84	98	89	92
