UKB	88.0	68.0	5	1
100	54	106	81	92	75	63	67	79	61	92	73
BUO	5.0	60.0	2	1
10	65	4	69	20	42	-7	67	2	58
PGY	77.0	61.0	9	1
103	60	81	72	69	41	66	66	66	69
SWK	66.0	103.0	5	1
55	96	73	85	79	121	47	82	51	116	56	116	84	112	86	101
WOG	73.0	40.0	10	1
86	52	77	11	98	41	52	41	71	30	61	47	85	48	60	52
XVF	-7.0	30.0	1	1
-15	38	3	23	2	38	-9	33	3	20	-25	30	-13	33
MEJ	13.0	6.0	9	1
34	3	2	-11	19	10	0	-4	11	35
RGN	11.0	-1.0	8	1
-5	-11	20	12	-11	1	32	16	19	-1	8	-12	15	-15
ZRQ	79.0	46.0	2	1
73	36	68	54	69	67	108	29
TOZ	0.0	36.0	9	1
3	32	-16	58	17	35	-9	28	7	30
UON	19.0	39.0	10	1
6	33	36	51	7	56	19	23	7	28	39	40	19	42
BOB	75.0	16.0	1	1
71	18	88	12	45	26	82	-9	89	26	64	27	90	14
ICI	-1.0	69.0	10	1
9	80	0	55	-17	66	-8	70	-21	65	5	85	16	48	4	84
HFL	74.0	45.0	1	1
63	49	56	31	86	49	75	21	77	67	90	56
JUB	14.0	44.0	5	1
-9	26	20	42	23	40	18	62	8	31	29	65
AAG	52.0	21.0	2	1
48	15	60	27	72	31	31	11
DJL	34.0	35.0	4	1
25	30	39	45	30	44	41	24	31	44	40	26
VYK	23.0	43.0	10	1
39	52	23	58	20	34	35	27	18	42	4	46
ARE	72.0	106.0	9	1
94	102	90	113	62	102	68	94	57	114	61	111
PVN	26.0	14.0	3	1
12	16	31	9	52	16	37	15	11	0	15	31
FQY	20.0	63.0	1	1
9	60	9	74	33	68	30	71	28	79	17	59	15	48	22	46
EVT	4.0	63.0	9	1
1	56	-9	70	-9	75	25	49	7	55	20	68	-2	70
ZKZ	88.0	17.0	9	1
79	-1	95	15	97	39	86	24	85	11
SUS	12.0	68.0	7	1
17	81	9	78	16	73	19	59	-1	57	12	59	18	75
RVR	88.0	53.0	4	1
65	52	97	35	93	46	76	52	91	65	110	71
ZTM	41.0	91.0	1	1
35	95	43	95	51	86	35	91
AER	-3.0	45.0	6	1
2	31	-13	45	-8	54	-15	59	15	40
VVV	77.0	54.0	5	1
58	64	68	64	73	36	98	44	86	68	81	49
MES	91.0	19.0	4	1
72	3	90	2	101	35	115	31	96	29	84	15	81	39	95	3
KNO	75.0	80.0	6	1
59	98	92	59	87	74	61	82	80	90
GBU	108.0	23.0	9	1
124	27	110	4	94	37	98	15	107	26	116	34
HJR	52.0	29.0	6	1
41	16	75	45	38	32	49	12	57	40
JOH	64.0	55.0	3	1
61	42	82	61	85	34	72	76	45	40	47	73	77	66	49	52
