AKR	96.0	44.0	5	1
77	41	118	61	76	39	118	40	80	46	99	59	108	23
ZTN	90.0	33.0	9	1
92	23	93	46	77	16	98	50
UTU	30.0	38.0	2	1
29	45	33	51	39	40	15	30	15	23	54	30	27	50
EUP	57.0	51.0	2	1
70	42	73	57	41	34	46	73
VQJ	54.0	39.0	4	1
70	46	35	26	67	39	36	35	59	54	63	42	54	34
STI	58.0	56.0	7	1
31	48	74	58	69	65	70	60	70	73	56	32	39	57
TTQ	43.0	89.0	6	1
68	68	58	72	32	112	29	104	32	93
CBV	63.0	39.0	9	1
83	44	77	14	60	52	72	51	49	30	40	48
GOH	36.0	27.0	4	1
59	1	22	21	47	44	22	34	29	3	51	47	26	43
NEV	32.0	68.0	7	1
38	98	43	60	17	53	44	75	21	56
ZCV	11.0	88.0	0	1
-14	86	28	109	25	75	8	82
QKK	103.0	69.0	5	1
121	77	103	65	102	64	88	72
IUI	29.0	89.0	2	1
40	113	27	73	33	90	19	82	8	106	50	86	27	74
EEP	107.0	20.0	6	1
109	11	116	23	122	14	101	3	89	30	110	39
AER	87.0	75.0	3	1
67	93	97	72	74	67	86	60	101	90	99	70
BLK	13.0	47.0	9	1
14	41	-2	38	5	57	27	63	32	63	19	53	6	38	8	26
RQT	100.0	52.0	1	1
117	44	111	49	113	55	89	65	87	47	106	49	80	58
FUG	55.0	53.0	2	1
45	44	49	33	52	41	57	64	52	65	89	60	47	70
FVP	96.0	97.0	6	1
118	106	94	90	83	106	101	95	88	91
OBA	36.0	65.0	10	1
32	70	62	60	18	63	49	58	53	81	23	70	19	59
GIT	43.0	12.0	6	1
48	6	27	17	46	15	50	24	23	-7	65	18
RXW	25.0	60.0	10	1
20	86	14	66	11	69	59	41	25	42
KFE	56.0	21.0	0	1
49	34	61	44	48	2	61	41	73	8	50	12	56	10
UNT	62.0	72.0	5	1
52	89	86	81	53	47	80	58	52	73	54	89
UAV	80.0	0.0	2	1
73	-11	95	-15	75	-11	59	19	100	15
ZKM	63.0	91.0	9	1
75	95	68	85	66	102	56	92	53	83
