WUR	29.0	42.0	17	1
34	40	48	56	12	39	50	40	21	27	10	54
LON	85.0	64.0	23	1
79	77	73	58	63	62	110	65	92	50	97	77
NKZ	49.0	31.0	2	1
53	47	38	32	47	24	31	17	75	32	51	52	50	19
XCA	95.0	35.0	22	1
86	10	115	16	94	59	77	34	88	44	114	50
BTH	39.0	16.0	4	1
30	16	15	8	57	38	51	2	60	35	30	13	32	5
EAK	22.0	65.0	11	1
42	60	13	52	13	54	15	86	29	86	13	78	30	45
RPH	61.0	-3.0	10	1
76	-7	68	-9	68	-4	43	-18	51	23
RWW	20.0	26.0	15	1
32	39	15	29	32	13	3	24
SZQ	24.0	47.0	13	1
25	59	8	23	1	50	46	39	28	58	43	49	34	58	7	42
LYB	12.0	86.0	9	1
12	103	-9	97	20	68	34	61	4	101
WXQ	50.0	7.0	2	1
50	16	46	9	44	10	60	-6	44	21	69	-2	38	5
VWI	38.0	71.0	7	1
44	92	39	64	38	81	33	47
CBK	38.0	96.0	1	1
43	71	50	98	60	103	51	115	23	106	17	98	27	83
SUM	56.0	29.0	10	1
40	53	60	30	71	6	27	38	68	37	70	14
RVX	93.0	37.0	8	1
83	21	98	42	95	59	102	47	90	19
TAU	62.0	100.0	8	1
57	107	60	107	59	112	73	76
HBN	85.0	-7.0	5	1
80	-17	86	-12	96	-17	69	-6	95	16
UGQ	70.0	7.0	3	1
84	1	84	-8	51	-3	64	41
MOO	5.0	59.0	19	1
21	70	14	36	-1	66	-2	60	16	60	-16	62
KSQ	60.0	83.0	14	1
45	75	44	69	57	97	74	94	82	82
CLZ	14.0	40.0	18	1
3	49	11	55	4	50	27	29	20	17	38	52	6	40	6	29
NGR	82.0	31.0	22	1
79	32	59	52	104	23	85	13	84	36
FOD	86.0	-2.0	10	1
70	2	72	-18	81	-5	109	-9	87	-12	84	7	102	15
NGV	-6.0	52.0	14	1
6	49	-17	43	19	44	-15	74	-20	48	-9	57
AHB	78.0	25.0	17	1
91	28	66	21	79	19	98	32	65	8	87	28	70	25	70	39
FVT	22.0	34.0	4	1
36	33	10	48	21	19	7	43	36	29
