BIF	27.0	57.0	5	1
49	67	17	50	31	46	13	67
LJV	42.0	83.0	1	1
51	105	53	102	23	66	37	75	54	74	54	64	27	101
KUD	87.0	22.0	7	1
72	11	98	11	83	41	99	20	79	48	95	5
RLT	7.0	22.0	20	1
-2	46	27	3	15	26	8	11	-4	11	19	33	-11	27
KOJ	45.0	85.0	23	1
35	82	59	108	65	72	59	70	27	70	41	85	54	94	26	100
IZV	5.0	99.0	5	1
28	109	21	76	-4	93	-9	111	-10	109
RSY	72.0	31.0	11	1
95	16	82	27	87	17	53	33	69	34	49	61
OCM	34.0	19.0	2	1
45	16	40	15	36	34	26	12	23	18
YZZ	66.0	61.0	4	1
89	65	48	49	51	55	72	67	65	73	72	58
QIV	79.0	63.0	2	1
67	71	78	59	75	70	74	48	101	67
YBO	36.0	29.0	11	1
49	24	20	36	35	27	19	42	32	19	62	26
GBK	46.0	29.0	12	1
34	51	35	16	43	49	40	9	55	25	49	28	68	27
KPR	41.0	64.0	4	1
25	62	43	57	51	66	46	72
HND	46.0	108.0	25	1
65	119	31	110	55	106	57	121	24	87
YYA	-1.0	100.0	12	1
16	98	-12	92	-15	101	7	75	-5	122	0	113
SYO	86.0	13.0	5	1
83	-9	113	18	75	23	76	22
PNM	109.0	81.0	24	1
114	61	95	95	100	81	117	77	118	98	113	74
EAL	4.0	28.0	21	1
8	27	-6	49	25	6	-5	37	2	25
CDL	72.0	66.0	23	1
63	58	101	56	55	46	53	74	53	74	92	88	73	50	93	86
GRO	32.0	25.0	21	1
42	35	25	26	40	16	29	41	25	7
TIW	35.0	32.0	17	1
25	44	53	42	55	54	33	21	20	25	44	11	21	29
IYD	28.0	70.0	3	1
47	63	34	84	16	70	8	54	33	57	25	96	38	69
FXD	56.0	73.0	9	1
68	52	60	93	68	53	57	80	27	67	42	95	75	75
IJG	59.0	47.0	9	1
45	30	60	48	55	53	83	69	55	36
UUL	60.0	24.0	21	1
70	25	67	41	70	37	36	2	59	39	58	29	79	26	43	-5
