FWM	3.0	89.0	24	1
4	98	-4	90	5	102	-5	100	11	93	-1	82	13	64
DWL	8.0	8.0	14	1
8	13	19	-3	25	-9	8	18	9	-9	4	12	-3	22	-4	25
PAT	78.0	10.0	11	1
79	9	80	7	85	20	68	4
ONM	25.0	65.0	23	1
36	78	48	74	18	74	32	47	1	66	27	69	18	50
GMJ	71.0	31.0	10	1
62	55	71	28	85	26	64	11	67	34	81	35
QCP	49.0	66.0	4	1
26	81	26	86	70	41	45	87	69	61	55	65	53	44
FWK	89.0	84.0	9	1
82	88	84	83	102	70	79	101	92	102	98	63
TSX	74.0	44.0	10	1
83	38	71	34	74	46	71	49	81	33	66	64
UKP	29.0	15.0	21	1
37	13	23	25	16	37	27	30	32	18	35	-5	39	5	27	4
EXF	16.0	63.0	19	1
0	55	27	54	9	62	25	48	4	76	32	84
ORM	54.0	1.0	18	1
41	-19	67	21	47	24	52	-11	58	22	37	-20	78	-5
CAK	42.0	12.0	17	1
30	8	38	17	67	1	49	27	27	8
JLJ	21.0	70.0	2	1
29	62	39	65	21	68	16	82	1	73
RKT	3.0	5.0	5	1
0	11	4	-5	5	13	26	13	-4	-18	-11	17
PIB	43.0	72.0	14	1
48	84	45	76	55	64	15	62	53	74
YXG	16.0	87.0	24	1
-3	108	31	93	-5	73	-8	87	30	95	34	88	34	71
QHT	45.0	64.0	11	1
28	53	62	57	39	80	51	71	38	50	61	64	61	88	25	55
PBG	12.0	44.0	16	1
12	42	10	28	15	61	12	48
LDV	-2.0	23.0	6	1
-12	9	18	43	-18	13	5	45	-11	33	-17	12	19	12
ZKL	97.0	84.0	21	1
93	83	102	93	94	81	105	95	91	69
HZQ	28.0	51.0	3	1
43	43	2	47	44	53	38	47	25	49	32	67	16	57
EMA	49.0	7.0	6	1
60	17	37	-5	67	0	62	22	39	6	31	5
VCF	91.0	99.0	23	1
89	95	90	104	94	79	92	119
SZU	27.0	48.0	19	1
13	65	31	50	27	40	46	36	20	51
CMS	99.0	24.0	17	1
95	7	110	28	85	48	107	11	105	29	93	23
BRZ	95.0	69.0	19	1
94	64	92	99	98	68	98	59	89	57	102	67
GOL	15.0	30.0	17	1
3	11	27	50	23	36	15	21	11	32
