WJA	26.0	105.0	9	1
32	114	21	110	19	105	26	121	40	79	21	104
WZJ	95.0	33.0	7	1
111	40	80	41	109	45	74	44	85	30	105	13	101	23
EZT	34.0	89.0	4	1
38	73	22	98	42	80	37	106
QEN	107.0	91.0	7	1
105	83	92	90	96	91	119	76	117	89	106	111	115	100
BYT	54.0	41.0	1	1
39	52	68	25	39	28	69	33	76	30	53	69	37	54
JIU	1.0	51.0	5	1
-13	56	-16	65	11	36	32	42	-6	58
ZUE	66.0	33.0	6	1
68	33	72	32	55	44	67	26	60	19	74	49
MDZ	90.0	42.0	10	1
105	53	99	42	93	34	103	35	68	62	89	37	101	30	66	44
WVX	58.0	75.0	6	1
61	89	67	92	47	64	59	79	60	53
FQW	-2.0	77.0	1	1
-11	86	16	81	-20	78	15	89	-14	69	12	78	-13	61
GGM	39.0	59.0	9	1
36	49	45	47	32	78	49	72	35	53
LYK	21.0	56.0	1	1
27	67	31	55	27	50	10	33	15	64	17	67
RRG	36.0	46.0	2	1
26	38	47	57	48	49	16	58	28	26	35	52	55	46
BYH	47.0	75.0	8	1
29	79	61	61	47	83	62	75	55	61	33	101	48	65
KHN	16.0	45.0	1	1
33	50	17	53	35	43	4	45	-9	38
