FTB	17.0	90.0	8	1
20	85	13	101	38	70	7	79	10	116
MYS	-1.0	60.0	9	1
16	57	24	64	-17	43	0	81	-18	61	-12	61	12	47	-14	68
LKH	39.0	32.0	5	1
45	29	30	18	40	52	54	46	27	18
DKZ	23.0	55.0	8	1
20	51	34	80	37	51	12	41	28	46	15	54	16	40	24	79
PNP	14.0	11.0	2	1
2	35	18	-8	13	19	30	2	15	2	15	30	5	1
KHF	56.0	47.0	9	1
43	53	40	30	56	62	74	68	71	26
ZZZ	42.0	84.0	2	1
27	61	55	93	35	80	45	85	49	101
HWE	85.0	70.0	6	1
74	78	80	63	93	61	106	72	89	62	69	88
RMJ	94.0	100.0	5	1
87	119	70	101	102	91	92	87	102	94	102	102	101	97	98	112
XHL	77.0	76.0	5	1
97	86	68	90	74	79	82	77	68	69	79	62	67	81	87	66
CQI	48.0	80.0	5	1
46	83	40	58	38	88	54	79	62	92
ZVF	29.0	23.0	7	1
4	36	49	3	49	29	17	25
WRS	9.0	84.0	7	1
1	85	-16	98	32	70	22	84
OWC	60.0	18.0	8	1
77	7	66	26	48	24	42	10	52	23	79	18
WER	17.0	15.0	1	1
18	24	11	12	30	7	26	28	9	16	10	5
OGL	-7.0	58.0	2	1
-23	71	-2	65	5	67	-21	44	-3	44	-3	36	1	71	-10	71
GQR	20.0	13.0	6	1
24	24	-1	18	33	2	4	8	26	1	21	8	34	35
KUU	55.0	3.0	2	1
61	-7	67	6	36	5	77	27	42	6	48	-9	78	-7	38	9
YQE	75.0	7.0	8	1
103	-5	68	0	70	6	92	22	58	33	60	-10
BJD	34.0	75.0	7	1
24	66	22	84	51	86	51	66	29	82	27	68
YAW	50.0	41.0	2	1
67	42	65	35	23	42	29	55	62	13	28	31	67	58	64	57
ZET	-1.0	84.0	4	1
11	77	-13	91	-10	79	6	90
VQI	8.0	35.0	7	1
11	47	3	20	7	22	30	22	-9	64
WSS	8.0	36.0	1	1
5	47	24	52	-3	24	29	31	-13	30
ONI	64.0	61.0	8	1
62	42	55	48	83	47	55	66	74	87	59	77
QWJ	62.0	75.0	6	1
54	82	80	107	64	61	65	67	51	61
AYA	59.0	46.0	8	1
53	60	49	29	48	15	67	46	69	59	56	57	73	61	60	47
SBJ	44.0	39.0	1	1
27	28	31	52	60	21	67	53	37	43
CXA	14.0	44.0	6	1
30	44	28	29	-13	38	0	65	27	46
IDM	35.0	50.0	6	1
43	57	29	63	57	55	23	40	27	37
MOR	32.0	65.0	8	1
44	74	48	63	15	66	24	65	47	48	17	77
PBO	78.0	25.0	4	1
92	16	87	42	96	11	53	49	64	11
AZY	17.0	75.0	6	1
30	62	3	86	20	78	19	93	16	58
GNN	32.0	32.0	2	1
15	57	31	30	53	24	49	17	16	35
TWM	110.0	15.0	7	1
101	35	119	-1	95	12	120	17	115	14
GSV	0.0	36.0	9	1
-10	44	27	23	6	44	-14	35	-1	46	-5	26
GFN	19.0	44.0	0	1
18	30	24	63	15	44	19	63	21	21
HUK	32.0	54.0	6	1
19	52	12	42	19	61	59	64	59	53	19	36	37	74
AYW	103.0	38.0	1	1
114	35	107	27	97	29	109	47	90	52
QJB	102.0	9.0	9	1
115	7	93	11	111	3	92	16
DZJ	79.0	69.0	3	1
73	59	64	72	97	85	85	63
MLN	84.0	39.0	7	1
110	16	70	42	69	52	89	46
ETC	97.0	39.0	1	1
88	33	86	54	97	39	99	42	115	29
VYA	66.0	32.0	4	1
60	12	50	42	58	52	72	42	91	31	62	30	75	15
QJL	55.0	61.0	2	1
35	59	59	40	42	58	49	66	69	75	79	72
OBU	21.0	21.0	9	1
23	14	31	20	8	31	35	19	1	37	29	10
XSZ	83.0	21.0	3	1
72	32	77	15	90	2	102	25	76	31
CVA	89.0	86.0	3	1
92	85	107	84	69	90	101	84	105	70	78	97	76	92
RAY	57.0	89.0	8	1
53	76	78	99	68	101	52	98	60	81	59	81	31	91
NXJ	94.0	85.0	0	1
109	89	104	71	104	73	68	108	102	92	80	82
