RTF	69.0	10.0	16	1
53	4	61	-14	52	25	85	11	53	13	70	11	87	22	91	9
JSS	54.0	73.0	24	1
63	96	56	62	33	58	67	94	53	57
WCD	101.0	94.0	9	1
84	97	104	93	110	110	107	78
UEW	55.0	79.0	13	1
56	67	49	85	63	58	36	92	37	87	70	93	66	63	69	91
UZZ	97.0	28.0	19	1
84	15	89	35	113	45	110	30	105	45	99	24	82	6
EBJ	39.0	76.0	7	1
65	74	63	69	36	83	23	81	22	74	45	67	39	70	22	91
QDS	66.0	102.0	20	1
87	98	89	76	59	114	48	91	82	121	59	102	44	118
BGG	3.0	95.0	9	1
6	108	-7	97	-4	78	-11	113	24	91	14	86
QPZ	72.0	86.0	14	1
85	82	70	83	88	93	50	84	67	91
KLH	21.0	42.0	15	1
12	32	35	58	41	48	11	40	8	32
KXQ	16.0	77.0	16	1
26	93	12	83	33	79	26	62	-13	68
QAU	27.0	20.0	23	1
39	3	35	16	14	10	9	30	39	42
FHB	10.0	43.0	13	1
-14	58	20	52	-6	47	15	23	29	48	0	53	27	23
GNE	80.0	103.0	19	1
88	86	51	117	86	117	86	104	89	97	83	107	83	98
OUT	-7.0	1.0	20	1
-1	27	-19	-5	-19	-17	-2	7	1	6	-5	-12
IXL	18.0	90.0	8	1
16	91	7	80	24	69	36	110	8	102
WVR	60.0	102.0	18	1
70	116	44	86	49	82	56	119	59	120	86	92
UHK	24.0	65.0	24	1
34	77	32	76	18	64	34	65	5	47
FJI	87.0	74.0	1	1
114	88	75	69	86	51	67	92	94	73
YDG	11.0	40.0	8	1
-5	57	-2	49	25	22	19	26	-4	35	7	53	27	46	21	38
UYI	66.0	22.0	12	1
62	39	60	-2	71	39	74	25	64	19	65	20	70	14
