STI	16.0	72.0	2	1
19	62	10	67	42	76	5	55	6	101
QAD	97.0	41.0	5	1
97	27	85	55	108	41	98	24	101	61
SRW	50.0	51.0	9	1
58	26	53	43	49	57	51	67	41	66
ZMQ	82.0	64.0	9	1
105	84	68	63	97	49	65	51	78	73
IBC	50.0	95.0	9	1
40	88	44	94	50	99	75	91	31	104	60	94	29	110	76	80
IYE	49.0	92.0	10	1
31	91	66	90	39	107	72	93	39	81
PPT	67.0	81.0	6	1
79	80	62	68	71	81	54	95	72	82
ZVY	61.0	5.0	8	1
31	3	67	5	71	-3	61	21	76	1
VNS	12.0	69.0	1	1
11	66	-1	61	7	59	19	85	27	77
BKP	46.0	34.0	10	1
22	30	58	42	23	51	61	16	69	35
DEB	6.0	17.0	7	1
9	14	-3	7	-2	22	23	27
FIU	50.0	92.0	0	1
37	91	72	104	34	106	53	78	51	110	71	70	36	90
TBN	0.0	37.0	8	1
-3	50	-7	50	-7	46	-5	22	25	31	-20	45	16	19
XBT	56.0	71.0	9	1
79	73	51	45	54	61	55	79	56	67	74	89	42	68	44	90
VOC	94.0	90.0	1	1
101	103	97	99	64	103	103	95	90	67	112	105	111	77	76	78
IDC	104.0	48.0	3	1
120	59	80	59	122	25	102	45	104	48	101	57
LSD	85.0	27.0	5	1
81	10	92	44	57	40	98	22	95	6	89	41	84	31
QED	35.0	-1.0	9	1
45	-3	11	26	48	-14	55	-11	40	1	15	-5
LHI	36.0	21.0	1	1
34	8	32	27	59	6	22	43
JLO	32.0	78.0	9	1
31	71	40	84	22	70	37	89
MOS	55.0	69.0	9	1
73	70	38	61	68	71	51	78	47	65
LHV	72.0	75.0	2	1
99	84	90	63	63	73	56	72	84	75	55	85	60	76
DPL	84.0	64.0	5	1
90	77	71	47	64	47	77	64	111	47	81	82	84	68	96	83
NYI	34.0	58.0	6	1
8	50	25	54	33	57	50	74	54	75	26	39	46	57
VCZ	34.0	74.0	7	1
43	89	46	62	15	86	45	74	18	63	28	74	41	90	40	58
VSE	90.0	21.0	8	1
83	37	77	26	79	14	105	28	92	22	102	21	92	18	90	4
MVI	96.0	34.0	9	1
86	31	93	25	87	52	119	13	102	47	83	15	108	60
OSP	23.0	35.0	9	1
-3	45	39	7	30	50	31	44	36	49	6	17
VKS	23.0	24.0	2	1
27	26	30	8	19	21	18	44
CFU	79.0	11.0	7	1
98	21	79	19	69	1	67	-14	72	20	96	7	76	26
ACC	58.0	36.0	2	1
73	13	68	37	35	55	57	40
REK	98.0	70.0	5	1
103	83	96	49	105	64	90	84
TPP	30.0	34.0	8	1
10	27	43	34	43	20	27	34	25	33	42	40	22	55
NRY	65.0	29.0	2	1
62	1	52	35	93	39	48	33	72	40
GAH	67.0	49.0	0	1
64	59	72	56	50	39	77	58	59	32	82	52
LQC	13.0	78.0	6	1
32	64	6	65	13	89	4	95
CZI	63.0	10.0	2	1
62	17	59	-4	71	33	45	-12	83	20	60	7
CRA	13.0	58.0	3	1
17	72	16	57	10	53	27	70	2	48	28	59	-9	53
ORC	48.0	-4.0	1	1
71	0	61	-15	63	-16	41	11	24	7	33	-16
INO	32.0	36.0	7	1
35	13	29	29	8	35	56	42	54	50	12	50
MAL	33.0	52.0	10	1
19	56	12	65	50	56	34	51	41	37	43	52
HAO	91.0	61.0	3	1
81	71	96	40	80	70	114	67	91	42	79	62	99	76
EEM	52.0	14.0	8	1
52	-6	55	16	71	14	73	36	38	33	39	10	56	5	35	7
EXZ	42.0	92.0	8	1
30	82	24	79	59	109	33	115	66	75
YGQ	19.0	101.0	6	1
34	107	7	107	16	111	22	104	19	80
