MHI	21.0	47.0	14	1
10	61	51	39	8	51	28	34	27	34	6	66
YOG	56.0	95.0	8	1
70	104	58	117	37	98	63	77	63	90	48	84
BAA	7.0	59.0	6	1
-10	39	31	70	23	72	10	67	2	35	1	81	-5	51
UDP	58.0	67.0	14	1
65	67	51	58	69	68	60	92	49	54
UJF	26.0	30.0	5	1
34	22	9	29	6	15	26	47	47	43	35	39	31	15
CCF	74.0	109.0	21	1
93	97	88	114	87	113	53	120	55	111	80	94	68	118
DYX	43.0	83.0	16	1
62	94	50	77	57	104	28	64	36	64	54	84	16	96
CTO	76.0	55.0	2	1
80	33	73	69	70	55	86	56	72	65
VPQ	73.0	0.0	24	1
74	2	89	-14	79	-6	69	2	80	11	68	0	56	7
ZLR	28.0	91.0	9	1
14	98	43	73	37	117	20	79
GFZ	0.0	4.0	25	1
21	22	4	-1	-16	-15	-14	16	16	2	-13	-13	0	19
UQI	55.0	23.0	7	1
47	17	60	1	56	36	76	35	38	27
TBL	60.0	84.0	23	1
60	92	64	79	70	106	58	90	66	80	59	70	46	73
UUW	26.0	52.0	8	1
21	74	36	35	4	37	32	67	52	37	5	78	9	52	52	37
DGM	67.0	65.0	6	1
82	74	59	48	77	80	66	54	63	94	52	62	72	48
LFY	76.0	102.0	23	1
54	99	67	88	77	109	89	110	74	110	96	97
OVL	69.0	100.0	11	1
51	116	70	90	70	111	85	87	69	97
TDM	53.0	2.0	1	1
36	22	70	3	68	4	67	-12	41	-6	39	5
YMS	27.0	64.0	4	1
44	74	42	59	4	59	43	70	6	58
VZJ	48.0	22.0	0	1
62	39	72	22	53	24	53	16	29	36	46	6	33	34	41	1
EOD	35.0	46.0	7	1
61	54	21	41	50	47	47	42	22	48	21	53	29	41
NHS	79.0	86.0	15	1
89	82	67	68	85	87	54	75	67	107	85	110	91	89	98	70
NLO	39.0	24.0	18	1
35	18	52	9	29	26	33	1	55	33	28	34	45	47
VQY	81.0	71.0	19	1
90	91	93	49	100	65	68	62	92	65	66	72	58	93
HXL	84.0	3.0	24	1
92	5	90	32	76	-15	78	-8	85	2
NLZ	63.0	100.0	16	1
40	113	80	98	74	109	70	86	38	92	67	105	73	103
IRL	26.0	11.0	2	1
49	-1	27	-6	11	39	13	26	22	24	20	-1	40	2
DOR	62.0	64.0	17	1
38	70	59	64	64	76	69	42	78	68	65	68
ILL	7.0	46.0	5	1
-1	53	17	37	-15	56	16	55	17	33	10	43
EGB	47.0	2.0	3	1
65	19	51	0	37	-1	38	-10
DEO	13.0	12.0	16	1
32	-8	-7	4	-3	34	19	19	1	-2	36	26
VPW	5.0	40.0	24	1
-10	38	-11	14	5	26	4	52	21	50	-15	40	28	40	22	61
ROD	35.0	34.0	16	1
55	30	39	20	39	20	32	34	43	24	22	56	20	58
SIE	54.0	24.0	16	1
41	29	69	23	44	30	63	17
QZE	25.0	14.0	18	1
40	30	31	20	29	19	17	-5	11	22	41	18	9	-4
DQB	41.0	0.0	9	1
49	-8	48	4	61	23	23	-13	31	2	36	-10
OEF	6.0	33.0	10	1
-4	25	14	28	8	49	10	18	4	49
