MZI	40.0	24.0	10	1
20	32	52	13	41	29	45	38	57	16	52	14	14	27
HNI	76.0	63.0	6	1
58	43	68	43	74	63	85	49	93	83	59	79	95	82
YMB	21.0	-3.0	7	1
9	-18	28	-8	21	-22	6	-6	35	19	21	0	27	14
CSU	14.0	40.0	7	1
4	36	19	44	47	27	10	29	2	22	11	66	7	61
UOC	52.0	92.0	9	1
50	105	44	83	75	103	54	90	38	79
FTT	11.0	94.0	1	1
5	107	18	81	-9	111	16	104	7	90	5	94	38	76
UEE	63.0	41.0	2	1
76	20	50	61	69	62	63	43	60	22
RUN	41.0	78.0	2	1
23	64	45	68	34	96	62	86
JYL	70.0	85.0	8	1
51	96	79	90	68	70	84	84
FAU	86.0	64.0	4	1
97	69	68	63	94	45	88	70	92	69	80	67	84	71
LNC	35.0	97.0	5	1
39	112	30	73	12	90	52	90	55	110	26	108
ZBV	65.0	29.0	8	1
76	37	74	57	53	40	53	9	69	22	68	14
MAG	71.0	83.0	5	1
85	97	74	99	45	68	83	68
CDS	52.0	42.0	8	1
64	52	38	55	49	22	69	42	44	41
NWI	6.0	30.0	1	1
3	52	19	22	16	19	-14	30
AEY	58.0	4.0	7	1
57	11	70	-13	59	8	49	11
MSF	75.0	94.0	3	1
73	84	63	102	75	113	76	83	86	98	90	80	64	103
UWV	65.0	54.0	10	1
57	39	71	67	49	45	76	59	75	43	63	72
PWY	90.0	55.0	7	1
103	56	88	60	78	53	104	39	81	69
JOK	57.0	15.0	6	1
85	0	46	29	45	29	52	9	46	-9	70	35
NNE	66.0	29.0	8	1
59	13	83	26	47	38	86	28	69	37	53	32
QQT	47.0	14.0	7	1
45	13	36	23	56	-5	29	15	68	21	50	17
IHD	54.0	12.0	9	1
66	27	32	13	65	35	48	8	47	10	63	5	58	-8
CDY	81.0	10.0	9	1
58	29	80	26	87	3	100	-17
ISV	41.0	72.0	0	1
68	73	29	54	23	91	40	82	46	60
TZU	69.0	20.0	1	1
78	23	67	41	75	15	48	12	81	13
MZY	18.0	20.0	4	1
7	7	16	22	22	31	34	13	24	19	5	29
