TRY	15.0	12.0	17	1
22	11	26	18	-8	8	-4	20	32	9	11	21	30	0
ULR	57.0	47.0	10	1
48	61	72	69	66	39	66	64	35	23	60	28
QLS	12.0	0.0	7	1
11	28	-1	6	13	13	43	-12	9	-7	6	-15	9	-14
JRI	-2.0	71.0	1	1
-11	75	-6	81	9	67	-2	63
NTA	95.0	73.0	14	1
115	98	96	77	79	66	72	55	115	71
GOJ	75.0	78.0	21	1
75	91	78	56	73	78	56	88	94	78
OXK	86.0	28.0	21	1
56	21	88	55	88	37	89	19	102	36	88	12	94	17
ITY	23.0	33.0	14	1
31	47	20	22	20	46	15	39	30	14
GUJ	80.0	20.0	15	1
62	0	76	32	96	34	87	14
HHE	75.0	16.0	18	1
74	-14	92	25	61	23	60	24	63	31	100	12
NRF	69.0	55.0	8	1
63	64	93	45	62	40	62	71	66	55
FLF	19.0	45.0	9	1
2	32	18	67	32	30	34	57	9	39
VBD	84.0	39.0	9	1
77	29	88	26	94	32	103	39	67	43	72	56	93	52
PGC	62.0	60.0	13	1
75	77	75	59	41	62	45	48	45	68	80	65	75	47
ZBT	97.0	60.0	21	1
87	64	87	48	109	86	118	58	92	54	93	53
LRR	11.0	5.0	24	1
30	-12	31	26	11	-6	23	-16	-11	25	-7	22	1	-3
HRD	58.0	2.0	12	1
76	-10	72	28	64	-10	35	-9	65	13	67	-17	32	24
AJD	93.0	58.0	23	1
96	46	87	49	96	50	112	78	91	66	77	64
GYR	49.0	13.0	14	1
25	21	73	8	37	16	62	10
VBK	50.0	61.0	6	1
54	72	32	81	57	60	69	42	47	74	46	62	45	40
JVM	-7.0	69.0	15	1
-9	52	-17	67	-15	75	24	85	-19	59	-17	62	0	84
WJC	23.0	47.0	19	1
17	47	22	57	33	62	21	22
WEX	30.0	67.0	21	1
36	65	39	84	5	47	45	52	23	71	48	69	16	81
HMA	89.0	69.0	6	1
86	54	102	91	89	59	79	70	99	57	67	66	104	91
PGG	53.0	79.0	16	1
51	81	42	90	43	70	71	92	45	85	70	61
NCX	-6.0	30.0	8	1
-11	14	-15	47	10	54	-17	19	6	19	-5	11	-14	46
