LYD	83.0	84.0	24	1
68	86	91	90	97	92	77	70
TWW	28.0	57.0	21	1
44	60	11	57	14	62	35	52	46	59	21	57
LSR	56.0	85.0	12	1
36	102	54	71	49	91	76	82	70	94	69	83	44	75
SER	76.0	70.0	13	1
83	64	91	66	87	68	67	64	55	85	87	91	73	68	65	58
UDZ	41.0	22.0	13	1
39	29	55	15	31	20	22	15	58	34
FKD	108.0	52.0	19	1
97	44	118	63	120	53	109	58	116	50	88	63	113	33
WRA	14.0	91.0	20	1
9	82	20	74	20	81	26	91	-8	95	16	107	15	107
LQJ	58.0	2.0	17	1
49	23	68	-18	44	20	56	16	64	-10	71	-16
JWP	78.0	97.0	16	1
89	83	81	103	56	94	56	98	92	118	99	88
QXW	43.0	19.0	15	1
30	35	51	-4	52	32	39	13	47	21
