DMP	55.0	98.0	16	1
60	110	79	88	32	109	62	90	64	110	36	82	57	114	52	84
OTD	5.0	27.0	1	1
7	43	-10	29	28	18	-7	39	3	20	11	15
ZGQ	25.0	13.0	10	1
33	5	35	27	14	13	24	32	20	-8
YYF	65.0	87.0	4	1
76	70	44	106	73	95	57	76	75	89
UME	82.0	85.0	23	1
98	80	68	76	69	67	67	90	101	91	75	82	101	111
JPS	27.0	8.0	16	1
28	3	26	4	9	36	19	16	46	23	12	3	40	-7	37	-9
RSU	83.0	9.0	11	1
77	7	101	22	84	4	72	3
YXD	63.0	57.0	0	1
71	52	70	77	55	51	50	69	46	46	70	43	81	64
GVY	84.0	12.0	4	1
68	26	102	-1	92	5	96	29	79	-2	82	7	72	20
UTZ	97.0	7.0	4	1
110	16	116	11	78	31	99	26	93	7	74	-2	120	-17	93	-9
CRA	58.0	76.0	9	1
70	85	61	89	47	68	45	72	82	86	45	57
ULE	15.0	14.0	25	1
3	18	24	-8	33	27	0	20
BIT	78.0	109.0	22	1
82	119	67	88	66	115	99	105	85	115	60	105	91	119
DVK	46.0	12.0	24	1
45	-4	48	36	62	33	41	3	37	-4
NEF	79.0	32.0	10	1
66	21	93	49	73	15	87	54	76	23
KEG	52.0	34.0	2	1
76	31	44	18	45	49	43	41
KKI	88.0	10.0	23	1
84	20	83	13	100	-12	102	20	68	7	81	-15	112	28	81	23
YNN	10.0	80.0	2	1
-4	77	31	56	-4	95	-5	79	35	95
BAM	17.0	36.0	6	1
40	12	13	50	-5	41	10	36	14	36	33	45
DRV	65.0	73.0	7	1
49	95	52	76	78	85	63	48	72	72	80	65
JDR	52.0	18.0	3	1
64	23	72	14	32	9	40	26
FWX	51.0	70.0	10	1
40	57	50	71	58	66	46	86	65	72
EVM	37.0	80.0	10	1
37	76	40	78	61	87	21	81	38	59	29	92	36	91
OHK	78.0	33.0	11	1
91	42	54	39	58	11	88	28	102	46
SUB	70.0	41.0	18	1
70	41	61	38	50	30	75	50	83	35	84	57
RDL	63.0	18.0	8	1
82	17	49	5	61	9	83	31	37	22	69	24
YVO	22.0	18.0	11	1
36	5	32	36	26	25	2	27	34	-8	41	14	-2	24	11	23
ODE	64.0	94.0	4	1
53	109	85	74	69	75	60	88	49	107	55	113	82	114	65	73
LKS	92.0	64.0	23	1
104	46	77	54	71	75	109	76	67	48	109	90	108	62
OCJ	85.0	40.0	4	1
69	58	113	20	90	59	73	34	81	33
DZX	40.0	18.0	13	1
61	-12	43	28	58	32	24	34	43	1	14	28
RDQ	35.0	64.0	23	1
36	81	18	46	32	76	45	40	45	77
QEG	26.0	47.0	10	1
36	63	28	25	32	68	24	36	12	45
ZWL	92.0	12.0	20	1
103	11	100	19	73	-3	78	28	99	0	97	30	97	2
QGW	26.0	42.0	4	1
17	20	10	59	38	28	39	63
IFA	58.0	90.0	1	1
48	100	57	113	82	66	49	82	55	92
GEX	39.0	24.0	7	1
62	9	31	29	51	16	36	36	22	45	37	13
EAS	37.0	63.0	18	1
46	57	58	61	49	49	17	84	16	64
ALE	56.0	32.0	2	1
41	34	70	16	55	36	57	31	61	45
YWO	14.0	63.0	5	1
35	85	25	50	11	85	11	45	-10	53
YGX	3.0	54.0	8	1
8	62	-11	53	-3	59	17	61	-3	35	17	64	3	46	0	56
TAN	59.0	60.0	8	1
87	74	43	77	58	35	48	56
TNS	28.0	32.0	3	1
32	27	39	12	40	49	15	43	13	46	35	6	23	45
DFX	-11.0	-3.0	10	1
-24	-6	-5	3	-8	-7	-21	-9	19	-12	-20	1	-22	9
VMT	72.0	99.0	7	1
86	74	86	102	82	118	46	94	83	102	52	105
DMG	14.0	41.0	5	1
21	51	-5	35	11	33	27	41	20	48	12	43
GQM	28.0	60.0	17	1
24	67	37	47	48	38	9	57	46	68	9	84
