EGU	83.0	41.0	9	1
75	59	108	29	84	33	71	55	80	30
EVK	86.0	59.0	2	1
70	63	112	48	96	86	85	55	86	55	68	52	85	54
DPP	87.0	59.0	21	1
73	56	82	54	75	68	117	70	101	60	77	48
OOH	78.0	69.0	18	1
62	49	88	78	80	69	75	66	69	67	98	89
OGR	36.0	61.0	20	1
23	41	51	51	30	79	59	64	32	55	24	79
YTM	39.0	24.0	24	1
26	32	19	28	40	13	33	42	40	1	64	35	54	20
EEN	37.0	56.0	24	1
57	71	57	46	39	53	28	56	20	57	15	51	48	59
LRD	22.0	67.0	19	1
31	73	33	63	42	78	22	78	2	39	6	74
FSH	79.0	35.0	20	1
67	39	91	40	90	17	94	45	99	26	64	20	53	62
MMZ	21.0	68.0	21	1
18	98	23	71	37	59	6	56	45	60	26	83	9	67	7	56
DAQ	37.0	23.0	19	1
18	30	44	14	38	38	34	3	55	25	36	32
QHD	82.0	6.0	5	1
105	9	88	4	62	27	96	-9	67	4	88	-2	89	14	67	6
ZJC	102.0	36.0	8	1
109	45	74	23	103	48	108	22	118	45
VEG	51.0	29.0	4	1
57	28	46	7	66	32	45	42	42	36
ODI	3.0	51.0	1	1
-12	44	-11	70	25	44	14	34	-1	36	11	61	-2	74
CCB	43.0	69.0	13	1
25	69	25	69	61	63	61	78
UCK	27.0	58.0	5	1
38	74	20	45	44	63	28	59	9	49
PPC	73.0	47.0	20	1
74	33	94	43	74	42	83	66	86	48	58	41	45	59
QYE	80.0	90.0	4	1
65	116	65	101	96	103	91	69	66	80	97	75
BAQ	15.0	32.0	22	1
2	40	15	11	16	33	30	46
NHG	79.0	35.0	2	1
58	28	85	22	86	46	87	46
LNH	36.0	70.0	4	1
31	70	30	54	36	90	44	57	43	80
ZFD	90.0	84.0	25	1
99	99	99	67	104	99	65	97	99	60	74	85
FMV	57.0	11.0	18	1
76	21	61	-4	30	13	65	24	57	1
WDI	92.0	4.0	17	1
78	1	107	7	85	1	98	8
FPL	59.0	36.0	0	1
73	29	61	22	70	28	44	40	62	33	46	45	52	55	68	41
