APF	19.0	37.0	4	1
41	34	1	53	9	24	28	38
NLI	49.0	26.0	0	1
47	30	66	41	37	46	54	11	41	3
JDD	96.0	84.0	3	1
89	96	104	84	87	74	101	89	105	86	92	78	84	94	109	78
YXS	95.0	-3.0	5	1
77	13	93	-18	116	-18	72	8	95	-4	103	-4	112	1
GWP	102.0	45.0	8	1
83	41	110	39	110	63	107	40
TFA	92.0	48.0	6	1
104	81	72	45	102	37	84	41	103	51	89	33
YEO	72.0	63.0	0	1
89	60	59	54	84	54	59	70	57	69	85	75
PUF	98.0	85.0	6	1
83	83	114	80	121	98	82	76	84	101	109	85	111	90	85	73
NNI	40.0	56.0	10	1
55	60	56	53	34	56	21	44	53	69	50	57	16	58
OFY	0.0	48.0	0	1
-7	60	2	34	15	34	-8	44	-6	69
CSS	23.0	79.0	9	1
41	90	12	72	42	83	34	57	13	100	15	75	10	76
LXW	17.0	0.0	9	1
7	-4	30	1	32	12	-7	4	13	-8	31	-5
OAW	87.0	11.0	6	1
113	4	84	26	90	31	98	17	71	3	77	6	74	1	89	1
SOP	63.0	76.0	4	1
68	64	69	58	77	95	74	64	65	91	32	106	61	60
YMC	10.0	73.0	3	1
5	87	18	66	30	71	-10	71	23	78	-10	64	17	76
YMW	67.0	103.0	1	1
91	75	52	113	68	107	47	119	80	103
QPH	65.0	44.0	4	1
60	64	62	18	44	58	53	36	81	51	78	32	82	54
GCY	73.0	21.0	6	1
77	3	68	3	76	48	71	31
XYT	77.0	37.0	1	1
77	44	64	23	64	43	105	41
XQI	80.0	83.0	8	1
103	103	102	106	61	64	84	62	70	85	61	82	85	83
DPE	20.0	73.0	1	1
48	73	6	97	7	53	6	53	40	78	15	85
HEC	36.0	93.0	7	1
53	122	21	101	45	77	21	83	44	82
KCN	19.0	78.0	2	1
3	75	9	66	39	69	5	93	21	74	39	95
RTH	33.0	86.0	5	1
30	82	43	86	16	99	57	64	23	99	16	87	50	88
WYY	89.0	15.0	4	1
96	15	92	31	72	9	88	3	89	36	88	18	103	-2
IXL	72.0	97.0	4	1
80	95	57	105	87	111	67	102	73	72
TQN	37.0	48.0	2	1
37	47	28	57	35	53	49	53	37	32
OMA	36.0	113.0	8	1
44	112	15	116	40	108	42	119	42	114
OSJ	38.0	42.0	6	1
45	29	57	62	11	62	54	27	30	43	34	51	36	25
WHL	77.0	32.0	8	1
82	34	63	26	87	36	68	54	90	34	76	13
KBY	19.0	39.0	0	1
6	27	3	26	43	30	28	41	11	30	18	64	25	56
RQE	53.0	75.0	3	1
47	71	39	65	63	92	61	71	55	78
ENE	54.0	26.0	0	1
47	18	33	16	75	40	54	44	79	14	45	8	51	47
NQY	74.0	31.0	0	1
68	33	73	23	86	22	82	32	95	57	75	26	65	42	50	17
OVD	81.0	72.0	6	1
86	73	84	61	77	76	70	81	91	71
RLO	72.0	63.0	1	1
80	59	85	71	87	61	62	72	54	76	73	60	66	47
RKY	95.0	70.0	3	1
106	72	92	56	75	72	73	84	113	63	111	75
CDI	57.0	21.0	2	1
71	28	54	-9	60	29	58	32	49	27	53	22
NCQ	27.0	68.0	10	1
40	76	29	88	39	52	1	59
QJF	71.0	91.0	2	1
80	91	85	91	58	89	63	74	61	91	79	115
LIH	31.0	87.0	10	1
19	109	48	81	20	99	15	89	28	71	32	89	58	76
SJY	39.0	21.0	9	1
42	27	36	26	42	6	36	11	21	22	50	23	48	35
LDX	67.0	15.0	6	1
52	14	64	33	92	26	59	-4	53	19	89	16	75	3	57	18
YYB	17.0	47.0	8	1
37	38	21	49	-8	56	12	40	-2	58	36	51	24	38
SCE	62.0	100.0	2	1
70	97	47	103	50	82	65	120	82	100
VEN	9.0	93.0	8	1
-4	101	28	115	21	74	20	90	25	71	-16	105	1	113	-3	82
