URY	33.0	88.0	6	1
17	87	24	101	53	80	39	76	21	87	46	102
NYA	89.0	76.0	18	1
67	79	108	63	108	90	74	65	101	75	83	58	77	87	95	95
TMZ	32.0	12.0	0	1
23	-5	44	14	28	35	36	7
CBT	96.0	67.0	5	1
82	82	88	45	122	47	92	64	117	84	82	78	96	72	91	71
WIU	69.0	60.0	8	1
62	82	81	66	81	64	44	46	81	46
RIM	85.0	45.0	12	1
76	33	87	47	92	62	86	39
XMB	31.0	84.0	6	1
14	87	38	51	34	92	20	98	49	91	34	90	13	67	48	97
VGN	60.0	23.0	1	1
41	27	62	8	72	36	67	4	66	6	52	28	61	31	65	44
JPC	7.0	18.0	0	1
18	-1	3	45	14	9	-18	11	19	28
UVF	22.0	42.0	12	1
19	59	13	26	4	50	20	57	43	39	36	25
RKC	11.0	77.0	8	1
23	81	22	70	2	97	-1	60
TTK	54.0	75.0	21	1
64	63	40	52	49	92	57	78	74	90	47	83	47	73
VLA	70.0	54.0	1	1
70	53	79	52	68	52	86	64	65	53	66	54	57	54
GZH	36.0	41.0	20	1
26	43	49	38	44	61	43	45	22	18
TVD	81.0	4.0	20	1
78	13	90	15	89	23	84	21	84	-7	89	-4	64	-4	70	-19
AFG	70.0	90.0	9	1
49	111	72	93	81	69	62	89	90	91
PNW	58.0	99.0	19	1
47	97	72	97	44	90	72	112
GLF	28.0	67.0	18	1
10	62	10	50	30	92	47	80	42	64	10	56	25	67	50	67
WJY	40.0	89.0	14	1
32	78	58	102	38	91	61	84	25	91	25	109	34	88	50	71
REO	54.0	49.0	22	1
43	48	68	56	64	66	42	28
DBP	46.0	67.0	15	1
54	47	38	57	55	57	49	89	41	85	40	72
JDX	9.0	19.0	7	1
13	39	20	8	25	20	-4	2	-3	14	4	36
TXJ	65.0	57.0	13	1
40	61	67	41	80	63	42	66	78	52	60	31	77	70	76	72
DAY	31.0	22.0	15	1
15	28	41	15	34	22	17	34	40	5	26	30	47	22
YQR	7.0	28.0	10	1
5	36	4	8	-6	24	19	24	20	35	13	32	0	42
TEH	18.0	16.0	3	1
-3	3	33	30	31	29	11	4
BWN	75.0	34.0	12	1
68	20	85	47	94	49	57	39	76	21	52	21	93	45
ZBZ	69.0	22.0	20	1
73	23	88	26	70	10	88	31	47	20	75	18	47	27
MHH	56.0	29.0	4	1
49	30	62	33	71	4	69	37	51	21	66	36	28	43	59	28
KVQ	89.0	8.0	23	1
104	38	97	4	74	0	88	6	81	6	91	-2
LDJ	98.0	39.0	1	1
95	39	74	40	100	58	117	29	106	30
DKI	48.0	36.0	19	1
58	12	60	57	33	46	35	45	32	42	63	37	55	17
EDR	45.0	111.0	8	1
67	115	53	106	40	106	26	120	42	108
