RMS	23.0	24.0	2	1
8	36	48	26	45	38	3	11	11	11
WMD	70.0	67.0	4	1
93	69	61	87	65	64	64	48
IBC	22.0	74.0	5	1
49	44	5	80	36	93	24	76	13	80	6	75
FSZ	44.0	25.0	9	1
35	14	23	36	65	39	53	14
PQY	52.0	91.0	1	1
61	103	65	73	28	78	60	98	66	92	54	95	35	100
DLW	76.0	7.0	4	1
64	4	75	21	99	18	57	-9	85	2
VJC	58.0	72.0	7	1
48	74	44	87	77	59	53	81	56	82	55	63	76	64
NKL	49.0	16.0	5	1
36	26	35	10	56	13	45	-1	76	35
WBV	7.0	96.0	6	1
7	82	-3	108	28	92	19	97	-8	106	1	73	8	116
YZW	9.0	48.0	6	1
22	66	6	29	26	45	-8	46	-3	52	3	57	7	52	26	40
NVL	52.0	41.0	7	1
39	32	60	31	54	38	53	30	67	75	43	42
JST	27.0	31.0	4	1
34	23	42	40	-1	53	43	26	20	14
JSM	22.0	64.0	8	1
25	55	35	43	35	79	5	88	8	57	29	63
GJV	34.0	32.0	6	1
41	38	39	33	29	41	10	28	52	23
NLA	33.0	54.0	10	1
44	70	39	38	25	37	34	52	26	76
KLF	76.0	89.0	8	1
82	104	69	72	90	92	62	75	59	82	103	100	70	100
YAD	40.0	83.0	10	1
38	69	49	87	35	62	30	93	33	94	55	97
VMB	50.0	102.0	4	1
45	93	48	118	56	118	59	84	33	103	63	98
JUM	49.0	61.0	8	1
30	67	52	65	57	57	62	68	55	47	43	66
QHV	88.0	5.0	5	1
83	13	61	-6	104	28	104	-13	91	4
FKJ	71.0	23.0	4	1
52	41	90	12	73	13	50	25	88	15	73	37
