TQG	82.0	63.0	9	1
60	57	82	81	96	60	94	66	74	49	86	68	66	42	98	82
DXQ	46.0	85.0	2	1
60	75	66	74	26	86	22	95	53	99	39	82	60	86
DEG	83.0	17.0	13	1
79	26	94	7	70	29	84	13	89	15	81	36	87	-4
RKA	86.0	42.0	22	1
78	22	95	55	90	42	61	50	106	45
DAU	4.0	79.0	9	1
7	81	1	91	26	95	-11	67	0	91	18	50	-12	83
JJU	38.0	0.0	7	1
58	-6	24	15	55	-3	17	-9
RUA	38.0	65.0	10	1
30	80	24	71	46	58	18	47	46	69	50	48	52	88
SLN	51.0	60.0	7	1
73	49	49	66	44	69	67	43	40	82	35	51
OQD	27.0	27.0	11	1
43	51	43	19	19	10	0	53	35	26	34	20	18	12
YBM	19.0	41.0	7	1
38	44	10	24	6	47	25	49
LTO	71.0	0.0	3	1
73	-11	71	5	64	-3	61	-9	96	-5	63	26
