IBT	64.0	55.0	9	1
89	69	64	56	79	63	47	34	64	67	51	49	57	53
FZU	41.0	75.0	23	1
34	72	45	64	30	88	48	82	54	89	32	64	56	63	33	81
LFD	54.0	90.0	21	1
52	106	67	72	53	80	49	84	52	98	55	105
FHX	18.0	0.0	11	1
7	21	17	18	43	-19	31	5	9	0	17	-10	8	-18
YEF	10.0	16.0	23	1
21	18	21	1	39	33	-7	-3	-2	12	-8	40
CFR	20.0	80.0	0	1
21	83	23	74	14	93	14	85	13	78	38	71
YSI	51.0	36.0	5	1
68	51	42	20	53	37	57	29	39	43
STC	11.0	64.0	16	1
13	75	8	50	-9	54	26	71	17	70
ATE	58.0	13.0	1	1
70	3	47	28	25	2	70	7	68	24	59	2	69	25
ACM	39.0	57.0	11	1
43	74	33	43	33	80	35	53	44	52	50	44
RGW	35.0	92.0	19	1
42	97	42	105	39	73	26	109	28	78
HHE	66.0	6.0	8	1
69	0	51	-3	57	15	69	31	83	-6	49	17	84	-10
ZPT	77.0	25.0	10	1
79	32	81	21	72	41	75	15	81	27	79	17
JFF	83.0	14.0	13	1
90	8	77	7	65	34	90	2	64	14	93	0	93	23	93	24
JUG	2.0	99.0	17	1
-7	114	15	108	12	117	0	84	-10	74
OMS	84.0	96.0	7	1
88	103	90	102	56	101	90	92	100	86
EYE	33.0	96.0	19	1
45	105	17	102	13	74	50	98	43	105
HHX	99.0	5.0	19	1
93	15	92	5	87	16	106	11	103	1	94	-9	124	2
EKE	21.0	44.0	6	1
-2	40	37	54	26	45	22	41	24	44
UZX	103.0	13.0	13	1
112	-3	109	19	75	-9	104	13	112	10	99	23	111	38
AZA	58.0	83.0	15	1
75	74	87	70	68	83	39	77	44	106	49	83	49	94
SYI	31.0	35.0	16	1
16	51	50	48	21	42	10	34	26	47	57	5	35	31	39	26
ZKH	80.0	53.0	17	1
74	37	69	52	110	52	84	51	77	70	69	58
