ZDH	4.0	55.0	5	1
-1	71	-20	41	22	76	21	44	1	45
QHK	22.0	30.0	11	1
38	36	1	32	33	39	23	33	35	17	4	26
WUT	27.0	26.0	17	1
48	20	7	33	43	20	33	17	35	25	9	42	16	27
LAI	12.0	87.0	9	1
-5	110	10	71	10	83	18	102	0	85	11	84	17	94	36	72
ZLY	23.0	58.0	7	1
26	32	33	61	7	65	8	52	35	71	29	71
XEB	106.0	23.0	11	1
105	39	93	19	101	26	111	25	122	7
ZGE	42.0	72.0	14	1
34	64	23	71	56	93	27	70	46	61	50	64	48	77	59	83
OPN	89.0	78.0	22	1
72	72	108	73	98	80	65	78	96	81	95	84
FPQ	76.0	72.0	16	1
68	69	81	62	55	71	96	70	82	88
RFI	43.0	68.0	18	1
41	79	53	80	23	56	39	60	61	66
IWJ	17.0	30.0	10	1
18	40	10	53	-3	26	28	13	35	18
MMT	68.0	55.0	8	1
82	62	81	60	62	45	47	55
VFM	49.0	86.0	6	1
55	94	28	88	62	94	60	87	41	69
QIS	63.0	56.0	19	1
53	76	74	50	67	66	46	36	80	74	42	65	85	31
LCF	72.0	52.0	5	1
64	62	62	43	89	45	51	49	94	65
NAY	3.0	41.0	12	1
6	50	8	43	3	62	0	55	0	28	-2	53	5	16	11	25
VZZ	81.0	98.0	16	1
89	77	65	117	89	108	84	115	96	94	68	81
TCQ	57.0	43.0	14	1
61	55	74	34	42	43	58	26	43	35	69	69
TWR	23.0	40.0	4	1
31	43	38	62	37	26	14	47	5	29	18	35
EDV	72.0	89.0	1	1
85	70	71	78	85	111	78	75	45	115
PCH	16.0	80.0	5	1
-3	72	1	85	27	81	3	85	37	77	32	83
HAZ	18.0	86.0	21	1
5	74	42	85	9	94	27	96	13	94	33	95	10	82	10	71
ZAM	46.0	82.0	4	1
36	70	64	107	32	64	69	85	30	85
OSX	51.0	28.0	18	1
46	21	54	17	61	33	45	15	65	32	39	53
DNU	0.0	85.0	13	1
-9	91	8	88	16	68	4	88	3	82	-22	92	-11	91	18	83
EOK	15.0	44.0	20	1
16	30	23	52	6	47	15	50
ULS	8.0	42.0	9	1
0	33	1	44	10	22	24	62	26	63	-12	33
NRO	13.0	35.0	3	1
28	42	13	51	-8	39	-8	21	24	34	17	20	26	41	18	35
HTT	67.0	60.0	5	1
58	51	68	71	62	79	79	64	70	39
VOF	29.0	28.0	17	1
33	33	19	36	21	33	31	22	33	17	37	29
GDA	25.0	19.0	4	1
20	5	13	29	37	40	2	6	36	-2	46	39
YTK	29.0	15.0	23	1
31	31	23	11	12	8	36	13	44	16
BEJ	88.0	38.0	12	1
88	37	81	40	109	29	89	38	80	63	85	26	86	38
ETK	96.0	43.0	9	1
108	29	93	41	82	29	96	39	90	56	117	46	91	64
OVP	69.0	61.0	9	1
54	59	71	56	78	59	77	66	58	57	80	69
CFQ	37.0	94.0	0	1
29	113	19	70	21	77	63	108	61	95	31	102
FVQ	75.0	84.0	9	1
67	78	71	84	78	89	69	61	81	92	94	99	69	91
