YPB	50.0	11.0	4	1
55	30	60	36	64	-2	24	-3	48	8	54	0
LEL	67.0	68.0	2	1
49	75	67	89	81	52	74	56
XQA	16.0	7.0	5	1
32	1	6	-3	41	-6	23	7	37	16	2	7	-5	27	-4	14
NHQ	74.0	82.0	9	1
65	97	67	68	87	85	77	80
CWQ	65.0	86.0	8	1
61	109	59	108	68	71	62	70	76	68	63	100	66	81
VVS	74.0	55.0	9	1
60	79	79	32	101	58	73	68	64	55	71	39
FJM	87.0	96.0	5	1
88	91	92	71	59	114	100	95	97	103	89	102
AHO	74.0	47.0	6	1
73	36	91	52	68	64	54	42	72	63	91	28
ZLP	63.0	58.0	10	1
42	50	58	51	78	83	77	42	70	63	48	56	68	65
AVZ	10.0	78.0	2	1
24	82	4	56	-1	79	1	89	22	85
XRF	9.0	63.0	1	1
5	75	3	63	33	63	-5	51
OWX	16.0	6.0	0	1
-10	8	32	-10	35	0	26	13	-2	22
PWD	100.0	33.0	2	1
102	44	86	48	108	12	114	35	91	30
MGI	26.0	57.0	5	1
12	32	23	77	42	76	12	36	41	65
FXS	60.0	-5.0	4	1
67	-5	54	-17	55	4	63	-13	64	6
SBA	34.0	86.0	8	1
43	72	49	62	27	89	20	104	32	107
PAF	4.0	67.0	7	1
-2	60	0	47	13	77	8	83	1	70
