JVF	54.0	19.0	6	1
60	26	31	-2	70	32	51	19	63	12	45	35	59	15
GPJ	18.0	10.0	3	1
27	11	30	-16	31	20	-4	26	32	6	-4	13
YOR	74.0	53.0	4	1
82	27	67	65	59	66	82	67	81	44
EEC	71.0	70.0	8	1
48	77	82	82	78	71	72	96	81	63	56	53	81	54
TTA	68.0	3.0	0	1
49	0	68	-5	64	19	70	9	92	-8
NMN	66.0	17.0	5	1
49	26	88	5	76	12	54	27
DVI	77.0	14.0	9	1
63	0	97	33	98	17	74	18	53	5
TZB	12.0	37.0	3	1
25	57	-1	33	13	22	29	23	7	38	3	30	5	30	18	67
YJL	91.0	54.0	5	1
108	43	83	51	111	57	72	55	84	67
TOW	25.0	59.0	1	1
10	46	27	64	35	64	29	62
QEO	5.0	82.0	2	1
-2	101	20	89	13	68	-10	72
YIF	7.0	-1.0	4	1
23	16	-17	0	19	-17	3	-15	4	9	13	-2
HOM	48.0	71.0	9	1
41	62	45	56	55	82	57	72	43	77	61	76	36	72
OOM	47.0	65.0	7	1
54	55	49	44	53	49	74	77	29	87	38	80	37	65
FAN	95.0	11.0	6	1
106	11	85	20	95	6	107	0	97	18	85	20	88	-7	99	21
QKI	85.0	65.0	9	1
94	43	97	89	95	62	80	76	80	56	68	47	84	87
MDL	14.0	44.0	8	1
24	56	19	58	3	50	-14	24	26	55	27	24
MSD	103.0	9.0	6	1
79	24	89	-17	116	6	123	3	109	29
FNT	57.0	0.0	2	1
63	-8	38	13	77	12	71	-10	41	-6	57	0
