KOW	67.0	79.0	9	1
67	79	57	89	83	84	63	64
HIC	49.0	42.0	4	1
40	44	42	35	60	51	71	40	35	41
QQG	70.0	29.0	5	1
88	43	61	15	56	31	75	30
VGD	40.0	2.0	5	1
40	1	38	24	38	13	41	10	36	-16	51	-15
KTG	36.0	60.0	9	1
45	49	35	89	29	63	26	54	34	60	47	48
IWV	59.0	55.0	3	1
78	62	77	44	55	65	33	61	54	43
TKX	36.0	10.0	8	1
30	9	61	-3	23	13	45	30	23	5
UNX	43.0	80.0	4	1
43	64	40	88	49	95	38	87	41	64	50	83
ANN	44.0	13.0	4	1
39	28	30	25	63	25	52	-7	44	10	41	-2
QME	9.0	40.0	4	1
4	43	3	49	1	29	23	42	17	37
TNO	-2.0	21.0	10	1
1	30	-12	36	1	14	14	24	-18	1
ODG	27.0	74.0	4	1
44	86	43	94	34	89	0	58	12	77	34	74	21	62	33	58
PUD	32.0	37.0	3	1
48	40	25	35	21	29	21	41	45	42
QWL	13.0	101.0	2	1
5	99	38	115	22	86	3	100	0	88	10	118
TUQ	56.0	79.0	1	1
33	94	64	60	61	79	67	85
NAA	76.0	22.0	5	1
69	4	85	38	75	12	66	40	66	0	96	40
SPH	47.0	2.0	7	1
64	-3	64	-8	43	7	32	1	26	5	68	6	35	6
PKC	3.0	-3.0	2	1
1	-4	5	-14	6	6	3	-5	4	2
ETP	21.0	57.0	5	1
32	78	32	53	23	49	1	60	40	31	1	76
ZZI	41.0	93.0	10	1
39	104	42	105	57	92	28	72
KJO	83.0	41.0	2	1
90	46	86	51	78	56	81	13
ODA	57.0	27.0	1	1
67	38	53	41	61	13	28	15	69	51	69	9
IJM	-8.0	100.0	4	1
-21	111	16	103	-11	113	6	108	-19	78	-20	89
YZW	55.0	65.0	9	1
40	73	85	46	41	81	66	51	55	81	58	79	41	50
IIX	15.0	43.0	0	1
-6	43	26	27	29	73	34	40	-5	35
SGV	9.0	60.0	4	1
27	51	24	54	10	72	-10	50	13	77	7	79	-7	39
UMB	26.0	90.0	7	1
27	75	26	80	15	88	27	99	40	102	21	100
HOH	41.0	43.0	2	1
54	63	27	15	47	20	35	60	42	34	47	48	36	61
LTU	37.0	74.0	6	1
53	65	62	83	27	99	40	57	24	66	34	77	23	73
KQJ	68.0	82.0	5	1
66	89	78	84	63	91	66	96	63	61	71	91	71	63
CXJ	88.0	66.0	6	1
77	87	83	83	90	49	85	66	105	47
APO	15.0	47.0	3	1
-1	58	39	55	16	47	14	25	19	62	11	43	12	39
IDP	47.0	97.0	1	1
43	84	33	105	50	102	56	110	58	83	46	102
RRC	34.0	33.0	3	1
45	20	31	19	17	24	49	40	6	35	41	44	51	52
SZF	44.0	54.0	3	1
42	64	40	41	65	55	30	58
EFI	28.0	4.0	0	1
20	18	38	4	39	-21	45	26	37	19	10	-12	31	-1	10	1
YZD	53.0	8.0	9	1
33	3	40	8	70	-2	70	24
FRH	42.0	90.0	9	1
64	95	60	85	32	91	42	75	22	97	32	101	52	109	38	70
MBZ	57.0	32.0	5	1
50	9	54	33	54	39	51	41	81	38	56	33
JHP	9.0	77.0	5	1
25	85	13	55	17	81	27	88	-8	84	7	62	-16	86
TGJ	90.0	2.0	9	1
69	-8	103	-3	94	-16	107	8	85	26	109	20	67	-7
AFV	39.0	74.0	10	1
60	74	31	88	37	78	56	46	38	91	17	68
DXO	81.0	68.0	3	1
88	84	79	61	78	55	75	60	78	78	88	73
ORY	27.0	64.0	2	1
39	59	6	65	23	48	36	75	35	77
QEP	32.0	24.0	1	1
49	19	18	25	34	5	38	14	25	42	19	17	40	29	36	41
RMI	22.0	52.0	4	1
39	41	19	60	10	72	31	74	18	43	1	41	39	34
