XKO	97.0	51.0	14	1
106	43	84	65	84	32	120	49	108	65	76	60	118	58	80	38
XBD	72.0	48.0	17	1
61	42	84	69	85	39	73	33	57	60
VCZ	75.0	14.0	18	1
68	27	88	13	102	13	64	27	62	8	78	11	67	5
OHK	73.0	23.0	7	1
90	25	87	14	86	39	70	37	71	32	48	13	64	5
EHN	51.0	6.0	22	1
63	0	66	12	55	18	40	-1	32	3
NUS	50.0	68.0	24	1
56	69	40	57	48	67	58	80
CIP	89.0	98.0	8	1
113	80	75	106	112	81	76	108	70	116
RRK	37.0	71.0	10	1
31	71	26	73	23	58	54	89	48	88	50	53	32	68
PQZ	79.0	86.0	22	1
90	103	87	75	91	92	79	78	66	79	61	92
HCR	56.0	13.0	15	1
76	3	42	18	38	3	69	39	71	15	41	5
JFW	32.0	78.0	11	1
31	80	20	89	33	67	35	62	32	83	33	85	43	80
EQR	57.0	19.0	4	1
77	11	37	38	49	34	50	16	71	11	61	8
TFF	44.0	2.0	23	1
54	-12	32	7	55	31	49	-9	33	-3
TDZ	-1.0	57.0	15	1
-4	47	-6	72	-1	45	25	63	-20	69	-9	76	7	30
UDB	11.0	1.0	22	1
15	-10	-6	2	10	1	18	-10	21	27	-5	-6	29	8
XGR	33.0	37.0	17	1
42	30	46	35	34	36	21	41	22	47
JNW	38.0	66.0	18	1
17	82	61	67	31	54	40	47	44	82
YQA	73.0	1.0	11	1
71	-6	99	13	57	16	55	-5	56	-13	100	4
BIO	9.0	62.0	24	1
4	54	11	72	9	56	8	75	16	40	15	73	0	67
UNR	44.0	37.0	1	1
38	33	60	59	60	22	16	23	57	16	44	57	39	52
LKB	44.0	41.0	14	1
37	19	28	15	46	30	56	59	48	61	45	48	53	57
JCO	13.0	54.0	5	1
31	54	6	38	7	60	2	51	11	81	24	40
IKK	54.0	77.0	1	1
60	81	35	89	77	49	39	78	62	92
PER	28.0	52.0	20	1
50	70	49	52	3	51	11	35
UWY	35.0	0.0	11	1
22	1	28	-16	36	4	55	11
AXC	2.0	57.0	17	1
16	68	-20	35	18	35	-13	75	15	58	15	64	-14	64
ZFH	57.0	38.0	18	1
43	36	77	57	63	11	65	30	38	51	60	46
UXU	34.0	37.0	5	1
35	15	18	23	57	36	38	56	15	45	53	56	25	29
YQN	9.0	76.0	10	1
-1	66	1	75	31	68	16	65	7	106	10	76	2	82
WZE	67.0	54.0	7	1
80	34	58	33	77	78	77	48	73	65	41	50	77	65	56	61
EBU	0.0	9.0	10	1
9	-5	-4	16	10	21	-9	17	-1	16	-2	11	-2	-9
SMP	68.0	35.0	9	1
65	19	78	23	64	38	84	45	49	54
WFQ	101.0	28.0	9	1
77	32	107	9	113	39	110	35
TMT	46.0	77.0	7	1
52	91	62	73	30	71	30	71	56	82
ZMK	45.0	40.0	20	1
43	24	44	49	53	29	42	60
