ODT	35.0	90.0	20	1
34	99	48	101	16	102	39	68	37	98	31	69	45	95
TRL	87.0	84.0	15	1
98	88	81	103	89	79	96	84	71	69
YWH	11.0	27.0	15	1
29	19	12	29	12	27	-6	35
PLL	94.0	27.0	11	1
112	16	92	39	81	42	92	15	99	40	99	25	84	16
GMW	71.0	89.0	12	1
78	91	91	96	67	98	66	74	56	87
EVK	15.0	86.0	9	1
-5	101	30	60	26	79	-8	67	19	99	13	97	26	82	22	106
UBN	58.0	35.0	22	1
50	32	71	28	55	55	59	27
QNE	20.0	48.0	0	1
16	52	47	37	3	52	28	58	20	50	11	43
XFN	63.0	50.0	22	1
63	60	49	51	81	42	55	64	41	47	84	30	59	56	74	51
POX	28.0	69.0	25	1
19	54	8	57	32	63	30	79	51	92
LNA	63.0	41.0	1	1
54	33	53	26	66	41	78	60	52	35	51	34	87	59
KJL	71.0	106.0	19	1
62	112	64	98	85	101	76	111	70	111
HKC	-3.0	38.0	11	1
-17	35	-5	46	14	45	-13	41	2	23
QDY	84.0	85.0	1	1
98	72	95	95	73	97	70	97	106	81	96	76	71	81	67	84
CPB	24.0	73.0	2	1
34	62	19	107	36	65	15	70	20	63
ZIR	85.0	41.0	19	1
70	51	76	21	95	37	99	60	107	23	80	52	78	35	75	52
MRE	44.0	40.0	21	1
33	27	46	51	56	27	38	47	55	53	23	37	57	43
IKT	39.0	18.0	12	1
43	41	44	-3	36	28	34	8
NKX	36.0	97.0	15	1
37	76	25	86	61	112	33	102	26	112
HGZ	58.0	61.0	10	1
47	72	47	62	58	49	80	63
