SVL	14.0	34.0	9	1
35	30	23	18	25	54	-2	44	2	23	-6	38	22	37
TEE	100.0	31.0	7	1
93	36	108	51	91	24	111	14	99	32
IUL	42.0	41.0	23	1
33	42	24	60	40	32	52	46	65	28
BSO	86.0	31.0	17	1
89	43	95	49	64	19	96	16
FBJ	102.0	7.0	4	1
105	9	97	-6	106	27	88	-4	106	30	107	10	105	-11
RYL	18.0	26.0	10	1
20	41	28	6	-1	30	34	10	26	31	2	39
CEO	39.0	26.0	10	1
46	32	36	29	33	44	49	19	31	10
HFJ	71.0	43.0	21	1
81	56	77	57	52	30	88	31	57	42
FUS	52.0	100.0	5	1
60	115	54	109	39	91	57	88
TOO	19.0	22.0	23	1
6	44	14	5	17	38	36	0	12	40	36	41	19	14	18	0
STX	81.0	78.0	3	1
87	71	70	74	88	102	83	70	65	66	98	85
