ZPI	94.0	67.0	1	1
104	45	73	67	106	87	80	76	88	55	113	74
AMZ	45.0	84.0	19	1
65	94	45	102	33	64	40	103	64	67	31	65	25	107	61	74
KXL	31.0	27.0	9	1
13	20	15	7	31	19	36	43	39	44	55	47	30	11
SAG	38.0	24.0	19	1
44	40	20	28	58	17	32	12
DYA	70.0	16.0	3	1
66	20	68	29	79	3	55	32	62	17	90	-3
GHK	35.0	-4.0	22	1
25	-11	45	12	49	0	39	10	35	-17	28	-15	40	-17	24	3
OAF	29.0	61.0	6	1
15	79	9	54	34	81	24	55	41	47	51	52
CWC	46.0	78.0	2	1
19	95	63	57	63	67	39	96
VNL	47.0	72.0	15	1
39	77	67	89	26	48	44	82	55	86	56	55
INR	36.0	53.0	6	1
49	57	59	54	20	51	25	49	30	56
NBC	31.0	52.0	4	1
39	49	20	72	58	58	27	56	17	38	43	47	18	50
OYO	90.0	55.0	23	1
91	70	71	47	95	71	90	53	105	35
IDH	50.0	-2.0	19	1
38	-4	43	-2	69	8	35	-11	69	-4
KRZ	69.0	69.0	20	1
53	70	69	64	81	54	75	89
PVK	87.0	28.0	7	1
86	39	88	28	75	16	107	28	82	18	85	35	86	34
YEV	76.0	75.0	15	1
86	88	74	75	49	54	82	97	83	75	83	62
PGI	9.0	49.0	7	1
9	65	14	42	14	64	1	27
NNR	91.0	26.0	8	1
97	15	81	37	111	41	76	12
CWF	41.0	48.0	14	1
37	40	57	49	26	35	47	69
DSR	78.0	71.0	5	1
82	50	70	75	80	74	92	93	74	88	65	59	85	64
WFP	19.0	15.0	7	1
37	32	5	-1	10	-6	24	8	20	27	19	34
KRW	60.0	86.0	11	1
76	106	60	92	83	99	65	93	55	69	46	83	36	66
EFN	5.0	75.0	8	1
18	84	31	91	-13	57	-5	78	15	88	-11	54
WOQ	0.0	16.0	7	1
3	8	-20	-6	-15	33	-16	12	3	29	18	11	21	21	3	25
NRR	3.0	85.0	14	1
19	95	11	105	14	67	-8	101	-14	64	7	64	-15	93	12	92
MRY	65.0	49.0	16	1
63	46	44	28	68	72	51	47	52	52	82	35	86	42	79	72
XTF	54.0	10.0	22	1
72	7	69	27	57	-12	36	4	39	24
LVJ	89.0	20.0	13	1
101	41	79	9	80	5	78	17	113	24	84	27
VST	3.0	38.0	15	1
29	16	-15	32	-7	42	6	38	-15	45	6	58	19	36
MPO	25.0	48.0	17	1
17	66	23	47	14	40	20	39	38	64	7	45	40	58	48	27
ZWA	5.0	95.0	19	1
26	113	-9	75	-2	108	-14	103	25	76
IBA	22.0	11.0	23	1
30	-3	32	-3	32	16	-11	19	31	18	22	19
KFB	53.0	15.0	10	1
55	30	49	10	43	33	78	-4	48	0	60	32	43	8
RIQ	35.0	89.0	23	1
34	105	30	95	52	79	53	81	25	98	18	78
BYS	82.0	22.0	8	1
70	32	88	11	99	7	65	31	73	36	100	18
ZOH	97.0	87.0	16	1
109	78	83	92	96	87	102	90	95	92
EPG	56.0	54.0	7	1
45	72	62	72	71	37	42	42	67	65	50	40
JEQ	60.0	96.0	15	1
73	79	46	94	33	104	71	84	55	104	63	119	68	110	72	79
DDY	37.0	86.0	1	1
52	91	41	87	39	85	33	102	46	80	14	65	34	98
SGJ	41.0	63.0	24	1
28	77	43	50	37	66	27	76	72	49
TSK	1.0	-5.0	25	1
-16	-5	24	-12	-15	16	13	-20
ZGU	48.0	52.0	10	1
37	43	62	56	33	59	64	37	38	72	61	59	50	39	42	57
ICM	66.0	90.0	20	1
76	117	49	98	70	75	49	85	88	75
ZIW	85.0	4.0	15	1
101	4	89	2	92	19	92	17	80	-3	59	-15
SLE	51.0	46.0	11	1
66	45	63	42	53	51	71	55	28	40	27	46	53	46
EGF	43.0	65.0	24	1
61	54	40	84	52	62	42	46	32	78	45	81	34	53
YJI	17.0	89.0	21	1
15	77	8	101	28	97	28	86	8	87
ESF	-3.0	17.0	21	1
2	33	-9	8	-22	5	-18	13	13	19	13	27
WYE	58.0	81.0	11	1
57	76	44	75	67	79	59	101	63	77
