XGF	88.0	36.0	6	1
112	28	72	25	97	53	73	24	90	38	84	48
VMW	81.0	48.0	2	1
73	61	74	55	88	26	71	48	90	43	73	52	101	56
WMR	37.0	24.0	6	1
39	27	61	8	34	31	31	17	21	37
UOW	58.0	36.0	3	1
63	37	75	51	74	41	59	27	28	37	49	23
ZBA	12.0	10.0	10	1
7	25	25	-1	28	18	-6	12	9	-2
JJK	19.0	24.0	5	1
18	33	26	27	7	15	9	39	23	10	33	23
MVG	0.0	60.0	5	1
7	58	20	65	-2	59	-17	76	5	67	-13	36
YMZ	38.0	98.0	5	1
30	118	38	102	51	106	30	97	34	95	38	87	47	81
NGP	72.0	97.0	8	1
61	76	97	101	62	113	55	85	60	86	98	108	71	112
YFA	44.0	8.0	10	1
38	24	31	-5	50	3	38	20	50	15	40	10	63	-7
BDB	4.0	74.0	4	1
10	90	25	76	0	75	-8	71	14	80	-13	54
NRJ	67.0	31.0	3	1
60	48	70	21	76	20	56	33	63	26	86	54	60	18
QYT	93.0	66.0	2	1
78	56	81	88	102	59	98	55	116	72	113	66	83	52	76	82
NAR	86.0	96.0	7	1
71	75	81	109	103	79	69	103	107	116
XAY	-2.0	24.0	1	1
-15	43	-6	21	-5	13	15	32	1	11
KRO	66.0	26.0	10	1
60	34	66	14	57	9	81	49
NEX	99.0	52.0	4	1
108	51	106	45	96	74	102	34	105	61	77	49
RLY	85.0	81.0	7	1
89	57	87	86	88	99	91	101	74	62
ROP	69.0	92.0	3	1
60	109	66	110	58	89	70	79	62	78	102	87
SSM	57.0	70.0	3	1
32	65	40	57	71	68	71	72	68	91	72	60	73	73	32	77
GRH	48.0	97.0	4	1
49	115	57	87	60	95	26	101	48	89
IMM	23.0	108.0	7	1
30	121	21	110	34	103	45	82	11	114	21	123	1	104
FTH	21.0	35.0	7	1
22	37	37	37	8	33	16	19	12	42	31	43
DQU	52.0	26.0	7	1
48	38	29	42	53	3	64	23	64	11	49	44	62	24
CHC	33.0	34.0	0	1
20	29	32	34	34	33	46	39	28	45	34	19	54	27	18	50
ZYO	93.0	65.0	4	1
105	45	96	68	98	67	89	55	81	68	83	78	99	75
QJO	57.0	90.0	5	1
58	93	45	69	58	92	70	107
SHU	93.0	98.0	5	1
107	80	97	86	95	113	69	102	87	95	108	116
QPP	30.0	64.0	1	1
12	70	47	72	36	80	27	34
FIS	49.0	11.0	0	1
73	21	66	10	52	28	56	9	31	27	32	-15	37	1
NNF	53.0	59.0	9	1
38	55	76	37	43	51	38	67	38	81	73	76	66	51
WTL	90.0	96.0	6	1
100	99	94	108	74	79	73	106	88	89	90	112	113	82
MKX	58.0	65.0	1	1
46	86	70	52	52	82	46	66	74	72	59	57	65	45
DHQ	49.0	92.0	7	1
35	84	53	106	38	89	53	82	61	100	42	76	64	109
HUL	-1.0	43.0	6	1
-4	48	-12	18	-7	66	11	60	-21	47	7	41	15	26
LZN	26.0	4.0	1	1
9	22	15	5	49	-17	30	-2	29	13
JSE	33.0	83.0	2	1
44	85	35	81	38	89	31	75	23	82	27	89
