WPQ	87.0	44.0	0	1
72	59	109	39	71	34	69	44	89	49	104	26	99	60
TCE	72.0	48.0	0	1
81	54	81	61	78	50	42	33	78	46
GBX	49.0	87.0	7	1
36	94	42	78	34	65	62	94	53	95	69	100
DOS	46.0	79.0	3	1
38	76	65	98	64	65	18	80
CFZ	10.0	43.0	0	1
7	40	9	39	1	39	4	52	30	49
PGV	10.0	-2.0	1	1
10	-3	13	-3	17	-12	11	16	1	-11
DPX	52.0	9.0	7	1
81	24	69	4	42	4	41	6	45	17	50	10	39	4
JCE	3.0	69.0	1	1
0	65	-1	80	-14	65	25	71	27	55	-11	69	-1	83
KUM	80.0	28.0	8	1
67	29	69	38	95	22	89	25	82	26
ZPT	12.0	22.0	2	1
-4	19	7	-4	25	39	-3	35	36	23
XHE	46.0	27.0	10	1
55	5	41	17	60	28	25	38	50	50
RWA	92.0	15.0	7	1
81	5	83	10	98	24	100	1	101	37
IYM	87.0	31.0	8	1
87	47	96	46	97	17	104	16	73	21	69	41	64	48	108	14
WDR	73.0	86.0	1	1
86	73	77	84	72	95	95	89	74	71	59	100	52	91
VOL	23.0	74.0	5	1
40	72	8	63	25	61	47	100	17	71	16	60	11	77	22	90
TPQ	3.0	16.0	6	1
-19	21	17	23	-23	26	14	5	17	19	4	4	15	15
BHI	5.0	72.0	7	1
-13	46	11	80	-1	79	23	85
EFE	13.0	95.0	1	1
32	119	3	73	20	85	2	107	11	94
SKN	56.0	44.0	6	1
35	53	41	35	63	42	64	52	61	36	77	51	55	37	52	49
JNA	69.0	77.0	8	1
52	96	74	75	85	61	50	82	87	75
JAZ	81.0	30.0	7	1
79	12	101	32	78	46	89	39	72	45	70	9
