UIZ	25.0	57.0	5	1
36	47	19	64	25	60	28	31	22	53	35	73	11	73
RPO	33.0	17.0	2	1
12	-10	36	0	50	34	35	28	37	32	31	21
DJA	13.0	27.0	21	1
1	33	6	27	22	16	11	25	23	44	18	18
OAX	53.0	38.0	16	1
52	67	42	26	69	41	67	29	48	29	44	40
QHW	19.0	21.0	2	1
35	6	18	25	14	26	2	42	1	27	28	11	41	10
RHO	81.0	36.0	10	1
96	19	75	53	65	37	71	13	105	52	68	41	70	56	105	18
KYQ	42.0	93.0	22	1
25	110	33	106	52	81	43	79	61	93
IFU	19.0	55.0	13	1
-3	57	2	39	7	52	33	43	31	73	26	58	38	63
QFV	61.0	80.0	15	1
74	59	87	100	60	75	39	85	58	83	63	63	48	100
YYD	7.0	31.0	24	1
7	29	0	25	29	33	-6	44	11	25	5	30
HSR	15.0	48.0	21	1
31	51	18	46	7	40	5	55
BNH	37.0	38.0	24	1
52	49	24	60	19	56	65	19	26	44	43	17	54	35	19	28
NSF	28.0	68.0	21	1
49	66	11	81	17	79	45	38	19	65	28	84
GCG	44.0	45.0	20	1
47	37	28	38	55	63	47	42
