LBB	84.0	81.0	1	1
58	94	71	66	94	62	95	93	98	82	92	94
IOY	84.0	66.0	8	1
79	48	77	60	93	80	84	44	95	50	105	77	61	85	84	87
QSN	42.0	0.0	9	1
42	14	23	2	45	-6	57	7	21	21	59	-13	34	-13	58	-9
YUC	95.0	90.0	3	1
75	87	120	77	89	111	97	92	81	101	110	77
RVY	84.0	86.0	12	1
104	70	69	98	104	68	71	75	84	81	89	103	85	85	72	109
FVK	14.0	88.0	23	1
33	86	15	101	8	97	-11	86	24	89	3	71	6	75	35	101
PIY	96.0	15.0	15	1
115	26	79	7	101	12	99	10	94	16	92	22
IXH	100.0	41.0	14	1
96	59	113	21	119	21	97	44	78	60
GMG	35.0	12.0	6	1
23	15	49	-4	10	-2	48	36	45	18
OWI	-1.0	51.0	3	1
-15	30	9	63	-5	39	-2	54	-13	31	26	74	-7	71
