LMG	26.0	40.0	7	1
30	55	21	14	31	48	18	45	6	42	41	43	24	54	37	24
MXU	98.0	38.0	16	1
103	35	103	35	107	21	101	50	103	60	87	26	85	44
YPY	66.0	31.0	1	1
48	32	77	36	74	37	66	20
SFI	78.0	85.0	24	1
56	73	61	80	97	112	90	93	85	83	77	66	84	90
FOT	74.0	86.0	19	1
72	88	96	77	52	90	84	88	87	102	57	73
QHW	81.0	57.0	1	1
87	42	82	72	68	66	67	50	101	56
XEV	38.0	87.0	6	1
15	76	51	79	51	99	44	77	31	105
UPI	41.0	30.0	3	1
24	41	45	7	48	32	53	41	16	18	61	33	29	34	53	38
OPN	27.0	71.0	17	1
33	81	14	50	22	59	18	89	21	75	41	59	42	85
RSV	0.0	101.0	11	1
-7	112	-10	76	-14	102	31	104	24	104	-11	115	-10	100
UEE	74.0	17.0	1	1
76	-2	61	-6	70	29	93	38	86	22	80	10	57	35	73	10
QKN	58.0	87.0	11	1
41	87	55	100	81	59	48	94	68	99
SCE	91.0	12.0	23	1
78	19	89	5	104	23	99	23	86	-6
LJH	9.0	40.0	11	1
24	39	21	48	7	54	7	58	-15	23	12	41	24	27	-7	31
JHZ	93.0	66.0	13	1
101	81	67	37	110	79	94	67
UAX	23.0	73.0	22	1
35	62	13	88	26	48	48	86	16	84	4	71
FEO	39.0	64.0	14	1
56	57	55	41	32	53	37	82	18	68	32	74	45	78
WCJ	31.0	84.0	21	1
35	81	22	78	36	94	33	83
UTN	21.0	44.0	18	1
16	36	8	49	24	56	23	34	17	56	42	34
JKB	29.0	81.0	7	1
20	97	30	98	27	64	41	66
SAP	66.0	27.0	15	1
89	9	68	25	49	16	72	40	52	47
NYC	16.0	103.0	18	1
-3	86	19	115	19	113	3	94	26	115	37	109	11	94
ZQP	94.0	89.0	23	1
117	78	88	89	96	105	77	91	93	85
QMA	51.0	46.0	16	1
53	30	48	40	51	60	54	55
APS	54.0	69.0	21	1
42	60	57	78	67	80	57	77	39	55	66	64
DTO	85.0	74.0	7	1
69	79	98	68	79	86	89	78	92	64	102	70	90	58	61	89
SUV	33.0	27.0	3	1
36	47	35	44	34	48	39	3	21	0	21	5	47	42
KYN	18.0	34.0	10	1
25	47	15	31	14	23	30	53	20	30	7	24
ZKX	4.0	26.0	21	1
21	37	11	32	-10	1	6	38	-17	33	20	18	-1	24
CCX	13.0	16.0	16	1
-7	-1	3	36	40	26	14	11	-4	8	30	17	17	21
AIF	34.0	59.0	15	1
20	41	20	41	37	75	38	71	36	51	48	61	41	74
PUF	74.0	-4.0	7	1
87	-20	85	-3	63	13	74	-2	65	-11
