ICI	7.0	66.0	2	1
6	81	21	71	10	79	-4	61	-14	55	23	51
UGY	78.0	71.0	9	1
72	66	92	84	66	68	84	66
QDV	98.0	63.0	10	1
92	76	99	83	96	46	106	47
QZW	0.0	43.0	2	1
17	46	-4	35	-6	50	19	30	-13	40	-18	36	-1	67
XDP	85.0	41.0	3	1
87	48	87	53	104	43	62	36	89	27
CQN	63.0	39.0	10	1
75	57	79	50	70	49	43	38	68	21	46	24
IBO	77.0	32.0	1	1
95	40	76	32	61	11	73	40	70	38	77	43	88	22
KWZ	50.0	77.0	5	1
43	88	55	94	58	75	26	78	67	71	55	58
TYT	67.0	90.0	6	1
87	76	49	66	63	85	79	101	64	104	54	94	73	108
BBA	79.0	81.0	8	1
61	93	92	74	60	69	87	93	98	98	78	62
ZPH	92.0	43.0	8	1
101	37	102	54	68	59	72	26	108	24	101	62
PNC	105.0	69.0	7	1
114	62	108	72	115	82	79	68	118	59	86	57	118	89
APE	40.0	90.0	4	1
49	88	45	65	34	85	50	99	46	107	21	110	39	78
PGE	65.0	70.0	10	1
70	73	51	46	82	91	46	72	77	72
IZY	22.0	101.0	4	1
12	115	13	121	50	90	8	76	31	99	21	108
UVV	50.0	88.0	5	1
47	79	45	83	65	109	36	82	39	87	69	106	70	90	32	71
WED	87.0	48.0	3	1
82	61	79	42	99	50	100	43	77	48
EBJ	30.0	51.0	10	1
27	51	43	59	23	77	33	36	24	35
IJV	46.0	9.0	5	1
55	14	40	13	37	8	62	-3	39	11	46	12
EGU	65.0	-6.0	10	1
71	-23	61	17	64	-15	66	-4
AGE	56.0	54.0	4	1
83	36	64	69	52	38	38	82	44	45
RLD	13.0	38.0	5	1
12	24	30	58	-2	20	6	43	1	49	29	59	17	19
EDE	91.0	7.0	10	1
69	2	116	6	105	21	75	15	86	1	98	-2
WHC	30.0	21.0	2	1
26	0	53	0	48	33	22	25	19	38	15	35
ADR	73.0	17.0	8	1
84	22	72	-15	72	31	65	31
UPY	0.0	37.0	0	1
12	30	-6	50	-3	28	21	29	-2	53	-7	39	-15	34
ZTG	92.0	69.0	5	1
90	61	80	54	97	70	110	71	84	63	105	87	80	78
QKE	71.0	73.0	9	1
54	85	100	88	66	69	70	64	57	50	74	95	64	59	88	81
YAZ	89.0	78.0	7	1
70	73	82	63	104	71	96	78	75	65	100	95	86	97	104	85
OWG	52.0	45.0	10	1
56	52	31	41	67	35	64	61	42	38
YMO	52.0	64.0	1	1
52	54	64	79	34	69	68	50	42	69
GVQ	15.0	49.0	6	1
34	35	-7	50	33	71	-2	50	14	47	18	41
