MIM	10.0	70.0	16	1
-10	73	10	60	11	76	-5	79	18	88	37	45
TGX	79.0	16.0	4	1
81	13	88	9	88	19	65	18	83	16	76	32	77	32	81	-7
WXQ	24.0	56.0	21	1
14	79	48	56	16	35	53	44	8	51	19	53	15	76
ELU	54.0	87.0	8	1
38	108	42	84	69	96	68	76	63	88	45	75
LRU	82.0	71.0	9	1
70	90	62	73	87	66	65	53	81	73	88	89	104	69	100	60
ASC	103.0	73.0	3	1
74	61	118	56	113	72	101	88	111	91
TGG	70.0	59.0	16	1
81	58	78	52	67	71	85	45	62	61	59	70	57	73	72	46
LHZ	27.0	66.0	15	1
18	71	22	69	15	40	25	66	46	84	31	65	32	71
CRK	65.0	8.0	21	1
77	17	77	-11	59	22	71	11	41	5
QNT	89.0	43.0	19	1
70	56	81	32	103	53	118	27	71	26	96	66
UFW	69.0	64.0	16	1
88	47	82	62	55	81	52	68
VUB	75.0	81.0	15	1
83	96	74	59	77	70	65	98	80	86
MSJ	18.0	71.0	12	1
10	73	37	51	3	74	23	70	-3	78	44	86	13	63	24	75
FHD	94.0	18.0	19	1
97	14	86	39	101	16	92	5
NEM	88.0	6.0	16	1
85	18	85	18	71	-5	97	11	105	-8
BGH	47.0	46.0	1	1
49	33	52	54	54	59	36	40	61	44	34	50
KQV	91.0	32.0	19	1
83	17	97	17	83	47	100	41	108	17	83	43	86	42
PVW	8.0	34.0	6	1
-14	52	22	28	19	24	13	37	2	29
LGP	25.0	17.0	19	1
26	32	15	-12	30	25	39	29	17	11
GKU	72.0	58.0	22	1
72	69	68	44	80	62	85	57	48	43	84	78
KYX	28.0	4.0	3	1
20	-12	54	8	24	29	11	11	9	4	52	-13
MZG	53.0	47.0	6	1
59	68	27	41	57	55	30	46	62	48	64	37	75	34
NVB	15.0	42.0	9	1
9	33	21	51	11	27	29	54	9	38	31	49	19	24	-8	64
QIM	24.0	44.0	1	1
39	31	29	32	3	53	11	40	31	49	35	64
MKF	3.0	42.0	8	1
15	50	-7	46	19	49	4	34	-2	31	-6	47
