ELW	22.0	102.0	4	1
18	107	21	108	8	86	13	103	34	116	39	94
OWZ	26.0	25.0	7	1
25	33	39	10	36	9	0	34	32	39
XWU	93.0	69.0	7	1
108	78	95	64	69	71	102	75	91	57
UXB	69.0	14.0	1	1
71	9	63	15	57	-10	79	30	76	29
GFK	27.0	76.0	2	1
35	73	13	71	28	58	21	100	40	81
ZAQ	18.0	22.0	19	1
20	19	26	6	19	27	7	38
BPK	93.0	95.0	9	1
99	86	82	107	62	93	99	93	99	76	106	113	105	97
TZQ	83.0	56.0	24	1
68	43	102	49	80	72	71	39	75	47	89	65	99	82
EHV	66.0	-1.0	4	1
60	11	52	-6	79	-19	86	1	55	6
AXR	9.0	79.0	8	1
-17	104	23	59	7	88	23	92	27	76	27	68	-21	72
XFG	77.0	13.0	21	1
63	-2	86	28	94	10	79	21	74	24	71	0
BSA	27.0	70.0	8	1
26	55	34	76	31	91	31	64	44	58	15	72	20	66	15	82
TCR	94.0	10.0	15	1
97	17	74	-1	114	18	84	2	103	16
GUR	21.0	5.0	18	1
33	-11	41	11	19	6	-5	16	18	5
HHA	103.0	22.0	10	1
112	19	89	28	109	38	111	35	100	9	90	27	115	3
TEE	3.0	34.0	11	1
19	39	-13	30	18	42	-4	30	12	11	-11	56
KFJ	74.0	71.0	0	1
74	100	68	62	56	59	76	65	83	65	87	80
AXA	109.0	63.0	11	1
117	59	116	73	92	69	101	70	120	54	109	55
