RDP	36.0	22.0	6	1
18	16	37	32	38	38	47	15	59	15	25	16	32	22
CXG	39.0	15.0	21	1
58	27	23	5	41	1	36	16	37	27
SZC	42.0	74.0	8	1
40	65	56	93	24	65	43	90	57	61	34	70
LNR	37.0	58.0	5	1
14	63	49	76	33	39	34	69	61	75	26	41	43	45
YEI	9.0	28.0	14	1
-2	35	-7	50	26	18	-3	13	35	32	-6	39	20	15
AXR	48.0	47.0	1	1
39	45	61	50	59	23	38	63	35	59	43	62	66	27
HFJ	26.0	49.0	18	1
9	41	46	71	36	32	16	54
UQU	12.0	24.0	18	1
9	48	27	9	-2	23	25	1	14	19	4	45
SYU	45.0	49.0	14	1
27	42	47	57	44	44	55	60	35	35	63	61
PSG	12.0	85.0	25	1
-8	65	20	86	11	105	25	87
KMR	64.0	38.0	6	1
72	47	65	54	55	18	65	34
LVH	97.0	88.0	18	1
98	107	100	109	73	79	100	68	119	90	92	79
YPB	59.0	85.0	17	1
75	102	46	73	39	67	75	73	77	93	46	103
YWF	51.0	14.0	14	1
35	21	59	35	67	9	39	27	62	5	46	-8
