KOY	59.0	75.0	9	1
65	65	58	61	67	109	40	64	65	77
BMS	86.0	66.0	3	1
85	69	82	58	93	61	73	91	93	49	90	60	92	75
SAL	78.0	90.0	8	1
79	76	79	74	73	122	82	90
JOX	34.0	39.0	3	1
64	56	23	24	24	37	43	49	20	29
DNK	36.0	89.0	8	1
43	86	40	101	32	101	14	93	47	74	41	84
RZI	102.0	-3.0	4	1
87	11	121	-10	107	5	95	1	121	-10	109	-6	79	-13
QAF	42.0	83.0	5	1
63	84	40	82	19	72	60	85	23	67	29	103	61	94
BZW	28.0	57.0	7	1
32	83	45	67	11	45	31	38	0	56	39	60	40	51
UZZ	28.0	16.0	7	1
39	33	53	-7	17	13	19	7	19	20	21	0	41	30	16	33
TAC	27.0	69.0	9	1
40	82	21	52	32	68	41	71	3	72
DWX	35.0	70.0	6	1
22	76	27	68	27	74	35	61	22	67	58	100	50	59	40	55
LKU	33.0	37.0	5	1
29	51	27	52	22	42	21	10	54	16	47	55
CUJ	47.0	46.0	1	1
43	63	44	24	64	58	54	62	44	34	48	59	33	24
SDE	90.0	44.0	3	1
77	50	97	35	92	31	97	61
SIO	62.0	45.0	1	1
85	38	61	60	51	34	58	35	51	44	51	34	74	61	70	57
FCH	86.0	0.0	1	1
65	25	101	-17	99	0	104	2	89	1	60	-13
MIQ	30.0	8.0	3	1
50	17	54	11	9	18	38	-6	28	25	16	20	29	-8	16	-8
WOH	26.0	2.0	10	1
7	1	51	-3	23	18	8	-17	44	15
VPO	32.0	0.0	6	1
50	10	19	-2	46	0	16	-11
PCE	-3.0	77.0	4	1
-11	77	-12	85	14	76	-5	73
FXA	42.0	78.0	10	1
48	73	21	71	42	89	52	82	50	77
YYJ	103.0	34.0	4	1
122	55	96	21	87	13	115	25	97	57
AKG	104.0	5.0	6	1
84	8	120	1	114	18	91	-3	111	3
ZOI	77.0	96.0	2	1
78	113	73	110	61	73	93	109	82	76
JBE	47.0	62.0	3	1
29	58	30	56	76	57	54	77
QJP	70.0	94.0	6	1
75	86	50	98	90	91	64	91	72	108
BQA	28.0	26.0	3	1
45	28	33	17	25	31	27	38	22	20	21	18	24	34
EJN	34.0	7.0	1	1
37	1	38	-11	23	26	38	15
PEV	64.0	27.0	9	1
57	31	80	47	58	50	80	11	63	8	49	15
AGH	37.0	81.0	1	1
16	68	37	78	43	89	54	91
YXT	10.0	46.0	8	1
5	61	18	61	20	63	-5	24	15	24
LOE	80.0	63.0	1	1
79	49	77	58	88	80	85	62	73	67
FHC	84.0	-2.0	8	1
70	-1	83	-17	72	2	101	-2	97	6
CEG	75.0	31.0	8	1
83	45	87	15	88	25	76	22	66	19	70	22	68	50	65	56
UOY	23.0	6.0	5	1
12	5	25	25	22	0	13	11	34	0	36	-4
RAG	33.0	9.0	9	1
26	15	30	-7	45	15	32	-6	34	29
SQZ	68.0	46.0	3	1
64	54	71	60	75	57	81	28	66	40	50	49	65	17	78	63
CWC	17.0	15.0	5	1
22	13	30	18	9	16	8	17	19	12
UZB	86.0	103.0	1	1
70	95	97	109	85	117	93	92
