XTB	65.0	22.0	3	1
62	15	76	37	57	13	63	36	71	10
PNU	39.0	41.0	7	1
31	49	52	57	23	40	37	20	35	62	61	41	25	22	53	43
CHS	18.0	42.0	3	1
18	32	17	42	40	30	6	56	13	53
TRD	9.0	19.0	2	1
10	40	32	10	-7	27	-1	19	11	7	1	16	19	16
RSB	87.0	86.0	4	1
88	83	84	110	71	89	82	67	101	97	101	75
JIU	90.0	53.0	10	1
76	61	110	53	71	36	75	54	114	43	111	75	76	54
PYQ	35.0	67.0	8	1
46	83	45	64	54	75	16	38	11	85	31	58	55	59	26	75
GQT	26.0	100.0	7	1
5	115	12	82	46	95	32	112	38	82	28	117
FUQ	19.0	70.0	2	1
17	75	45	64	8	69	4	83	41	69	2	83	2	54	35	64
XIG	67.0	54.0	6	1
66	47	67	66	84	38	52	65
ULO	11.0	85.0	1	1
5	77	9	94	0	93	27	89	-1	95	-2	78	23	79	34	78
NWS	16.0	72.0	3	1
35	73	28	68	-4	77	13	98	16	55	16	99	30	56	1	53
PFT	77.0	41.0	8	1
96	49	58	46	64	15	78	53	88	42	80	41
AWP	4.0	52.0	9	1
30	48	-13	78	20	79	10	35	-9	36	-12	37
MLG	64.0	98.0	6	1
56	84	59	103	77	115	65	90
ZSY	20.0	67.0	1	1
-1	63	23	82	34	59	26	68	25	47	16	87
TMD	11.0	7.0	0	1
10	1	9	22	-4	18	29	3	-9	-1	23	1	19	5
TXP	46.0	15.0	4	1
66	21	48	-8	54	16	39	6	30	20	44	35
YBZ	-2.0	41.0	5	1
0	42	-1	30	2	41	-12	54
JIS	29.0	10.0	9	1
30	2	43	17	26	18	41	-2	37	11	25	-9	7	35
JQH	55.0	95.0	1	1
67	89	47	76	47	106	62	99	49	88	57	87	49	114	66	101
WSC	45.0	27.0	2	1
23	45	43	29	42	13	53	21	66	29
VRL	32.0	100.0	9	1
51	84	14	104	35	112	7	113	44	77	32	99	47	115
FJY	37.0	30.0	1	1
20	6	55	42	43	16	32	47	44	32	54	41	16	22	37	37
ESM	30.0	82.0	4	1
26	64	36	92	37	101	22	71
VAY	92.0	86.0	2	1
80	94	101	93	94	52	90	95	99	100
HEP	79.0	14.0	7	1
87	-3	82	11	92	24	91	21	61	35	58	17	87	-5
DPS	66.0	73.0	8	1
77	70	72	81	56	63	75	84	53	70
