YGB	47.0	4.0	7	1
45	21	35	-11	56	-14	49	14	35	7	65	11
WMO	72.0	54.0	4	1
66	55	55	40	71	43	98	80
CQI	19.0	78.0	1	1
27	63	24	92	-4	81	30	76
PUR	110.0	-1.0	1	1
110	7	111	-16	112	-8	105	15	113	-5
DLF	63.0	101.0	9	1
64	122	54	99	62	83	79	104	41	92	75	118	58	114	76	78
HPO	48.0	25.0	6	1
38	16	50	35	27	49	67	13	59	16
CWZ	82.0	17.0	3	1
96	-8	75	3	82	30	86	18	93	35	65	27
HGQ	61.0	101.0	6	1
81	95	68	111	55	109	66	116	40	106	45	91	74	80
EFG	46.0	55.0	7	1
42	77	24	73	34	72	68	34	67	35	57	40	34	58
VRY	-3.0	69.0	5	1
-1	70	-16	72	-12	72	3	65	11	67
FMZ	3.0	37.0	6	1
7	27	2	60	-17	38	11	52	11	15	15	17	-3	56
DQV	44.0	53.0	2	1
32	60	55	49	25	46	38	69	58	65	58	33
WVX	54.0	-7.0	4	1
62	-22	76	15	51	21	49	-20	38	-23	50	-15
EWP	30.0	46.0	6	1
19	63	39	60	37	52	43	23	18	61	49	27	7	41
BUH	93.0	60.0	6	1
97	77	107	47	74	45	94	73
GYR	5.0	54.0	9	1
-12	53	1	71	10	41	11	45	20	40	4	76
OEO	13.0	7.0	5	1
10	-3	17	4	4	31	16	-5	32	18	2	1
HHJ	70.0	33.0	3	1
89	35	79	36	79	27	73	45	51	36	62	32	61	26
DSE	55.0	65.0	7	1
36	58	82	73	40	83	47	50	69	65	41	75	73	54
PJT	42.0	108.0	10	1
32	121	32	117	43	99	33	84	34	109	58	119	63	113
TZJ	60.0	73.0	4	1
37	62	68	63	83	90	73	85	40	53	75	75	48	89
KUT	81.0	17.0	6	1
78	21	74	1	62	35	97	26	98	3
TTX	37.0	39.0	6	1
49	58	17	52	53	39	43	24	30	44	34	21
SCE	63.0	35.0	9	1
84	36	54	15	85	43	56	25	42	35	61	37	59	56
