YCG	24.0	26.0	9	1
40	33	10	13	10	39	39	19
PHD	12.0	60.0	25	1
-4	45	-15	49	29	47	20	82	30	54	30	53	20	65	-7	86
CMJ	69.0	31.0	2	1
91	39	62	44	52	3	59	25	66	33	86	43
BTM	82.0	31.0	9	1
101	20	65	21	88	25	67	61	89	31
INI	30.0	39.0	12	1
36	33	29	57	36	32	21	21	28	65	33	31	20	51	42	23
FQV	38.0	51.0	4	1
24	57	25	73	64	39	42	45	37	44
AJN	94.0	43.0	21	1
92	43	99	31	87	62	98	52	88	48	94	26	100	44
JGG	9.0	21.0	21	1
25	-3	-5	31	7	39	17	-2	14	32	-15	20	23	34
ZBE	19.0	41.0	4	1
2	42	14	19	41	55	31	34	19	36	9	61
ZLZ	96.0	24.0	11	1
96	36	102	17	109	39	93	15	111	16	81	25	66	29	112	15
KXS	55.0	36.0	20	1
54	25	50	36	58	19	60	65
VBL	27.0	62.0	14	1
33	38	46	68	10	73	11	53	39	78
YAC	10.0	18.0	21	1
0	27	13	39	15	17	21	0	21	5	-8	41	9	0
HXQ	72.0	89.0	11	1
61	82	61	76	81	98	67	78	65	99	85	83	86	120	74	79
BAQ	89.0	29.0	20	1
92	19	87	39	91	25	87	35
FYU	86.0	65.0	3	1
76	63	81	61	90	60	99	76
QWE	49.0	74.0	24	1
40	58	48	54	51	67	58	98	66	67	21	90	64	90
NVP	11.0	42.0	24	1
41	48	3	38	11	46	18	54	-1	50	-3	20
HOY	57.0	33.0	1	1
44	37	41	23	66	45	70	23	67	40
HLU	88.0	22.0	15	1
78	38	90	35	75	10	100	14	93	30	82	18	116	25	71	11
FWA	96.0	26.0	20	1
97	10	84	21	93	33	96	23	106	47	95	38	103	16
TNK	56.0	57.0	9	1
33	55	69	86	40	50	66	44	74	51
ZUS	35.0	19.0	7	1
28	27	58	24	32	16	24	11
KEX	103.0	68.0	15	1
106	66	84	52	116	82	116	62	111	59	91	85	97	70
SVJ	-2.0	66.0	22	1
-18	76	-7	50	-7	47	27	72	-7	87
VMX	50.0	43.0	12	1
42	45	25	24	71	57	74	48	44	49	27	23	71	57
YFK	39.0	24.0	6	1
49	9	28	20	51	29	24	9	47	34	36	47
XDB	55.0	57.0	20	1
50	70	46	42	54	71	57	52	72	52
ZRH	61.0	63.0	10	1
47	43	52	82	72	79	74	65	61	46
ZIK	105.0	31.0	24	1
95	41	101	40	121	10	117	13	92	52
EHV	30.0	50.0	9	1
42	77	36	48	52	40	9	49	27	50	17	39
SDZ	14.0	21.0	10	1
36	11	19	12	17	8	5	31	8	44	4	22
VPZ	98.0	58.0	21	1
79	39	119	71	88	54	89	43	116	71	100	73
NWV	11.0	22.0	13	1
31	16	1	21	10	28	3	26
QWB	25.0	5.0	24	1
11	-11	17	5	36	8	48	-13	17	28	18	19	32	5
LLX	50.0	22.0	9	1
64	10	39	-9	27	36	37	39	55	16	59	36	60	31	62	17
HGD	95.0	65.0	23	1
109	54	75	88	88	81	101	61	106	42
OGP	39.0	86.0	9	1
36	105	30	67	37	69	59	66	33	86	44	98	36	111
EJE	3.0	11.0	1	1
7	27	17	1	8	6	-8	18	-13	-16	21	17	-9	29
NTT	92.0	19.0	9	1
77	26	94	13	95	26	105	14
HBA	7.0	13.0	21	1
14	1	37	2	-5	34	1	10	9	16	3	23	-6	7
KOM	50.0	20.0	8	1
37	15	51	46	65	21	74	30	35	10	41	2
CKM	90.0	41.0	14	1
79	20	91	20	84	30	116	58	73	59	108	37	96	48	74	56
YHU	12.0	12.0	15	1
35	23	15	35	17	-6	-5	-1	2	11
HCM	22.0	90.0	4	1
34	101	20	94	-5	84	30	80	13	87	37	96	25	90
LJG	62.0	48.0	10	1
67	64	77	39	58	64	37	25	81	50	73	27	47	72
WWM	12.0	25.0	23	1
10	20	-7	9	18	15	30	43	24	14	-1	50
JJH	23.0	5.0	2	1
39	6	5	32	19	-3	32	-11	20	1
TDT	50.0	42.0	0	1
70	46	56	56	44	29	43	58	43	32	34	56	59	44	55	18
