QVL	94.0	88.0	7	1
102	76	75	89	103	103	97	84
PKC	107.0	69.0	8	1
123	59	118	59	101	82	97	60	96	86
LLZ	10.0	-1.0	9	1
35	-13	0	1	0	-2	6	9
VWQ	21.0	53.0	3	1
31	62	0	42	16	32	21	28	41	73	25	71	18	68
ZTD	39.0	30.0	4	1
46	28	55	33	43	8	36	52	42	32	25	13	31	49
QLQ	35.0	69.0	2	1
47	71	52	73	43	74	48	63	15	51	7	87
MXI	83.0	81.0	8	1
64	62	102	73	75	76	78	99	111	89	65	80	86	91
LUM	71.0	-11.0	2	1
76	-17	62	-1	69	-5	57	-12	83	-15	83	-21
GUY	77.0	56.0	1	1
72	72	75	71	80	53	87	33	74	54
ERC	25.0	70.0	0	1
43	77	4	58	32	66	11	75	32	93	29	54
WTI	9.0	14.0	9	1
-6	30	32	25	32	30	22	-8	-1	4	-14	20	-2	-3
XRJ	30.0	90.0	0	1
40	94	5	97	44	66	40	86	21	107	46	79	14	107
DFD	56.0	93.0	8	1
36	101	63	90	39	97	58	90	73	104	78	94	46	75
OSD	56.0	59.0	8	1
60	47	50	47	60	64	44	85	69	52
TZW	91.0	23.0	8	1
88	23	108	10	98	35	83	47	78	3
FAE	25.0	91.0	8	1
33	80	42	109	35	89	-1	72	18	109
FTK	73.0	91.0	8	1
68	75	56	82	63	108	91	85	82	108	90	100	67	82
PFM	16.0	81.0	8	1
24	90	33	72	-7	96	30	79	-2	91	33	78	5	65
BXF	97.0	21.0	2	1
115	40	110	7	74	2	106	23	83	36
JZL	15.0	43.0	6	1
31	28	4	37	30	41	31	42	-10	51	8	61
HSQ	43.0	49.0	9	1
44	45	53	56	37	53	42	36	46	52	38	54
ZEA	45.0	66.0	3	1
34	84	64	47	42	93	43	67	49	49	36	49	47	75
QLO	59.0	66.0	10	1
49	44	75	57	62	65	40	82	73	83
ICM	77.0	52.0	7	1
75	66	55	25	69	64	71	39	92	50	91	67	87	52	76	56
YXT	56.0	12.0	2	1
67	-4	40	29	54	10	44	34	77	2	62	-2	50	16
ZGK	28.0	33.0	6	1
22	24	31	44	42	47	35	21	13	29	31	43	22	26
WLA	55.0	57.0	5	1
55	77	39	50	50	75	62	44	69	42
YKJ	75.0	7.0	8	1
87	3	51	-8	83	21	51	-12	81	-6	92	17	90	20	70	27
YAU	75.0	65.0	7	1
76	54	83	75	67	65	86	81	85	43	72	81	54	73	83	48
UEI	71.0	74.0	4	1
53	60	63	88	93	71	70	69	72	75	75	84
YJG	39.0	9.0	6	1
41	5	36	-4	37	22	61	15	20	13	44	6
RSX	73.0	-3.0	6	1
80	-13	53	3	80	6	65	-13	96	-12	74	-17	67	19
