ASO	27.0	86.0	1	1
41	68	4	96	20	69	7	75	27	98	35	83	41	112	43	90
EUB	59.0	58.0	10	1
66	72	57	48	60	58	58	68	59	59	54	59	65	45
FVE	86.0	32.0	6	1
99	34	96	27	64	21	69	51	100	17	88	47
EEC	18.0	47.0	3	1
12	69	35	26	3	28	14	70	27	46
GXB	89.0	58.0	2	1
107	38	89	59	91	72	76	79	101	41	71	60
RWM	90.0	16.0	7	1
93	28	109	2	92	9	72	17	88	26
YFI	77.0	83.0	5	1
84	71	61	71	86	116	61	71	83	78	88	83	81	94
ZRR	28.0	18.0	5	1
32	19	24	14	23	6	19	32	55	5	16	35
WXS	82.0	62.0	1	1
91	59	65	73	84	70	75	78	87	47	78	52	87	42	96	79
TAT	27.0	15.0	9	1
43	16	15	21	13	11	55	33	36	25	7	-9	14	1	35	25
MLN	4.0	74.0	0	1
-7	84	23	90	17	47	23	59	-23	66	-3	92	1	81
PDW	17.0	61.0	8	1
26	61	21	49	-10	48	21	60	23	72	15	79	27	61
WCI	89.0	91.0	3	1
89	87	78	86	84	78	82	98	112	106
QEH	28.0	7.0	1	1
42	-9	16	-10	42	27	13	19	43	5	40	2	4	21
XQQ	54.0	10.0	1	1
57	-5	40	32	44	3	70	16	63	28	61	-2	48	1
DJT	75.0	28.0	1	1
92	5	55	24	69	44	84	42
WWI	62.0	10.0	8	1
51	14	71	-12	70	28	60	9	58	3	65	19
NWZ	95.0	33.0	5	1
91	44	87	49	103	41	82	12	99	33	121	30	83	28
ILM	22.0	2.0	9	1
24	17	24	-8	29	22	9	-7	-1	-12	36	-5	33	9
AXW	24.0	45.0	4	1
33	42	-4	71	33	42	34	25	19	24	32	69
VNZ	104.0	76.0	5	1
116	70	110	73	114	87	85	63	108	82	95	81
DTH	57.0	61.0	1	1
64	55	62	54	69	57	54	66	49	72	44	67
YBJ	45.0	57.0	2	1
58	55	30	44	40	60	41	59	58	67
WXV	44.0	19.0	7	1
50	37	24	29	41	15	66	13	40	38	42	17	51	11	42	-2
JTR	8.0	20.0	8	1
-3	29	8	21	-3	25	14	4	7	-5	0	35	18	27	28	28
RFY	98.0	53.0	1	1
85	40	94	48	110	71	114	49	87	58
DEV	62.0	14.0	9	1
65	5	56	32	81	8	69	3	49	15	56	21
OMG	83.0	28.0	1	1
60	28	91	1	94	35	78	44	95	32
DIL	82.0	90.0	5	1
84	93	64	99	78	86	105	94	82	102	79	94	102	85	63	70
