MUL	7.0	50.0	10	1
3	54	35	48	4	43	13	34	-9	61	-2	63
LSC	103.0	60.0	10	1
91	67	109	61	104	64	110	56	105	53
HWG	49.0	84.0	5	1
57	95	41	87	48	61	51	94
JES	88.0	68.0	6	1
75	75	96	84	93	55	75	55	98	58	91	83
QXP	27.0	59.0	1	1
33	51	7	78	21	73	28	57	18	58	45	52	37	45
QCZ	8.0	37.0	10	1
7	39	12	41	-7	58	1	26	26	11	11	47
EVE	-4.0	106.0	8	1
-7	119	-3	104	-14	104	6	91	26	113	-18	114	-19	98
DAQ	15.0	89.0	7	1
7	99	14	100	23	74	23	96	26	65	22	104	-8	85
ORH	12.0	84.0	6	1
20	85	32	68	14	74	-6	68	10	103	-1	88	19	102
VGG	7.0	12.0	1	1
-8	30	-1	35	16	1	18	-2	6	1	5	31	15	-6	5	12
AUG	85.0	0.0	8	1
81	-14	75	27	83	4	87	-10	92	9	91	-11	90	1
WYU	51.0	58.0	10	1
52	76	47	62	45	55	60	41
SGM	26.0	24.0	2	1
14	38	48	-4	30	35	5	26	37	25
HIE	53.0	94.0	8	1
75	97	78	98	37	95	38	96	34	97	57	82
NAA	-2.0	21.0	6	1
-8	40	-12	24	-8	37	16	14	1	-7
