ZBX	34.0	16.0	5	1
21	-9	50	27	14	7	14	13	37	27	54	23	51	28
XNV	85.0	67.0	9	1
90	70	72	69	79	65	98	68	91	61	83	69
AZR	50.0	59.0	7	1
55	57	33	78	66	51	49	52
BKL	69.0	83.0	8	1
90	82	71	75	58	73	69	100	59	95	58	86	69	86	85	67
UVV	75.0	35.0	8	1
84	24	82	55	75	51	65	33	82	48	53	11	74	11	88	47
BCJ	34.0	12.0	1	1
33	-11	26	8	57	28	21	24
KWD	42.0	4.0	1	1
27	-14	48	-8	48	-8	46	23	45	-2	40	20	53	23	29	2
AKX	71.0	58.0	9	1
81	56	70	42	56	57	67	63	84	76
NJF	58.0	44.0	7	1
40	60	56	33	79	53	69	29	67	36	42	58
FEE	88.0	68.0	2	1
71	85	91	61	81	88	99	49	100	57
UIS	58.0	37.0	2	1
65	23	24	38	70	26	55	33	67	62	58	59	67	19
FWA	42.0	61.0	5	1
33	45	56	82	34	68	51	78	57	76	41	42	24	42
TVK	70.0	91.0	10	1
85	95	45	94	80	99	73	77
PID	60.0	41.0	8	1
76	27	46	18	46	49	81	50	45	30	61	28	57	62	71	65
PVK	73.0	75.0	0	1
80	71	44	52	67	93	80	78	76	81	85	65	80	85
EDC	28.0	-2.0	5	1
25	-1	41	-19	38	-14	33	-6	33	29	25	-14	20	-13	14	19
GJJ	20.0	102.0	5	1
26	106	13	85	18	111	39	95	8	117
IQL	79.0	5.0	10	1
89	2	69	19	80	-4	91	7	66	4
BJI	64.0	69.0	4	1
65	75	81	49	48	76	62	78
OPY	35.0	55.0	3	1
39	71	39	79	54	40	40	39	20	51	20	54
RFA	86.0	64.0	2	1
91	62	78	53	98	50	92	66	79	48	77	73	90	82	84	83
AKC	26.0	58.0	7	1
23	82	48	44	23	56	14	48	25	69	27	49
BCP	72.0	8.0	7	1
69	-4	81	14	95	-14	62	22	57	17	59	28	81	-2
DNF	91.0	34.0	4	1
103	31	108	48	73	30	72	47	99	16
