RDU	81.0	55.0	9	1
99	64	102	35	54	60	65	37	85	82
RQI	23.0	59.0	25	1
19	34	41	72	22	54	-3	45	33	71	39	67	13	70
GEU	74.0	4.0	9	1
74	1	93	3	61	8	73	2	73	6
EQX	16.0	53.0	15	1
9	37	20	39	39	76	19	69	32	56	-6	45	3	50
RNF	92.0	58.0	15	1
70	51	104	63	76	63	103	75	89	37	111	59
STW	60.0	19.0	24	1
56	1	46	29	70	7	70	40
QAO	22.0	34.0	23	1
37	42	29	23	36	38	19	19	4	47	32	35	0	38
UOP	91.0	81.0	3	1
96	89	89	79	83	69	103	83	93	85	71	107	102	61
DLG	101.0	27.0	11	1
90	27	100	45	121	12	96	48	115	11	95	34	91	16
KGS	93.0	12.0	14	1
87	12	100	27	112	28	110	6	87	-5	75	-5	81	27
NEO	79.0	4.0	7	1
78	24	102	15	80	19	66	-24	86	-9	94	19	75	-2	57	-3
YHV	69.0	-3.0	19	1
73	7	85	6	75	-8	68	-16	48	-6
QAP	77.0	61.0	14	1
81	35	56	71	94	68	80	71
PXZ	59.0	68.0	12	1
69	45	39	81	59	56	70	91
DCM	6.0	60.0	23	1
17	39	-10	77	22	84	21	69	-8	52	-4	39
LSU	62.0	78.0	23	1
62	62	67	90	65	76	47	71	70	91
COC	80.0	72.0	6	1
69	80	110	82	86	69	68	53	82	87	70	80	79	58
AUI	7.0	47.0	15	1
-22	48	24	35	1	40	20	48	13	65
KOI	93.0	60.0	0	1
85	53	113	68	82	67	116	44	71	71
VZR	52.0	37.0	13	1
58	30	42	47	73	34	35	37
JGA	6.0	78.0	18	1
-1	65	23	90	-4	89	-4	56	20	93
SGW	95.0	40.0	0	1
80	54	97	50	104	16	109	39	85	43
HPG	64.0	19.0	12	1
64	19	72	17	70	41	47	14	50	18	44	8	82	36	90	-1
UCA	94.0	51.0	6	1
97	62	84	44	101	47	88	62	100	43
MGA	52.0	3.0	14	1
65	-10	66	20	50	5	35	16	58	8	35	-18	57	4
GTE	80.0	72.0	22	1
70	73	90	76	73	77	97	60	74	76
XBN	-10.0	11.0	4	1
-21	24	11	2	-13	25	-19	-4
JRV	42.0	67.0	15	1
50	77	25	69	31	53	62	67	44	73
