WWU	58.0	28.0	10	1
50	27	74	28	67	29	45	55	45	11	70	18
NLL	15.0	86.0	7	1
-1	72	31	103	18	70	-9	81	36	106
NMH	55.0	72.0	3	1
49	83	46	78	55	51	71	76
RCH	93.0	42.0	5	1
111	43	109	61	69	29	70	56	107	24
LSN	22.0	73.0	3	1
26	76	36	86	-9	56	38	79	23	71
JYS	4.0	45.0	6	1
-8	64	15	37	16	46	-7	51	8	31
LBC	6.0	52.0	6	1
20	62	2	52	-4	40	7	56
IVU	19.0	21.0	3	1
22	4	9	25	9	28	14	20	45	29
BVK	21.0	9.0	8	1
47	-9	22	30	9	6	34	-14	7	14	16	23	26	27	7	1
YPO	23.0	78.0	2	1
51	74	14	95	43	58	11	72	9	79	13	92
BLH	26.0	14.0	1	1
21	27	36	7	17	5	51	10	7	23
INW	7.0	0.0	7	1
0	-8	3	-11	16	12	10	9
WYB	45.0	67.0	2	1
34	64	54	64	37	81	43	74	52	75	50	47
PAQ	75.0	87.0	4	1
86	90	85	76	61	90	88	88	64	85	67	97
VAU	-3.0	90.0	0	1
-1	99	-18	84	-8	89	-1	83	11	95
MBH	98.0	39.0	2	1
97	45	96	27	117	34	88	57	92	36
SXE	33.0	18.0	4	1
41	30	20	9	19	31	41	15	45	8
WXQ	19.0	89.0	0	1
34	96	-6	98	34	89	14	99	35	72	21	74	5	95
KVU	31.0	21.0	10	1
19	19	15	27	47	36	47	34	37	16	22	-4
JLN	76.0	45.0	10	1
89	27	78	45	64	40	73	54	88	41	66	52	80	60
OIK	9.0	43.0	7	1
-1	43	15	27	29	52	-12	51	-3	32	28	58
JWJ	59.0	84.0	8	1
60	87	62	100	60	100	43	56	74	78
FHV	63.0	46.0	4	1
39	54	77	41	82	62	64	63	64	30	53	31
XIK	12.0	54.0	9	1
5	46	13	46	25	69	10	76	31	47	-8	42
