QUE	100.0	57.0	6	1
104	58	112	36	105	57	108	78	81	70	99	45	91	55
QQD	45.0	0.0	22	1
63	-19	66	4	27	7	41	7	28	2
AEH	47.0	36.0	23	1
28	21	44	58	50	28	56	38	59	33	49	27	45	51
FFM	49.0	15.0	20	1
46	16	63	-8	77	34	40	-9	74	27	35	8	32	21	30	32
KKA	16.0	18.0	23	1
17	13	5	26	9	10	44	10	8	8	9	54	26	6
LXE	93.0	17.0	7	1
88	2	102	22	76	27	95	3	105	34
JOO	75.0	28.0	2	1
101	53	74	14	56	15	84	16	69	21	81	33	62	40	79	37
UYZ	77.0	84.0	15	1
66	87	65	109	98	68	91	86	68	73
KYW	48.0	102.0	6	1
43	93	34	116	59	117	46	93	58	93
OCZ	18.0	17.0	1	1
13	13	24	22	19	8	25	39	11	3
UKA	5.0	4.0	2	1
4	11	12	-1	-8	-15	29	22	-9	1	-3	-2	20	2	-4	17
JHD	14.0	90.0	6	1
20	73	-4	72	16	110	7	99	3	103	43	84
VNK	104.0	41.0	13	1
117	53	116	60	89	18	83	54	113	21	108	41
BTT	34.0	59.0	16	1
39	55	51	50	33	42	29	79	22	63	34	44	31	86
BVG	36.0	23.0	16	1
44	9	19	25	49	52	47	14	36	25	23	15
YMF	67.0	63.0	17	1
43	86	76	52	69	66	59	71	83	57	76	48
NBY	27.0	33.0	4	1
24	21	22	49	5	41	40	20	50	50	23	19
UOW	17.0	26.0	5	1
29	39	13	32	16	18	13	37	17	6
MQG	73.0	30.0	5	1
53	25	93	21	74	55	63	37	92	20	65	24
XIN	18.0	75.0	12	1
38	79	-2	70	8	71	18	86	30	71
CFX	7.0	93.0	20	1
-10	103	24	68	-7	112	15	93	10	111	11	72
YYL	26.0	69.0	12	1
14	61	40	88	9	59	43	71
ARJ	63.0	49.0	5	1
80	50	62	74	52	49	49	35	74	39
IYX	49.0	76.0	9	1
62	69	59	77	23	68	40	92	55	72	60	79
GWK	51.0	85.0	0	1
34	77	64	91	50	94	60	72	51	73	49	104
QMQ	34.0	13.0	2	1
18	19	17	-8	22	21	32	23	63	7	55	17
MFV	61.0	39.0	6	1
62	48	53	32	72	20	45	40	61	60	67	36	67	42	65	34
DVS	77.0	28.0	24	1
68	25	68	47	69	27	67	18	84	23	100	16	85	41
VUC	18.0	67.0	21	1
8	86	33	79	17	60	7	75	11	67	30	57	22	51
HQN	31.0	43.0	24	1
26	67	33	30	39	57	26	20
HUA	96.0	94.0	18	1
82	86	107	96	79	95	114	99	97	121	108	80	85	85
HWS	1.0	106.0	3	1
-14	119	1	104	-8	102	-5	109	-10	91	15	112	34	109
TRR	27.0	54.0	18	1
42	40	14	43	48	67	24	58	11	65
JCY	96.0	64.0	4	1
81	63	109	63	115	57	84	49	94	79	106	90	109	56	76	58
GXB	39.0	26.0	12	1
38	39	46	16	46	31	26	21
UPD	72.0	9.0	11	1
81	11	68	7	70	5	63	21	53	8	90	23	90	4	67	-6
WJZ	20.0	49.0	9	1
5	40	21	50	11	65	50	34	17	43	7	65	35	49
XCC	66.0	34.0	8	1
76	51	45	30	65	31	74	15	74	44
DUZ	4.0	101.0	14	1
16	115	-15	86	16	110	-13	110	18	113	6	77
LCU	66.0	63.0	10	1
52	63	58	48	99	54	81	57	53	88	58	68
PJM	53.0	35.0	17	1
64	39	28	20	70	42	50	32	53	46
XMC	35.0	53.0	3	1
54	28	17	50	34	62	35	75
