OMU	97.0	4.0	12	1
117	20	80	-4	93	9	107	16	88	-19
IOL	32.0	83.0	19	1
12	100	11	82	30	89	36	77	53	80	52	73
PFJ	43.0	48.0	21	1
37	47	20	54	67	42	65	41	29	57
PGZ	38.0	90.0	23	1
56	100	19	93	61	76	28	76	56	80	21	108	29	103
QYI	89.0	17.0	5	1
90	13	64	17	96	13	86	8	102	22	98	29
BGL	17.0	86.0	2	1
19	92	7	81	12	76	37	98	12	86
NOB	0.0	89.0	18	1
-18	102	-2	77	-14	101	5	79	4	85	3	98	26	82
HLM	76.0	23.0	13	1
67	4	78	40	88	34	73	14
ISF	21.0	63.0	13	1
27	65	27	87	22	70	37	48	5	69	23	43	9	70	19	58
APQ	13.0	54.0	8	1
-6	71	29	38	30	52	26	61	0	67	23	29	-6	64
KEK	11.0	9.0	14	1
26	20	8	-8	-4	26	35	21	-7	-12
KFY	0.0	32.0	16	1
-8	38	-16	30	18	12	7	50
FXH	88.0	62.0	19	1
92	64	88	49	70	88	91	46	103	65
WYM	42.0	26.0	11	1
48	41	28	26	66	13	28	25
RDU	42.0	33.0	11	1
51	25	60	26	35	43	39	26	26	45	46	38
MFK	87.0	10.0	2	1
67	7	91	5	102	23	88	7
ILT	-2.0	66.0	8	1
1	85	-6	50	-4	52	-1	80
IWF	69.0	54.0	14	1
88	47	92	37	50	58	78	78	54	67	52	39
ZEA	29.0	20.0	5	1
24	9	15	6	35	28	37	24	38	34
BUB	29.0	0.0	25	1
41	-13	38	-13	8	17	45	-1	13	10
DGN	28.0	83.0	1	1
40	72	32	94	17	73	30	89	33	100	21	72
CLH	24.0	88.0	7	1
27	92	7	96	41	92	11	98	37	66
AIX	101.0	64.0	3	1
120	41	80	87	77	87	103	77	115	44	106	62	111	52
CUC	94.0	89.0	6	1
83	79	106	112	104	85	70	75	107	82	105	90	89	100
TNE	53.0	22.0	11	1
54	28	34	4	34	45	69	32	66	19	62	5	66	17	46	29
YEB	7.0	22.0	12	1
4	45	21	34	5	4	-3	19	8	9
EAR	68.0	39.0	17	1
49	55	70	26	93	28	52	45	52	59	95	31	71	30
TOP	86.0	21.0	7	1
74	48	75	22	87	13	91	4	107	22
EUO	72.0	3.0	18	1
75	12	78	-18	61	23	77	-4
TNP	23.0	96.0	10	1
26	103	27	117	6	88	17	100	38	92	24	78
RPQ	68.0	82.0	21	1
57	59	69	80	72	67	87	105	59	101
URE	19.0	58.0	2	1
22	47	31	45	3	64	40	63	18	85	5	48
BHS	12.0	12.0	15	1
17	18	26	28	-3	20	-8	-10	29	6
OQX	5.0	72.0	9	1
27	58	18	85	-10	66	-12	81	2	48	-3	85	13	83
GDB	9.0	101.0	20	1
6	87	-5	106	16	103	3	100	27	112
VNW	76.0	70.0	17	1
70	64	69	88	92	64	75	64
NLP	40.0	67.0	22	1
62	52	38	67	29	66	35	68	34	87	27	56	50	82	51	65
AZB	67.0	26.0	3	1
65	4	81	30	41	23	72	18	69	40	79	42	67	30
UJQ	44.0	16.0	7	1
28	30	50	22	49	2	35	18	55	8	50	18	48	17	39	14
BOD	77.0	24.0	11	1
89	20	75	9	93	44	81	40	74	30	57	11	72	19
VWX	56.0	72.0	17	1
43	75	34	65	72	86	63	71	70	67
VZV	0.0	56.0	18	1
-4	51	-12	81	-10	56	13	55	1	52	8	46
VAF	63.0	5.0	22	1
78	-10	72	18	47	23	77	-5	75	18	51	-11	65	-6	43	17
VHT	74.0	52.0	14	1
89	64	85	34	54	31	84	74	78	65	54	53	72	61	76	36
