ZUB	44.0	48.0	13	1
51	59	44	56	36	51	44	36	51	39	33	40	49	57
NYA	12.0	12.0	5	1
3	9	-4	25	18	23	32	-9
PVW	65.0	18.0	24	1
60	7	54	27	46	24	86	9	60	24	87	17
PFI	65.0	9.0	5	1
68	32	62	3	57	4	67	2	59	7	82	9
EPQ	102.0	31.0	20	1
85	40	106	17	104	34	101	21	114	46
NIJ	17.0	99.0	5	1
30	82	14	122	13	91	9	79	22	116	19	105
MDR	29.0	68.0	23	1
27	57	24	55	27	76	41	85
ZJZ	76.0	63.0	17	1
80	73	87	56	70	55	90	66	56	68
NEB	72.0	31.0	9	1
87	38	50	13	74	32	67	27	88	43	66	33
CGW	80.0	34.0	16	1
106	39	73	28	79	34	74	27	82	19	91	31	59	60
TXS	47.0	80.0	18	1
57	66	46	83	44	106	67	67	32	71	35	106	52	67
EZA	30.0	7.0	11	1
47	21	43	-3	33	13	24	31	24	-5	36	-10	10	29	27	-14
CMP	67.0	33.0	10	1
74	17	62	42	84	36	72	45	45	28
LFC	93.0	33.0	18	1
85	21	99	48	92	17	108	44	85	37
OKR	36.0	91.0	8	1
61	102	24	95	30	70	30	100
WWP	73.0	49.0	15	1
60	49	71	46	93	52	71	50
ZYN	61.0	75.0	9	1
66	93	65	88	42	73	74	49
LKO	44.0	20.0	12	1
40	9	44	12	48	45	73	20	47	14	30	25	31	21
LXF	7.0	85.0	13	1
20	77	-8	109	-7	71	8	88	26	82
FGY	25.0	59.0	5	1
20	68	47	59	30	72	4	37
NNR	37.0	78.0	6	1
36	80	51	85	40	78	13	65	49	83
RTF	47.0	47.0	14	1
43	52	36	27	76	49	41	35	40	76
IRX	37.0	82.0	12	1
56	60	27	77	22	83	43	87	49	99	32	100	33	68
DZS	88.0	19.0	2	1
71	27	93	4	109	22	79	23
MYP	2.0	90.0	17	1
23	83	-14	100	1	74	10	113	-3	76	-4	95
