ZFW	37.0	44.0	4	1
20	33	49	40	46	51	23	59	47	41
XMV	-7.0	68.0	10	1
-17	46	9	63	7	90	-20	67	-14	77
NRW	51.0	41.0	1	1
61	48	32	52	65	24	54	53	45	40	50	29
MGN	90.0	77.0	10	1
73	63	100	60	103	67	81	102	79	70	90	92	104	85
FEF	75.0	5.0	23	1
64	28	88	-3	72	-4	82	-1	88	28	82	16	52	-1	73	-16
DGJ	71.0	44.0	0	1
79	61	72	50	89	27	46	39
XVM	51.0	34.0	22	1
38	58	78	51	48	56	42	23	38	16	50	16	68	24	51	34
MYC	-4.0	57.0	14	1
-2	67	-21	63	-17	78	17	42	-8	75	-19	34	19	46
LIK	38.0	65.0	3	1
34	45	14	57	59	48	41	82	54	85	27	76
VVJ	18.0	78.0	8	1
34	87	3	93	22	73	21	60	22	93	7	66
BUP	34.0	67.0	22	1
39	80	23	59	44	67	30	64
KDS	19.0	21.0	6	1
39	12	16	8	24	33	13	37	8	5	15	34
DIL	29.0	73.0	24	1
13	90	42	89	56	71	11	62	46	63	7	66
IGA	83.0	84.0	7	1
86	86	61	94	92	60	82	98	93	75	88	96
NGP	89.0	72.0	25	1
98	47	93	71	75	79	93	78	95	74	73	74	99	81
