QSY	30.0	26.0	8	1
49	28	54	14	38	46	7	26	16	9	16	38
EHI	39.0	63.0	1	1
65	63	54	67	19	68	17	70	43	48
KAV	36.0	72.0	1	1
34	86	44	75	62	81	22	64	30	50	27	76
WHF	24.0	84.0	6	1
15	75	11	85	33	103	35	76	13	82	14	87	52	83
PIR	86.0	53.0	9	1
94	57	79	80	93	51	62	39	103	38
RVM	102.0	17.0	9	1
89	33	113	-1	116	30	94	29	98	-2
NIO	93.0	89.0	0	1
80	92	119	94	90	79	83	92
DCQ	101.0	76.0	5	1
103	69	102	76	95	101	107	61
KKI	86.0	85.0	9	1
90	76	100	86	100	87	77	79	72	100	81	83
KSD	-3.0	68.0	7	1
-23	49	7	71	-3	85	-17	53	23	77	-10	76
EOH	21.0	8.0	7	1
24	24	21	2	18	2	39	12	6	1
PYE	36.0	81.0	7	1
33	70	54	70	37	95	45	85	20	73	31	98
SXU	82.0	91.0	9	1
90	107	65	73	92	111	84	73
BJZ	72.0	76.0	6	1
77	70	69	64	90	63	66	68	76	73	82	92	46	105
WCP	97.0	75.0	7	1
87	57	78	70	117	87	91	72	106	90	100	64	102	87
EOY	32.0	5.0	5	1
43	22	35	-5	11	4	19	3	34	7	43	-8	43	14
ECC	32.0	6.0	6	1
22	1	20	-2	37	-2	22	32	63	5	32	6
XKR	88.0	24.0	1	1
83	9	76	35	66	46	101	22	108	16	89	12	93	29
SCY	49.0	28.0	4	1
40	24	46	21	49	20	50	17	70	35	39	52
CGV	44.0	48.0	1	1
44	60	46	29	20	59	28	63	50	50	59	64	55	33	53	30
HLR	75.0	67.0	4	1
87	68	43	73	84	59	87	71
RRA	9.0	4.0	1	1
17	21	11	13	12	-5	9	6	7	-18	6	15	6	-1
IJU	36.0	87.0	7	1
37	71	39	79	45	71	29	114	20	98	41	85	45	97
YUX	-3.0	76.0	6	1
-18	61	9	72	-16	79	-3	85	2	61	-2	102	5	74
OIW	46.0	60.0	9	1
34	80	26	47	55	73	57	50	24	38	63	76	64	62
IJH	104.0	14.0	8	1
80	9	104	27	110	23	102	29	118	28	112	-7	102	-11
PRN	70.0	44.0	4	1
61	56	92	39	75	35	67	37	57	54
IHR	59.0	55.0	4	1
53	62	85	59	50	36	49	40	58	81
PMC	95.0	69.0	2	1
112	90	96	52	82	71	84	82	97	89	77	58	118	44
WWJ	45.0	80.0	2	1
34	63	55	78	36	70	70	91	31	100
GGW	22.0	46.0	1	1
1	65	36	29	17	47	27	60	12	28	39	50
RMC	101.0	63.0	4	1
89	43	112	75	99	60	110	71	84	69	113	63
FQO	92.0	46.0	2	1
103	52	98	52	76	61	94	22
AEP	56.0	39.0	8	1
77	45	47	9	50	38	69	55	43	24	50	44	71	53	44	45
LHF	15.0	52.0	0	1
23	44	-9	73	19	30	30	72	0	69	14	54	31	25
NWN	66.0	98.0	0	1
64	108	41	94	82	96	76	101	69	94
TIG	16.0	41.0	7	1
17	40	35	56	26	28	11	37	13	42	2	55	11	33
PSA	102.0	38.0	9	1
91	51	105	19	100	44	115	41
HUM	39.0	79.0	8	1
26	72	22	89	47	87	58	66	38	54	55	99	29	86
PXC	31.0	72.0	1	1
22	87	46	58	14	95	12	58	45	90	36	62	48	57
EPF	57.0	44.0	5	1
52	47	73	31	78	45	46	42	63	45	43	43	46	61
BFX	107.0	-3.0	4	1
99	1	114	23	104	-15	111	-24
TOH	14.0	36.0	5	1
27	39	0	18	-2	46	27	25	19	54
UBE	86.0	40.0	1	1
98	12	80	40	91	53	77	52	101	40	91	40	69	43
OLF	57.0	6.0	6	1
51	-2	65	13	38	1	72	-4	75	12	59	-9	44	32
WNW	63.0	97.0	7	1
81	90	54	94	60	92	46	101	67	94	71	112
HRI	96.0	8.0	6	1
119	2	117	0	89	3	96	15	76	16	79	13
AOF	4.0	33.0	5	1
-21	18	-20	20	11	34	13	29	15	57	-11	19	24	44	24	49
RFD	48.0	1.0	3	1
65	-17	47	4	42	7	23	22	67	-3	45	-3
