IKL	63.0	55.0	6	1
82	55	66	73	37	44	45	44	70	55	78	78	64	38
LAV	44.0	70.0	9	1
57	61	42	57	35	87	48	62	50	63	32	90
VIE	65.0	16.0	8	1
73	27	55	22	51	30	60	-6	90	7	75	11	53	24
CLE	36.0	29.0	0	1
30	57	29	35	29	28	28	18	46	13	56	24
LHB	31.0	0.0	6	1
24	-6	33	14	36	-19	16	14	18	18	45	-14	47	-5
KYD	39.0	101.0	3	1
28	117	42	80	31	116	41	95	54	101
YVZ	46.0	90.0	9	1
41	98	40	114	68	67	55	109	39	84	49	96	45	73	38	86
OUB	49.0	21.0	4	1
39	27	38	5	40	5	36	39	60	7	61	41	72	26
MMY	63.0	34.0	5	1
64	15	60	48	76	20	61	16	57	45	60	35	48	51	81	46
DKH	53.0	70.0	4	1
61	75	41	54	71	69	41	68	54	88
PLK	44.0	78.0	5	1
41	79	31	65	29	98	40	66	61	94	53	68	74	94	28	66
GNR	51.0	50.0	7	1
36	46	76	66	55	42	40	49
XXF	68.0	59.0	6	1
64	42	70	49	92	61	56	56	71	74	55	77
JFY	51.0	99.0	6	1
39	100	47	108	75	108	31	105	67	76
ZGC	46.0	16.0	8	1
39	25	40	8	67	31	39	12	31	22	35	24	68	-4	52	11
HHD	71.0	85.0	4	1
67	90	86	74	79	65	77	79	59	93	51	83	75	93	77	105
CLD	59.0	80.0	0	1
38	72	38	98	67	76	78	77	73	80	57	68	76	84	49	86
RFZ	10.0	4.0	3	1
-2	26	-1	-2	-2	-14	26	10	31	-12	11	19
CAJ	49.0	49.0	9	1
64	47	39	41	37	66	56	43
SAX	72.0	85.0	5	1
53	85	83	93	91	65	62	98
BOW	-5.0	102.0	3	1
-12	90	-11	88	-12	111	-15	116	26	105	-6	102
TFU	51.0	76.0	9	1
70	73	57	50	32	68	76	59	39	95	44	95	43	98
AZB	30.0	29.0	8	1
42	30	35	34	34	27	22	26	34	18	14	41
CRX	25.0	47.0	3	1
16	50	15	58	10	55	33	57	27	18	33	64	45	27
CWJ	-4.0	43.0	5	1
-16	61	11	24	-19	36	6	52
IGR	11.0	20.0	9	1
-13	12	22	9	18	40	31	39	6	34	-9	14	23	-4
UJA	26.0	27.0	3	1
43	6	47	29	26	9	17	50	0	45
JGS	44.0	11.0	3	1
44	2	65	14	49	-4	53	-3	27	29	22	11	54	30
PMK	84.0	13.0	3	1
88	10	80	1	75	33	96	11	82	12
IHK	75.0	6.0	9	1
89	25	81	10	90	7	61	-6	55	-4
JWY	64.0	34.0	0	1
79	45	78	14	63	38	47	38	47	39	78	41	58	23
AYY	11.0	54.0	7	1
20	35	28	62	-10	58	13	59	7	46	10	68
DKX	24.0	32.0	8	1
18	23	24	38	31	13	23	48	18	48	51	18	5	39
IOA	43.0	16.0	9	1
51	13	29	24	53	16	27	20	48	22	59	5	36	16
MUU	62.0	48.0	4	1
71	53	63	57	51	24	60	62	84	62	48	31	58	51
SCK	67.0	16.0	7	1
49	26	82	33	89	9	56	7	58	6	84	22	73	23	46	7
