UWF	6.0	88.0	17	1
4	72	11	82	25	105	17	105	4	80	-15	68	-10	105	15	94
TAV	36.0	72.0	10	1
49	76	26	88	36	51	42	58	39	84	24	77
GBA	32.0	69.0	14	1
40	72	17	97	34	68	40	64	45	54	20	60
EPZ	83.0	75.0	13	1
88	65	84	68	84	63	69	77	104	75	71	107
BWZ	80.0	45.0	16	1
59	60	68	46	81	58	94	21	98	44
OWR	13.0	100.0	12	1
5	84	23	85	27	85	-7	117	22	117	12	115	10	98
BKC	63.0	43.0	21	1
49	35	70	34	75	55	61	49
NCG	96.0	99.0	22	1
97	89	96	98	76	118	80	111	113	78	103	114	94	115	110	76
AYI	61.0	-2.0	17	1
48	18	48	3	70	-15	63	-16	78	-4
MEG	13.0	8.0	3	1
36	36	-9	-10	2	6	33	-6	-9	9	18	5	1	3	35	27
HQH	24.0	38.0	16	1
29	35	36	58	10	60	15	43	45	30	18	19	13	44	28	18
SCY	30.0	42.0	24	1
11	54	14	30	50	43	56	30	20	53
QMZ	13.0	86.0	15	1
24	96	17	86	0	76	13	86
AOH	82.0	48.0	9	1
98	30	56	61	84	37	91	64
OLX	50.0	90.0	12	1
40	73	36	107	49	88	64	86	57	70	57	117
OYK	39.0	88.0	21	1
31	109	30	80	56	99	50	87	35	72	56	95	15	76
ASR	37.0	106.0	9	1
26	108	27	107	32	96	50	119	34	99	50	119	44	94
SBY	83.0	19.0	15	1
95	33	92	35	74	21	85	19	90	0	64	10
YCQ	15.0	2.0	15	1
3	-6	21	-13	24	-8	25	26	19	-2	-1	17
HEM	55.0	64.0	20	1
60	55	38	74	63	78	38	77	77	56	41	39	70	73
SQU	79.0	54.0	4	1
86	63	80	33	78	35	87	68	87	67	61	58
RNC	85.0	38.0	13	1
100	21	62	23	104	54	76	55
GXQ	74.0	74.0	10	1
93	59	52	89	65	88	90	80	51	88	82	66	88	54
XPK	15.0	82.0	12	1
-2	96	31	90	10	87	9	72	44	94	0	53
KEQ	60.0	27.0	4	1
83	27	42	40	55	33	71	28	53	9
HCS	78.0	-4.0	24	1
105	13	69	-5	68	-13	70	-13
GND	39.0	67.0	0	1
35	68	20	68	46	67	16	64	32	63	52	71	53	67	60	74
TLC	84.0	57.0	9	1
85	56	62	55	65	76	108	38	101	64
YPX	10.0	42.0	9	1
9	37	23	46	8	46	22	41	1	47	2	36
LHW	75.0	50.0	19	1
63	50	70	53	72	60	92	32	81	69	77	39
XFK	22.0	12.0	11	1
31	38	16	5	13	3	10	3	24	0	41	28
DKI	86.0	18.0	7	1
87	14	78	-2	87	32	107	19	64	13	87	25	103	30	77	16
QIR	17.0	55.0	1	1
29	41	-2	57	11	50	37	61	9	45	26	75	12	59
XSQ	25.0	29.0	9	1
17	41	6	28	38	39	30	22	41	18	9	27	34	32
TYO	43.0	72.0	22	1
28	98	45	54	50	57	37	92	59	60
CJM	12.0	61.0	17	1
19	44	-13	85	-7	87	27	60	24	44	26	50
SXJ	96.0	30.0	22	1
117	35	86	45	88	3	85	30	105	41
HAZ	71.0	4.0	6	1
72	2	84	29	89	-8	60	24	67	-7	62	-4	65	-3
COV	95.0	44.0	6	1
91	39	87	32	109	73	91	39	99	40
ZTU	35.0	39.0	16	1
32	55	42	53	42	25	25	25
IMC	56.0	63.0	10	1
84	58	70	68	39	75	42	51	39	84	73	57	50	48
CYY	22.0	49.0	7	1
29	57	9	29	8	29	21	72	29	65	40	43
