MLD	90.0	64.0	10	1
92	56	75	83	103	45	70	83	90	61	105	84	99	42
VTN	30.0	5.0	1	1
50	6	30	-7	8	6	50	17	7	30	47	-14	18	0
GWE	29.0	90.0	7	1
14	101	43	95	49	78	13	89
EJL	19.0	103.0	10	1
12	107	38	95	26	71	4	99	17	119	7	118	32	117
LWQ	56.0	30.0	4	1
54	47	54	31	48	48	56	10	70	15
CIO	71.0	49.0	7	1
90	53	88	43	76	35	73	43	53	63	59	54	63	58
BOX	63.0	36.0	3	1
86	34	46	25	63	21	55	16	70	63	83	39	56	47	46	45
XUA	76.0	50.0	3	1
85	63	83	59	81	48	60	64	59	42	90	28
VSF	45.0	34.0	9	1
45	46	70	42	45	36	25	20	45	42	42	21
OBS	38.0	65.0	7	1
28	63	37	50	57	65	32	91	54	48	35	84	25	58
WKT	26.0	7.0	6	1
23	-6	53	13	16	8	18	0	14	20	37	7
KXW	34.0	25.0	9	1
43	26	16	15	49	19	54	25	18	42	27	24
WRN	74.0	82.0	5	1
70	62	72	91	88	74	68	93	75	90
KNS	21.0	23.0	5	1
11	11	31	10	19	21	46	40	7	49	16	9	17	25
KPU	46.0	65.0	7	1
35	61	37	80	63	71	45	64	64	50	35	93	28	53	62	48
JVI	60.0	90.0	9	1
45	112	55	80	71	72	66	72	43	114	82	91
