YJJ	42.0	86.0	3	1
40	69	51	65	37	97	54	107	38	80	35	103
KIS	66.0	78.0	1	1
61	70	88	62	69	91	62	89	57	62	68	90	57	85
JCV	23.0	93.0	5	1
9	111	17	109	24	83	27	81	40	81
IGV	10.0	44.0	8	1
28	45	4	41	25	60	20	39	14	28	4	31	-1	56	-14	55
OKK	14.0	49.0	5	1
15	38	17	40	10	72	8	52	23	43
ZFF	26.0	54.0	5	1
23	54	17	54	29	32	35	77
FPH	84.0	73.0	4	1
105	61	98	67	68	64	103	62	66	67	75	93	78	97
UIX	77.0	10.0	2	1
72	5	80	33	74	2	83	2
XFG	7.0	106.0	10	1
-12	109	7	118	11	100	16	87	-8	122	29	103
FGP	4.0	39.0	5	1
-9	35	-12	25	29	56	-1	35	-1	36	31	61	-8	46	4	21
TZV	84.0	28.0	6	1
59	16	95	36	88	13	97	30	102	51	91	11	84	17	57	53
XNQ	46.0	89.0	7	1
58	78	65	75	36	75	32	106	41	111
CTL	26.0	21.0	6	1
43	33	27	14	34	38	47	16	13	5	13	32	10	9
RRX	67.0	6.0	8	1
78	-8	53	22	58	14	76	-7	60	12	67	7	81	7
IVJ	49.0	63.0	1	1
56	63	37	52	32	89	72	49
MTY	10.0	84.0	2	1
9	94	8	67	6	94	13	81	43	65	0	103	1	106	1	69
ZMI	93.0	13.0	6	1
96	-1	97	-8	76	32	92	20	106	22
HIB	58.0	12.0	5	1
39	-10	79	17	70	10	51	16	42	21	46	15	58	21	84	9
ALT	24.0	31.0	5	1
25	46	56	41	24	7	10	23	9	38
WZQ	77.0	74.0	3	1
90	52	51	96	81	66	89	85
LUH	4.0	77.0	3	1
17	83	-11	72	-3	83	3	95	-7	72	27	60
QYQ	30.0	86.0	5	1
23	74	21	102	56	97	30	91	25	74	30	80
GKB	92.0	91.0	3	1
100	75	76	95	100	82	92	107	98	97	82	83	113	82	77	109
AMY	56.0	65.0	3	1
66	70	52	66	72	63	40	59	44	65	66	69
DGU	30.0	31.0	6	1
41	29	47	14	27	48	8	31	36	19	21	50
ODI	14.0	28.0	1	1
9	51	28	27	-3	18	36	17	1	29
QIN	1.0	27.0	3	1
-6	18	4	37	2	25	18	42	5	27	-15	17
GYN	72.0	75.0	1	1
98	97	54	64	66	86	81	70	65	59
GDS	83.0	64.0	7	1
105	55	72	70	66	73	69	62	98	66	75	63	99	64
LQL	67.0	25.0	7	1
68	30	87	37	65	19	58	14	59	21	68	33
EDO	37.0	19.0	2	1
34	24	40	26	46	-8	28	36
LAQ	40.0	53.0	6	1
34	55	27	61	33	33	53	31	49	71	52	62	37	62
QLL	27.0	12.0	6	1
9	4	26	47	39	1	28	5	28	13	36	3
EGV	35.0	40.0	10	1
26	48	32	41	48	35	23	37	63	50	18	31
TMI	40.0	66.0	7	1
36	52	29	54	38	86	59	75
SUB	13.0	56.0	0	1
-4	67	30	43	17	44	17	74	17	75	6	38
IVR	11.0	44.0	8	1
5	66	-5	31	21	61	8	36	27	27
DNL	64.0	77.0	1	1
66	97	67	90	68	67	34	59	55	90	78	77	77	86	72	57
FIH	67.0	20.0	5	1
68	39	89	-2	55	-4	53	24	86	42	56	20	64	26
ANL	33.0	78.0	4	1
28	76	41	89	14	86	27	56	56	87
EAS	94.0	56.0	2	1
102	51	74	71	78	47	102	48	100	72	110	50
VTZ	43.0	51.0	10	1
34	46	42	70	64	70	57	47	30	66	47	37	33	27
XZR	52.0	101.0	8	1
70	107	54	101	46	94	35	86	60	110	58	104	43	109
PZL	94.0	66.0	3	1
99	90	110	85	84	69	77	48	103	48	81	73	107	49
QGY	39.0	70.0	6	1
48	67	35	90	57	66	32	57	26	70
LYS	14.0	8.0	10	1
5	18	30	2	14	1	23	15	27	-4	-11	18
KDK	32.0	40.0	9	1
18	47	18	45	37	40	55	31
MYY	95.0	42.0	6	1
86	51	105	44	99	27	101	48	86	50	94	36
NNJ	38.0	31.0	7	1
35	23	41	21	42	28	26	35	40	30	48	54
