TBK	92.0	34.0	5	1
99	28	109	27	96	64	72	29	83	38	95	28	91	28
NFY	0.0	60.0	6	1
19	72	2	36	-22	44	26	76	-22	75
BJG	-1.0	71.0	6	1
-16	63	-13	84	6	69	10	72	5	69
VGP	68.0	5.0	8	1
62	18	92	2	57	16	86	0	47	-8
IBA	95.0	11.0	3	1
107	17	114	-8	112	0	75	10	75	-6	91	26	97	38
EZH	32.0	81.0	7	1
48	92	34	101	18	59	33	70	35	62	26	103
WUC	95.0	37.0	3	1
102	32	93	45	96	39	108	47	77	22
ZLD	65.0	92.0	8	1
64	102	49	98	67	84	81	88	64	90
LTB	83.0	26.0	9	1
76	41	65	5	93	16	99	43
UDM	60.0	53.0	9	1
48	29	58	60	58	59	73	63	56	50	62	67	70	43
RSQ	70.0	29.0	10	1
65	25	78	37	67	38	72	17
WZK	8.0	56.0	7	1
29	72	-3	72	-1	48	16	62	3	30
HFS	94.0	29.0	7	1
82	47	73	35	115	26	96	3	88	21	114	43
BXX	65.0	85.0	3	1
74	80	39	79	69	87	72	73	69	101	69	93
KZV	18.0	88.0	9	1
-2	78	32	87	9	97	25	88	36	101	2	64	24	104
WSE	1.0	1.0	5	1
-15	-9	-5	17	23	-1	-12	-2	18	0
JDE	76.0	8.0	6	1
55	24	94	8	59	7	85	-10	75	17	88	3	82	8
ENE	46.0	28.0	7	1
59	35	47	32	40	42	41	5
