IRD	68.0	64.0	5	1
80	38	76	62	86	82	54	54	44	85
TBM	76.0	46.0	0	1
100	45	92	43	56	53	86	37	59	24	67	65	72	59
ZPE	9.0	19.0	1	1
30	15	3	33	29	24	16	27	-10	29	2	22	-2	-13
KRZ	66.0	94.0	8	1
50	104	69	87	48	100	90	97	86	72	72	101	48	101
DMR	95.0	42.0	9	1
109	38	98	50	108	38	112	33	92	58	67	57	88	27	90	40
ILJ	40.0	47.0	1	1
27	60	52	34	23	43	58	53
NLD	69.0	15.0	10	1
83	-1	50	14	52	26	80	0	80	40
WAH	13.0	71.0	5	1
4	46	17	82	21	85	13	87	-5	88	32	59	21	61	5	60
BQF	36.0	84.0	0	1
50	95	44	112	25	68	32	81	14	101	41	65	46	69
AOK	93.0	28.0	5	1
77	19	92	45	107	47	88	24	98	6	87	16	103	42
HTU	58.0	27.0	6	1
65	46	72	47	43	33	43	28	74	19	68	5	46	13
ZUK	46.0	98.0	9	1
56	106	69	96	45	109	24	87	31	83	21	116	67	90	62	101
ASL	17.0	84.0	0	1
28	95	0	71	34	92	29	91	-2	74
IBE	9.0	16.0	4	1
11	18	-19	15	23	15	23	18
FSR	100.0	1.0	6	1
96	10	108	20	96	-13	99	3	104	-13
NHJ	1.0	69.0	0	1
7	61	5	68	-5	79	-18	73	-9	46	29	72	-2	87
FSJ	68.0	72.0	7	1
77	71	71	88	62	78	76	57	55	66
UEG	51.0	7.0	2	1
55	11	53	10	51	8	46	1
CQR	97.0	66.0	6	1
108	77	96	53	80	57	106	79
MCV	31.0	67.0	9	1
18	59	54	68	38	85	25	82	21	43
GWI	40.0	77.0	6	1
59	99	56	76	22	77	36	80	36	61	32	70
EJM	92.0	95.0	10	1
69	89	99	109	102	111	101	90	98	110	111	73	67	88
DMU	97.0	65.0	5	1
111	69	95	46	79	69	112	76	92	66
RNG	103.0	44.0	9	1
118	35	92	44	100	62	108	32	81	49	119	46
MCP	72.0	98.0	7	1
64	90	67	100	71	99	81	79	52	115	78	91	91	112
UMM	73.0	29.0	5	1
86	32	59	19	57	34	91	16	76	47
HZT	12.0	28.0	7	1
27	24	2	26	5	41	-4	27	34	25
BWO	47.0	29.0	2	1
41	31	45	20	50	43	53	25
IHY	58.0	81.0	8	1
76	92	66	107	60	84	53	79	47	63	55	69	53	79
WCM	76.0	37.0	7	1
65	36	91	38	78	40	67	40	92	13	64	58	69	36	87	37
FUH	7.0	107.0	6	1
-13	87	5	103	14	118	24	105	-10	109	24	111	19	114	-5	109
JGP	22.0	2.0	4	1
23	12	42	18	23	-14	28	5	26	-13	-2	11	20	-5
UGV	7.0	34.0	5	1
16	39	7	25	28	44	-14	52	-1	12
THV	91.0	8.0	1	1
97	3	108	20	107	-10	72	9	109	11	65	26	80	2
LSA	93.0	48.0	5	1
83	56	102	44	102	64	97	41	82	37
VOL	-11.0	101.0	0	1
-7	109	-8	92	-17	102	-13	103
NWV	103.0	75.0	2	1
103	65	116	81	90	95	105	61
EFL	62.0	97.0	2	1
68	79	76	103	56	73	82	120	44	118	50	91
NDH	42.0	6.0	6	1
49	3	48	17	27	-18	36	19	50	10
KWW	4.0	101.0	7	1
16	113	-10	104	0	99	-11	114	15	103	-13	105	32	74
BEB	59.0	41.0	1	1
65	46	65	19	54	51	55	50	57	43
ZSX	64.0	36.0	8	1
87	62	61	26	62	28	47	28
