SAX	57.0	19.0	4	1
67	23	34	9	69	34	50	34	52	20	72	-3
VCX	96.0	73.0	24	1
110	74	111	67	83	64	80	88
XVY	38.0	94.0	20	1
50	76	14	89	50	103	43	77	39	122	13	86	59	110
ZXB	94.0	16.0	22	1
99	27	115	35	95	13	86	-14	77	20
FHK	28.0	95.0	24	1
14	124	16	117	18	93	37	82	56	79	21	104	28	89	40	76
CFO	-2.0	82.0	11	1
25	89	12	80	-13	68	-1	98	-17	81	-18	77
HNN	28.0	103.0	1	1
39	99	36	78	32	113	20	110	35	113	1	97	38	116
RTL	52.0	39.0	12	1
42	39	40	41	63	36	63	40
RAL	62.0	20.0	9	1
66	27	51	17	72	30	62	30	82	-7	67	18	39	29
ZJZ	55.0	63.0	5	1
45	60	71	66	65	71	37	52	38	52	77	79
UXG	40.0	9.0	3	1
53	28	38	-2	15	5	42	-6	54	20
KGU	83.0	71.0	2	1
96	72	86	62	71	70	105	85	84	69	60	69
GEV	66.0	-1.0	23	1
56	-17	78	-12	44	22	62	6	93	-5
ZZW	35.0	42.0	19	1
12	41	29	35	53	46	42	45	33	49	22	30	57	49
JIQ	79.0	14.0	8	1
66	-3	97	10	101	35	55	8	76	20
NQU	78.0	90.0	17	1
71	71	78	89	86	112	102	93	58	93	77	83
ANS	30.0	89.0	15	1
44	84	12	104	39	78	25	92
DKP	106.0	84.0	0	1
84	71	115	78	112	87	102	104	117	70	106	98
EXG	83.0	21.0	18	1
95	17	74	39	79	35	72	21	95	-6
RJA	68.0	2.0	22	1
48	18	63	-18	47	10	61	2	61	-10	89	8	92	9	84	-3
TXZ	22.0	85.0	17	1
12	87	39	80	21	85	22	92	16	81
HBT	76.0	94.0	2	1
85	76	76	83	63	118	82	101
IXO	67.0	25.0	4	1
51	20	72	23	75	28	61	22	77	32
LMI	90.0	38.0	7	1
73	43	96	54	90	24	86	29	112	40	95	40	83	37
UCJ	16.0	16.0	16	1
29	19	22	5	11	27	23	26	-3	5
OXP	6.0	29.0	24	1
9	24	9	19	-8	54	18	14	4	35
LNB	30.0	51.0	22	1
37	35	6	64	45	65	51	57	13	35
FCY	45.0	72.0	12	1
50	68	32	85	34	52	35	81	74	78
TTB	50.0	86.0	5	1
54	92	45	71	52	81	51	103
LZL	89.0	100.0	8	1
96	86	95	113	102	113	77	100	78	92
LZM	23.0	5.0	20	1
31	18	31	22	20	5	17	-2	19	-18
SYN	48.0	34.0	2	1
38	63	40	47	63	25	58	23	67	31	23	20
CIS	22.0	44.0	1	1
4	59	23	29	17	49	48	43	37	53	5	34
SVW	91.0	31.0	24	1
107	48	67	37	104	14	72	42	94	33	103	17
LGK	30.0	58.0	15	1
48	48	28	56	11	43	33	74	26	63	53	56	16	67
VJV	44.0	15.0	24	1
57	7	27	15	50	-4	33	27	53	21	46	29
EHE	57.0	44.0	0	1
69	53	42	30	74	55	43	40	40	41	78	38	59	52
ROI	38.0	95.0	15	1
60	84	33	92	22	101	26	109	59	104	44	98	23	83
