CAF	94.0	18.0	7	1
79	23	112	3	78	22	100	6	105	13	95	43
JYW	85.0	60.0	8	1
99	64	64	66	100	80	65	44	100	47
NCK	102.0	21.0	3	1
89	12	114	44	103	23	105	7
HNN	5.0	41.0	6	1
1	62	7	40	14	20	0	42
ANJ	95.0	14.0	4	1
86	13	95	43	94	1	103	10	115	9	80	10
RQK	14.0	0.0	2	1
16	-9	1	9	29	15	-4	-12	29	-2
BPE	70.0	66.0	7	1
71	73	61	61	94	57	68	59	60	84
PSF	88.0	11.0	8	1
81	12	102	2	72	10	94	6	94	25
QCN	97.0	57.0	9	1
112	54	114	76	96	52	82	45	86	40	88	53	107	81
JRA	24.0	18.0	7	1
30	39	16	12	30	33	22	10	25	19	37	7	13	11
OMS	65.0	23.0	7	1
56	17	82	28	70	33	64	14	38	33	84	13
JBJ	56.0	45.0	3	1
37	24	62	68	63	26	54	35	59	54	61	36	48	61	66	59
JTW	27.0	97.0	3	1
42	84	-4	89	30	122	23	77	36	105	37	105
OAG	93.0	65.0	8	1
108	42	93	61	95	82	98	43	87	79	77	88
NOG	8.0	80.0	8	1
11	72	-10	76	10	72	21	100
ANY	44.0	15.0	6	1
31	19	36	21	47	5	64	18	43	12
HEM	41.0	86.0	1	1
59	87	53	101	37	99	24	80	51	67	50	102	24	79	37	80
PLN	38.0	1.0	7	1
10	3	35	11	42	15	49	-22	57	-1
QJO	32.0	73.0	2	1
31	62	28	69	25	86	39	81	40	68
LEZ	32.0	70.0	7	1
25	77	15	47	55	80	25	86	43	64
YPY	48.0	13.0	7	1
47	24	25	15	58	0	46	12	64	12	52	16
OGP	-4.0	6.0	6	1
-12	16	-15	23	-14	-7	23	-6
OPI	66.0	62.0	6	1
50	69	81	73	81	39	61	78	60	51
RAY	83.0	7.0	5	1
104	16	68	-2	84	30	64	-2	100	-14	67	26	99	-4	81	11
XXM	31.0	46.0	5	1
48	36	43	54	1	68	36	29	27	45
SBV	86.0	45.0	2	1
109	74	75	46	68	39	91	38	106	38	70	39
DBH	11.0	54.0	9	1
5	40	12	45	24	53	-8	85	7	72	17	47	21	40
OVR	3.0	27.0	4	1
1	32	-4	33	12	21	2	37	24	12	4	50	-13	9
IOY	61.0	71.0	9	1
52	46	61	62	68	81	52	82	76	87
FUL	58.0	78.0	3	1
60	92	59	64	47	95	66	64
NJL	71.0	87.0	6	1
61	91	63	74	83	90	95	101	53	79
JQA	78.0	49.0	7	1
62	62	79	32	89	47	83	58
VLS	56.0	82.0	2	1
53	85	42	79	69	84	46	86	63	90	63	72
HNS	53.0	85.0	1	1
61	92	44	99	68	87	52	86	44	62
HJB	91.0	26.0	10	1
97	34	76	9	70	25	79	41	106	6	111	24	78	32	112	43
DEY	62.0	1.0	1	1
72	-4	64	-17	48	-7	72	3	60	15	46	19	59	12	77	-8
NJA	20.0	87.0	10	1
14	70	3	101	48	88	18	106	21	72
EWQ	54.0	93.0	2	1
60	86	43	89	45	102	53	98	45	82	79	102
