BDU	92.0	97.0	4	1
103	110	106	113	97	93	86	101	89	84	84	72	83	106
KET	53.0	42.0	5	1
40	63	37	40	69	48	56	16	46	59	74	37	49	33
ADK	11.0	-2.0	7	1
12	-2	-1	-5	26	-15	29	-11	-9	22
GVV	31.0	81.0	2	1
36	72	31	63	26	75	20	95	42	85	32	97
DYE	95.0	49.0	7	1
85	25	76	64	114	48	84	72	119	40
JWF	6.0	15.0	3	1
-7	13	1	26	15	-3	7	13	15	27
LDH	11.0	52.0	2	1
15	50	16	32	33	46	3	71	-12	61
CCL	3.0	47.0	1	1
-10	70	33	56	-10	62	6	24	16	57	-8	32	-6	54	9	27
BRC	105.0	64.0	4	1
108	82	122	54	81	74	122	60	104	54	94	64
WGK	8.0	5.0	10	1
11	12	-8	7	-9	14	18	-2	25	6	11	-4
HEJ	75.0	95.0	2	1
66	108	79	76	73	91	83	107
PPP	49.0	54.0	9	1
67	46	48	40	29	78	57	57	57	78	32	47	56	37
HML	108.0	74.0	1	1
98	82	120	67	95	66	120	82
QNH	7.0	83.0	6	1
-8	74	17	93	-6	79	11	77	21	97	25	85	-7	78
MSQ	84.0	82.0	3	1
82	79	69	77	90	70	78	87	105	103	83	77
CVW	44.0	63.0	2	1
45	53	41	64	46	75	22	77	68	50
YYJ	61.0	76.0	7	1
60	66	69	63	65	94	45	67	76	74	54	97
OCD	24.0	-1.0	8	1
49	-5	45	-15	2	3	4	24	22	-13
QTX	-6.0	71.0	9	1
-22	64	18	73	0	69	-20	95	-10	58
YHG	58.0	54.0	6	1
48	73	45	63	49	34	72	47	64	53	72	59
KRN	10.0	86.0	7	1
-1	64	28	81	4	98	-11	77	21	106	10	95	12	81	21	88
OIS	67.0	93.0	5	1
61	107	66	88	64	111	66	73	81	75	75	103	60	94
YJD	53.0	69.0	3	1
73	68	57	76	44	55	75	78	38	78	31	59
JCW	34.0	24.0	9	1
17	45	40	30	20	6	24	19	58	13	41	38	39	19
FXQ	84.0	49.0	2	1
59	35	77	30	102	75	82	42	100	64
NDJ	27.0	75.0	9	1
36	81	23	94	8	58	37	62	31	82
PXN	21.0	3.0	6	1
-1	4	27	0	37	-17	0	-9	3	15	46	16	24	6	33	15
AVH	55.0	46.0	6	1
38	44	77	50	38	37	59	39	66	60
ORL	30.0	30.0	2	1
49	33	13	21	24	49	40	47	13	15	41	16
PIP	12.0	5.0	7	1
22	-21	27	3	20	-1	5	-5	17	15	-6	24	4	25
SHI	40.0	31.0	0	1
30	37	59	47	24	0	45	40	41	28	42	38
LGL	19.0	38.0	8	1
7	22	5	27	18	62	15	42	41	24	31	51
GSO	76.0	92.0	8	1
91	83	64	90	80	112	72	86
BZA	32.0	-4.0	5	1
39	-22	34	-7	7	12	43	-21	41	16
HDI	43.0	58.0	3	1
30	52	18	56	40	69	56	65	49	67	53	50	59	50
AEW	78.0	79.0	2	1
89	86	82	69	77	74	75	92	68	75
ODH	106.0	1.0	1	1
110	8	111	-3	101	6	103	-6
LWF	62.0	95.0	6	1
89	75	50	102	50	101	47	106	50	87	81	118	70	93	64	83
SQE	42.0	60.0	5	1
30	48	46	51	58	60	40	88	32	64	54	51	54	71	26	47
PJL	54.0	69.0	7	1
40	57	76	91	58	80	56	50	41	71
AZR	91.0	101.0	6	1
109	115	77	112	71	75	100	94	114	95	78	116
WXU	35.0	22.0	2	1
26	25	34	31	38	33	35	11	31	11	24	10	62	33
WSO	22.0	28.0	4	1
8	9	25	46	11	40	44	19
XYA	83.0	98.0	1	1
76	100	99	112	77	111	75	83	73	109	94	70	87	106
UUP	61.0	15.0	5	1
48	3	74	1	67	2	68	4	76	41	66	19	47	35	49	18
OQK	1.0	107.0	1	1
29	117	-14	113	1	115	-14	114	29	96	-11	108	-9	89
ZIR	24.0	48.0	3	1
40	31	1	40	3	38	36	63	18	59	39	50	34	55
