HBQ	18.0	43.0	8	1
28	45	10	52	14	43	20	34
NEV	-2.0	27.0	1	1
-13	20	10	13	-6	48	19	47	-3	20	-20	16
ZJD	55.0	28.0	2	1
66	25	45	39	46	46	54	36	61	16	72	25	41	10
HXX	0.0	38.0	3	1
5	52	-16	49	-11	14	23	27	-8	53	5	37
CHO	41.0	7.0	2	1
54	13	43	-1	29	4	41	22	41	-3	23	-2	59	22
LBG	66.0	4.0	4	1
47	-6	60	-7	74	20	78	2	75	14
MBT	73.0	24.0	6	1
66	11	69	35	62	40	73	10	70	43	104	17	68	13
LWU	17.0	54.0	3	1
10	61	1	59	21	53	25	55	13	29	37	68
DTI	97.0	85.0	2	1
75	109	95	78	110	77	116	71	94	80	96	95
QJM	28.0	90.0	6	1
3	83	35	88	41	79	31	70	29	102	39	107	21	102
PTS	42.0	14.0	9	1
27	6	56	16	37	30	37	41	34	-5	62	1
EYF	98.0	16.0	9	1
93	26	99	39	90	10	119	6	118	9	91	2	102	15	75	26
VJT	6.0	84.0	3	1
9	58	7	85	3	77	3	91	19	92	12	104	-7	86
BDJ	6.0	32.0	1	1
13	34	11	17	-18	50	-2	13	28	49
FYA	79.0	70.0	8	1
66	63	97	64	74	78	77	67	83	79
FGG	58.0	38.0	9	1
42	20	70	43	75	49	86	53	56	34	38	27	44	43
HQV	88.0	68.0	3	1
67	61	84	83	107	45	63	85	101	61	87	66	109	80
OKK	10.0	63.0	1	1
19	46	19	79	8	62	-5	62	19	63	12	63	-2	68
QCK	59.0	6.0	9	1
66	6	72	-4	65	-4	46	7	47	21	71	3	44	18	63	2
CEK	109.0	50.0	1	1
114	48	106	61	115	47	101	46
NPU	16.0	54.0	1	1
35	57	9	40	25	57	34	60	-3	37	-3	57	21	72
ACW	91.0	102.0	0	1
74	95	89	121	95	111	113	83	85	102
IGF	62.0	72.0	4	1
62	87	53	83	78	63	52	63	67	62	63	78
TGA	12.0	44.0	0	1
4	55	30	52	36	54	31	15	12	42	-4	30	-1	55	-5	50
