EEF	32.0	3.0	9	1
51	27	47	-7	4	1	17	-8	41	6
BNY	41.0	57.0	10	1
44	51	32	66	60	64	55	74	34	53	27	38	41	56
SNN	41.0	88.0	2	1
13	106	33	66	56	101	60	80	47	105	40	85	38	75
ZRT	51.0	27.0	9	1
32	33	45	18	35	41	57	29	45	10	54	10	71	46	72	30
CME	39.0	82.0	7	1
55	74	37	95	24	72	40	94	28	73	55	92	37	75
RHR	50.0	45.0	2	1
65	47	59	38	57	55	35	60	57	39	47	37	34	45
ILE	47.0	78.0	7	1
57	76	60	91	48	76	48	58	15	94	54	77
LKR	43.0	16.0	1	1
48	10	38	13	40	35	60	5	31	17
VFI	22.0	39.0	0	1
23	56	41	20	43	37	0	50	19	26	10	46
UKR	77.0	39.0	9	1
79	46	90	34	59	29	102	38	56	52
XPD	50.0	59.0	9	1
44	72	58	73	31	79	48	45	51	42	71	44
NTS	2.0	18.0	2	1
6	15	7	15	-16	33	14	12	-22	4	18	38	7	13
QKS	22.0	0.0	3	1
18	-8	21	6	34	-7	9	6	29	1
SYD	72.0	40.0	7	1
64	54	60	54	91	17	80	56	65	23
NWQ	24.0	81.0	1	1
24	91	31	65	40	86	18	78	8	85
UUM	34.0	41.0	9	1
36	57	49	24	34	44	24	35	40	28	26	62
VPA	14.0	87.0	8	1
1	93	13	110	9	93	4	71	45	68
ADQ	25.0	33.0	3	1
32	33	32	11	14	47	15	14	8	52	33	42	42	36
SUI	4.0	33.0	8	1
29	55	-2	27	24	40	-1	26	-14	41	-12	14
BUB	81.0	100.0	4	1
65	100	89	89	82	117	86	89	86	108
YMT	21.0	68.0	0	1
27	88	14	60	23	86	22	46	30	82	20	49	11	68
AUX	32.0	54.0	4	1
30	61	54	50	33	34	19	53	18	56	39	70
HUY	6.0	36.0	2	1
-14	48	15	21	14	31	23	37	-5	46
DYR	71.0	27.0	2	1
71	17	49	58	78	13	86	23
IRT	44.0	27.0	7	1
56	36	34	38	41	9	51	32	40	16	47	20	39	41
IXE	70.0	62.0	1	1
83	58	54	57	85	68	54	67	74	64
LGB	15.0	43.0	7	1
32	35	16	42	18	46	20	32	-7	30	28	45	2	75
ABU	-1.0	8.0	6	1
15	14	11	-3	2	14	-17	-5	-20	23
JVG	87.0	48.0	4	1
112	58	101	33	81	47	81	38	74	67	65	32	100	61
NES	107.0	65.0	2	1
115	51	111	81	95	53	119	53	109	82	120	79	74	72	116	54
PWE	55.0	33.0	2	1
71	16	66	20	32	34	69	52	62	58	35	21
GBL	45.0	81.0	2	1
44	87	25	91	53	74	29	85	57	90	66	59
ORL	69.0	88.0	5	1
68	77	87	95	55	101	65	83	71	75	66	90	76	99
TBM	89.0	13.0	2	1
102	28	78	26	73	21	87	4	83	8	111	-9
