UBL	18.0	71.0	17	1
-9	74	7	56	21	91	35	67	33	85	26	54
GQF	20.0	32.0	2	1
26	46	9	16	12	12	36	58	17	29
GPI	62.0	100.0	11	1
37	79	81	96	68	91	73	119	52	118
VYU	27.0	87.0	3	1
37	77	13	82	16	73	48	112	19	72	32	108
YLH	87.0	81.0	9	1
69	90	73	72	83	77	109	93	101	73
IUY	86.0	70.0	11	1
60	61	69	63	83	84	103	82	96	50	107	80
PBV	23.0	40.0	4	1
23	20	24	36	30	58	13	36	27	50
TMD	88.0	84.0	15	1
91	76	81	98	85	78	80	90	104	78
DAR	13.0	49.0	24	1
14	63	30	31	21	32	8	55	24	70	10	58	-10	37	11	46
MCI	78.0	37.0	14	1
71	31	58	60	89	40	91	31	91	23	72	38
IAB	4.0	20.0	19	1
21	31	16	1	-19	9	6	42	-1	19
JZN	-2.0	93.0	16	1
-3	76	-5	111	-4	92	-19	97	15	105	0	81
KQJ	68.0	39.0	18	1
75	61	65	26	57	30	81	55	56	31	75	23	73	53
DQY	32.0	26.0	5	1
19	3	45	38	43	43	38	17	19	30
GQF	58.0	101.0	8	1
53	98	61	96	49	108	59	92	34	88	79	116	71	109
PAU	33.0	71.0	2	1
34	85	42	69	20	55	47	77	26	71
OGQ	39.0	80.0	14	1
17	78	53	92	27	98	36	76	35	75	48	75	41	75	57	76
PHI	31.0	38.0	15	1
36	28	25	44	24	20	47	34	45	55	9	47
EQE	56.0	80.0	12	1
50	71	65	97	67	86	53	90	64	74	38	64
RVN	5.0	93.0	23	1
15	103	11	68	-13	101	20	67	1	102	2	101	-13	100	20	109
ZPS	38.0	92.0	7	1
48	78	15	89	55	102	10	78	54	98	47	108
KIH	20.0	92.0	16	1
41	80	5	97	6	109	28	85
AAK	9.0	82.0	23	1
0	107	26	78	-9	73	27	75	5	96	7	61	13	90
NPU	15.0	25.0	2	1
1	33	23	11	8	24	2	15	19	30	25	22	31	41
CJB	56.0	3.0	20	1
63	-5	58	-3	42	24	65	-19	40	22	71	2
BRT	-1.0	11.0	24	1
-18	21	14	36	-18	3	15	8	2	-9
XHK	22.0	57.0	1	1
30	77	7	72	15	36	37	43
PXS	45.0	86.0	23	1
63	76	65	106	28	82	53	64	28	91	36	99
CKA	73.0	48.0	10	1
77	54	82	30	61	53	85	61	62	46
GXW	90.0	72.0	13	1
91	75	79	66	76	55	107	97	108	88	67	62	108	64
BHP	81.0	5.0	21	1
68	-7	91	6	74	2	81	21	73	-5	101	16
XIO	34.0	46.0	25	1
29	58	46	52	35	47	37	42	26	32
IVP	87.0	18.0	11	1
77	27	73	-3	87	27	111	21
BEQ	74.0	96.0	1	1
69	106	88	117	89	104	70	93	67	83	74	86	64	89
LBU	41.0	58.0	18	1
53	77	54	67	29	40	43	46	23	59	35	53	48	81	43	43
UHL	22.0	96.0	17	1
22	110	32	88	18	98	18	89
XLA	89.0	66.0	14	1
100	55	101	75	95	86	67	70	85	47
CWT	32.0	68.0	16	1
19	78	19	62	13	46	55	67	58	87
KOA	57.0	59.0	0	1
52	50	62	57	54	59	54	56	63	76
KLI	33.0	51.0	20	1
11	64	48	53	33	47	53	68	32	45	25	32
OYB	56.0	95.0	19	1
73	103	51	81	62	105	46	89	36	94	72	99
XEP	72.0	44.0	9	1
85	32	43	56	82	48	81	60	48	43	85	55	81	14
OUF	30.0	80.0	16	1
16	68	34	82	41	85	30	88
