KHQ	4.0	-2.0	20	1
-14	9	7	16	-1	2	25	-6	-9	-19	21	-17
GYN	56.0	83.0	10	1
52	96	82	86	69	100	54	86	59	80	48	72	34	65
MEA	3.0	63.0	22	1
19	73	-6	69	6	74	-5	51	12	72	20	48	-15	46	-4	75
ITE	95.0	58.0	2	1
91	30	86	59	84	75	107	69	103	54	104	69	90	75	101	33
XML	7.0	14.0	19	1
24	25	21	-3	-3	35	-4	14	0	25	-5	-2	14	23	9	1
LDZ	59.0	16.0	20	1
56	-8	45	21	63	27	41	33	85	-3	76	35	58	16	50	7
PIN	65.0	54.0	15	1
78	53	66	57	58	70	70	31	53	59
SFB	44.0	71.0	24	1
39	64	59	67	38	86	55	50	51	86	27	73
RGO	65.0	71.0	16	1
71	62	76	59	66	89	50	75
OJU	41.0	68.0	16	1
27	48	22	72	47	84	53	67	44	56	47	62	47	87
TUL	32.0	32.0	6	1
47	14	50	30	16	54	44	22	21	42	19	32
BVZ	82.0	80.0	15	1
74	86	67	72	92	99	101	84	80	59
ZGX	24.0	40.0	19	1
15	28	11	46	42	49	37	37	15	43
FLN	-4.0	35.0	1	1
-12	48	-14	11	23	51	-9	35	11	19	-19	44	-12	37
AQG	75.0	84.0	22	1
82	73	70	99	60	96	57	84	93	75	89	79
LAU	76.0	74.0	17	1
95	73	76	72	66	87	75	60	71	81
ELD	81.0	61.0	9	1
94	58	92	54	90	50	62	63	71	83
QSZ	9.0	63.0	8	1
36	59	-5	68	-9	51	31	51	4	81	17	44	-2	84	2	66
GGF	-5.0	61.0	19	1
18	81	11	76	-24	39	-22	86	-20	41	6	44
AAB	43.0	28.0	16	1
40	45	51	20	43	42	43	16	44	4	39	45
XBL	45.0	11.0	3	1
34	1	49	24	49	-11	24	11	72	32
LAC	8.0	29.0	20	1
24	26	30	48	19	35	-9	38	-8	15	-7	15
GHT	0.0	17.0	12	1
0	29	3	1	0	42	0	-1
CMR	75.0	28.0	3	1
65	21	92	24	73	23	64	43	90	22	69	38
GFK	55.0	68.0	4	1
58	58	45	58	65	69	33	69	77	89
BDT	66.0	47.0	23	1
52	35	61	40	57	48	89	48	73	65
LEC	63.0	67.0	6	1
41	87	79	56	72	72	44	71	80	53
UMO	98.0	52.0	20	1
83	40	112	62	103	58	115	44	102	49	76	61
TLB	23.0	5.0	0	1
8	-4	16	9	15	27	9	-9	15	-14	49	23	50	6
BQR	25.0	37.0	21	1
33	17	21	34	34	52	14	47
YJD	43.0	84.0	25	1
29	93	27	67	31	65	41	63	70	108	74	101	32	94
SHO	51.0	68.0	22	1
69	58	33	74	44	52	66	83	44	54	52	90
UHG	23.0	45.0	16	1
7	25	48	55	35	39	22	61	5	48	2	40	31	47	36	51
CGQ	63.0	92.0	13	1
60	105	74	70	60	108	60	85
ABT	91.0	78.0	21	1
91	71	106	83	82	58	91	87	89	91
GJV	19.0	1.0	11	1
4	-4	42	14	36	20	7	-6	-1	-5	42	-4	9	3	14	-5
EOJ	82.0	77.0	15	1
71	86	94	55	70	97	87	92	89	58
CZT	93.0	92.0	11	1
98	81	80	75	79	87	102	91	113	101	89	122
TQP	21.0	19.0	1	1
38	30	41	-6	9	19	2	43	12	21	38	27	11	2
BMV	20.0	17.0	21	1
36	-2	24	2	29	12	25	24	1	38	9	31
