YFF	86.0	19.0	10	1
89	40	79	29	90	43	81	10	114	0	77	0	78	16
RJI	12.0	17.0	13	1
12	13	9	16	15	16	13	23
FOH	88.0	22.0	1	1
73	10	100	23	104	17	81	24	89	43	85	17
ZDG	63.0	31.0	23	1
75	28	47	52	71	31	61	32	54	20	74	28
OFS	88.0	92.0	12	1
97	83	101	102	99	81	86	106	75	88	101	96	61	92
XAZ	39.0	85.0	5	1
22	89	50	85	16	69	52	89	44	77	54	105
ZJD	73.0	41.0	0	1
54	31	91	25	74	42	60	60	69	49	99	44	65	38
BNT	61.0	72.0	14	1
56	94	44	68	58	86	48	63	75	55	86	84	63	55
BQR	76.0	86.0	15	1
79	85	84	92	66	106	65	76	90	74
QBR	69.0	42.0	9	1
73	35	51	44	76	63	66	37	83	35
EMN	33.0	33.0	20	1
49	53	47	24	34	11	40	32	4	35	25	48
QGO	59.0	75.0	10	1
71	79	68	65	50	92	50	66
OJY	19.0	78.0	2	1
21	92	23	67	5	74	27	82
MYA	100.0	32.0	12	1
103	27	116	43	106	34	75	27
IYZ	10.0	89.0	12	1
10	106	-11	77	26	90	13	67	13	107
ARS	91.0	22.0	9	1
89	12	109	34	78	23	89	19
YRQ	91.0	83.0	10	1
67	96	95	83	107	63	81	73	106	101	92	87
TQW	31.0	52.0	5	1
15	74	35	26	37	36	58	71	20	53	23	53
QAF	75.0	11.0	4	1
85	7	93	9	58	7	69	33	73	1
SYF	60.0	25.0	12	1
39	23	56	32	62	19	84	27	42	39	82	14
ZKN	55.0	60.0	0	1
31	63	65	44	65	69	49	65	63	63	49	80	63	42
TZN	70.0	16.0	18	1
72	0	86	23	60	42	81	-3	71	10	55	27
PKF	17.0	68.0	19	1
17	90	17	50	24	57	11	78
CBB	20.0	23.0	8	1
8	5	23	40	31	17	28	21	-3	36	31	36	23	9
VRL	44.0	58.0	14	1
50	65	25	42	54	63	49	63
CTM	65.0	3.0	9	1
63	18	74	10	76	-13	49	0
CSU	41.0	36.0	15	1
43	35	47	19	37	27	57	49	20	29	24	44	59	51
QCT	4.0	4.0	18	1
8	18	0	29	5	-3	-12	-3	15	5	-8	-13	20	-3
HRN	99.0	60.0	4	1
117	75	94	44	103	55	100	53	81	73
NAQ	32.0	73.0	18	1
20	85	22	56	25	65	50	72	32	66	48	97
NXZ	13.0	59.0	20	1
29	44	17	55	21	53	6	75	4	68	15	39	10	65	7	74
HLF	95.0	8.0	17	1
86	23	107	9	113	1	79	29	94	-6	91	-6
MDY	40.0	87.0	24	1
33	105	34	88	53	79	37	95	53	84	34	72
BBA	44.0	68.0	11	1
40	60	24	68	70	52	60	93	45	50	25	79	43	66	45	78
LLL	34.0	17.0	21	1
32	22	37	31	28	7	54	17	23	10
RTY	0.0	51.0	24	1
-11	61	10	34	0	37	-13	73	12	53
BCK	69.0	7.0	25	1
79	8	85	13	61	5	61	1	45	22	84	-5
AXM	29.0	67.0	4	1
17	70	29	73	41	65	20	68	46	73	25	58
QBJ	8.0	94.0	23	1
15	94	-4	115	0	99	17	80	8	107	14	72
AZT	76.0	12.0	1	1
81	4	61	21	92	23	78	0	66	27	89	13	67	-2
NJL	35.0	80.0	21	1
11	64	42	59	24	76	46	106	46	105	48	95	28	60
