HRP	52.0	66.0	9	1
44	83	63	71	48	62	49	62	59	53
XKI	55.0	75.0	17	1
70	81	62	75	47	67	72	65	50	70	49	65	35	107
VUR	9.0	20.0	10	1
12	12	12	52	-7	9	16	7	24	17	-1	25
UJB	85.0	70.0	24	1
105	93	96	50	106	83	68	77	67	77	86	62	72	50
ETU	56.0	-2.0	19	1
77	-9	47	-10	70	26	43	-9	61	-5	42	-6
QOC	9.0	69.0	10	1
2	90	4	63	18	52	20	46	3	94
VVW	15.0	25.0	19	1
18	12	5	27	3	31	8	4	11	31	25	39	16	27	40	32
KYZ	79.0	0.0	3	1
56	-15	100	20	80	16	85	1	88	-9	69	-16
NRU	44.0	94.0	18	1
43	97	51	111	70	110	31	81	25	74
YRT	37.0	69.0	16	1
64	79	18	82	33	59	40	82	47	67	20	48
RCR	69.0	8.0	3	1
47	-7	72	18	76	0	72	25	78	-5	71	22
HZW	41.0	77.0	13	1
36	95	42	57	37	89	66	81	24	64
NDP	73.0	50.0	14	1
65	41	83	36	72	60	85	71	61	65	75	30
RLX	63.0	44.0	5	1
46	33	70	51	63	43	65	50	76	35	61	57
SSY	49.0	-6.0	3	1
58	-19	34	13	41	-18	63	0
QFO	21.0	63.0	19	1
19	44	18	82	24	82	29	51	16	59	12	50	34	79
OJF	52.0	68.0	5	1
56	79	42	52	55	78	56	66
BHL	91.0	6.0	24	1
90	13	111	-2	84	-1	96	6	99	8	80	27	77	-8
DRZ	39.0	83.0	1	1
29	95	43	73	30	63	38	91	56	93
NRF	39.0	36.0	0	1
41	44	37	44	41	36	57	52	27	20	36	22	36	40
GIJ	28.0	1.0	24	1
26	19	27	-22	6	16	40	-13	41	6
PFZ	89.0	6.0	16	1
91	-1	107	14	76	1	72	23	99	-5
XUA	38.0	69.0	5	1
39	47	41	78	48	73	32	74	30	77
MZN	95.0	57.0	3	1
94	82	104	42	78	59	105	47
SYO	59.0	-3.0	10	1
72	-10	45	4	63	-3	57	-6
IFM	64.0	15.0	1	1
64	0	63	21	73	16	71	26	45	8	72	21
EVN	11.0	8.0	12	1
22	18	12	3	1	17	23	1	-1	1	9	9
LEQ	47.0	44.0	6	1
41	53	40	29	39	44	42	61	76	34
FSB	79.0	-3.0	19	1
66	19	69	6	95	-15	61	-11	70	14	93	-14	105	-22
TBV	31.0	90.0	16	1
34	88	39	86	27	88	52	95	6	103	14	71	50	101
HDD	30.0	88.0	23	1
40	87	49	98	19	101	15	66
BOF	74.0	50.0	13	1
72	28	84	69	55	52	79	46	83	57
PUX	12.0	31.0	9	1
15	36	18	42	21	15	-6	33
GIC	8.0	78.0	3	1
25	74	14	62	-15	87	2	103	12	71	1	93	19	60
ISX	91.0	85.0	20	1
93	68	95	88	90	75	97	109	79	85	84	90	95	75	98	91
IAL	42.0	60.0	9	1
45	68	55	64	26	70	33	76	54	46	58	58	26	43
TXH	60.0	29.0	10	1
40	30	72	23	50	18	73	42	49	29	80	32
VWT	57.0	15.0	16	1
62	-3	54	24	63	12	49	27
EBG	81.0	73.0	6	1
74	80	77	89	83	62	87	80	76	77	73	68	98	57
PYQ	39.0	66.0	10	1
61	71	60	40	50	72	26	76	16	58	24	81
ZRY	53.0	88.0	11	1
76	83	61	87	40	78	35	104
AAH	26.0	9.0	2	1
39	17	7	9	29	-2	29	8	30	16
VCR	13.0	38.0	0	1
21	24	3	21	18	42	14	55	35	43	5	48	-3	37
UST	54.0	90.0	1	1
67	70	52	104	34	90	64	104	48	80	48	70	68	112
CHI	38.0	68.0	16	1
37	90	64	64	17	59	55	78	17	51
