PMA	82.0	58.0	15	1
81	48	83	78	90	74	64	45	79	49	99	47	78	70
IAB	25.0	76.0	2	1
23	72	25	107	51	65	21	86	22	61	26	61	8	86
UHI	9.0	80.0	10	1
18	74	-1	66	28	89	-6	79	-10	83	28	94
MUM	21.0	49.0	12	1
2	54	33	77	22	51	9	31	35	33	9	76	29	35	32	36
UET	18.0	25.0	20	1
10	13	1	46	29	20	22	27	42	7	4	40
KIB	95.0	68.0	25	1
113	67	102	92	71	50	100	53	90	80
SCU	5.0	17.0	1	1
-14	-8	26	13	-16	25	-13	33	31	26	19	16
JVF	86.0	50.0	21	1
102	65	74	44	79	53	76	53	92	34	95	56
MBQ	88.0	9.0	11	1
82	-15	78	14	102	23	102	14	99	-1	70	23
KBV	26.0	13.0	4	1
38	0	15	18	25	6	32	24	21	18
RZP	44.0	51.0	1	1
52	66	31	49	37	37	52	68	48	33	40	45	53	62
AWA	39.0	50.0	2	1
51	65	19	67	43	40	45	31
ICJ	23.0	90.0	10	1
5	97	9	100	39	80	40	83
MPJ	2.0	89.0	17	1
-1	87	-5	87	-8	89	-18	89	12	92	27	90	7	95
BUA	31.0	-1.0	5	1
22	-11	46	-15	27	27	30	-5
HBD	15.0	29.0	9	1
4	40	19	37	12	33	12	18	28	17
XLZ	9.0	62.0	20	1
-7	82	19	57	14	63	19	66	14	47	-5	60
STE	39.0	65.0	22	1
46	77	34	42	25	64	50	61	42	82
YOO	75.0	10.0	8	1
86	8	95	24	91	-8	73	27	84	-4	53	12	48	17
TFQ	50.0	43.0	23	1
63	24	37	45	73	47	39	61	29	45	62	41
TZP	61.0	36.0	7	1
48	32	58	57	80	49	39	37	66	23	66	28	73	28
VYN	14.0	44.0	18	1
14	49	-5	55	31	19	18	53
JNJ	88.0	48.0	17	1
100	48	76	48	76	32	91	67	104	35	82	63
DZB	72.0	8.0	8	1
76	-10	86	35	82	4	71	0	52	5	65	-6	75	31
PBX	33.0	25.0	23	1
37	39	55	27	15	43	19	9	54	6	23	29
BJJ	62.0	53.0	23	1
84	35	82	66	52	65	65	55	47	33	52	64	56	54
CRV	28.0	51.0	6	1
18	64	5	56	38	62	40	29	48	65	2	26	49	55
MIQ	12.0	19.0	0	1
24	14	21	2	29	38	22	4	11	37	-13	30	-5	14
ZPH	49.0	69.0	1	1
40	66	62	84	54	81	49	58	64	73	60	60	24	49	42	85
BKN	66.0	54.0	6	1
90	70	57	63	48	36	72	47
VXP	-13.0	74.0	11	1
-10	83	-16	66	-16	72	-12	77
RQM	75.0	89.0	6	1
68	100	80	67	68	77	103	108	67	93	68	93
ZGP	42.0	0.0	15	1
42	-18	53	18	46	-4	49	5	41	-9	29	8	28	-2	51	-5
AWN	37.0	13.0	5	1
43	31	36	11	34	-14	37	-1	37	25	38	30
MHR	72.0	11.0	8	1
87	-5	55	-7	75	36	65	17	78	18
VZM	34.0	5.0	4	1
20	-20	51	20	44	24	23	-14	34	16
BSU	66.0	27.0	11	1
65	32	60	28	78	27	64	22
IOK	15.0	30.0	15	1
5	19	25	39	26	12	30	28	-10	33	7	42	25	42
YFG	98.0	23.0	16	1
83	8	88	20	123	44	105	16	77	28	113	24
PYZ	77.0	47.0	11	1
55	57	81	50	55	46	97	42	98	36	73	35	83	63
MTX	0.0	80.0	8	1
9	99	-21	76	9	77	4	103	17	82	-15	61	3	67
EQI	52.0	52.0	0	1
58	43	34	49	60	45	68	81	44	44
JKM	38.0	3.0	25	1
27	11	56	24	43	-21	36	20	32	-16
QJC	41.0	101.0	3	1
33	109	28	108	41	105	45	105	58	78
MLI	96.0	34.0	12	1
75	47	111	17	109	54	102	41	81	21	108	14	107	29	78	50
HQX	58.0	85.0	5	1
64	93	35	76	60	81	72	81	59	97
KUC	0.0	1.0	21	1
11	6	16	-10	-7	-10	-3	-3	-19	23
TFL	27.0	86.0	24	1
33	83	38	81	36	84	21	105	8	79
