LNU	80.0	101.0	8	1
58	93	106	118	64	87	79	81	90	115	83	115
MUK	5.0	0.0	1	1
9	11	-12	-15	24	9	7	-12	9	-8	-5	12
TJX	82.0	-4.0	1	1
75	-5	91	-19	95	-4	84	28	70	-16	78	-12
EDX	26.0	29.0	4	1
14	47	45	35	38	10	27	46	11	40	14	22	36	7
CJH	74.0	84.0	9	1
73	92	88	61	59	59	71	103	68	92	86	101
AYU	89.0	70.0	2	1
109	53	65	55	95	101	84	73	81	77	105	61
OKR	50.0	48.0	6	1
69	22	65	64	45	49	26	60	59	31	37	63
HVP	20.0	11.0	10	1
20	22	5	21	21	-13	35	-1	33	10	35	24	10	23	5	7
FSJ	76.0	71.0	4	1
76	58	94	58	62	70	77	68	62	79	85	94
OPO	6.0	40.0	5	1
10	49	20	34	14	34	-17	46
RCV	23.0	39.0	7	1
-3	32	31	55	28	30	43	53	24	34	-1	34	42	40
UWS	64.0	5.0	10	1
49	-6	56	27	86	1	66	-1
LCP	52.0	86.0	3	1
62	64	55	87	35	97	41	102	66	98	58	71
FNU	91.0	68.0	8	1
71	79	102	53	102	76	90	64
YUN	3.0	17.0	8	1
-7	7	-17	35	-14	24	24	-9	28	27	9	18
NDY	38.0	9.0	3	1
50	24	27	14	32	4	33	-5	50	12
ZBQ	5.0	35.0	1	1
-3	47	-5	53	20	40	8	24	-6	8	4	40	18	35
VYR	25.0	29.0	2	1
10	26	4	40	37	11	38	40	46	34	15	23
VRO	43.0	31.0	10	1
35	42	45	55	23	23	46	26	70	11
OOW	61.0	15.0	4	1
66	21	51	7	61	9	67	25
TOB	90.0	98.0	7	1
86	71	103	119	88	105	83	97
FAU	68.0	97.0	6	1
76	86	61	113	54	111	78	74	73	101
RFS	3.0	76.0	4	1
19	77	7	57	-7	62	-14	67	-10	96	27	101
GBM	51.0	64.0	7	1
58	44	40	58	47	70	63	85	47	64
TUW	3.0	88.0	2	1
6	72	-14	102	26	86	-5	92
YTJ	45.0	34.0	7	1
27	52	69	48	59	31	29	6	26	29	62	41
FHU	65.0	18.0	8	1
66	9	63	9	59	39	61	10	78	26
JJJ	35.0	50.0	0	1
18	43	39	33	18	55	44	62	58	63	18	55	56	45
DIL	88.0	86.0	4	1
98	90	97	65	72	75	104	109	83	69	76	110
UZZ	9.0	23.0	9	1
-10	45	19	8	23	43	-2	15	36	6	-1	15	4	29
CZU	81.0	78.0	4	1
83	83	59	105	93	75	77	74	102	62	74	72
YDM	75.0	-1.0	7	1
63	-3	77	4	83	-15	70	-16	91	-2	61	27	81	-6
