JIQ	22.0	61.0	6	1
31	70	20	66	23	46	15	69	16	54	26	54	29	73
RTN	3.0	12.0	7	1
0	32	23	15	23	17	2	10	-14	-8	-22	4	11	20
QOY	84.0	69.0	6	1
89	81	91	48	58	72	99	58	85	88
VHF	34.0	83.0	4	1
28	104	15	70	33	102	51	88	55	73	27	63
LQF	36.0	22.0	1	1
32	34	42	9	27	28	25	25	50	-1	40	12	51	44	21	32
XKN	86.0	35.0	7	1
101	29	102	23	91	53	73	59	82	26	68	25
FSG	85.0	59.0	0	1
74	39	94	81	97	74	82	55	81	48
PHD	82.0	70.0	6	1
78	69	95	59	86	76	62	84	93	66
GOV	33.0	64.0	1	1
34	53	8	72	57	76	34	56
KFZ	89.0	90.0	0	1
68	102	103	75	108	114	77	84	100	102	80	67
QLE	3.0	3.0	5	1
-7	28	3	-8	-10	7	-9	0	2	-4	27	4	18	-5
UGB	64.0	58.0	8	1
43	64	77	59	73	63	67	70	69	45	74	39	47	70
TBT	69.0	1.0	6	1
84	10	54	12	86	-4	84	-16	59	-4	51	8
ZVD	47.0	9.0	1	1
55	9	31	12	48	11	48	1	53	16
AHF	52.0	96.0	8	1
64	89	57	76	31	102	50	113	58	103
LXI	39.0	4.0	1	1
60	-2	44	18	37	-4	33	-2	14	27	21	-15	48	-7	56	17
ZIL	23.0	8.0	5	1
34	26	41	-17	11	4	18	17	13	30	21	-7
JYK	87.0	88.0	8	1
88	107	66	68	76	107	101	80	88	104	83	87	103	88	95	68
FEQ	48.0	72.0	7	1
54	60	51	76	55	72	31	96	53	56
LYL	56.0	17.0	9	1
54	40	63	23	52	13	49	3	63	8
