QKN	9.0	45.0	11	1
0	54	-14	41	18	37	15	46	14	26	23	66
GBQ	32.0	87.0	21	1
38	79	24	78	39	78	34	97	27	107
XSO	32.0	74.0	2	1
42	54	21	64	27	98	38	85	36	72
KRY	46.0	34.0	12	1
39	31	64	25	55	21	40	36	33	56	47	35
KFF	9.0	34.0	12	1
27	49	7	19	5	56	-13	38	21	12
VQI	58.0	100.0	8	1
45	118	81	79	72	97	49	89	46	117
PGN	9.0	67.0	7	1
6	76	32	65	-3	64	14	84	-4	58	2	58	21	69
KVM	24.0	69.0	8	1
15	46	6	73	26	89	42	68	34	76	14	77	19	41	37	88
TZD	64.0	46.0	12	1
65	52	76	53	53	28	81	47	46	54
IMW	87.0	19.0	19	1
75	30	114	31	73	-5	76	34	66	26	91	29	107	19	95	-6
UFZ	36.0	81.0	2	1
38	74	36	82	39	68	31	80	38	101
IOH	8.0	69.0	21	1
-6	67	17	62	-4	59	28	89
QPO	40.0	70.0	1	1
30	64	35	90	45	59	56	53	52	60	24	97
WJE	85.0	51.0	21	1
83	48	81	44	87	39	100	51	94	56	69	71
TPA	90.0	26.0	3	1
79	6	82	43	100	10	109	23	82	50
IZY	83.0	75.0	7	1
72	63	70	90	106	93	96	59	74	74
IQN	53.0	43.0	7	1
56	23	68	51	41	58	55	48	63	50	59	25	44	35	38	61
CII	78.0	91.0	11	1
76	95	90	105	76	74	68	99	81	88	68	76	88	102
FKW	37.0	42.0	12	1
26	49	57	31	54	59	22	41	22	27	47	65	37	25
TPS	101.0	90.0	2	1
97	89	122	97	111	69	80	105	98	93	108	87	87	98	106	86
