YWH	73.0	94.0	7	1
80	116	88	80	65	70	72	71	87	115	48	114
DNK	45.0	32.0	5	1
48	42	56	40	52	12	65	26	43	50	24	10	37	51	40	27
CLH	4.0	51.0	10	1
2	40	-12	71	-2	47	5	59	27	39
VJV	14.0	77.0	7	1
29	71	35	99	1	72	8	53	9	77	3	94
XIS	30.0	8.0	10	1
34	8	12	13	56	25	22	17	40	-5	16	0	56	12	8	-1
NXA	30.0	21.0	1	1
17	0	21	3	39	36	47	16	50	10	16	34	19	42	36	30
HIN	35.0	80.0	3	1
51	99	27	63	12	94	47	88	48	66	28	79	37	76
QYG	16.0	47.0	6	1
32	38	9	73	19	56	17	32	15	30	2	57	24	48
QDW	44.0	15.0	5	1
46	42	53	-3	34	8	57	36	53	3	39	18	28	-3	43	23
NCN	80.0	82.0	2	1
64	80	104	89	74	63	77	72	72	95	105	92	67	87
HMA	21.0	2.0	9	1
24	7	25	-9	17	-3	20	15
ZZF	87.0	30.0	6	1
105	26	69	55	94	27	78	17	90	27
OAQ	32.0	28.0	1	1
26	55	39	31	56	22	22	51	30	17	13	14	38	9
MQH	65.0	84.0	8	1
57	76	57	82	71	84	82	82	62	96
KVW	74.0	55.0	5	1
70	50	87	76	48	54	79	57	92	50	68	43
TVI	58.0	95.0	7	1
51	86	51	95	74	108	45	116	49	79	68	94	56	100	75	88
IIK	72.0	87.0	6	1
81	72	80	91	52	78	71	93	75	81	53	104	79	70	91	111
BUC	21.0	102.0	8	1
16	118	38	112	3	74	30	104
KOA	78.0	62.0	0	1
104	51	104	63	61	79	61	63	92	65	59	56	67	57
BAI	65.0	43.0	4	1
55	52	71	23	71	53	71	66	72	33	53	36
AVI	51.0	4.0	3	1
78	4	39	6	42	-1	50	5	50	6
WKB	24.0	80.0	8	1
26	86	29	91	7	77	28	94	35	62	36	66	9	89
TJN	46.0	76.0	4	1
38	89	54	70	36	88	49	68	55	66
PUU	105.0	69.0	9	1
88	72	119	70	81	74	119	74	119	55
GKW	40.0	96.0	9	1
38	93	27	83	49	107	39	100	48	112	42	85
KAS	71.0	71.0	5	1
78	53	78	64	63	62	68	83	71	94
TNV	73.0	16.0	5	1
55	25	78	11	92	10	60	12	84	24
DPU	97.0	56.0	2	1
108	73	87	43	105	47	110	58	79	60
DKX	50.0	29.0	1	1
43	41	60	9	40	10	56	44	55	43
PKD	30.0	75.0	4	1
53	56	9	63	26	92	26	54	16	85	51	93	32	83
NLU	77.0	95.0	2	1
77	82	56	101	101	98	74	100
UTN	52.0	28.0	6	1
41	30	37	34	32	22	67	31	67	15	69	40
NLS	47.0	22.0	0	1
29	32	50	13	56	9	47	18	54	41
IQH	65.0	60.0	1	1
72	56	82	48	73	51	72	89	75	46	48	57	40	54	58	82
IDQ	90.0	45.0	4	1
110	34	93	58	77	25	78	67	107	38	109	67	81	40	71	38
HBE	33.0	64.0	2	1
29	64	31	68	55	60	35	68	16	62
OYA	67.0	49.0	5	1
73	44	68	64	55	60	57	53	84	44	50	32	87	48
XYI	5.0	106.0	2	1
-15	119	7	95	13	120	24	112	-2	85
JJM	81.0	57.0	7	1
88	67	88	44	79	69	72	76	78	54	74	62	89	29
