APX	38.0	50.0	2	1
54	53	17	43	43	34	52	75	24	46
UBI	36.0	9.0	7	1
59	6	49	26	24	-5	13	-4	48	20	28	12
MJE	75.0	17.0	6	1
85	10	54	8	89	32	62	9	75	25	81	28	85	13
AMT	96.0	93.0	9	1
101	105	74	91	87	99	109	99	96	83	112	86
JSE	25.0	38.0	5	1
36	39	36	57	14	20	4	21	4	38	46	31	41	60
PEX	11.0	17.0	8	1
0	35	-8	22	16	-2	25	7	23	23
CZW	41.0	49.0	6	1
57	64	29	37	35	68	48	52	38	25
LVN	103.0	74.0	7	1
100	70	110	55	91	57	104	99	114	92
UMA	11.0	86.0	5	1
22	69	8	93	-10	100	10	62	15	82	23	102	14	96
PDO	98.0	61.0	6	1
114	55	100	50	96	61	109	79	74	80	107	49	98	77	93	40
LHZ	55.0	0.0	8	1
38	-9	65	-7	61	25	57	-7
NKL	85.0	44.0	2	1
113	22	71	49	73	52	85	58	105	52	71	55	83	39	81	29
PUP	42.0	58.0	4	1
24	49	26	53	48	70	44	56	67	63	43	54	47	64
NMI	89.0	89.0	1	1
81	81	94	83	89	95	84	105	101	84
