CBB	52.0	59.0	1	1
64	46	35	65	66	46	43	81
RXI	50.0	54.0	6	1
40	57	67	43	70	43	29	65	36	67	58	51
QNC	24.0	75.0	1	1
17	85	4	60	34	82	25	91	32	59	44	92	25	61	16	74
OJU	78.0	76.0	2	1
65	76	79	83	76	67	86	78	102	59	63	93
YTN	45.0	63.0	8	1
65	51	48	42	26	66	39	83	55	74	41	62
EXA	29.0	12.0	6	1
26	-3	16	1	59	16	17	12	28	33	22	26	41	10	23	5
EGD	4.0	-8.0	7	1
14	-20	-17	-4	-2	-15	26	2	23	-1	-18	-10
ZXB	92.0	20.0	6	1
113	14	76	15	110	24	66	22	115	26	102	15	68	26
LYE	62.0	64.0	4	1
54	58	57	58	62	73	75	68
NBS	94.0	85.0	9	1
113	57	104	69	82	93	72	97	82	101	114	94
BYY	39.0	34.0	4	1
13	24	55	43	42	27	39	59	48	21
PJN	93.0	76.0	2	1
75	75	68	50	113	69	94	79	106	92	107	94
BBE	25.0	41.0	4	1
24	25	24	43	42	29	9	51	27	61
UMT	79.0	83.0	3	1
96	73	91	77	67	73	62	112	83	87	79	76
