SWD	24.0	15.0	6	1
22	-1	23	21	41	34	18	31	34	16	12	-8	19	17
CNX	99.0	78.0	1	1
80	94	98	62	102	81	117	92	100	70	102	71
VGU	-4.0	21.0	2	1
-16	28	-21	28	5	23	11	3	4	24	-10	25
WID	15.0	25.0	4	1
9	17	10	32	14	14	6	23	40	42
XIN	9.0	21.0	0	1
9	-2	30	28	12	12	-6	23	11	35	10	30	2	26
KQA	52.0	80.0	0	1
33	105	58	74	62	69	48	89	54	70	55	77	56	70	56	89
LHI	59.0	96.0	5	1
50	88	63	96	81	105	39	91	66	102
HRH	39.0	53.0	0	1
44	67	35	72	22	61	45	55	45	28	44	35
GGL	95.0	21.0	4	1
113	8	108	4	105	26	76	41	75	29
SLE	92.0	94.0	3	1
93	100	102	103	100	75	91	101	108	116	68	95	87	69
KOL	13.0	93.0	8	1
34	73	7	98	25	106	-1	114	0	82	6	111	22	73
XVY	64.0	86.0	5	1
61	98	71	86	80	66	73	102	53	106	52	66	59	79
BRU	78.0	73.0	4	1
76	64	89	69	81	71	72	76	71	90	84	72
QIN	66.0	59.0	7	1
81	64	71	81	48	73	75	40	47	47	80	80	71	46	57	48
OMH	53.0	67.0	2	1
54	62	28	82	64	57	59	67	66	76	55	65	51	63
YOC	53.0	44.0	7	1
49	66	48	62	44	48	76	23	58	32	43	37
DVZ	31.0	63.0	5	1
31	64	14	85	37	61	48	63	45	59	12	51
HQN	83.0	81.0	4	1
78	76	75	106	88	59	69	98	107	82	82	65
WTD	36.0	43.0	6	1
37	54	35	40	43	52	46	53	21	17
KVY	53.0	0.0	8	1
37	-2	54	16	61	-23	62	4	52	5
ZUV	-6.0	19.0	7	1
11	10	-24	25	-24	47	16	16	-10	7	-5	13
ANR	17.0	75.0	2	1
19	83	30	96	10	75	17	54	-3	66	22	87	27	64
EAQ	73.0	20.0	8	1
80	35	68	6	93	6	67	38	60	19
RCC	68.0	60.0	3	1
80	78	53	37	69	38	62	68	79	67	67	75
NJV	85.0	95.0	7	1
96	83	95	109	72	95	63	77	100	114
TUR	73.0	3.0	5	1
84	9	80	6	46	19	87	7	80	-14	82	17	46	-5	86	-9
EKG	54.0	99.0	3	1
44	77	57	106	50	71	67	112	68	113	33	114	65	105
VMC	0.0	54.0	2	1
0	67	24	37	3	43	22	67	-21	72	1	41	-10	37	-12	70
OOD	89.0	100.0	3	1
96	83	88	83	85	112	80	104	104	118	89	80	81	122
BUD	89.0	96.0	10	1
76	108	106	106	84	90	107	96	77	106	89	74
