WZZ	33.0	14.0	5	1
37	31	25	26	31	12	57	2	18	2
JGX	13.0	40.0	5	1
7	23	31	50	-2	22	29	49	4	57
BQQ	39.0	43.0	2	1
28	68	43	54	45	24	41	26	41	45
NJL	2.0	80.0	3	1
-15	94	21	66	2	86	5	82	12	82	-13	74
YXO	62.0	52.0	9	1
54	42	55	39	71	70	66	38	67	79	61	61	66	35
RVT	66.0	55.0	4	1
82	56	70	47	46	60	74	43	73	58	78	74	44	52
UDF	82.0	82.0	0	1
78	95	81	68	91	69	65	85	96	93
KIC	18.0	49.0	5	1
-3	37	3	75	29	32	37	57	10	57	32	41
IDE	58.0	66.0	7	1
84	61	66	59	40	92	44	52
AOK	63.0	66.0	2	1
52	70	79	84	83	72	60	49	47	59	41	75	58	80	85	44
CNQ	62.0	60.0	9	1
48	71	62	67	75	44	52	53	74	66
FGU	51.0	6.0	9	1
50	6	51	35	48	4	40	-10	52	-3	67	17	50	-7
XES	35.0	22.0	9	1
29	28	34	15	23	39	29	15	58	34	30	-1	53	16	28	31
FQM	72.0	19.0	5	1
69	15	83	4	85	3	69	14	68	42	59	38
YYE	42.0	101.0	6	1
33	92	57	101	48	106	47	120	29	88
VNF	42.0	24.0	7	1
70	12	26	21	23	22	38	34	52	26	47	29
KAP	29.0	14.0	7	1
20	-2	47	22	26	20	26	16
PNW	6.0	76.0	1	1
28	67	27	65	13	77	-12	62	4	86	-4	93	-12	94	8	71
MVI	51.0	33.0	9	1
72	36	33	56	48	51	42	33	37	11	56	27	70	18
ROR	94.0	14.0	8	1
96	19	103	13	95	8	79	29	97	23	95	-5
RJA	74.0	-6.0	6	1
59	-10	89	-2	49	-3	84	-8	90	-9
CMI	75.0	61.0	10	1
92	55	65	72	78	46	75	77	61	46	81	75
JYE	0.0	44.0	7	1
10	62	2	46	0	47	9	35	-15	37	21	45	-12	33	-12	53
EUH	60.0	19.0	8	1
89	5	48	31	53	32	52	4	58	22	53	32	68	7
MJS	68.0	18.0	4	1
55	19	95	13	83	8	65	41	56	7	56	36	69	6
DVL	4.0	44.0	9	1
-13	46	2	34	8	35	6	55	-8	58	33	39
NYK	7.0	4.0	1	1
-5	13	24	-11	2	-10	7	27
KLW	56.0	0.0	6	1
39	-6	75	8	54	6	44	-6	70	0
LNZ	-4.0	94.0	6	1
-20	78	-11	75	-13	108	7	100	14	109
CSI	11.0	93.0	4	1
9	87	0	81	-2	94	39	112
WKE	48.0	95.0	9	1
47	94	44	103	38	94	64	89
WZJ	26.0	94.0	9	1
2	92	33	108	42	102	26	99	14	74	38	93	19	98	39	91
BDP	57.0	2.0	2	1
71	0	50	2	65	0	44	9
JYH	69.0	52.0	7	1
79	58	91	52	64	32	64	34	63	64	64	48	62	76
HFT	43.0	31.0	8	1
64	44	49	17	50	37	23	18	61	33	25	36	45	41	34	27
SVY	17.0	54.0	5	1
0	33	3	36	26	53	40	48	36	78	-1	80
YOE	14.0	42.0	3	1
27	40	32	29	11	24	30	35	20	50	0	40	-7	66	4	55
CNA	80.0	40.0	10	1
105	42	69	33	92	41	101	37	71	66	64	26	61	35
FIP	68.0	55.0	4	1
61	44	80	56	86	64	43	65	66	66	74	39
OAA	38.0	46.0	5	1
35	61	15	58	37	36	28	47	50	26	63	48
GBK	37.0	80.0	9	1
59	82	38	66	21	72	33	103
