FNP	0.0	75.0	18	1
17	81	10	89	-5	63	-16	78	8	86	-10	54
RHP	95.0	79.0	5	1
85	78	79	75	116	93	103	70
RNG	5.0	56.0	20	1
27	72	-1	34	-9	53	-6	65	18	60
OAU	86.0	67.0	16	1
99	68	76	71	80	67	73	55	106	67	83	74
XPC	56.0	68.0	19	1
69	54	44	88	45	69	58	68	54	70	69	62
CEA	26.0	68.0	12	1
17	92	24	81	48	58	19	50	14	53	14	94	51	49
FVC	103.0	98.0	16	1
89	80	83	105	111	105	108	106	117	87	113	105
TFC	88.0	43.0	16	1
83	61	83	26	98	59	71	44	117	52	87	41	79	18
OQO	81.0	53.0	24	1
83	72	86	48	96	45	75	81	91	36	52	52	88	39
EJL	75.0	28.0	9	1
59	26	94	43	60	7	64	42	66	23	97	14	85	45
JKF	69.0	38.0	20	1
87	40	71	30	68	57	77	29	64	34	63	50	56	31
HEP	74.0	39.0	7	1
87	29	68	44	89	20	72	55	57	48
MNL	18.0	37.0	25	1
28	58	15	54	13	47	20	21	20	15	-4	27	26	45	28	34
DQU	8.0	62.0	20	1
4	53	10	77	8	68	14	39	-17	70	14	77	27	52
QZE	69.0	101.0	2	1
53	106	73	94	62	90	91	112	66	103
ERF	75.0	86.0	22	1
50	71	78	99	88	81	47	113	95	69	94	83
MJM	56.0	61.0	21	1
40	64	63	56	68	60	68	60	70	64	23	65	60	59
SPW	18.0	52.0	4	1
6	79	15	35	38	34	6	50	11	49	36	68
MPH	87.0	64.0	7	1
93	73	79	81	104	71	66	50	113	59	69	52
PBB	52.0	98.0	2	1
58	94	69	91	32	92	61	90	43	115	71	96	30	114
IZS	13.0	60.0	6	1
36	85	20	38	7	83	-6	46	37	47	9	80	-7	39	9	68
PTQ	62.0	49.0	8	1
45	46	50	39	54	53	84	36	80	73	45	55	81	45
HOD	42.0	45.0	3	1
19	12	61	58	48	54	40	56
NLC	28.0	58.0	15	1
13	41	37	69	31	68	25	63	31	69	39	66	23	34
CLB	86.0	65.0	13	1
87	92	60	82	99	47	84	47	104	76	107	50	62	65
IQB	74.0	17.0	5	1
54	32	97	3	56	18	99	8	64	28
TYD	4.0	46.0	10	1
1	29	-7	67	13	48	10	41
GCN	64.0	20.0	8	1
77	11	69	12	64	15	48	44
FCU	18.0	24.0	18	1
45	12	5	4	40	28	7	29	7	28	8	45
YWL	12.0	76.0	10	1
23	74	4	72	2	89	12	73	24	61	8	87
HHP	91.0	76.0	9	1
74	62	76	92	114	54	89	68	105	93	93	87
JZG	67.0	45.0	11	1
58	34	59	58	80	55	74	39	78	47	57	41
HPU	58.0	5.0	13	1
73	5	66	22	67	-23	37	5	65	17	41	16	59	-6
GET	47.0	60.0	15	1
64	49	40	57	33	45	64	74	37	75
ONC	65.0	12.0	16	1
79	0	86	5	45	8	64	21	55	20	61	19
SAR	51.0	37.0	12	1
44	26	62	65	37	53	48	36	57	24	50	33	59	23
BBQ	57.0	-2.0	3	1
67	-20	65	1	51	5	47	20	50	-16	66	-6
DET	83.0	21.0	1	1
81	34	68	21	63	9	84	27	107	18	74	27	78	8	109	28
PXT	52.0	34.0	24	1
67	35	61	40	37	38	48	34	55	25	44	35
PAZ	81.0	30.0	5	1
72	27	84	37	74	18	95	55	74	19	88	43	80	16
BOO	29.0	66.0	22	1
27	71	53	67	10	74	47	59	14	45	25	72	30	74
ITE	55.0	99.0	7	1
66	91	43	91	51	104	43	107	73	106
VXY	42.0	29.0	7	1
25	42	43	40	22	42	55	40	29	27	60	38	59	2	43	2
WSN	58.0	36.0	3	1
48	28	36	20	66	31	73	51	61	60	67	30
GYE	64.0	36.0	14	1
74	21	57	66	70	28	56	31
DAK	8.0	17.0	8	1
-9	28	-2	-2	14	26	30	18
LZH	46.0	72.0	6	1
26	85	52	73	59	76	56	66	37	63
MDB	97.0	52.0	8	1
97	66	116	69	89	43	74	47	119	43	99	48	87	71	102	30
XYD	50.0	91.0	1	1
40	100	49	83	57	94	50	98	31	73	74	98
