YIG	71.0	75.0	9	1
49	92	84	91	89	73	71	56	52	72	82	68
ZQH	66.0	64.0	8	1
71	60	82	50	80	52	48	67	51	91
WGU	8.0	73.0	4	1
20	56	15	80	24	95	-13	66	-3	68
VFY	64.0	88.0	0	1
51	109	63	64	83	82	52	89	63	101	73	86
QXT	57.0	14.0	9	1
50	6	48	8	66	29	58	31	64	-2
JFN	84.0	13.0	7	1
103	20	69	8	66	6	100	20
KXK	32.0	50.0	1	1
20	56	22	59	54	47	30	48	15	69	51	23
WCM	84.0	39.0	0	1
102	33	101	46	71	41	76	22	71	53
VZS	33.0	40.0	4	1
48	46	28	23	27	41	30	53
RUZ	89.0	113.0	1	1
68	121	95	100	92	115	101	120	90	109
WSD	88.0	80.0	4	1
89	70	71	115	86	75	78	82	89	73	116	70
MZX	69.0	25.0	4	1
68	13	79	32	59	30	98	5	59	25	55	46	77	25	59	26
VYH	52.0	3.0	8	1
38	-6	65	2	68	23	42	5	51	-8
