GWU	60.0	24.0	7	1
64	2	47	36	71	39	39	15	72	27	71	26
ROJ	43.0	84.0	10	1
42	86	26	74	48	94	53	76	62	91	35	84	38	89
HEB	27.0	87.0	9	1
12	117	50	88	14	83	31	69	41	86	15	79
DYF	41.0	11.0	4	1
51	26	28	-10	29	4	52	24	48	12
SZM	65.0	61.0	1	1
66	48	59	39	69	81	51	79	71	55	67	55	77	73
WIU	86.0	27.0	7	1
74	28	89	12	70	30	93	36	107	30
XAH	51.0	12.0	7	1
45	15	59	-6	54	35	47	5
JUG	6.0	48.0	1	1
-8	38	-1	59	33	56	-2	44	2	50	17	45
BBD	81.0	80.0	6	1
86	83	65	72	83	105	88	79	89	73	78	70
NNX	18.0	100.0	5	1
10	78	24	111	22	110	16	104
USR	4.0	77.0	10	1
13	57	-12	77	-11	83	25	76	-8	103	21	68	20	92	-16	67
WXK	49.0	50.0	2	1
51	49	62	42	46	27	61	70	28	62	33	66	65	40
POU	75.0	52.0	4	1
66	68	89	49	73	58	68	51	65	49	88	23	80	69
XIX	64.0	28.0	0	1
78	41	61	18	48	28	67	17	67	38
ZXC	62.0	63.0	7	1
53	50	71	47	54	82	72	50	52	75	74	77
HUF	52.0	11.0	4	1
37	-12	48	3	65	26	46	6	46	4	64	18	60	32
YRB	32.0	91.0	8	1
21	106	44	92	60	91	52	93	27	94	13	89	13	72
XNN	45.0	78.0	8	1
36	76	65	65	48	79	32	92	40	64	54	94
LLY	40.0	64.0	7	1
23	83	28	56	25	55	55	46	39	52	58	77	55	80
WXA	32.0	4.0	7	1
45	13	35	-12	9	-7	37	20	37	9
GTT	99.0	61.0	5	1
79	75	88	54	122	60	101	61	106	59
ORX	101.0	7.0	7	1
79	28	116	31	91	6	101	-15	118	-11
IHE	30.0	97.0	1	1
18	82	22	70	20	109	14	104	47	108	52	114	53	92	18	102
INX	1.0	45.0	0	1
19	54	-22	64	7	25	3	57	0	28
RXG	89.0	36.0	6	1
93	61	106	43	88	16	71	24
EDX	38.0	85.0	8	1
46	73	53	97	18	63	40	90	20	88	52	102
LFG	33.0	10.0	4	1
33	13	38	18	29	8	46	6	36	-4	28	4	24	26
TAX	70.0	67.0	2	1
48	62	93	70	56	65	80	55	68	86	79	69
KPY	78.0	10.0	7	1
68	-8	92	-16	59	23	65	26	72	20	90	2	104	27
QZJ	29.0	56.0	4	1
51	77	20	57	34	50	9	69	51	36	12	51
EMO	69.0	54.0	8	1
70	44	55	37	93	65	78	56	60	77	61	49
RCZ	58.0	16.0	6	1
36	-1	63	26	56	39	66	14	59	15	69	3
WYL	11.0	66.0	5	1
13	73	-2	88	16	45	6	91	9	47	10	54	26	67
RRX	95.0	70.0	4	1
98	63	97	82	104	59	91	81	87	68
PTL	8.0	29.0	1	1
22	35	-4	24	23	45	16	26	-16	19
NMF	8.0	28.0	10	1
0	38	-6	37	-2	22	31	36	-13	19	31	44	2	-2	25	31
BCA	53.0	65.0	4	1
62	45	51	73	38	80	64	74	69	63	64	71	27	54
DKZ	20.0	73.0	4	1
37	70	5	90	16	62	26	79	0	70	39	70
GRG	9.0	63.0	5	1
-1	63	12	72	2	55	14	52	14	84	15	56
DMU	67.0	9.0	8	1
59	22	80	-6	68	30	90	15	61	15	54	0	61	-8
JGG	25.0	11.0	4	1
34	0	36	20	32	21	22	23	19	-13	11	3	24	26
DBD	57.0	23.0	1	1
48	14	79	37	52	16	39	39	69	9
NPZ	25.0	53.0	8	1
13	73	37	72	34	30	10	51	28	31	48	46	9	74
OEL	21.0	46.0	2	1
30	72	13	45	23	38	22	37	17	41
FWM	77.0	65.0	7	1
95	50	93	59	56	69	67	82
TDG	76.0	35.0	4	1
80	45	93	35	59	49	57	34	99	42	77	26	73	20
