WEB	102.0	88.0	4	1
88	82	102	65	117	97	104	108
FIE	21.0	77.0	23	1
26	77	28	78	-3	61	12	100	32	57	25	78	27	88
ISQ	70.0	89.0	16	1
64	99	83	115	66	81	55	80	85	72
HQC	1.0	18.0	24	1
0	31	-13	41	-6	-4	-4	9	12	17	1	35	16	7	8	11
UGE	18.0	31.0	2	1
-3	42	38	45	33	17	17	15	30	21	10	44	4	37
QMS	16.0	12.0	1	1
26	-18	28	27	19	26	-7	16
ULU	25.0	28.0	18	1
40	17	19	54	17	18	26	23
FIS	15.0	21.0	12	1
2	18	35	49	-5	24	25	3	19	13
RZQ	64.0	78.0	9	1
57	63	72	69	75	80	52	100
OOX	87.0	57.0	20	1
87	65	94	43	94	67	87	45	73	69
CKO	55.0	21.0	25	1
37	19	53	33	64	18	55	29	47	35	66	23	66	-2	52	19
IVP	86.0	30.0	4	1
77	26	97	7	75	50	86	45	95	25
CFL	59.0	-2.0	12	1
72	27	77	-2	73	-6	45	-9	49	-6	43	-17
YPG	44.0	49.0	11	1
67	69	30	45	65	51	23	71	25	29	44	38	56	46
DJV	77.0	53.0	5	1
98	41	55	67	60	52	71	47	92	53	93	61	57	42	91	67
AHJ	-1.0	35.0	13	1
-19	29	0	24	-16	33	-24	48	14	36	18	55	14	23
QWT	47.0	13.0	9	1
49	19	38	14	23	31	63	4	64	0
KZM	88.0	77.0	16	1
83	84	84	94	95	65	86	61	97	60	83	101
BZQ	45.0	44.0	2	1
31	37	62	35	61	42	46	42	29	65
UPC	101.0	1.0	20	1
94	25	88	-9	100	-4	101	8	116	5	112	1	83	-13	120	1
WDS	84.0	21.0	11	1
94	29	96	25	78	10	70	20
DFN	60.0	6.0	16	1
59	28	86	-2	47	3	50	-3
GPV	61.0	28.0	18	1
56	21	76	11	50	40	50	46	51	13	84	41
CDN	26.0	13.0	11	1
37	17	6	20	38	1	31	21	18	8
TZE	91.0	24.0	8	1
109	15	81	46	79	32	96	6
ODG	61.0	18.0	9	1
55	41	67	8	49	6	76	13	68	19	68	37	45	2
TFY	41.0	61.0	23	1
50	61	57	61	38	68	34	58	47	69	25	50
FRB	11.0	106.0	3	1
-8	107	16	119	37	100	2	98
HKS	-1.0	71.0	3	1
18	70	-19	56	-2	76	-11	88	-7	62	4	84	7	66
KED	80.0	19.0	13	1
71	25	106	14	92	29	79	6	66	17	65	27	84	15
RBU	-12.0	75.0	6	1
-11	52	-10	83	-21	73	-7	88	-14	83
RMU	89.0	31.0	14	1
87	31	98	33	80	39	76	33	106	19
MUO	93.0	32.0	4	1
70	45	103	28	69	15	85	42	116	44	103	16	98	20	106	51
HMV	73.0	82.0	18	1
79	100	74	86	60	63	84	61	72	101
UXJ	43.0	50.0	17	1
35	49	51	72	64	34	61	30	20	42	41	72	29	52
CUR	6.0	36.0	3	1
19	21	15	37	20	33	-20	50	0	39	6	41
HHG	85.0	-1.0	0	1
77	19	77	-21	74	1	88	-10	111	-9	86	12
ROX	30.0	41.0	14	1
43	30	35	22	3	33	32	40	17	55	43	56	38	55
