ZPA	43.0	68.0	4	1
45	76	44	78	32	45	28	53	69	88
GRW	83.0	80.0	5	1
81	68	83	71	75	69	85	95	93	100
NOF	4.0	76.0	3	1
20	101	22	67	-10	72	-6	79	-13	81	11	58
UNI	23.0	10.0	8	1
3	15	24	23	38	2	24	7	28	4
ZWH	96.0	51.0	3	1
99	75	89	51	85	52	105	43	106	51	88	49	102	37
FJU	57.0	49.0	5	1
58	42	53	35	57	39	53	68	65	61
KFT	94.0	52.0	10	1
94	61	92	53	105	50	110	54	68	43	99	54
LZG	24.0	39.0	6	1
28	61	30	33	19	48	14	22	33	33
UGU	34.0	62.0	1	1
22	67	20	76	17	43	52	64	48	72	50	54
PZT	35.0	4.0	0	1
56	18	27	17	11	-12	48	-11	34	-2	25	8	45	10
JOO	49.0	57.0	9	1
41	65	37	63	50	58	69	45
XJP	86.0	7.0	3	1
95	-20	80	15	73	16	97	20
DFA	12.0	71.0	9	1
27	72	-9	84	7	58	16	85	22	65	10	67
LNA	23.0	68.0	4	1
25	51	26	65	15	75	27	81
LUA	40.0	27.0	6	1
54	11	22	25	48	14	51	51	17	9	49	55
JBW	7.0	89.0	7	1
-3	78	-18	81	8	103	22	91	27	110	7	77	11	84
EKD	56.0	35.0	7	1
60	34	68	39	67	40	43	43	44	22
IGO	55.0	24.0	6	1
58	30	48	24	67	34	53	15	53	21
COJ	52.0	58.0	4	1
74	42	40	71	68	49	46	58	36	71
SIH	26.0	41.0	6	1
34	56	20	17	32	53	25	58	7	26	42	36
VBL	65.0	46.0	8	1
83	43	48	35	66	67	70	62	60	23
WCY	15.0	31.0	4	1
35	27	4	21	4	29	35	47	14	40	-5	55	18	17	15	19
BIB	77.0	82.0	8	1
77	61	72	84	90	66	74	93	92	80	67	102	73	89
MGM	65.0	98.0	3	1
62	85	70	105	52	100	57	97	88	107
