QRB	84.0	11.0	2	1
89	-9	85	9	69	34	90	5	87	18
OCS	46.0	15.0	4	1
41	4	50	8	55	28	52	9	40	-5	38	32	46	32
EVY	17.0	90.0	7	1
23	75	36	104	36	96	24	98	6	72	0	89	-6	102
GXA	90.0	18.0	10	1
79	6	88	0	107	37	104	10	83	40	77	1	98	38
BVK	93.0	19.0	4	1
94	6	111	5	92	21	73	35	118	24	94	14	73	30
LMD	39.0	43.0	2	1
56	33	34	50	36	43	37	29	33	63
MRZ	11.0	38.0	3	1
16	10	-3	31	22	42	-4	48	11	45	27	52
FYB	73.0	13.0	5	1
89	21	60	18	90	12	56	12	73	5
XWY	13.0	60.0	4	1
32	67	-8	56	24	44	23	74	-13	31	6	73	27	77
XOS	39.0	87.0	4	1
26	104	43	80	28	92	16	71	62	108	51	83	51	76
GTQ	74.0	79.0	6	1
56	95	78	82	77	61	89	97	93	52	76	91	51	77
CQR	63.0	11.0	3	1
83	5	45	33	71	21	55	-11	63	29	65	-7
RHV	49.0	25.0	1	1
64	34	46	24	59	33	52	36	38	18	20	8	64	25
GJL	98.0	17.0	9	1
113	31	115	10	104	20	80	16	72	34	104	-5
LFF	17.0	71.0	7	1
22	73	27	72	5	70	21	61	12	83
EBX	87.0	99.0	1	1
107	75	84	89	74	120	73	104	97	107
MTW	66.0	46.0	2	1
64	48	47	46	76	39	77	44	83	60	69	52	47	34
FRO	1.0	46.0	10	1
-12	58	-14	36	-6	33	26	49	14	57
HTV	2.0	96.0	8	1
-11	97	16	113	21	110	24	105	-3	79	-2	86	-7	105	-21	77
HRO	6.0	18.0	5	1
1	1	19	33	-2	0	-14	32	29	27
LOT	19.0	71.0	3	1
-5	77	1	66	42	83	39	58
RFF	3.0	77.0	0	1
1	81	23	82	-5	86	0	68	-11	93	15	55
FQD	43.0	24.0	4	1
36	6	24	39	48	25	56	20	32	43	62	15
NVI	44.0	47.0	9	1
31	58	45	21	36	35	58	40	59	43	33	66	46	66
NDJ	63.0	19.0	4	1
57	31	46	40	41	13	77	16	77	34	74	-3	60	6	72	18
KEL	71.0	38.0	7	1
70	48	77	36	73	15	83	44	67	61	59	52	68	15
XQH	34.0	7.0	2	1
29	-16	49	15	27	15	55	-3	13	31	35	0
ORJ	16.0	52.0	5	1
-3	64	-3	55	35	31	35	66	9	58	35	59	7	33
OJQ	53.0	5.0	9	1
62	13	69	11	58	29	47	-12	45	-17	42	-9	48	26
QLG	19.0	98.0	0	1
1	114	20	98	40	89	37	114	-3	78
BRF	74.0	21.0	3	1
81	19	70	35	60	17	90	8	81	38	64	9
NXH	62.0	56.0	10	1
71	89	72	51	46	44	59	43
CVY	55.0	59.0	1	1
43	52	74	78	68	39	42	71	51	59
XYU	14.0	47.0	3	1
9	41	22	38	-2	67	30	38	-2	47	29	55
WMF	18.0	101.0	2	1
8	118	5	102	50	80	12	114	22	81	16	111
ZSQ	53.0	34.0	7	1
65	38	35	34	55	23	72	19	39	56
KMW	51.0	96.0	1	1
59	78	76	97	55	99	35	117	50	113	55	77	37	85	44	107
YBF	23.0	68.0	8	1
10	61	16	75	20	52	26	82	47	70
LNT	61.0	19.0	9	1
56	15	61	12	61	24	53	19	72	28	52	13	56	15	82	29
JCM	47.0	97.0	9	1
57	102	69	79	36	89	34	104	41	115
UJS	42.0	55.0	6	1
29	45	50	52	54	49	36	54	48	65	37	63	43	58
HMO	61.0	96.0	0	1
71	97	51	88	72	80	53	98	56	118	65	106	63	89
MVY	79.0	13.0	5	1
75	-1	87	13	72	15	99	23	63	19
MTK	43.0	86.0	5	1
34	110	37	71	47	94	54	72
UVF	16.0	57.0	0	1
39	70	17	62	28	32	-3	65	0	59
IFS	21.0	46.0	8	1
40	56	43	38	27	60	5	49	-1	39	28	27	7	56
MIY	56.0	36.0	8	1
34	35	43	15	59	55	73	60	65	25	64	27
RDU	59.0	-1.0	10	1
50	-21	83	22	73	24	55	-24	42	-15	52	4
DHP	4.0	102.0	0	1
17	115	21	77	-14	103	6	104	-2	108	-3	106
