CNU	79.0	67.0	8	1
87	81	81	61	61	62	88	56	81	78
TEB	71.0	53.0	9	1
75	71	61	55	67	45	89	49	66	48
YTO	27.0	94.0	6	1
27	77	26	80	37	77	13	118	42	77	2	116	42	117
DYG	36.0	78.0	0	1
23	101	34	64	35	90	32	81	45	60	47	73
BEV	33.0	29.0	8	1
30	17	49	23	42	47	22	25	22	35
KFQ	31.0	4.0	4	1
17	-16	52	11	31	16	22	-14	34	23
EOY	7.0	74.0	8	1
-16	51	17	88	27	78	11	73	7	96	-17	93	17	55	11	61
QPC	36.0	51.0	7	1
12	38	52	48	52	72	29	46
JPT	73.0	31.0	7	1
82	41	62	31	74	40	55	41	85	8	72	40	84	22
GWV	42.0	101.0	5	1
54	87	34	118	17	115	43	101	62	85
HAH	65.0	55.0	4	1
82	63	74	66	44	29	69	60	56	59
UYX	71.0	34.0	6	1
94	38	66	47	83	41	86	8	48	44	63	39	71	46	62	11
WRP	55.0	42.0	1	1
74	25	65	71	43	32	38	43
SLH	58.0	31.0	4	1
60	39	55	27	52	25	65	33
OQK	74.0	24.0	0	1
73	5	59	4	71	38	84	50	87	24
JHY	83.0	89.0	3	1
97	67	94	111	82	99	66	79	103	76	57	104
ZJX	12.0	30.0	5	1
25	26	8	44	14	3	11	34	4	43
MIF	9.0	4.0	5	1
35	-15	7	15	8	-9	15	0	-7	10	4	5	5	22
OEB	37.0	45.0	2	1
39	59	55	41	18	37	44	49	31	41
WSJ	78.0	65.0	1	1
67	76	75	37	77	77	104	76	70	74	72	38	85	78
CPC	11.0	13.0	5	1
-3	16	5	37	37	1	-4	6	16	4	15	18
RNC	38.0	20.0	5	1
25	46	49	31	56	17	45	15	12	1	42	10
IKX	5.0	93.0	2	1
-5	88	-1	111	24	64	3	113	6	93
PMB	37.0	20.0	4	1
34	16	38	9	33	8	25	36	57	35
