YPF	-10.0	51.0	11	1
-13	73	-4	50	-8	48	-6	37	-19	51
DDC	10.0	20.0	4	1
17	28	-2	8	18	0	-7	30	25	34
KCG	98.0	28.0	17	1
116	17	93	25	111	44	81	19	76	26	115	56	97	13
MDQ	17.0	44.0	11	1
3	52	19	56	21	22	35	49	7	42
TOP	31.0	42.0	13	1
12	61	45	60	45	28	28	24	29	38
ZUD	51.0	95.0	21	1
28	93	43	73	70	100	44	111	49	95	65	112	59	82
TXQ	41.0	39.0	10	1
43	56	52	32	15	49	47	21	52	41
JRG	44.0	26.0	15	1
44	13	24	43	29	28	49	32	56	28	62	17
YXB	54.0	28.0	2	1
76	23	45	19	36	27	54	18	60	44	39	27	74	40
OGP	58.0	85.0	11	1
80	73	66	71	47	89	53	103	44	89
RJA	8.0	29.0	22	1
10	29	0	14	4	41	4	22	22	41
NSW	88.0	9.0	13	1
109	17	69	23	99	-16	76	2	90	22
WTG	31.0	10.0	5	1
14	-3	24	14	32	24	50	34	37	-8	34	2
KFG	96.0	55.0	13	1
111	74	79	58	101	36	88	65	84	57	116	41
YWS	66.0	67.0	16	1
51	47	87	90	59	88	56	64	58	56	89	62
HXX	52.0	91.0	22	1
36	101	64	76	40	93	56	103	33	75	42	91	64	100	81	94
AXA	57.0	69.0	4	1
67	61	53	59	52	70	61	79	53	80
SSC	35.0	69.0	6	1
23	66	26	90	24	56	61	65	34	77	44	64
UQE	36.0	53.0	16	1
36	66	31	60	27	43	50	44
TDU	45.0	74.0	20	1
52	56	46	86	36	75	66	77	29	82	40	72	64	84	29	64
CLK	37.0	67.0	19	1
58	82	48	55	23	54	16	71	52	77	45	63	23	68
