DTF	61.0	105.0	19	1
76	94	83	111	55	96	50	109	44	117
CNF	39.0	88.0	9	1
51	77	35	98	43	91	48	90	22	86
KHF	4.0	9.0	8	1
-5	0	12	13	14	5	4	-4	-12	25	15	19
RHN	1.0	8.0	24	1
-3	10	-19	12	-17	-7	27	24	22	7	-3	6
KLJ	80.0	25.0	5	1
82	26	85	30	56	22	99	15	78	33
FVO	48.0	34.0	8	1
27	47	55	37	59	38	46	15	57	37
DFZ	54.0	0.0	1	1
83	19	40	12	55	-12	40	-11	65	0	43	-8
RSB	61.0	75.0	8	1
71	50	71	72	59	85	72	87	53	83	40	73
QXR	8.0	49.0	13	1
-8	58	30	65	4	48	1	47	21	40	19	29	-10	62
SKU	91.0	50.0	9	1
79	56	97	52	70	55	105	50	104	37
JMW	13.0	43.0	19	1
41	26	-5	63	-1	59	1	57	17	38	27	41	-6	23	36	41
NFW	41.0	14.0	13	1
46	28	43	2	40	17	58	20	21	6
HMY	53.0	44.0	10	1
55	45	50	42	77	60	37	35	64	55	40	33	50	45	56	42
OUX	77.0	10.0	2	1
96	5	80	14	82	20	66	5	61	9
PSO	55.0	61.0	1	1
46	48	66	48	43	55	70	57	33	53	52	88	73	70	61	75
CDX	53.0	9.0	22	1
56	-3	42	16	55	-5	70	29	46	9
HDK	91.0	86.0	3	1
75	79	100	74	88	96	86	84	110	99
GEZ	89.0	32.0	14	1
102	39	66	32	87	8	85	26	88	47	111	41
ULJ	67.0	17.0	9	1
48	17	83	32	49	26	47	-7	85	9	83	17	74	26
ETT	46.0	38.0	3	1
60	50	43	58	20	42	46	30	59	30	40	14	57	42
IDF	17.0	22.0	21	1
35	-2	-6	32	14	41	0	9	31	31	22	14	28	32
LSD	14.0	15.0	7	1
3	2	33	2	-1	24	17	18	18	33
XXU	93.0	102.0	23	1
88	99	89	104	101	113	87	97	96	117	85	89	94	78	106	119
KKN	66.0	6.0	1	1
54	-11	86	21	81	19	55	-1	71	6	50	3
JBT	41.0	4.0	8	1
42	-13	48	-9	23	-1	42	27	42	-5	49	29
YOL	14.0	73.0	5	1
17	86	40	53	2	79	-1	74
YNC	12.0	32.0	17	1
22	47	-5	20	29	23	7	47	-19	22	28	42	23	27
CSE	7.0	44.0	16	1
13	59	6	35	16	28	-12	50	7	34	30	32	-10	72
NOZ	59.0	63.0	14	1
59	49	87	49	40	62	42	83	57	77	63	60	67	66
YTW	92.0	58.0	13	1
102	45	73	45	100	46	92	79	112	64	88	88	80	44
LUN	25.0	6.0	16	1
26	-8	48	-7	5	13	9	29	22	31	43	-11	23	-2
WOA	74.0	77.0	13	1
75	65	77	70	82	97	62	74	85	65	79	90	63	80
BCF	52.0	87.0	24	1
36	58	56	85	52	86	73	95	44	98	51	105
