ELN	22.0	92.0	4	1
16	81	39	107	16	82	28	107	12	96	36	71	22	98	10	97
KCI	33.0	42.0	1	1
37	28	43	22	12	42	31	55	43	48	32	59
PFX	18.0	69.0	13	1
15	79	7	66	41	60	11	71
DKG	35.0	84.0	10	1
35	86	40	67	44	91	39	80	18	99
JKS	85.0	48.0	14	1
78	32	97	60	110	71	99	74	77	46	77	36	79	33	68	35
JRG	89.0	53.0	15	1
72	43	105	62	69	45	111	63	104	66	74	39
LEE	39.0	7.0	14	1
46	13	32	21	39	19	40	-23
VNY	13.0	15.0	20	1
12	-7	-5	12	38	12	1	31	23	28
GZM	101.0	0.0	13	1
100	2	102	10	96	5	113	-4	97	-16
FQY	95.0	24.0	22	1
96	21	100	45	87	19	115	44	85	18	99	5	79	18	102	24
KXR	90.0	52.0	10	1
85	67	71	45	88	38	113	75	97	36
SNR	38.0	70.0	16	1
45	67	21	68	17	68	28	85	60	86	33	55	63	66
JRR	90.0	94.0	3	1
100	86	87	103	84	96	103	104	74	107	96	70
WSO	35.0	39.0	10	1
59	48	21	40	23	35	21	20	55	56
VCF	91.0	81.0	5	1
108	78	78	81	108	91	77	84	86	72
XOA	36.0	0.0	21	1
21	-12	44	21	19	-13	49	-11	49	12	36	1
NXB	36.0	94.0	10	1
30	89	32	118	32	90	51	79
TLM	80.0	91.0	4	1
76	91	93	91	73	87	90	112	68	74
DTY	33.0	36.0	10	1
34	45	32	51	51	12	51	27	26	42	21	46	16	31
DDB	90.0	-6.0	3	1
108	-8	69	-17	70	24	100	-11	103	-18
EOO	49.0	90.0	10	1
67	102	28	93	26	89	64	67	62	102
GTI	91.0	11.0	5	1
107	32	77	-4	89	26	79	-6	105	23	80	13	102	-7
HPL	12.0	37.0	19	1
15	10	21	53	-7	39	15	42	25	11	23	55	-8	55
VBX	83.0	68.0	18	1
98	92	97	61	71	70	92	69	69	64	61	62	97	60
KSR	39.0	80.0	3	1
50	56	26	53	58	93	34	91	22	96	49	91
EVH	44.0	33.0	15	1
48	28	34	52	32	43	54	12	62	44	35	20
