OFG	24.0	102.0	14	1
18	99	42	108	2	103	37	99
YVI	83.0	-3.0	15	1
76	-8	74	-8	110	23	72	-21
KSV	47.0	65.0	9	1
30	74	46	86	60	68	28	73	49	77	48	40	74	42
HJQ	43.0	36.0	14	1
35	57	30	43	59	36	39	41	54	20	47	36	39	22
IQS	72.0	2.0	9	1
81	-15	76	-15	61	23	74	-13	67	25	59	3	91	10
UZH	68.0	73.0	11	1
56	86	72	85	76	94	52	49	62	62	91	64
QGA	79.0	82.0	22	1
84	96	57	76	78	84	81	85	86	78	91	105	66	71	94	61
IOP	66.0	30.0	8	1
58	6	72	40	76	51	58	25
OYB	80.0	78.0	14	1
84	68	93	107	73	92	67	60	64	65	85	64	94	95
EMF	0.0	83.0	7	1
9	92	-2	82	14	74	-21	84
VYS	85.0	66.0	11	1
67	55	69	58	95	70	100	76	87	91	100	50	69	56	98	78
OIK	75.0	45.0	12	1
64	35	68	43	88	44	86	50	67	62	79	36
NKD	83.0	69.0	8	1
83	68	91	65	88	89	101	71	67	83	68	54	108	63	64	59
AUB	9.0	93.0	7	1
13	113	-14	100	20	90	20	80	-6	109	22	71
KFR	83.0	97.0	21	1
66	108	100	95	91	85	82	105	78	105	78	91	86	93
ZKZ	60.0	93.0	16	1
70	89	52	105	62	66	58	103	60	91	61	105
LQP	75.0	82.0	0	1
72	93	66	66	77	90	80	81	82	87	75	80
PVH	84.0	77.0	12	1
86	92	74	101	80	54	68	67	87	57	109	96
BXK	23.0	6.0	17	1
29	23	31	8	23	4	30	-20	14	-7	9	17	29	19
ZUZ	15.0	81.0	14	1
29	103	35	79	0	58	5	97	8	68
KWE	33.0	103.0	9	1
45	108	51	116	6	82	26	110	38	99
HAB	88.0	8.0	19	1
111	19	72	18	77	-2	93	-1
HFH	93.0	91.0	9	1
77	94	87	103	107	66	96	98	100	96
DXF	72.0	58.0	15	1
82	46	79	73	60	57	50	41	91	74
YKV	33.0	14.0	6	1
65	40	27	-7	20	7	26	-7	25	12	33	23	38	30
REE	92.0	91.0	9	1
74	74	92	109	99	100	103	84	81	84	114	87	95	108	85	84
MAF	55.0	83.0	2	1
52	96	65	85	64	89	49	75	50	93	57	69	50	76
DEM	82.0	51.0	5	1
81	33	68	37	91	66	81	64	85	43	88	54	86	66
ZUI	19.0	34.0	6	1
7	38	17	42	33	46	18	28	35	32	9	18
FXD	17.0	13.0	9	1
30	6	11	5	20	47	9	3	17	6
VTD	42.0	14.0	16	1
39	32	64	15	43	16	53	-3	30	15	25	14
EDM	20.0	12.0	4	1
13	5	18	1	25	31	25	13
LQF	68.0	53.0	20	1
62	66	55	59	58	62	100	27
XIQ	97.0	63.0	22	1
111	53	100	82	92	61	102	55	84	67
FWK	65.0	6.0	22	1
68	-8	64	6	77	25	47	19	72	-10
PPS	92.0	14.0	21	1
91	29	106	-4	100	34	74	26	87	19	86	13	100	-13
YTE	56.0	93.0	17	1
50	75	51	99	69	82	48	93	56	76	75	120	47	108
NEN	42.0	38.0	9	1
43	33	40	33	38	46	30	35	59	45
MEE	71.0	78.0	19	1
69	91	70	73	67	67	56	90	90	87	57	89	88	51
ICN	27.0	21.0	11	1
1	27	36	17	29	46	42	28	41	6	11	8	28	29	28	10
ZXT	81.0	28.0	4	1
76	53	104	21	78	38	65	37	85	15	88	15	71	21
FBA	62.0	56.0	17	1
82	47	48	35	75	78	57	75	48	37	67	69
RNL	64.0	14.0	3	1
58	21	55	25	66	25	68	23	68	11	72	-19
QHB	48.0	55.0	11	1
27	64	56	59	43	52	62	51	35	64	69	45
