WPZ	81.0	29.0	4	1
68	32	84	26	73	35	88	42	79	22	98	17
LQO	18.0	88.0	21	1
12	63	7	96	-1	85	10	97	43	85	27	88	30	102
YMN	50.0	64.0	24	1
47	75	52	56	61	62	50	73	45	62	49	60
ZCX	55.0	48.0	25	1
26	54	74	38	73	40	64	36	39	76
BWQ	87.0	57.0	24	1
80	72	103	52	77	63	96	40	81	35	85	80
NUP	36.0	79.0	6	1
51	71	42	76	55	74	16	83	49	82	12	82	27	91
ZLU	81.0	16.0	17	1
76	-1	85	33	93	6	83	13	68	31
ZEE	38.0	23.0	7	1
28	25	32	8	56	35	26	38	52	9
AHR	88.0	92.0	23	1
105	77	104	114	66	110	78	67
UUV	90.0	39.0	3	1
97	61	75	44	114	30	77	22
GQA	6.0	92.0	10	1
6	94	-3	96	0	79	14	102	7	110	14	75
QQI	17.0	5.0	24	1
22	18	40	12	26	-4	-1	-7	-1	8
TVD	29.0	42.0	17	1
11	55	43	46	36	40	41	23	16	50
YQB	81.0	-1.0	15	1
86	-8	88	-2	86	-8	87	3	62	17	79	-10
GBJ	13.0	75.0	18	1
5	88	25	61	-4	88	7	64	32	78
AFC	52.0	93.0	8	1
27	80	38	97	58	108	67	85	72	82	33	109	73	94
QPJ	30.0	35.0	15	1
15	30	36	51	17	19	49	35	43	53	17	17	35	30	29	52
AIE	7.0	85.0	17	1
-12	87	16	90	1	68	26	95
PTY	37.0	48.0	21	1
34	52	59	63	23	39	53	59	27	35	31	44
TUU	64.0	14.0	15	1
52	27	59	4	58	2	89	24
GYW	6.0	70.0	21	1
4	65	13	51	21	78	-12	86
EVU	37.0	8.0	8	1
58	-3	27	0	47	24	38	8	25	18	27	3
NQK	45.0	98.0	13	1
57	103	41	87	32	97	54	117	43	90
JLL	27.0	50.0	11	1
48	42	23	49	22	58	6	52	24	38	43	65	24	52
STX	49.0	11.0	19	1
54	22	42	13	21	-5	67	8	68	5	44	27
MBA	74.0	51.0	17	1
96	49	83	60	67	57	53	38
QCJ	29.0	6.0	9	1
34	-7	38	27	13	-3	26	23	34	-10
VBA	32.0	11.0	8	1
17	34	19	-7	41	15	51	-6	16	10	36	19	54	-1	25	28
SEK	97.0	48.0	14	1
75	45	97	35	97	72	111	66	108	24
VLY	44.0	33.0	21	1
23	14	59	25	50	31	40	48	29	17	66	49	28	34	61	48
QFL	54.0	66.0	11	1
56	61	73	76	46	54	49	76	49	55	56	77
QSB	36.0	39.0	21	1
43	59	42	16	34	56	23	39	25	47	50	21
HAX	46.0	30.0	21	1
40	38	66	53	72	13	41	30	38	34	31	7	38	37
INQ	91.0	22.0	14	1
79	46	95	34	100	26	70	8	111	0
WIC	83.0	86.0	8	1
97	90	75	94	83	75	72	92	91	83
UZT	37.0	63.0	0	1
39	38	44	62	26	54	29	79	51	74	33	72
KTX	69.0	85.0	3	1
89	92	94	108	62	63	53	76	76	80	64	69	51	110
OOZ	40.0	7.0	9	1
28	3	24	-3	59	-3	49	20	44	19
WFF	61.0	47.0	15	1
54	56	69	24	74	48	45	66	47	33	82	64	57	52	67	35
BIF	46.0	88.0	1	1
40	103	22	81	46	69	63	94	58	112	50	72
GOM	18.0	80.0	18	1
23	71	47	103	18	78	11	79	17	60	0	75	14	95
WJV	19.0	55.0	10	1
21	73	14	77	-8	49	28	46	32	58	29	30
UHX	89.0	48.0	19	1
111	31	88	60	83	33	67	55	107	62	93	58	77	37
RCM	43.0	66.0	4	1
55	91	41	53	36	58	40	63
ERL	69.0	53.0	16	1
87	32	83	35	46	48	66	74	62	56	71	73
BCD	3.0	79.0	0	1
-2	61	17	58	12	99	-15	101
FXP	37.0	3.0	1	1
36	-13	25	-11	48	23	46	-10	30	29
GSW	14.0	41.0	1	1
17	21	16	55	23	40	1	49
WKQ	75.0	50.0	3	1
61	62	73	25	62	53	88	64	92	47
