LRR	95.0	63.0	2	1
97	57	95	84	93	48	97	43	73	73	109	86	107	55
EMI	24.0	80.0	8	1
29	82	41	72	43	68	15	100	2	85	15	73
ZQZ	32.0	49.0	9	1
52	63	17	56	17	23	34	51	52	44	25	60
LOG	11.0	1.0	5	1
7	-11	-5	-17	0	14	10	13	43	9
HWQ	58.0	26.0	1	1
66	43	67	52	59	5	59	15	58	6	58	21	58	38	42	31
EDG	87.0	81.0	1	1
101	80	98	74	81	85	80	87	111	86	68	96	72	61
ZBI	27.0	51.0	3	1
21	44	25	47	41	54	8	38	41	76
LEN	37.0	0.0	4	1
16	-9	18	-13	41	0	54	27	56	0	57	6	17	-8
PHM	99.0	80.0	8	1
75	85	107	94	110	90	88	57	104	78	98	56	111	101
AMK	87.0	44.0	9	1
98	18	77	56	95	57	81	10	74	56	93	56	101	56	84	49
QJM	60.0	90.0	7	1
56	103	77	100	77	70	39	113	32	79	52	77	77	86	71	95
WHC	33.0	30.0	10	1
37	34	37	27	37	49	24	11
VLY	56.0	56.0	6	1
52	83	65	46	61	45	49	51
ZHL	56.0	60.0	9	1
37	43	33	81	63	47	75	71	75	62
CFH	50.0	36.0	9	1
39	32	62	38	48	51	28	16	62	48	62	36
BMC	47.0	59.0	3	1
36	72	36	79	49	67	68	39	38	67	65	43	58	45	30	60
UAG	16.0	54.0	3	1
11	37	2	49	40	36	32	73	6	75	8	56	14	53
TEF	40.0	76.0	10	1
38	73	34	87	51	88	40	57
