FBF	14.0	29.0	24	1
29	23	16	40	-2	23	14	33
FNC	17.0	7.0	10	1
14	12	0	19	18	20	40	-8	22	-6	20	-3	17	0	6	27
JZM	15.0	29.0	16	1
10	36	22	9	21	32	9	42
UEG	62.0	32.0	4	1
63	23	44	30	81	33	41	44	71	26	76	38
HRM	44.0	10.0	21	1
58	-2	48	36	60	-4	56	28	17	1	29	6
HCU	53.0	36.0	18	1
62	57	35	35	33	34	43	35	80	28	56	32	67	33	50	40
VZB	46.0	27.0	8	1
52	43	30	48	57	15	47	5
XGT	51.0	73.0	13	1
32	81	67	68	43	74	39	63	76	80
LXQ	58.0	39.0	20	1
63	44	59	29	60	42	50	41
GFS	95.0	71.0	7	1
106	84	89	55	118	69	79	85	98	53	101	84	79	70
YWW	43.0	39.0	7	1
49	36	56	45	34	37	57	25	58	53	24	49	24	34
DPY	58.0	7.0	18	1
53	6	56	10	73	27	51	-15
PUD	22.0	85.0	21	1
32	105	6	68	34	73	16	94
DNT	105.0	96.0	13	1
108	106	105	75	119	101	117	104	91	81	89	91	116	113	96	97
ALT	11.0	76.0	11	1
-10	65	1	50	26	76	24	97	21	73	-2	90	19	81
BCG	91.0	56.0	4	1
105	47	71	53	83	77	95	41	104	63
TLV	71.0	80.0	18	1
65	69	74	84	63	92	76	68	78	98	65	94	81	57	70	84
AED	18.0	44.0	23	1
0	33	6	60	24	37	43	49
RHJ	32.0	26.0	21	1
21	19	35	30	22	43	53	15
KXC	71.0	22.0	22	1
57	19	74	27	57	25	91	27	92	10	54	26	74	22
GIW	92.0	87.0	12	1
87	75	95	65	82	95	121	104	77	97
QSP	28.0	82.0	20	1
41	104	33	95	15	61	24	71
YPO	73.0	89.0	19	1
79	69	88	95	65	73	84	88	56	110	67	102
VMX	65.0	55.0	16	1
77	39	53	41	56	69	76	49	63	79
UIA	23.0	31.0	7	1
29	45	37	4	7	28	13	37	30	42
MOX	69.0	16.0	20	1
84	19	56	32	87	-6	84	20	42	8	65	27
LUU	83.0	-4.0	21	1
92	12	83	-17	84	-7	73	-6
SFQ	78.0	58.0	4	1
59	81	69	53	96	49	88	50
