BSQ	64.0	50.0	3	1
62	62	53	59	56	43	76	53	63	40	77	49	83	53	49	45
TGK	82.0	53.0	5	1
95	78	66	45	70	56	63	54	96	50	102	35
ITO	39.0	5.0	2	1
43	-14	40	10	30	27	32	-10	53	13
ZDA	51.0	23.0	7	1
68	24	50	6	48	37	26	14	56	21	52	44	59	16
DEK	8.0	25.0	8	1
1	47	18	30	19	13	19	17	10	28	-18	16
CIQ	37.0	43.0	4	1
30	46	40	53	25	51	32	41	56	14	41	57
PQY	27.0	59.0	4	1
27	60	44	44	16	62	24	73
DYA	68.0	94.0	8	1
61	70	52	101	70	110	82	72	43	107	81	87	90	117
KEM	11.0	46.0	2	1
-5	48	12	56	34	44	-3	35	20	47
ZAV	65.0	2.0	8	1
74	-11	61	-3	63	2	77	-12	69	27	69	-2	66	20	45	-3
YXX	9.0	49.0	4	1
11	31	10	47	9	41	11	54	8	76
MND	21.0	93.0	1	1
47	96	12	107	33	114	7	77	6	75
IBY	60.0	59.0	9	1
38	63	67	73	63	43	66	77	68	41
MOI	39.0	31.0	1	1
67	37	24	26	62	24	24	14	25	46	33	43
YOX	83.0	5.0	8	1
88	17	68	-10	66	30	94	-10	96	14	95	1	80	-7
STQ	24.0	12.0	7	1
43	-4	39	17	19	24	12	1	5	16	31	1	23	30
CRF	102.0	33.0	7	1
108	42	89	41	112	29	101	22
ZXU	42.0	91.0	6	1
69	112	32	89	36	80	51	85	38	76	26	108
SPD	35.0	85.0	10	1
60	89	34	83	21	97	28	71
TNU	62.0	34.0	4	1
47	54	68	23	77	32	59	30
SOC	49.0	57.0	10	1
39	74	40	65	33	44	37	40	63	70	43	53	73	57	66	56
WWJ	19.0	14.0	9	1
42	-2	19	38	17	11	25	1	3	-1	10	7	4	33	35	31
KMM	3.0	86.0	1	1
16	103	-3	92	6	79	-15	63	8	80	6	100	3	89
ENV	65.0	49.0	2	1
69	59	53	66	61	27	45	40	86	68	90	48	63	32	59	57
CQP	86.0	45.0	10	1
89	47	87	69	102	53	86	37	85	48	93	29	63	32
ELZ	28.0	28.0	1	1
27	29	46	39	38	31	3	14
UFJ	-8.0	65.0	1	1
-15	59	-1	68	-18	72	-7	81	17	48	-16	78	-21	53
HRC	62.0	35.0	2	1
65	32	53	32	69	26	54	39	71	46
MHC	1.0	10.0	6	1
14	-9	-15	0	26	24	-12	18	1	24	9	-10	-12	26
DOH	73.0	96.0	3	1
90	99	96	112	50	69	54	90	67	111	85	97
LGL	48.0	11.0	2	1
49	25	38	5	64	9	42	7
UQD	4.0	24.0	0	1
22	22	-8	13	-10	7	19	26	-11	21	25	42	-6	42
RKU	95.0	29.0	3	1
82	22	83	31	117	35	100	35	93	26
XNK	20.0	11.0	1	1
13	11	7	14	20	-3	36	16	25	20
JAF	2.0	60.0	3	1
-9	57	24	63	-2	72	7	50	-1	62	-14	51	-3	85	21	47
IZB	34.0	82.0	6	1
17	94	47	82	38	73	38	96	30	69
VGU	-4.0	80.0	5	1
-15	65	-18	94	1	91	14	54	2	86	-8	94
HUI	0.0	86.0	8	1
12	81	-20	85	5	99	21	104	2	81	0	81	-19	74
QFF	52.0	33.0	4	1
52	26	31	36	64	30	55	42	60	8	55	46	49	45
SBH	-11.0	20.0	8	1
-17	6	5	17	-20	36	-20	3	-5	38
UIW	-1.0	6.0	3	1
9	5	-13	23	29	-16	-16	26	-11	0	-6	1
DPD	11.0	104.0	4	1
11	103	14	112	-5	100	27	101
UUJ	108.0	13.0	8	1
101	12	111	1	94	19	119	0	113	25	113	21
XMR	39.0	42.0	7	1
46	58	28	42	35	38	48	31	54	51	28	33
SAJ	13.0	8.0	8	1
4	1	26	29	1	-11	24	15
BSI	108.0	18.0	2	1
102	2	108	37	115	5	110	29
ISA	72.0	99.0	3	1
88	98	68	83	62	120	83	98	57	111	95	98	57	85
