LWG	35.0	34.0	15	1
30	22	32	24	31	11	54	45	17	48	49	46	35	45
XEP	17.0	7.0	18	1
-10	25	9	34	29	24	35	-6	-4	-6	34	-9	31	-10
FFS	31.0	9.0	14	1
10	18	53	2	31	-4	33	13	31	18
SUL	76.0	43.0	4	1
92	35	104	33	64	46	60	60	62	43
BFG	60.0	72.0	21	1
48	67	36	84	61	53	66	87	74	56	75	85
EAR	51.0	95.0	20	1
37	90	39	118	64	74	64	82	65	101	53	87	40	115
YIG	84.0	44.0	9	1
83	43	93	38	76	45	86	53
MEM	60.0	85.0	17	1
75	69	83	57	52	99	38	92	66	92	72	102	38	84
JVG	99.0	74.0	24	1
113	70	106	67	92	55	82	101	106	81
AVD	75.0	46.0	13	1
101	46	67	44	92	53	64	42	60	35	62	27	86	60	68	68
KEL	20.0	56.0	20	1
7	48	3	68	10	40	49	67	12	77	43	38
JDY	96.0	72.0	3	1
88	87	112	61	97	80	81	78	117	66	91	78	96	81	87	48
VWO	82.0	15.0	11	1
76	0	89	9	109	36	70	9	70	23	84	27	81	1
KAG	22.0	18.0	3	1
21	7	8	35	20	8	36	32	28	10
DGJ	67.0	35.0	7	1
45	38	90	33	52	40	90	12	47	53	63	29	85	42
BQD	18.0	80.0	9	1
13	64	15	94	6	98	30	85	28	61
FRS	55.0	31.0	17	1
63	43	55	26	56	42	48	16
VOK	65.0	97.0	11	1
76	96	39	83	83	109	66	111	54	95	77	92
CMD	35.0	87.0	22	1
34	85	26	96	40	111	29	78	33	85	29	103	59	73	33	67
UJT	40.0	5.0	1	1
33	3	34	8	61	6	37	-2	35	14
FBH	88.0	80.0	14	1
92	66	97	94	60	91	97	80	89	59	98	94
PON	83.0	28.0	7	1
98	49	98	20	82	49	85	9	59	33	98	22	67	14
QOO	19.0	47.0	15	1
17	21	25	54	21	31	5	50	11	45	40	63	19	67
VUF	54.0	27.0	3	1
80	4	49	8	38	35	48	21	55	33	40	43	74	45
QUG	16.0	30.0	5	1
13	54	14	28	35	10	-3	11	22	49
ALE	69.0	3.0	17	1
84	-6	60	16	72	-2	58	-6	74	15
ZYN	17.0	25.0	21	1
18	16	21	4	18	49	9	36	12	40	24	9
XEJ	79.0	55.0	15	1
82	33	63	59	84	63	87	66
KVU	38.0	57.0	0	1
43	67	50	37	35	54	45	78	18	45	39	62	36	62
QML	35.0	95.0	2	1
33	107	32	90	36	105	43	89	33	88
EDR	15.0	69.0	20	1
28	51	32	85	-7	66	0	58	32	70	19	74	7	84
MNI	92.0	74.0	0	1
81	70	76	65	94	89	116	74	104	72	70	71	108	80
XHO	103.0	59.0	21	1
101	40	87	51	118	68	87	56	106	67	103	66	122	70
WHG	23.0	27.0	15	1
34	52	22	16	29	25	22	33	8	10
