PFJ	94.0	75.0	11	1
91	69	98	61	88	75	94	86	93	78	99	97	100	62
IQE	65.0	38.0	23	1
70	65	53	21	78	27	65	27	59	54
TLZ	95.0	83.0	10	1
107	95	112	88	68	65	102	66	108	89	77	97
TJZ	96.0	24.0	11	1
104	26	97	21	109	33	81	34	86	20	84	20	112	32	101	12
PJR	5.0	67.0	12	1
9	50	20	86	-2	58	25	51	-6	75	-11	87
ZIB	69.0	68.0	14	1
58	47	55	82	71	55	77	76	97	65	56	83
ICH	5.0	30.0	2	1
7	45	29	51	-15	16	-6	41	0	10	19	21
RLN	6.0	-3.0	20	1
-5	-22	0	11	4	19	-6	-4	7	19	26	-12	16	-17	10	-18
TID	67.0	19.0	10	1
76	3	66	17	74	32	55	34	64	9
FTB	23.0	52.0	23	1
14	60	-4	71	32	53	29	60	40	46	35	26	20	51
SAM	25.0	-3.0	1	1
12	25	36	-16	42	-1	13	-21
VLR	3.0	21.0	15	1
8	24	9	9	-16	5	11	30	5	39
AFY	14.0	-2.0	2	1
9	-11	9	-5	5	-11	26	21	17	-5	23	-5
OHV	49.0	12.0	1	1
33	-14	60	23	52	13	54	29
HQG	13.0	2.0	1	1
20	-11	1	4	4	14	12	-5	1	-8	44	20
UXI	57.0	55.0	22	1
59	55	73	63	64	48	50	71	35	46	54	71	67	36
MCK	24.0	28.0	20	1
39	7	7	44	32	25	20	37	13	31	22	17	37	40
BUK	56.0	34.0	23	1
69	48	43	26	46	11	71	38	59	50	51	36
