VJU	12.0	59.0	7	1
-7	76	9	43	24	74	22	69	18	29	1	57	23	65
BBO	69.0	74.0	8	1
52	78	85	74	70	79	70	66
YQR	18.0	42.0	4	1
36	50	34	44	16	23	12	36	-6	58
PAF	71.0	81.0	10	1
77	90	82	91	54	89	59	56	66	91	100	85	61	70
GBE	90.0	22.0	8	1
84	37	108	35	74	6	76	7	114	30	86	18
OXB	50.0	46.0	7	1
42	59	33	43	43	56	55	29	77	47
FBC	17.0	65.0	9	1
31	45	2	65	9	78	25	62	21	63	15	77
CZO	83.0	7.0	0	1
74	19	101	-17	88	29	63	1	94	18	82	-7
BKV	71.0	28.0	6	1
55	18	52	32	87	40	77	44	80	38	79	27	73	2
CLP	67.0	0.0	1	1
49	3	75	7	63	-21	58	-2	88	23	73	-6
CGV	69.0	70.0	7	1
59	57	80	73	70	63	59	66	80	91
AFL	37.0	84.0	7	1
47	93	24	103	37	99	32	86	56	66	31	58
FDR	37.0	5.0	6	1
28	-2	36	6	56	9	44	-7	32	17	32	10	21	17	47	-10
QEK	69.0	66.0	7	1
72	87	77	72	55	56	60	68	58	53	68	59	99	67
PTP	47.0	89.0	5	1
56	74	56	89	39	91	60	94	62	86	14	104
FZB	73.0	20.0	9	1
80	14	90	35	68	5	57	22	94	32	52	13
VVF	5.0	21.0	1	1
-10	39	7	4	33	14	-13	25	18	11	16	37	-12	38	2	5
TKB	3.0	39.0	4	1
18	43	-19	37	16	23	0	54
IPT	68.0	62.0	5	1
72	58	52	59	58	56	90	77
VQZ	87.0	65.0	9	1
85	49	97	70	106	48	75	82	72	78
XZO	41.0	22.0	10	1
21	37	42	15	35	19	42	21	65	18
NZC	88.0	23.0	5	1
109	38	86	26	69	15	92	20	85	17
YUQ	10.0	77.0	9	1
18	89	3	65	26	96	4	67	-3	61	12	89
ONQ	-2.0	32.0	5	1
7	19	-6	30	-6	53	-10	24	3	37
NHW	82.0	53.0	3	1
68	52	94	62	93	70	74	29
NGX	47.0	85.0	9	1
55	69	37	93	56	98	44	74	56	89	38	78	49	100
LCI	36.0	11.0	3	1
34	8	24	10	49	27	45	8	29	-3	40	-2	36	31
IPO	4.0	23.0	2	1
20	10	0	31	-2	16	2	47	24	27	-8	7	-9	41	8	6
HVN	48.0	32.0	3	1
71	32	33	36	32	19	37	34	42	53	58	43	57	22	59	24
VFF	40.0	85.0	4	1
50	74	38	72	36	106	24	91	52	86
NVH	38.0	44.0	5	1
25	67	42	37	40	25	43	62	59	40	19	35
JTK	36.0	11.0	10	1
20	21	43	-10	40	7	35	23	42	14
WWN	96.0	45.0	8	1
112	63	77	63	108	52	99	23	88	28
ZHA	58.0	32.0	6	1
69	46	55	31	48	53	43	36	41	41	80	13	71	8
OWN	12.0	18.0	1	1
-1	31	1	14	3	1	43	19	15	29
NLG	70.0	2.0	0	1
80	11	69	0	50	17	54	0	88	-6	83	-9
ALJ	25.0	61.0	9	1
32	77	19	57	21	61	31	51
AKS	71.0	48.0	7	1
86	34	86	32	59	31	69	50	43	73	85	70	50	35	91	65
CWU	42.0	6.0	2	1
61	9	48	4	22	-5	26	23	65	1	30	5
NGU	94.0	47.0	1	1
99	66	80	39	112	55	108	42	90	26	76	55
WAU	87.0	46.0	3	1
67	24	107	37	85	56	103	54	77	62
VWC	27.0	60.0	3	1
34	74	39	60	39	63	18	49	10	44	44	63	8	73
XKL	46.0	21.0	5	1
36	13	56	8	56	36	62	-3	54	43	26	27	34	24
UUJ	63.0	79.0	5	1
69	86	55	61	72	74	48	91	71	84
KCY	0.0	43.0	1	1
-12	60	9	55	20	30	11	30	-22	31	-9	44	-3	51
YSP	52.0	34.0	10	1
56	19	50	26	31	54	51	56	51	28	54	32	74	27
ILT	45.0	58.0	0	1
63	41	28	53	61	65	53	79	30	47	22	75	61	48
