YQS	24.0	17.0	6	1
9	37	21	26	14	20	34	10	46	29	19	-1	29	2
DEO	57.0	-1.0	4	1
64	23	51	-9	54	-16	47	-13	59	9	54	15	70	-16
PCH	85.0	26.0	16	1
92	33	68	34	80	23	80	11	105	22	89	33
RRR	81.0	38.0	8	1
104	21	70	22	72	41	74	47	76	54	93	47
MIH	64.0	1.0	4	1
66	0	85	-15	61	9	70	15	69	2	43	9	43	-6	77	0
EXB	70.0	4.0	24	1
58	-15	74	10	70	3	71	11	80	14	80	-16	58	26
NFA	2.0	20.0	4	1
19	27	-4	23	11	17	11	11	-8	37	-16	8	1	18
WND	33.0	21.0	7	1
47	29	33	15	18	12	25	45	50	11	30	15
OTE	77.0	80.0	11	1
83	82	79	69	64	83	70	91	88	58	77	98	80	83
YNH	90.0	59.0	3	1
98	64	80	72	71	63	112	37
LQK	58.0	0.0	15	1
50	-6	51	-16	94	-8	49	22	49	10
NVC	60.0	56.0	8	1
52	55	82	45	80	54	48	76	56	65	53	44	51	57
YJG	49.0	88.0	13	1
45	71	61	81	29	91	64	90	24	102	71	93
RXD	-2.0	83.0	24	1
-12	82	-9	86	-12	90	23	77
