KRK	86.0	12.0	9	1
92	4	73	31	76	8	105	-14	75	23	100	24
YMI	15.0	12.0	2	1
-4	2	26	0	11	13	35	27	22	21	1	11
YPJ	85.0	68.0	9	1
79	46	77	87	95	94	105	45	76	87	67	54	91	61	96	72
XMK	33.0	38.0	7	1
48	31	21	49	25	22	30	49	43	45	18	56	28	41	58	12
SFW	71.0	76.0	3	1
89	63	91	91	50	73	72	83	54	73
JCZ	22.0	50.0	4	1
-2	61	39	63	23	38	18	39	21	45	34	57
ISW	32.0	88.0	1	1
35	92	25	101	45	70	30	99	41	87	20	63	31	104
CLC	34.0	-9.0	5	1
37	-15	21	-7	30	0	41	-9	44	-17
RVV	76.0	98.0	4	1
75	112	94	111	73	79	81	98	66	96	72	93
IZI	13.0	79.0	4	1
28	55	11	69	33	104	34	85	-5	71	-2	91	-7	84
LPS	19.0	-8.0	8	1
22	-9	25	-19	-2	17	4	-14	24	3	32	-15	31	-20
YSR	84.0	76.0	6	1
67	79	79	64	87	52	96	91	93	96
QLB	50.0	36.0	3	1
46	51	33	19	52	32	66	47	54	34
OYI	12.0	11.0	8	1
16	-3	12	38	17	-9	29	7	-4	15	3	31	17	6	12	6
QAP	59.0	44.0	2	1
76	52	50	30	42	64	70	31	78	29	43	63	59	41
DEH	91.0	61.0	6	1
70	67	88	70	104	59	95	40	99	73	90	62
OOE	3.0	20.0	9	1
-14	40	27	14	-8	35	-15	37	8	-5	-4	25	10	18	27	1
