RUA	65.0	48.0	7	1
55	54	45	39	72	63	77	44	78	33	63	51	66	52
CDP	39.0	33.0	10	1
46	52	53	29	23	47	41	19	34	20
LFC	19.0	16.0	8	1
28	21	33	16	14	0	11	14	29	27	9	22	9	14
HOA	16.0	9.0	2	1
13	4	-2	13	37	20	17	-1
ARY	62.0	72.0	7	1
58	81	50	64	93	78	50	67
AZK	90.0	92.0	8	1
93	82	81	114	99	114	107	78	74	72
TVD	52.0	77.0	1	1
50	95	39	98	63	58	33	60	63	85	69	78	61	81	38	63
CVA	16.0	72.0	6	1
-5	69	-4	47	27	88	31	73	32	84
KGD	82.0	19.0	3	1
75	36	91	5	73	11	84	7	89	36
YGZ	32.0	58.0	1	1
26	53	28	82	43	58	10	81	36	43	31	39	39	43	48	66
TKU	55.0	97.0	10	1
60	91	50	107	44	100	78	78	45	112
DNF	27.0	93.0	9	1
8	105	40	69	34	105	29	78	24	110
NDJ	90.0	30.0	6	1
68	59	112	30	89	32	82	22	80	21	106	25	93	24
LWC	98.0	45.0	3	1
110	26	83	54	102	34	100	68
KXK	-11.0	7.0	4	1
-8	3	-21	6	1	15	-15	4	-15	2	-5	31	-16	-7
LWK	3.0	60.0	4	1
22	79	-3	86	-13	56	1	50	2	69	9	42	4	39
BLV	52.0	52.0	4	1
46	59	34	73	74	58	33	36	74	37
PWA	61.0	50.0	3	1
73	49	74	49	62	49	50	71	62	54	43	50	62	29	62	50
DJL	67.0	55.0	3	1
67	77	72	48	87	30	86	53	56	66	50	29	58	74	63	66
ORQ	2.0	14.0	4	1
4	2	24	19	-9	31	-10	23	1	-1
LRZ	30.0	60.0	4	1
34	49	32	47	43	72	8	53	35	79	29	64
CJK	84.0	50.0	4	1
58	36	101	67	99	42	96	71	56	46	99	40
FZB	38.0	8.0	0	1
43	-16	30	18	26	11	52	21	58	-8	37	30	23	3
BCO	77.0	35.0	8	1
84	43	63	15	90	17	64	48	88	56
BET	5.0	30.0	5	1
4	34	6	38	3	21	8	30
WVC	99.0	50.0	9	1
84	37	118	55	101	72	91	67	111	41	91	26	97	52
BJW	37.0	89.0	6	1
56	91	34	83	38	98	23	87
HXM	56.0	47.0	4	1
44	63	49	51	46	32	66	29	77	61
RNL	36.0	84.0	1	1
25	71	46	71	27	97	38	82	46	100
XER	13.0	58.0	8	1
41	70	6	58	5	56	24	68	4	40	-2	60
YQU	61.0	19.0	3	1
72	-1	78	4	41	38	39	27	49	36	76	2	76	30
ENQ	21.0	22.0	7	1
44	32	3	21	1	18	37	20
JKZ	75.0	66.0	8	1
92	58	65	84	66	49	82	45	61	73	89	92
IUU	12.0	17.0	5	1
11	23	27	21	-4	5	20	34	-3	22	22	11	15	7
FTR	21.0	17.0	1	1
23	16	42	12	11	39	17	13	11	23	31	2	14	15
HWD	18.0	13.0	3	1
36	3	19	5	13	40	28	0	14	22	-2	8
JED	3.0	94.0	5	1
15	103	-5	107	-4	69	7	97
OZL	69.0	74.0	9	1
65	63	88	52	66	54	76	92	84	79	45	95	62	86
BCA	12.0	69.0	3	1
31	53	13	81	14	45	15	81	-9	87
DXK	76.0	83.0	9	1
89	71	66	92	83	85	60	79	77	70	86	102	71	83
TSG	36.0	71.0	3	1
47	93	54	50	43	70	40	76	16	66	29	58	27	88
PCA	78.0	32.0	3	1
100	23	74	44	61	34	64	35	95	26
XHT	41.0	25.0	6	1
31	25	47	45	57	14	42	41	31	2
VCE	24.0	86.0	7	1
44	77	28	86	10	83	29	106	9	100	45	86	10	72	24	85
BQY	33.0	20.0	5	1
49	24	43	22	14	14	52	10	40	17	19	38	21	8	28	34
KUI	30.0	11.0	4	1
54	37	10	1	31	28	55	-4	10	9	24	0
OJG	98.0	46.0	4	1
102	54	114	38	90	55	75	24	109	59
