UZV	89.0	12.0	9	1
89	-9	86	10	70	2	101	14	91	16	97	39
UWT	72.0	46.0	3	1
53	61	75	55	86	56	79	45	66	38	71	24	85	32	64	59
PLF	35.0	102.0	0	1
26	91	51	110	32	102	19	113	60	77	24	120
AVI	-2.0	36.0	4	1
-21	56	16	46	-16	53	-2	28	-5	19	15	19
FCI	45.0	99.0	9	1
36	102	36	91	60	109	64	100	38	102	36	90
IYJ	76.0	34.0	8	1
61	28	66	27	71	35	98	56	72	32	86	38	83	22
QOE	9.0	0.0	3	1
-8	-9	4	-7	14	-8	9	-20	25	18	12	26
OCJ	31.0	26.0	7	1
24	26	24	35	19	27	40	23	46	1	35	36	33	39
FFX	69.0	5.0	8	1
49	0	66	-6	74	-6	88	-2	76	15	64	30
EQI	2.0	32.0	6	1
-14	18	-2	33	31	22	7	54	-10	33
JPF	2.0	68.0	1	1
-4	89	-15	82	-15	56	28	73	-10	59	16	44	-1	74	24	73
SNP	65.0	74.0	3	1
70	64	74	91	71	54	53	66	59	77	64	96
RAK	32.0	56.0	6	1
18	42	29	49	38	74	34	56	42	60
ICF	73.0	49.0	2	1
66	58	87	29	49	50	94	36	94	70	48	51
JRC	96.0	33.0	5	1
95	37	105	53	80	10	99	18	102	48
JIV	60.0	27.0	2	1
56	14	81	35	51	42	57	19	75	16	47	46	59	20
WWS	62.0	29.0	0	1
69	19	43	4	75	30	73	34	73	41	66	32	47	23	57	49
FLV	46.0	54.0	3	1
43	51	37	74	59	37	25	38	54	45	44	68	47	48	64	72
AOS	14.0	47.0	9	1
12	43	41	49	4	58	4	51	9	36
RAH	39.0	28.0	5	1
46	37	43	16	42	19	40	18	48	17	27	41	32	49
QNG	4.0	68.0	7	1
-12	60	-18	54	26	97	21	64
KCR	49.0	22.0	6	1
34	40	58	26	60	18	45	4
NSK	80.0	51.0	7	1
72	76	71	49	90	55	82	40	93	51	73	38
BLW	39.0	11.0	1	1
41	11	48	28	36	-4	21	-1	26	-1	66	22	36	24
PJJ	33.0	2.0	8	1
27	-4	47	-11	30	15	31	6	31	-11	50	-7	18	26
OFZ	69.0	16.0	1	1
68	28	78	-11	84	34	59	19	72	29	52	0	73	18
IQD	92.0	86.0	4	1
81	98	107	90	98	65	70	57	109	98	92	96	88	99
SHZ	88.0	35.0	0	1
61	21	92	35	92	26	110	58
KGN	0.0	34.0	5	1
9	40	20	19	-10	37	-11	49	-4	28
XSC	28.0	44.0	3	1
29	34	28	49	9	53	33	43	43	41
UFH	11.0	5.0	2	1
4	24	-1	-11	24	-1	17	-7	9	-1	5	22	19	15
HQD	85.0	-2.0	7	1
78	-9	78	-20	99	-10	79	-9	87	5	89	27
BPY	48.0	15.0	1	1
47	1	73	29	57	-11	31	25	36	32
PGA	82.0	51.0	2	1
88	66	78	72	87	34	75	61	75	29	94	67	62	53	101	33
KYJ	50.0	86.0	5	1
49	70	38	69	33	86	59	109	63	73	35	109	75	79	52	98
SUI	17.0	46.0	4	1
3	39	8	60	5	32	36	45	33	35	39	71	1	40
YYK	37.0	96.0	9	1
33	89	56	114	27	78	35	106
IMH	25.0	19.0	5	1
18	14	12	28	26	27	30	1	39	27
GJB	17.0	65.0	2	1
10	53	13	86	38	64	10	60
MEX	25.0	31.0	6	1
29	27	35	24	35	43	21	23	8	38	16	43	27	14	31	39
NDL	58.0	8.0	8	1
60	-15	64	18	50	13	60	18
XWY	13.0	16.0	7	1
18	17	11	12	-13	-5	14	23	15	36	16	27	17	25	28	-6
AKL	60.0	63.0	2	1
49	64	77	71	64	53	69	74	47	61	57	57
GMC	49.0	29.0	7	1
27	15	41	49	57	22	60	24	58	22	62	19	42	53
ALV	64.0	25.0	6	1
66	28	58	33	79	30	56	20	86	36	57	16	49	16
WCP	72.0	72.0	8	1
59	80	82	86	92	59	55	66
PUE	68.0	23.0	1	1
57	33	82	47	56	9	64	9	69	22	84	19
OLK	62.0	-2.0	3	1
64	-9	63	10	71	13	46	-6	45	-10	74	-16	74	-13	66	13
