MIZ	68.0	10.0	3	1
68	-9	60	25	55	3	93	30	76	-8	57	19
RUT	18.0	13.0	4	1
21	16	28	17	-5	-9	24	33	24	8
HXE	2.0	21.0	6	1
-3	17	-4	20	9	-1	14	35	-2	35
KQS	45.0	33.0	5	1
63	38	27	38	40	19	53	34	63	35	27	32	42	36
GXM	64.0	49.0	0	1
87	55	80	53	65	55	58	29	42	65	53	40
EKB	49.0	84.0	4	1
50	110	31	78	74	81	41	70
ISW	59.0	79.0	1	1
46	71	63	80	37	62	53	81	76	80	72	91	70	88
KPQ	30.0	-10.0	0	1
44	-15	16	-11	27	-25	20	-12	29	-11	44	14
WZG	-4.0	44.0	8	1
-14	51	4	62	13	26	-11	48	-10	33	-15	46	1	45
CPA	42.0	0.0	9	1
18	-8	47	-5	59	13	29	14	57	-15
