PGL	43.0	19.0	8	1
51	8	39	27	32	12	62	18	40	27	35	23
KOV	87.0	44.0	5	1
105	51	70	49	82	22	95	37	85	45	110	32	67	62	86	57
DMD	18.0	61.0	6	1
35	44	5	66	1	78	39	48	11	70
JCB	6.0	26.0	10	1
21	13	9	39	-2	21	-3	31
VQL	92.0	57.0	9	1
73	83	96	81	115	41	84	60	80	45	82	68	117	44	96	40
XMR	-1.0	77.0	7	1
-8	78	16	92	28	85	-10	82	-14	74	-12	44	-10	88
VWH	32.0	1.0	3	1
19	-15	21	10	36	8	52	4
FIN	37.0	51.0	3	1
59	64	27	47	33	45	34	66	36	35
VIA	25.0	76.0	2	1
37	63	37	78	16	67	31	77	26	64	17	87	14	98
SJL	63.0	18.0	7	1
51	16	55	40	56	37	74	11	80	-4	66	13
FDF	76.0	83.0	7	1
63	80	91	79	78	76	80	88	74	69	65	88	89	87	75	102
YZY	93.0	56.0	0	1
85	30	118	54	105	70	82	67	78	62
THJ	41.0	70.0	2	1
25	92	51	81	38	51	29	47	64	83
AFM	34.0	110.0	2	1
25	117	18	118	27	117	55	106	30	88	54	114
XJJ	11.0	45.0	7	1
8	65	2	39	35	47	6	40	11	28	8	55
XQN	32.0	0.0	8	1
18	20	17	7	33	6	26	-7	47	-10	53	-21
GMB	39.0	18.0	9	1
29	11	48	21	29	33	47	28	43	1
FGY	53.0	84.0	0	1
51	88	54	67	59	83	26	100	71	76	58	94
NEK	13.0	25.0	10	1
7	24	28	19	13	24	1	27	19	31
TAN	48.0	9.0	8	1
58	10	28	18	53	-2	63	-15	72	0	34	28	34	24
ARI	41.0	16.0	8	1
52	29	46	13	36	20	62	5	40	20	20	26	42	-10	30	29
JRD	98.0	105.0	3	1
120	121	116	107	87	105	108	74	77	97	83	120	101	111
KBR	9.0	52.0	7	1
9	44	-7	51	2	51	15	29	-3	64	17	64	35	63
ICH	63.0	1.0	10	1
43	12	89	-17	63	3	70	11	88	-12	49	-6	43	17
AOJ	97.0	24.0	3	1
106	36	87	37	95	21	97	8	103	19
