YBA	16.0	53.0	8	1
32	41	18	50	-4	63	-5	69	26	31	12	75	30	34	20	63
LUA	20.0	64.0	6	1
6	54	45	69	6	75	32	57	39	84	6	62	26	70	6	47
SDP	10.0	11.0	8	1
24	-3	15	16	8	0	-3	29	5	-5	24	25	-2	25	11	6
XXG	40.0	18.0	7	1
44	32	46	-4	35	8	38	20	36	25	41	30
QLS	70.0	12.0	7	1
85	26	80	26	75	-2	50	-2	61	10	58	-2	81	31
EYR	86.0	83.0	4	1
103	66	100	92	66	87	78	90
AQX	6.0	83.0	4	1
-2	90	12	97	6	84	-8	96	35	64	-10	81	27	83	-8	70
VNA	5.0	55.0	8	1
32	32	5	63	12	77	4	59	-11	43	-13	39	9	75
SRC	20.0	87.0	9	1
19	75	11	92	27	93	18	90	23	73	9	96	38	93
XFP	3.0	67.0	4	1
17	74	-5	73	-9	56	10	65
YAK	62.0	39.0	3	1
52	67	83	31	52	31	64	27
POK	48.0	18.0	9	1
45	31	66	29	35	0	49	12
OKY	16.0	34.0	1	1
27	27	17	19	22	34	9	46	13	34	10	49
ANY	37.0	43.0	3	1
34	56	46	25	55	32	17	48	48	49	30	56	35	38
HHS	57.0	6.0	3	1
63	-5	38	-13	74	-13	84	18	45	28	54	1	61	15	43	19
NWE	67.0	32.0	4	1
46	12	78	25	83	47	67	42	64	45	74	14	61	41
JVV	19.0	40.0	3	1
0	42	15	20	43	62	13	21	44	60	2	32	13	61	28	27
XPO	84.0	34.0	9	1
84	51	76	23	89	52	87	11
TVW	46.0	90.0	9	1
45	82	31	106	51	72	55	85	49	107
VZY	46.0	0.0	4	1
66	-23	49	8	24	-14	57	17	52	16	24	18	55	-16
GCT	59.0	22.0	2	1
45	9	83	6	64	25	44	51	63	19
KFH	87.0	72.0	10	1
76	80	72	76	104	68	99	67
YAB	90.0	91.0	1	1
71	90	112	92	77	72	94	88	100	114
XVJ	11.0	60.0	1	1
4	70	3	55	13	67	23	74	26	37	20	78	-6	43
XXF	62.0	85.0	7	1
60	71	50	70	67	102	81	75	39	97	75	100
KKY	19.0	100.0	1	1
9	109	30	85	10	107	16	109	20	103	19	110	37	99	15	80
UFD	40.0	49.0	1	1
17	43	45	65	33	53	60	43	57	67	28	26
KHV	49.0	46.0	9	1
35	48	53	68	40	28	82	40	39	46
QNF	17.0	63.0	6	1
16	43	29	80	7	44	-2	73	8	74	31	63	30	70
YMT	40.0	2.0	10	1
36	24	31	-1	69	-18	27	4
MHK	11.0	86.0	7	1
19	80	27	100	-12	98	-8	75	33	77
OMS	27.0	59.0	9	1
49	63	14	65	29	59	19	52
KKA	57.0	50.0	10	1
74	52	46	36	50	38	76	38	49	71	45	65	62	53
AYG	91.0	67.0	3	1
99	77	94	82	76	62	94	46	82	83	104	53
WAL	81.0	101.0	6	1
68	103	67	104	102	123	80	75	89	102
JEP	13.0	87.0	9	1
-8	92	13	76	27	81	7	108	26	79
KQC	63.0	21.0	4	1
85	13	83	17	50	39	40	8	58	19	64	32
GXR	77.0	7.0	6	1
97	29	67	29	78	-4	67	1	68	-9	90	-2
TVQ	43.0	52.0	9	1
63	48	43	63	47	61	44	51	18	38
PFX	87.0	15.0	3	1
68	15	73	30	99	4	113	18	83	10
EPT	84.0	6.0	1	1
67	16	97	13	97	24	86	11	76	-5	81	-18
FPY	59.0	52.0	9	1
76	67	59	28	70	52	62	47	33	51	58	67
MVX	88.0	51.0	3	1
89	46	92	60	89	46	78	56	87	29	97	61	90	64
UXP	31.0	4.0	0	1
32	-12	25	8	20	-10	23	33	43	7	48	-2
CRE	26.0	106.0	5	1
41	100	24	116	20	119	14	87	34	109
