MFA	12.0	42.0	15	1
30	31	16	56	-5	16	-4	57	23	54
FIY	4.0	50.0	18	1
-2	41	13	46	4	47	1	69
LWP	90.0	56.0	2	1
91	57	93	46	104	52	82	71	81	54
TEY	51.0	22.0	3	1
39	21	64	34	55	26	51	2	67	38	31	16
HUM	18.0	9.0	20	1
23	24	7	-2	32	19	5	-1	2	25	30	-9	22	-11	25	34
SPT	97.0	86.0	10	1
91	81	111	76	88	85	84	107	114	82
ZGU	76.0	53.0	5	1
72	47	71	69	78	56	84	41
UFK	45.0	47.0	11	1
49	51	46	38	28	63	58	39
XXL	23.0	18.0	11	1
6	0	15	18	39	0	40	27	8	11	30	35	25	37
XBC	88.0	66.0	4	1
80	67	67	84	93	82	82	43	105	72	102	48
SHN	41.0	-6.0	9	1
30	-23	50	19	67	-23	44	-18	38	-3	25	13	38	-12
PSN	106.0	8.0	5	1
103	11	82	0	120	23	112	5	112	-5	115	22	98	3
QUD	36.0	48.0	22	1
33	30	24	65	64	34	35	44	27	69
WWA	77.0	2.0	4	1
81	24	61	-4	83	22	64	-18	75	12	103	-20
WGQ	31.0	29.0	23	1
32	37	18	38	40	2	29	42	24	44	34	8	41	37
ECG	70.0	20.0	11	1
67	12	63	15	55	20	75	21	74	25	53	30	80	15	94	29
KHV	84.0	88.0	21	1
74	64	110	91	64	101	88	107	95	104	76	65
