FWL	71.0	52.0	9	1
77	61	55	67	72	71	66	37	75	49	63	42	90	43
MZB	65.0	49.0	9	1
62	57	68	46	72	40	49	31	52	68	89	56
SSY	79.0	94.0	6	1
97	78	79	105	73	83	76	100	73	113	72	78	85	107
JWL	44.0	39.0	4	1
55	54	30	20	19	45	48	38	64	27	32	40	63	53
DHI	13.0	82.0	3	1
9	75	-3	91	20	83	35	85	7	76
ECV	63.0	37.0	5	1
45	19	58	45	80	50	75	36	74	24	52	43	61	48
UFL	81.0	16.0	8	1
95	1	74	1	80	22	60	34	84	37	97	5
YNJ	75.0	8.0	6	1
97	28	67	3	65	2	57	-12	95	-6	49	24	96	21
AYG	37.0	78.0	7	1
21	58	43	86	30	85	53	80	27	72	38	101	52	67
FAM	36.0	63.0	9	1
27	85	32	68	50	61	33	51	24	70	48	48	25	72	49	56
SRE	82.0	78.0	3	1
101	66	88	73	67	72	76	71	61	102	85	65	103	90	82	89
XVS	-5.0	44.0	1	1
0	68	-17	31	-12	58	-16	35	17	31
DPV	94.0	6.0	7	1
98	-12	89	15	97	6	93	16
XJT	24.0	44.0	7	1
35	34	16	60	49	53	11	43	12	32
LDV	92.0	75.0	7	1
72	87	107	59	87	89	90	75	112	60	84	80
KXA	80.0	80.0	2	1
96	72	65	88	86	74	74	87
GFD	81.0	70.0	7	1
94	94	56	57	86	85	78	55	93	60
GND	21.0	98.0	0	1
10	80	19	96	31	100	38	101	-2	108	36	104	34	101	5	99
AGZ	82.0	84.0	3	1
80	80	67	89	100	93	63	83	100	88	80	94	85	67
KWY	65.0	43.0	5	1
52	63	71	47	70	33	64	20	70	55
BIP	56.0	68.0	4	1
73	81	78	57	40	91	43	57	50	57
VZI	51.0	17.0	2	1
41	12	64	29	69	10	36	11	46	15	49	26	57	17
RVW	-2.0	67.0	2	1
-2	79	7	55	-13	83	17	40	-11	85	3	79	-18	52
WEQ	32.0	99.0	6	1
33	103	22	115	46	87	28	94
QNC	95.0	44.0	1	1
92	44	73	42	85	26	116	50	91	57	92	56	110	57	103	24
ZHU	7.0	4.0	10	1
11	18	20	-21	25	23	-5	11	32	-14	-15	19	-13	-8
GKD	16.0	14.0	2	1
17	-4	26	-5	16	27	18	20	5	19	17	29	14	14
JNG	74.0	64.0	7	1
61	69	98	77	67	62	73	43	95	87	95	67	54	63	54	44
