XHN	11.0	45.0	1	1
3	43	25	67	-10	30	10	41	30	59	20	22	-11	32	25	67
AAD	87.0	94.0	0	1
62	104	84	97	98	89	99	78	95	102
NPR	46.0	77.0	3	1
59	77	59	76	55	100	47	57	30	89	21	65	55	76
NEU	62.0	77.0	9	1
73	74	48	70	50	62	77	102
SWP	7.0	74.0	8	1
2	47	-2	87	15	89	13	73
WHJ	16.0	30.0	10	1
32	36	21	27	29	1	-11	35	1	40	29	44
YOO	74.0	81.0	7	1
54	101	52	68	86	68	90	89	77	93	86	71
WKO	56.0	2.0	4	1
51	7	49	5	73	-18	63	22	64	0	42	7	60	13	48	-17
QHU	7.0	12.0	4	1
15	-5	-15	23	21	8	10	17	4	19
PSV	22.0	44.0	6	1
35	33	3	67	36	54	41	29	19	54	3	29
WNG	83.0	22.0	9	1
82	27	73	1	93	24	92	38	64	32	99	24	73	6	95	27
DLZ	68.0	81.0	5	1
81	92	61	78	51	79	82	77
ENF	82.0	50.0	9	1
102	41	76	48	62	57	94	57	79	51
KAX	14.0	-4.0	3	1
15	9	12	-7	19	-11	21	-14	4	2
EVW	22.0	18.0	6	1
34	12	16	7	2	33	25	21	32	43	27	0	20	13
