EQM	69.0	32.0	2	1
87	16	48	16	54	52	59	21	81	56	88	16	54	33	84	52
VCI	62.0	10.0	4	1
52	23	88	32	45	29	46	-12	59	-13	69	29	82	-6	60	-2
FVI	90.0	16.0	8	1
106	40	92	-3	76	31	87	-4
PDB	48.0	23.0	7	1
45	24	35	26	35	40	68	9	49	39	53	4	57	19
GNM	94.0	54.0	4	1
90	66	108	70	92	58	74	36	104	33	101	63
YJZ	86.0	84.0	8	1
99	92	84	81	98	88	88	88	73	78	85	87	80	76
RMZ	41.0	0.0	9	1
28	-7	44	30	63	-10	22	-15	50	0
DNW	72.0	47.0	6	1
84	41	80	43	76	50	49	56
XGL	17.0	20.0	7	1
10	37	9	38	-2	19	32	30	22	-6	16	20	37	8
