UIV	56.0	17.0	15	1
65	27	35	2	75	24	31	22	62	12	60	5	68	5	53	43
TJP	59.0	27.0	8	1
56	-1	61	39	69	42	53	31
KSA	8.0	82.0	11	1
8	87	8	82	18	87	7	89	-1	77	12	73
PWF	15.0	67.0	12	1
20	62	25	76	20	56	18	65	-2	72	13	71
VFF	2.0	77.0	7	1
-11	96	19	83	-12	59	-5	81	19	85	-6	81	12	60
HRO	9.0	4.0	4	1
17	-12	1	17	37	-1	-5	13	-5	7
UUH	24.0	94.0	9	1
16	99	37	107	24	99	19	74
UHD	28.0	94.0	20	1
25	96	36	96	35	87	42	90	45	89	15	98	2	105
JFT	35.0	30.0	6	1
37	25	47	22	33	35	52	49	14	29	13	36	49	14
QAK	18.0	27.0	18	1
21	43	-4	16	4	12	26	22	38	55	25	17
KKY	4.0	20.0	20	1
17	5	9	41	-10	5	12	33	-12	10	17	24	0	24
PWA	64.0	91.0	4	1
72	103	52	89	87	75	48	100
CYV	71.0	40.0	3	1
67	28	87	43	97	52	61	38	60	31	78	39	70	37	55	52
WKO	88.0	12.0	10	1
70	-1	71	-7	103	1	83	37	106	5	89	33	99	30	88	5
NRD	49.0	14.0	8	1
59	11	63	-1	43	21	49	30	51	18	34	-5	50	29
ENS	27.0	2.0	17	1
25	25	22	13	8	-8	51	-4	19	7	54	-14	11	0
QDD	73.0	59.0	20	1
75	58	64	76	86	52	50	76	92	35
ODL	53.0	4.0	9	1
31	-17	69	0	63	24	62	-8	59	2	37	24
YCS	78.0	31.0	11	1
72	38	66	30	100	40	88	7	66	40
