GYS	60.0	20.0	2	1
41	20	67	15	52	5	48	24	63	23	81	16	74	40
MDD	58.0	96.0	2	1
36	88	72	101	53	96	72	111	73	102	46	79
BJG	10.0	91.0	6	1
33	73	-2	90	5	99	20	93	-8	88	12	106
YOY	64.0	88.0	0	1
62	107	82	101	79	102	60	101	48	66	78	66	41	79
MLW	30.0	67.0	6	1
13	64	33	77	14	63	49	55	44	79
QOX	38.0	7.0	8	1
56	1	25	9	54	10	23	11	30	20	44	-6
CAD	-1.0	35.0	1	1
2	46	-4	30	-13	27	22	53	-16	22
VZB	74.0	20.0	6	1
86	35	64	12	50	32	72	11	89	10	84	24
ZSQ	78.0	71.0	6	1
83	88	92	66	80	78	75	79	64	57	74	89	68	53	92	65
XBS	52.0	63.0	7	1
75	64	28	90	31	74	56	72	30	54	72	43	77	47
RNK	32.0	95.0	4	1
45	111	22	75	47	105	15	92
VAO	82.0	90.0	2	1
86	112	83	104	78	81	74	74	89	80
ESV	66.0	55.0	8	1
64	74	46	41	84	60	72	44	67	60
OMW	93.0	21.0	1	1
86	8	76	19	97	24	104	18	105	36
BMQ	7.0	40.0	2	1
3	30	-1	37	12	32	5	71	19	31
YSX	60.0	86.0	1	1
55	85	87	98	60	103	43	63	53	92	84	69	43	95
QCA	78.0	40.0	3	1
77	36	67	35	75	54	93	26	79	53
DID	59.0	20.0	9	1
45	43	38	6	73	17	69	10	62	29	71	36	59	2
USQ	102.0	16.0	0	1
88	16	118	-1	91	9	120	5	111	32	106	17	83	34
UHA	71.0	81.0	7	1
73	70	79	82	51	76	76	88	78	93
QAB	93.0	72.0	7	1
84	64	87	66	83	70	114	99	111	77	84	59
EOB	78.0	38.0	3	1
65	41	90	45	76	48	89	57	79	19	64	55	79	29	82	16
IXY	48.0	34.0	8	1
36	38	72	11	59	44	46	42	28	38
EQY	58.0	86.0	6	1
75	84	48	74	65	97	46	104	59	75
ZVG	2.0	65.0	2	1
0	77	23	80	-15	53	15	63	-9	56
NCH	36.0	9.0	3	1
40	7	48	-5	25	17	31	10	55	18	21	8
BUU	21.0	71.0	9	1
34	53	23	83	25	75	18	98	37	70	-7	50
YYH	24.0	61.0	4	1
14	77	48	65	33	48	22	59	3	42	44	69	4	71
