QFA	57.0	0.0	6	1
63	-10	60	10	79	22	40	-14	72	-1	31	-8
PTR	80.0	26.0	16	1
96	11	69	48	54	1	94	26	79	18	65	40	98	28	90	40
PCA	83.0	32.0	24	1
87	45	68	45	81	5	80	40	86	41	103	34	90	40	72	9
KNR	36.0	67.0	22	1
43	75	33	47	47	62	17	84	33	50	44	86
UTC	27.0	72.0	13	1
38	63	33	55	13	72	13	76	13	78	45	89	36	72
RJS	89.0	36.0	11	1
78	52	72	44	76	48	101	10	84	18	103	38	115	48
FLB	13.0	71.0	23	1
36	72	10	89	3	55	-6	85	9	56	24	92	18	51
VYA	56.0	78.0	15	1
43	100	88	61	41	60	55	94	57	79
MOS	32.0	51.0	20	1
41	67	47	46	36	42	28	55	11	41	32	55
VKM	92.0	29.0	21	1
82	36	92	18	96	22	98	47	74	10	113	19	93	56
MTD	10.0	60.0	10	1
10	80	17	46	10	65	8	67	5	43
JFQ	61.0	83.0	22	1
34	63	79	86	81	77	60	90	43	86	69	98
FHJ	79.0	85.0	19	1
69	102	88	84	86	89	76	67
AEF	59.0	75.0	10	1
44	90	69	68	49	52	43	80	61	99	60	95	76	55	73	63
NCC	24.0	108.0	6	1
4	102	22	118	40	105	31	103	11	117	38	108
JBR	76.0	3.0	22	1
77	-22	70	18	93	18	71	-19	73	21
WAB	40.0	24.0	6	1
58	36	55	18	29	5	20	39
VUT	4.0	36.0	19	1
-1	40	16	32	16	33	-6	41	5	39	-6	33
ZWR	61.0	9.0	17	1
61	28	60	23	55	-18	63	27	67	-14
POP	80.0	52.0	14	1
77	33	94	61	77	50	91	67	70	35	88	54	68	69
TMX	83.0	35.0	22	1
66	18	86	52	87	53	93	19
UQH	0.0	100.0	19	1
16	82	6	108	-16	112	-24	90	19	112
WJK	39.0	57.0	19	1
11	27	46	76	49	75	31	72	52	64	37	35	52	50	36	63
WUZ	28.0	92.0	11	1
28	95	19	76	36	105	46	89	16	69	46	106	9	108
NWK	68.0	53.0	17	1
89	48	83	62	71	54	58	48	58	70	54	41
