VXN	68.0	97.0	7	1
67	80	75	112	50	98	64	92	86	105
WFT	97.0	36.0	9	1
83	41	110	23	92	51	107	33	93	32
HMC	17.0	58.0	2	1
-3	80	34	55	3	36	14	51	38	71
UFD	83.0	45.0	7	1
103	47	98	60	63	53	58	33	75	57	105	25
PFI	55.0	98.0	8	1
67	88	39	77	80	107	56	96	40	121	45	102	64	97
JYZ	26.0	48.0	8	1
40	73	17	43	31	41	18	35	20	59	15	47	41	42
KUG	56.0	70.0	9	1
58	73	69	92	52	56	63	62	39	72	58	66
PHW	8.0	65.0	8	1
-7	42	0	48	34	57	-5	78	38	83	-10	82
ULW	33.0	-2.0	8	1
9	-3	50	7	36	-12	27	-20	41	27	40	-11
RVZ	5.0	49.0	1	1
-15	59	20	33	25	66	-3	44	-7	42	-5	42	21	57
MOP	66.0	56.0	4	1
57	67	58	67	72	63	61	74	64	55	69	33	83	33
OHJ	93.0	79.0	4	1
77	65	84	80	89	76	104	81	122	77	82	99
BWB	51.0	57.0	1	1
62	65	63	64	41	78	37	48	51	46	57	46
LGJ	1.0	88.0	4	1
-1	86	-4	68	-2	98	13	100
