RGG	60.0	27.0	2	1
76	7	67	48	46	21	41	36	74	39	61	16
EBS	84.0	41.0	8	1
103	33	69	23	74	70	96	53	78	28
XRU	49.0	15.0	2	1
41	9	49	-3	47	36	60	18
MDV	72.0	63.0	19	1
59	56	79	77	71	67	74	77	77	35	76	70
WUE	11.0	26.0	22	1
2	27	37	41	1	18	3	15	5	22	20	34
YDQ	77.0	90.0	9	1
63	92	92	83	76	84	63	94	91	101
WKN	0.0	59.0	8	1
-4	38	-21	54	24	51	-3	59	-18	84	16	82	8	47
KCG	71.0	92.0	5	1
56	95	68	110	86	83	84	80	79	98	61	99	68	85
MTU	2.0	30.0	12	1
-4	24	17	55	4	29	-14	21	7	23
GXJ	20.0	7.0	9	1
45	8	7	18	26	-1	5	5
JBX	63.0	99.0	9	1
60	88	75	75	68	116	49	117
IEO	24.0	23.0	23	1
24	46	1	9	45	15	34	47	17	9	28	7	19	31
YRW	51.0	23.0	21	1
29	2	71	41	29	31	72	46	55	-1
GBO	27.0	67.0	24	1
16	59	9	90	36	76	40	47	45	67	20	68
WTE	20.0	50.0	12	1
22	37	37	46	10	75	20	32	42	41	4	57	11	63
BII	55.0	84.0	5	1
72	107	64	80	74	82	27	83	42	70
LBN	100.0	99.0	0	1
103	121	90	78	93	80	103	102	115	116
EUA	28.0	26.0	21	1
46	17	35	21	10	38	32	36	21	20
LRF	55.0	9.0	16	1
38	1	53	32	50	-6	63	-1	74	20
DYU	19.0	56.0	16	1
13	49	6	82	26	36	25	56	26	61
CSV	41.0	75.0	10	1
35	68	36	77	62	63	32	65	57	93	41	92	30	71
VPI	54.0	77.0	24	1
62	89	54	71	63	58	37	90
