AVW	32.0	37.0	4	1
21	13	57	53	21	23	17	49	36	26	45	54	30	46
CCR	86.0	91.0	13	1
95	81	80	91	75	112	98	79	84	96
IWB	70.0	6.0	4	1
72	-20	73	19	72	22	64	6
JLB	49.0	32.0	5	1
60	47	47	44	42	23	64	24	29	46	51	19	34	28	67	29
AGG	29.0	5.0	17	1
26	8	41	11	12	-9	8	-12	38	12	31	26	37	8	39	-2
EDK	5.0	58.0	24	1
-6	64	16	35	2	29	26	76	-14	77	-5	70	17	76	7	37
IFX	70.0	76.0	5	1
57	81	63	50	72	97	67	58	76	91	66	93	89	64
UMX	10.0	36.0	10	1
12	34	-4	39	-5	24	-14	52	30	40	19	30	33	36
ABR	62.0	92.0	9	1
85	92	45	96	56	103	44	100	84	72
LNQ	5.0	37.0	19	1
-13	52	28	22	3	26	7	51	-10	58	19	17
FQK	44.0	56.0	23	1
48	73	28	48	54	28	47	76
RSZ	99.0	11.0	23	1
108	2	89	-3	95	20	83	0	123	25	103	26	94	7
DNA	49.0	48.0	13	1
39	37	47	42	70	42	33	69	56	52
XRN	21.0	33.0	22	1
8	40	17	28	18	46	26	35	21	25	33	31	30	26
RUC	27.0	81.0	8	1
59	91	19	84	18	58	13	92
JWP	47.0	16.0	20	1
39	27	49	28	52	-10	55	25	52	4	38	25
TNF	75.0	20.0	3	1
59	22	82	17	62	2	103	25	69	26	61	34	75	27	94	9
XCC	20.0	82.0	21	1
38	74	14	98	10	88	6	64	4	83	49	87
TQR	84.0	93.0	7	1
92	94	88	90	102	121	79	88	75	90	70	78
YSN	98.0	7.0	14	1
96	24	73	-5	106	11	105	-13	113	18
TSD	84.0	40.0	18	1
61	19	93	30	75	42	87	51	94	26	101	62	67	42	94	51
AJE	64.0	22.0	9	1
48	28	89	21	67	15	56	28	57	37	77	6	54	31	71	15
QZJ	26.0	80.0	8	1
36	96	8	74	31	63	36	80	17	80	19	94	36	75
OAR	14.0	92.0	1	1
35	100	-9	113	22	109	28	80	6	77	26	95	-10	71
MOM	64.0	69.0	17	1
46	69	77	48	80	95	55	59	72	91	45	53	78	79	63	60
JWT	57.0	82.0	0	1
33	78	75	73	44	79	60	66	60	96	71	105
OIS	87.0	31.0	12	1
80	39	96	26	78	23	80	43	102	28
HBB	46.0	24.0	9	1
36	38	70	46	47	9	32	4
BSV	41.0	56.0	6	1
29	35	39	63	41	56	23	59	70	62	49	64
WDI	57.0	59.0	1	1
62	73	75	66	65	61	41	47	42	40	62	71
ZQE	60.0	-4.0	18	1
59	-15	50	-16	68	-15	52	1	48	-10	86	28
TWK	23.0	43.0	18	1
19	32	15	57	18	53	17	27	46	51	19	30	27	55
VDU	-8.0	66.0	6	1
-15	73	1	65	-20	64	0	63
QSF	36.0	49.0	2	1
28	50	41	47	31	33	39	35	28	80	47	55	38	48
GCT	97.0	58.0	2	1
99	73	87	64	92	38	118	48	117	50	71	56	96	79
