OLI	103.0	59.0	2	1
108	85	116	53	98	50	120	62	76	48
BRA	-4.0	91.0	7	1
10	106	-18	89	-15	71	11	83	-13	108	-4	93
HYX	29.0	29.0	4	1
49	47	36	23	2	38	49	4	19	16	31	33	19	48
IOH	26.0	6.0	7	1
39	-4	47	38	47	10	28	6	14	-4	7	-8	6	9
RTN	66.0	54.0	9	1
72	39	73	66	68	75	49	63	69	31
SNT	50.0	73.0	5	1
40	75	44	67	59	91	41	69	78	71	42	69
JBE	64.0	37.0	1	1
64	14	48	41	79	50	61	54	55	53	76	28	71	25
PAG	82.0	73.0	10	1
100	91	70	79	73	75	87	50
ENR	67.0	38.0	2	1
72	17	61	43	81	31	81	46	59	32	51	60
XFI	95.0	79.0	0	1
76	87	105	66	123	83	80	67	88	75	103	96
FHN	106.0	54.0	6	1
116	75	96	47	99	57	102	54	121	38
YUM	105.0	15.0	8	1
82	5	111	7	119	9	115	2	117	10	106	39	114	30	78	25
YOT	30.0	54.0	6	1
16	38	23	45	17	75	41	56	37	54	43	70	33	46
VJI	82.0	69.0	9	1
95	75	102	74	64	50	62	67	91	81
VWX	48.0	6.0	5	1
45	24	69	-1	61	17	28	-3	61	14	36	-1	36	-2
ORB	69.0	58.0	1	1
84	34	67	62	51	38	87	78	57	78
GCP	11.0	34.0	3	1
34	25	-2	25	34	38	-10	63	1	21
WJN	-3.0	24.0	7	1
-10	10	-23	3	-15	21	25	10	15	41	-1	41	-14	45
FGE	59.0	-3.0	5	1
49	16	46	-6	76	-12	44	7	63	-10	52	-7	86	-11
ZTO	84.0	16.0	4	1
108	14	71	0	81	27	94	15	68	27
CYV	52.0	10.0	1	1
61	20	53	28	36	-5	73	2	40	6	54	10
SFR	32.0	50.0	6	1
25	28	51	46	15	65	25	58	37	36	44	70
EVS	7.0	33.0	9	1
1	35	14	51	-5	51	16	14	11	15
NGZ	86.0	83.0	9	1
73	92	114	74	68	75	91	94
UNP	96.0	68.0	6	1
106	75	106	67	104	80	97	72	70	50
NZL	70.0	59.0	4	1
72	74	55	63	94	43	54	47	94	72	55	55
WXA	49.0	39.0	3	1
62	39	46	29	53	32	43	33	58	61	36	45
RKD	26.0	10.0	5	1
38	-5	36	34	9	21	44	-4	7	8
NPA	71.0	69.0	2	1
61	90	69	48	82	48	78	79	68	83
WWF	0.0	71.0	1	1
-13	81	12	85	13	71	-4	70	-5	81	-12	52	-15	86	17	47
VWP	79.0	24.0	10	1
69	18	88	22	58	24	102	34
DAE	88.0	91.0	5	1
93	113	78	69	91	102	90	80
SXN	87.0	33.0	1	1
67	25	84	50	92	39	83	19	81	29	96	32	111	42
FJG	33.0	15.0	5	1
18	-5	52	12	32	29	49	17	26	27	14	0	50	8	30	39
UYV	94.0	94.0	2	1
69	95	107	103	101	99	100	81
XBT	67.0	88.0	8	1
69	91	50	90	72	93	89	106	55	60
EJM	39.0	31.0	4	1
26	52	27	34	57	29	61	17	40	17	18	47	48	28	36	31
RAR	23.0	21.0	7	1
24	26	29	23	28	18	2	22	29	29	28	11
GMP	72.0	71.0	1	1
63	85	82	80	89	63	73	87	65	56	73	63	76	87	56	48
PAN	19.0	11.0	7	1
25	-3	39	31	-3	-9	27	28	11	12
FSS	44.0	69.0	3	1
37	58	37	63	73	65	43	90	30	55	55	86	37	71
SUE	67.0	37.0	1	1
61	13	61	33	63	52	83	52
