DMC	11.0	45.0	15	1
19	46	25	23	-11	43	22	60	-13	38	9	59	30	51
KHN	98.0	90.0	24	1
108	70	106	75	104	107	76	110
KPC	85.0	9.0	11	1
94	17	84	14	73	-1	96	27	78	-9
CLW	69.0	93.0	18	1
70	104	61	96	61	98	75	62	63	95	84	104
LRI	99.0	46.0	19	1
99	67	74	45	102	32	115	49	108	37
CXN	24.0	68.0	5	1
22	62	14	66	30	91	25	63	30	58
PKM	19.0	22.0	12	1
3	10	-5	31	38	36	32	5	30	47	19	4
KUK	40.0	24.0	12	1
42	30	57	-3	20	25	43	44
YFH	74.0	46.0	2	1
87	71	52	34	68	42	67	35	77	54	93	30	77	57
JOZ	46.0	52.0	6	1
32	83	30	46	61	43	56	44	45	49	49	39	51	61
SMT	21.0	5.0	11	1
28	5	4	-10	35	35	15	2	26	-6
ZBV	33.0	50.0	13	1
35	52	31	55	37	67	13	66	30	33	50	27	37	55
PGD	98.0	21.0	3	1
84	7	85	17	110	12	111	53	91	38	115	28	80	8	112	10
YRP	85.0	76.0	23	1
68	58	67	62	100	93	84	96	111	62	71	94	99	69
QKC	66.0	13.0	13	1
68	4	50	-2	72	20	76	26	56	17	61	25	82	4
GES	16.0	31.0	8	1
-4	42	11	28	1	20	30	28	42	41
BXQ	29.0	52.0	17	1
27	55	37	63	25	33	33	71	28	55	25	36
KFR	45.0	38.0	6	1
28	25	67	63	50	26	36	35	45	44
BDO	103.0	67.0	9	1
94	73	81	51	119	68	115	87	94	55	116	73
KOE	65.0	36.0	0	1
56	31	54	32	80	19	68	58	52	30	81	49
RXB	92.0	93.0	10	1
113	111	91	75	83	103	79	101	87	109	103	77	94	81
XXF	76.0	38.0	25	1
52	23	94	30	74	37	78	54	66	64	93	23
UZV	15.0	66.0	6	1
-8	54	18	81	23	78	-1	47	33	87	9	43	35	75
BJY	89.0	74.0	15	1
94	78	114	78	86	58	73	81	90	64	90	99	82	60
AUO	62.0	76.0	9	1
72	71	48	79	45	60	82	105	47	64	77	80	49	62	82	87
ZDI	49.0	88.0	24	1
63	94	47	78	61	94	26	87
PRL	14.0	1.0	23	1
4	-11	23	-17	-5	-7	31	23	28	5	-9	23	28	-4	18	3
BBX	47.0	33.0	25	1
41	35	41	21	51	46	41	35	67	47	43	18
