ZPX	51.0	70.0	3	1
49	91	69	85	40	73	44	50	70	76	26	49	53	82	58	59
QEV	91.0	96.0	4	1
97	82	76	87	103	112	83	112	85	68	96	111	103	100
XDQ	7.0	35.0	9	1
-10	33	15	26	19	44	4	20	11	54
JDM	63.0	25.0	1	1
60	34	82	29	53	33	57	24	65	7
JPD	19.0	-1.0	10	1
12	-9	15	-14	8	18	25	8	38	-8
YSK	36.0	26.0	6	1
39	21	30	20	22	33	25	33	45	27	56	24
YAI	39.0	72.0	9	1
30	77	60	78	44	77	46	65	21	80	60	47	15	85
GSL	89.0	20.0	10	1
76	0	102	29	93	36	80	34	83	-4	100	26
XIW	37.0	28.0	2	1
48	17	46	52	20	27	23	25	51	21
MAT	14.0	34.0	1	1
3	27	17	38	2	18	38	48	10	39
KIM	33.0	39.0	9	1
46	44	42	33	6	28	45	55	29	52	42	30	22	32
OHF	66.0	90.0	4	1
60	105	64	83	50	103	83	75	88	109	51	87	71	69
UTC	6.0	50.0	6	1
12	67	12	61	22	28	7	28	-3	46	-4	64	0	66	9	43
