RFH	79.0	86.0	13	1
88	102	78	65	71	71	65	94	95	98
BUW	48.0	50.0	9	1
41	37	46	42	50	62	41	52	54	76	58	35
WRU	23.0	6.0	3	1
29	-5	4	10	33	3	15	14	25	19	49	11	7	-4
HLZ	53.0	75.0	1	1
41	76	40	75	69	62	46	87	70	76
TCB	96.0	48.0	21	1
115	29	98	60	93	48	93	49	90	62	116	37	81	58	85	42
QFY	66.0	5.0	4	1
52	5	71	5	71	-1	80	12	57	6
XWF	68.0	4.0	12	1
48	-16	81	24	76	27	50	-21	80	18	86	-3	55	2
UVM	2.0	21.0	10	1
11	21	0	7	-7	21	-9	31	19	28
KHN	15.0	26.0	23	1
3	20	20	6	7	49	35	39	18	52	2	18	37	10	-1	16
HJD	-5.0	20.0	20	1
7	5	-14	39	-15	14	-1	24
JFI	77.0	100.0	22	1
68	105	85	97	81	81	70	111	86	109	77	102
IVE	17.0	88.0	18	1
3	102	13	76	10	67	48	105	11	93
QHD	58.0	3.0	3	1
72	9	54	2	64	-16	55	-5	36	12	69	20
ISW	94.0	18.0	21	1
84	13	71	14	101	22	71	18	109	6	108	41	118	15
IMX	18.0	38.0	20	1
27	30	10	22	10	46	10	44	36	49
KYU	93.0	0.0	23	1
72	3	114	-1	103	2	107	21	90	-16	75	-5
PVQ	43.0	31.0	13	1
28	15	55	40	63	43	36	28	37	30
WHR	50.0	51.0	22	1
56	64	32	46	36	33	73	44	57	70
QCL	33.0	39.0	3	1
27	54	19	30	32	35	26	54	51	47	32	16	48	38
GGO	28.0	23.0	4	1
14	1	42	29	7	38	23	17	54	32
EDT	96.0	10.0	4	1
100	-10	98	15	84	18	114	22	113	-7	71	27
ZEP	63.0	97.0	3	1
69	112	58	91	68	104	67	75	54	106
BBV	90.0	35.0	6	1
90	35	78	44	74	48	105	53	102	14	77	9	104	42
UOH	17.0	28.0	19	1
6	14	18	34	39	30	7	33	29	43	7	16
QUE	52.0	69.0	4	1
42	73	57	93	56	78	31	54	53	76	67	62	63	47
XDL	62.0	43.0	11	1
48	35	55	35	66	62	54	52	76	48	71	49	70	22
RCC	92.0	34.0	19	1
91	40	82	40	75	21	111	43	94	42	102	23
RFB	56.0	30.0	2	1
58	29	77	10	55	33	37	50
KQG	-7.0	62.0	9	1
-22	73	-4	51	-20	65	22	59	-13	66
KCY	-5.0	0.0	23	1
-22	3	-7	10	-18	-3	15	5	6	-14
ZCF	58.0	44.0	14	1
68	30	60	57	59	38	54	32	72	71	51	28	47	58
FVI	29.0	55.0	25	1
12	40	44	79	35	37	26	64
KKJ	100.0	55.0	6	1
106	49	111	45	95	67	110	38	95	69	95	57	93	62
IHT	44.0	49.0	22	1
36	35	45	34	28	63	47	80	66	36
