QTB	41.0	48.0	23	1
41	53	23	32	39	48	30	39	53	75	65	41
IKR	41.0	78.0	4	1
30	92	50	71	56	70	31	65	49	90	54	70	21	89
VSC	49.0	40.0	6	1
51	29	46	58	46	33	48	58	55	22
NAI	108.0	90.0	21	1
118	112	123	75	122	83	98	83	86	111	106	80
XAJ	19.0	20.0	22	1
34	38	15	15	20	13	15	13	25	8	2	20	26	36
NFI	88.0	29.0	5	1
59	26	83	15	107	34	104	41
LHX	98.0	-5.0	5	1
105	-15	86	9	118	1	91	1	89	-17	101	-12
WTF	43.0	89.0	15	1
51	84	57	94	29	104	32	76	48	90
CBF	94.0	65.0	7	1
72	80	83	72	93	86	97	52	108	72	111	49	99	44
GDW	90.0	26.0	7	1
88	24	103	44	97	27	69	23	101	28	71	16	106	24
OIO	59.0	43.0	10	1
63	13	59	55	67	55	44	56	62	37	59	46
TKH	84.0	76.0	12	1
99	65	88	82	74	62	100	76	53	97	83	91	94	63
MFE	20.0	112.0	5	1
13	117	15	101	6	116	41	115	26	114
BYR	38.0	11.0	10	1
44	15	25	17	32	26	36	-17	56	15
SNT	39.0	5.0	9	1
35	0	48	23	31	24	43	-10	41	-9
UOT	14.0	101.0	5	1
2	116	7	100	30	106	14	76	33	94	-1	116
RYY	42.0	46.0	15	1
49	58	46	44	64	26	30	47	25	57
VQF	76.0	14.0	12	1
54	0	74	27	84	17	89	19	81	10
HQS	45.0	59.0	18	1
34	64	27	48	54	80	38	79	49	45	69	40
UBP	81.0	4.0	12	1
101	9	87	-9	72	-4	80	31	86	-7	61	6
HMB	73.0	74.0	1	1
88	78	73	72	72	64	64	90	88	73	58	67
DBN	11.0	34.0	11	1
26	33	2	23	17	27	21	22	19	45	-2	67	-1	24
DFX	21.0	90.0	12	1
9	66	38	75	28	104	2	107	16	97	38	91
GGU	87.0	55.0	4	1
70	40	96	42	103	75	70	56	99	64
OJQ	62.0	8.0	3	1
57	2	75	26	61	-13	50	21	70	16	68	5	45	-2	71	12
XYZ	71.0	4.0	4	1
83	-17	60	22	57	-13	72	9	59	18	95	8
JUN	35.0	23.0	23	1
29	19	43	47	34	20	33	23	46	17	28	15
JAS	48.0	33.0	24	1
64	30	53	32	36	31	54	30	52	34	61	41	20	38
EDE	13.0	4.0	0	1
20	-11	7	7	8	-14	22	5	19	22	6	20
XGB	41.0	20.0	21	1
65	6	40	30	25	29	19	40	60	14	44	31	37	-4
XHB	97.0	66.0	5	1
87	62	83	63	86	72	105	60	92	79	120	51	115	88	89	58
VZV	88.0	78.0	9	1
84	80	84	78	116	82	72	102	106	59	87	69	78	85	83	69
TBO	27.0	11.0	2	1
52	6	8	-1	41	18	19	-3	19	26	18	0	33	33
ADY	31.0	34.0	15	1
42	37	45	41	5	23	45	15	37	43	10	55	37	30
QZR	14.0	87.0	20	1
14	99	31	82	4	108	31	74	-10	75
RDD	17.0	97.0	17	1
0	92	27	79	37	105	19	98	5	112
