WVG	103.0	73.0	3	1
116	49	103	55	118	86	74	91	83	87	117	55	110	91
OVH	61.0	38.0	5	1
63	30	41	16	66	25	61	57	78	63
FUE	11.0	80.0	4	1
5	96	19	77	25	79	14	73	3	73	1	78	16	90
AQU	39.0	24.0	3	1
32	30	33	2	68	24	25	43
BYK	43.0	51.0	1	1
30	46	59	71	27	49	52	65	60	40	34	40
RCR	34.0	48.0	7	1
34	60	56	38	22	61	13	31	36	53	46	28	36	65
PTG	11.0	13.0	3	1
1	12	5	28	9	8	-9	0	37	30	24	1
OPW	93.0	65.0	7	1
93	63	104	82	86	70	100	58	70	60	106	59
VTY	44.0	63.0	1	1
32	41	63	65	64	82	28	44	43	73	39	84	48	65	41	52
JYP	44.0	4.0	9	1
61	-11	18	26	41	-3	57	1	43	18	49	-7
FWG	65.0	79.0	3	1
31	78	78	79	62	59	75	91	79	89
VGM	61.0	62.0	8	1
58	75	49	79	67	44	48	56	75	76	49	45	85	63
OBN	95.0	12.0	6	1
81	12	95	26	115	25	90	-14
QHL	76.0	25.0	1	1
88	28	79	44	49	18	95	14	62	49	67	5	97	22
ZWZ	61.0	9.0	2	1
46	27	46	-10	45	14	77	6	93	12
XUA	0.0	21.0	2	1
27	17	-15	32	-10	28	-16	17	13	12
CHF	29.0	46.0	4	1
30	57	47	56	16	57	38	17	18	59	44	52	12	26
UKM	69.0	49.0	5	1
42	55	65	35	69	56	75	70	74	40	81	50	83	38
JZL	12.0	68.0	1	1
-12	64	13	86	3	83	19	65	32	58	22	55
HNT	36.0	101.0	2	1
37	120	29	111	22	95	37	81	54	92	54	87	37	119	21	108
LWS	21.0	11.0	7	1
10	23	9	-5	33	21	22	6	34	13
PNC	34.0	95.0	7	1
37	89	26	106	49	101	48	87	11	96
PCZ	47.0	-1.0	0	1
61	22	66	-11	49	1	35	1	35	-3	27	4	38	-18	70	-6
BNR	7.0	71.0	4	1
-8	58	24	78	16	70	18	85	-24	73	18	63
XUW	73.0	78.0	1	1
60	65	52	82	96	87	75	95	57	80	79	52	96	89
THY	67.0	30.0	9	1
64	32	81	20	73	41	71	35	73	42	40	13
LOE	43.0	88.0	1	1
39	99	51	82	52	88	31	83
XJT	33.0	75.0	9	1
24	97	45	83	39	81	28	95	16	53	26	81	41	52	48	65
QHF	5.0	31.0	3	1
20	49	6	11	11	20	-9	46	9	16	-3	48
