HKN	85.0	38.0	3	1
99	38	83	27	93	52	58	53	92	43	99	6	76	52
LQQ	-4.0	6.0	9	1
-14	10	4	2	-12	13	6	1
GMN	15.0	87.0	3	1
29	93	21	71	14	69	6	87	20	90	5	101	11	102
WUI	12.0	21.0	0	1
38	1	17	48	-5	9	12	9	18	0	5	24	9	33	5	45
EDA	86.0	46.0	10	1
73	54	94	59	63	32	93	67	89	26	91	35	100	51
KZP	17.0	104.0	9	1
36	115	11	112	8	93	15	98
AHB	16.0	80.0	7	1
36	66	35	71	11	100	10	66	0	108	8	73
EYA	41.0	16.0	2	1
46	24	47	33	62	11	36	26	21	9	35	-5
RHW	-3.0	64.0	6	1
-17	56	2	82	-13	45	18	76	-5	65
UXV	37.0	87.0	9	1
29	84	33	107	39	92	50	67	38	87
NQH	31.0	25.0	6	1
31	28	52	37	7	39	20	34	40	6	36	8
MEZ	85.0	53.0	4	1
81	67	73	53	71	69	107	33	93	55	96	72	86	48	76	34
ZVB	38.0	4.0	2	1
44	-1	23	-4	55	15	50	12	18	-3	39	10	41	1
WJN	57.0	97.0	10	1
55	90	51	100	56	81	66	111	51	92	66	113
AYF	78.0	100.0	10	1
89	114	70	103	77	112	67	106	62	89	96	90	89	90
NLD	78.0	69.0	1	1
90	52	81	84	54	64	70	79	97	70
LGE	93.0	23.0	1	1
112	15	72	18	113	42	93	21	80	13	88	34
RTG	52.0	23.0	5	1
53	4	44	30	70	30	41	28	67	-2	34	36	36	31	76	34
QJQ	58.0	71.0	4	1
72	89	61	62	64	85	42	79	71	56	43	59
YLB	99.0	86.0	1	1
86	87	100	94	96	70	122	91	90	80	102	95
ZMS	9.0	73.0	4	1
21	60	31	68	30	72	-12	101	-3	74	-11	61	13	77
EKT	29.0	70.0	8	1
19	96	4	68	41	82	48	70	47	55	30	67	16	57
KOU	90.0	85.0	1	1
76	76	115	92	78	88	96	76	108	92	78	106	80	69
EBK	59.0	38.0	2	1
44	24	41	50	77	16	70	35	77	44	48	49	58	51
JLC	92.0	69.0	1	1
113	64	98	76	75	67	87	81	88	58
RDV	53.0	70.0	2	1
63	75	38	81	63	54	49	59	37	97	70	54
KDY	69.0	29.0	5	1
68	14	51	56	85	49	74	21	49	23	74	13	76	28	78	30
SUA	39.0	64.0	3	1
67	81	26	79	41	39	50	65	25	54	40	65	25	71
OPA	84.0	22.0	1	1
92	43	92	21	67	5	95	41	75	3
TCW	13.0	33.0	6	1
12	14	13	43	36	31	3	41	-10	54	26	15
SMG	68.0	22.0	3	1
69	35	78	21	52	24	48	41	77	22	69	10	87	3
YPR	64.0	14.0	9	1
74	29	54	28	58	-9	52	0	82	26
WYR	20.0	11.0	4	1
36	21	1	-4	-4	-14	38	24	29	28	21	12
UOK	6.0	53.0	7	1
2	43	3	49	23	71	-1	73	-13	49	23	34
QIA	44.0	50.0	5	1
50	33	59	33	27	61	57	69	56	42	44	62	21	53
MWW	24.0	46.0	2	1
10	60	27	59	22	45	20	26	41	44
GTF	112.0	43.0	6	1
121	61	94	48	118	27	114	27	116	58	113	32	109	48
CYW	80.0	36.0	7	1
60	32	84	50	78	21	93	32	69	28	97	55
QJJ	78.0	62.0	0	1
68	60	95	55	103	75	75	58	65	50	64	78
