FSS	47.0	22.0	6	1
61	35	40	-3	41	14	42	32	56	42	45	12
BPL	44.0	71.0	9	1
49	66	51	72	54	73	32	68	52	79	31	72
FBA	29.0	16.0	8	1
16	26	32	17	26	38	55	22	48	-1	15	-1	16	17
UCO	103.0	64.0	0	1
115	65	105	40	83	73	86	48	121	75	112	75	102	76
GTG	43.0	0.0	7	1
24	5	63	-15	25	-1	48	6	56	-6	47	7
GKH	46.0	80.0	3	1
48	85	35	87	45	59	46	88	60	84
KDO	56.0	81.0	8	1
70	78	57	65	28	87	57	88	70	88
CSK	16.0	43.0	6	1
30	25	-6	48	34	60	8	40
EWG	79.0	32.0	2	1
95	44	81	25	77	27	64	33
ZLG	33.0	46.0	3	1
28	40	36	67	56	34	17	35	17	51	51	57	33	47	30	38
WYT	27.0	15.0	1	1
43	17	32	2	42	6	1	-2	21	39	23	28
KZX	77.0	8.0	4	1
74	-5	71	29	60	-1	104	13	68	-15	90	27
FMO	2.0	71.0	3	1
31	72	1	82	-12	90	5	70	-5	57	1	72	-3	66	1	61
SFN	38.0	38.0	3	1
30	57	36	22	29	44	33	39	55	53	48	29	31	48	47	19
SHS	59.0	84.0	5	1
64	73	61	99	57	77	48	89	66	71	63	95
XRH	46.0	40.0	4	1
50	13	52	59	43	46	46	49	44	41	47	27	44	46
FAL	66.0	92.0	8	1
56	100	72	83	65	91	72	96
BRI	76.0	9.0	7	1
82	9	91	-2	70	7	63	22
BXT	61.0	16.0	7	1
63	27	59	12	62	-3	79	30	68	12	37	20
SEY	0.0	72.0	10	1
5	57	-3	47	-11	92	16	57	-12	73	0	93	5	85
GLM	6.0	51.0	8	1
19	43	2	24	3	60	-9	70	-10	69	17	42	25	49
TQL	79.0	73.0	4	1
72	68	83	67	80	98	88	76	94	70	73	81	64	53
OHD	28.0	31.0	5	1
30	12	30	25	9	39	43	42	32	40
EHK	82.0	84.0	5	1
69	65	82	100	70	92	113	99	78	65
ZJT	48.0	16.0	7	1
22	28	59	3	34	30	53	16	56	13	53	-1	63	27
WAH	41.0	13.0	2	1
47	19	28	19	30	17	57	26	40	-11	47	11
BXR	81.0	54.0	1	1
88	32	104	67	61	70	59	62	102	37	72	59
CVI	12.0	16.0	7	1
29	-3	8	14	19	14	-10	34	16	23
QKC	92.0	17.0	8	1
92	31	76	3	77	32	111	24	108	-2
UVQ	86.0	72.0	6	1
81	96	98	63	81	87	79	61	112	54	65	76
QDI	15.0	97.0	10	1
-4	117	33	95	26	91	11	84	9	102
LYT	97.0	83.0	1	1
75	69	109	82	99	92	99	90	91	94	113	73
ASO	88.0	26.0	5	1
109	21	96	19	107	49	96	31	79	21	73	22	83	27	67	22
CPO	7.0	33.0	3	1
20	34	-19	38	23	35	6	25
KKE	68.0	47.0	10	1
67	34	88	40	51	56	66	59
EMU	70.0	69.0	1	1
93	79	70	61	69	63	57	83	54	67	80	61
TYW	7.0	67.0	7	1
-11	79	6	70	11	75	3	75	29	40
OXA	75.0	98.0	7	1
95	103	73	112	81	89	79	111	74	96	55	112	70	65
ERM	70.0	86.0	3	1
78	69	71	88	65	77	55	77	70	102	84	107
BVM	13.0	52.0	6	1
30	59	-8	54	-2	32	28	61	17	57
JRJ	15.0	22.0	9	1
11	27	-7	38	27	1	16	20	32	27
QDD	25.0	84.0	9	1
32	66	18	75	25	88	46	99	16	105	10	89	31	69
JKH	73.0	95.0	3	1
62	86	60	117	82	96	90	98	49	113	95	88	61	70	89	93
