STV	60.0	30.0	25	1
37	24	74	36	63	45	50	26	80	20
DME	50.0	79.0	17	1
64	68	54	88	52	97	30	64
WGB	58.0	2.0	20	1
73	16	74	23	65	-5	50	-13	30	-7
KXO	68.0	100.0	8	1
78	105	82	99	65	119	59	77	60	100
JVP	50.0	56.0	12	1
40	41	42	38	66	73	66	62	55	76	36	49
CFP	42.0	84.0	19	1
34	90	53	78	50	97	48	102	33	78	58	69	29	87	38	76
QBQ	24.0	5.0	0	1
7	6	19	-15	7	18	42	24	46	-7
LOC	86.0	28.0	3	1
86	49	103	15	83	39	93	11	69	28
FIK	40.0	8.0	2	1
29	24	55	10	39	4	28	-19	52	22
JZZ	68.0	18.0	17	1
64	6	50	41	77	7	52	9	75	3	78	3	75	35	74	45
