JOP	82.0	84.0	16	1
78	69	96	88	72	86	86	109	81	69
QFT	59.0	17.0	24	1
66	11	60	28	83	7	55	35	58	11	52	24	43	9
CUH	7.0	4.0	21	1
-8	14	15	-11	18	-14	29	-13	6	28	2	16	-10	10
YHB	43.0	101.0	1	1
33	76	32	119	29	94	31	97	45	104	73	117	41	99	60	103
XAA	7.0	105.0	15	1
21	77	-20	110	14	103	22	118	-2	117
BTP	72.0	71.0	24	1
84	64	84	73	62	75	83	83	66	56	55	78
VRD	25.0	93.0	20	1
14	107	33	87	8	76	13	95	37	113	48	80
JNP	10.0	22.0	21	1
9	36	6	14	24	35	4	1	21	26	1	22
MUQ	54.0	85.0	22	1
45	79	69	81	54	81	66	79	40	105
HBO	37.0	34.0	5	1
27	25	45	52	54	30	36	17	26	49
HDY	92.0	66.0	3	1
105	58	90	57	98	72	81	79	101	70	80	64
PCQ	1.0	64.0	16	1
-17	83	13	78	-10	52	-4	58	5	45	0	48	24	85
UUB	30.0	44.0	2	1
45	54	51	23	25	47	12	40	17	59
MHP	58.0	7.0	20	1
81	-10	47	2	47	24	52	24	65	-18	59	23
EAA	43.0	63.0	7	1
45	41	64	76	32	69	31	67
KTN	56.0	100.0	7	1
66	113	47	112	63	110	41	112	58	66	72	105	45	83
ERV	87.0	0.0	17	1
93	-10	99	13	72	1	81	-7	94	7
UON	53.0	48.0	13	1
60	69	47	54	56	29	44	51	62	38
QRX	60.0	65.0	4	1
58	68	49	62	86	44	50	72	44	75	76	72
YBF	31.0	83.0	12	1
17	83	52	76	20	96	23	82	44	78
DCX	14.0	36.0	12	1
6	60	34	19	15	51	3	33	15	20
IUF	64.0	36.0	3	1
47	25	59	49	64	19	70	47	64	24	67	30	81	61
NFL	9.0	62.0	19	1
-6	70	12	67	0	63	33	50
