XNH	95.0	66.0	6	1
110	62	76	66	101	79	104	44	87	83
SQS	33.0	44.0	5	1
26	49	56	53	29	58	23	18
XWU	-1.0	67.0	1	1
-2	77	17	76	-22	47	-4	66	-18	60	20	80
YHC	83.0	45.0	23	1
75	64	79	33	108	38	67	34	65	62	106	44
HPW	80.0	13.0	11	1
104	-2	86	28	101	19	56	23	87	-15	59	18	67	23
GMM	78.0	22.0	8	1
91	35	85	0	75	9	65	36	77	30	67	24	88	21
NMB	95.0	37.0	20	1
96	37	95	50	76	52	108	33	82	14	111	50	103	25
NXL	1.0	57.0	22	1
16	57	-5	62	21	50	1	74	-14	46	-9	55
YLU	45.0	13.0	16	1
62	32	49	1	60	6	36	20	22	10
RZY	-1.0	74.0	10	1
8	86	0	95	-12	64	1	95	6	75	-21	56	23	71	-15	54
DMP	32.0	21.0	7	1
31	17	41	49	36	12	22	9
CWG	50.0	83.0	22	1
55	70	61	73	58	76	36	85	55	94	52	102	35	82
ACY	76.0	75.0	12	1
89	92	64	89	70	64	80	69	89	81	92	82	50	51
YPR	53.0	50.0	23	1
77	49	58	28	52	60	76	57	32	24	32	61	41	59	56	63
LNF	0.0	16.0	15	1
12	32	-2	7	13	12	-7	6	-13	18	19	42	-20	0
IHS	76.0	52.0	3	1
87	39	81	61	73	61	65	60	62	60	84	42	84	43
OGI	5.0	42.0	3	1
6	37	5	52	5	38	7	43
GLQ	101.0	37.0	16	1
105	44	106	52	92	11	109	50	93	31
SGP	28.0	32.0	11	1
47	17	39	48	10	24	45	16	38	35	20	46	3	42
RLP	55.0	59.0	8	1
45	47	53	67	64	84	60	77	66	49	65	44	53	43	35	64
MFQ	10.0	46.0	16	1
21	54	0	61	-6	32	4	43	32	42
RDO	18.0	51.0	16	1
14	29	33	66	40	53	7	57	-3	52
VGE	45.0	32.0	10	1
43	21	42	38	59	24	46	34	39	43
SEE	0.0	6.0	20	1
19	-7	-7	22	-12	10	1	-1
ISI	90.0	41.0	21	1
103	30	92	47	73	48	65	57	98	45	92	44	112	20
IMO	14.0	48.0	4	1
35	58	8	51	21	51	-5	32
RCS	62.0	65.0	6	1
44	44	89	70	77	82	57	86	56	79	47	45	78	65	51	51
RQR	75.0	92.0	4	1
83	114	77	76	71	91	63	75	86	91	70	108
BNM	46.0	57.0	5	1
39	69	63	69	33	38	30	54	59	48	51	53	58	80	42	47
CPP	15.0	49.0	5	1
15	40	-11	41	28	57	28	70	16	41
QCP	44.0	87.0	3	1
39	86	45	91	38	99	35	59	67	102
NPD	8.0	37.0	7	1
10	50	18	45	9	36	-6	53	16	11	2	31
IBX	88.0	40.0	3	1
85	41	105	51	101	19	80	54	76	39	107	51	79	35	75	37
MVG	86.0	82.0	11	1
79	72	68	77	74	65	109	99	85	95	105	85
ROR	82.0	85.0	11	1
87	78	100	93	86	72	67	74	83	97	101	88	69	70	68	110
JYZ	25.0	0.0	16	1
33	4	17	-3	15	-16	30	9	30	6
JSE	40.0	75.0	15	1
61	56	34	66	41	102	29	56	46	69	31	102
AWS	72.0	23.0	21	1
87	6	63	32	62	44	79	12
LZE	24.0	60.0	7	1
26	61	33	49	21	59	11	75	27	41	26	77
NTV	55.0	38.0	13	1
55	47	67	18	40	25	50	51	65	46	63	40	48	43
