MZQ	21.0	64.0	1	1
33	60	23	64	25	82	16	55	8	63
SLN	32.0	-5.0	0	1
41	-19	43	-18	25	16	26	2	27	-9
SZD	68.0	57.0	6	1
87	31	68	71	73	63	54	53	62	69
AXG	56.0	10.0	1	1
58	-9	70	30	34	9	50	9	70	13
TPH	4.0	26.0	13	1
3	18	-2	2	20	48	-5	27	8	36
RDD	59.0	84.0	9	1
54	101	49	65	58	91	46	74	50	96	76	59	71	103	72	88
WTC	76.0	38.0	7	1
71	37	91	43	75	53	69	42	75	19
BCR	13.0	26.0	19	1
-1	45	0	35	4	29	32	15	34	6
OIT	51.0	27.0	2	1
60	6	68	34	35	39	58	21	48	18	41	44
CDM	80.0	65.0	21	1
61	83	86	68	84	58	79	69	92	49
KNH	5.0	84.0	3	1
29	92	-15	103	16	90	-1	81	18	79	-4	67	-8	103	5	63
MIO	9.0	60.0	22	1
-19	44	9	66	25	80	9	59	24	48	11	63
NMV	98.0	54.0	9	1
110	66	78	36	115	68	106	41	81	62
KLK	7.0	93.0	1	1
18	91	-1	104	-3	87	17	77	19	101	-18	101	0	95	24	93
KWZ	53.0	26.0	13	1
46	42	62	12	40	54	48	16	83	14	41	20
KSJ	73.0	8.0	23	1
65	20	93	31	65	-8	77	-11	63	30	77	-13
XRV	87.0	57.0	6	1
88	74	95	56	90	53	91	37	69	48	94	77
GPS	47.0	35.0	16	1
57	28	36	51	36	38	70	26	40	33
FOS	46.0	34.0	14	1
40	30	33	48	79	28	32	30
GXJ	40.0	82.0	15	1
28	88	49	83	33	62	56	71	30	91	40	92	50	89
MGG	40.0	-7.0	22	1
53	-16	33	-16	28	-3	41	-13	49	11
FRD	98.0	68.0	5	1
103	94	99	54	109	88	92	47	88	61
KLQ	30.0	92.0	14	1
43	110	39	90	18	90	14	90	37	80
KQC	23.0	8.0	4	1
35	17	2	7	44	-10	28	8	19	8	21	19	14	10
PPA	20.0	1.0	6	1
21	-22	18	21	39	7	14	-4	10	4
VCJ	10.0	69.0	19	1
2	53	0	92	4	81	34	72	2	62	-6	75	36	53
TJC	6.0	24.0	8	1
-9	32	8	27	-18	22	28	14	-7	37	22	16	21	25
PXL	69.0	54.0	4	1
62	69	67	34	80	64	88	43	64	58	65	42	60	72
NWM	41.0	-8.0	13	1
34	-8	54	-11	24	5	31	-16	58	-11	59	-6	28	-10
GNS	60.0	47.0	4	1
50	40	48	52	77	36	65	57	49	61	80	44	51	43
PXG	82.0	28.0	24	1
110	19	70	54	79	25	72	17
XTP	77.0	38.0	20	1
81	26	89	50	85	43	53	35
EOC	107.0	66.0	4	1
105	57	110	72	104	54	113	78	98	82	114	55
AVG	6.0	52.0	18	1
2	62	1	64	2	53	8	49	8	61	16	25
HKW	103.0	50.0	0	1
99	53	86	65	120	38	96	57	102	44	116	44
OPG	68.0	47.0	4	1
78	60	52	55	84	13	87	56	43	51
TEL	91.0	25.0	19	1
71	2	84	40	90	26	109	35	94	13	98	37
AFF	82.0	-12.0	1	1
66	-20	63	-22	80	-24	71	4	83	6	101	-23	100	-6	96	-18
DZY	77.0	39.0	2	1
91	18	73	25	76	21	75	55	77	56	93	45	58	59
TVY	24.0	42.0	12	1
24	38	46	31	3	33	34	54	41	44	7	44	13	55
UPC	14.0	65.0	0	1
23	77	12	66	26	54	1	64	10	61	15	70
IYH	41.0	96.0	2	1
44	100	41	79	43	108	44	100	38	110	40	83
VVF	43.0	42.0	21	1
68	36	26	57	52	29	28	31	39	50	63	60	29	36
ZKK	37.0	87.0	10	1
31	80	39	71	34	96	56	87	41	102	25	106	37	69
YTH	86.0	-1.0	14	1
104	27	93	-14	93	-5	77	-4	66	-11	83	0
