QNV	90.0	94.0	5	1
106	97	74	109	95	101	76	71	80	90	114	101
RPD	60.0	66.0	24	1
64	71	60	42	77	75	49	64	50	78
QKQ	8.0	25.0	18	1
-3	16	-1	43	23	10	25	36	-4	23
RCY	20.0	103.0	19	1
21	102	10	89	18	108	20	112	31	112	12	81	32	117
BNI	91.0	43.0	17	1
89	52	74	40	98	50	103	32
GXF	82.0	65.0	5	1
67	86	77	45	104	79	76	64	97	65	59	65	94	54
XND	36.0	69.0	21	1
15	86	48	56	47	59	34	87	15	70	57	61
ZNC	11.0	69.0	4	1
-14	61	-1	80	-7	73	34	58	31	82	22	85	12	49
SEZ	68.0	11.0	18	1
89	11	55	25	69	16	44	8	84	-3
IUX	62.0	58.0	21	1
83	67	53	52	60	53	77	74	84	68	39	35	39	61
TVG	0.0	83.0	12	1
13	100	-12	53	-18	88	9	77	5	98
KWC	83.0	80.0	8	1
111	64	72	64	91	75	68	102	82	100	79	78
NNP	89.0	63.0	7	1
79	89	101	44	97	46	81	76
YQA	76.0	61.0	9	1
58	73	86	89	80	53	68	57	84	53	80	46
MEW	99.0	57.0	17	1
99	73	82	64	121	71	77	58	114	39	106	38
MZM	94.0	52.0	0	1
98	72	98	63	73	33	110	62	93	33
XNC	55.0	77.0	10	1
43	61	40	59	62	87	67	91	44	106	66	59	56	67	64	89
FOP	13.0	21.0	11	1
19	30	-9	27	-5	16	23	20	37	12
SQP	40.0	56.0	24	1
59	57	29	63	64	63	21	64	27	35
