NDN	2.0	20.0	0	1
-2	26	9	15	4	36	-7	12	-14	-5	24	30	4	29
ACC	71.0	91.0	9	1
89	80	70	103	53	86	73	95
QBM	36.0	0.0	3	1
49	17	41	20	52	-2	13	-18	50	-15	14	3
NHQ	76.0	16.0	7	1
94	22	77	34	81	2	65	14	69	1	70	27
LAY	74.0	59.0	4	1
75	49	85	52	83	70	59	63	71	55	72	68
XAF	33.0	88.0	9	1
44	94	19	64	26	105	39	100	26	65	45	101
NCA	65.0	3.0	6	1
59	16	46	-17	55	17	90	9	81	20	53	-3	77	-18
AOO	73.0	29.0	1	1
67	12	72	51	91	16	65	37
KRJ	23.0	21.0	6	1
20	33	27	33	24	41	24	16	21	4	27	2
YVW	33.0	34.0	3	1
39	40	43	33	19	49	50	7	15	43
NUJ	7.0	69.0	1	1
24	62	8	62	-3	86	19	60	-11	77
YEI	13.0	23.0	1	1
20	10	27	50	4	38	-4	6	12	6	22	33
ISA	25.0	20.0	7	1
10	45	43	12	27	7	43	37	2	3
NAS	39.0	51.0	8	1
56	64	23	36	26	31	29	49	61	69	44	60
RZQ	37.0	96.0	1	1
47	100	33	96	38	93	37	71	17	112	55	108
WZW	88.0	9.0	5	1
90	-22	75	23	80	9	78	23	100	22	93	-13	102	24
IED	80.0	76.0	2	1
72	66	101	68	63	92	102	79	77	65	98	96	76	76	57	67
