BGC	31.0	50.0	19	1
26	47	41	36	30	64	46	67	13	36
NFE	27.0	3.0	22	1
39	-5	51	-1	16	-6	40	21	5	-1	33	9	31	-11	8	21
NWO	18.0	5.0	12	1
27	0	21	7	17	5	28	12	1	3
WOP	55.0	10.0	7	1
80	26	53	16	44	3	75	-16	40	3	42	30
WWE	36.0	84.0	8	1
49	76	49	93	47	93	16	69	19	93
TCJ	59.0	1.0	9	1
62	8	61	23	58	-4	51	3	67	-3	56	-16
BDX	96.0	79.0	2	1
102	80	79	73	108	75	80	95	121	92	100	75	87	69
ORF	-2.0	28.0	13	1
17	51	-8	31	-6	7	-17	12	3	29	-16	46	13	24
PLE	26.0	8.0	7	1
41	5	53	10	14	-8	11	27	20	17	17	7	28	0
RGN	4.0	14.0	25	1
9	29	11	15	-12	13	14	18	17	15	-14	-5
QIJ	-4.0	23.0	3	1
7	6	-18	40	-20	4	3	28	-18	31	21	34
UXK	41.0	85.0	13	1
24	61	38	83	70	100	51	103	38	86	27	79
OIE	-7.0	19.0	5	1
5	42	-14	9	-12	31	-5	5	-10	11
OFW	91.0	41.0	16	1
106	28	108	26	76	47	78	34	81	46	76	49	101	60	106	40
YJH	88.0	83.0	12	1
102	71	77	85	93	88	78	83	81	89	97	83
LRT	78.0	71.0	22	1
78	87	80	80	83	55	76	82	76	54
FJY	58.0	38.0	11	1
76	33	41	42	79	52	62	20	75	24	41	36	32	63
