LWG	0.0	46.0	7	1
10	58	-4	45	-2	60	8	60	-7	28	-2	40	-4	36
EVH	52.0	27.0	9	1
59	12	69	36	36	19	67	49	23	47	59	15	53	12
PGW	83.0	80.0	3	1
94	65	90	95	79	93	73	73	72	67	71	99	107	70
LJR	77.0	53.0	7	1
80	47	87	70	81	57	62	41
VUO	6.0	76.0	7	1
13	97	-5	54	-2	64	10	97	-4	64	27	82
JDH	65.0	61.0	6	1
52	62	75	51	63	77	73	71	56	50	71	55
LDO	59.0	3.0	6	1
38	1	71	-8	74	10	69	20	44	-8
CYB	54.0	76.0	5	1
58	53	45	89	71	90	44	72
DYR	68.0	57.0	0	1
55	51	87	65	61	49	87	57	45	77	68	51	77	49
BEK	85.0	92.0	9	1
99	89	75	108	79	89	70	84	111	78	80	104
QNV	38.0	51.0	8	1
23	56	26	41	46	61	59	54	30	41	45	53
ANL	23.0	-8.0	5	1
43	-3	22	-14	44	-22	2	-4	8	2
QOP	30.0	34.0	6	1
47	47	40	25	11	41	33	24	23	17	23	56	41	44	24	25
ZXI	45.0	24.0	7	1
66	32	28	23	66	2	43	17	23	47
JGI	65.0	4.0	2	1
74	11	84	22	58	13	53	-6	63	-7	63	-9
HVH	26.0	18.0	7	1
21	11	14	26	28	13	39	34	3	0	43	10	35	38
KWT	47.0	93.0	4	1
31	120	59	80	40	98	68	77	52	114	41	86	57	74	35	98
WAC	66.0	9.0	8	1
78	13	54	13	57	0	69	4	72	3	71	21
STR	52.0	18.0	1	1
62	34	34	30	54	9	58	-1
JOY	78.0	80.0	7	1
94	99	82	100	55	63	64	63	62	100	99	59	93	81
WEW	91.0	50.0	9	1
96	59	95	40	98	54	69	45	100	54
LVW	54.0	36.0	6	1
72	45	67	22	34	26	63	56	35	32
WID	42.0	90.0	4	1
47	77	50	82	29	98	26	99	44	116	59	68
ZXQ	32.0	6.0	4	1
47	12	37	8	46	5	22	-10	12	15
WSQ	48.0	43.0	5	1
52	44	64	50	36	41	34	65	74	40	30	22
KEZ	62.0	11.0	5	1
55	14	52	16	69	14	72	0
ZNR	17.0	112.0	4	1
26	98	15	118	22	103	40	124	2	104	-1	121	20	116
KML	28.0	3.0	4	1
36	-10	31	20	47	-1	5	11	24	-1
TQR	48.0	7.0	4	1
55	13	47	-10	56	-11	35	22	51	24
QEL	77.0	83.0	7	1
71	74	70	93	88	82	62	95	80	89	93	70
VDR	7.0	15.0	4	1
1	1	17	27	15	14	-11	16	14	35	10	18	9	-5
CJI	78.0	81.0	8	1
70	83	86	72	79	99	84	80	68	69	97	93	77	81	63	75
ZCK	36.0	-4.0	0	1
8	-14	30	-1	54	-7	40	24	52	-22
QJE	36.0	16.0	7	1
56	25	17	23	53	9	36	32	18	-9
MDL	81.0	48.0	3	1
76	58	74	40	73	40	105	34	72	72	92	55	75	43
OYK	73.0	54.0	1	1
73	37	91	67	53	68	68	44	82	55
LLE	79.0	36.0	6	1
83	51	82	48	61	16	75	35	73	32	100	24	80	48
AFG	10.0	18.0	3	1
21	40	17	20	34	15	-12	1	-10	33	13	3
QCF	41.0	81.0	10	1
41	94	51	82	24	99	37	62	52	69
DMO	56.0	14.0	4	1
58	35	57	-3	52	9	60	16
JFH	41.0	-3.0	7	1
27	-6	62	12	36	-8	54	-12	21	-1	32	-6	57	-1
ISR	45.0	13.0	7	1
60	11	67	32	45	0	57	30	28	13	35	-5	23	10
