OZD	35.0	12.0	2	1
28	0	36	0	44	26	33	7	27	29	25	5	42	6	45	24
NDG	55.0	89.0	3	1
55	67	38	85	82	110	41	88	85	105	40	99	38	89	63	71
XPB	83.0	46.0	3	1
87	37	98	43	56	48	96	52	78	51
CTC	6.0	61.0	13	1
-18	90	27	49	2	59	16	47
WGO	38.0	54.0	2	1
42	74	40	37	38	64	25	75	27	34	59	58	40	53	39	39
DLX	60.0	28.0	24	1
66	37	75	39	40	-2	57	29	45	39	80	29
ZTL	4.0	25.0	24	1
-11	-2	-13	40	21	17	23	44	-9	27	10	43	10	9
PEN	25.0	90.0	21	1
17	79	32	80	34	75	18	97	31	82	28	106	18	112
MMJ	56.0	-5.0	14	1
60	9	68	-19	61	-11	52	-20	41	14
HBR	25.0	65.0	11	1
28	72	8	56	35	82	30	51
FVW	66.0	5.0	8	1
93	-10	67	1	57	21	57	13	71	15	54	-8
