BCO	29.0	43.0	16	1
19	34	36	51	24	54	24	41	30	24	48	46	12	43	42	58
DZZ	93.0	73.0	4	1
104	47	101	81	96	87	73	83	90	46	82	88	105	84
VPH	91.0	79.0	0	1
80	88	101	93	75	63	103	75	97	79
BFR	69.0	31.0	11	1
67	22	60	30	61	22	83	23	58	53	87	38
JUO	-1.0	98.0	5	1
-14	93	22	79	-9	86	-5	105	5	102	-14	106	4	115
GVF	35.0	84.0	24	1
25	94	49	83	36	67	50	104	48	91	8	89	35	63
SYR	19.0	79.0	11	1
19	70	22	91	1	91	34	67
QXE	77.0	89.0	12	1
96	92	56	96	90	88	66	73	91	106	64	81
VZP	10.0	14.0	22	1
23	17	33	18	11	0	-6	43	-8	-4	-11	17	31	9
CDE	47.0	59.0	20	1
61	75	35	60	39	53	57	73	38	46	57	57	44	73	46	42
HAL	36.0	21.0	10	1
45	20	29	2	27	32	44	7	53	24	21	43
ULY	94.0	43.0	11	1
87	32	80	32	104	35	105	74
YKM	32.0	99.0	2	1
9	113	45	75	50	111	32	102	39	104	10	106	42	86
FVC	60.0	55.0	23	1
58	60	61	44	60	52	53	51	70	68
