HDZ	93.0	82.0	19	1
110	92	107	87	72	99	79	72	89	93	85	80	102	67	103	67
MSP	32.0	18.0	3	1
49	23	50	3	32	27	26	13	2	28	34	16
DQO	37.0	31.0	5	1
23	23	58	40	13	14	57	40	17	35	49	48	43	18
HEX	90.0	65.0	6	1
104	58	78	43	80	56	70	80	105	60	105	73	70	83	115	67
KUT	51.0	29.0	11	1
49	38	67	39	59	33	66	13	33	46	37	13	51	23
XTR	50.0	24.0	21	1
62	20	68	33	67	5	36	33	21	32
TTE	4.0	70.0	18	1
-8	73	-11	70	30	43	11	83	8	69	-4	84
XAB	60.0	93.0	19	1
48	92	45	123	54	77	65	121	61	83	82	81	71	79
TIU	99.0	61.0	0	1
84	59	89	61	107	41	105	81	106	48	103	59	102	81
HZW	87.0	51.0	2	1
112	69	89	73	72	37	82	67	100	25	72	36
CUV	14.0	76.0	1	1
21	72	20	78	21	76	-13	80	25	75
UUZ	46.0	3.0	8	1
37	-10	39	16	67	-3	42	9
WRB	79.0	91.0	8	1
56	107	75	76	88	102	82	89	95	81
TJT	55.0	9.0	5	1
55	5	56	20	58	14	52	-3
SGY	44.0	16.0	1	1
27	-8	42	-6	53	38	49	23	51	37
OQJ	92.0	96.0	2	1
69	103	106	70	93	107	102	104
LSI	16.0	25.0	10	1
6	13	26	32	-5	28	14	53	27	19	29	9
ZJW	22.0	0.0	11	1
28	-3	14	2	43	-10	24	1	3	8
FLY	84.0	59.0	4	1
103	62	76	71	102	59	85	69	66	46	90	46	63	55	87	68
KQJ	85.0	79.0	8	1
71	74	85	76	114	70	92	110	83	77	70	71
NTK	23.0	1.0	2	1
41	10	26	8	19	-1	0	-13	12	21	45	-18
YUS	33.0	28.0	5	1
22	46	37	8	54	17	37	44	21	49	31	7
CZD	29.0	100.0	2	1
26	105	21	99	47	109	43	85	23	121	18	86
LKU	56.0	80.0	7	1
32	84	72	97	65	85	34	78	64	64	72	76
TCK	24.0	43.0	22	1
20	34	6	59	36	28	26	58	35	36
MQL	68.0	31.0	16	1
58	53	52	49	85	29	73	8	75	20
WUO	14.0	99.0	9	1
21	93	23	74	7	120	7	112
JMN	9.0	8.0	9	1
-2	3	21	2	5	0	20	9	5	27
NQH	34.0	91.0	2	1
24	87	27	104	33	85	24	67	47	105	45	89	42	101
PRC	4.0	4.0	2	1
-5	-10	3	-8	-13	3	14	23	21	15
TWY	13.0	67.0	16	1
22	77	-7	88	11	63	-6	50	14	47	27	70	30	80
TKA	8.0	33.0	1	1
20	33	-10	53	22	13	15	36	-3	33
NJD	77.0	59.0	11	1
77	58	102	56	70	61	57	79	81	54	78	46
