PJD	14.0	47.0	10	1
-6	66	25	30	15	40	24	55
VDI	4.0	3.0	4	1
16	21	14	21	-4	-15	-7	-14
QWP	4.0	49.0	2	1
24	28	10	36	-5	51	0	75	13	55	3	71	-3	55	-8	26
ZFD	30.0	79.0	1	1
15	101	43	66	39	81	12	89	37	72	37	86	39	77	24	66
HMR	19.0	-3.0	7	1
21	-2	36	-13	10	-6	33	1	-3	5
MQP	10.0	43.0	2	1
25	33	-2	22	21	41	-12	65	19	55
TRU	60.0	55.0	2	1
43	41	62	56	83	81	56	39	57	62
UIC	12.0	93.0	5	1
6	87	6	115	25	89	5	103	33	78	2	86
TDH	22.0	81.0	10	1
21	67	12	71	28	87	34	96	43	70	10	95	8	83
AXQ	81.0	81.0	3	1
99	72	66	105	85	75	89	67	66	88
KGN	57.0	75.0	2	1
63	102	55	93	41	64	46	59	61	76	81	60
ZRH	67.0	60.0	9	1
80	65	91	38	50	36	49	80	49	70	84	55	66	81
DLF	7.0	81.0	4	1
-11	83	15	77	4	101	32	79	-4	66
DSA	70.0	73.0	2	1
82	48	81	88	45	89	74	70
CMB	24.0	55.0	1	1
29	62	18	72	48	26	22	65	3	53
BOB	57.0	39.0	7	1
58	18	75	63	58	32	42	50	46	41	74	52	49	23
BCT	44.0	35.0	9	1
56	26	22	39	48	18	56	45	39	50
KGR	0.0	76.0	7	1
4	99	-5	66	-8	74	24	66	-6	65	-11	90
SXU	5.0	13.0	6	1
13	27	-7	-1	14	6	3	23
LID	48.0	33.0	6	1
54	14	51	43	36	15	44	52	56	41
JCK	10.0	35.0	6	1
4	47	20	30	20	50	9	29	-7	28	13	42	16	25	10	35
LZP	29.0	106.0	6	1
24	117	32	119	38	75	26	115	42	116	14	96
UUI	4.0	99.0	1	1
-3	92	20	99	-6	101	10	109	3	95
HXI	111.0	46.0	1	1
96	52	100	31	115	61	118	28	121	41	121	68
QOO	86.0	9.0	4	1
109	8	84	11	79	2	85	2	75	25	86	18	89	-3
XPX	6.0	78.0	2	1
24	79	-1	83	9	83	-5	67
VDL	88.0	23.0	6	1
79	1	111	1	92	45	104	34	78	42	76	1	77	38
AOI	46.0	59.0	3	1
38	51	46	58	61	78	42	49
WNN	81.0	8.0	7	1
102	-5	66	12	71	33	78	3	90	-2
WGN	14.0	46.0	5	1
28	62	25	33	2	60	1	29
DSS	46.0	3.0	4	1
38	15	38	-15	49	-13	62	25
DDI	1.0	45.0	4	1
9	27	-17	48	26	56	-13	51
IYL	28.0	7.0	2	1
51	-5	9	11	46	27	37	3	23	-3	19	12	14	4
HRM	73.0	52.0	5	1
87	50	58	44	53	71	80	36	79	55	86	57
CCZ	29.0	13.0	6	1
18	6	21	2	40	12	29	19	38	27
DQI	32.0	54.0	1	1
18	33	47	69	24	61	12	54	59	55	32	52
JLP	61.0	45.0	5	1
73	61	74	42	54	52	72	57	44	18	52	43
DSH	90.0	25.0	6	1
95	10	70	13	100	45	104	36	81	23
