ILZ	61.0	84.0	2	1
73	77	68	98	71	82	40	97	44	97	72	57
IPE	96.0	-3.0	9	1
102	-17	100	-13	102	11	80	5
UAH	103.0	70.0	9	1
104	69	96	67	110	85	105	61
YTV	47.0	27.0	1	1
34	23	49	32	75	19	35	44	62	12	30	33
KCH	43.0	69.0	3	1
57	97	41	70	43	55	31	63	45	63
ONN	25.0	34.0	9	1
19	33	17	37	18	28	27	29	45	46
SMT	48.0	24.0	0	1
58	18	26	39	67	14	49	45	41	18	49	11
EZB	36.0	66.0	3	1
52	45	13	46	29	80	44	75	50	66	30	86
YZE	53.0	15.0	8	1
53	11	72	28	38	9	72	-3	39	32	66	33	32	1
MLD	48.0	30.0	2	1
61	38	38	50	29	15	63	45	33	19	64	13
DHG	17.0	75.0	3	1
15	80	37	64	17	92	6	58	8	92	40	62	0	82
FVT	1.0	28.0	8	1
12	34	-9	33	-9	8	-10	49	-6	14	23	22	9	40
BEB	102.0	3.0	8	1
97	1	119	-11	107	12	117	12	95	21	84	-5	99	-8
ISJ	25.0	36.0	6	1
12	49	22	61	18	39	19	20	38	24	23	44	34	19	40	38
HZQ	10.0	96.0	2	1
20	110	10	72	-5	106	-2	82	29	95	18	116	5	93
RUQ	71.0	93.0	2	1
65	77	48	84	68	112	87	88	88	105
BSQ	36.0	34.0	5	1
60	39	22	29	38	49	25	19
FZB	34.0	58.0	2	1
18	55	51	35	49	77	46	76	16	60	24	69	40	40
IDQ	-4.0	57.0	3	1
-2	75	5	60	0	54	-20	38	-19	42	6	65	-1	66
DOK	81.0	21.0	8	1
91	25	76	29	71	13	63	35	90	3	99	24
XQU	68.0	43.0	9	1
82	38	81	58	49	44	89	41	60	58	49	24
OAV	47.0	97.0	7	1
45	104	57	77	32	83	61	113	32	115	55	82	50	98	49	111
JCE	70.0	54.0	9	1
72	43	54	74	82	44	62	62	66	42	87	61	61	69	83	42
