CIF	63.0	48.0	7	1
77	40	57	77	71	35	75	46	38	42
BGC	37.0	59.0	16	1
42	45	27	42	45	71	37	78
BAG	42.0	36.0	23	1
40	24	39	23	68	60	45	35	41	39	24	39
LZV	67.0	10.0	8	1
59	-17	78	-3	57	0	83	29	58	29	62	-4	66	23	75	26
YCK	97.0	28.0	2	1
100	36	102	29	94	36	80	35	111	5
QXO	106.0	41.0	25	1
95	47	118	64	112	41	82	43	109	26	123	27
DFP	60.0	72.0	11	1
84	77	45	83	54	73	46	63	72	65
YXI	76.0	79.0	1	1
90	72	73	63	78	100	79	99	61	65
YMR	75.0	69.0	17	1
90	81	99	70	56	78	58	47
RVN	74.0	6.0	22	1
94	4	53	11	84	-11	47	21	65	20	70	7	91	-1	95	-3
BMQ	39.0	76.0	9	1
47	92	51	70	52	78	17	76	47	59	21	81
YLC	51.0	57.0	15	1
51	50	68	52	73	83	31	47	71	42	34	86	30	41
YQX	43.0	85.0	15	1
49	60	73	108	31	99	45	95	28	82	34	71
ZLN	28.0	77.0	14	1
20	67	17	70	37	93	27	61	20	88	37	76	40	86
VUE	15.0	97.0	18	1
-9	100	38	80	-1	116	35	69	-1	102	35	100	12	116
RCC	56.0	66.0	9	1
50	87	48	77	53	48	77	72	68	57	56	51	45	75
QMQ	35.0	7.0	3	1
25	16	49	6	12	17	17	14	40	8	56	-6	49	-3
KNF	2.0	0.0	5	1
25	-20	15	19	21	-11	14	10	-23	-9	-13	-16	-22	23
FXM	64.0	61.0	14	1
82	34	61	73	53	57	77	68	60	72	63	71	75	79	47	38
