SLS	33.0	51.0	22	1
48	40	7	57	25	70	40	36	47	54
GPN	85.0	45.0	14	1
101	53	85	63	66	59	91	24	82	55	86	19
GHH	30.0	65.0	24	1
26	76	45	82	29	57	10	42	27	65	45	68
DOB	77.0	49.0	15	1
71	62	95	35	69	54	75	46
QLV	48.0	41.0	12	1
45	24	54	61	45	32	58	36	40	54
IDT	83.0	53.0	24	1
101	46	74	43	69	78	69	45	93	63	96	37	64	71	99	42
EQP	103.0	66.0	7	1
110	54	90	74	96	71	117	48	109	84	84	56	117	76
LTX	57.0	1.0	5	1
44	-11	50	0	58	2	52	0	83	16
WHU	52.0	58.0	7	1
60	64	81	46	43	47	40	54	39	82
DUF	43.0	72.0	17	1
63	65	29	78	58	72	44	82	24	64
HRI	82.0	50.0	16	1
97	34	58	48	68	66	85	27	104	68	80	61	82	52
EPB	68.0	66.0	10	1
82	60	62	69	54	58	57	65	70	76	54	89	98	46
HEU	28.0	55.0	9	1
13	65	42	33	42	53	20	54	14	70	17	65	53	47
BXE	101.0	51.0	16	1
116	40	82	69	113	31	99	30	89	65	111	74
ROS	68.0	27.0	6	1
55	30	73	42	63	22	90	24	63	3	65	45
KVC	80.0	79.0	9	1
78	73	63	80	69	77	95	97	90	76	88	73
