DKQ	94.0	12.0	4	1
118	34	112	5	72	9	96	4	73	10
IOH	-4.0	28.0	5	1
-10	25	27	47	-3	35	5	12	-15	21	-7	49	-16	15	-14	22
QTP	50.0	30.0	1	1
62	30	42	34	52	43	46	16
JRG	54.0	47.0	6	1
65	65	44	23	73	42	48	42	40	65
HDY	84.0	44.0	4	1
78	62	103	64	55	49	101	52	76	40	102	24	76	20
ITM	9.0	18.0	9	1
0	27	2	39	8	17	0	2	36	5
RIS	79.0	73.0	8	1
75	61	92	80	91	63	72	77	63	91	72	73	92	59	81	86
FOZ	48.0	10.0	4	1
64	-13	38	11	47	-11	57	27	47	0	37	7	60	30	41	30
GUF	18.0	69.0	7	1
15	61	28	86	39	72	-8	60
SWP	56.0	32.0	10	1
57	42	78	29	47	34	44	18	54	37
OKA	69.0	85.0	3	1
78	76	86	68	77	83	42	82	72	95	59	109
JXJ	72.0	76.0	6	1
59	79	79	67	79	79	85	76	61	83
ZZT	85.0	75.0	9	1
89	66	87	61	88	98	89	65	100	63	76	94	72	82
KRD	82.0	14.0	6	1
74	14	91	23	92	22	81	3	73	8
GOU	16.0	91.0	6	1
25	84	18	116	5	106	7	96	29	76	33	77	1	82
OZK	64.0	74.0	9	1
58	61	86	65	49	90	42	57	61	91	67	83	69	92	80	60
YJL	51.0	50.0	2	1
66	65	49	55	72	42	40	67	26	29	56	46
QIJ	24.0	99.0	7	1
-3	99	34	106	23	114	44	77
LBZ	56.0	45.0	3	1
38	64	65	33	69	28	55	57
KOA	96.0	97.0	1	1
109	100	94	84	107	98	95	116	78	88
JGI	96.0	33.0	8	1
107	22	89	37	95	48	76	42	112	12	100	38
LTR	70.0	49.0	3	1
50	57	80	64	54	44	77	49	84	23	69	44	82	62
MKY	54.0	38.0	5	1
49	57	74	20	38	23	50	16	44	64	74	50
SVJ	50.0	43.0	4	1
46	50	48	17	27	57	65	40	66	51
QXT	27.0	89.0	3	1
21	113	28	87	40	72	14	76	12	85	48	99	27	92
RSU	41.0	64.0	7	1
36	62	49	62	48	59	19	89	55	48
GUW	46.0	10.0	1	1
25	23	41	33	33	3	61	3	61	3	57	-3
UOS	62.0	71.0	5	1
68	68	95	82	47	75	46	54	67	93	52	58
XCM	95.0	55.0	6	1
106	65	108	38	92	75	86	53	87	44
PKW	-4.0	72.0	2	1
-16	103	0	61	-13	61	15	67	-9	70
DLY	46.0	38.0	2	1
55	22	50	69	44	39	47	36	38	27
WBC	61.0	68.0	6	1
53	54	53	57	82	82	51	93	47	44	81	83
DBI	30.0	93.0	9	1
17	82	38	113	26	92	21	113	12	78	45	86	41	68	40	114
KGM	25.0	69.0	3	1
14	89	36	46	21	52	24	88	31	73
FZG	92.0	23.0	5	1
108	26	80	35	86	34	88	17	83	8	73	39	114	7	110	25
FYR	22.0	75.0	6	1
7	57	45	70	25	88	30	60	6	90	34	85	12	80
XWC	10.0	18.0	3	1
2	27	19	34	30	14	15	23	-2	15	-1	-5
FAR	47.0	29.0	3	1
41	24	35	49	51	19	68	18	36	25	52	41
KSP	28.0	68.0	8	1
18	55	48	85	20	88	18	49	30	78	34	53
SIZ	20.0	80.0	9	1
18	74	40	108	-3	81	28	81	28	78	20	73	12	69
BRY	44.0	87.0	9	1
37	94	59	99	37	100	39	84	57	81	39	66
QDC	85.0	60.0	5	1
75	68	81	76	95	52	99	46	91	48	72	73
YPH	38.0	55.0	3	1
55	64	39	72	28	57	22	42	38	45	27	60	61	50
DSW	81.0	88.0	8	1
77	67	80	75	75	105	82	101	82	98	97	70	80	101
ZGZ	54.0	82.0	9	1
51	86	57	81	58	85	52	79
DJR	37.0	6.0	4	1
39	15	40	-12	47	-8	29	16	51	1	42	32	12	4
VVI	31.0	71.0	2	1
49	53	23	50	12	84	41	75	50	81	16	85
UCM	54.0	98.0	8	1
41	113	40	97	49	99	67	112	56	86	76	83
WBI	77.0	46.0	3	1
96	34	67	65	60	32	75	51	100	48	61	25	100	64	63	54
