VDF	92.0	61.0	1	1
97	69	81	65	104	59	89	53
FXF	85.0	82.0	19	1
95	70	92	104	94	83	74	79	89	71	86	81	67	89
VFK	80.0	40.0	9	1
89	39	100	58	69	64	55	20	80	24	78	27	94	52
EWK	57.0	1.0	8	1
36	-8	48	6	61	7	79	-11	48	1	57	-6	60	-7	67	27
APJ	22.0	69.0	19	1
50	67	41	58	16	90	8	90	9	56	6	60	17	59	33	72
RYY	60.0	65.0	16	1
67	60	61	71	41	61	70	66	55	83	57	47	73	68
AXS	16.0	60.0	22	1
-4	59	30	66	10	48	19	48	29	82
NIA	32.0	-3.0	8	1
55	-12	46	-7	10	-5	26	17	28	-5	31	-10
GKL	54.0	85.0	8	1
34	73	63	103	65	79	45	98	61	70	56	109	58	65
PUN	59.0	88.0	9	1
69	73	58	72	74	116	59	74	40	109	53	96	64	81
TIW	3.0	12.0	8	1
-10	21	-3	-1	23	-2	18	11	-16	22	-3	16	16	18
MSK	19.0	13.0	15	1
23	7	21	29	35	-1	32	18	0	14	7	13
GTG	31.0	41.0	7	1
38	31	18	54	13	49	43	22	41	32	12	54	52	50
THY	65.0	41.0	14	1
59	35	84	57	52	43	57	36	53	58	86	17
CRP	42.0	-11.0	5	1
52	-18	43	-14	52	-18	23	13	26	-11	59	-18
RHL	77.0	33.0	3	1
57	28	87	40	83	37	84	27
BHY	24.0	103.0	15	1
-2	120	44	74	20	120	36	98
KHY	6.0	12.0	21	1
9	13	17	23	-14	9	-14	25	26	25	29	4	-10	-10
VBK	91.0	7.0	10	1
110	10	82	-15	85	9	71	1	111	21	95	15	84	10
UDJ	49.0	17.0	21	1
30	44	54	38	35	2	44	11	65	2	69	9
NFE	79.0	38.0	19	1
70	36	94	44	69	23	65	54	78	33	87	48	96	34
XYD	39.0	92.0	10	1
28	100	56	118	26	82	31	76	61	85	37	92
QFW	54.0	95.0	8	1
72	99	36	77	53	97	45	117	42	106	54	76	77	93
RSM	75.0	94.0	19	1
93	82	60	93	71	85	76	118
GHI	85.0	81.0	9	1
84	58	83	90	90	72	97	92	95	97	56	63	90	100
XUU	20.0	42.0	23	1
4	59	26	42	14	48	17	33	30	40	33	33
ZEB	106.0	26.0	22	1
83	9	111	47	117	43	114	8
QMJ	21.0	6.0	13	1
28	19	21	-15	20	23	28	16	8	-19	26	12
MDH	15.0	16.0	8	1
8	17	6	13	23	6	30	13	11	32
MZZ	82.0	75.0	2	1
97	78	77	72	76	102	91	62	71	62
GNZ	61.0	16.0	13	1
58	22	50	21	73	9	74	32	52	-3
AMN	6.0	45.0	5	1
-6	64	31	41	12	53	21	31	-11	54	10	40	-11	37
VNA	92.0	42.0	24	1
106	33	114	58	71	57	75	44	94	18
ZMQ	91.0	90.0	19	1
83	102	101	92	71	87	110	80
XKM	9.0	24.0	25	1
-2	17	4	33	25	26	12	22
SQS	75.0	66.0	11	1
64	71	82	72	59	73	85	53	86	63
PVY	8.0	32.0	15	1
-13	30	-4	22	11	23	21	36	29	50
SFD	86.0	2.0	15	1
85	3	71	21	82	19	93	8	69	-14	102	-24	92	17	99	-14
XSK	6.0	52.0	14	1
18	32	-3	79	-23	37	17	68	16	33	16	67
ZPE	26.0	15.0	7	1
40	34	16	10	11	8	46	32	16	0	29	26	47	-5	9	21
