KVF	64.0	37.0	8	1
75	56	69	16	60	38	71	40	48	38
FJZ	16.0	88.0	10	1
28	113	34	72	7	71	5	98	-3	102	35	76	7	89
EWG	40.0	75.0	4	1
51	59	20	104	17	78	62	72	31	75	59	64
PCQ	-1.0	57.0	1	1
-13	45	14	51	-9	77	4	57
ZLG	34.0	92.0	4	1
41	94	28	104	18	106	51	65
OKY	52.0	28.0	5	1
27	36	54	15	48	19	71	45	69	39	46	25	53	23
GKE	55.0	55.0	8	1
46	31	61	71	66	54	75	52	40	60	68	62	43	49	44	66
NHA	61.0	22.0	7	1
60	29	57	27	73	12	55	20
VJK	51.0	65.0	6	1
61	71	59	76	33	56	53	58
SYL	61.0	11.0	3	1
76	23	57	29	78	4	66	-4	47	10	75	0	33	16
BTB	56.0	96.0	2	1
66	110	71	111	56	109	46	109	44	85	67	82	52	88	52	75
IWH	10.0	91.0	1	1
23	87	11	90	25	120	1	74	8	87	-3	88
