DQZ	109.0	71.0	5	1
112	77	116	56	113	50	98	94	107	96	108	58
DJT	15.0	72.0	7	1
-1	58	21	65	11	52	5	95	31	60	19	97	22	79
TLH	13.0	97.0	7	1
-8	94	28	86	22	119	16	108	20	73	2	102
UYF	38.0	47.0	3	1
51	68	42	59	34	40	52	69	35	38	20	25	34	32
UFK	10.0	23.0	7	1
23	19	-4	21	13	40	2	16	20	38	8	6
CRO	67.0	41.0	8	1
51	47	63	54	65	27	58	55	77	14	82	58	63	56	78	20
RYV	12.0	47.0	1	1
24	48	12	41	-9	52	23	32	14	63
JLX	81.0	-2.0	1	1
71	-2	64	-23	85	23	98	2	90	-20	78	11	87	-10
TPO	37.0	50.0	7	1
40	57	17	26	48	63	37	45	44	63
GRQ	95.0	23.0	4	1
87	32	115	8	75	37	106	15
BFS	25.0	59.0	6	1
16	69	21	68	46	50	13	35	33	75
XZZ	98.0	61.0	9	1
97	54	74	47	108	52	104	46	84	73	115	77	105	83
RZF	93.0	43.0	10	1
100	57	63	50	93	41	105	38	101	23	97	51
OZG	52.0	98.0	6	1
71	84	50	94	56	114	37	105	30	82	70	114
YNK	70.0	87.0	5	1
64	76	86	86	78	104	41	80	72	90	62	100	85	88	74	76
PMV	19.0	20.0	6	1
21	23	42	26	5	-4	7	26	42	27	3	40	14	6
