RMU	53.0	24.0	20	1
36	32	76	10	35	17	42	20	72	32	53	38	61	24
QHA	96.0	34.0	20	1
91	50	88	18	111	9	88	43	106	53
TQX	77.0	67.0	23	1
97	78	80	77	51	54	79	71	72	42	88	81
OMZ	20.0	86.0	19	1
25	101	1	104	33	67	15	72	43	68	24	90	-1	103
HOF	83.0	22.0	9	1
105	12	91	23	63	17	77	13	80	45
XDZ	14.0	64.0	17	1
35	57	18	84	11	51	11	77	6	74	6	56	14	51
RBE	97.0	68.0	15	1
117	66	108	79	97	69	77	63	88	67
BXX	41.0	58.0	4	1
29	69	48	31	51	70	51	60	29	62
KTF	88.0	43.0	1	1
107	35	64	50	91	59	91	58	74	25	70	22	111	57	96	40
BCL	48.0	80.0	8	1
39	70	38	93	59	96	59	61
FQB	75.0	24.0	16	1
90	29	64	14	90	43	56	10
FZE	48.0	66.0	7	1
37	56	53	66	54	66	40	68	69	75	40	56	49	80
WFO	56.0	4.0	9	1
35	24	65	-8	38	-5	52	-5	52	-1	74	9	79	17
TUK	4.0	86.0	24	1
13	107	6	66	0	106	-15	93	8	69	14	76
XVE	93.0	30.0	18	1
84	30	99	49	81	23	108	18
XSE	107.0	2.0	12	1
109	-6	114	28	112	-14	94	2
RZX	52.0	109.0	5	1
61	118	77	110	43	103	40	99	39	119
ZDW	80.0	93.0	24	1
68	73	96	94	65	114	68	103	92	111	95	66
AAU	32.0	47.0	22	1
36	69	22	50	32	30	38	39
KHW	22.0	9.0	21	1
6	1	19	10	34	3	17	23	35	6	26	16
WAM	26.0	47.0	16	1
2	68	35	46	24	44	30	55	27	37	43	33
KQD	48.0	56.0	25	1
32	37	30	76	61	55	43	48	61	62	62	61
SXO	81.0	32.0	18	1
86	43	68	8	96	35	82	27	71	31	87	50
WVH	50.0	82.0	1	1
45	98	62	90	42	72	51	80	51	73
