BIJ	58.0	42.0	8	1
60	53	44	26	64	43	76	43	47	45
PCA	0.0	83.0	1	1
-13	75	0	81	-6	101	-6	67	-8	99	32	79
NSN	50.0	64.0	6	1
43	49	54	76	59	73	60	63	56	51	38	73	41	63
HZE	7.0	81.0	4	1
-11	99	3	78	18	62	18	88
UDP	50.0	14.0	6	1
40	17	58	13	47	-6	56	35
KBV	97.0	95.0	1	1
82	107	111	94	93	93	114	111	86	71
CVK	43.0	37.0	3	1
45	38	25	40	53	30	35	38	61	40
ZFC	25.0	54.0	8	1
24	64	26	64	2	71	41	33	49	39	12	58
YBA	19.0	100.0	5	1
17	114	6	117	33	100	22	98	21	72
IDE	42.0	58.0	10	1
50	59	62	42	35	69	28	39	29	74	43	46	52	80
ASL	5.0	24.0	2	1
-4	34	11	11	23	44	0	11	13	22	-4	5	-4	46
FDD	0.0	90.0	5	1
-9	104	6	98	10	86	7	70	-13	93
QAN	-5.0	81.0	7	1
-7	89	0	90	0	58	-16	86	-2	83
GFT	77.0	99.0	3	1
93	69	79	112	69	90	68	105	93	109	61	110
OQX	6.0	96.0	4	1
22	74	4	111	0	102	3	87	1	110
PLR	79.0	30.0	1	1
66	28	103	26	82	19	67	50
BEM	60.0	27.0	0	1
69	29	61	17	73	12	40	51
ROX	20.0	9.0	10	1
6	26	16	13	10	-7	48	6
NIJ	88.0	13.0	1	1
77	31	89	-9	103	22	69	-8	92	34	103	22	83	4
KGP	27.0	68.0	9	1
7	60	46	76	48	44	40	82	26	79	23	86	12	59	15	63
WXK	74.0	91.0	1	1
85	87	76	74	90	120	83	83	63	77	47	107
EHH	36.0	46.0	2	1
40	57	41	27	36	52	52	45	40	54	9	44
HHS	76.0	24.0	4	1
68	-5	72	10	92	38	67	15	59	39	77	39	97	19	82	39
QBV	60.0	89.0	6	1
66	115	45	70	80	70	67	95	42	98
XWV	21.0	25.0	7	1
26	3	-10	31	21	42	31	19	37	30
YUJ	-1.0	52.0	1	1
6	72	-11	49	5	43	2	51	-9	46
MVX	0.0	40.0	0	1
-5	48	-11	63	-1	24	15	20	1	51	-2	36
CKR	38.0	40.0	4	1
13	39	54	40	44	45	46	52	36	28
OLY	51.0	95.0	9	1
30	101	61	88	46	106	67	85
PXB	48.0	31.0	9	1
44	51	41	35	68	10	41	28
HQU	62.0	60.0	9	1
54	72	75	79	67	44	52	48
BEI	56.0	7.0	6	1
74	8	47	18	74	24	55	10	56	26	71	-11	41	-1	35	-16
OYA	41.0	46.0	8	1
44	52	30	28	42	51	42	60	43	26	46	59
XAY	5.0	81.0	1	1
-9	90	-12	83	5	91	13	77	30	68
VYA	27.0	98.0	3	1
45	82	44	107	43	121	31	94	17	101	18	91	11	76	9	113
RJL	42.0	5.0	8	1
11	-6	35	-3	56	23	38	5	46	26	57	-16	52	9
KVU	23.0	87.0	1	1
23	74	21	81	33	83	10	108	28	93
UYB	94.0	85.0	3	1
81	72	93	94	106	70	105	87	86	103
KRK	70.0	43.0	6	1
68	43	54	61	67	59	79	39	79	30	76	30
AZD	37.0	56.0	10	1
37	35	63	61	46	71	32	27	23	71	21	73
IBK	55.0	12.0	7	1
67	17	40	16	56	13	52	11	47	23	68	-3
FPB	68.0	29.0	1	1
84	14	83	44	54	47	58	39	81	20	51	13
ZDH	107.0	62.0	1	1
110	68	97	72	104	52	123	59	104	62
JAD	76.0	45.0	6	1
97	43	65	36	91	35	58	45	58	62	95	60	74	35
QZW	73.0	81.0	5	1
82	104	88	73	70	62	58	73	50	105	88	61	76	90
ZBF	89.0	0.0	9	1
118	-7	92	-23	72	-9	87	12	85	2	85	2	95	13	84	4
ANO	70.0	73.0	2	1
83	79	66	56	80	94	57	74	74	57	64	78
