UTK	39.0	51.0	2	1
46	55	13	55	36	42	49	62	56	40	34	46	45	59
ZHY	10.0	76.0	8	1
-7	53	32	77	21	77	-10	82	33	85	-9	82
BFY	66.0	47.0	10	1
55	52	81	39	48	66	77	44	72	38
CBP	33.0	34.0	7	1
11	33	49	45	39	47	45	14	50	26	7	40
WZZ	43.0	62.0	10	1
36	43	27	73	51	77	27	83	52	49	46	78	55	57	55	41
LSM	39.0	5.0	0	1
22	23	53	-4	19	-10	57	16	38	11	46	-3
WCB	81.0	89.0	1	1
76	86	94	84	96	77	86	76	64	108	72	86	81	107
NZP	78.0	58.0	2	1
83	68	92	69	93	27	72	58	70	57	85	61	56	68
ASI	47.0	75.0	3	1
68	56	35	48	35	71	40	91	61	86	45	81	45	93
LHB	90.0	49.0	6	1
85	45	75	59	71	49	99	41	113	51	98	50
DEE	44.0	55.0	10	1
59	43	36	74	28	43	42	43	62	47	50	50	36	70	42	72
LLL	21.0	49.0	0	1
5	50	26	65	26	50	26	55	13	29	21	50	36	45
IMN	40.0	47.0	6	1
27	60	57	32	40	55	52	28	35	61	28	28	57	54	24	60
FBS	84.0	-5.0	1	1
91	-3	66	-1	99	-9	94	-7	62	-10	97	0
QHK	38.0	28.0	6	1
36	10	52	44	20	39	29	19	55	31
NYI	58.0	53.0	6	1
54	58	64	43	41	34	71	60	48	60	78	58	56	61
DGC	84.0	16.0	8	1
111	7	86	23	68	11	73	26
GDI	27.0	30.0	1	1
13	27	20	39	29	18	18	24	19	26	50	26	46	51
KHT	67.0	49.0	7	1
86	42	51	48	78	47	49	54	72	56
CQD	34.0	41.0	0	1
41	35	34	26	29	68	24	67	42	30	24	32	50	29
GMQ	20.0	-1.0	5	1
30	0	-4	-5	20	8	37	-7
RXF	48.0	48.0	1	1
52	27	42	50	64	49	59	60	25	54
RZH	53.0	89.0	8	1
46	100	45	98	56	84	54	64	73	101	44	92
BIF	67.0	10.0	10	1
93	24	70	19	58	-3	56	3	60	7
QLK	-6.0	21.0	8	1
-13	38	-3	-6	-6	19	3	23	-12	35
JJN	12.0	32.0	6	1
6	37	21	14	19	19	-4	52	9	50	26	22
VOS	11.0	18.0	8	1
26	-5	13	18	-3	24	10	35	10	41	-1	1	28	16
