RYI	8.0	91.0	1	1
27	95	11	108	-17	75	23	81	-7	107	15	81
VZB	32.0	75.0	0	1
28	55	43	56	48	76	46	81	48	86	8	87	22	87	15	79
QSS	50.0	42.0	1	1
52	40	57	29	39	45	45	74	41	31	68	34
AWT	85.0	33.0	8	1
111	53	73	35	72	44	72	13	79	34	81	16	105	29	92	44
JGF	95.0	73.0	3	1
81	95	98	72	105	68	98	58
NEH	29.0	34.0	8	1
22	15	21	46	42	37	39	11	30	32	30	51	29	50	26	36
ZEX	15.0	96.0	0	1
36	93	20	112	15	95	-3	104	7	75	5	107	29	91
GPQ	22.0	85.0	6	1
2	62	20	100	28	83	41	98
IFL	28.0	55.0	2	1
33	66	32	68	43	53	7	33
AYK	97.0	44.0	2	1
81	33	100	23	75	60	117	54	112	52
NQE	5.0	-6.0	1	1
-5	13	11	-2	19	-9	13	-16	-23	-17	16	-13	4	-1
ILH	36.0	50.0	0	1
56	60	15	24	26	42	18	62	54	58	51	46	35	60
RRG	-3.0	49.0	3	1
-21	35	4	59	-7	46	14	43	-8	64
ZJL	3.0	33.0	3	1
12	45	18	31	24	33	-15	42	-14	53	-1	9	19	31	-15	27
UAG	28.0	84.0	7	1
18	80	26	93	20	89	19	77	58	81
XPT	92.0	43.0	4	1
81	39	78	30	115	58	74	49	106	43	102	42
OUE	36.0	11.0	10	1
54	22	19	-10	53	10	41	13	21	-1	30	32
QDB	23.0	46.0	7	1
24	34	18	40	25	52	12	27	22	57	30	61	30	52
VFX	41.0	45.0	6	1
40	55	60	32	60	66	36	35	49	59	22	37	20	31
CNG	24.0	33.0	1	1
19	31	11	55	14	51	3	11	46	12	39	28	37	43
PNG	82.0	64.0	8	1
84	55	101	54	62	81	99	66	64	64
