YDI	-6.0	52.0	1	1
-4	59	15	79	-8	58	-21	58	-6	43	-16	35	-7	36
UNF	58.0	67.0	8	1
65	61	63	85	62	67	67	75	41	76	71	52	41	56
RBZ	51.0	78.0	2	1
25	75	42	60	53	100	70	89	50	65	62	81	59	79
SHS	95.0	47.0	5	1
75	64	79	59	108	55	108	35	94	34	110	38
JUX	22.0	15.0	3	1
15	-7	16	12	1	23	41	22	37	26
ANJ	65.0	66.0	3	1
88	49	53	56	53	85	66	60	48	60	66	90	85	67
PRL	48.0	0.0	1	1
47	9	51	14	44	17	37	-17	65	-22
QOP	9.0	8.0	4	1
-13	2	23	24	1	13	7	6	20	-2	21	7
JUX	83.0	22.0	2	1
74	0	75	14	89	38	89	25	91	33
XSI	34.0	66.0	8	1
47	74	50	66	23	68	43	60	21	76	23	56
NVC	78.0	80.0	3	1
68	100	92	62	62	63	90	96
NZU	12.0	23.0	3	1
11	21	-9	10	9	32	20	20	29	35
GQQ	48.0	73.0	9	1
34	91	31	88	53	60	59	75	70	70	30	68	65	59
CCK	29.0	33.0	2	1
28	34	26	37	42	22	41	37	3	50	37	23
WOR	67.0	-1.0	5	1
60	12	78	-18	81	-10	59	-5	62	0	53	21	62	10	85	-21
JRI	99.0	0.0	7	1
107	-1	77	2	119	-4	93	2
KLC	44.0	55.0	9	1
48	49	41	51	47	62	40	61
NKY	44.0	28.0	9	1
55	19	54	27	55	57	30	15	63	16	28	27	30	28	40	37
