GYS	76.0	77.0	17	1
88	89	75	44	56	76	81	88	82	89
POT	41.0	23.0	20	1
22	37	60	15	17	27	42	24	40	27	60	2	53	28	37	28
XHU	50.0	79.0	18	1
41	92	46	77	58	54	55	94
MRR	4.0	37.0	13	1
-2	44	21	44	4	51	7	21	10	32	-5	39	-5	31
SPV	24.0	66.0	0	1
38	73	19	73	23	80	19	39
ZCK	50.0	36.0	21	1
67	24	32	51	65	25	58	34	30	47
PUN	77.0	42.0	11	1
56	49	87	54	86	26	80	41
QMV	87.0	14.0	15	1
75	5	103	5	74	14	99	14	84	32
DZJ	106.0	63.0	20	1
102	74	97	38	123	57	90	76	118	72
SNQ	16.0	39.0	13	1
1	34	12	44	14	50	22	34	34	35
EVA	29.0	92.0	3	1
15	105	39	89	27	109	15	84	36	79	42	91
XNM	87.0	3.0	17	1
75	-12	90	7	76	25	103	-16	112	24	71	-5
RDZ	64.0	69.0	15	1
52	87	82	87	52	62	63	74	86	55	50	49
MHW	57.0	80.0	21	1
70	71	43	78	62	59	52	101	74	101	45	70
CYX	12.0	65.0	3	1
27	68	-7	47	20	80	-5	51	24	75	17	73
EMW	75.0	36.0	1	1
84	57	58	16	82	61	80	22	72	28
NXY	32.0	21.0	3	1
58	36	19	34	33	33	17	30	43	-7	26	2
TLA	37.0	101.0	1	1
41	101	14	119	49	122	23	88	45	78	52	101
LCS	45.0	12.0	5	1
48	26	38	26	45	4	60	1	36	-3	46	21
FNB	16.0	68.0	14	1
10	57	2	92	10	53	3	90	31	66	39	59	21	64
GIP	83.0	39.0	20	1
76	42	70	50	62	50	99	33	101	36	64	43	100	36	92	25
FKD	12.0	64.0	17	1
24	71	13	71	31	48	16	69	11	56	14	53	-12	78	1	67
HJV	44.0	37.0	15	1
27	23	53	33	58	38	26	30	62	56	38	42
TNT	61.0	95.0	15	1
62	74	62	112	57	103	62	117	50	81	61	79	78	103
OKA	76.0	51.0	23	1
107	57	86	69	78	62	61	25	62	69	63	25
XTG	85.0	20.0	13	1
75	20	74	14	116	-3	79	27	91	28	75	39
OUT	91.0	53.0	24	1
99	61	102	68	70	50	91	39	97	51
VTP	12.0	87.0	19	1
16	97	13	71	-6	102	-7	89	28	68	32	96
FAC	19.0	5.0	5	1
36	24	15	19	39	-9	3	8	6	-17
MYH	42.0	5.0	14	1
36	-1	48	5	49	-1	53	5	18	30	47	-4	47	7
MEW	-4.0	62.0	3	1
-2	70	-14	40	3	81	-24	72	5	39	4	75
JZD	18.0	58.0	9	1
29	58	22	73	-2	64	28	59	26	52	8	43
UNJ	53.0	85.0	15	1
60	100	53	75	32	81	68	103	53	70
TJN	31.0	62.0	11	1
41	70	39	53	19	49	34	80	24	76	19	60	33	55	39	60
SLM	69.0	73.0	1	1
89	73	64	63	84	65	51	96	60	68
