RTF	84.0	40.0	8	1
100	44	68	34	90	29	79	44	82	52	70	24	105	55
FDN	40.0	5.0	2	1
59	1	20	-17	29	6	40	-14	35	22	39	27	58	16
SIV	4.0	24.0	10	1
25	19	21	19	9	24	-15	41	-18	19
RQV	84.0	42.0	1	1
65	44	102	34	110	51	78	41	66	41
GAK	76.0	75.0	0	1
88	90	69	67	88	87	83	65	76	60	85	69	56	96	69	66
AIT	2.0	8.0	9	1
-11	-1	5	32	2	11	-14	-8	30	7
VQN	18.0	43.0	2	1
37	22	6	47	6	59	17	57	24	30	24	56	14	35
NZE	100.0	54.0	10	1
92	55	113	38	94	64	88	72	93	62	121	35
UMJ	71.0	12.0	9	1
89	16	76	35	54	19	62	21	60	-7	88	-9
VXH	6.0	60.0	2	1
1	51	21	45	-12	65	23	72	11	74	-8	57
GSH	101.0	12.0	1	1
113	32	115	5	93	14	84	0
JPM	82.0	69.0	1	1
67	93	95	73	92	70	64	87	80	46	97	50
RJO	34.0	27.0	3	1
43	5	25	0	12	42	54	47	43	39	27	29
LUV	8.0	42.0	6	1
-8	46	-3	55	25	36	31	39	-3	34
LBI	21.0	18.0	4	1
9	8	29	5	22	26	7	38	26	24	43	33	11	-5
DWB	63.0	36.0	0	1
66	30	54	59	82	29	51	29
YJA	24.0	18.0	1	1
21	37	20	-3	10	21	32	11	41	24
HGY	17.0	39.0	0	1
28	43	12	54	24	33	8	33	17	36
BNA	9.0	88.0	3	1
-6	83	6	84	22	96	14	91
OPY	61.0	6.0	1	1
56	3	52	22	78	-8	52	2	75	4	57	14
CKC	84.0	20.0	10	1
82	30	80	41	85	13	86	4	87	23	89	9
ABH	83.0	77.0	3	1
97	74	85	78	93	91	90	74	50	72
CMU	21.0	92.0	0	1
23	83	-2	81	39	110	-5	100	35	114	27	75	31	82
CIF	69.0	23.0	10	1
64	16	78	32	64	40	67	12	74	18
DZA	76.0	66.0	6	1
81	74	89	58	62	64	69	75	82	60
