EBY	8.0	71.0	8	1
4	47	-11	89	19	91	23	60
BLF	56.0	23.0	8	1
65	35	69	17	45	47	33	22	47	19	77	3
APC	44.0	95.0	4	1
24	105	57	83	39	100	44	118	44	82	67	99	36	82
BTF	54.0	32.0	1	1
76	41	41	37	67	32	50	21	41	19	49	45
VCZ	17.0	69.0	8	1
25	83	1	40	30	69	22	81	10	75
ZPJ	86.0	47.0	9	1
64	43	87	32	88	59	94	52	97	52
BHN	73.0	93.0	6	1
79	84	68	86	50	103	88	94	74	97	79	99
ZSY	43.0	89.0	4	1
48	67	57	68	11	95	56	104	44	111	39	103	51	76
VRE	82.0	25.0	6	1
80	15	74	14	80	46	77	15	100	39
TFY	19.0	42.0	9	1
9	48	31	53	28	43	20	42	25	15	29	52	-9	43
XFS	2.0	9.0	1	1
28	-7	-14	7	-2	11	13	13	-11	35	-17	17	1	7	22	-11
EPO	79.0	91.0	10	1
80	84	81	112	56	90	88	79	91	94
LZH	12.0	49.0	3	1
5	32	-6	40	30	59	35	62	0	52
BJP	27.0	93.0	10	1
22	108	40	73	13	95	25	84	25	81	37	117
OLA	26.0	85.0	1	1
22	97	24	78	34	84	24	86	52	75	11	98	18	79
DZK	5.0	28.0	6	1
4	23	-4	40	-7	47	27	5
GNN	75.0	55.0	2	1
44	36	75	65	74	57	85	59	90	72	83	46
CIH	43.0	50.0	7	1
60	38	46	51	61	66	48	58	17	52	26	37
OCM	2.0	87.0	10	1
2	78	11	89	-13	103	6	81	14	85	-11	77	5	99
EJW	70.0	71.0	4	1
65	68	88	76	59	90	78	82	77	68	58	47
ELR	99.0	65.0	8	1
91	91	97	61	93	84	83	46	101	67	111	53	120	58
YHE	15.0	31.0	7	1
22	18	36	21	10	41	-3	31	32	44	-5	35
FTT	16.0	84.0	7	1
12	87	22	66	28	90	23	104	9	85	-1	78	32	80	6	87
GTF	4.0	91.0	8	1
29	105	-16	93	28	92	5	102	3	71	-7	82	-14	95
WNC	30.0	40.0	9	1
45	41	29	59	14	60	48	23	18	21
URX	50.0	63.0	9	1
53	71	42	59	40	67	59	63	40	68	69	54
YLF	90.0	47.0	5	1
83	35	85	59	117	38	83	54	99	45	75	51
KFV	53.0	44.0	7	1
36	48	38	54	60	24	72	47	62	48
ZZT	98.0	22.0	4	1
105	35	106	17	107	33	88	6	111	26	72	17
TFP	65.0	5.0	10	1
58	25	84	-7	82	20	53	2	52	-11
CJM	35.0	79.0	8	1
34	94	48	80	23	79	35	79	24	55	40	79	41	89
JOV	96.0	98.0	9	1
99	101	103	93	107	103	70	83	104	112
YUR	43.0	76.0	10	1
35	96	39	82	56	48	32	73	54	85
FRI	17.0	25.0	7	1
16	31	12	43	4	16	29	4	27	35
DIN	78.0	89.0	10	1
69	96	86	110	83	66	74	85
DOS	87.0	57.0	6	1
88	79	77	66	71	44	101	62	95	34	91	61
XCX	64.0	35.0	0	1
52	54	70	18	43	52	65	17	90	33	68	41
HHG	31.0	14.0	5	1
37	-5	27	14	29	5	33	8	11	32	54	35
YQI	24.0	98.0	8	1
2	110	47	101	19	102	10	108	40	92	40	81	16	95
YZW	97.0	0.0	6	1
105	-19	99	24	90	-11	98	21	100	5	94	-21
JIN	13.0	28.0	1	1
-10	27	23	33	34	7	0	54	18	20
YAJ	90.0	101.0	4	1
117	80	85	106	70	105	89	119	81	73	80	121	109	109
WOG	102.0	56.0	8	1
118	63	102	71	82	66	81	40	110	72	103	38	123	45
XFU	41.0	83.0	4	1
54	106	29	79	26	74	37	91	36	87	47	70	48	67	52	97
