PRL	84.0	94.0	8	1
70	87	81	110	81	97	93	80	110	107	72	85
WQK	10.0	9.0	16	1
17	-11	2	-6	9	21	26	28	-7	-6	17	28
QRV	80.0	39.0	25	1
79	42	63	20	97	53	84	49	60	12	89	48	94	50
NON	22.0	29.0	15	1
20	44	30	11	4	18	17	32	22	52	29	31	31	19	29	29
SLX	80.0	78.0	18	1
84	86	79	80	94	65	78	88	66	72
WPB	59.0	56.0	10	1
75	57	65	56	46	61	53	51
SAH	65.0	7.0	7	1
58	32	65	6	89	-3	48	13	69	-11
RLY	37.0	47.0	18	1
57	33	37	26	18	61	25	72	41	56	28	38	54	49
HKO	25.0	9.0	17	1
9	1	32	14	19	18	36	23	30	0	29	-1
YSG	76.0	-5.0	10	1
75	2	71	1	70	5	87	-14	82	-23	68	-16	81	9
UQL	20.0	91.0	7	1
18	81	35	95	11	93	13	76	25	113
NNC	54.0	27.0	17	1
49	22	70	32	79	31	41	47	50	20	53	31	47	17	43	16
BTH	-1.0	18.0	18	1
-15	31	2	3	7	42	19	10	-15	10	18	0	-13	22	-18	28
OXP	57.0	93.0	15	1
73	96	79	72	35	113	67	105	32	103	77	91	44	83	54	88
MKE	81.0	5.0	0	1
73	14	80	6	78	-19	105	22	71	5
PGS	62.0	40.0	19	1
61	39	71	38	89	53	53	38	48	31	50	45
NPM	52.0	24.0	13	1
65	36	52	34	39	8	55	21
RQP	53.0	39.0	23	1
52	28	38	27	83	59	40	27	54	56
GHI	1.0	89.0	8	1
5	90	12	103	-15	105	18	91	-7	82	-3	68
ULK	88.0	90.0	6	1
97	85	97	74	61	108	93	75	94	108
BCK	1.0	4.0	5	1
13	-15	2	4	8	-17	-8	20	-6	30
QTL	3.0	38.0	11	1
-20	14	7	33	2	44	13	46	6	55	13	40
PXZ	52.0	37.0	8	1
47	36	56	58	70	22	35	48	51	32	58	28
YEB	76.0	9.0	13	1
53	-2	57	14	87	29	92	-15	88	16	61	6	85	23	86	4
QCR	59.0	45.0	5	1
45	38	62	54	75	46	74	23	60	29	39	59	81	67	38	44
QXO	93.0	57.0	18	1
112	73	86	42	99	52	95	43	75	51	101	75	87	65
EXS	70.0	29.0	9	1
64	14	83	17	74	26	87	51	53	47	72	50	51	18	77	13
DJM	0.0	63.0	7	1
13	41	-9	54	19	63	21	80	-12	76	-8	49	-6	60	-22	82
PRP	45.0	77.0	8	1
41	98	43	67	58	58	40	86
RRJ	30.0	49.0	15	1
26	40	53	57	27	58	25	28	20	64
BQX	92.0	10.0	20	1
94	11	100	13	98	25	71	-9	106	33	86	-13
RYL	0.0	6.0	12	1
9	-19	-3	28	-3	-14	7	15	-8	23
