KGO	28.0	34.0	7	1
11	53	11	27	42	22	40	53	13	29	53	24
UPF	5.0	39.0	3	1
20	30	-9	44	-11	49	35	42	-10	32
PIS	22.0	21.0	2	1
43	10	47	11	2	32	2	24	28	35	11	16
PXP	9.0	44.0	5	1
14	53	26	37	25	46	-13	34	-3	53
VEF	31.0	29.0	7	1
44	55	50	22	10	53	21	14	15	30	35	16	43	19
CKN	25.0	54.0	9	1
36	42	40	53	18	53	23	61	12	63
OYD	61.0	69.0	3	1
70	56	38	85	68	77	39	67	40	88	79	69	76	64	80	49
AUM	36.0	63.0	5	1
44	50	46	60	27	83	28	61
QYP	25.0	73.0	7	1
19	53	31	80	24	94	3	54	19	91	44	62	38	83
OGK	-5.0	91.0	8	1
17	100	17	90	-9	97	-6	99	-5	75	-17	117	-22	76	-16	75
BYJ	32.0	0.0	0	1
27	-3	49	-20	49	11	18	11	18	4
VQP	50.0	60.0	8	1
42	58	49	49	69	53	36	54	45	70	60	78
WWN	90.0	9.0	9	1
94	23	80	32	82	34	111	-11	78	7	84	-14	107	-8
SXG	10.0	73.0	9	1
26	82	8	89	-4	78	32	79	29	73	14	76	-9	49	-14	60
HHJ	8.0	25.0	9	1
-4	33	-11	39	14	26	13	35	-2	39	14	4	7	2	33	28
ELA	61.0	74.0	9	1
52	48	61	78	60	93	58	84	76	70
OXC	42.0	92.0	3	1
33	70	51	102	20	88	32	101	48	74	60	106	56	107
EDJ	73.0	54.0	7	1
62	59	81	62	67	52	83	45
