UOH	40.0	83.0	9	1
27	88	66	79	37	97	29	80	41	72
QOH	78.0	55.0	20	1
74	73	67	39	58	40	87	49	95	60	89	73
VMN	44.0	87.0	6	1
33	79	35	104	21	75	52	68	51	99	57	91	64	96
UAG	46.0	81.0	4	1
37	68	59	83	40	96	49	80
SOK	0.0	64.0	9	1
-13	45	25	58	12	83	-18	54	-4	64	-7	77	9	71
BJY	62.0	82.0	8	1
54	69	67	68	74	106	66	76	68	93	53	77	41	76	77	96
EXH	77.0	88.0	15	1
73	78	85	88	77	86	77	106	93	75	57	90	80	96
PBA	86.0	62.0	18	1
77	73	96	68	101	72	68	59	88	39
QTW	58.0	39.0	12	1
46	36	55	54	75	46	71	35	46	26
AMW	79.0	47.0	8	1
73	55	60	30	92	53	72	45	101	53
IMT	-8.0	69.0	23	1
-9	69	-3	100	-8	65	-13	61	-10	53
UIK	14.0	36.0	16	1
-7	16	6	26	37	34	8	45	-4	36	25	57	34	41
VUE	19.0	83.0	25	1
37	64	11	106	-1	70	10	73	42	103
MBW	33.0	64.0	1	1
20	34	23	76	40	74	52	75
UCS	37.0	68.0	20	1
21	57	46	79	21	89	24	50	62	89	29	51	43	66	50	63
ZTL	35.0	100.0	21	1
34	116	49	86	20	117	48	87	35	95	31	100	33	99
JDG	4.0	88.0	4	1
-3	87	-20	106	23	96	25	101	-4	79	17	77	-7	75
FHC	17.0	88.0	9	1
10	101	11	92	17	78	14	86	20	73	31	102
WLS	22.0	28.0	11	1
6	38	13	38	38	37	35	35	25	17	15	6
NEL	11.0	28.0	15	1
16	42	18	31	-8	24	-2	13	12	10	35	51
FTC	21.0	28.0	8	1
31	20	21	34	32	46	13	8	16	46	17	14
TTF	75.0	76.0	5	1
92	90	55	61	88	68	57	80	74	91	82	78	82	69
ELB	37.0	23.0	1	1
22	35	24	17	25	48	32	18	53	29	50	11	37	5	54	22
JXX	60.0	56.0	2	1
63	53	51	53	37	72	69	63	82	55	63	47	58	51
AYZ	5.0	24.0	20	1
24	14	6	13	-10	36	15	27	-9	32
OXI	88.0	37.0	20	1
104	42	79	35	96	14	82	37	96	51	73	45
ZLZ	82.0	-14.0	19	1
84	-17	102	-16	65	-7	78	-16
SPC	97.0	94.0	21	1
117	104	100	105	102	71	92	92	76	101
