SCC	83.0	49.0	1	1
73	26	100	44	71	53	94	50	80	62	97	55	82	45	68	59
VKP	54.0	51.0	19	1
55	66	35	74	73	33	39	43	70	40
NVO	45.0	94.0	22	1
41	102	59	100	20	86	53	102	57	110	42	68
YSR	49.0	81.0	18	1
71	90	34	94	41	58	27	71	73	96
WWT	66.0	94.0	3	1
54	72	62	98	83	105	63	117	78	103	62	72	65	97
YQJ	6.0	12.0	12	1
23	33	-15	-1	-1	-9	23	34	21	6	5	-2	-8	26
QQV	77.0	93.0	9	1
52	93	82	99	76	77	97	89	79	109	55	91	96	109	86	81
SZV	15.0	64.0	24	1
17	58	11	55	26	70	9	76
BBP	73.0	6.0	18	1
73	-3	73	22	49	-4	82	8	92	-5	50	-3	96	28
YIT	67.0	30.0	12	1
87	44	51	30	88	19	57	25	54	34
GRX	75.0	36.0	8	1
85	24	93	53	65	60	61	15	75	32
DMI	77.0	74.0	22	1
51	90	90	56	99	80	96	59	61	71	68	90
OTE	33.0	88.0	17	1
57	90	36	89	22	84	27	73	25	104
WRJ	35.0	98.0	22	1
6	116	34	109	49	88	43	78	33	93	46	106
AWT	5.0	12.0	3	1
-2	25	-1	-3	10	11	16	25	6	3
WRJ	93.0	102.0	1	1
83	104	102	103	104	100	76	119	101	88
YAY	15.0	32.0	4	1
29	49	-7	50	35	11	14	28	-9	38	24	34	19	14
MQU	76.0	28.0	1	1
48	24	84	38	89	35	80	6	92	52	45	27	88	3	82	41
JZW	55.0	85.0	3	1
54	68	57	82	73	103	52	83	56	70	39	105
EPE	77.0	44.0	20	1
59	30	61	68	64	32	88	56	101	44	105	32	61	46
CFK	84.0	25.0	5	1
77	15	85	41	82	23	94	21
OOZ	76.0	100.0	16	1
86	88	66	87	72	117	83	108
NFS	30.0	13.0	18	1
40	6	26	27	4	-3	49	22	16	-6	49	21	32	25
XCP	81.0	3.0	8	1
90	14	73	14	73	-13	95	4	78	-1
NJE	7.0	85.0	20	1
11	72	12	85	2	95	29	84	15	72	-9	92	7	103	-4	79
DQO	39.0	53.0	13	1
28	49	59	49	13	48	55	71	44	49
KOU	3.0	-3.0	19	1
0	-16	-12	21	10	-13	16	12	4	-23
ZJA	95.0	73.0	21	1
92	93	74	75	107	69	100	68	108	85	100	68	86	58
RJZ	49.0	16.0	10	1
45	13	71	23	56	33	53	30	33	29	46	-9	44	-1
BRR	89.0	51.0	1	1
87	67	90	33	78	33	81	69	104	67	98	40
UMT	52.0	48.0	5	1
45	53	61	22	44	59	40	43	48	56	74	60
PRF	95.0	35.0	24	1
87	24	106	28	94	48	87	20	111	52	85	40
NQX	16.0	46.0	17	1
21	51	38	44	27	50	12	57	-4	21	-6	48	26	53
RYA	88.0	15.0	19	1
92	-4	79	8	111	21	71	37
PWM	21.0	62.0	20	1
30	71	21	65	36	65	3	70	26	54	10	47
TBM	26.0	38.0	0	1
28	28	15	20	14	64	37	22	27	52	49	64	15	19
MYW	50.0	82.0	8	1
57	72	53	70	66	75	59	76	29	99	65	97	34	87	44	85
JCD	64.0	20.0	20	1
83	40	52	2	41	35	79	23	52	21	79	2
HKL	94.0	100.0	19	1
104	109	105	90	89	120	83	93	97	116	101	82	97	90	80	101
QSW	91.0	108.0	21	1
69	95	96	104	101	115	96	110	95	120
GCI	101.0	64.0	15	1
113	66	89	66	103	57	107	81	102	74	94	49	102	56
SFS	100.0	76.0	25	1
92	50	109	92	100	79	100	76	99	85
APX	21.0	67.0	10	1
9	75	3	75	32	46	40	72
YAH	56.0	49.0	10	1
68	56	31	51	56	38	59	60	69	43
OEA	-2.0	9.0	2	1
-17	7	-15	32	10	-9	-15	5	-1	28	22	-6
CJB	47.0	22.0	10	1
42	27	72	6	44	43	32	19	55	29	31	9	53	26
OMH	76.0	67.0	24	1
100	52	101	53	65	65	64	84	58	66	89	74	74	60	62	83
EIR	94.0	4.0	6	1
103	-10	76	8	108	10	72	0	91	-4	100	9	94	27	109	-6
CSB	76.0	93.0	14	1
90	84	61	100	76	98	90	88	64	86	75	103
WJN	53.0	82.0	13	1
68	61	41	105	46	73	65	104	57	61	52	96	48	74
