ARG	-4.0	15.0	4	1
-19	4	13	-8	-15	27	11	25	-19	13	3	29
NRJ	60.0	50.0	7	1
78	30	45	45	52	51	55	66	74	59
IHX	33.0	35.0	2	1
8	43	55	39	34	37	39	27	56	26	9	38
DVQ	57.0	9.0	7	1
65	-1	65	2	49	-8	60	13	59	19	58	10	43	31
WXA	67.0	26.0	6	1
60	26	93	9	68	22	55	28	67	35	62	40
ZFX	18.0	96.0	2	1
37	115	17	71	27	101	27	94	13	99	4	97	29	84	-10	113
OMM	81.0	7.0	1	1
62	6	95	-6	89	12	92	5	69	19
DIZ	89.0	102.0	5	1
85	100	112	79	78	121	76	98	74	106	114	113
KDK	-1.0	51.0	5	1
-9	58	-14	37	-12	49	16	49	5	60	8	55
QQJ	70.0	32.0	0	1
52	23	82	39	69	4	72	36	84	44	89	32	66	40	53	43
JYC	82.0	-5.0	3	1
85	2	79	-22	79	-18	87	18
ZGI	6.0	63.0	6	1
4	36	6	64	-11	74	7	56	28	72	6	77
NTC	101.0	65.0	10	1
114	44	102	67	110	75	88	77	91	60	103	69
BBX	19.0	70.0	0	1
34	67	13	64	16	71	16	80	17	70
QDQ	36.0	62.0	3	1
50	45	27	70	34	46	39	86	45	86	25	40
LAN	61.0	33.0	3	1
58	19	74	37	52	44	65	34	51	16	77	30	43	61	72	25
TNX	80.0	75.0	2	1
93	59	83	85	59	97	98	57	68	81
JGD	89.0	42.0	1	1
93	41	78	28	88	43	104	47	95	38	81	35	85	62
WXP	45.0	66.0	7	1
61	58	49	48	53	74	51	90	13	57	30	67	59	68
IBQ	57.0	15.0	2	1
46	11	71	28	73	-5	50	27	46	15
EXX	-1.0	70.0	2	1
-5	84	5	62	-10	82	4	74	-13	57	8	64
MWG	77.0	41.0	2	1
69	43	81	13	73	54	82	53	81	35	65	54	91	39
JYB	51.0	67.0	1	1
55	73	45	63	42	95	44	65	61	57	65	59	45	57
CZI	4.0	53.0	3	1
5	60	22	43	-16	46	17	68	-8	51
WGY	0.0	0.0	5	1
26	14	10	-11	10	31	-14	-11	-14	-3	10	10	-14	-13	-14	-16
MDY	15.0	59.0	10	1
4	70	21	40	35	70	19	59	24	41	-8	76
DDT	71.0	94.0	6	1
85	101	75	82	61	66	66	102	77	107	75	107	60	93
CBN	43.0	85.0	9	1
51	95	39	91	43	80	56	74	26	85
HOD	29.0	74.0	7	1
29	58	21	59	41	76	7	72	31	62	24	104	54	89
EQJ	38.0	25.0	3	1
39	40	52	31	31	6	21	21	51	29
QJK	74.0	77.0	10	1
105	68	59	73	67	84	65	85
BXJ	9.0	95.0	8	1
21	89	-8	96	19	84	24	106	11	98	11	96	-14	96
AJI	84.0	17.0	2	1
94	24	93	27	57	-5	69	29	95	10	96	21
RDC	79.0	29.0	9	1
98	15	61	33	95	22	80	41	75	36	68	28
PKW	72.0	89.0	1	1
84	66	69	104	75	89	87	107	65	75	52	94
EEK	68.0	16.0	10	1
80	37	76	34	65	-4	69	-2	79	30	42	2
IDR	28.0	13.0	1	1
33	44	28	11	32	3	12	27	26	-3	38	0
GLH	41.0	22.0	1	1
45	3	42	31	46	15	57	23	15	40
DWO	88.0	93.0	2	1
99	117	67	86	82	82	106	90
TIL	20.0	79.0	6	1
31	90	10	84	40	93	16	89	37	75	8	67	4	58
OIZ	48.0	83.0	1	1
31	97	62	76	56	93	52	84	41	69
HCZ	24.0	11.0	7	1
13	6	7	1	45	16	34	21
DZY	77.0	68.0	8	1
85	100	86	54	64	60	98	92	76	53	60	58	72	62
XXK	100.0	66.0	0	1
79	81	100	64	104	62	114	62	92	70	111	61
IYM	91.0	53.0	3	1
104	59	75	67	89	34	96	69	96	71	76	34	100	63	93	34
XUV	5.0	89.0	5	1
-11	69	18	73	-2	99	30	104	-6	107	5	84
EVX	59.0	52.0	5	1
42	48	38	65	77	39	65	48	74	64
