DER	55.0	27.0	4	1
53	44	69	31	45	25	53	8
GQI	31.0	18.0	2	1
18	10	27	38	21	19	35	27	51	22	21	-4	51	34	26	0
IID	9.0	34.0	9	1
11	27	-9	16	16	42	26	45	29	33	13	23	-5	37	-7	56
CPA	65.0	9.0	3	1
89	-8	54	16	77	5	62	14	43	18
SJA	28.0	31.0	0	1
14	15	47	39	36	22	33	33	13	49
VFV	74.0	6.0	5	1
85	21	67	-9	76	16	70	-3
NNJ	86.0	29.0	3	1
91	29	88	49	87	19	73	31	98	20	100	19	66	40
NCC	15.0	38.0	5	1
21	36	44	45	10	31	12	44	6	44	-3	26	15	40
REU	70.0	91.0	9	1
72	70	72	101	88	79	55	108	67	101
MQA	58.0	6.0	5	1
64	10	73	-3	62	5	49	15	46	14	45	0	72	4
MCX	73.0	8.0	7	1
65	17	94	-7	88	9	64	12	53	4	79	15
KMD	14.0	69.0	6	1
-4	67	37	87	-6	54	24	76	12	86	23	44
