CXH	67.0	11.0	0	1
65	21	76	5	54	-2	69	14	64	24	73	26	57	13	85	-7
NLV	22.0	79.0	1	1
13	98	44	63	33	73	22	67	16	101	7	72
KAV	14.0	73.0	10	1
23	53	-1	93	28	64	23	74	14	80	-4	64	12	92	22	70
JZF	60.0	78.0	24	1
60	90	60	57	72	86	43	70	65	88
HIC	23.0	36.0	16	1
28	50	19	27	38	19	34	39	0	30	20	56
WUJ	39.0	11.0	20	1
19	30	56	31	32	14	57	-1	22	3	40	3	49	3
CHV	55.0	49.0	20	1
53	40	67	69	64	48	50	60	42	32
EKZ	34.0	92.0	7	1
41	80	44	86	22	104	29	98
POU	40.0	39.0	8	1
21	31	59	39	45	66	47	37	67	31	20	51	21	22
UMT	38.0	50.0	14	1
25	61	52	55	21	62	59	46	37	28
GND	95.0	35.0	5	1
100	39	88	47	67	50	103	36	115	10	102	29
MRG	0.0	44.0	17	1
13	33	-6	43	20	39	-22	48	9	54	-8	48	-11	44
LUJ	59.0	72.0	1	1
48	70	69	78	40	71	82	80	66	65	51	68
MHA	-2.0	25.0	18	1
18	21	-13	21	17	20	-18	41	-4	17	-13	30
KBH	69.0	92.0	12	1
78	110	67	95	46	104	75	77	53	75	83	98	85	89
GQY	-1.0	10.0	0	1
-9	28	2	-11	-19	14	20	10
VGC	26.0	71.0	13	1
25	69	34	99	36	53	50	74	10	67	6	67
LIK	18.0	54.0	3	1
30	53	10	63	23	40	6	52	11	71	34	42	34	54	-4	58
JPO	23.0	82.0	17	1
17	83	-1	62	41	70	23	73	8	106	41	61	32	106	30	101
KLJ	52.0	46.0	16	1
45	40	73	48	65	61	52	46	28	35
FZR	51.0	42.0	10	1
41	33	34	39	54	42	49	59	76	40	53	42
CAS	2.0	81.0	15	1
-22	103	13	84	-5	66	24	74
PET	22.0	83.0	2	1
19	102	7	68	43	81	5	82	38	62	7	93	38	95
OKX	70.0	108.0	17	1
80	117	61	108	83	106	58	101
WTV	96.0	39.0	7	1
94	29	86	23	95	42	86	63	119	39
ACN	65.0	8.0	24	1
53	6	47	21	77	37	85	-6	50	3	72	8	77	-7
