HOB	39.0	52.0	8	1
32	58	46	54	61	45	23	30	37	74
SOZ	17.0	25.0	5	1
36	5	3	39	10	30	10	31	30	20
GBC	39.0	16.0	9	1
28	18	48	27	53	-7	38	9	30	33
FTI	75.0	39.0	1	1
75	23	75	51	78	20	72	62
UFT	90.0	86.0	1	1
90	69	87	98	84	92	103	70	86	102
BLX	84.0	102.0	1	1
67	91	87	100	75	106	108	114
DGX	71.0	48.0	3	1
66	38	62	46	67	48	88	50	85	38	52	58	80	59
QPN	22.0	25.0	8	1
45	27	31	11	26	53	24	23	38	24	-2	8	-1	34	19	21
HBR	77.0	55.0	10	1
65	45	84	52	103	57	75	53	75	52	83	64	60	62
GZV	36.0	30.0	10	1
37	42	46	11	36	35	35	30	27	36
PJF	94.0	92.0	9	1
95	108	99	105	83	87	101	68
PXG	5.0	57.0	3	1
4	56	0	48	-4	77	-15	37	23	55	24	70
VOI	50.0	44.0	6	1
61	62	59	58	41	32	42	42	47	46	58	46	45	24
CVW	74.0	6.0	3	1
67	-8	93	6	95	4	78	8	52	26	62	5
KMS	9.0	65.0	2	1
20	51	21	57	7	62	-6	54	17	90	-18	79	22	67
WRI	1.0	101.0	6	1
-2	116	-13	113	-2	77	28	101	12	112	21	119	-14	98	-16	77
CSN	33.0	15.0	6	1
14	-3	16	25	25	-1	48	12	33	20	37	29	62	25
XXR	101.0	67.0	1	1
87	61	106	62	86	57	116	75	110	82
PXD	34.0	7.0	7	1
29	-6	23	-8	39	13	29	25	50	12	37	10
VIJ	62.0	7.0	9	1
72	13	68	7	79	30	36	1	55	-13
DPX	91.0	88.0	5	1
83	63	89	101	95	103	73	74	103	96	100	105	100	78
UOP	94.0	73.0	8	1
68	61	70	96	104	70	103	99	107	56	112	60
AAL	40.0	79.0	7	1
20	89	48	66	35	80	46	85	23	69	59	88	26	85	64	75
KAD	78.0	50.0	0	1
55	48	98	46	82	62	78	47
VCI	53.0	35.0	8	1
77	41	63	22	40	31	32	46
XGZ	10.0	84.0	6	1
-4	72	15	103	-1	101	22	66	19	78
QKO	70.0	52.0	2	1
69	66	52	46	64	38	76	46	84	47	49	37	72	58	94	83
XOZ	93.0	54.0	2	1
93	77	112	44	81	47	92	72	106	48	95	30	69	45	101	69
XYR	77.0	23.0	9	1
54	28	98	7	97	44	64	18	51	31	83	40	90	17	79	5
