DVT	45.0	99.0	23	1
52	110	57	106	34	88	31	88	51	104
CTI	-3.0	90.0	13	1
-5	78	15	99	-14	76	-23	77	23	110	-14	83	-8	111
XFT	47.0	35.0	10	1
36	17	54	22	55	61	70	36	33	36	34	41
ZHS	92.0	90.0	6	1
72	78	101	60	83	104	92	103	95	105	109	95
PWW	63.0	32.0	14	1
83	8	77	34	54	30	49	42	46	43	69	37
VGZ	39.0	38.0	2	1
45	43	40	21	46	23	19	56	44	39	42	31	42	58
QIT	84.0	53.0	16	1
83	43	104	36	85	66	70	60	66	60	96	54
KFA	59.0	78.0	5	1
58	84	77	82	45	98	58	65	59	82	85	76	49	76	45	68
TFD	6.0	97.0	18	1
8	115	14	93	-4	99	6	84
SMW	34.0	18.0	13	1
51	5	19	30	35	33	31	5
RHA	26.0	52.0	6	1
48	63	18	67	33	49	6	58	3	52	33	38	44	37
VSI	48.0	37.0	21	1
49	21	36	26	66	53	32	67	59	23	56	25	41	48
WML	55.0	59.0	12	1
65	68	41	84	47	53	73	42	44	47	65	65
DPS	53.0	86.0	19	1
56	90	50	87	58	86	48	96	57	97	52	63
ITV	26.0	41.0	15	1
44	28	35	48	35	21	35	54	26	36	4	64	25	41	11	43
DFB	82.0	22.0	7	1
84	33	81	33	115	3	74	40	73	5	69	23
RQX	88.0	53.0	24	1
96	44	93	67	88	44	81	38	99	54	73	73
EKK	33.0	16.0	4	1
38	-8	22	13	35	25	37	35
JXC	38.0	61.0	10	1
44	47	62	63	27	51	50	70	30	65	16	75
HFJ	54.0	28.0	9	1
73	22	51	20	65	38	48	14	41	27	46	48
GFI	49.0	71.0	6	1
24	61	63	83	60	72	67	73	57	54	24	86
ZHV	45.0	73.0	4	1
55	91	27	69	61	57	53	91	22	67	33	60	64	78
WLY	30.0	68.0	18	1
26	64	21	64	54	48	21	84	28	81
VKB	89.0	18.0	24	1
102	-4	89	21	106	14	103	15	85	32	66	16	75	32
TSA	79.0	81.0	1	1
68	79	68	71	91	105	72	71	100	83
TZB	21.0	-1.0	20	1
23	6	14	-5	15	5	31	4	23	-19
KYE	19.0	78.0	21	1
-1	72	22	87	31	52	13	94	36	82	7	85	24	91	22	67
VLR	3.0	93.0	10	1
27	94	11	104	13	107	-7	88	-10	69	-17	100	10	95
DRS	2.0	85.0	9	1
-7	104	-2	95	16	94	4	67	-14	69	8	90	14	81
CLY	89.0	34.0	13	1
106	39	71	43	94	40	103	27	98	19	64	40
BNG	21.0	38.0	25	1
12	26	24	41	31	47	39	26	12	42	25	43	4	57	27	23
