EWN	55.0	88.0	13	1
55	91	42	95	51	85	81	89	34	73	73	85	54	101
PFM	16.0	68.0	19	1
24	90	9	71	16	51	1	56	1	67	46	76
GDA	43.0	20.0	22	1
62	26	63	9	23	23	32	7	39	35
OEO	2.0	5.0	9	1
-9	0	3	18	11	-13	-14	-2	22	3	-6	11	3	4	7	21
PWQ	41.0	56.0	10	1
36	43	56	56	36	49	62	55	33	63	34	62	31	67
WYY	-5.0	25.0	21	1
-23	31	-14	13	-22	27	14	33	-3	26	15	24
PBP	10.0	64.0	25	1
19	69	13	51	-18	59	27	83	-1	68	17	49	21	74	4	63
BZE	104.0	5.0	14	1
110	4	108	29	88	-4	113	-7
RPV	22.0	67.0	14	1
2	74	4	42	4	78	44	50	13	81	34	71	42	76	35	70
KJY	21.0	29.0	7	1
12	45	20	9	44	45	13	6	10	43	44	51	10	10
VHC	56.0	80.0	14	1
58	61	45	90	63	69	52	90	62	92
GUV	29.0	25.0	16	1
13	35	17	19	17	19	60	44	20	15	34	37	42	6
GMT	15.0	67.0	10	1
-3	63	13	43	8	80	30	84	28	69
MXG	54.0	-1.0	4	1
50	-9	41	-3	60	-6	62	-11	59	20
MWR	7.0	28.0	7	1
14	35	2	21	1	14	13	42
IRZ	12.0	57.0	18	1
-1	73	-4	50	18	40	36	67
XKL	48.0	-2.0	6	1
25	2	40	-20	63	4	42	-15	67	3	53	12
NVC	42.0	84.0	12	1
33	88	35	80	31	102	66	103	58	73	29	62
OLJ	76.0	47.0	8	1
77	54	80	53	62	44	79	34	83	54
GUR	33.0	34.0	4	1
30	58	28	56	57	13	27	40	27	32	27	25	39	15
CTP	59.0	26.0	21	1
40	26	80	31	66	20	72	36	43	26	51	31	66	15	54	27
KKR	70.0	31.0	4	1
57	48	85	20	74	15	63	30	54	29	88	45
CBQ	15.0	68.0	25	1
21	84	21	44	19	45	27	81	0	73	23	83	-5	71
POX	7.0	35.0	3	1
5	31	21	19	18	54	-14	37
FCD	78.0	20.0	24	1
84	27	67	17	78	17	86	19
RBG	89.0	34.0	19	1
84	46	92	39	104	26	92	26	81	33	74	32	85	36	106	35
ZRM	-8.0	19.0	16	1
17	26	-11	20	-23	29	-11	20	-18	22	9	5	-9	30	-21	4
FFU	23.0	47.0	21	1
41	54	31	50	33	49	36	39	3	48	0	34	21	55
QZG	8.0	87.0	8	1
-2	61	13	90	22	87	14	92	-4	106
IJK	47.0	37.0	22	1
59	47	41	60	64	32	48	20	26	62	46	20	49	23
JXV	60.0	9.0	20	1
37	-10	71	23	73	25	42	10	78	8	60	-2
VDZ	92.0	98.0	1	1
75	95	102	100	105	113	89	85
HTW	50.0	94.0	1	1
51	97	61	92	46	109	43	79	50	97
HEQ	65.0	80.0	14	1
52	96	66	69	73	64	79	76	64	70	80	85	43	106
XXS	93.0	35.0	2	1
78	26	112	29	84	27	103	41	90	56
PXG	91.0	95.0	6	1
101	105	109	73	79	84	82	109	103	118	95	80	74	98
MGN	70.0	33.0	3	1
89	38	71	27	57	48	53	45	53	8	95	36	75	32
DBJ	64.0	29.0	20	1
53	51	55	16	71	28	60	17	81	35
FCG	84.0	51.0	4	1
80	67	61	63	70	62	94	39	97	31	95	54	96	41
ZKN	21.0	15.0	3	1
31	23	25	8	-4	12	40	24	33	14	3	14
HDN	60.0	10.0	7	1
66	-8	55	39	57	-4	64	31	59	-6
EGN	40.0	84.0	14	1
49	64	52	91	17	102	34	80	59	67	43	84	32	106
XWK	95.0	95.0	25	1
87	108	103	110	94	63	102	108	93	88
GIT	41.0	48.0	23	1
47	52	56	38	44	46	35	46	35	61	29	47
SNR	34.0	100.0	8	1
46	99	23	117	21	104	38	109	56	84	35	94	21	98
CZV	21.0	29.0	20	1
28	11	5	36	20	33	31	38
