WTJ	21.0	75.0	9	1
0	65	12	95	27	88	46	67	21	61
YPX	0.0	29.0	9	1
-13	51	4	28	14	38	-6	31	-14	16	-9	12	24	29
IHI	33.0	20.0	4	1
31	20	42	4	33	30	23	31	54	19	12	23	22	2	53	33
NKP	55.0	55.0	4	1
68	63	37	76	42	41	53	35	79	60
HPN	1.0	28.0	3	1
-12	31	-11	10	12	15	-15	51	24	53	-14	17	28	19
XQP	26.0	94.0	4	1
33	114	20	87	30	94	11	94	24	88	43	88
MYA	10.0	10.0	10	1
16	12	8	14	5	7	14	7	-8	23	24	-11	17	18
UUH	79.0	9.0	9	1
77	-7	88	4	68	-3	65	5	95	15	98	13	63	39
AFL	34.0	5.0	1	1
19	25	32	19	45	3	53	-17	22	-2
OVG	-5.0	73.0	6	1
-1	59	6	67	-10	75	-16	93
OJJ	100.0	36.0	9	1
77	18	108	52	108	35	77	28	97	15	121	52	117	56
PVR	11.0	85.0	5	1
10	94	38	93	7	94	6	91	1	75	5	89	15	61
MJN	54.0	0.0	2	1
40	15	66	-13	44	-5	55	24	66	-20
IWJ	10.0	96.0	2	1
-13	113	5	114	7	102	24	93	9	70	12	83	29	101
TLW	11.0	41.0	9	1
11	25	12	51	16	29	17	46	17	33	-2	56	8	51
EFU	63.0	52.0	6	1
79	67	74	64	66	58	49	25	53	33	72	58	61	64	50	51
KYW	56.0	87.0	0	1
53	68	41	104	81	89	60	69	48	105
OLK	12.0	10.0	7	1
3	-4	35	18	11	18	1	8
NRM	95.0	28.0	2	1
80	24	119	30	107	28	76	30
VNA	50.0	92.0	8	1
62	74	62	90	46	95	56	96	40	98	37	100
RGE	53.0	74.0	2	1
61	68	56	88	35	73	58	73	66	75	43	70
QKF	23.0	32.0	4	1
34	40	12	16	18	44	19	48	46	40	17	18	17	21
YDC	54.0	88.0	9	1
38	91	64	80	58	94	41	95	45	75	80	94
ZTD	8.0	22.0	7	1
28	2	-8	26	4	39	8	24
BFB	-3.0	10.0	9	1
-3	14	8	-8	-19	25	1	9
MDV	10.0	19.0	6	1
5	33	1	13	35	18	14	22	-6	30	19	15	4	5	12	20
CNH	73.0	52.0	6	1
79	54	81	56	57	62	55	64	71	26	87	53	83	52
DVD	38.0	17.0	9	1
26	7	53	7	35	23	36	36	31	14	31	30	64	18	30	2
RDK	44.0	35.0	9	1
37	28	57	27	55	22	54	33	18	66
VOD	34.0	20.0	1	1
20	11	18	24	63	36	40	34	40	15	23	5
OAM	46.0	44.0	8	1
55	63	58	31	38	55	54	42	26	29
YMB	34.0	91.0	8	1
36	80	50	86	12	104	34	111	30	79	22	85	60	94
DMP	43.0	26.0	1	1
53	26	37	0	59	37	43	32	48	31	46	44	20	13
