GNY	4.0	78.0	5	1
0	84	8	88	10	57	15	100	11	68	-12	62	3	74	0	96
YWH	64.0	41.0	6	1
77	35	65	24	55	29	54	52	61	66	72	45
IZB	69.0	36.0	12	1
69	35	55	33	98	18	65	40	61	56
OAN	18.0	91.0	19	1
9	98	10	100	21	85	29	81	21	94
QJC	49.0	59.0	22	1
53	61	36	65	34	55	34	59	70	53	58	60	59	62
DXF	93.0	0.0	0	1
107	6	88	-17	106	19	81	-4	72	1	105	-8
XTP	35.0	14.0	14	1
34	21	27	-4	23	21	38	27	43	22	45	-1
LHN	61.0	8.0	13	1
45	-1	54	2	72	-6	58	9	72	36	69	8
FRD	32.0	79.0	24	1
40	59	11	89	19	72	55	98	36	78
FNG	-9.0	63.0	18	1
-12	66	-17	39	10	66	-19	82
IKR	65.0	16.0	14	1
46	27	82	43	44	26	78	0	82	2	60	13	54	2	78	22
TSH	28.0	72.0	17	1
17	74	11	95	18	68	44	88	41	51	53	78	13	51
GLG	65.0	37.0	14	1
77	14	55	49	85	15	51	29	62	59	58	58	86	25	47	47
GRI	50.0	36.0	23	1
73	50	48	54	49	22	45	33	38	24
KHK	58.0	87.0	17	1
78	104	76	64	41	82	49	110	51	68	53	99
TXD	45.0	76.0	15	1
50	70	40	72	41	82	62	87	45	86	33	64
NHS	37.0	37.0	19	1
22	43	20	37	49	39	60	32
MZJ	69.0	87.0	13	1
72	90	75	97	58	78	56	76	73	113	79	71	74	90
SVJ	59.0	16.0	18	1
60	31	52	12	41	-7	83	30
