PBO	30.0	19.0	0	1
23	-3	40	37	7	31	32	21	45	-1	33	30
JMY	3.0	21.0	1	1
26	47	-21	8	1	20	-3	2	14	22	-13	14	21	38
DGP	47.0	63.0	8	1
47	43	41	46	42	66	51	84	41	48	60	89	50	67
NVZ	-4.0	45.0	10	1
-11	60	2	60	12	39	-11	34	2	32	-12	61	-11	29
DJG	-2.0	24.0	3	1
-21	18	12	47	-14	18	-2	19	1	17	11	25
DDZ	57.0	62.0	2	1
56	79	42	66	74	60	59	82	49	44	63	44
CPP	86.0	39.0	2	1
107	25	110	30	73	31	75	45	93	41	71	36	76	69
GQJ	77.0	-9.0	2	1
91	-18	72	-13	94	9	58	-22	56	8	91	-19
GHE	76.0	57.0	1	1
81	75	82	51	78	63	67	57	75	39
