VHY	27.0	38.0	5	1
44	46	21	59	24	46	16	34	37	35	22	11
DHQ	30.0	77.0	25	1
26	77	44	88	14	70	36	75
GXZ	38.0	39.0	11	1
30	55	41	29	37	27	37	14	34	48	51	45	40	58
XAR	75.0	31.0	5	1
73	45	74	14	91	21	64	46
OFM	49.0	89.0	11	1
42	93	53	80	48	76	44	103	57	102	50	81
SMQ	51.0	84.0	7	1
42	76	73	101	45	108	50	70	57	71	43	78
LNS	92.0	10.0	10	1
69	23	110	11	74	28	95	19	109	-1	107	-5	85	21	87	-9
MTD	29.0	33.0	15	1
33	54	21	22	39	28	40	53	30	5	37	27	6	43
RRK	17.0	36.0	4	1
5	37	40	15	34	52	0	39	9	37
YWI	44.0	99.0	19	1
47	108	50	105	56	95	30	102	26	76	59	108
OGU	81.0	69.0	23	1
91	75	66	64	61	59	100	84	97	73	74	63
LAR	83.0	79.0	10	1
79	79	99	93	70	82	90	64	72	60	90	98
AAV	107.0	28.0	16	1
91	7	108	46	112	26	115	47	113	19	116	16	96	39
XFW	12.0	47.0	1	1
-3	42	9	59	11	69	22	47	1	41	35	46	10	30
FOH	64.0	41.0	19	1
41	41	44	33	62	60	74	53	66	36	81	24	74	28	77	54
SGC	55.0	70.0	22	1
62	83	64	64	38	50	57	75	54	78
QNA	37.0	74.0	8	1
15	81	57	99	28	59	49	58
RAO	88.0	23.0	12	1
92	42	113	16	88	17	84	29	71	24	77	15	94	24
KZH	42.0	39.0	23	1
51	52	37	27	43	48	38	19	50	40	40	36	39	53
NPA	88.0	50.0	22	1
100	50	101	51	76	58	71	46	92	46
JMI	93.0	13.0	4	1
109	5	89	32	100	28	96	24	81	12	96	-1	97	11	77	-2
AAV	68.0	45.0	2	1
73	54	70	33	68	57	68	47	71	52	60	32
WSG	44.0	16.0	23	1
46	5	24	24	41	33	54	20	42	1	54	14	47	18
