JXY	51.0	77.0	6	1
57	78	53	81	47	100	60	62	39	68
VTZ	91.0	33.0	4	1
67	44	97	37	106	8	89	24	77	38	111	47
DWN	30.0	49.0	13	1
15	50	55	55	35	34	25	39	23	48	23	60	35	63
RJP	86.0	20.0	4	1
72	11	81	9	92	51	100	11
MVQ	19.0	95.0	8	1
23	81	18	89	5	110	11	103	38	96
WZM	91.0	44.0	22	1
81	47	97	64	76	41	76	52	111	52	100	31	97	25
RVN	30.0	41.0	6	1
11	30	41	49	38	42	31	43
SDQ	76.0	14.0	9	1
107	3	68	34	66	27	74	7	66	2
IIL	55.0	18.0	24	1
75	19	31	34	50	28	66	8	75	2	60	1	29	39
GAS	41.0	71.0	16	1
45	69	15	54	53	79	53	85
MHL	62.0	34.0	16	1
63	29	72	57	72	28	48	40	72	25	50	29
SAG	26.0	84.0	21	1
40	99	37	92	-4	90	37	82	24	61
IMJ	47.0	32.0	20	1
26	17	42	20	64	38	44	40	67	46	40	35
LWE	78.0	60.0	5	1
80	61	72	66	92	55	72	73	74	69	78	36
TCZ	31.0	9.0	19	1
14	-11	29	9	25	2	44	23	46	23
