UKI	66.0	55.0	5	1
73	58	59	41	77	76	66	73	57	29
YOW	4.0	76.0	2	1
1	72	0	58	19	77	-1	98
XMG	45.0	66.0	9	1
60	48	59	79	36	51	45	66	23	87	43	73	47	56	47	75
MQR	68.0	78.0	1	1
64	75	70	88	53	82	88	67
DMT	6.0	69.0	4	1
-7	54	14	68	-8	58	24	85	-3	66	19	88
PLH	60.0	63.0	6	1
59	64	62	51	71	54	74	93	37	54
NZJ	57.0	14.0	10	1
73	-13	49	31	39	15	54	20	72	26	54	10	63	13
KLT	70.0	92.0	7	1
85	103	59	91	62	99	80	82	65	88
KYZ	33.0	63.0	3	1
20	56	38	78	13	55	30	61	45	58	52	73	34	64
ONI	55.0	8.0	1	1
61	-5	81	-12	38	25	75	21	43	19	36	-6	51	14
IIN	16.0	-3.0	6	1
4	12	13	-7	29	-4	21	-13
XGZ	62.0	101.0	6	1
86	76	65	110	51	103	52	112	58	108
TAH	72.0	9.0	10	1
56	22	80	-9	86	24	73	21	68	-12
