AVJ	77.0	30.0	16	1
65	37	79	25	77	8	84	48	99	18	63	46
OFP	44.0	83.0	12	1
34	90	54	96	41	75	60	83	52	74	37	101	36	67
THJ	71.0	99.0	6	1
45	78	68	96	67	96	82	79	79	118	81	112	78	116
OJC	47.0	100.0	8	1
58	91	53	118	58	99	25	94	65	77	21	120	55	101
YMT	64.0	85.0	22	1
78	82	69	72	57	109	53	78
QHQ	11.0	60.0	23	1
18	77	17	38	22	80	9	38	-2	74	2	58
KQE	42.0	27.0	7	1
36	33	46	18	35	41	36	23	60	23
DZA	95.0	24.0	25	1
116	8	86	11	75	42	106	36
CPN	53.0	70.0	16	1
33	49	40	77	42	72	77	56	73	83	33	85	77	68
YCO	43.0	92.0	9	1
32	109	56	106	47	84	38	87	29	114	47	72	57	73
JQA	60.0	6.0	14	1
73	9	57	-7	67	23	50	15	57	-10
GDE	85.0	74.0	23	1
93	58	95	88	98	53	77	66	89	74	73	90	70	93
YOW	21.0	80.0	8	1
12	66	35	88	16	84	8	70	34	88	12	83	24	70	31	92
JLE	76.0	86.0	24	1
96	116	68	73	75	68	83	82	62	94
SXL	59.0	67.0	4	1
34	46	79	47	47	63	76	94	59	90	56	56	64	77
JOP	54.0	82.0	10	1
30	105	52	86	50	87	43	78	74	76	75	65
FOC	37.0	60.0	10	1
38	65	44	38	34	59	34	79
TUU	52.0	13.0	8	1
63	34	67	6	33	10	70	9	28	-6	47	7	71	14	38	34
ZQZ	86.0	91.0	23	1
74	90	113	101	74	90	105	79	78	94	72	93
BIT	38.0	16.0	0	1
58	9	22	29	40	34	31	-7	48	15	29	21
IPQ	44.0	56.0	6	1
30	41	66	61	64	53	50	58	22	50	34	73
LXV	87.0	73.0	1	1
78	60	91	75	76	80	93	65	100	86
NFP	37.0	67.0	11	1
19	76	38	87	29	61	58	69	42	42
QNW	22.0	102.0	20	1
39	79	24	106	21	98	14	111	15	117
IAK	17.0	2.0	21	1
30	-3	2	28	26	-11	15	-7	12	6
PLN	30.0	36.0	3	1
9	53	51	34	17	31	49	35	10	17	49	45	25	37
CRF	73.0	15.0	18	1
82	3	68	13	72	13	94	16	51	31
UTP	59.0	97.0	7	1
78	95	51	110	72	69	76	112	31	92	36	106	54	94	74	98
TZX	0.0	40.0	18	1
-2	52	14	20	-10	26	-7	55	-4	46	7	41
IXL	72.0	71.0	24	1
87	45	74	83	54	79	63	84	86	65
OBH	80.0	17.0	20	1
68	7	90	-1	97	29	60	33	93	0	70	22	86	32
VSN	41.0	75.0	24	1
31	86	33	61	41	83	67	64	33	85
DFD	37.0	9.0	23	1
35	-9	48	28	23	10	45	8
YDQ	28.0	100.0	5	1
47	95	16	117	49	110	32	93	24	80	13	102	21	109
BTH	62.0	43.0	9	1
47	49	82	47	55	59	68	28	60	35
VDY	57.0	89.0	13	1
55	90	74	106	63	88	34	99	51	90	61	78	61	75
QZH	104.0	8.0	3	1
101	2	115	18	103	-7	97	26	104	1	88	1	110	31	120	-5
EBT	54.0	81.0	5	1
58	71	43	66	41	93	49	77	44	88	59	67	75	104	67	88
FMX	22.0	42.0	22	1
-4	22	39	42	30	26	27	61	30	39	10	63
RBV	48.0	59.0	6	1
43	64	44	48	68	62	32	69	61	60	33	55	55	59
ZBA	74.0	61.0	23	1
77	83	65	41	87	76	92	58	74	68	62	47	66	59
RUU	15.0	65.0	5	1
14	65	5	58	21	67	23	48	12	87
KPZ	40.0	101.0	6	1
52	93	34	99	38	119	17	109	40	103	61	84
BRF	31.0	70.0	4	1
43	74	24	70	24	75	25	61	42	79	28	61
JMP	20.0	58.0	6	1
43	65	4	72	7	57	8	51	34	46	11	62	34	54
TUJ	61.0	44.0	16	1
63	58	60	34	46	47	76	48	72	51	79	24	39	57	53	35
NPB	40.0	51.0	23	1
48	49	21	62	53	54	50	18	60	60	25	67	24	48
AIV	29.0	112.0	2	1
40	117	26	109	37	118	13	107
ZCA	68.0	13.0	15	1
73	8	82	42	90	33	55	0	46	-2	66	-2
