UNI	56.0	61.0	9	1
65	65	40	65	39	44	80	52	75	83	50	69	43	47	62	64
THA	30.0	41.0	2	1
25	17	20	39	22	59	65	48	21	42
WTU	0.0	7.0	4	1
-7	25	14	-3	15	-11	-16	28	-10	-3
YNM	60.0	93.0	6	1
38	97	80	95	81	96	47	85	76	84	35	96	69	98
IDB	23.0	90.0	1	1
12	115	51	78	22	100	16	74	31	77	21	85	13	106
PYK	24.0	32.0	5	1
44	28	16	41	40	47	21	10	3	34
BAR	94.0	45.0	2	1
93	55	99	37	107	28	86	69	87	40
UMI	60.0	84.0	4	1
72	92	58	85	60	94	71	90	48	59	74	74	40	96
ESI	62.0	41.0	8	1
69	45	52	34	80	49	64	48	49	32
UXP	23.0	76.0	10	1
44	81	0	54	20	86	38	78	16	84
BXS	20.0	43.0	1	1
10	28	27	43	16	39	15	46	36	59
VFH	30.0	18.0	8	1
28	30	20	8	22	32	43	28	28	-8	50	16	23	26
QLD	98.0	15.0	7	1
88	3	106	11	83	-4	107	14	114	32	74	-1	117	41	100	29
MDM	10.0	10.0	2	1
4	25	4	-11	10	22	15	17	25	10	2	-5	15	12
DGJ	71.0	67.0	9	1
72	49	62	77	84	72	87	77	52	64	71	66
HRW	44.0	98.0	6	1
22	88	52	93	43	92	58	112	34	89	60	119
CNP	92.0	73.0	8	1
98	67	84	65	94	72	94	89
BIN	88.0	64.0	6	1
71	45	84	43	108	66	108	86	71	83
BZA	56.0	31.0	1	1
63	13	55	31	61	8	50	36	54	51	53	51
WDD	54.0	62.0	2	1
45	66	55	65	72	51	54	54	35	80	49	61	60	68	69	55
QRK	62.0	10.0	1	1
69	-13	67	22	47	-2	64	22	43	3	74	34	73	8
HIK	18.0	78.0	6	1
27	73	38	69	5	80	-1	86	23	82
GZN	75.0	98.0	3	1
66	87	79	98	79	81	87	101	89	97	73	106	53	116
UXT	36.0	28.0	4	1
27	30	34	12	30	12	46	24	52	39	41	48	27	31
GLC	33.0	67.0	9	1
59	52	20	81	56	46	24	82	29	75	19	81	40	70	18	51
HVK	32.0	83.0	3	1
30	78	29	98	40	104	29	67	34	68
VWM	60.0	31.0	7	1
68	21	67	13	67	37	47	37	52	47
ZLR	78.0	14.0	7	1
72	16	65	29	78	-4	79	37	96	-6
HOQ	-5.0	39.0	9	1
6	67	-21	47	-16	54	-13	29	-22	20	-2	33	11	42	10	24
IZZ	7.0	69.0	1	1
-15	79	30	73	-2	44	21	89	17	65	-4	66
PNI	45.0	63.0	7	1
62	76	40	56	20	67	58	68	48	60	23	61	51	60	60	56
SXN	15.0	22.0	5	1
28	30	-3	16	25	9	14	19	15	26	11	32
BEG	94.0	45.0	8	1
95	62	76	38	104	36	107	33	88	60
YBH	59.0	94.0	1	1
51	76	59	102	53	96	73	80	58	94	60	118
IDF	71.0	52.0	1	1
73	53	96	42	70	51	54	42	72	78	63	47
MEZ	94.0	4.0	8	1
113	11	91	9	106	-4	102	-5	73	-5	83	18
JRC	69.0	78.0	0	1
86	78	58	63	67	75	76	99	58	79
