NPB	45.0	-9.0	0	1
54	8	44	-20	37	-16	46	-9
LAO	85.0	15.0	8	1
69	1	86	4	93	13	86	8	62	31	97	15	102	34
JHH	92.0	67.0	2	1
98	80	74	59	98	83	101	46
RNL	16.0	30.0	2	1
0	16	22	51	18	23	8	17	25	32	41	27	1	16	16	59
KMH	42.0	70.0	2	1
63	65	50	50	48	63	29	75	27	90	43	60	54	86	26	76
GOQ	92.0	61.0	8	1
73	86	90	69	98	49	101	81	106	50	104	44	78	50
XWV	84.0	44.0	2	1
77	49	84	47	95	44	78	56	70	54	105	17
BTG	9.0	-1.0	5	1
3	2	7	-12	12	-11	20	-3	27	-5	-13	23
SYY	58.0	21.0	4	1
37	30	59	28	52	19	53	33	70	17	66	35	69	-10
BMF	56.0	-4.0	9	1
62	15	39	-7	65	-11	68	-13	65	-11	41	1
QDK	81.0	69.0	3	1
87	95	94	84	98	51	94	68	62	58	65	58	72	71
EEX	83.0	48.0	10	1
66	58	70	25	101	50	86	64	81	60	95	36
UUP	11.0	15.0	1	1
25	28	10	42	4	5	3	6	10	2	7	7	24	20
VZO	24.0	63.0	4	1
48	80	21	71	8	59	25	69	28	72	34	63	3	42	27	49
EXJ	43.0	58.0	4	1
44	49	47	56	44	68	52	61	34	41	29	61	56	72
UAF	45.0	81.0	7	1
35	90	74	89	54	96	29	71	34	61
KVT	4.0	27.0	6	1
5	44	5	20	1	31	-1	34	8	39	-13	12	25	13
DMH	59.0	26.0	5	1
35	41	59	36	69	23	76	5
JZR	36.0	75.0	0	1
9	99	31	82	43	57	57	58	11	100	48	78	56	56
YRU	48.0	57.0	8	1
53	49	51	71	30	63	58	45
XLJ	3.0	61.0	5	1
10	83	-19	70	24	64	-4	47	7	82	5	42	2	45
TPB	16.0	91.0	6	1
17	105	27	98	13	105	18	98	14	64	7	69	21	101
FKP	26.0	20.0	4	1
41	29	25	12	13	36	47	8	23	35	12	5
DAM	14.0	37.0	1	1
6	33	-1	36	39	23	42	38	3	39	12	29	3	66
NVD	55.0	40.0	9	1
79	66	47	46	39	45	35	23	75	21
JQN	30.0	25.0	5	1
35	20	36	41	43	22	18	37	38	33	14	-1
PAJ	62.0	60.0	5	1
73	42	82	44	38	85	79	42	42	83	59	68
WFY	28.0	60.0	8	1
52	65	10	35	33	65	19	76
EJW	49.0	27.0	3	1
76	22	49	41	37	13	39	34	56	13	41	39
XUL	38.0	-3.0	5	1
40	-22	68	-19	43	-17	33	4	27	18	45	-9	26	-3	26	24
LYW	27.0	53.0	7	1
20	37	9	35	43	78	46	72	43	45	16	66	16	39
LYJ	64.0	71.0	6	1
77	90	40	90	64	45	57	56	76	68	70	82
BIQ	94.0	58.0	5	1
85	71	88	36	121	63	99	81	98	42	109	34	77	73	81	71
EVO	52.0	77.0	9	1
34	73	71	88	45	53	78	61	58	90	39	95	40	84
BJG	69.0	37.0	7	1
78	12	63	32	65	53	66	40	65	57	79	32
BSI	18.0	68.0	6	1
9	89	5	63	4	65	25	90	40	55	28	51
WDL	-4.0	80.0	5	1
0	104	-17	75	-23	68	6	87	10	68
QPG	44.0	32.0	5	1
34	24	38	19	49	42	72	36	27	46	45	29
KDG	96.0	85.0	2	1
105	65	101	99	98	81	77	87	91	107	119	65	84	92
QXF	1.0	78.0	6	1
21	80	0	99	-8	74	0	58	-14	58	10	96	-13	65	13	97
UMI	43.0	80.0	1	1
52	64	29	80	53	85	47	76	61	61	25	98	47	84	36	98
DBK	48.0	35.0	4	1
36	50	37	35	70	17	43	17	66	39	61	52	23	41
XHB	85.0	64.0	7	1
102	51	75	64	91	70	85	58	84	48	86	72	72	62	91	93
SHZ	9.0	75.0	7	1
20	93	11	55	12	80	-11	79	6	97	22	50	7	76
