GZM	77.0	49.0	14	1
86	64	79	47	87	30	62	48	74	58
VGE	71.0	81.0	10	1
77	90	73	80	65	64	69	91
VDN	21.0	27.0	17	1
23	19	33	23	20	29	21	23	12	42	21	29
DMA	80.0	91.0	4	1
89	96	92	77	66	88	57	99	97	95
WCJ	92.0	66.0	17	1
70	61	96	40	101	81	80	85	102	73	105	56
FIN	22.0	63.0	5	1
37	73	29	57	-3	66	27	59
MSY	33.0	60.0	11	1
52	74	18	56	46	71	48	45	33	33	16	54	14	73	41	77
ACM	48.0	69.0	8	1
70	59	38	56	39	54	67	58	50	92	47	74	36	71	41	88
PNN	24.0	0.0	6	1
24	-7	37	5	17	-15	20	-10	42	16	13	10	20	6
GKA	39.0	39.0	21	1
43	28	45	33	27	45	37	38	29	25	42	57	54	51
MER	-3.0	64.0	19	1
-21	40	-7	71	-5	85	11	80	5	43	-1	68
YUJ	15.0	87.0	8	1
29	98	-7	58	33	100	5	94
LWF	-3.0	54.0	21	1
1	63	-10	38	-7	71	16	48	-14	50	-13	33	5	81
FGJ	-8.0	106.0	13	1
-17	115	-1	102	5	103	-10	118	-17	96
VIA	70.0	44.0	15	1
59	56	97	38	68	30	68	49	58	51
YZM	32.0	95.0	11	1
37	104	30	77	39	101	17	88	46	73	13	120	40	80	39	117
UAG	42.0	32.0	2	1
31	44	41	19	65	29	50	38	38	46	33	24	36	24
PIA	40.0	19.0	20	1
29	42	63	24	32	13	53	1	57	-1	21	40	45	35	21	-2
WFG	72.0	90.0	15	1
76	100	66	78	62	86	86	102	73	88
DNO	49.0	31.0	6	1
61	21	31	36	40	46	69	42	37	33	45	12	48	39	62	21
UCZ	76.0	16.0	2	1
73	-1	58	28	70	12	85	27	96	17
GKV	19.0	40.0	25	1
18	34	24	48	7	25	39	60	8	34
EEV	98.0	81.0	2	1
87	89	87	74	110	81	105	81	105	80
NFV	70.0	75.0	9	1
65	87	87	60	54	72	52	77	79	90	84	61	68	71	78	82
AFE	54.0	43.0	10	1
53	39	38	59	65	22	52	55	77	40	44	43
DGC	63.0	70.0	10	1
71	63	69	75	62	74	71	57	43	65	65	86
BAK	15.0	90.0	14	1
4	71	-8	76	24	77	31	108	14	95	12	103	32	103
XGM	14.0	51.0	17	1
8	58	-6	59	13	48	36	53	3	37	35	47	14	57
RLW	42.0	87.0	6	1
34	83	65	107	28	80	41	81
WHY	96.0	81.0	16	1
78	94	98	87	89	64	86	95	98	54	106	93	115	75	101	92
PIR	59.0	86.0	22	1
51	93	66	88	71	76	50	88
WJG	12.0	23.0	6	1
14	-1	22	30	32	28	-7	26	24	30	-3	44	3	6
GOW	12.0	74.0	10	1
6	68	22	84	8	65	15	80
MFB	64.0	56.0	8	1
85	63	65	47	70	49	70	45	66	62	70	64	47	73	43	48
VEL	18.0	51.0	15	1
6	41	32	69	-8	38	18	63	23	67	33	39	22	41
ARP	87.0	38.0	12	1
83	30	102	35	81	52	86	31	85	48	66	13	108	58
JZO	5.0	90.0	19	1
-12	95	8	87	21	100	3	81
MQJ	80.0	43.0	21	1
85	53	83	23	53	21	87	46	92	48	64	57	96	57
XSI	39.0	50.0	25	1
29	62	19	41	53	35	35	61	36	27	45	64	59	64
PTT	89.0	79.0	4	1
75	63	101	62	66	105	101	60	107	103	104	88	86	89	72	63
UPE	73.0	69.0	3	1
60	64	52	81	91	80	78	59	88	62
