MLK	46.0	18.0	23	1
48	35	37	26	53	24	42	2	50	5
JUX	42.0	81.0	3	1
29	85	34	86	36	86	68	76	35	75	52	80
AVR	46.0	84.0	13	1
68	88	53	58	35	85	35	90	40	100
IXM	86.0	28.0	12	1
85	23	89	52	70	16	103	23
LLZ	98.0	36.0	10	1
107	26	96	33	104	47	111	43	100	53	76	21	80	42	110	24
GCA	22.0	70.0	1	1
29	75	9	70	31	68	42	60	14	70	8	81
DUZ	32.0	60.0	10	1
32	64	20	52	31	48	48	76
EWL	21.0	44.0	22	1
41	32	18	51	11	53	12	22	36	48	7	52	22	54
LWS	18.0	35.0	4	1
16	27	23	47	8	17	34	43	-1	38	22	33	11	40	34	41
DZP	69.0	101.0	14	1
72	114	57	92	57	115	69	108	93	79
UJC	46.0	88.0	22	1
53	94	69	82	30	94	51	92	32	81	45	89
AKV	42.0	77.0	7	1
42	90	58	71	52	72	23	61	33	82	37	104	50	61
PDI	89.0	9.0	6	1
65	3	101	28	104	24	103	15	71	-1	93	-16	86	3	93	18
PDB	27.0	62.0	23	1
10	75	47	61	27	70	27	43
DAX	30.0	12.0	11	1
27	20	16	27	36	20	17	-6	33	3	45	27	40	-3
IYK	16.0	68.0	25	1
17	82	3	61	14	66	44	92	4	56	18	55
CCC	8.0	27.0	4	1
15	18	8	42	-15	14	2	49	16	37	15	23	18	11
IHI	55.0	57.0	7	1
78	80	66	45	67	54	49	53	34	75	56	55	36	43
JAF	36.0	29.0	23	1
29	8	27	55	39	19	55	32	44	27	27	35
YBU	14.0	5.0	17	1
33	9	-7	9	11	-2	33	15	22	12	-4	-10
ODE	66.0	65.0	4	1
40	73	58	70	82	56	87	64	84	51	72	58	45	87
WQQ	11.0	76.0	12	1
18	105	5	71	9	58	1	88	14	84	18	60	14	70
PMI	11.0	27.0	24	1
-7	13	18	34	21	10	15	42	8	33	13	31
QEO	57.0	-3.0	0	1
46	-13	69	10	78	8	68	-17	51	6	58	-19	33	4
RHS	21.0	15.0	24	1
46	42	34	12	32	37	43	13	4	-1	0	-1	9	9	1	15
QHH	77.0	34.0	22	1
58	46	85	38	66	8	94	30	95	44	67	42
KSA	61.0	42.0	12	1
67	38	47	38	42	31	73	57	74	48	81	35	63	39	44	52
XCZ	20.0	1.0	14	1
11	0	30	7	26	10	25	11	20	2	32	-13	-3	-9	19	4
JXD	92.0	93.0	19	1
82	83	87	86	85	85	110	92	117	109	76	108
XWE	76.0	58.0	1	1
99	35	64	69	73	69	65	68	63	51	103	51	76	60	67	66
IXD	84.0	70.0	7	1
112	70	66	88	70	52	110	86	66	56
IZN	9.0	75.0	23	1
3	63	25	73	-5	67	-3	65	30	68	9	95	6	97
BZH	67.0	14.0	17	1
53	8	74	24	77	39	65	29	77	-5	77	12	50	-6
IZS	14.0	25.0	7	1
3	25	20	11	26	32	-6	33	34	44	22	20	0	17	18	25
RNA	33.0	13.0	4	1
40	-5	24	4	44	22	26	33
NQE	20.0	74.0	6	1
8	58	40	77	1	68	2	103	39	68	31	86	-1	73	41	65
JAJ	93.0	-10.0	14	1
88	-7	84	-14	95	-16	108	-4	91	-12
BKL	82.0	68.0	5	1
74	58	67	72	70	71	97	60	103	82
