DAV	39.0	56.0	8	1
58	53	16	56	41	53	41	64
LVT	19.0	100.0	7	1
9	74	25	106	32	101	10	121
QIP	0.0	68.0	4	1
26	77	-5	63	25	79	10	86	-12	59	-21	60	-17	55
AEK	18.0	81.0	4	1
33	76	1	91	9	87	31	71
JXE	87.0	74.0	1	1
89	62	99	99	87	66	71	87	73	71	103	59
UZP	29.0	45.0	3	1
25	53	55	46	20	37	12	33	50	32	10	64	55	65	10	31
AHY	22.0	40.0	1	1
18	59	25	17	22	42	27	35	40	57	2	33
XGP	52.0	41.0	9	1
33	39	40	49	56	21	66	64	44	41	65	32	62	41
CJX	68.0	70.0	3	1
49	69	49	87	83	81	70	49	72	60	88	67	65	77
FUD	82.0	84.0	9	1
106	86	88	100	67	67	67	103	73	57	89	74	106	103	67	84
QLU	100.0	92.0	8	1
92	83	117	96	103	76	91	113	89	88	108	98
MPS	68.0	77.0	6	1
77	75	60	71	79	75	60	80	63	61	83	98	63	84	66	76
EOT	41.0	54.0	9	1
62	65	57	64	34	56	35	23	20	65
ZKQ	86.0	59.0	0	1
92	68	95	39	63	72	89	64	86	65	98	50	81	58
