APM	12.0	62.0	11	1
11	72	1	52	16	49	34	60	8	67	10	78	8	56
FRV	24.0	23.0	18	1
22	44	24	12	34	8	18	29
JBA	60.0	87.0	21	1
63	105	66	66	64	107	56	77	53	81
AQW	10.0	74.0	16	1
30	99	-8	56	3	99	31	55	-3	65
YGN	2.0	81.0	18	1
16	92	-7	63	-9	88	14	74	-2	90
UQU	80.0	48.0	8	1
106	43	104	42	72	42	65	65	75	38	60	63
GYF	33.0	26.0	22	1
49	41	37	28	41	12	25	16	13	36
PLR	24.0	10.0	16	1
32	4	-5	-6	24	36	29	25	30	0	27	23	33	-7
RZP	63.0	49.0	10	1
78	58	65	48	49	62	63	54	74	38	59	47	55	38
FBB	-1.0	2.0	15	1
-13	3	4	8	-8	-13	12	12
BTL	62.0	8.0	10	1
49	18	80	12	59	-4	48	29	59	-7	79	0
DLU	88.0	14.0	9	1
83	-5	89	-2	100	-6	106	26	78	38	69	15	94	37
FFZ	61.0	76.0	18	1
64	97	63	68	55	66	64	75	68	71	74	89	44	68
IAZ	102.0	67.0	24	1
75	55	91	90	95	67	112	67	120	77	103	54	122	65
LDL	55.0	34.0	18	1
59	38	75	12	32	48	55	38
