KGT	90.0	37.0	8	1
102	49	105	36	73	30	115	38	78	30	80	61	77	19
VDR	39.0	29.0	8	1
26	32	28	31	59	7	20	47	39	26	63	7	44	54
WOY	22.0	52.0	8	1
23	43	25	40	18	74	37	75	10	29
HUT	68.0	44.0	7	1
79	65	69	33	68	32	55	64	69	27
KYF	51.0	91.0	2	1
68	106	61	85	36	88	66	91	32	104	43	74
BHP	88.0	81.0	7	1
101	95	64	84	84	74	83	71	100	76	100	76	88	97
HFE	100.0	38.0	9	1
73	33	113	27	101	40	97	49	120	45
UIV	22.0	68.0	2	1
22	67	15	53	9	56	29	66	27	71	41	92	38	71	0	70
IZZ	21.0	82.0	4	1
39	99	7	83	18	64	20	75	12	65	24	97	28	94
CHF	39.0	53.0	10	1
34	56	42	48	41	56	53	55	26	52	35	58	42	47
JBL	10.0	90.0	4	1
-10	84	30	97	-13	88	29	110	-10	92	27	84	21	81
XFL	24.0	44.0	2	1
32	41	26	43	28	45	11	47
ENZ	-1.0	84.0	2	1
-12	75	0	79	-2	81	9	101
NTS	86.0	72.0	5	1
88	59	93	59	78	72	82	85	96	70	71	94	95	68
ZNV	10.0	77.0	0	1
11	77	-4	69	10	80	16	82	17	70	17	90	19	88	1	60
HJH	57.0	57.0	7	1
59	69	75	49	37	74	70	60	72	78	44	46	36	40	66	41
TIF	99.0	56.0	7	1
99	37	87	41	105	61	91	70	113	71
LXI	65.0	95.0	1	1
68	88	61	71	53	112	77	96	63	107	73	99
HRE	23.0	46.0	3	1
25	31	19	32	35	48	35	62	9	62	14	64	26	26
ARW	57.0	33.0	0	1
43	30	48	51	69	50	59	9	47	26	79	38	59	31
JZM	25.0	11.0	3	1
42	19	8	-1	46	28	35	25	10	-11	11	8
YAM	98.0	19.0	4	1
89	8	110	33	98	42	85	11	112	5
AKO	-7.0	81.0	9	1
-7	73	-1	68	-6	104	-15	79
RNH	58.0	66.0	2	1
59	72	64	65	33	65	51	73	67	54	79	71
CJN	38.0	28.0	3	1
45	16	24	44	50	32	35	22
KMX	87.0	82.0	2	1
94	76	79	86	68	82	80	89	100	80	102	81
PFY	89.0	42.0	5	1
109	29	98	37	98	62	67	48	75	37
ZCX	14.0	28.0	7	1
28	36	16	34	5	43	25	3	7	19	9	19	14	43
OVY	61.0	4.0	1	1
52	-1	73	4	40	-2	55	10	85	9
UVR	36.0	9.0	8	1
28	21	27	-8	39	13	53	12
LET	8.0	54.0	3	1
18	61	-8	60	-8	68	22	40	14	30	18	58	4	66
GWO	74.0	46.0	7	1
81	43	65	65	70	55	84	31	80	37	66	49
NIA	72.0	95.0	2	1
78	94	56	115	80	93	75	81
UHW	55.0	51.0	3	1
46	55	65	51	67	56	67	57	46	31	31	43	66	66
SHO	35.0	33.0	5	1
32	23	46	39	14	41	57	35	37	27	25	37
FUI	28.0	83.0	2	1
18	103	5	99	34	73	36	60	45	94	41	104	14	65	37	70
IZF	27.0	67.0	0	1
12	69	35	83	18	56	12	48	39	58	41	84	32	77
