TGD	76.0	20.0	3	1
88	0	92	34	50	16	57	10	91	28	82	34
SYF	7.0	3.0	1	1
-11	-11	24	16	28	8	-9	18	10	3	4	-14
NIG	46.0	72.0	1	1
67	78	54	53	23	88	38	58	48	84
ADW	68.0	87.0	5	1
61	92	68	94	81	68	64	105	58	84	78	79
TAY	68.0	42.0	3	1
57	57	66	49	90	36	62	28
SEA	85.0	73.0	10	1
99	82	64	81	98	71	92	70	74	63
EKH	95.0	86.0	3	1
94	66	80	91	77	101	105	81	94	95	109	86	118	70	83	104
CDL	76.0	77.0	6	1
78	75	78	76	87	77	70	79	65	89	57	73	99	94	75	60
RTM	74.0	69.0	10	1
97	86	74	61	60	50	52	78	92	85	71	55
ALI	9.0	32.0	10	1
35	19	24	50	-9	6	3	41	-5	47
GLI	4.0	54.0	1	1
5	60	31	69	5	46	5	72	-14	35	3	64	-1	35
TTK	56.0	22.0	1	1
81	32	66	8	40	29	56	9	37	48	56	10
TZD	28.0	69.0	1	1
34	68	32	92	15	70	44	66	5	57	24	50	42	81
LLG	74.0	18.0	5	1
66	9	59	11	68	2	88	32	99	25	58	23	81	24
PKU	19.0	35.0	8	1
6	52	17	44	32	23	22	21
ZNF	35.0	-2.0	7	1
31	5	18	-3	29	0	53	-11	44	-5
QJW	16.0	40.0	8	1
10	33	31	52	30	69	18	29	-8	39	3	27	30	35
LNM	45.0	30.0	0	1
65	32	32	41	30	37	63	42	25	4	58	41	43	19
VKX	83.0	8.0	9	1
93	11	81	9	67	-11	89	20	88	12
FBU	88.0	60.0	9	1
84	58	81	35	77	73	96	65	105	72
QKF	16.0	71.0	8	1
26	73	31	83	8	47	2	83	27	65	-2	60	22	87
ZVJ	53.0	97.0	3	1
43	85	71	110	76	96	48	81	33	112	48	103
