LNP	35.0	52.0	9	1
41	61	30	60	51	39	24	61	40	47	41	60	46	47	7	42
DXZ	83.0	83.0	3	1
79	78	75	96	84	87	108	63	89	96	69	75	82	88
OVR	42.0	43.0	4	1
32	40	48	64	49	43	25	25	61	29	41	37	41	65
MWI	67.0	84.0	3	1
66	82	65	95	73	60	68	93	66	94
JFS	-1.0	21.0	3	1
23	30	19	14	-13	11	5	17	-12	37	-15	21	-15	19
GHO	-8.0	21.0	6	1
0	35	-14	10	-13	56	-1	15	-21	15	-6	20	5	14	-20	10
VAK	5.0	36.0	4	1
0	49	-3	18	-13	43	9	30	25	46	1	51	21	21
XZP	14.0	36.0	4	1
32	38	29	28	10	58	16	32	5	29	-5	33
FOU	46.0	-2.0	2	1
21	-1	52	2	68	-13	28	-13	62	20	28	-7	52	-17	63	12
QLX	22.0	69.0	8	1
24	60	30	79	43	71	2	60	24	80	22	60	11	73
DAZ	6.0	53.0	4	1
7	53	-11	68	0	27	26	51	7	57	7	65
DRG	10.0	51.0	7	1
28	56	-6	38	19	44	-14	53	26	66
QJA	71.0	39.0	4	1
69	61	74	20	92	29	55	36	67	50
RSC	77.0	38.0	5	1
87	44	59	43	91	36	74	32
ZJO	47.0	81.0	9	1
37	100	60	86	65	97	32	55	37	71	52	79
FCV	32.0	59.0	10	1
42	57	41	79	21	34	15	48	20	68	51	55	51	58	18	78
DGY	88.0	80.0	4	1
86	82	85	64	99	92	71	80	79	76	113	91
SDJ	77.0	48.0	5	1
75	37	63	71	90	35	82	41	96	60	78	54	58	41
NEP	82.0	8.0	10	1
71	6	94	18	102	19	84	-10	72	-22	100	23	56	22
STS	91.0	39.0	7	1
76	20	85	41	78	57	92	32	118	35	102	51
TSA	64.0	63.0	6	1
81	56	63	49	51	67	62	81
TWH	47.0	77.0	1	1
39	91	24	74	43	60	67	84	63	77
TBZ	70.0	63.0	8	1
80	59	72	72	71	68	62	70	53	50	84	63
STD	4.0	36.0	4	1
-12	37	22	43	-9	49	-15	37	25	28	8	34	11	30
YRR	73.0	87.0	4	1
72	65	91	100	63	82	60	82	62	108	90	85
BHA	76.0	86.0	0	1
69	90	96	74	60	84	55	87	91	103	89	82
AGB	83.0	17.0	1	1
94	14	98	5	87	28	67	0	91	17	63	40
VRE	16.0	43.0	1	1
40	33	28	31	24	65	-4	45	6	41	6	51	12	40
FJR	35.0	-2.0	7	1
27	-18	29	-19	41	-20	52	17	20	10	46	18
JEX	4.0	12.0	4	1
-4	3	18	-4	16	5	18	24	-13	24	18	1	-5	29	-14	16
MEH	33.0	83.0	8	1
21	74	51	72	45	107	18	81
NVP	68.0	48.0	4	1
86	34	46	55	65	42	84	35	86	70	41	55	69	46
