QVU	17.0	85.0	9	1
25	96	26	77	13	102	10	80	11	73
OJK	22.0	10.0	21	1
50	17	7	32	20	4	28	-5	15	20	12	-3
YJU	0.0	57.0	6	1
-5	74	-5	38	0	41	6	79	4	57
NAU	31.0	95.0	6	1
42	103	53	83	31	106	28	99	48	77	10	74	8	106	30	116
NYI	77.0	70.0	3	1
62	86	60	60	93	80	79	55	76	62	82	70	91	79
YHZ	84.0	49.0	2	1
76	40	83	60	96	41	70	39	98	69	94	42	73	58
HWZ	11.0	92.0	7	1
34	101	29	112	-5	70	-5	84	1	85	4	81	20	103	14	101
UDG	35.0	72.0	8	1
19	73	41	60	19	65	42	77	55	86
HIC	36.0	94.0	14	1
47	100	31	85	27	98	39	94
LUU	4.0	58.0	19	1
13	68	0	34	-9	65	15	66
TSJ	3.0	98.0	14	1
-3	74	-5	120	31	105	-11	111	5	84
XOZ	6.0	80.0	10	1
33	59	-10	100	4	60	15	83	-4	71	14	85	6	105	-5	79
TFI	97.0	23.0	17	1
78	8	107	32	92	49	120	47	98	3	83	31	115	13	89	6
YLZ	97.0	36.0	24	1
102	40	89	19	113	45	118	18	84	55	93	53	83	23
CPI	48.0	71.0	10	1
39	69	62	89	36	67	56	61
WIA	46.0	68.0	20	1
37	72	58	56	41	52	52	72	41	94	51	62
DBF	82.0	34.0	11	1
70	10	86	41	99	43	71	54	99	41	71	20
ZFO	43.0	3.0	15	1
55	9	42	23	40	-6	31	2	55	7	26	-12	55	2
GLN	88.0	65.0	23	1
83	68	102	71	88	50	104	71	63	51	89	79
YKF	-5.0	66.0	25	1
-14	93	-20	54	-3	71	23	71	9	69	-9	53	-21	52
UFN	78.0	50.0	23	1
72	59	93	50	65	67	65	38	93	60	88	48	67	35	82	50
LHZ	20.0	88.0	11	1
14	80	23	117	18	81	26	74
CUD	61.0	5.0	10	1
80	16	45	14	68	-13	44	8	80	19	72	-11	39	7
QRX	0.0	75.0	1	1
4	72	-9	90	-2	64	5	94	9	55	1	73	-7	81
QCF	99.0	83.0	6	1
111	75	72	77	102	81	106	80	104	83	91	95	110	91
MVG	37.0	93.0	19	1
40	91	19	64	54	106	37	96	36	108
LSR	27.0	36.0	8	1
33	37	24	39	21	35	40	38	27	50	30	25	17	32
DVH	22.0	82.0	6	1
28	76	26	89	32	99	25	100	26	63	-3	84	23	66
QMU	26.0	48.0	18	1
19	52	17	26	19	60	18	53	52	53	41	30	10	68	37	46
TNE	38.0	49.0	7	1
20	48	24	52	53	42	49	39	48	74	52	51	25	37
KBZ	101.0	76.0	10	1
100	67	115	86	104	100	100	66	100	85	77	57	116	74
VCL	26.0	41.0	22	1
23	29	18	46	20	53	43	36
DOT	8.0	81.0	24	1
15	86	27	67	-4	78	7	66	6	81	-3	98	14	97
AIQ	-6.0	56.0	10	1
-5	58	-21	81	-3	36	-22	67	17	47	-5	34	-4	71
PVG	89.0	0.0	11	1
103	-5	71	-4	107	1	98	10	93	-9	64	13	79	-8	99	1
XQQ	89.0	94.0	2	1
93	79	108	106	80	74	91	107	77	106
AMP	38.0	24.0	3	1
27	13	31	54	56	11	38	18
OBX	69.0	33.0	2	1
82	34	48	39	55	15	78	30	85	49	78	35	63	32
GPR	57.0	71.0	16	1
56	81	66	66	46	75	36	83	79	77	60	49
FGY	16.0	27.0	4	1
6	45	21	28	27	20	14	24	34	38	-7	25	35	34	0	2
HHI	94.0	67.0	6	1
99	39	76	82	91	80	114	42	106	83	97	83	78	69	95	59
OCA	66.0	32.0	23	1
57	15	49	21	92	40	84	53	52	51	62	12
BNO	25.0	99.0	18	1
13	116	28	100	11	72	45	100	25	113	29	94
OPB	67.0	11.0	16	1
91	38	66	20	62	-7	87	9	67	28	48	-9	54	8	68	4
MHU	84.0	101.0	25	1
76	100	98	105	92	90	58	98	99	94	98	116	71	109
VMV	81.0	11.0	2	1
92	25	87	22	56	29	73	10	96	-1	88	-7	64	18	92	-6
EPM	26.0	24.0	18	1
40	31	6	1	9	7	35	41	41	43
