MNL	40.0	18.0	25	1
39	22	33	7	45	17	50	16	34	30
CUY	59.0	7.0	13	1
55	2	69	-6	47	12	66	21
CWS	49.0	39.0	21	1
61	28	50	36	47	54	31	43	57	40	38	27	59	51
FVX	1.0	73.0	17	1
3	63	-14	94	6	91	-8	81	29	62	-4	66	-10	74	7	60
PIC	48.0	58.0	17	1
39	33	65	74	50	42	44	72	43	69
GGY	100.0	16.0	16	1
86	28	108	-6	99	39	95	11	112	11
DZY	-2.0	67.0	20	1
5	80	-14	65	-9	88	-10	72	-15	61	12	43	11	65
MMT	9.0	39.0	16	1
4	37	9	41	13	28	12	63	21	46	28	39	-18	25
YSW	33.0	60.0	13	1
20	67	8	70	22	65	41	46	38	59	39	48	49	59	51	68
CBZ	18.0	1.0	7	1
33	-3	-4	4	35	-9	40	7	10	-7	29	15	4	-4	3	11
QIW	21.0	66.0	20	1
21	83	33	78	41	43	8	63	-1	44	24	88
IEH	19.0	30.0	6	1
5	40	2	36	32	15	37	19	33	42	9	33
QOG	27.0	85.0	24	1
23	83	40	88	17	93	8	105	20	85	43	77	42	70
BZL	66.0	27.0	10	1
74	17	66	39	64	17	60	38
WGF	45.0	89.0	21	1
35	106	48	105	65	89	35	65	46	82
PQA	42.0	52.0	8	1
37	39	36	69	18	59	52	77	51	33	58	39
RUE	84.0	80.0	4	1
84	100	97	87	69	64	98	92	76	61
JHT	85.0	109.0	22	1
108	118	82	112	75	119	74	113	90	87
BWZ	29.0	8.0	14	1
41	17	24	25	31	-19	54	24	16	-9	23	-9	17	27
KUZ	59.0	31.0	6	1
64	11	47	36	56	47	76	29	45	33	70	34
FWB	22.0	70.0	18	1
22	81	21	49	43	81	14	60	15	67	18	86
HPK	56.0	36.0	3	1
53	45	68	39	49	50	39	24	72	23
TGR	94.0	69.0	14	1
95	53	77	61	87	75	99	75	105	87	102	76	95	59
WNQ	57.0	36.0	2	1
65	23	77	53	52	56	50	28	46	47	49	28	65	19
CTR	95.0	-2.0	20	1
78	1	107	-2	80	-20	114	11	99	0
JTM	31.0	65.0	3	1
20	59	22	75	12	56	43	67	43	58	51	80
MQU	15.0	80.0	15	1
17	75	30	94	-2	74	21	80	11	67	34	100	0	76
EZG	33.0	48.0	0	1
11	26	43	63	41	62	39	47	21	39	48	53
UFX	13.0	74.0	1	1
2	88	4	68	27	58	29	81	19	83	-1	71
SZK	31.0	42.0	17	1
34	29	21	59	21	30	52	22	22	63	36	49
FSG	40.0	30.0	19	1
38	45	27	45	31	5	66	27
DCN	58.0	36.0	16	1
72	23	28	25	68	64	63	42	61	30
TSM	76.0	52.0	23	1
72	40	82	61	92	61	74	38	67	55	63	50	84	62
