HNZ	2.0	1.0	6	1
27	5	-13	24	-1	-11	-20	-14	12	5	11	-2
CON	71.0	58.0	3	1
77	53	70	50	95	46	64	60	52	66	88	75	56	56
AWD	6.0	69.0	20	1
30	70	8	68	-10	76	-16	47	7	85	21	69
OGE	8.0	68.0	6	1
5	62	-3	69	9	72	21	69
KAT	13.0	0.0	11	1
29	-14	8	22	-6	-17	22	7
YEB	11.0	37.0	19	1
-4	47	25	21	5	32	1	27	12	57	10	57	31	22
GJA	20.0	51.0	5	1
24	54	13	38	3	30	4	70	46	64	35	50
KVI	76.0	21.0	0	1
95	35	74	43	64	14	75	-4	83	11	69	29
NHC	8.0	29.0	4	1
-12	22	-1	43	-2	34	27	22	30	27
NTW	100.0	69.0	9	1
117	40	107	73	112	72	88	76	94	68	111	72	76	87
ATB	12.0	37.0	4	1
-1	38	16	40	11	35	21	39	25	45	2	29
RFQ	73.0	92.0	24	1
77	102	85	100	84	69	49	97
KFU	93.0	59.0	4	1
93	38	116	73	74	57	89	64	116	73	77	59	92	50
BJL	80.0	73.0	18	1
89	81	92	60	76	78	73	76	70	71
WTA	86.0	53.0	5	1
94	51	80	47	76	75	95	39
QRZ	80.0	58.0	1	1
103	41	65	49	63	62	90	80
LWF	-6.0	60.0	14	1
-2	47	-15	41	-11	78	11	46	-3	74	-20	76
YHS	9.0	14.0	8	1
4	-14	3	8	19	30	11	33
NEL	82.0	54.0	11	1
103	44	89	78	83	39	74	51	86	43	57	79	87	49
OPK	7.0	61.0	22	1
-14	79	2	49	13	48	3	76	28	49	11	67
OBW	81.0	109.0	15	1
72	119	108	110	65	107	60	96	104	117
DMH	34.0	55.0	2	1
38	65	31	67	48	55	35	52	17	44	35	51
CHE	18.0	22.0	25	1
9	40	18	0	8	11	27	16	28	45
EDT	88.0	29.0	15	1
92	20	71	29	72	32	89	18	105	51	111	38	79	15
XBI	32.0	91.0	19	1
17	90	16	92	44	105	49	92	35	77
CGK	66.0	47.0	16	1
57	55	73	34	66	41	70	40	71	62	59	50
JGR	70.0	22.0	15	1
52	42	89	23	46	6	87	39	68	6	83	20
