YDL	24.0	6.0	5	1
27	21	-6	4	34	16	33	-5	36	-6
QXC	50.0	73.0	6	1
45	79	34	69	40	81	70	87	74	63	51	67	39	68
HFL	36.0	78.0	4	1
44	73	46	70	33	103	17	81	40	65
SIO	68.0	46.0	1	1
71	38	62	73	90	26	60	34	83	38	45	74	70	41
DEM	46.0	26.0	5	1
61	33	47	35	33	15	38	14	53	35
NQZ	67.0	69.0	9	1
96	94	65	70	55	62	54	52
ZRH	82.0	41.0	6	1
91	51	65	38	65	12	88	48	84	53	103	49
IFL	5.0	68.0	1	1
17	62	-9	60	27	61	13	81	9	70	-12	51	-5	97
MWY	20.0	79.0	8	1
31	60	36	85	2	87	28	83	6	82
NVG	2.0	65.0	1	1
2	55	-4	48	5	54	-10	90	-9	92	17	61	-4	57	21	64
WYL	48.0	51.0	9	1
45	31	57	62	45	45	54	49	39	71
AGV	52.0	30.0	4	1
61	41	67	25	49	27	43	40	44	21
