TQK	97.0	16.0	10	1
88	13	98	3	111	23	101	22	72	27	114	-1	101	26
HDQ	5.0	83.0	7	1
8	83	24	99	24	86	-8	74	4	96	-8	61	-4	86
QKA	80.0	53.0	18	1
80	63	80	51	78	49	86	39	77	64
MNR	52.0	23.0	1	1
48	13	50	33	63	38	44	30	42	19	30	12	76	28	64	16
AQH	91.0	7.0	18	1
74	23	97	-3	71	-15	92	25	92	12	109	8	108	3
DXV	35.0	52.0	11	1
17	30	43	34	38	66	41	63	40	67
AWF	50.0	49.0	13	1
62	65	20	40	62	63	56	31
VIL	97.0	87.0	4	1
116	112	107	88	87	66	80	83
JVO	30.0	83.0	9	1
38	79	41	94	53	93	57	80	11	97	12	82	12	65	21	79
DYO	87.0	34.0	16	1
98	37	67	42	95	29	103	36	78	17	82	45
IVJ	74.0	23.0	10	1
65	31	62	37	71	19	78	3	97	28
QSW	87.0	19.0	2	1
70	25	76	7	99	28	99	11	92	24
MSI	50.0	16.0	5	1
32	26	55	31	58	3	34	-2	47	7	76	35
EZT	54.0	72.0	22	1
63	78	63	75	64	85	44	65	40	57
OBD	105.0	21.0	24	1
86	12	119	4	100	41	118	18	103	31
CFV	96.0	83.0	2	1
99	71	83	88	109	79	114	88	114	70	77	84	86	99	92	89
WLO	84.0	107.0	14	1
74	107	85	105	70	110	113	106	68	112	114	92	69	123
VDS	49.0	62.0	15	1
49	61	62	65	43	58	42	65
JJT	88.0	73.0	9	1
88	53	85	77	85	74	94	91
PTG	78.0	72.0	2	1
55	53	87	89	75	69	91	65	85	85
PKN	95.0	24.0	6	1
114	43	108	4	101	41	79	14	85	32	88	35	95	4
IMM	62.0	47.0	23	1
50	19	89	59	66	55	44	49	65	54
OVK	18.0	0.0	9	1
9	3	24	23	14	-23	22	-12	24	6
RMQ	36.0	83.0	2	1
49	78	49	65	35	102	48	72	16	80	19	105
WFK	61.0	74.0	2	1
54	61	77	68	73	89	69	94	39	63	54	73
UQR	49.0	20.0	4	1
56	0	32	5	27	6	64	44	51	30	60	31	37	27	68	18
LSV	66.0	7.0	5	1
74	5	47	10	77	-11	83	29	45	-8	84	-3	55	27
JBQ	63.0	39.0	20	1
79	26	54	51	64	28	81	42	58	35	69	36	37	55
RGR	91.0	11.0	25	1
103	13	77	23	104	-4	84	-3	91	30
CEP	86.0	60.0	14	1
88	64	91	73	82	66	99	30	68	62	108	61	71	67
ITJ	54.0	77.0	22	1
74	92	31	57	68	55	62	80	31	80	77	92	36	88
KBQ	67.0	103.0	12	1
72	108	58	79	66	99	79	121	74	113	43	109	78	94
UXB	88.0	28.0	1	1
97	40	94	21	77	23	101	12	73	45
YFA	19.0	83.0	17	1
35	79	20	104	0	77	27	88	17	69
QVW	94.0	79.0	22	1
103	63	90	91	98	84	98	84	99	77	79	79
ZSC	55.0	11.0	10	1
61	11	34	25	75	20	44	-2	65	2
LIG	11.0	44.0	3	1
14	47	6	36	18	35	5	70	4	39	20	41
GYD	11.0	45.0	7	1
11	19	-6	64	-5	63	30	60	34	50	-1	21	15	39
CHB	74.0	95.0	18	1
65	109	62	81	76	92	107	110	64	78	76	96	70	100
ENV	78.0	73.0	24	1
67	86	81	52	90	95	89	86	67	94	80	46	77	54
WIH	66.0	10.0	4	1
84	30	73	22	76	0	50	14	57	12	45	2	82	-4
DPH	76.0	12.0	12	1
55	1	73	13	72	12	89	23	95	14
FKN	27.0	86.0	19	1
43	78	29	87	22	95	28	80	-1	72	40	95	30	96
CRC	3.0	65.0	14	1
0	56	26	68	-14	52	1	84	-3	55	14	67	8	83	-6	62
