PFF	10.0	1.0	9	1
19	25	-9	-13	22	16	32	-8	-10	-12
BYI	85.0	23.0	6	1
78	8	76	11	104	31	83	40	107	24	76	27	75	22
YDQ	69.0	80.0	1	1
82	56	47	97	82	100	88	72	83	95	52	85	49	57
PTP	90.0	58.0	6	1
74	45	88	56	78	54	93	49	117	87
MVV	69.0	5.0	3	1
61	3	78	-19	75	11	53	27	79	18	73	-6
RRX	9.0	53.0	8	1
-1	65	12	46	4	70	2	39	29	46
GLK	11.0	50.0	3	1
12	39	-3	73	6	42	31	44	29	63	-11	38	18	53
MNU	26.0	60.0	1	1
23	70	13	74	14	33	55	63
IYR	64.0	38.0	4	1
82	61	66	29	56	23	60	32	56	59	88	22	45	40	60	41
ESD	6.0	96.0	3	1
26	104	-9	90	-1	115	-12	73	26	99
ABR	88.0	42.0	1	1
78	33	95	74	110	28	70	35
OTG	41.0	88.0	3	1
22	99	50	90	28	87	58	97	49	70
DOX	20.0	95.0	5	1
6	79	12	100	25	114	10	93	50	89	18	99
FBL	79.0	81.0	8	1
65	105	92	61	98	75	85	100	59	66
RKI	84.0	37.0	8	1
86	25	75	40	93	54	84	30
BIK	44.0	16.0	1	1
34	0	56	16	60	-4	20	34	53	30	42	20
XJC	27.0	19.0	9	1
-1	2	44	36	36	-6	37	41	30	40	16	1
UKR	75.0	51.0	1	1
72	53	87	58	83	64	61	50	74	30
MDW	93.0	65.0	7	1
80	78	94	49	91	78	87	75	114	49
QAQ	61.0	60.0	5	1
59	82	64	54	61	46	74	58	49	64
NLA	2.0	26.0	2	1
0	37	3	21	-15	20	25	18	-1	34
