IHF	41.0	24.0	22	1
34	32	26	18	23	11	57	31	58	36	48	18
JFI	78.0	105.0	8	1
82	85	73	109	72	115	67	111	92	110	88	113	73	96
BQS	13.0	22.0	2	1
10	38	22	27	-5	16	37	-2	5	32
YPB	2.0	51.0	4	1
-7	51	-2	57	22	61	-4	38
IYC	10.0	36.0	11	1
30	52	25	42	-9	24	5	43	-5	19	8	26	20	52
HWC	77.0	37.0	15	1
92	19	92	40	61	45	96	57	56	44	93	30	53	29
XFP	20.0	37.0	3	1
16	18	37	56	7	45	13	31	39	63	28	20	3	28
ZVP	22.0	-3.0	20	1
35	6	-6	5	20	-6	10	-17	30	-18	37	-4	31	14	24	-10
LVX	21.0	5.0	21	1
11	-4	20	-1	31	-11	14	4	4	23	49	8	26	-2	20	28
VJW	22.0	77.0	9	1
5	67	41	59	22	106	22	76
JDC	1.0	63.0	24	1
7	75	14	48	-20	78	5	43	13	51	-9	86
EKB	40.0	75.0	18	1
38	79	52	61	33	83	37	79
SME	12.0	96.0	22	1
-10	109	20	79	20	113	3	104	27	78
EIR	73.0	3.0	11	1
63	-16	75	-15	77	-13	71	18	76	21	81	24
NUY	61.0	-7.0	6	1
64	-13	53	-18	66	0	65	-4	59	-4
TDJ	57.0	27.0	3	1
54	13	81	45	44	47	75	25	34	6
VKT	86.0	61.0	5	1
72	61	108	62	76	52	90	71
RCK	55.0	21.0	3	1
45	17	48	20	57	17	78	28	50	27
LYF	6.0	90.0	5	1
27	112	-13	75	5	76	21	104	8	92	-5	77	-18	105	24	86
OEF	79.0	59.0	19	1
64	40	58	72	95	75	97	46	80	64	81	59
SKZ	23.0	1.0	4	1
5	-14	35	20	35	-22	4	4	39	16	43	-13	3	21
COR	29.0	46.0	10	1
43	68	41	49	22	43	20	49	41	35	0	38	37	43
SGX	44.0	41.0	12	1
51	26	35	22	35	55	43	52	41	50	62	53	43	45	45	30
ODT	27.0	51.0	9	1
38	25	31	46	21	63	23	65	23	59
GBB	94.0	87.0	10	1
91	106	121	67	80	105	100	82	91	83	87	92	92	78
DIM	41.0	31.0	11	1
59	43	19	10	39	10	62	39	28	49	42	35
JXT	42.0	39.0	13	1
50	32	52	55	38	28	47	22	22	42	43	55
MYJ	26.0	94.0	7	1
27	96	45	100	12	93	4	97	39	106	41	80	15	87
ARR	44.0	58.0	4	1
47	60	45	57	60	48	32	52	39	76
HEX	68.0	15.0	18	1
64	35	81	13	67	2	58	-4	74	31
YOD	68.0	10.0	17	1
75	-17	55	29	81	29	61	3	68	2	80	-4	57	28
MQT	80.0	11.0	19	1
98	-3	96	27	59	-7	69	28
XFM	24.0	31.0	16	1
35	34	1	25	36	32	42	32	4	27	29	39
