QLY	36.0	13.0	1	1
21	-5	25	27	49	10	49	21
DXF	44.0	29.0	0	1
52	32	41	43	50	30	55	35	31	11	51	43	31	14
MZZ	-3.0	37.0	18	1
-12	14	-19	56	10	15	-1	51	7	51
PGO	67.0	68.0	8	1
58	56	78	68	51	73	72	55	89	83	57	78
JOT	94.0	44.0	10	1
76	59	98	59	109	24	94	21	97	60
ZYV	60.0	56.0	21	1
59	36	69	59	52	66	69	41	74	64	42	70
LEW	46.0	64.0	5	1
48	62	29	80	59	44	39	89	57	45
LNS	21.0	77.0	14	1
-2	89	10	93	22	54	34	70	13	84	41	99	33	55
BBS	52.0	64.0	5	1
70	78	24	69	71	59	37	71	40	62	72	50
NHL	14.0	20.0	1	1
5	7	18	21	-1	28	3	44	41	13	1	19	31	10
TTE	50.0	85.0	16	1
50	100	44	85	24	64	56	82	69	91	57	93
AUS	25.0	28.0	15	1
23	36	13	23	36	35	44	13	11	48	35	30	19	16
UIY	21.0	53.0	7	1
5	45	35	36	19	38	28	76	21	71
FXK	23.0	19.0	2	1
15	18	14	22	51	-1	21	18	34	17	15	1	24	44	13	37
MXC	-6.0	-4.0	20	1
-18	6	-12	-18	25	2	5	-7	-18	-12	-23	0
KCC	82.0	17.0	23	1
86	8	79	27	100	32	67	0	66	39	98	-1
HQW	43.0	19.0	3	1
37	21	55	25	43	24	40	9
EWL	102.0	52.0	11	1
105	55	111	61	96	61	124	21	76	63
EIE	29.0	21.0	11	1
17	18	21	36	28	29	15	3	54	28	42	13
OWZ	67.0	38.0	24	1
79	51	83	33	55	22	72	52	58	50	60	20
BQZ	76.0	12.0	18	1
99	21	65	-1	87	7	76	-6	82	12	72	17	76	22	53	29
JKK	45.0	72.0	5	1
30	88	47	69	50	58	41	82	30	70	46	66	73	72
GBO	22.0	33.0	18	1
26	53	32	20	23	26	17	48	32	22	6	33
ZSO	39.0	21.0	14	1
32	30	39	10	31	16	46	32	18	18	59	13	51	29
UMU	83.0	17.0	0	1
68	11	64	9	90	29	90	22	95	2	92	30
XZD	29.0	26.0	10	1
13	30	26	34	49	15	28	28
NSB	12.0	77.0	20	1
26	75	17	81	21	69	5	75	-8	89
OBZ	94.0	32.0	11	1
70	39	84	12	110	29	117	43	93	38
TMU	57.0	37.0	9	1
67	32	57	40	38	25	71	32	69	43	58	40	39	50
HQM	45.0	34.0	20	1
51	39	28	30	38	36	69	26	34	48	55	25
CLZ	20.0	88.0	3	1
27	100	18	111	13	93	36	88	25	74	6	63
KLM	40.0	30.0	1	1
64	10	39	29	19	52	26	21	49	43	61	26	27	30
PZB	56.0	4.0	17	1
32	-19	73	15	63	3	78	2	37	19
KKW	55.0	66.0	5	1
56	48	58	70	65	86	74	64	54	62	43	69	48	54	44	80
JUR	73.0	75.0	14	1
60	80	77	78	83	85	75	58
