OIN	34.0	98.0	3	1
36	116	38	115	53	80	36	93	29	94	44	85	8	109
DIT	49.0	85.0	8	1
56	101	32	66	53	83	61	92	69	80	29	78	48	101
RVA	36.0	1.0	2	1
52	16	43	-19	17	17	32	-14	39	19	38	-8
BEG	50.0	68.0	4	1
65	46	29	93	67	70	39	63
CZL	56.0	41.0	9	1
48	56	74	13	77	28	40	60	45	48
JOC	26.0	72.0	9	1
35	57	50	88	22	71	2	62	36	63	19	100	21	69
DLR	12.0	28.0	4	1
-8	22	27	39	15	47	16	7	12	15	28	25	-2	44
TTV	52.0	3.0	7	1
69	-16	69	25	42	18	51	-14	44	22	40	-16
MTF	-2.0	52.0	7	1
-9	65	-18	61	12	28	14	68	-8	70	-4	24
JRL	98.0	76.0	4	1
107	85	110	97	106	91	84	71	74	52	107	62
ZRU	75.0	28.0	4	1
55	34	97	22	72	31	69	33	70	12	90	38
AGP	62.0	61.0	8	1
56	57	74	73	48	73	80	75	72	51	60	54	70	74	40	38
ICN	84.0	28.0	5	1
75	19	83	43	74	37	67	23	108	6	101	30	84	44
WYI	36.0	46.0	7	1
7	25	48	72	46	36	48	26	18	65	40	46	46	55
AKY	84.0	66.0	2	1
79	79	85	49	82	60	107	82	67	64
ZLA	14.0	21.0	9	1
9	16	41	37	6	16	10	41	3	23	18	-4
BZR	100.0	79.0	0	1
92	73	79	83	106	95	120	96	81	85	111	68	113	59
CJK	40.0	50.0	4	1
35	68	22	46	45	41	48	56	48	53	58	48	26	38
CDV	79.0	56.0	2	1
85	74	74	54	93	40	73	55	90	47	69	64	70	62
UDD	45.0	77.0	8	1
38	64	23	92	39	72	66	96	61	78	55	63	37	80
WOH	52.0	85.0	1	1
61	90	36	97	52	78	55	99	41	69	71	78
JAS	47.0	25.0	7	1
50	15	59	42	45	32	55	35	25	19	51	2	44	30
SQV	72.0	27.0	9	1
69	14	49	19	69	33	85	21	91	50
DUC	-3.0	15.0	5	1
0	2	8	14	9	42	-17	2	4	30	-14	6	-23	22	2	6
DSV	29.0	64.0	3	1
12	58	42	77	18	75	23	68	52	56	31	55
NNI	-1.0	85.0	4	1
-7	70	1	85	1	75	1	112
WBX	95.0	10.0	4	1
98	11	79	19	104	5	86	0	109	18	96	8
LGG	37.0	77.0	9	1
31	63	24	59	35	98	61	91
UGQ	12.0	10.0	8	1
1	22	16	33	-8	4	1	8	8	5	35	2	33	-1
HTK	78.0	88.0	7	1
77	84	66	106	85	64	97	93	68	94
