GLD	54.0	83.0	9	1
37	72	33	77	76	99	72	87
OSY	2.0	70.0	8	1
17	53	-5	86	17	74	-11	82	8	45	4	78	-10	74
FLF	63.0	92.0	3	1
60	74	74	81	59	94	50	86	70	121	66	96
BQW	43.0	27.0	2	1
38	32	41	41	65	17	50	30	38	21	33	37	38	13
WDQ	38.0	73.0	4	1
39	66	35	61	55	68	31	65	34	91	52	60	34	85	29	91
CUY	83.0	89.0	7	1
95	75	81	96	89	90	69	96
UYA	37.0	90.0	8	1
48	100	27	104	11	92	51	85	37	90	52	97	38	62
WVA	30.0	20.0	2	1
31	18	33	29	27	20	14	9	61	29	19	16
KXK	78.0	22.0	8	1
64	15	94	21	75	19	68	29	96	4	72	31	80	36
WUJ	14.0	2.0	10	1
3	9	38	10	0	-7	26	13	7	-17	9	18	23	-2	8	-3
AYD	79.0	56.0	1	1
102	80	79	43	56	38	74	57	83	68	80	50
BVU	65.0	94.0	8	1
76	97	64	106	46	98	77	80	45	101	84	84
SPM	99.0	74.0	8	1
85	82	83	102	117	53	72	87	106	68	117	67	113	69	100	66
OLS	14.0	6.0	6	1
8	-19	37	22	31	-3	-3	14	-3	17
DNY	37.0	67.0	0	1
45	40	26	44	34	82	55	76	21	78	42	87
VQP	57.0	37.0	4	1
43	23	46	58	70	19	80	41	67	30	43	30	55	62
LIQ	98.0	84.0	9	1
111	89	92	74	83	70	106	110	98	77
WXW	57.0	81.0	7	1
67	80	56	67	61	95	67	84	35	79
LQU	26.0	-10.0	1	1
38	-18	6	-18	31	2	36	-5	19	-11
BLL	42.0	35.0	3	1
69	36	36	30	36	18	31	43	40	50
AUG	0.0	99.0	8	1
-18	109	13	93	-9	114	23	86	26	111	-18	74	-18	102	5	103
CTN	89.0	0.0	4	1
92	12	81	-6	75	17	85	-15	100	6	84	2	86	-13	116	-6
