EFU	72.0	79.0	21	1
52	81	67	77	88	88	80	81	69	59	81	91
OMG	-8.0	24.0	6	1
-7	32	0	7	-20	47	-9	10	7	35	-21	17
HLH	3.0	27.0	10	1
20	9	-8	23	20	37	-15	15	12	13	-13	41	16	48	-7	30
ALV	66.0	6.0	12	1
48	-1	88	13	54	6	56	21	86	-5
CEA	67.0	74.0	21	1
76	82	58	92	74	61	65	63	65	79	69	87	42	80	87	50
WGH	81.0	30.0	2	1
63	49	104	6	99	4	59	30	87	44	94	40	68	38	79	29
TDF	8.0	94.0	22	1
15	80	13	79	-1	93	19	114	15	92	-8	110
SKE	72.0	54.0	15	1
68	50	70	55	72	51	89	48	63	66
ZQE	69.0	48.0	12	1
54	30	92	66	57	45	88	48	58	50	70	52
KOU	48.0	93.0	7	1
33	78	61	101	36	86	45	102	66	102
BGS	51.0	52.0	22	1
71	70	51	47	55	39	30	64	48	41
CLU	21.0	48.0	24	1
13	75	-4	32	4	51	23	42	38	46	35	43	39	53
CNB	45.0	71.0	20	1
34	66	62	56	22	75	62	88
SLS	37.0	65.0	9	1
27	48	40	48	38	62	45	89	16	60	38	85	60	65
NCH	80.0	86.0	15	1
69	92	80	97	79	76	73	79	96	83	87	94
KTB	27.0	32.0	12	1
25	43	30	40	10	35	36	22	38	21
MGP	30.0	88.0	1	1
19	115	29	71	45	76	30	91
WUN	25.0	33.0	6	1
14	27	32	22	18	39	44	24	11	45	36	46
YRM	56.0	77.0	11	1
71	56	72	97	40	92	47	53	59	71	64	71	32	96	64	82
FNZ	91.0	65.0	7	1
66	73	99	51	106	63	94	52	104	82	91	81	78	55
XNR	97.0	94.0	13	1
84	82	68	85	107	94	104	113	108	95	115	95
ZMQ	71.0	79.0	20	1
59	68	86	60	60	94	67	89	66	68	90	97
VJE	76.0	11.0	21	1
84	-5	92	23	70	1	74	25	68	4	69	19
SAC	2.0	15.0	16	1
3	15	6	6	10	22	-1	2	-6	33
VMZ	50.0	31.0	3	1
69	17	46	32	59	61	31	20	58	28	38	29
GQS	44.0	46.0	1	1
24	54	40	27	48	70	28	40	52	56	62	44	55	32
XRC	41.0	-8.0	20	1
23	-19	49	15	33	-5	47	-14	42	-8	38	-14	56	-16
IBB	55.0	35.0	2	1
75	39	37	26	58	52	45	11	51	24	57	48	66	47
BUO	58.0	-4.0	22	1
50	-8	43	-13	52	2	56	23	64	-24	61	7	83	-15
GYB	90.0	104.0	15	1
93	120	109	106	82	87	78	104
ZVJ	35.0	52.0	6	1
32	39	33	53	46	35	12	66	40	42	38	75	46	59
CJA	22.0	70.0	21	1
41	53	33	89	2	64	21	57	15	90
TJI	16.0	79.0	8	1
-2	73	9	89	31	77	26	79	11	83	22	76
NRP	4.0	97.0	17	1
-7	78	15	111	-8	111	20	108	16	101	-3	73	-2	101
