NDV	27.0	27.0	21	1
31	33	8	42	28	29	15	47	56	1	28	10
YKQ	43.0	68.0	7	1
62	63	44	52	23	65	37	92	50	72
OEO	53.0	67.0	22	1
50	54	57	67	80	64	40	77	42	73
FJK	7.0	46.0	17	1
22	58	-3	49	-9	64	19	39	18	57	-9	54	-5	23	29	31
HIV	35.0	72.0	16	1
24	76	38	52	30	56	50	94	42	64	28	94
SXJ	41.0	61.0	11	1
42	59	36	49	60	51	38	48	18	72	55	87
ZDA	15.0	32.0	20	1
9	24	6	28	27	51	-5	13	21	11	19	40	1	49	43	42
EZS	50.0	6.0	15	1
66	-9	48	30	62	20	64	-9	28	1	35	8
HNZ	57.0	92.0	6	1
71	93	51	85	55	73	53	118
ABW	84.0	4.0	20	1
92	-23	87	12	84	18	95	1	73	23	82	2	98	-5	65	11
FMM	62.0	57.0	19	1
36	70	66	70	75	70	69	41	78	42	43	43	67	69
EWV	72.0	72.0	21	1
87	82	73	64	87	55	57	76	73	90	51	83	81	58
DOQ	49.0	-3.0	14	1
58	-19	54	19	29	-11	57	-20	56	-12	42	20
ZHJ	64.0	101.0	5	1
76	83	72	110	53	102	59	107	64	104
VRG	17.0	23.0	4	1
27	4	18	6	27	32	7	34	8	40
ZCK	73.0	27.0	23	1
99	25	63	39	68	30	56	6	62	42	94	25
TLD	33.0	16.0	5	1
50	8	44	-6	26	31	15	34
NCF	70.0	23.0	18	1
60	16	63	46	60	43	72	21	71	12	79	9	56	20	102	19
EDE	76.0	97.0	14	1
66	91	92	109	70	96	96	83	91	88	58	108	63	107
VBJ	65.0	63.0	23	1
57	56	54	74	71	50	80	73
HUD	43.0	93.0	22	1
37	94	44	103	32	108	64	94	42	67
WJK	54.0	78.0	24	1
43	71	43	69	77	90	66	70	44	91
WXK	12.0	36.0	22	1
2	51	11	23	4	37	12	59	15	54	35	16	11	15
LZC	80.0	56.0	22	1
90	48	86	68	60	70	93	49	56	62	82	33	97	62
UHA	28.0	34.0	19	1
22	8	19	50	29	34	53	35	10	9	49	47	23	37	24	52
VEN	33.0	8.0	24	1
45	-1	48	-4	18	13	18	0	44	9	48	29	14	13
ELW	39.0	26.0	13	1
52	18	44	24	28	29	33	45	32	39	51	0	39	28
MPR	64.0	2.0	15	1
49	-15	74	-16	85	18	64	25	48	0	46	-4	55	21	93	-13
ERA	55.0	86.0	23	1
46	96	45	95	73	100	66	86	59	66	54	96	42	63
IXS	17.0	61.0	9	1
9	82	27	70	24	67	12	47	6	51	27	50
DSR	25.0	32.0	8	1
31	15	35	37	15	15	8	31	25	47	40	47
PQY	13.0	43.0	7	1
28	55	25	27	5	32	29	43	8	38	18	62	-19	50
GCH	69.0	15.0	7	1
51	0	68	23	70	19	76	11	84	22
BBN	85.0	33.0	24	1
68	49	103	15	87	38	96	45	88	13	88	44	65	24	90	37
MQY	59.0	60.0	16	1
67	77	56	62	74	41	42	79	59	41
XCS	42.0	46.0	2	1
32	31	26	39	53	47	49	34	65	64	31	66
TMW	21.0	58.0	4	1
16	43	48	87	22	63	13	57	7	41
