RSW	27.0	16.0	14	1
27	27	18	7	44	2	28	26	19	30	37	-6	16	30
WQT	14.0	50.0	8	1
2	36	20	76	33	45	2	39	17	56
CDE	65.0	97.0	16	1
58	91	66	98	67	93	75	104	60	103
IOJ	86.0	-4.0	5	1
97	-15	84	-13	78	13	91	-9	80	1
NBS	60.0	50.0	9	1
37	55	80	34	75	49	50	62
PDZ	75.0	76.0	11	1
91	55	58	89	87	98	57	71	82	69
CCV	71.0	16.0	5	1
82	-8	62	16	66	36	58	8	82	25	55	30	70	23	93	-2
VZV	42.0	33.0	9	1
56	44	18	36	60	28	19	21	31	27	65	45	46	33
SJY	68.0	48.0	12	1
81	59	69	55	72	73	61	43	80	30	48	31
TXO	19.0	48.0	23	1
15	46	11	51	18	43	32	55
