WVB	74.0	17.0	13	1
79	9	58	30	77	5	86	16	95	35	49	8
IWH	25.0	21.0	9	1
46	21	18	26	16	13	27	18	10	25	34	28
HEX	3.0	-5.0	17	1
24	-9	3	-12	-2	12	-12	-13
JJL	16.0	-1.0	20	1
22	-2	25	-16	17	5	6	11	14	-5
EQC	7.0	99.0	9	1
16	104	6	113	7	84	-2	103	-3	94	18	98
PWK	79.0	66.0	18	1
71	67	72	58	95	76	82	69	61	68	95	72	77	52
APR	36.0	14.0	11	1
22	-6	53	18	38	34	21	12	30	37	57	-6
LOF	93.0	104.0	25	1
106	115	75	102	93	112	89	117	95	110	107	76	73	90	110	111
MUE	32.0	85.0	21	1
43	77	41	75	16	98	37	80	23	97
BZN	87.0	46.0	19	1
59	26	75	62	73	51	95	68	88	67	105	53	100	24	102	21
JIF	57.0	26.0	23	1
75	8	61	42	71	6	58	40	71	46	32	46	44	20	50	4
YIY	10.0	46.0	23	1
33	58	15	49	12	32	4	36	8	46	1	55	1	48
SRH	54.0	71.0	21	1
65	93	35	81	67	55	48	80	44	46	69	74
CGW	13.0	32.0	4	1
7	9	17	41	-3	33	6	19	16	40	27	44	27	41
PKG	48.0	76.0	21	1
30	71	53	90	50	73	69	60	67	85	24	78
BJB	78.0	56.0	7	1
85	50	100	45	61	55	79	44	67	88
KSL	70.0	63.0	25	1
83	39	54	68	68	53	64	64	65	80	90	77
HIM	92.0	49.0	10	1
100	56	91	46	94	38	80	46	97	62
DCF	90.0	18.0	16	1
111	9	107	20	86	3	84	5	87	5	65	42	92	45
JJV	58.0	62.0	21	1
68	43	57	73	74	76	58	64	54	51	49	76	49	54
XWB	69.0	10.0	23	1
60	4	70	-9	74	11	74	34	69	10
WVB	97.0	45.0	3	1
100	51	104	33	108	51	67	44	99	36	104	57
CAY	83.0	53.0	15	1
98	77	69	51	87	35	77	45	68	60	97	55	100	49	71	58
OPL	49.0	37.0	6	1
41	30	63	46	39	37	59	60	32	39	63	15	29	17	71	57
