OCN	46.0	91.0	6	1
30	77	38	111	29	88	52	82	71	78	60	110
RZT	22.0	88.0	4	1
10	80	24	84	41	90	15	96	24	92
GLE	65.0	73.0	6	1
66	60	64	81	61	73	71	81
APF	70.0	9.0	6	1
73	12	83	21	69	-7	63	15	66	8
BYL	49.0	10.0	8	1
62	23	32	-5	66	31	33	-11	56	16
QMV	39.0	23.0	3	1
37	43	52	18	35	38	52	1	23	16
TMC	28.0	20.0	3	1
5	30	39	0	9	38	46	12	41	20
HWS	46.0	90.0	8	1
65	88	30	98	66	80	25	77	35	93	56	108
VAZ	0.0	84.0	6	1
-21	106	15	80	6	70	-1	97	7	66	-15	96	12	78
GOZ	-5.0	2.0	5	1
-15	-3	-22	17	14	25	0	-17	-5	-11
XZE	68.0	64.0	2	1
72	68	81	60	49	59	94	56	48	80
ADF	91.0	33.0	1	1
85	18	90	62	97	50	101	18	80	29	78	19	110	37
AUF	74.0	30.0	3	1
73	38	75	17	56	24	74	30	65	41	64	20	98	34	94	37
VBB	53.0	19.0	1	1
39	18	60	25	55	38	72	-4	42	18
CMW	29.0	69.0	5	1
24	61	11	54	31	90	38	51	54	73	21	90
CCA	30.0	70.0	2	1
16	52	30	80	41	62	29	78	46	51	29	95	20	72
XCW	66.0	42.0	8	1
82	34	67	23	46	47	71	66	66	41	70	65	82	40	46	26
MTO	80.0	95.0	4	1
94	108	75	78	76	71	89	98	72	118	86	109	90	86	58	92
KHN	51.0	11.0	1	1
55	-17	51	22	43	24	54	4	44	15	61	19
FNZ	78.0	49.0	8	1
65	41	110	68	66	24	75	30	76	55	88	65	66	65
XOB	56.0	100.0	8	1
60	77	43	114	37	111	69	95	65	105	67	101
QKA	71.0	35.0	8	1
81	26	55	31	91	42	59	43
XCH	1.0	45.0	3	1
-11	34	-16	31	-3	53	11	62	27	45
MMF	78.0	71.0	7	1
89	69	97	78	93	53	53	68	53	81	70	64	98	62	75	98
MVZ	67.0	36.0	10	1
91	35	74	39	69	39	55	39	49	30
ZAM	84.0	76.0	4	1
92	73	81	81	90	86	94	67	63	76
HDJ	16.0	69.0	1	1
26	46	-1	73	11	88	20	61	6	85	36	63
UPX	62.0	-11.0	5	1
77	-22	48	-14	70	1	38	-22	79	1
ZSH	-5.0	2.0	7	1
-3	5	6	6	-14	-7	-11	7
SSB	14.0	32.0	8	1
28	25	10	34	23	22	-3	50
FYQ	47.0	6.0	10	1
73	19	33	-3	40	1	42	10
LWY	27.0	73.0	5	1
13	56	13	57	20	88	47	69	44	96
GSK	10.0	35.0	4	1
5	34	20	41	2	17	8	30	13	54	23	12	1	43	13	51
IDG	75.0	29.0	5	1
63	25	76	33	97	33	64	29	83	35	72	21
HDT	57.0	58.0	7	1
74	80	56	50	57	51	45	59	55	52
FCZ	95.0	68.0	5	1
109	75	109	65	97	63	94	62	88	58	97	79	75	85	92	64
ZLK	86.0	74.0	10	1
71	78	104	75	67	63	72	52	104	66	82	91	97	75	93	93
OHU	40.0	47.0	8	1
33	50	51	66	41	27	54	59	24	36
OKZ	78.0	0.0	1	1
71	4	65	-9	92	-19	78	12	89	-18	74	26
