WWK	61.0	23.0	9	1
69	9	49	45	39	29	62	33	76	11	74	14	63	23
SKK	51.0	31.0	4	1
47	43	61	16	41	18	55	18	45	42	34	60	76	22
CSS	29.0	88.0	3	1
44	73	29	74	15	115	34	99	23	102	30	70
MWO	17.0	38.0	7	1
40	40	21	43	-3	45	22	34	0	44	26	27
IRJ	90.0	87.0	2	1
113	95	89	99	94	74	87	74	69	95
FHS	83.0	12.0	2	1
75	29	89	2	102	6	67	14
PQU	32.0	31.0	8	1
48	48	15	7	55	11	23	43	19	46
NFN	16.0	93.0	9	1
16	103	13	95	11	95	24	97	17	77
SFY	94.0	45.0	6	1
95	40	97	34	101	60	85	46
JQI	12.0	35.0	3	1
22	37	-1	33	27	38	18	30	-3	37
GHI	-2.0	2.0	0	1
23	-5	-18	-13	-10	22	-11	-1	-16	-6	24	20	-6	1
ZIM	37.0	64.0	10	1
49	56	40	79	34	56	27	67
JKT	60.0	17.0	8	1
62	26	51	-3	63	33	71	28	54	2
EED	-3.0	37.0	9	1
-20	36	-9	25	-8	27	14	45	-22	20	14	53	7	58
