LYE	106.0	93.0	2	1
104	88	99	78	115	76	82	122	103	90	121	78	121	119
BVV	45.0	41.0	3	1
29	28	55	54	33	48	35	38	75	37
SMU	16.0	58.0	4	1
13	35	28	53	17	82	-10	61	22	76	21	47	21	52
VUP	39.0	26.0	6	1
17	4	55	19	39	24	32	45	52	46	53	23	26	24
BLQ	23.0	105.0	9	1
48	106	11	111	15	113	20	93
QSE	60.0	95.0	2	1
55	99	54	87	72	112	60	85
KYP	69.0	83.0	7	1
78	93	60	63	41	59	88	101	82	102	65	82
HGI	28.0	9.0	8	1
24	11	31	-5	16	23	47	3	23	17
ODO	63.0	44.0	3	1
72	26	81	65	68	60	43	25	67	65	47	26
KCV	10.0	46.0	1	1
23	30	17	42	-4	52	30	49	-15	59
WZQ	20.0	24.0	8	1
30	3	35	30	34	43	-7	6	35	48	12	28	6	14
LRB	57.0	15.0	4	1
75	-2	60	31	45	15	57	4	51	28	55	4	61	30
LZU	30.0	57.0	1	1
13	61	43	47	42	38	23	37	22	75	44	73	25	72
OIT	82.0	44.0	5	1
58	53	87	28	106	63	92	67	106	42	58	41	78	21	74	40
VUN	94.0	10.0	2	1
116	-3	87	-2	72	11	103	34
MSQ	84.0	80.0	4	1
90	82	102	84	75	69	60	84	94	81
LAW	20.0	29.0	6	1
37	19	4	34	16	16	45	41	4	52	16	13
EVM	51.0	65.0	0	1
25	91	49	48	58	48	56	52	53	85	70	61	50	71
MFO	72.0	88.0	10	1
56	91	94	109	74	72	60	72	78	98
AOP	26.0	42.0	2	1
23	55	28	49	13	17	12	62	44	16	36	58
ELQ	95.0	57.0	7	1
113	63	86	46	101	46	76	81	102	53
SND	-1.0	38.0	4	1
9	39	23	22	-13	41	-12	28	-13	63
TTE	2.0	75.0	5	1
-9	89	-9	72	32	79	-5	60
CNK	72.0	95.0	3	1
62	111	64	91	89	116	84	83	56	93	70	76	80	116	72	78
VQB	90.0	36.0	1	1
97	57	72	39	91	52	106	22	84	43	105	39	108	14	63	22
JPZ	43.0	38.0	10	1
52	42	58	36	26	51	41	23	40	36	60	23	41	43	28	54
LOL	81.0	68.0	7	1
83	64	96	83	63	65	86	76	88	53	92	70	63	69
DDD	3.0	12.0	3	1
4	-16	-4	12	7	15	0	33	23	20	-9	11
