NNZ	35.0	75.0	7	1
3	60	39	83	47	70	39	77	46	72	38	92
FWX	92.0	-1.0	4	1
83	-15	90	7	95	17	89	-15	96	9	104	-9
QNP	98.0	49.0	10	1
85	65	84	50	86	37	105	29	102	49	108	50	108	45	107	69
HXD	31.0	91.0	5	1
40	74	31	100	14	70	15	113	53	101	14	89	54	96
JLY	21.0	93.0	5	1
14	111	17	90	39	99	41	94	0	81	18	87
PAP	0.0	57.0	3	1
6	74	-10	62	12	59	16	41	-1	50	-21	59
VBY	39.0	66.0	2	1
52	47	46	73	14	76	16	73	46	69	47	66	53	60
WET	58.0	52.0	9	1
61	57	48	57	74	41	52	56
UMP	93.0	56.0	3	1
113	44	108	72	76	50	113	56	72	47	107	73	65	56
FTD	93.0	20.0	5	1
104	23	107	30	76	-6	87	37	94	20
