PJP	64.0	67.0	0	1
55	69	62	69	83	58	81	69	39	71
GGE	38.0	90.0	3	1
53	83	57	113	33	91	26	78	14	77	48	102
MUN	5.0	60.0	0	1
-13	42	-11	63	-3	84	19	36	-5	67	23	50	29	82
PWV	3.0	26.0	9	1
23	26	1	3	-7	42	1	22	-22	12	6	39	24	39
GHV	82.0	82.0	5	1
76	76	73	78	73	100	84	72	75	74	114	92
ZVW	65.0	48.0	10	1
54	61	76	52	74	41	35	39	71	49	80	50
NZC	30.0	52.0	6	1
29	52	22	68	19	50	29	61	39	56	44	23	33	59
DXC	50.0	55.0	9	1
34	65	33	55	61	41	50	69	72	47
KMR	0.0	85.0	8	1
-14	101	-9	76	6	96	15	76	19	70	-18	96
AEA	7.0	27.0	2	1
21	57	-1	19	-7	11	12	16	32	14	-3	36	-5	49	9	14
VHM	1.0	86.0	2	1
2	96	-19	94	8	78	26	84	-18	73	9	95
YTP	38.0	32.0	7	1
57	50	59	48	33	22	48	12	31	36	28	15	17	51	37	28
URR	42.0	57.0	7	1
29	78	39	60	42	74	35	38	46	42	61	50
UJY	11.0	46.0	3	1
-2	67	33	43	23	26	-12	67	13	28
MWG	5.0	47.0	2	1
-7	54	22	30	-5	28	16	34	15	72	-11	68
IWM	93.0	7.0	9	1
71	29	113	33	114	-11	98	-7	70	-7
EVT	69.0	59.0	6	1
83	63	59	57	75	74	91	61	48	40	45	63	87	60
RNN	80.0	71.0	8	1
89	52	79	68	89	53	75	70	76	91	78	89	73	95	82	54
HVO	94.0	72.0	5	1
100	65	103	69	99	77	75	76	94	75
XWI	7.0	20.0	2	1
1	22	22	10	-9	24	14	25
CCD	62.0	-1.0	2	1
60	-11	43	-14	49	-4	77	30	85	-6
MJH	29.0	24.0	3	1
35	43	51	34	7	19	36	26	17	0
QNJ	44.0	94.0	8	1
47	112	65	83	42	111	33	81	36	87
JLY	70.0	11.0	7	1
89	-6	67	32	93	26	56	2	67	11	51	4
IAL	83.0	22.0	4	1
89	29	94	10	67	4	82	46
WQY	94.0	17.0	9	1
84	17	94	18	104	14	93	28	101	13	100	34	86	0
SKK	80.0	20.0	5	1
61	-3	85	29	82	14	91	30	96	34	86	36	60	1
UEK	46.0	11.0	1	1
67	-15	30	14	39	16	51	29
ZTS	16.0	18.0	3	1
8	43	31	37	-6	5	4	11	7	3	39	-1	35	34
UOT	56.0	40.0	9	1
36	39	72	31	64	56	48	28	66	37	55	49
NMK	55.0	93.0	9	1
61	108	49	97	35	75	42	106	77	97	71	77
XYF	36.0	65.0	2	1
34	77	26	49	34	79	50	59	39	75	37	55
JDN	23.0	75.0	3	1
30	84	31	74	23	80	22	73	12	65
QGG	98.0	-4.0	9	1
108	-3	106	-12	109	0	87	-4	82	-5
RUU	42.0	69.0	6	1
29	50	49	91	51	58	41	80
XND	81.0	74.0	10	1
68	71	108	87	88	62	92	62	68	88	66	93	72	80	90	53
KNR	20.0	11.0	6	1
15	31	31	31	14	19	13	4	35	-9	11	-8	24	-8	20	35
PPO	6.0	85.0	4	1
5	79	-5	81	28	88	-10	70	-11	80	23	87	16	112
WTA	26.0	30.0	5	1
18	39	40	24	17	17	15	31	42	43
WOX	46.0	100.0	8	1
48	104	44	90	48	114	46	94
BRO	60.0	24.0	6	1
54	27	78	21	76	3	49	42	46	31
LDE	97.0	14.0	1	1
105	18	100	18	84	7	80	8	107	6	114	43	95	2
XJH	83.0	16.0	2	1
89	18	87	16	74	24	72	20	75	13	105	10
XPM	17.0	56.0	2	1
35	44	-1	62	10	54	19	79	19	58	-2	48	41	53
