URK	89.0	92.0	3	1
77	116	99	77	104	92	77	83
DWK	1.0	50.0	5	1
9	61	-5	64	21	51	-6	55	-10	53	-11	32	14	35
INN	30.0	78.0	1	1
17	68	12	69	48	97	50	84	23	76
CII	65.0	84.0	3	1
53	106	65	78	52	70	53	69	95	91	72	93
GGL	10.0	4.0	7	1
22	2	-20	-6	21	-4	0	1	11	20	19	5	6	9	22	9
UFA	73.0	83.0	4	1
72	69	80	65	71	94	90	69	65	99	61	103
WEK	37.0	87.0	1	1
56	77	33	82	35	75	18	110	43	94
NEN	79.0	26.0	2	1
101	36	75	12	88	17	65	42	67	23	82	17	75	36
DBY	82.0	91.0	6	1
87	109	98	68	70	93	94	78	76	113	67	89
QTH	85.0	31.0	2	1
77	46	107	30	79	8	101	37	64	37
LCU	18.0	4.0	1	1
28	10	4	22	-11	0	34	-15	35	6
YWS	17.0	43.0	6	1
24	60	3	35	34	49	11	60	15	34	42	49	-4	17
IOP	9.0	79.0	8	1
14	61	-5	82	15	91	29	80	-7	85
YAT	83.0	12.0	3	1
73	13	93	7	84	25	77	-6	88	24
URT	31.0	21.0	3	1
42	38	30	6	43	6	18	40	42	23	11	16
TVO	83.0	47.0	1	1
93	55	72	50	96	49	85	52	96	38	61	38	83	53
NSC	89.0	30.0	3	1
74	42	93	24	114	29	79	45	86	13
SQJ	26.0	84.0	1	1
12	98	52	75	8	82	35	82
CTB	12.0	30.0	8	1
35	33	15	36	8	25	1	24	2	34
KYU	20.0	100.0	4	1
39	89	-1	94	38	114	32	110	11	102	21	111	2	82
GBY	36.0	79.0	7	1
49	74	22	85	13	97	58	72	37	64	30	74	49	89
PMO	53.0	69.0	6	1
55	57	37	80	69	57	61	72	52	66	29	97	69	55
CWW	58.0	37.0	9	1
65	55	73	25	52	28	32	53	70	24
FSS	22.0	73.0	9	1
26	56	29	79	26	59	8	99
LBY	40.0	72.0	10	1
48	90	56	78	37	54	49	77	22	85	33	49
XXN	74.0	21.0	5	1
75	15	90	25	79	39	74	34	54	-5
UPI	108.0	22.0	10	1
115	22	116	12	110	38	100	5	96	21	100	22	119	35
HRB	74.0	98.0	5	1
81	109	76	80	54	101	80	114	80	87
FXP	83.0	68.0	5	1
70	83	89	64	75	57	105	80	76	71	104	69	63	53
AHZ	54.0	13.0	2	1
79	22	42	11	39	22	63	-7	63	14	42	19
PHM	80.0	88.0	6	1
88	105	88	74	86	73	84	93	58	115	80	68
WMM	34.0	38.0	1	1
35	45	34	43	37	51	29	34	37	20
POA	56.0	90.0	2	1
73	82	53	110	47	78	65	103	44	102	40	78	70	80
NNB	72.0	95.0	4	1
76	105	89	97	72	77	74	79	70	98	53	114
SZQ	34.0	103.0	3	1
31	117	44	103	23	69	64	112	20	91	29	114	30	117
HGR	97.0	89.0	8	1
73	105	118	78	94	102	98	101	73	92	92	68	115	70	114	100
PWG	31.0	84.0	9	1
17	108	29	64	27	99	58	65	45	80	10	91
