NKU	16.0	34.0	5	1
30	39	10	36	25	47	-14	38	30	11
MPT	77.0	61.0	3	1
51	53	92	43	93	88	98	88	88	46	53	48	70	65
ZYW	53.0	17.0	7	1
49	4	57	33	64	18	57	-2	48	31	48	13	54	25
ENO	39.0	22.0	9	1
47	23	14	38	52	29	29	3	53	37	44	6
XMW	72.0	35.0	8	1
73	48	87	25	68	19	62	50
TQL	44.0	46.0	3	1
66	56	46	70	48	33	32	24	38	54	39	44	40	41
DUE	68.0	55.0	10	1
54	51	55	55	75	72	59	50	83	56	75	63	77	42
NGP	39.0	93.0	4	1
31	111	46	92	29	87	42	105	51	73
KGL	53.0	51.0	10	1
62	43	71	48	36	54	26	46	57	72	53	55	72	45
QOC	86.0	2.0	10	1
83	6	70	4	81	23	109	-9	75	13	101	-21
KHM	75.0	43.0	10	1
65	46	67	54	84	42	94	17	94	39	51	60
DUW	86.0	-7.0	4	1
64	-20	106	7	88	-22	79	12	97	-13
NIJ	46.0	63.0	5	1
47	69	46	64	19	61	61	68	59	55
FET	18.0	3.0	9	1
-1	-8	18	-3	18	-8	23	12	34	25
TNX	19.0	59.0	1	1
16	63	23	50	20	51	14	67	43	67	-1	56
UOX	57.0	55.0	1	1
60	42	69	66	41	53	76	65	31	67	65	54	62	40	53	58
RVC	10.0	76.0	2	1
9	72	2	84	0	76	6	88	19	65	24	86	15	63
UBC	92.0	87.0	8	1
89	107	113	69	91	90	78	72	80	81	103	106
KLU	22.0	-2.0	5	1
11	-6	29	4	25	-8	37	-5	12	15	19	-16
FIH	7.0	1.0	1	1
-7	-18	3	-9	10	1	-15	10	18	17	20	17	25	-7
GXE	66.0	93.0	5	1
57	90	82	107	56	90	62	95	76	83
HOV	1.0	42.0	4	1
21	42	-6	44	5	48	-3	40	-10	37
ENC	100.0	45.0	4	1
117	57	107	33	92	35	85	55
TKN	3.0	11.0	2	1
14	10	-14	9	11	23	18	18	-18	26	9	-15	3	8
XLS	90.0	55.0	9	1
102	63	91	64	76	46	89	41	95	54	103	58	75	60
XPV	-1.0	8.0	6	1
-14	0	-13	20	24	1	-19	-10	2	30	10	11
CJF	31.0	18.0	1	1
29	39	53	27	24	-3	18	14	48	33	9	23	49	13	25	-2
ZIS	21.0	10.0	8	1
45	8	37	4	7	13	8	1	12	28
XUY	25.0	0.0	10	1
35	-18	6	0	38	24	33	17	19	-3	24	-18
EFI	33.0	35.0	6	1
43	28	38	25	22	39	24	43	39	49	12	44	46	46	46	13
YGF	54.0	84.0	1	1
49	94	73	86	40	99	74	75	38	67
BTJ	85.0	73.0	3	1
89	63	91	72	78	83	83	60	78	76	87	81	92	79
