KPI	79.0	34.0	8	1
76	47	96	45	91	54	60	13	75	12
LCS	29.0	47.0	1	1
37	49	49	41	4	43	41	55	41	35	24	50	11	70	25	35
EHC	45.0	57.0	1	1
40	64	36	46	68	48	37	71
HET	39.0	87.0	4	1
54	91	33	65	14	83	30	94	35	71	55	107	56	104
PPM	78.0	27.0	6	1
87	41	78	13	83	33	67	22
VSA	13.0	41.0	4	1
-11	20	22	55	24	26	25	55	-7	46	21	54	17	33
AUA	13.0	49.0	8	1
1	38	10	34	25	62	5	61	7	52	33	51
WJY	38.0	23.0	0	1
33	8	21	39	33	6	50	43	31	32	62	13
GPA	21.0	63.0	6	1
18	67	26	56	38	58	19	75	23	52	4	93	39	51	6	59
XMX	32.0	44.0	1	1
58	28	28	41	58	49	12	65	16	53	25	32
MYN	94.0	96.0	2	1
109	80	96	97	80	92	109	82	75	119	97	111
KTX	46.0	80.0	2	1
51	84	36	82	58	71	48	75	66	97	31	65	50	77	30	91
YZM	66.0	53.0	10	1
77	53	42	83	46	42	78	43	79	55	73	51	71	49
QJH	7.0	39.0	9	1
35	44	-2	20	-1	62	-4	31
ZPE	92.0	48.0	7	1
106	39	96	38	84	57	104	60	73	49
GPV	91.0	0.0	9	1
111	-5	85	9	68	-13	96	14	103	20	92	-6	84	-18
HWE	52.0	-1.0	10	1
55	-6	55	-5	59	-13	44	20	48	-4
NDV	72.0	50.0	3	1
49	29	93	60	62	64	69	37	80	64	84	48
DBA	50.0	86.0	1	1
32	96	46	87	74	77	58	93	27	86	63	82
DPZ	43.0	89.0	4	1
46	92	58	82	30	90	26	103	49	89	48	80	44	93
AKF	46.0	33.0	6	1
54	40	24	45	62	27	44	23
VNO	2.0	24.0	8	1
-10	24	4	5	15	31	-5	32	-14	23	27	31
RYC	37.0	66.0	2	1
44	76	10	69	48	44	52	69	33	75
YQJ	38.0	52.0	2	1
19	71	26	72	50	42	47	44	53	41	44	56	33	38
BJM	39.0	40.0	8	1
30	61	24	19	33	24	52	24	30	61	66	53
VKR	78.0	87.0	4	1
79	78	65	112	92	84	63	87	93	75
JAV	86.0	25.0	6	1
100	23	81	30	77	17	88	32
ZIL	38.0	92.0	2	1
37	74	24	91	63	86	31	104	36	108
VFC	90.0	82.0	5	1
103	91	93	96	83	90	81	80	92	66	90	70
XBV	61.0	70.0	4	1
87	80	66	56	49	75	59	49	47	91
VCX	59.0	86.0	8	1
80	61	55	87	36	100	52	94	76	91
ATC	67.0	92.0	5	1
83	76	84	116	45	102	42	101	85	69
HYX	36.0	26.0	9	1
13	25	41	2	43	37	49	41
TFG	-9.0	93.0	1	1
-16	92	14	81	0	101	-17	92	-10	110	-24	111	-5	73	-21	86
MDN	22.0	78.0	1	1
44	53	47	84	4	84	17	94	44	60	5	97	-2	74
WYD	26.0	47.0	0	1
55	57	20	31	12	44	25	43	22	54	35	42	17	63
VIZ	29.0	30.0	1	1
4	30	49	23	31	20	48	46	17	24	30	39
GCO	98.0	89.0	9	1
101	110	85	73	93	91	76	109	113	86	108	89	113	69
VDQ	31.0	85.0	7	1
8	97	26	79	30	77	36	68	34	90	49	86	40	100
MMO	22.0	72.0	9	1
22	74	23	57	31	92	9	56	29	81
