OFD	76.0	76.0	14	1
84	66	73	67	88	84	78	86	69	60	66	97
SOZ	60.0	18.0	6	1
76	13	46	3	50	20	71	38
UFE	39.0	99.0	23	1
41	78	29	115	61	78	17	82	51	116	27	110	28	104	63	114
CYY	85.0	18.0	11	1
83	27	99	16	78	15	62	30	103	2
UBT	-1.0	70.0	12	1
-11	85	17	66	-4	87	10	55	-11	67	-5	70	-6	62
BJT	79.0	83.0	3	1
99	97	104	78	59	61	67	104	80	98	78	87	67	59
VQH	59.0	80.0	22	1
43	97	64	97	49	79	67	68	75	62
CCY	37.0	70.0	1	1
42	77	38	73	43	72	27	80	55	57	19	66
NYY	39.0	101.0	4	1
29	108	48	114	46	90	29	119	55	93	28	99	41	90
ECA	12.0	17.0	13	1
9	3	18	39	-9	4	14	13	10	21	30	26
LED	23.0	5.0	14	1
34	-6	7	6	38	1	24	13	15	12
TFG	78.0	13.0	18	1
73	20	91	12	84	-14	63	20	83	27
WSW	-2.0	52.0	14	1
-16	62	-19	65	-19	34	24	50	27	40	-20	76	9	43
TEP	86.0	33.0	25	1
88	28	73	29	98	24	71	24	96	52	74	49	104	25
QEE	92.0	44.0	3	1
87	30	89	23	101	61	84	58	100	52
CCM	65.0	44.0	6	1
57	51	78	55	41	38	74	32	75	44	56	39	80	51
JSL	17.0	84.0	13	1
5	99	11	91	14	97	20	88	7	73	26	71	42	70
RFH	23.0	89.0	12	1
6	74	40	87	42	101	11	88	39	69	2	117
TMB	24.0	16.0	9	1
17	42	43	1	25	18	26	5	27	17	8	18
LAJ	48.0	0.0	7	1
40	-7	51	19	39	-3	42	11	53	-10	63	-9
FVB	-3.0	37.0	4	1
-3	47	-1	13	-3	46	-5	43
YIV	69.0	47.0	20	1
79	62	71	51	53	53	75	58	71	36	68	25
SOI	63.0	77.0	22	1
88	94	64	54	71	61	47	68	41	80	81	88	49	99
CBY	23.0	81.0	11	1
15	96	21	65	43	67	13	99
PTB	62.0	19.0	23	1
61	17	66	36	83	13	49	23	53	9
UCF	41.0	16.0	1	1
32	10	60	10	16	19	56	26
XUW	88.0	32.0	16	1
83	29	110	24	73	26	93	25	89	23	78	52	94	50
UGA	55.0	88.0	23	1
41	98	72	84	73	109	37	100	30	78	65	78	73	73
MVX	61.0	50.0	8	1
72	40	68	43	44	57	68	40	61	65	53	55
TDU	90.0	3.0	7	1
93	-5	87	29	102	3	78	-14
CRG	28.0	15.0	1	1
42	43	37	8	44	14	3	1	35	1	14	41	25	1
GZN	35.0	2.0	13	1
28	21	19	8	63	-11	38	18	22	18	30	-13	46	-24
WBM	45.0	39.0	3	1
37	52	52	44	31	32	40	46	48	36	57	23	51	44
YQX	77.0	12.0	7	1
63	29	76	29	96	0	79	9	82	12	69	-4
VSK	101.0	67.0	13	1
93	65	82	60	105	71	114	55	115	86
PFE	29.0	3.0	18	1
28	4	38	-4	27	-15	18	25	14	-5	52	9	27	12
OCX	86.0	43.0	6	1
84	42	90	59	64	26	105	50	85	49	105	45	77	34	80	46
TKP	80.0	86.0	4	1
63	95	70	89	83	100	96	63	90	84
FNH	16.0	20.0	23	1
33	22	-2	35	24	30	27	8	20	15	-2	12
