ORW	84.0	85.0	8	1
90	94	77	104	98	84	55	74	91	78	85	97	98	67	79	89
KZJ	68.0	64.0	5	1
66	69	87	68	69	81	62	53	85	64	43	46	52	73	87	60
PHN	23.0	62.0	3	1
7	61	42	73	42	50	11	65	38	56	26	72	-1	59
CYN	41.0	67.0	8	1
29	41	25	58	27	87	64	65	63	88
GBM	70.0	23.0	8	1
51	22	70	8	91	21	62	29	89	33	57	27
NPE	80.0	60.0	4	1
92	56	62	63	62	57	90	68	87	59	92	61
LXZ	70.0	68.0	0	1
64	59	82	53	63	69	51	68	94	94
JHW	42.0	90.0	2	1
28	76	50	96	49	106	39	103	68	79	22	85
FTU	74.0	97.0	1	1
84	83	63	106	63	100	89	99
UTX	6.0	41.0	9	1
-4	37	24	33	12	36	-7	61
