BBP	67.0	95.0	4	1
66	108	83	100	61	85	59	96	63	107	70	85	72	89
EAA	91.0	18.0	8	1
96	31	118	-4	94	-4	77	21	74	28	90	37
VFB	-1.0	83.0	7	1
1	70	28	81	-17	82	-18	100
CUB	56.0	90.0	4	1
67	75	51	97	59	88	71	99	35	91
BYG	77.0	46.0	2	1
83	32	83	38	81	75	64	65	88	35	71	38	71	42
OLW	78.0	13.0	8	1
61	5	63	19	58	30	103	8	85	21	103	-3
KJX	19.0	50.0	10	1
40	59	40	51	0	37	13	61	35	30	2	61	7	55
KNJ	26.0	52.0	7	1
8	39	36	43	11	59	28	50	32	43	44	81
JOP	23.0	49.0	9	1
36	56	25	25	-1	55	21	48	37	65
SJN	67.0	63.0	8	1
83	69	73	66	51	78	73	66	56	36
ZJA	57.0	56.0	4	1
63	42	64	63	48	67	54	55
DGN	70.0	61.0	8	1
47	52	72	58	60	37	81	74	80	63	78	75	69	62	79	69
ZQI	78.0	1.0	0	1
65	16	109	-15	72	-7	83	24	65	-11
ODI	31.0	72.0	0	1
27	68	36	59	17	86	38	65	43	63	45	76	17	91
BGH	89.0	95.0	1	1
82	84	99	78	97	104	85	110	83	99
GLT	50.0	68.0	6	1
36	60	63	72	69	53	41	87	42	54	54	83	50	71
LIA	74.0	39.0	4	1
48	32	75	29	91	63	92	23	64	48
UXM	69.0	39.0	5	1
89	25	83	24	62	53	47	62	65	33
CWA	62.0	-2.0	8	1
67	2	35	-9	70	-15	80	-15	58	24
XHP	5.0	89.0	2	1
-10	72	28	96	-18	92	2	100	19	85	14	89
EYP	74.0	82.0	8	1
84	80	61	82	83	88	81	76	60	89	77	77
WOY	48.0	66.0	0	1
30	59	49	79	42	67	31	56	76	84	60	52
UYX	19.0	46.0	8	1
42	33	8	37	1	73	27	43
FRB	104.0	28.0	10	1
107	43	119	34	83	3	121	4	107	35	94	43	113	38	88	27
OGM	80.0	83.0	6	1
59	77	72	74	102	84	79	89	88	95
BJK	84.0	74.0	0	1
70	79	69	82	97	68	103	66	87	58	104	74	64	93
NBZ	7.0	25.0	3	1
17	6	18	45	-8	44	13	24	-7	20	13	12
RTZ	65.0	11.0	4	1
64	38	70	17	65	-10	56	18	72	-8
IDA	42.0	84.0	6	1
72	91	26	89	61	80	24	85	25	72	58	103	29	73
OCN	61.0	76.0	8	1
46	68	57	77	73	93	51	69	84	86	62	77	60	65
DLP	54.0	83.0	1	1
75	91	45	87	36	72	62	83
CES	94.0	65.0	3	1
69	53	103	99	96	58	110	53
SWJ	39.0	14.0	3	1
39	16	42	20	20	34	48	18	38	4	39	20	52	-12
SUA	63.0	47.0	4	1
36	43	41	50	79	67	71	38	81	20	74	64
UOC	35.0	42.0	7	1
30	27	29	70	58	27	23	44
HEB	87.0	42.0	3	1
66	33	101	27	66	43	96	70	101	43	95	41
