WFJ	31.0	9.0	4	1
51	6	12	-1	42	7	42	9	9	24
ZOU	69.0	32.0	9	1
79	41	62	38	74	16	72	22	59	29	89	27	54	53
FPH	41.0	56.0	7	1
51	37	28	64	40	65	28	75	55	54	47	42
RYI	77.0	18.0	10	1
68	21	73	27	78	22	92	20	77	4
VAI	26.0	64.0	3	1
26	74	6	80	33	57	34	49	21	82	33	44	32	66
VHV	88.0	35.0	7	1
82	52	87	23	82	31	93	49	103	44	100	27	67	8	90	46
ZRB	12.0	36.0	1	1
22	44	2	43	2	36	23	22
HJW	43.0	67.0	8	1
50	76	37	72	27	80	62	54	42	57
BEO	5.0	85.0	2	1
6	71	6	100	-8	60	22	92	-1	105
CDX	39.0	81.0	2	1
51	55	17	71	35	91	44	94	60	85	29	92
BUA	86.0	-6.0	5	1
109	-18	69	-1	86	-23	84	14	84	-11	70	-8	101	4
SZJ	97.0	56.0	9	1
98	46	87	54	120	34	83	73	97	82	113	34	87	71
AXE	47.0	51.0	6	1
59	61	33	34	64	38	68	69	49	69	41	37	34	41	29	63
HSO	39.0	43.0	5	1
38	58	17	37	35	55	49	29	52	36	48	46
TXG	74.0	62.0	4	1
74	95	86	52	84	55	75	50	59	50	70	72
QJU	91.0	54.0	4	1
77	32	84	75	118	60	84	75	94	29
QGB	82.0	35.0	10	1
97	37	53	31	73	37	76	39	79	22	96	44	100	39
DZZ	84.0	49.0	2	1
92	37	105	26	70	68	71	46	79	40	78	66	97	63
MCM	79.0	80.0	9	1
61	99	94	85	93	102	56	65	89	88	96	87	66	59	79	60
TPU	14.0	27.0	2	1
-8	36	23	40	10	44	26	13	14	6	21	23
NGM	27.0	27.0	6	1
31	33	36	40	3	31	27	24	29	21	30	18	37	28
VKQ	9.0	79.0	8	1
-16	66	29	63	28	100	2	76	2	94
GQK	47.0	75.0	7	1
62	91	51	66	30	75	70	84	25	61
MLR	2.0	-4.0	4	1
6	11	1	-12	10	16	7	-18	-12	-21
HVF	24.0	86.0	9	1
41	73	8	90	19	78	14	117	39	74
GWN	96.0	26.0	6	1
84	11	98	32	117	12	101	39	82	38
MOU	31.0	36.0	8	1
50	22	9	42	53	18	14	62
FKR	42.0	101.0	7	1
30	106	34	110	41	107	49	115	43	93	56	78
PZH	89.0	42.0	3	1
86	35	102	67	68	46	80	28	75	30	103	65	110	29
YCM	18.0	46.0	0	1
34	36	34	65	6	43	41	50	3	35	11	61	-1	32
ZNA	16.0	57.0	4	1
24	69	34	67	4	53	-1	65	11	65	27	40	18	40
ZRI	28.0	60.0	8	1
29	46	39	46	51	48	35	71	15	70	22	56	5	88
MAT	47.0	41.0	5	1
58	27	44	53	63	24	29	51	42	53
PHZ	24.0	12.0	2	1
16	13	36	38	21	34	35	7	2	1	47	-3	12	-1
WPX	68.0	54.0	6	1
69	45	51	75	73	76	61	41	70	53	53	30	78	57	89	55
KAP	83.0	30.0	1	1
73	7	82	39	99	26	52	17	79	48	100	33	101	22	85	48
LJC	74.0	95.0	6	1
44	92	83	110	85	85	84	88	83	84	70	112
TJE	99.0	25.0	9	1
103	19	99	29	85	30	110	25
IHT	10.0	59.0	4	1
31	69	8	67	22	64	-6	51	6	35	1	76	23	55	0	57
KBY	56.0	80.0	5	1
45	70	73	63	58	85	48	104
UOP	13.0	11.0	5	1
25	25	13	-3	19	19	31	5	20	8	-13	21	-2	5
ICE	92.0	19.0	1	1
94	10	79	32	107	13	92	17	96	32	91	27	85	8
LST	59.0	82.0	3	1
78	82	38	99	51	71	69	78
