EVR	-5.0	71.0	6	1
-11	79	15	61	4	62	-17	74	-12	63	-10	89
CKB	24.0	87.0	8	1
36	77	27	100	28	86	9	81	9	87	38	96
FQG	41.0	64.0	20	1
64	78	23	48	22	60	60	57	39	78
GSA	39.0	39.0	8	1
34	40	27	43	52	35	46	40
HVZ	82.0	3.0	1	1
56	-10	84	19	87	16	89	-13	94	5
YQU	44.0	103.0	11	1
36	105	62	105	36	91	48	113	27	105	49	104	51	100
SRV	9.0	66.0	0	1
21	85	0	59	35	70	6	47	-7	62	12	75	0	66
YHA	61.0	80.0	9	1
54	104	59	75	80	84	62	87	58	71	58	64
EKS	70.0	14.0	1	1
77	-1	85	22	68	24	52	11	90	33	50	0
AOD	73.0	90.0	15	1
76	84	81	97	83	109	82	84	51	94	66	83	78	85
LEF	0.0	74.0	2	1
7	61	-12	66	-23	86	22	83	6	77
HDX	35.0	93.0	9	1
38	107	26	96	26	84	50	92	55	92	22	108	29	77
QLL	22.0	83.0	23	1
21	73	39	86	24	100	23	96	7	62
GLJ	26.0	75.0	0	1
27	89	21	80	35	67	34	66	29	62	37	64	27	106	3	66
ZDL	80.0	98.0	2	1
89	76	76	115	98	106	67	112	72	82	80	98
KUD	37.0	37.0	8	1
28	54	23	53	55	27	46	29	34	24
