PNU	54.0	39.0	18	1
55	51	68	22	58	33	44	29	42	36	60	65
UUP	96.0	17.0	7	1
96	19	111	30	112	6	105	14	81	32	71	3
FPM	23.0	97.0	15	1
17	92	17	109	35	98	26	90
RLG	50.0	82.0	12	1
40	89	70	96	35	74	54	88	74	76	43	93	36	61
YZQ	61.0	13.0	23	1
77	16	61	5	45	24	71	21	38	26	68	18	83	-19	47	19
RMX	17.0	87.0	8	1
19	69	24	94	21	96	15	102	-9	68	34	100	19	86
CDK	63.0	7.0	19	1
62	-2	40	35	63	-9	73	25	79	-11
VHV	-1.0	76.0	11	1
-21	91	2	89	0	83	-16	60	18	79	-9	56	19	79
UUE	27.0	24.0	22	1
9	20	40	25	41	25	34	24	10	27	38	36	18	12
FXS	74.0	10.0	20	1
76	-14	83	35	60	31	75	8	76	-8
GAQ	8.0	78.0	16	1
31	66	-4	68	-1	94	8	82	12	65	6	96
ZDS	24.0	19.0	1	1
11	16	40	-6	7	20	25	39	38	30
RDR	42.0	82.0	6	1
30	98	55	69	55	69	39	91	31	83
LDZ	43.0	38.0	16	1
47	52	36	25	65	50	23	16	47	49
VZM	77.0	35.0	11	1
88	63	73	45	73	28	68	29	71	37	92	29	74	18
PAO	37.0	88.0	10	1
57	76	42	81	40	59	13	95	19	104	38	100	53	101
DIP	61.0	47.0	10	1
41	66	59	37	78	46	73	46	66	55	61	35	63	51	54	42
NGI	18.0	104.0	5	1
0	76	12	106	19	114	1	110	22	106	28	115	45	102
SCC	76.0	55.0	21	1
95	54	72	51	50	49	90	48	74	76
EYD	11.0	17.0	7	1
-13	31	27	7	30	3	32	24	-6	38	6	9	5	9
DQV	74.0	8.0	2	1
89	-13	77	26	80	1	75	7	51	21
LYU	85.0	11.0	9	1
94	-7	65	9	100	12	112	21	76	26	65	8
MLV	63.0	64.0	6	1
69	69	81	59	49	67	61	83	62	54	81	63	39	53
XMH	72.0	9.0	15	1
86	-14	56	-4	78	27	65	19	78	19
LKK	94.0	71.0	1	1
107	71	78	63	109	64	87	74	94	73	90	82
GIS	78.0	75.0	15	1
88	77	88	73	77	73	71	68	69	88
FXY	38.0	69.0	23	1
45	86	43	67	21	80	51	64	58	81	22	50	28	55
VOD	43.0	85.0	11	1
42	78	58	86	43	75	20	92	56	97
OGT	0.0	76.0	23	1
-8	75	1	70	-17	99	-2	81	17	64	14	71
JNU	7.0	89.0	1	1
23	101	10	103	19	76	-20	70	4	98
WVW	30.0	19.0	7	1
27	38	45	11	50	23	22	22	18	8	18	17
YMY	49.0	56.0	20	1
67	32	29	71	38	70	65	51
JRP	19.0	90.0	10	1
32	107	22	89	30	85	9	86	21	93	13	79	9	95
LDR	44.0	25.0	4	1
34	21	45	14	49	27	53	13	40	32	45	45
EJH	19.0	58.0	9	1
6	52	34	63	0	46	36	67	19	62
INX	8.0	96.0	23	1
4	103	21	82	-23	117	23	83	16	96
TKB	19.0	40.0	14	1
22	41	18	35	18	42	35	25	31	70	-10	32
RHL	-10.0	91.0	16	1
-2	99	-10	73	-9	92	-20	100	-14	83	-7	102	-10	90
ZEP	16.0	70.0	13	1
12	47	19	72	13	91	16	68	21	73
