BEY	1.0	97.0	21	1
20	86	18	109	-21	115	-12	109	2	67
AQX	19.0	31.0	3	1
-5	35	6	15	32	23	27	49	39	36
LNF	74.0	31.0	18	1
59	47	70	42	98	19	80	5	63	45
RGJ	78.0	1.0	3	1
86	-9	71	0	94	18	69	-14	77	14	73	-1
YWT	58.0	30.0	4	1
60	18	69	41	66	31	50	46	58	33	49	13
KIA	49.0	109.0	2	1
59	119	52	96	57	112	31	114	48	106
NHA	30.0	61.0	12	1
34	63	15	79	43	47	11	62	51	56
QDC	94.0	92.0	19	1
110	101	77	85	102	77	111	99	71	90	98	101
AAZ	18.0	14.0	18	1
32	1	2	23	8	13	11	7	37	29
RGA	70.0	6.0	20	1
55	19	76	-1	95	10	95	5	52	10	52	-7
AFI	5.0	64.0	0	1
-2	64	20	46	7	62	3	77	13	86	-6	53
QVX	46.0	68.0	24	1
48	46	58	66	56	81	41	61	31	88
MYE	45.0	70.0	5	1
51	75	68	49	50	61	36	89	41	73	28	74
YON	6.0	70.0	6	1
34	69	-5	64	-2	68	-15	89	30	54	-5	79
TPV	32.0	26.0	5	1
34	18	29	46	33	14	35	26
DWI	28.0	48.0	6	1
43	46	44	42	15	30	27	45	22	42	40	66	8	68
STC	76.0	64.0	5	1
94	72	96	67	69	48	51	87	73	48
BQK	25.0	35.0	19	1
29	37	45	29	14	51	14	26
BOC	63.0	8.0	25	1
49	2	61	26	84	1	58	3
CZB	71.0	2.0	24	1
97	-14	69	5	68	-2	57	-22	70	25	66	22
JDE	44.0	29.0	23	1
34	28	25	45	64	47	29	1	66	38	54	20	36	26
TMN	36.0	11.0	9	1
43	19	36	7	32	4	37	25	41	33	31	-4	38	-1
GIQ	41.0	65.0	14	1
43	70	37	63	51	64	58	70	49	74	38	49	11	54	44	80
JEV	69.0	61.0	9	1
94	68	57	52	76	71	67	63	52	52
OPV	7.0	72.0	6	1
-9	85	19	63	20	63	-5	70	-9	77	27	78
XYN	3.0	9.0	19	1
29	1	-10	2	25	17	7	7	-17	9	-11	19
IBT	6.0	37.0	19	1
-10	48	14	37	3	24	-4	41	35	37	2	36
FWK	70.0	7.0	4	1
50	24	76	33	75	-6	88	-4	63	-9
SJT	47.0	0.0	17	1
74	-14	66	25	30	2	58	-15	49	-10	28	18	29	0
EAZ	65.0	35.0	9	1
71	36	52	51	76	23	52	19	77	47
ZYP	97.0	3.0	7	1
93	6	96	-18	98	-1	88	9	92	9	108	5	106	13
