USG	86.0	95.0	6	1
75	97	69	121	97	82	104	118	95	87	87	74	75	92
SVP	64.0	93.0	8	1
74	82	64	107	72	78	46	107
FZQ	65.0	14.0	1	1
90	23	56	5	56	23	49	21	74	1
TGN	9.0	21.0	15	1
11	11	-16	37	-13	22	26	9	26	36	25	11
CKZ	39.0	34.0	15	1
50	24	35	16	51	26	53	48	7	57
XYG	23.0	72.0	5	1
25	67	2	96	34	81	46	73	21	64	14	52
XSY	51.0	30.0	18	1
38	39	54	27	42	43	73	11
NGE	91.0	46.0	1	1
95	46	82	55	100	42	88	42
EDN	33.0	7.0	12	1
25	3	28	0	51	5	48	17	21	11	26	8
IZV	72.0	61.0	18	1
74	47	79	49	88	71	46	86	77	54
PTC	6.0	26.0	16	1
1	31	-15	28	18	21	17	29	10	23
QDR	7.0	19.0	14	1
9	9	30	27	-11	46	-11	0	4	30	21	2
ALV	84.0	103.0	24	1
101	104	97	107	82	104	83	81	70	123	74	99
FUM	50.0	3.0	12	1
33	-18	63	3	60	14	53	4	23	17	69	2
GKX	86.0	25.0	10	1
90	33	68	25	66	16	94	37	95	38	98	-1	96	28
BYI	60.0	-13.0	20	1
56	-18	59	-13	55	-14	71	-7
ILL	83.0	71.0	20	1
70	94	78	64	75	70	77	68	109	84	103	65	72	52
EJQ	51.0	36.0	19	1
59	54	60	59	24	16	63	17
UGG	3.0	17.0	17	1
17	3	4	32	-7	8	-2	27
EGL	22.0	56.0	18	1
13	83	39	46	30	78	23	58	1	49	41	37	11	43
FIJ	87.0	3.0	13	1
93	18	96	-10	98	2	77	0	74	7
CCB	35.0	25.0	1	1
48	10	52	20	28	43	18	14	33	38
IXJ	12.0	-5.0	22	1
18	-12	-13	-2	22	-13	28	-11	7	10
PQJ	58.0	14.0	17	1
69	-1	31	19	50	27	61	14	72	26	67	9	60	7
VAO	81.0	31.0	8	1
65	50	89	39	95	28	90	21	92	54	83	11	58	19
GKM	20.0	61.0	21	1
24	72	29	48	36	51	4	56	8	79
XPN	26.0	53.0	15	1
33	60	43	42	32	65	15	60	9	42
NYK	26.0	31.0	17	1
15	45	30	36	27	18	27	22	36	22	32	42	37	45	7	22
TDA	26.0	50.0	25	1
35	48	31	34	2	45	27	70	41	50	22	58
KEO	69.0	60.0	22	1
61	84	68	56	57	52	74	43	89	46	85	75	59	78	59	50
OAM	10.0	81.0	20	1
-10	81	22	70	23	76	6	99
TBZ	75.0	73.0	24	1
76	93	78	60	61	51	60	74	74	62	89	81	74	94	94	72
VVL	44.0	66.0	25	1
50	79	30	64	55	56	57	78	33	73	24	46	61	68
HIT	7.0	17.0	15	1
-5	34	18	6	-9	19	27	11
ACV	84.0	56.0	11	1
103	78	102	45	74	62	64	41	79	57
LUF	79.0	16.0	17	1
94	17	96	-7	67	20	55	34	97	26	67	14	77	9
YOQ	61.0	74.0	16	1
72	75	57	73	67	79	42	63	70	60	53	74	69	99
QDK	27.0	39.0	1	1
19	34	33	49	40	37	33	36	21	56	21	23
SEP	41.0	18.0	20	1
37	13	55	35	42	10	33	4	58	14	23	36
KKU	35.0	55.0	0	1
21	60	38	80	35	67	35	32	43	80	49	41	32	50	33	35
BER	89.0	49.0	21	1
103	68	100	72	66	33	89	38	99	34	78	51
WGF	9.0	45.0	6	1
29	51	-3	41	-11	67	21	23
