DYD	82.0	42.0	23	1
60	53	98	35	93	30	83	46	96	47	77	50	68	38
YMW	55.0	77.0	5	1
49	70	64	89	55	58	47	74	64	81	56	81	64	70	41	95
FON	54.0	63.0	16	1
66	59	56	65	39	73	57	38	55	66	54	77
UBL	9.0	50.0	7	1
12	49	7	56	20	41	-2	55
EGO	3.0	33.0	12	1
7	10	0	15	17	32	2	13	22	55	-3	52	-22	55
XVC	58.0	61.0	3	1
34	83	71	40	64	46	65	80	40	72	75	59	61	51
VPD	27.0	41.0	16	1
11	24	30	22	11	36	32	56	52	68
QAT	68.0	96.0	21	1
52	80	92	87	79	87	94	110	60	96	51	99	49	116
QFZ	57.0	68.0	2	1
64	72	64	66	51	68	56	77	52	76	55	53
EYG	52.0	44.0	19	1
54	34	60	51	63	28	53	63	58	41	42	28	39	65
KTX	40.0	5.0	9	1
29	-11	51	-6	52	-4	45	29	25	20
SRQ	103.0	-7.0	17	1
91	-7	80	-11	115	11	115	-13	117	-18
ARE	43.0	46.0	8	1
57	36	20	66	54	62	59	34	28	36
FJD	4.0	2.0	4	1
2	-15	8	-3	17	26	-10	3
VAN	80.0	18.0	8	1
98	24	79	33	72	35	82	1	77	26	91	13	66	-6
BEO	40.0	-1.0	8	1
40	-2	45	10	48	11	37	-5	34	-22
FPX	87.0	55.0	14	1
76	63	74	54	89	60	91	53	109	47
BGF	81.0	103.0	9	1
87	116	107	72	66	116	75	102	73	112
GRN	37.0	86.0	20	1
29	90	44	106	17	68	55	69	42	77	38	108	35	90
YCS	26.0	-2.0	20	1
8	-22	10	21	48	12	37	-17	12	16	38	3	18	-10	40	-21
DDX	61.0	61.0	20	1
45	61	59	74	42	49	68	73	69	60	67	62	78	49
ZRB	20.0	30.0	19	1
33	54	35	19	28	35	3	23	11	20	12	30
DHP	65.0	53.0	15	1
89	63	46	44	47	63	80	42
HUG	11.0	34.0	19	1
9	21	-9	30	9	22	29	60	21	37
ZLY	42.0	52.0	2	1
27	31	42	58	29	73	72	48
IAN	59.0	27.0	8	1
64	46	55	8	64	20	60	17	47	43	65	33
GPB	11.0	17.0	11	1
1	27	24	13	3	16	17	12
WUI	46.0	51.0	7	1
56	38	60	59	33	36	57	61	28	63
JRS	44.0	80.0	9	1
42	74	39	86	43	62	33	84	59	85	46	74	51	101
PID	66.0	15.0	21	1
59	27	83	7	66	22	74	19	52	4
ZTY	94.0	59.0	4	1
114	45	83	57	93	78	89	45	104	69	102	69	79	52
RFC	61.0	15.0	3	1
49	32	72	10	79	10	52	31	54	7	63	2
PHU	29.0	76.0	24	1
52	54	20	101	30	97	26	59	17	59	33	87
QEA	90.0	70.0	0	1
80	74	94	89	87	63	95	57	95	69
CDG	46.0	108.0	20	1
38	116	67	114	35	113	51	85	42	116
KBB	50.0	99.0	19	1
68	113	70	85	31	104	36	116	65	99	32	78
JVP	51.0	65.0	20	1
55	70	45	60	46	51	60	79
ZFB	43.0	55.0	15	1
54	51	28	65	47	64	36	40	40	43	47	76	55	53	43	55
YMF	48.0	64.0	8	1
31	43	46	72	50	81	54	75	62	49
HOY	22.0	66.0	20	1
48	53	11	54	25	86	23	64	3	76
QAD	18.0	51.0	12	1
34	71	4	37	22	36	-2	72	1	58	27	52	28	42	36	42
NSJ	25.0	42.0	1	1
43	53	8	50	17	19	41	50	21	28	9	56	34	57	34	23
NPA	21.0	18.0	5	1
16	26	42	-4	24	3	11	38	12	23	-5	26	42	9	32	29
KLZ	23.0	32.0	10	1
12	49	31	17	32	20	25	38	23	27	27	49	14	27
EKX	53.0	93.0	24	1
46	74	43	72	83	104	45	114	48	118	41	81	66	90
XMX	19.0	50.0	15	1
36	38	22	47	10	53	6	56	33	64	12	45
FAA	1.0	96.0	2	1
-18	100	-1	115	11	95	13	74
JHE	5.0	19.0	15	1
-13	-2	19	28	8	27	-12	30	23	15
