TBG	84.0	6.0	16	1
56	18	95	17	101	-16	80	-15	77	10	98	23
XCD	60.0	73.0	8	1
46	50	73	69	45	70	52	78	84	87	40	73	81	85
MMB	24.0	49.0	21	1
17	51	10	27	42	53	8	25	21	70	26	48	44	62	24	57
IIM	1.0	79.0	24	1
8	102	-6	63	9	96	8	79	-10	58
UFE	20.0	31.0	17	1
17	37	17	21	17	31	31	35
RGP	100.0	16.0	6	1
108	29	82	17	112	10	103	-1	119	15	81	29
FOO	73.0	4.0	6	1
58	1	91	14	86	17	57	-16
VBQ	28.0	5.0	25	1
6	11	43	-5	47	14	26	-9	3	16	46	7
GXS	69.0	-7.0	22	1
68	7	71	3	59	-15	62	-11	88	-21
EGT	65.0	20.0	23	1
85	-4	79	28	59	0	53	9	48	32	56	40	81	37
PON	56.0	83.0	13	1
54	90	71	80	56	79	66	81	68	92	28	81	54	83
IBV	22.0	85.0	2	1
0	85	4	103	38	77	39	79	23	76	33	92
LCC	0.0	72.0	21	1
12	58	-8	88	18	58	-7	67	-12	93
XJD	79.0	41.0	22	1
94	49	79	34	70	22	69	51	84	49
LAZ	88.0	66.0	6	1
98	93	68	55	85	64	103	53
NBJ	73.0	4.0	7	1
78	-2	71	8	80	-2	76	18	63	0
TEY	41.0	30.0	22	1
55	32	32	40	47	47	48	8	43	45	18	43	41	22	49	4
RRW	40.0	82.0	1	1
41	64	43	100	53	72	27	94	40	81
CGT	16.0	77.0	23	1
42	89	-1	83	45	51	4	49	13	94	-1	86	14	93
UZL	26.0	101.0	18	1
12	113	26	107	29	99	35	82	30	107
LEF	44.0	12.0	12	1
40	1	55	9	45	-2	39	28	45	26
KQQ	46.0	21.0	2	1
67	18	41	17	29	33	46	11	65	30	32	20
SEM	15.0	14.0	9	1
19	3	19	-3	15	22	0	31	25	19
UUR	11.0	46.0	6	1
31	50	4	40	13	50	33	51	-5	26	29	65	-4	60	-6	30
RFN	9.0	27.0	15	1
-13	20	-2	31	11	35	12	50	28	25	4	8	28	22	4	25
NPS	68.0	-4.0	20	1
42	-7	77	13	81	-14	64	1	78	-14
DIV	85.0	0.0	14	1
97	13	99	15	81	-8	68	7	84	-20	94	-19	78	7
AQD	87.0	32.0	6	1
95	35	102	37	63	30	91	33	106	11	86	44	72	37
GLQ	36.0	41.0	17	1
17	51	55	33	54	37	12	32	43	52
WCW	34.0	61.0	11	1
9	72	47	47	31	54	53	77	34	57
GMV	24.0	61.0	12	1
10	86	47	48	23	59	11	47	27	56	15	53	37	81
RQF	1.0	88.0	11	1
6	103	-7	76	18	81	-13	98	-14	95	19	75
NRI	77.0	103.0	7	1
79	112	86	97	73	93	58	111	89	102
OLQ	99.0	62.0	24	1
104	75	111	65	90	47	80	54	103	54	107	79
AUA	26.0	43.0	1	1
36	27	26	62	33	51	23	45	30	14	13	58	27	44
GRK	76.0	52.0	6	1
59	46	69	67	76	37	98	69	84	55	73	38
WFJ	32.0	24.0	16	1
20	24	33	15	27	41	53	35	22	18	48	3	23	38
GYO	39.0	57.0	4	1
17	65	14	40	61	71	52	55	46	59	28	59	56	53
NTP	64.0	89.0	14	1
55	78	53	83	91	104	56	100	65	84
XWN	91.0	32.0	24	1
99	40	111	46	89	48	73	20	86	8
IBL	48.0	16.0	18	1
73	13	55	-2	49	30	36	32	29	10
GDF	46.0	3.0	21	1
43	25	60	-12	50	30	57	-16	38	-10	29	6
LCR	20.0	72.0	15	1
39	85	5	83	32	51	4	72
QVP	67.0	68.0	9	1
50	63	69	80	83	70	68	59
YJK	64.0	41.0	5	1
59	62	83	42	57	28	52	17	71	50	63	50
KIK	16.0	72.0	22	1
20	80	6	59	2	82	27	86	29	56
GFS	95.0	65.0	24	1
104	68	73	50	111	68	112	88	78	55
