SHX	3.0	59.0	20	1
-12	66	19	60	13	56	-2	54	-2	63
MZH	72.0	72.0	4	1
76	68	81	76	70	93	72	73	56	61	81	64
TIB	89.0	57.0	8	1
99	51	103	49	85	52	93	52	86	82	73	58
LDA	86.0	20.0	22	1
90	-3	92	25	67	41	88	15	94	22
NWX	82.0	71.0	15	1
77	66	69	68	67	48	101	82	68	95	115	68
FBO	43.0	71.0	16	1
29	81	67	67	49	95	48	48	26	65
PQR	101.0	67.0	8	1
109	90	113	50	80	88	87	58	117	52
JRD	14.0	58.0	8	1
2	53	-2	59	29	77	-2	70	14	35	20	58	43	50	8	65
NYY	1.0	88.0	3	1
-1	90	-8	71	0	98	0	77	17	108
UVE	92.0	39.0	4	1
71	40	95	61	105	33	108	46	80	30	98	26
URF	39.0	7.0	1	1
25	28	41	0	40	1	52	0
HRH	17.0	33.0	14	1
18	32	17	53	27	53	33	25	-10	12	17	24	18	37
XEC	80.0	48.0	21	1
94	37	80	47	89	51	68	44	81	42	80	52	74	67
HVL	83.0	71.0	21	1
71	73	100	72	70	44	90	78	84	91
KIR	24.0	101.0	15	1
32	117	19	103	5	119	40	96	31	115	40	85	3	77
UTL	10.0	18.0	19	1
31	32	39	27	-5	22	-6	13	7	14	-4	3
SKK	68.0	89.0	14	1
66	87	56	84	81	99	81	103	59	75
GCY	72.0	58.0	21	1
82	52	80	68	49	63	88	53	61	54
XPQ	30.0	22.0	17	1
32	42	26	31	30	9	20	24	45	6
LCU	63.0	41.0	0	1
84	50	51	50	54	34	76	19	78	53	55	30	48	54
GET	73.0	83.0	18	1
92	83	59	82	48	85	55	81	90	81	97	86
