FZE	100.0	93.0	2	1
112	81	88	116	117	84	118	104	95	81	83	103	91	87
RES	64.0	64.0	1	1
65	70	84	48	77	57	66	77	43	68	77	58	42	70
RHX	56.0	75.0	7	1
64	97	67	68	46	66	52	92	54	53
PGQ	93.0	27.0	3	1
99	40	96	13	72	38	106	20
ZOJ	57.0	90.0	7	1
72	103	80	74	43	108	58	70	37	108	75	70	37	97	59	97
BRR	89.0	57.0	7	1
97	61	70	51	98	67	79	36	101	70
RKN	79.0	24.0	2	1
83	38	60	11	81	18	99	23	67	44	78	24	86	15
HET	30.0	38.0	4	1
38	55	32	30	42	21	19	31	33	49	20	47
CTA	35.0	11.0	3	1
12	8	46	-5	27	-2	43	18	43	28	44	23
PRS	72.0	38.0	7	1
78	32	56	30	45	67	86	21	82	33	78	45	85	39
WJX	105.0	81.0	9	1
107	68	119	74	77	109	117	73
IHC	85.0	58.0	7	1
67	57	96	56	63	42	95	80	103	63	87	52
HYW	7.0	73.0	6	1
26	81	-14	60	-14	63	-4	88	25	80	24	70
LRJ	23.0	68.0	10	1
37	62	34	52	0	58	-3	77	29	73	42	91	41	50	9	88
TGY	35.0	67.0	3	1
23	47	21	62	46	82	55	83	24	63	49	91	28	44
NTL	42.0	18.0	3	1
52	8	35	37	39	22	49	18	38	32	47	10	38	5
QBK	52.0	42.0	4	1
46	52	74	38	36	39	55	39
FGA	110.0	20.0	4	1
116	38	106	3	114	33	112	5	106	25
IIY	29.0	52.0	9	1
9	39	32	76	32	64	19	50	42	32	44	52
KPW	54.0	34.0	2	1
70	16	40	46	61	45	62	32	55	25	40	41
SUQ	-2.0	35.0	1	1
-10	33	9	45	-1	25	-6	37
UGY	83.0	84.0	6	1
73	85	83	91	79	93	93	87	89	67
IIS	22.0	8.0	5	1
43	10	35	26	8	7	2	-9
AJB	45.0	50.0	5	1
62	54	46	45	58	71	35	37	36	56	49	43	35	44
EGY	80.0	42.0	1	1
70	43	89	55	91	36	90	32	63	47
XMU	1.0	77.0	4	1
13	96	-18	84	14	90	-17	94	6	66	-2	56	15	55
PFH	4.0	52.0	3	1
23	55	-1	50	-5	26	-6	53	-5	65	22	64
OJL	76.0	22.0	8	1
73	24	93	40	59	13	71	31	62	11	99	17
EUH	45.0	36.0	8	1
44	36	47	43	63	33	38	58	60	36	23	15
CWS	21.0	71.0	7	1
30	89	41	67	0	77	16	59	3	53	27	62	21	73	31	93
ZMN	98.0	98.0	8	1
86	121	84	108	99	83	119	90	114	96	91	90
BXA	1.0	45.0	4	1
-14	73	-4	33	8	34	14	40
VAC	23.0	13.0	1	1
13	7	20	8	43	37	21	1	7	-4	24	29	37	15
