XGS	48.0	-1.0	18	1
46	-8	70	-14	24	-11	44	19	56	7
LXC	5.0	10.0	21	1
22	17	24	7	13	-9	-16	29	-23	16	12	2
LPP	93.0	40.0	4	1
89	45	112	20	96	28	93	60	75	51
QJK	72.0	41.0	25	1
68	46	69	52	62	23	62	54	72	46	99	11	79	38	69	59
VQP	74.0	50.0	15	1
81	49	83	57	72	36	62	32	67	38	78	44	89	71	65	77
IQM	0.0	55.0	7	1
14	49	1	70	-6	42	-8	61
DLR	49.0	49.0	6	1
51	34	53	76	35	46	49	55	72	59	46	54	41	40	45	32
VLS	8.0	27.0	9	1
19	36	-8	4	10	36	30	19	-11	43
SLW	5.0	57.0	17	1
0	74	9	66	14	50	19	46	-15	53
DDA	34.0	19.0	8	1
33	19	16	32	17	14	44	29	31	41	25	11	58	1	54	6
GDJ	63.0	42.0	23	1
83	33	44	39	66	64	85	26	45	67	56	28
NSH	17.0	87.0	6	1
6	72	33	88	39	80	13	76	22	99	1	77	18	113	9	92
AVL	82.0	73.0	24	1
88	65	61	64	82	77	81	84	93	62	76	80	93	80
WSS	43.0	9.0	20	1
38	2	48	-10	39	6	45	32	51	13	42	11
KOB	39.0	75.0	15	1
24	77	60	93	41	96	58	69	35	61	38	66	43	90	18	55
MNB	57.0	-2.0	2	1
42	-8	76	-20	43	-19	61	12	75	2	48	17
UIP	17.0	66.0	17	1
-2	58	36	48	-4	87	27	88	24	56	26	59
SNO	97.0	25.0	12	1
90	32	115	29	96	19	116	24	80	24	88	25
OQP	47.0	88.0	1	1
58	92	30	80	51	79	50	101
EUN	48.0	64.0	4	1
55	64	40	74	31	63	69	58
VVQ	77.0	47.0	18	1
77	30	94	69	49	48	90	26	95	24	83	52	66	64	69	67
LST	58.0	57.0	25	1
62	58	91	51	48	58	45	63	47	73	55	40
UFI	87.0	72.0	3	1
73	66	86	57	69	92	96	64	113	84	93	83	84	63
JQV	23.0	63.0	6	1
18	37	-1	71	14	74	29	70	42	78	39	53
UEH	18.0	33.0	13	1
23	25	30	38	31	27	-9	45
WNB	12.0	96.0	18	1
21	87	-12	112	21	84	26	102	8	97
UQW	43.0	64.0	7	1
51	48	34	67	47	67	41	77
YST	74.0	101.0	24	1
87	103	59	113	83	106	59	107	70	83	89	97
EVT	24.0	29.0	8	1
10	29	37	52	4	21	45	16
HGG	73.0	86.0	15	1
91	90	71	103	69	71	74	82	64	102	62	82	81	73
URP	33.0	88.0	10	1
25	106	45	81	6	86	38	85	46	84	43	89
JWF	98.0	70.0	18	1
101	48	102	65	108	81	88	74	95	83
CSB	96.0	97.0	17	1
85	115	87	95	96	83	89	115	118	97	104	78
AKD	98.0	69.0	6	1
109	38	112	82	109	84	68	65	107	63	87	83
QHV	76.0	109.0	17	1
79	121	69	113	86	80	70	123
JYY	19.0	59.0	18	1
26	48	45	55	15	43	15	76	31	55	3	74	-1	64
DLG	68.0	54.0	15	1
88	37	51	45	72	38	46	71	92	64	64	70
FFH	65.0	97.0	21	1
72	94	83	103	42	108	67	102	50	72	76	105
THC	78.0	26.0	14	1
75	26	88	23	65	42	92	17	73	24
GHP	91.0	62.0	5	1
102	55	100	54	73	69	105	59	76	74	92	62
VWG	3.0	96.0	20	1
9	101	-11	109	4	87	30	83	-10	110	-12	106	13	82
CHX	63.0	69.0	1	1
73	59	72	89	75	77	44	69	55	55
JBC	30.0	64.0	18	1
54	78	20	67	9	78	49	36	22	63
HTN	59.0	52.0	1	1
48	72	88	59	49	41	60	29	67	59	75	68	45	49	45	43
WVQ	73.0	58.0	8	1
94	58	70	64	49	63	93	46	60	59
ILA	28.0	45.0	19	1
40	23	35	50	28	44	40	64	17	52	11	37
