UFB	36.0	55.0	21	1
48	56	30	65	46	44	19	42	32	78	42	48
IPA	64.0	96.0	5	1
60	95	64	78	81	103	53	118	46	86	85	97
EGK	79.0	64.0	13	1
93	80	65	71	57	56	84	67	100	47
TGR	32.0	84.0	18	1
29	81	23	90	57	63	25	90	30	96
UEX	80.0	53.0	15	1
94	42	69	70	95	42	83	78	59	37
MMQ	94.0	97.0	19	1
96	116	82	89	115	74	102	120	84	88	70	77	114	118
ZVU	92.0	51.0	10	1
91	64	113	41	70	46	87	29	114	68	80	51	69	41	113	68
IVF	2.0	6.0	25	1
15	14	-10	22	-11	19	-3	-13	14	6	-19	14	28	-15
ALR	45.0	0.0	4	1
34	1	37	1	72	5	40	-1	40	4	51	-15
JYT	17.0	25.0	9	1
47	39	5	32	21	-4	1	29	11	30
EFB	70.0	32.0	20	1
58	29	79	23	61	14	55	41	61	26	89	36	92	55
EGF	61.0	71.0	9	1
56	53	41	79	55	53	82	81	58	61	83	90	53	80
HFH	17.0	17.0	23	1
10	12	21	10	-2	52	34	7	25	8
TCD	25.0	46.0	2	1
23	31	40	47	27	71	12	37
DIE	9.0	98.0	21	1
-5	106	12	110	30	71	13	112	-13	108	24	86	2	97
KPU	26.0	92.0	2	1
48	86	28	91	12	88	33	77	34	121	6	93
YKK	56.0	43.0	11	1
34	18	58	40	64	55	46	53	78	52
BUB	72.0	96.0	2	1
72	69	69	81	74	112	82	112	64	102	73	104
SPC	46.0	102.0	20	1
75	109	51	80	32	87	43	123	33	115
RGV	78.0	48.0	3	1
86	55	97	32	65	69	85	33	64	57	89	38	62	58
DMJ	70.0	94.0	2	1
55	92	57	72	57	77	70	104	87	103	67	102	97	108
BTN	59.0	36.0	4	1
41	47	59	24	45	22	78	45	53	56	65	42	53	26	84	31
UYL	104.0	79.0	2	1
84	81	121	68	121	99	119	61	77	86
ZZV	25.0	17.0	3	1
15	22	40	5	44	18	37	27	13	18	23	11	7	22
QMK	40.0	36.0	18	1
35	42	37	55	35	20	61	48	34	18
AMR	69.0	101.0	22	1
70	102	54	102	84	112	71	98	55	85	81	111
OTN	83.0	21.0	21	1
77	17	77	42	70	15	92	17	103	18
ESE	5.0	91.0	13	1
27	84	-14	93	29	94	-11	96	19	93	-15	89
HQK	3.0	64.0	0	1
0	55	3	73	22	56	3	44	11	85	-17	52	0	86
