XDD	-1.0	11.0	5	1
9	10	14	7	-17	2	5	18	-17	20
VFJ	6.0	46.0	8	1
21	42	-16	35	-8	53	-8	41	12	36	24	70	23	50
OQY	32.0	17.0	0	1
37	-2	22	4	39	41	22	17	41	26
FSP	73.0	66.0	6	1
57	68	78	71	75	65	90	51	65	78
CBA	80.0	59.0	5	1
73	55	73	79	93	58	93	59	69	44
RFM	74.0	6.0	1	1
69	-8	99	-2	61	-5	70	-8	85	27	81	3	55	39
MJQ	39.0	90.0	2	1
24	86	36	93	35	88	61	96
QVD	57.0	66.0	5	1
59	57	83	71	39	74	39	80	69	52
TLU	14.0	-1.0	5	1
19	-11	38	-12	10	-11	7	19	10	-14	26	19	-7	1
XWV	50.0	94.0	0	1
45	69	60	108	66	74	47	111	32	111
SJI	27.0	12.0	1	1
12	0	16	6	13	13	42	-1	29	36	15	13	44	39	51	-6
XUT	38.0	14.0	1	1
26	-11	28	23	47	17	53	27
EHE	94.0	83.0	7	1
95	107	83	76	113	83	95	70	85	83
OIH	71.0	85.0	8	1
69	102	70	78	87	87	65	90	62	90	76	95	67	76	73	66
WRE	78.0	59.0	2	1
97	73	77	37	58	70	69	73	67	53	103	48
RDY	16.0	35.0	1	1
0	57	36	14	1	26	9	24	38	53	35	33	-4	42
KHX	30.0	28.0	8	1
46	26	18	14	38	38	32	38	21	45	30	12
BTO	19.0	92.0	6	1
0	103	25	81	9	99	48	102	15	78
DEQ	60.0	19.0	8	1
79	29	56	28	42	25	66	-8	59	24
OJA	-9.0	97.0	1	1
-15	80	-8	117	-18	80	21	116	-24	115	-13	78
DKM	80.0	75.0	8	1
66	78	88	47	85	89	82	89
RSW	69.0	65.0	4	1
53	68	76	59	67	70	71	64	81	66
XDA	77.0	6.0	7	1
71	6	79	8	106	8	79	19	64	-19	79	23	61	3
WVH	102.0	20.0	5	1
104	11	116	41	105	23	95	27	88	1	112	39	96	1
RDL	83.0	6.0	6	1
71	-11	77	-3	87	22	109	1	82	15	80	23	82	-4	77	6
CPC	41.0	34.0	6	1
54	16	23	50	50	9	22	49	58	46
BAT	76.0	91.0	1	1
66	76	70	77	73	86	84	115	61	106	103	87
AQQ	91.0	18.0	5	1
98	25	87	1	97	36	83	10
