SBC	104.0	7.0	3	1
122	-3	94	18	116	15	99	-8	111	-7	79	14	109	21
FYD	97.0	51.0	14	1
104	36	112	56	96	50	86	77	89	37
NHH	18.0	5.0	3	1
32	5	42	19	11	-7	1	18	5	-9
LPI	78.0	54.0	23	1
87	64	77	30	57	53	93	60	77	63
GEX	51.0	51.0	14	1
57	37	48	64	49	69	47	64	54	24
ZVR	40.0	29.0	22	1
37	19	35	33	36	44	51	40	43	9
WKS	53.0	7.0	13	1
75	-3	44	2	38	15	70	19	40	3
JWV	65.0	50.0	10	1
62	53	77	38	59	53	76	63	55	44
ZKQ	32.0	103.0	13	1
48	94	24	92	19	113	30	119	39	97
WPF	2.0	7.0	21	1
15	10	8	4	0	0	-20	33	4	9	6	-9
VMP	80.0	70.0	19	1
75	73	76	77	81	65	104	69	65	69
EQD	90.0	11.0	17	1
97	14	77	-14	83	3	119	26	75	29
RYW	30.0	6.0	19	1
45	12	11	-9	18	4	31	16	44	7	36	9
AMH	-1.0	20.0	17	1
29	8	-18	38	-4	30	24	-2	-17	16	-6	36	-15	20
XLQ	35.0	76.0	11	1
35	64	34	77	16	87	24	89	53	55	51	87
KIK	83.0	27.0	9	1
106	10	88	20	86	49	66	21	73	36
UEO	63.0	24.0	18	1
65	18	76	11	77	46	35	23
RJF	57.0	28.0	6	1
56	9	54	14	79	44	42	42	68	26	45	17	60	44
NSB	91.0	78.0	5	1
84	89	98	94	74	79	98	80	97	64	89	64	101	91	90	68
OMO	55.0	33.0	1	1
53	7	66	31	47	51	62	47	51	32
NIM	26.0	56.0	8	1
13	41	21	69	26	56	26	61	37	61	38	53
WWV	9.0	53.0	12	1
35	34	-7	67	15	44	24	61	-8	68	2	25	13	63	1	66
YWU	105.0	43.0	7	1
119	16	88	40	90	50	104	48	116	51	118	57
RLZ	7.0	51.0	5	1
20	40	13	74	-9	33	-4	66	19	42
YIC	76.0	7.0	1	1
65	14	102	16	67	-1	71	2
DOG	75.0	19.0	7	1
52	22	88	6	88	6	68	13	64	36	85	24	82	28
RKT	28.0	80.0	5	1
24	112	37	103	44	74	12	76	43	72	11	65	21	78	33	65
HUB	13.0	114.0	12	1
1	121	-3	118	12	119	9	118	33	112	18	112	25	104
CGI	38.0	44.0	15	1
21	38	59	50	42	65	32	37	31	55	54	33	32	33
JVH	7.0	-8.0	23	1
6	-5	14	-2	20	-7	6	-15	-8	-15
EOL	105.0	81.0	1	1
107	75	118	111	114	81	95	79	98	80	83	76	118	77	112	72
VNO	100.0	48.0	21	1
116	51	75	50	99	55	113	22	109	34	110	67	84	61
JAV	82.0	57.0	9	1
57	80	94	43	101	87	77	40	92	45	75	48
UIB	19.0	70.0	13	1
7	62	34	53	30	87	10	75	16	75
QWN	6.0	26.0	14	1
28	24	-12	13	-17	31	-2	33	25	46	15	14
KJD	40.0	60.0	16	1
37	83	42	53	40	46	39	43	46	78
PKM	57.0	0.0	11	1
49	9	61	-18	63	-11	56	18
RBD	50.0	93.0	22	1
34	106	68	77	54	99	24	75	67	115	53	89
