HHE	22.0	80.0	8	1
13	81	31	90	22	92	23	81	24	57
CDG	33.0	87.0	7	1
19	98	41	89	14	75	45	97	48	80
KAE	54.0	75.0	6	1
32	56	54	94	67	68	55	82	37	74	79	81
QAP	45.0	51.0	7	1
28	47	43	45	55	70	54	70	21	35	60	53	59	40
LMW	3.0	34.0	2	1
24	24	0	44	-22	22	-17	41	22	55	-10	9	26	28	5	55
BIW	57.0	71.0	2	1
51	94	52	60	58	50	73	67	54	85
VDO	54.0	2.0	0	1
51	-14	67	-12	70	33	51	-4	35	8
JBM	97.0	36.0	9	1
110	45	119	45	114	15	88	33	77	18	85	48	92	52
FVR	12.0	31.0	4	1
23	37	26	33	31	15	-3	33	9	39	15	42	-4	41	0	12
GGW	80.0	48.0	4	1
104	66	72	36	62	49	72	41	82	55	88	57	85	35
NZB	59.0	21.0	3	1
61	42	41	36	68	-3	61	15	68	19
GIV	34.0	91.0	4	1
17	83	61	110	24	67	35	104
VVQ	91.0	9.0	10	1
99	11	97	18	88	-11	85	-1	89	32	100	31	82	-16
FYK	77.0	34.0	9	1
62	35	74	41	79	24	99	27	73	46
NEL	36.0	22.0	7	1
10	27	28	41	51	7	38	23	49	25	43	19	45	6	27	35
YDF	23.0	86.0	4	1
48	88	15	68	14	101	19	101	22	74
ULX	0.0	20.0	7	1
25	2	2	26	-6	33	5	1	-12	1	3	41	-3	28	-8	28
CIY	27.0	-6.0	3	1
34	3	15	1	52	-20	16	12	27	-18	21	-19
CNG	55.0	46.0	2	1
33	37	71	66	65	67	68	28	64	52	30	31
AWY	40.0	11.0	5	1
41	32	35	-12	10	-4	36	32	51	35	44	0	51	10	52	1
XNB	41.0	33.0	0	1
42	35	33	12	47	54	43	41	41	23
OBY	2.0	45.0	8	1
-11	50	3	63	-19	26	4	37	11	46	10	42	7	45	17	54
OLV	41.0	50.0	6	1
47	54	37	56	55	53	22	63	45	28
SSA	11.0	29.0	2	1
28	34	0	35	11	32	11	25	5	22
ZAL	86.0	55.0	6	1
92	52	86	52	97	55	90	57	69	59
SBN	0.0	32.0	7	1
5	35	-17	24	3	50	4	39	0	46	24	5	-22	29
GAY	12.0	35.0	6	1
-4	41	3	29	-1	35	20	23	26	38	28	45
VPR	60.0	44.0	2	1
77	44	38	27	62	60	78	38	42	33	68	50	60	61
SFU	101.0	44.0	9	1
86	24	83	56	88	51	115	26	106	67	116	39	93	28	122	68
DOG	24.0	15.0	7	1
24	27	6	1	10	34	14	1	40	7	7	-4	45	31	49	25
RKE	104.0	23.0	3	1
108	37	79	7	108	12	93	13	101	14	106	49	119	14	119	44
FIH	59.0	32.0	10	1
61	23	71	43	61	20	39	38	65	38
JBJ	73.0	6.0	4	1
72	-11	60	11	67	21	74	4	80	21	84	11	78	-9
CGL	80.0	14.0	8	1
69	15	94	1	101	14	68	0	61	25	93	3	78	41
