KNQ	77.0	70.0	7	1
99	73	74	70	72	65	66	75
QWV	88.0	87.0	6	1
92	90	85	87	95	86	77	75	91	99
RBW	48.0	33.0	8	1
37	21	54	43	49	34	57	44	46	23
CTE	85.0	37.0	8	1
91	44	87	20	75	33	76	58	96	31
YIE	1.0	59.0	8	1
7	51	-20	73	2	53	-9	58	18	78	-2	55	15	46
KOH	95.0	17.0	9	1
110	22	102	19	89	8	83	5	92	31
ARW	46.0	56.0	7	1
38	36	43	48	55	35	38	61	49	79	56	80
BLZ	31.0	68.0	2	1
22	40	34	71	41	81	52	78	7	71
LJM	75.0	99.0	1	1
77	102	75	102	93	82	60	109	74	104
ITD	81.0	63.0	8	1
86	72	93	55	86	67	61	60
LUZ	0.0	61.0	5	1
1	56	-1	72	0	41	-15	63	2	82	19	57	-6	57
HYV	40.0	45.0	0	1
57	40	44	61	54	28	14	58	35	41
WLC	49.0	69.0	5	1
35	66	68	74	39	57	35	78	70	73
OZV	26.0	70.0	4	1
17	92	43	60	25	60	20	70
PFB	31.0	102.0	8	1
28	77	44	104	34	95	25	120	50	90	30	109	11	121
GKD	93.0	0.0	3	1
82	-14	93	30	105	-4	94	-1	114	-15	89	4	79	3	95	-4
OLB	17.0	25.0	5	1
14	6	33	13	22	37	20	35	2	27	26	29	6	33
KCP	85.0	51.0	3	1
84	46	79	49	78	70	101	39
APK	68.0	84.0	2	1
86	89	58	99	80	77	78	97	44	98	78	87	50	60	75	72
FTS	13.0	79.0	3	1
5	82	22	79	40	67	19	90	4	64	-6	82	7	90
JWZ	64.0	23.0	8	1
76	5	74	20	59	27	70	50	62	12	44	26
ZMH	0.0	72.0	4	1
6	64	24	85	-10	68	-15	85	-13	92	9	53	-3	58
VHA	89.0	4.0	0	1
87	-8	102	-4	81	-1	85	28	98	-4	82	14
RYR	77.0	67.0	4	1
85	45	64	87	78	65	85	57	74	81
HHL	102.0	64.0	2	1
114	69	105	63	80	34	118	74	95	80
PJL	86.0	59.0	1	1
80	46	80	71	92	53	114	60	73	60	90	72	78	52
OEE	8.0	54.0	7	1
23	58	-7	67	4	67	19	35	10	66	0	32
EOR	66.0	0.0	4	1
62	24	75	-11	70	1	63	1	54	-10	86	-3	53	-8
DAO	73.0	85.0	9	1
84	71	77	103	55	90	85	87	79	88	62	87	79	63	69	92
EEC	74.0	70.0	1	1
79	69	86	93	65	68	77	60	68	79	85	65	58	59
KYH	55.0	17.0	8	1
48	31	34	17	72	-5	46	24	77	33	37	15	71	5
HLD	52.0	41.0	4	1
38	56	54	52	41	21	78	60	61	22	43	38
YCL	50.0	55.0	8	1
35	60	55	62	57	57	65	47	39	51
POO	32.0	59.0	6	1
44	64	20	66	30	52	40	53	28	62
QKB	13.0	51.0	2	1
20	42	20	72	11	46	23	38	-9	36	-2	54	30	75
ZKL	39.0	61.0	6	1
48	83	34	44	33	60	13	42	56	50	15	50	57	86	57	77
DMB	77.0	84.0	6	1
72	82	74	87	81	114	91	70	68	69
YGZ	55.0	62.0	3	1
67	45	40	46	67	65	49	81	67	57	44	78
RHH	51.0	45.0	10	1
36	48	75	57	34	49	44	35	69	39
KGI	101.0	5.0	8	1
118	1	122	-5	108	-4	76	0	80	27	89	19	115	-1
ZSI	25.0	45.0	10	1
19	19	51	50	6	56	24	56
REI	26.0	69.0	6	1
19	66	40	70	30	46	13	80	38	61	30	83	15	81
JED	13.0	63.0	4	1
12	52	9	68	25	65	21	57	2	74
YHG	86.0	51.0	0	1
88	64	92	43	60	57	98	66	85	29	82	50	102	49
JHI	46.0	3.0	4	1
52	0	35	-12	40	20	56	-11	49	22
NPA	91.0	2.0	3	1
115	13	80	6	113	6	100	-1	81	-7	75	11	77	-14
TYH	74.0	26.0	1	1
82	35	79	30	66	17	49	32	90	17	73	25	70	31	88	24
VFM	94.0	27.0	9	1
75	41	113	31	88	43	119	37	84	-2	89	12
