JRP	3.0	39.0	6	1
-9	34	28	32	-1	37	17	30	4	44	-2	46	-16	52
TWD	7.0	40.0	2	1
11	27	19	47	2	58	13	31	-9	41
HJQ	59.0	82.0	3	1
72	77	57	74	79	106	43	72	47	82
FGW	87.0	26.0	4	1
64	22	107	51	99	6	79	25
FZZ	-4.0	68.0	3	1
-9	82	-17	70	16	68	11	60	-14	68	-16	61
KKS	91.0	11.0	2	1
79	20	76	33	101	6	110	-13
AGQ	4.0	85.0	4	1
-3	97	-14	56	18	83	15	80	-9	89	24	95	1	95
PAJ	45.0	39.0	0	1
55	52	63	25	40	26	36	29	35	65
WKD	96.0	21.0	8	1
78	16	82	2	98	5	108	39	86	20	110	30	112	38
JNJ	68.0	74.0	6	1
55	80	74	56	52	67	94	94
RSO	68.0	52.0	7	1
66	72	55	55	57	51	73	38	91	45
PWC	16.0	86.0	4	1
20	90	-2	94	31	77	-5	103	32	72	9	101	28	65
EYB	85.0	33.0	1	1
74	45	98	12	81	41	75	34	99	37
HPQ	72.0	46.0	7	1
75	22	82	63	73	56	61	62	72	28
NNY	25.0	36.0	7	1
3	54	26	23	8	34	37	43	31	31	28	47	47	26
AAC	3.0	51.0	7	1
-1	56	-2	62	26	36	-9	51
JFG	73.0	100.0	0	1
75	93	65	84	94	113	58	105	75	110	64	90	85	108
UKC	0.0	8.0	9	1
18	10	9	25	-20	-4	-4	30	-4	13	-9	7	-3	-7	18	-4
LXH	91.0	86.0	3	1
88	82	91	74	86	89	114	96	67	81	104	98
KNT	3.0	74.0	2	1
-21	51	25	59	-21	68	18	85	16	89	21	88	-15	78
FBP	65.0	87.0	1	1
50	86	74	81	58	106	74	75	54	98	83	67	62	101
EOL	27.0	23.0	7	1
7	28	30	23	28	16	44	39	28	10
XWA	95.0	30.0	9	1
75	23	110	29	95	46	107	40	103	24	81	21
OXM	93.0	6.0	5	1
119	8	95	7	86	-14	75	26
SOW	90.0	24.0	8	1
101	-5	81	43	71	35	109	26
QAU	43.0	5.0	7	1
32	2	49	14	35	14	64	3	49	-9	38	18	29	-5	53	9
CFH	88.0	25.0	4	1
104	42	103	17	88	17	89	20	83	30	83	36	67	13
MUD	20.0	51.0	6	1
13	55	19	37	29	43	24	69	-9	38	28	76	38	40
FJM	87.0	12.0	7	1
79	4	87	17	74	23	102	5	77	-10	101	16	90	30
YIQ	74.0	91.0	7	1
68	87	70	87	69	102	70	90	91	91	81	89
UKP	27.0	70.0	5	1
26	81	40	65	19	57	36	69	40	53	5	98	28	67
GOW	19.0	32.0	9	1
40	28	25	15	-3	48	10	17	23	54
HAU	14.0	12.0	9	1
31	7	6	2	14	18	6	21
VVW	5.0	37.0	0	1
-10	49	-5	43	16	21	20	35
HIF	23.0	86.0	5	1
-6	75	35	81	16	113	26	92	30	90	36	73	30	82
GCW	101.0	56.0	0	1
75	48	99	73	119	54	118	38	86	71	109	56	105	57
TGB	23.0	66.0	2	1
23	53	18	62	28	91	17	53	27	57	5	91	47	59
