GYH	37.0	62.0	9	1
44	49	32	80	22	44	45	62	33	86	48	54
EDN	95.0	46.0	9	1
82	23	95	45	91	59	100	54	89	45	97	35	113	66
HCS	40.0	28.0	10	1
43	25	36	34	42	34	48	17	56	10	19	49
QRO	38.0	69.0	1	1
42	48	50	78	39	93	55	66	29	76	35	69	22	54
SAW	15.0	80.0	10	1
-6	61	23	65	8	70	11	91	30	92	24	91	21	91
DLQ	16.0	35.0	2	1
9	45	22	47	28	33	33	24	6	29	0	35	14	38
ZPU	29.0	77.0	9	1
23	69	9	74	45	87	24	88	47	69
JKH	55.0	9.0	9	1
48	24	42	34	59	-8	63	2	64	-4
QNB	9.0	53.0	1	1
0	70	7	51	-11	48	18	49	27	33	17	67	9	56
QLY	31.0	42.0	8	1
33	39	25	46	24	46	49	47	24	32
XJY	5.0	57.0	1	1
11	73	-3	61	28	50	21	43	-6	64	-10	42	-4	68
SSU	39.0	99.0	6	1
32	119	59	87	56	83	31	101	37	113	15	115	44	81
JNY	58.0	38.0	0	1
59	59	62	24	47	26	65	44
CIU	13.0	92.0	4	1
10	108	8	109	28	89	-3	71	23	86
UXX	48.0	13.0	0	1
49	13	48	23	45	19	51	0
RXW	49.0	57.0	9	1
67	75	62	59	49	66	36	66	38	55	67	50	45	26	30	60
XRZ	51.0	54.0	8	1
46	34	34	49	32	73	72	55	53	70	65	52	60	47
XJD	16.0	77.0	2	1
25	77	33	93	16	74	-12	83	9	87	11	76	32	80	14	52
FPP	50.0	2.0	6	1
55	-10	33	12	58	-5	42	-7	63	24
QQW	41.0	71.0	6	1
47	87	15	74	62	66	51	75	31	57
CYZ	53.0	70.0	9	1
52	70	43	88	73	69	43	67	54	79	55	47
GUA	58.0	3.0	4	1
48	4	81	-1	72	21	69	3	41	-7	37	-1
QTG	43.0	5.0	6	1
66	-16	38	30	36	-5	48	-4	62	-1	29	9	28	28
HAW	54.0	71.0	1	1
77	83	31	72	50	50	79	84	51	64	41	75
EBN	64.0	86.0	6	1
60	81	91	82	46	66	78	83	58	103	72	107	67	99	47	70
UCW	37.0	51.0	8	1
57	30	35	47	26	73	31	51	29	47	67	53	31	69	24	40
HGH	23.0	8.0	3	1
42	24	31	-1	26	8	14	5	2	4
LIU	29.0	2.0	3	1
34	-8	40	11	31	24	29	0	11	-14
EUI	98.0	67.0	8	1
92	55	114	57	81	69	98	98	94	57	112	71
DFY	47.0	42.0	1	1
26	42	63	38	37	48	63	43
RTZ	76.0	80.0	1	1
64	80	87	71	80	104	83	81	70	64
MSP	29.0	55.0	10	1
36	68	41	66	14	69	37	47	28	40	18	45
NRR	86.0	39.0	4	1
78	47	75	45	85	24	74	46	91	23	87	61	117	32
WOB	49.0	2.0	6	1
48	5	49	14	58	-21	52	-5	52	7	39	15
