TNZ	64.0	100.0	3	1
65	110	60	90	72	108	60	93
JQK	15.0	57.0	4	1
-7	48	11	42	17	72	36	47	21	78
GLF	93.0	50.0	8	1
102	76	100	32	73	41	100	74	84	38	99	40
DCF	27.0	-4.0	1	1
23	-17	3	12	35	-11	36	3	47	-10	9	5	41	-16
DOS	1.0	55.0	3	1
-8	75	2	52	12	50	22	34	-13	73	5	37	-20	47	12	73
XAU	33.0	92.0	1	1
28	104	49	103	56	99	23	60	27	94	15	92
JDA	88.0	86.0	2	1
91	75	77	93	102	112	84	81	67	65	104	71	93	106
PUG	81.0	96.0	1	1
88	97	66	116	71	82	82	89	96	110	84	83
UPX	83.0	31.0	1	1
96	14	83	46	74	41	87	46	89	42	73	15	83	14
NRC	29.0	71.0	5	1
7	69	22	83	50	74	14	85	54	47
