ZOG	38.0	66.0	8	1
13	55	48	93	25	49	56	86	50	52	39	62
CVR	57.0	25.0	3	1
63	32	36	31	69	20	60	19
CDY	26.0	82.0	8	1
2	95	25	96	40	86	50	79	19	90	33	55	17	79
WDX	16.0	60.0	5	1
44	64	21	69	1	57	2	61	31	43	2	69
JMZ	0.0	53.0	7	1
22	55	-1	58	21	50	-14	65	-17	38	-15	53
FWJ	33.0	88.0	6	1
26	103	20	104	37	87	50	59	53	106	21	98	27	61
YEO	63.0	35.0	5	1
52	26	70	36	77	41	54	37
IPL	31.0	100.0	5	1
35	121	20	83	18	86	52	112
JQQ	23.0	52.0	3	1
32	60	24	64	34	35	7	71	20	34
NND	103.0	22.0	10	1
87	32	117	16	98	7	110	18	77	25	121	52	113	9
WYI	37.0	14.0	9	1
43	-1	38	25	33	25	55	28	17	-5
ZCV	94.0	89.0	10	1
112	110	99	75	68	69	102	91	100	97	83	97
ZLN	61.0	8.0	4	1
69	10	53	15	66	-2	47	-17	61	25	43	7	70	12	81	21
DJV	39.0	69.0	3	1
40	55	56	69	46	83	28	61	32	72	22	80	55	69
BTA	43.0	71.0	1	1
31	84	53	67	40	66	31	65	74	84	31	60
WYZ	27.0	3.0	9	1
44	-16	32	-9	50	22	26	-13	13	9	24	4	3	27
SFN	80.0	22.0	1	1
65	27	58	21	95	5	73	14	91	32	102	35
ZIZ	82.0	74.0	2	1
86	54	85	99	109	68	72	54	68	68	80	93	62	71	96	91
VUI	76.0	49.0	5	1
75	48	96	53	96	35	57	50	60	57	82	59	70	42
DXX	-1.0	15.0	5	1
4	0	-7	34	0	19	12	28	5	16	-20	-6	-6	19
XBX	37.0	85.0	6	1
24	62	19	90	40	86	44	105	58	73	37	96
QZC	43.0	77.0	9	1
66	98	38	68	34	86	69	70	38	85	30	59	28	81	45	71
HYU	63.0	43.0	6	1
75	56	47	55	48	63	72	19	67	36	78	28	57	44
ICN	86.0	88.0	10	1
72	85	85	94	94	98	97	99	86	73	86	80
STD	5.0	0.0	5	1
0	-2	19	4	18	-2	-15	0
LGR	43.0	2.0	6	1
33	24	69	-12	23	-2	30	22	65	-5	44	-1	43	-9
NBU	32.0	40.0	0	1
40	54	18	24	17	58	27	46	34	38	42	43	50	21
IVN	53.0	54.0	8	1
71	40	64	76	66	67	45	52	34	78	42	47	37	36	67	40
IRQ	60.0	9.0	5	1
75	-7	69	-8	58	32	61	26	73	13	40	13	59	5	51	-2
ZLZ	39.0	82.0	8	1
36	72	21	96	27	67	62	87	50	67	24	94	57	93
AEK	40.0	8.0	2	1
50	22	20	16	42	16	52	-11	39	0
