FSD	67.0	61.0	23	1
77	50	49	56	71	70	78	62	60	70
LTL	100.0	64.0	3	1
107	72	90	48	108	68	98	68
MKX	49.0	95.0	14	1
55	68	56	114	29	105	59	86	46	103
MHS	24.0	60.0	23	1
31	43	34	61	23	41	4	77	30	82
HGM	47.0	81.0	17	1
38	86	51	87	56	83	46	87	67	65	27	82
GIV	70.0	102.0	14	1
82	89	45	91	85	117	61	113	87	94	69	115	63	101
JZJ	65.0	15.0	19	1
53	-4	61	18	93	32	72	32	50	0
MOB	-1.0	49.0	10	1
-5	59	6	41	-16	51	20	38	0	66	-16	41
KWR	37.0	87.0	15	1
32	82	19	98	54	80	49	94	30	81	48	96	16	82	52	87
JZB	53.0	48.0	13	1
53	58	69	26	60	53	60	42	43	43	35	69
YJD	4.0	33.0	3	1
-3	34	21	35	21	13	0	44	-16	42
CEQ	93.0	78.0	22	1
93	80	92	70	88	85	74	91	103	78	109	74	87	70	102	79
UUW	60.0	4.0	17	1
64	10	63	3	61	-8	66	7	81	-9	42	24	48	3
OZV	2.0	52.0	20	1
15	46	-14	61	19	46	3	49	23	45	-2	53	-8	59	-13	58
FMX	74.0	19.0	3	1
69	33	57	5	90	27	95	-1	70	40	63	15
IMP	28.0	63.0	21	1
45	68	17	53	48	76	5	58
QMN	82.0	80.0	6	1
67	73	79	94	100	73	91	91	82	69	81	71	65	74	96	95
KUS	72.0	28.0	4	1
89	23	78	35	51	36	61	6	81	41
KCP	65.0	9.0	4	1
76	13	78	3	78	20	69	28	55	4	57	9	48	-13
NFQ	89.0	41.0	10	1
77	60	81	41	104	44	98	36	66	20	110	47	93	40
ZRT	54.0	58.0	2	1
54	67	63	45	73	58	52	40	49	74	34	65
CRT	52.0	44.0	15	1
68	38	49	40	38	35	56	63
RIP	19.0	96.0	1	1
43	101	14	110	-3	90	22	86
VUW	69.0	88.0	11	1
86	71	62	99	56	96	81	103	60	73
RKT	45.0	71.0	15	1
46	59	37	55	56	90	45	67	48	92	63	64	20	72
XEC	38.0	23.0	24	1
36	34	49	21	39	7	30	32
