CLW	44.0	63.0	4	1
61	60	49	81	41	49	15	51	53	53	48	85
CJQ	59.0	8.0	9	1
54	-2	84	30	59	24	49	-5	43	0	54	6	70	24	66	-11
TPR	37.0	27.0	5	1
21	31	47	17	54	37	53	34	14	16
CXL	77.0	45.0	7	1
76	53	69	66	99	36	78	51	64	23
ZYM	50.0	37.0	6	1
77	60	38	37	71	38	38	15	38	23	39	50
CXP	83.0	77.0	9	1
85	48	90	86	76	80	97	80	69	92
VXL	-4.0	75.0	2	1
-15	71	19	83	-2	83	-20	64
SFS	39.0	76.0	5	1
20	48	24	92	33	92	62	82	58	67
FOO	12.0	57.0	1	1
11	71	5	53	22	71	22	32	24	61	3	67	2	58	11	44
XUB	19.0	62.0	2	1
37	71	32	38	13	80	9	76	14	46	14	64
EFZ	60.0	79.0	7	1
84	89	42	106	67	80	73	65	46	65	52	72
UBD	3.0	101.0	3	1
23	90	-14	96	0	104	23	109	-13	109
JBT	53.0	12.0	1	1
61	15	64	-11	50	21	56	7	65	13	26	30
MBT	81.0	57.0	1	1
71	64	62	83	102	55	92	35	73	48	91	57
