ZUG	90.0	11.0	7	1
107	5	90	20	83	14	105	24	69	-5
UMS	-2.0	29.0	3	1
-12	48	-19	39	-13	31	19	8	13	20
ZNE	102.0	71.0	6	1
96	61	113	64	102	57	109	85	90	92
QVS	72.0	106.0	4	1
63	117	94	116	91	98	63	105	76	103	78	106	62	105	54	100
HQQ	57.0	59.0	1	1
57	77	58	38	52	44	46	62	74	54	55	81
MCU	24.0	28.0	9	1
39	8	7	18	5	44	34	53	32	19	21	41	31	17
OVG	55.0	39.0	7	1
52	56	57	42	36	39	74	32	57	27
UXZ	73.0	21.0	9	1
51	35	80	14	68	37	84	17	97	-9	61	37
LQO	55.0	68.0	8	1
51	52	55	72	44	85	49	64	60	66	71	70
RQV	57.0	5.0	2	1
80	-8	35	17	52	4	48	-4	68	9	60	13
YJT	40.0	62.0	1	1
32	74	24	62	42	61	45	76	58	44	40	56
VZU	12.0	39.0	3	1
4	23	0	24	26	50	10	47	5	61	29	29
QZM	64.0	69.0	0	1
66	52	69	75	64	88	72	66	45	60	73	76
AYC	56.0	80.0	4	1
75	97	75	67	47	77	45	93	52	68	46	87	54	76
KHV	50.0	49.0	4	1
56	50	54	56	39	59	48	45	56	64	70	36	31	41	53	47
HTL	74.0	7.0	3	1
73	1	69	-1	61	33	89	-9	71	24	81	-3
GQR	91.0	87.0	1	1
81	92	99	83	84	74	105	82	96	90	81	104
XXU	39.0	81.0	4	1
37	103	15	95	15	61	50	62	52	86	52	88	56	77
PFP	40.0	0.0	4	1
23	-6	38	11	52	-2	47	-6
XRO	46.0	56.0	2	1
30	74	39	50	37	47	74	66	63	49	37	52
AUN	53.0	4.0	7	1
40	1	31	-3	70	18	67	13	66	3	29	15	69	-15
