MNB	98.0	58.0	3	1
77	50	105	45	103	73	108	79	97	46
HHI	29.0	70.0	1	1
40	69	39	66	17	66	20	79
FIE	43.0	55.0	24	1
32	64	69	82	36	70	58	39	29	46	32	36	49	51
HFU	79.0	55.0	1	1
62	47	72	66	95	70	91	75	91	37	58	43	84	50
MPS	35.0	80.0	16	1
58	78	26	58	47	59	35	93	39	102	18	102	25	68
RGR	52.0	1.0	0	1
75	-13	53	0	43	-9	50	11	62	5	43	-6	38	24
ZTS	18.0	69.0	8	1
27	62	0	69	37	77	32	70	-2	70
KEF	23.0	10.0	18	1
36	27	43	3	9	19	6	-6
PIO	24.0	86.0	24	1
21	74	37	96	18	107	23	67
RKX	53.0	89.0	14	1
39	95	44	62	78	103	52	96
ZNJ	30.0	27.0	10	1
54	41	15	23	26	42	33	11	48	24	6	26
JMZ	11.0	48.0	13	1
11	49	24	57	-3	51	15	52	8	32
OTE	4.0	61.0	6	1
18	59	-18	64	-3	48	21	52	8	55	-1	89
QNO	94.0	45.0	0	1
108	51	101	29	78	59	91	43
KNJ	80.0	48.0	7	1
77	35	77	52	79	60	71	43	100	50
XDY	18.0	94.0	14	1
20	96	23	119	0	120	3	88	36	77	16	91	18	90	33	77
OZZ	28.0	55.0	13	1
32	68	24	69	25	52	38	41	24	47
XCG	87.0	46.0	2	1
81	63	80	29	107	27	89	52	90	50	78	58
EEN	17.0	34.0	7	1
2	28	0	56	33	27	42	13	8	46
HAF	34.0	28.0	19	1
48	20	22	12	20	39	43	42	40	27
PEA	72.0	61.0	6	1
79	44	82	60	49	71	80	71
