YFK	13.0	83.0	19	1
15	65	27	76	17	88	15	84	-3	105	-3	85	8	104	31	61
DIV	87.0	93.0	4	1
77	100	105	114	92	88	87	94	109	84	71	104	73	67
NRL	18.0	67.0	12	1
34	65	27	82	9	49	8	88	32	48	3	71
QND	51.0	31.0	1	1
23	22	66	16	60	47	59	20	51	53
PFL	58.0	84.0	7	1
61	67	54	73	38	109	54	104	77	82	44	81	68	82	69	79
DIB	17.0	76.0	20	1
6	84	34	63	13	67	3	96	11	91	18	69	32	73	25	69
KVV	51.0	6.0	14	1
36	3	38	5	46	34	30	14	75	2	77	-4	35	-2	78	2
IEG	29.0	27.0	7	1
4	44	33	43	41	29	44	16	27	-2	25	35
MAG	27.0	8.0	14	1
13	-2	35	31	33	17	21	3	48	22	17	-4	27	-9
ABU	77.0	83.0	19	1
90	75	73	85	60	97	65	64	101	95
CJC	22.0	10.0	20	1
32	16	38	22	-2	20	13	14	39	-4	12	-8
HVJ	59.0	10.0	2	1
33	-10	74	-7	76	34	71	33	74	14	51	7	35	2
HJA	81.0	86.0	4	1
100	101	77	102	75	93	84	90	72	85	78	67	88	81	76	70
QRY	82.0	89.0	3	1
66	96	111	62	85	90	74	99	85	70	79	104	91	96	65	97
EYC	82.0	60.0	2	1
79	81	96	36	75	48	72	70	100	64	78	61	80	65
JTS	37.0	52.0	9	1
44	54	22	59	41	41	23	42	58	65
DZD	21.0	30.0	10	1
30	41	13	26	30	27	13	29
VAA	13.0	60.0	8	1
22	67	20	73	1	80	14	39	19	43	12	62	8	64	14	57
ZOQ	6.0	81.0	5	1
1	89	-17	88	27	94	11	83	-18	71	-4	86	23	70	29	68
NPI	11.0	49.0	20	1
1	33	22	46	20	43	-1	40	19	53	30	50	-3	58	1	69
THQ	14.0	95.0	11	1
0	108	32	84	17	97	8	91
