LAP	16.0	64.0	7	1
18	81	38	44	4	36	33	61	9	78	11	85	-1	63
FAW	48.0	32.0	6	1
66	18	65	25	19	33	28	27	40	51	62	25	60	45
RWP	85.0	19.0	1	1
61	33	89	8	80	6	93	39	98	6	79	29	100	17
KQS	9.0	12.0	6	1
-5	26	20	10	-5	12	-2	-10	23	7	25	30
GKU	69.0	89.0	3	1
60	87	70	107	74	80	81	91	62	81
VHK	46.0	60.0	2	1
34	75	49	70	50	60	50	43	51	54
EQC	14.0	22.0	1	1
38	22	5	4	1	37	12	26
DJZ	28.0	23.0	1	1
25	34	30	39	38	18	34	9	29	4	14	38
NUU	5.0	74.0	1	1
-20	60	-2	82	22	93	22	50	5	87
ZBL	11.0	65.0	10	1
11	63	24	87	7	50	-5	62	19	66
UNN	70.0	72.0	5	1
49	59	59	93	51	77	69	87	84	57	87	84	97	48
APA	28.0	16.0	6	1
7	34	35	32	29	17	31	29	28	2	36	-9	32	7
CZI	88.0	72.0	2	1
85	76	81	55	87	82	100	77
HLN	2.0	100.0	7	1
0	94	15	107	-4	97	-11	106	14	77	-1	119
CJN	74.0	90.0	2	1
57	96	59	80	78	83	92	99	96	83	56	78	86	116
UNM	60.0	17.0	5	1
67	32	64	35	62	15	54	7	57	4	54	-2	64	28
URO	87.0	24.0	7	1
66	13	76	36	110	35	106	1	93	39	78	6	81	44
ENT	3.0	79.0	10	1
1	77	-19	84	22	81	8	74
TYY	48.0	42.0	7	1
45	49	42	40	66	34	40	47
