PLX	65.0	6.0	11	1
65	31	57	18	64	24	61	-1	73	-2	71	-9	67	-13
ISN	9.0	16.0	25	1
-2	5	15	36	27	-10	-15	18	20	31
YHN	6.0	9.0	23	1
22	11	17	38	8	-9	9	-5	7	31	0	-6	-17	5
CRA	73.0	26.0	24	1
77	51	75	11	83	11	59	40	65	40	85	8	69	22
LJN	14.0	57.0	5	1
7	42	21	68	29	64	9	44	6	69
CNV	59.0	50.0	25	1
78	36	59	51	62	65	57	63	38	43	52	34	67	63
RQR	15.0	26.0	0	1
18	41	35	34	-9	8	17	3	14	48
IUP	43.0	67.0	14	1
56	69	53	44	36	77	45	76	51	84	21	43	43	82
DNQ	41.0	21.0	20	1
53	7	58	35	29	0	12	37	56	29
MBA	8.0	46.0	16	1
29	45	-15	28	29	71	-11	37	10	38	7	61
FRC	4.0	27.0	22	1
8	13	-4	37	-7	17	21	41
ZRE	47.0	68.0	12	1
52	82	68	61	22	88	54	60	56	46	22	57	61	87
LWH	37.0	17.0	9	1
47	31	40	-1	26	36	37	4
COU	20.0	70.0	16	1
31	76	2	54	35	89	18	57	20	80	18	67
QGN	88.0	14.0	3	1
72	28	68	-1	72	19	103	1	86	32	106	-5	110	25
OVY	26.0	44.0	5	1
24	49	51	37	4	50	47	55	5	30
HQD	22.0	86.0	21	1
1	83	5	94	45	96	1	74	25	90	42	79	37	89
FUB	71.0	22.0	10	1
63	17	54	34	71	18	85	-6	75	33	64	36	85	28
SSD	50.0	44.0	22	1
31	39	40	45	64	61	32	17	69	59	68	48
WCG	64.0	61.0	7	1
49	61	76	61	47	68	84	54
BJY	19.0	73.0	9	1
34	81	16	62	3	80	13	58	33	87
WUA	91.0	36.0	8	1
106	35	78	20	75	33	112	44	85	49
NBE	80.0	85.0	0	1
80	84	71	111	82	87	82	86	58	83	84	67	88	91	102	72
TYH	100.0	35.0	2	1
99	57	110	39	87	33	111	35	100	25	112	17	84	42
RYH	64.0	20.0	20	1
76	39	82	5	72	21	50	-5	55	34	34	26	79	22
EZE	88.0	21.0	7	1
75	6	106	18	80	3	82	43	98	38
YEP	51.0	-3.0	21	1
70	-2	53	-4	62	-6	35	-12	55	9	46	16	39	-23
JOW	4.0	42.0	7	1
-22	57	22	56	25	28	-8	30
FUP	64.0	74.0	8	1
56	56	74	74	66	95	64	93	63	64	61	67
TLD	40.0	55.0	14	1
43	68	31	53	53	64	35	38
SMP	17.0	95.0	18	1
-4	80	28	105	38	112	7	85
YAJ	30.0	34.0	21	1
41	55	23	56	33	41	20	11	18	26	47	15	20	26	40	43
OHX	66.0	100.0	4	1
72	102	46	103	85	89	62	106
RAA	1.0	39.0	15	1
-10	20	-9	23	15	54	10	61
BCL	35.0	33.0	0	1
21	16	52	25	42	17	51	51	11	47	36	44
XZR	21.0	32.0	12	1
23	33	1	8	35	48	31	49	16	23
TRK	77.0	44.0	5	1
93	32	95	33	74	68	75	69	87	38	66	43	53	29
CBR	88.0	16.0	5	1
83	-9	104	36	86	4	95	-3	64	31	99	38
