DPP	65.0	65.0	4	1
52	72	61	49	69	65	76	49	72	85	64	74
ULX	87.0	86.0	19	1
82	90	92	89	100	84	74	81
XMM	53.0	34.0	6	1
38	29	77	21	37	56	49	25	65	31	48	57	61	24
ADF	86.0	83.0	21	1
81	85	105	69	72	86	71	69	103	106
THP	24.0	83.0	1	1
1	90	23	65	46	64	46	84	1	101	29	97
CZX	94.0	35.0	5	1
97	35	113	48	74	18	92	41
IFR	16.0	-7.0	7	1
45	-16	5	-14	13	6	3	-14	18	3
XNT	24.0	-2.0	14	1
20	-13	33	27	37	-10	13	-6	18	-10
VVO	52.0	12.0	25	1
54	8	68	35	67	6	58	8	25	21	42	-2
QVL	23.0	78.0	3	1
12	85	36	86	27	90	7	67	37	72	23	73
QFO	7.0	5.0	8	1
-6	20	-12	-11	26	25	11	15	8	12	30	-10	-4	-18	3	13
NPY	11.0	53.0	7	1
20	40	25	62	7	65	-6	45
WCH	67.0	71.0	12	1
53	55	87	65	76	91	50	81	69	64
KQJ	3.0	45.0	22	1
16	65	-8	42	4	40	9	46	-5	33
RQQ	61.0	25.0	3	1
67	34	59	26	54	37	83	8	52	48	67	17	51	7
VBI	88.0	95.0	12	1
75	87	86	104	106	79	106	113	94	96	86	80	74	94	82	109
MIV	22.0	104.0	11	1
11	106	23	114	17	111	21	99	39	91
GJJ	60.0	16.0	14	1
76	-3	33	-1	70	37	57	25	36	32	61	34	76	7	77	4
ODM	65.0	70.0	16	1
44	61	40	57	88	87	68	49	74	74	60	79	68	95	85	65
KHY	56.0	45.0	20	1
42	37	76	40	39	66	43	47	67	31	64	46	65	52
AMX	29.0	93.0	2	1
18	105	31	107	21	94	29	80	34	88	44	71	29	106
TBC	92.0	72.0	10	1
90	83	103	90	77	64	101	51
SQQ	28.0	63.0	12	1
17	47	22	84	26	44	43	44	43	73	6	52	31	78	36	86
PXU	14.0	75.0	9	1
-5	85	35	75	13	56	9	96	20	64
BVI	42.0	35.0	25	1
40	24	25	18	50	33	49	45	47	57
PZV	11.0	68.0	20	1
-4	58	12	45	23	72	13	77	12	90
VKM	69.0	43.0	6	1
86	60	51	51	74	30	62	45	68	19	75	57
MGJ	61.0	9.0	0	1
69	-5	65	17	63	34	47	-10
FSN	31.0	41.0	13	1
48	45	21	35	38	39	23	52	39	25	17	55
IHQ	35.0	43.0	8	1
38	48	25	33	50	59	24	62	41	17
LAI	27.0	59.0	1	1
13	58	34	49	11	87	39	50	42	53
CUJ	11.0	79.0	4	1
29	85	7	95	23	63	-8	58	-8	81	-4	85	38	90
ZDI	18.0	88.0	13	1
17	91	10	80	13	117	34	71	17	84
GZS	32.0	83.0	3	1
31	68	51	67	19	89	45	92	45	87	14	83	25	96
YXX	-6.0	49.0	1	1
21	45	-17	53	-14	57	-14	44
ZSJ	41.0	20.0	14	1
35	16	25	37	49	20	46	26	53	18	45	14	37	16	40	15
JRQ	45.0	63.0	8	1
26	82	45	42	26	54	67	82	63	58
PWA	61.0	83.0	15	1
49	93	56	96	71	67	56	73	75	86
TGH	13.0	60.0	6	1
-11	37	11	58	31	75	35	79	-5	33	20	63	16	77
QTZ	-1.0	6.0	11	1
1	18	-10	24	4	22	2	-19	-14	-13	-19	17	28	-4
YMA	27.0	61.0	16	1
18	60	19	75	43	53	32	45	18	53	35	74	25	67
QOZ	63.0	33.0	22	1
68	8	49	26	69	41	51	42	82	49
IPQ	14.0	24.0	22	1
20	29	14	40	15	21	11	-4	14	34
