HNL	72.0	54.0	19	1
86	77	71	51	66	34	59	36	93	54	73	64	58	67
DMY	84.0	59.0	0	1
82	53	101	53	78	64	94	65	68	52	88	71	77	56
TNI	18.0	18.0	23	1
19	24	24	31	12	30	13	2	23	7	-3	22	33	0	23	35
YRX	80.0	36.0	25	1
74	15	91	30	67	46	77	19	71	54	105	56
LUP	71.0	53.0	18	1
90	62	60	32	57	72	61	56	77	62	83	38
SPA	50.0	5.0	5	1
43	2	53	9	55	-16	53	5	48	25
UNI	20.0	15.0	23	1
23	33	16	-7	15	19	29	15	20	19
QJI	87.0	34.0	25	1
76	49	80	38	93	47	94	16	95	21
NSG	35.0	20.0	5	1
45	-1	35	34	37	34	17	31	44	6
OGV	75.0	95.0	20	1
74	97	61	93	54	107	92	93	52	93	99	93	94	93
LEV	45.0	31.0	3	1
66	25	34	17	49	39	45	42	31	33
JWB	77.0	-5.0	20	1
87	-11	85	-6	77	25	81	-4	72	-7	57	-22	86	-14
SEA	61.0	96.0	24	1
52	108	72	112	47	89	75	78
WLC	18.0	94.0	4	1
28	76	16	102	0	110	37	103	11	79
LZN	9.0	78.0	24	1
27	87	22	62	-16	62	-4	78	18	85	20	95	-2	81
KTE	53.0	14.0	6	1
44	24	49	36	53	28	44	4	71	-3	56	11	61	5	49	8
RMR	85.0	12.0	24	1
94	-4	72	7	90	28	102	30	68	0
HGE	41.0	47.0	7	1
57	58	64	44	18	55	66	33	19	53	30	43	49	44	29	52
OLM	16.0	5.0	22	1
17	16	24	19	13	-3	10	-11
NXI	13.0	25.0	9	1
21	25	14	23	11	22	-2	21	22	38
ERD	49.0	100.0	11	1
57	107	58	82	33	92	57	120	34	118	59	82
KCN	38.0	17.0	16	1
31	29	23	11	26	27	46	-7	41	22	65	22
SSV	39.0	81.0	2	1
63	70	63	100	18	63	39	73	24	102	32	79
VQM	-6.0	27.0	10	1
-14	26	-18	15	9	20	-9	56	-2	32	-4	16
RDF	82.0	85.0	8	1
65	90	85	111	93	70	95	83	80	86	83	92	77	68
RLU	99.0	37.0	6	1
95	25	98	26	76	65	115	30	97	29	120	40	95	49
FQQ	39.0	45.0	14	1
21	28	47	66	53	30	57	59	19	46
UBS	87.0	5.0	23	1
117	-14	89	17	76	29	86	17	96	-4	73	-6	73	-4
XZL	92.0	20.0	24	1
115	34	70	14	115	40	103	20	70	4	82	11	96	14	86	27
ALH	9.0	18.0	2	1
2	27	11	10	6	30	24	4	5	23
WKV	102.0	39.0	24	1
104	42	79	28	99	51	119	35	113	38	121	58	80	25
