HXI	41.0	38.0	20	1
27	41	62	31	53	41	44	47	20	31
UWV	71.0	25.0	8	1
51	19	82	41	55	30	91	31	80	5
MNG	94.0	50.0	21	1
110	60	100	70	79	58	101	31	83	33
OQG	53.0	76.0	3	1
34	66	75	55	35	92	62	92	74	64	54	67	39	98
KLE	65.0	16.0	19	1
82	39	75	34	71	6	44	1	57	3
JRX	60.0	95.0	5	1
58	114	50	101	44	77	49	74	68	106	83	99	72	97
WHG	71.0	30.0	4	1
66	28	74	56	92	16	55	36	47	19	94	27
TSG	12.0	46.0	8	1
-6	57	0	42	23	51	15	39	28	45
RUW	45.0	17.0	18	1
23	3	53	11	63	32	38	26	49	12	59	18	33	22
VWR	69.0	75.0	7	1
71	91	60	60	95	74	65	66	48	94	78	69
QQO	18.0	70.0	10	1
4	74	41	60	15	53	13	90	4	87	34	57
SXQ	77.0	57.0	8	1
78	60	103	52	66	30	97	76	56	55	64	70
ZFL	31.0	34.0	7	1
8	11	39	51	49	27	18	37	42	45
IQG	30.0	86.0	1	1
35	95	12	84	16	86	31	82	36	69	28	88	44	96	45	95
KPG	48.0	63.0	5	1
59	75	62	57	34	79	53	62	33	44
YSR	79.0	97.0	22	1
69	108	94	77	47	111	92	115	87	100	85	89	82	83
FMT	24.0	53.0	15	1
22	49	25	32	24	59	29	69	37	74	9	36
ETC	49.0	52.0	17	1
57	58	53	38	41	48	63	58	26	47	55	54	53	67
AIL	86.0	38.0	18	1
105	28	75	36	104	27	100	54	69	50	73	49	80	27
FDQ	58.0	57.0	24	1
76	57	73	28	39	60	39	64	78	68	46	61	60	62
XPT	5.0	41.0	22	1
19	38	-7	51	10	47	13	50	-8	23
XTU	15.0	71.0	8	1
7	92	7	66	29	47	8	74	41	49	18	76	0	94
DHO	0.0	64.0	16	1
-6	89	10	66	1	52	-6	62	0	55
VTO	93.0	98.0	2	1
93	84	102	107	102	100	78	103
ODL	65.0	88.0	3	1
59	98	55	95	50	87	96	99	67	102	68	81	61	57
IGN	37.0	81.0	9	1
45	98	41	80	33	56	55	83	41	77	7	93
WFM	72.0	19.0	18	1
94	16	81	18	68	13	66	40	51	18	77	14
FQM	45.0	37.0	10	1
35	49	37	12	47	57	56	47	35	52	65	10
BRB	99.0	79.0	19	1
111	69	91	79	120	80	75	89
FZZ	70.0	68.0	5	1
57	60	72	90	99	59	66	57	75	79	56	66
JGH	61.0	22.0	13	1
81	34	44	22	56	20	67	24	50	25	58	8	50	30	83	18
TUB	13.0	93.0	9	1
24	92	33	99	5	95	21	89	4	83	-4	103
IPM	75.0	22.0	4	1
59	19	84	39	66	49	58	20	91	18	79	3	94	9
CUC	36.0	21.0	12	1
25	33	47	16	44	44	33	12	32	21	41	-1	17	11	54	38
