QYJ	51.0	47.0	3	1
27	38	49	63	57	44	68	38	55	54
KNO	26.0	17.0	6	1
32	34	21	14	34	19	28	7	16	13
AHU	33.0	18.0	10	1
40	5	20	29	20	28	53	-2	33	33
TBE	60.0	41.0	9	1
59	39	78	32	40	42	58	46	67	50
OJP	70.0	41.0	4	1
60	28	55	54	83	40	66	42	86	42
MVT	1.0	15.0	5	1
-2	3	21	3	19	30	1	14	4	29	-13	9	-12	15	-8	21
OKX	4.0	25.0	6	1
15	1	3	30	-10	33	13	41	13	15	-6	30
TGW	78.0	19.0	6	1
88	9	70	-4	64	6	87	36	104	37	60	33
OFB	10.0	70.0	1	1
9	85	-7	81	-7	59	29	67	25	66	12	67
BNB	77.0	48.0	5	1
99	68	72	29	85	69	62	27	70	47
PWJ	3.0	20.0	7	1
7	37	-16	4	-5	25	15	37	21	10	23	27	-19	2
JIG	78.0	84.0	10	1
64	96	92	70	66	89	63	94	73	60	95	100	97	84
GLJ	-6.0	87.0	8	1
5	82	-19	104	-7	70	11	96	-12	65	-17	110
VME	34.0	36.0	7	1
31	20	29	47	49	15	51	27	38	53	11	57
UMN	63.0	51.0	6	1
77	38	57	56	51	41	67	70
LMG	23.0	64.0	6	1
40	64	18	87	13	45	29	70	24	51	14	71
GDA	84.0	47.0	7	1
94	65	78	54	69	23	98	56	101	47	71	52	82	37
OFH	47.0	14.0	4	1
54	13	42	-1	48	28	34	10	38	13	57	3	58	32
YBQ	44.0	85.0	3	1
52	84	54	86	33	86	32	80	45	92	51	87
OUB	45.0	83.0	1	1
45	85	31	70	54	82	66	111	33	70
KFF	102.0	6.0	3	1
103	2	114	-7	89	29	99	-13	112	17	98	-9	104	23
BMY	7.0	30.0	8	1
24	17	-16	30	-12	56	18	32	18	27	13	19
AZW	8.0	82.0	5	1
9	100	14	68	8	56	5	97	5	91
WFV	66.0	18.0	7	1
72	23	65	20	74	20	74	25	42	17	74	34	67	-11
BCO	16.0	42.0	2	1
20	38	37	59	2	52	8	21
BZU	84.0	-3.0	4	1
64	-4	84	-11	78	5	112	-4
FAF	27.0	11.0	5	1
32	-4	29	21	33	27	36	3	9	11
GHN	84.0	59.0	6	1
85	72	96	48	69	58	88	58	97	49	74	70
OWO	42.0	12.0	9	1
21	13	37	16	47	19	25	20	62	0	63	21	42	-4
IUF	93.0	44.0	5	1
89	40	116	47	87	36	104	30	80	49	84	67
FKP	80.0	44.0	2	1
76	60	78	35	96	38	71	43
AZR	66.0	33.0	2	1
93	43	72	14	55	25	64	15	53	36	70	52	66	31	62	51
