MWW	35.0	92.0	5	1
29	104	54	73	36	92	40	103	10	98	42	84
BPO	68.0	57.0	2	1
72	74	82	42	70	50	57	38	72	77	57	65
STG	33.0	31.0	7	1
7	18	31	36	40	37	53	33	35	36	36	31
ZAX	19.0	26.0	6	1
10	41	29	19	40	4	9	14	12	33	19	46
LUG	-8.0	92.0	9	1
-14	113	17	93	-23	113	-21	94	-1	71	-2	81	-5	88	-18	83
GZU	95.0	33.0	10	1
101	44	101	22	97	47	78	17	102	56	95	16
RLH	16.0	20.0	5	1
11	19	0	3	22	28	13	37	30	33	6	-1	33	27
EPG	78.0	54.0	9	1
91	67	55	61	60	55	85	53	79	28	94	72	67	34	98	68
UKB	4.0	74.0	2	1
-15	83	15	80	21	67	3	54	20	84	-16	75	14	70	-5	85
KFJ	42.0	73.0	3	1
35	63	42	55	26	100	50	85	54	64	45	74
ASM	73.0	41.0	9	1
55	41	86	36	72	43	50	22	95	54	82	50
ASU	0.0	76.0	8	1
16	100	-12	62	-6	62	-14	102	14	57
ZSR	98.0	82.0	9	1
84	89	101	97	103	72	122	70	82	82
IYE	56.0	34.0	10	1
56	39	68	13	45	42	49	44	46	20	86	27	46	53
KQW	74.0	78.0	4	1
51	66	69	81	77	73	56	80	94	96	84	70	90	84
JLY	89.0	40.0	1	1
77	34	107	64	75	33	100	29
HZW	79.0	65.0	2	1
74	76	69	44	93	60	94	79	68	69
OTX	18.0	78.0	5	1
32	84	24	73	3	89	32	61	2	86
OCU	18.0	82.0	0	1
7	87	30	60	28	69	26	98	2	100
WHY	39.0	39.0	1	1
19	37	36	45	30	52	50	55	53	26	24	18	49	58	53	28
XRC	59.0	28.0	2	1
42	39	60	9	62	36	75	33	57	23
DND	85.0	48.0	6	1
96	47	81	49	96	49	93	29	70	53	74	59	90	52
UZI	39.0	102.0	8	1
29	112	44	86	28	100	58	112
AWY	-2.0	5.0	9	1
-16	11	-4	-16	20	2	-14	0	0	29
DZM	32.0	28.0	5	1
33	20	39	24	38	21	18	20	32	58
YPF	81.0	89.0	7	1
73	110	63	93	101	86	88	67
TCX	96.0	40.0	5	1
107	26	82	32	79	29	93	53	113	64	107	41	95	31	93	44
YBG	44.0	74.0	5	1
39	72	49	41	49	78	53	87	30	80	61	87	31	73
IUZ	51.0	18.0	4	1
54	4	55	8	45	-2	53	30	52	34	46	27	60	32	46	16
XHL	22.0	87.0	4	1
36	94	6	93	16	68	33	94	2	93	36	84	28	89
RUU	-3.0	28.0	5	1
-11	29	-12	28	-16	3	12	36	11	47
VCS	31.0	29.0	9	1
19	50	23	33	24	14	42	15	39	35	31	42	39	15
