HWD	7.0	66.0	23	1
-2	92	11	47	11	73	20	51	2	52	-9	91	16	58
UIV	30.0	84.0	25	1
35	99	21	105	10	82	36	61	43	80	37	78
XLH	10.0	48.0	2	1
23	53	24	55	-15	60	27	41	-10	36	15	43
KLR	44.0	67.0	16	1
51	62	39	76	43	73	40	65	50	61
POY	66.0	5.0	19	1
79	-14	62	-14	83	9	54	-1	47	7	59	10	59	16	89	28
ROT	86.0	58.0	6	1
73	55	88	74	102	77	72	59	103	41	83	44
DFB	99.0	76.0	20	1
102	71	93	84	98	68	105	82
HBE	13.0	59.0	14	1
0	55	8	46	19	69	35	49	28	67	1	77	1	56
FLM	47.0	74.0	1	1
34	60	38	73	60	79	59	84
NFL	42.0	51.0	12	1
34	49	61	73	28	42	50	48	32	31	19	67	63	29	55	72
FZU	45.0	13.0	24	1
65	23	49	28	40	-9	29	8	36	31	43	8	66	3	33	16
GQK	96.0	97.0	7	1
88	119	91	75	103	93	107	118	95	84
KFN	69.0	25.0	15	1
79	43	50	19	71	29	68	14	77	22
