GDP	13.0	54.0	4	1
1	38	30	43	0	50	-8	56	33	66	16	58	15	70	18	58
KCX	58.0	46.0	9	1
72	54	51	36	69	57	57	34	51	48	66	49	43	49
FGB	49.0	11.0	3	1
56	32	40	4	44	6	52	-4	42	4	61	29
OJY	12.0	60.0	8	1
4	49	-14	79	26	52	4	80	29	43	26	57
MON	58.0	46.0	6	1
44	38	60	36	56	31	50	61	61	50	73	46	62	60
OZD	36.0	35.0	9	1
34	19	51	60	23	42	37	36	54	37	22	15	37	40
OCJ	21.0	86.0	3	1
34	93	31	88	15	71	4	95
BKX	46.0	82.0	3	1
66	76	51	90	35	68	41	83	65	95	47	84	20	82
PAJ	37.0	76.0	9	1
31	68	32	84	50	65	35	91	46	64	28	84
PHM	61.0	49.0	8	1
63	34	56	58	67	76	72	44	72	56	30	42	63	50	68	33
TRM	22.0	0.0	5	1
11	-8	16	-1	22	6	16	10	45	-7
YCZ	58.0	10.0	9	1
54	26	36	17	40	-9	84	26	79	-9
ECP	44.0	80.0	7	1
34	92	44	87	52	86	48	56
VTD	68.0	56.0	2	1
57	76	91	49	45	47	75	46	62	67	78	51
HNH	8.0	74.0	3	1
31	63	17	86	-10	82	5	79	-2	61
LAG	47.0	23.0	5	1
52	14	53	20	66	42	28	8	47	26	55	37	30	14
DDF	34.0	31.0	9	1
37	6	50	51	20	34	27	30	39	35
LSZ	28.0	55.0	2	1
15	61	16	60	51	41	41	53	30	40	18	76
JTR	42.0	99.0	6	1
40	108	55	73	45	94	28	121
AXK	84.0	40.0	3	1
68	31	104	65	83	30	102	36	67	39
STJ	80.0	1.0	2	1
84	-3	101	-2	76	-16	77	9	78	17	78	-19	66	22
