EKP	9.0	28.0	5	1
11	37	22	15	-1	24	-5	35	9	21	20	41
HCL	26.0	63.0	9	1
25	87	22	51	30	54	24	63	28	60	31	50	28	78
OCH	70.0	91.0	3	1
58	99	73	87	63	87	64	86	87	104	56	103	94	73
XII	96.0	13.0	5	1
101	14	114	32	97	-2	84	31	84	-9
VDG	55.0	40.0	4	1
69	43	42	23	53	51	75	32	60	44	33	38	56	52
STM	52.0	79.0	4	1
61	96	36	96	70	59	63	98	46	89	24	62	65	55
TZA	85.0	77.0	1	1
102	73	58	81	83	87	88	65	97	81
EZJ	6.0	89.0	3	1
10	90	-14	104	-6	87	9	81	10	101	27	78	6	76	11	99
BQZ	58.0	97.0	5	1
76	81	73	95	46	118	48	100	48	91
QOS	88.0	67.0	10	1
102	61	64	80	99	59	108	83	70	56
HUX	103.0	26.0	7	1
87	48	111	42	100	0	106	22	105	17	109	15	109	20	102	47
WDY	34.0	27.0	6	1
60	42	34	22	26	25	19	21
XAB	63.0	96.0	0	1
53	109	68	112	52	88	81	68	65	106
XPZ	61.0	49.0	8	1
72	64	61	55	78	57	46	41	52	30
VWA	31.0	24.0	4	1
45	37	20	43	43	11	28	8	37	29	13	17
RSX	36.0	52.0	4	1
22	53	27	69	40	56	57	34	34	51
HVE	75.0	67.0	0	1
90	73	84	49	91	77	58	61	61	72	91	79	69	77	62	50
EWP	43.0	4.0	1	1
38	-11	57	10	24	23	49	-5	35	-14	49	26	52	9	44	-2
EZT	38.0	82.0	0	1
30	76	17	66	48	99	48	71	48	100
NYC	101.0	78.0	0	1
88	58	104	57	120	90	99	67	114	86	107	86	93	98	89	82
KVJ	93.0	24.0	6	1
102	33	105	8	102	36	80	37	86	37	95	30	106	-3	72	21
JTZ	65.0	30.0	4	1
88	4	50	45	57	41	56	36	79	21	61	38
XZY	47.0	13.0	8	1
22	3	26	12	51	13	55	41	57	-1	64	8	59	18
