THW	71.0	41.0	2	1
57	39	73	58	90	36	77	44	62	31
KSE	42.0	62.0	9	1
46	57	36	67	47	71	41	56
MCO	42.0	14.0	12	1
24	8	43	1	32	-5	57	34	28	21	64	34	49	9
CUH	98.0	92.0	5	1
97	102	115	84	81	107	116	90	100	97	78	85	99	84
QZW	83.0	38.0	8	1
76	48	90	56	64	19	90	33	69	58	81	30	102	43	97	20
SVZ	11.0	80.0	10	1
2	77	28	82	24	79	34	68	-5	93	-15	83
IWT	0.0	65.0	11	1
-8	73	-13	64	19	59	-9	56	7	75
PRF	91.0	37.0	23	1
116	50	71	30	78	30	80	42	74	59	114	32	106	18
YHW	60.0	21.0	5	1
66	0	46	42	59	0	53	39	57	31	63	1	80	37
IKR	69.0	24.0	21	1
88	26	63	42	79	15	56	27	59	10
JXQ	58.0	88.0	24	1
45	97	77	94	38	93	56	67	77	90
XCI	34.0	94.0	18	1
33	90	31	83	51	104	35	106	30	80	14	107	50	88
LCA	81.0	97.0	23	1
75	77	71	92	108	113	70	106
HPN	49.0	43.0	9	1
42	63	54	64	49	23	51	23
LJN	-1.0	2.0	23	1
-17	1	-4	20	7	3	-3	-13	6	-8	-20	16	21	-17	-1	19
ZCQ	28.0	10.0	19	1
46	20	45	16	5	9	36	4	7	-4	31	18
SEG	41.0	72.0	5	1
42	56	44	97	56	56	19	55	43	95	46	73
XNJ	55.0	87.0	17	1
40	93	65	95	46	98	68	84	76	78	36	79
WNN	63.0	3.0	10	1
61	23	53	0	70	17	73	-11	53	-4	49	2	82	-1
UOH	42.0	76.0	13	1
38	83	45	67	60	99	15	85	51	72	48	53
ETQ	77.0	42.0	1	1
81	57	79	55	60	55	77	27	86	24	79	34
VHP	19.0	31.0	14	1
40	47	22	43	4	19	17	48	33	10	0	20
WEG	89.0	32.0	20	1
87	46	106	13	98	22	65	49
FWB	104.0	53.0	17	1
116	41	94	77	105	42	79	47	117	75	116	37
NLC	32.0	96.0	9	1
24	80	29	106	37	100	18	108	53	90
JMR	0.0	43.0	11	1
-4	30	12	48	-20	49	9	45
ANM	65.0	100.0	20	1
65	88	70	100	79	101	80	102	50	105	45	108	72	101
WJO	-14.0	83.0	17	1
-22	70	-10	91	-4	106	-20	68
BAM	25.0	60.0	23	1
1	37	35	79	41	64	0	77	31	71	42	34
XAL	33.0	25.0	17	1
20	28	27	10	35	34	52	29
TIO	102.0	5.0	6	1
93	-13	98	-8	112	3	86	8	97	29	118	24	116	-4
CTS	95.0	70.0	11	1
68	66	91	52	112	57	100	71	91	87	109	89
LFT	71.0	5.0	20	1
61	-15	72	18	76	23	75	-4
ONJ	21.0	83.0	15	1
45	71	12	96	34	76	5	67	37	107	7	76	0	96	28	81
