SHF	31.0	51.0	12	1
45	53	22	67	34	40	24	43	20	36	43	59	29	63
OFF	34.0	49.0	18	1
30	41	36	55	58	66	38	27	32	44	12	64
ACQ	82.0	87.0	18	1
92	97	88	83	75	95	90	69	65	94
PAV	45.0	69.0	23	1
33	70	63	61	47	84	51	49	51	68	29	75	44	76
ZCC	86.0	24.0	7	1
74	37	105	12	112	22	82	11	76	30	71	33
GVS	78.0	60.0	11	1
96	50	98	62	56	76	68	43	66	63	86	69
SDM	-13.0	61.0	11	1
-1	59	-18	43	-18	60	-17	85
RCW	44.0	88.0	6	1
21	99	36	92	65	91	38	73	62	89
ZPA	70.0	88.0	11	1
80	82	61	89	70	108	84	74	59	90
TSB	84.0	61.0	15	1
79	50	84	87	95	45	66	49	100	78
XDA	8.0	23.0	14	1
13	6	-4	12	6	49	17	28
JNI	83.0	42.0	1	1
70	20	98	39	76	47	82	48	85	42	90	49	86	50
WIJ	65.0	1.0	2	1
68	15	59	17	73	-22	83	-14	53	8	54	6
IGA	0.0	6.0	17	1
10	-2	16	6	-19	13	10	8	-5	-7	-15	18
ITS	8.0	30.0	5	1
19	44	23	48	25	44	15	40	1	5	-14	15	16	22	-17	28
DMP	80.0	31.0	0	1
57	41	73	20	82	16	96	49	94	17	71	41	89	49	80	21
