PFH	31.0	29.0	8	1
55	38	22	21	40	44	18	14	55	35	14	38	16	15
ILQ	44.0	18.0	1	1
41	14	61	17	68	-2	32	40	43	2	41	28	25	30
HIA	11.0	80.0	23	1
-12	77	-3	58	30	91	28	82	29	100	-2	97	12	57
LPQ	29.0	83.0	13	1
20	74	26	98	40	102	47	69	45	87	25	73	1	83
KDM	43.0	9.0	4	1
20	14	35	25	53	-10	59	6	50	13
FCU	31.0	13.0	5	1
29	33	15	1	52	-3	51	7	33	26	12	19	29	9
CPR	50.0	78.0	24	1
58	89	49	65	51	78	39	91	64	82	47	70	42	73
GGK	6.0	47.0	19	1
-11	46	-10	56	25	34	10	65	26	38	-1	46
SXP	63.0	86.0	10	1
62	73	69	68	54	112	53	85	81	93
JOO	69.0	42.0	19	1
49	44	62	41	74	41	94	42
QUI	46.0	50.0	5	1
32	44	70	40	33	39	65	70	41	36	37	66	49	59
XCM	21.0	21.0	6	1
9	5	37	28	19	-4	12	32	12	26	22	26	40	36
CBL	-5.0	34.0	22	1
-13	60	-8	20	-13	36	12	21
RBW	18.0	66.0	23	1
35	48	26	63	29	69	12	90	20	80	-9	51
TDZ	11.0	65.0	24	1
31	56	2	54	16	71	5	66	3	80
MIB	14.0	0.0	1	1
12	15	1	-8	36	-7	3	17	24	-14	15	-4	13	-1
KGP	11.0	9.0	23	1
12	-7	-10	-6	6	1	16	28	32	40	12	1
LCA	58.0	18.0	9	1
68	37	38	7	69	8	74	24	70	31	33	4
UOB	90.0	12.0	21	1
84	-14	74	24	116	20	93	-2	84	33
LDP	51.0	64.0	2	1
41	42	67	73	55	79	42	62
OMI	63.0	60.0	22	1
61	65	40	53	80	55	72	67
VSX	92.0	76.0	10	1
74	67	111	73	96	71	96	86	85	87
OTG	65.0	96.0	2	1
47	82	76	71	71	105	85	114	72	105	45	98	64	103
KRA	91.0	92.0	3	1
85	97	100	79	71	81	92	100	92	108	110	92
AIM	37.0	27.0	5	1
34	33	46	32	31	27	40	18
ASY	25.0	-2.0	0	1
12	-1	32	-21	46	15	22	-7	15	4
NOX	67.0	75.0	11	1
59	71	70	88	64	67	55	90	71	70	91	76	68	83	61	55
PGJ	24.0	88.0	20	1
21	95	37	89	24	86	11	82	1	109	34	82	44	73
URD	75.0	76.0	20	1
42	85	77	60	84	85	79	65	79	84	80	82	84	71
FYS	35.0	38.0	23	1
51	15	32	57	48	53	14	41	56	18	32	30	14	36	38	55
PBN	-1.0	5.0	6	1
1	17	-1	19	-10	13	-7	7	-8	-5	26	0	-10	-11
SSP	43.0	66.0	2	1
18	93	45	54	56	61	45	58	46	58	53	76
CRX	66.0	4.0	6	1
70	-3	66	29	52	22	74	-14	84	-9	52	2
BWM	77.0	58.0	5	1
58	71	90	55	85	43	96	70	57	54
RPF	62.0	50.0	24	1
46	51	57	40	78	40	81	47	77	63	62	46	45	44	52	73
LCX	58.0	90.0	2	1
42	87	58	115	56	102	39	70	84	73	75	107	52	81
QPX	33.0	38.0	1	1
38	36	15	57	52	34	53	45	25	20	16	39
NHO	34.0	43.0	2	1
32	14	45	39	46	56	29	61	34	56	20	34
