YWM	15.0	22.0	14	1
-16	27	32	13	13	38	28	15	18	18
ALD	88.0	89.0	23	1
72	89	95	84	101	66	97	99	77	107
ACA	26.0	64.0	21	1
36	65	49	90	26	65	9	57	45	69	9	56	10	50
XHC	29.0	98.0	6	1
52	115	35	88	18	89	36	90	25	107	8	101
JNJ	35.0	94.0	23	1
19	102	53	79	21	94	40	115	28	84	50	97	37	93
ASO	10.0	34.0	19	1
0	11	23	33	4	14	-10	55	-2	42	27	56	28	28
TKX	91.0	59.0	13	1
81	44	79	54	109	61	82	90	108	46
KAZ	42.0	49.0	21	1
37	36	28	56	55	70	51	36
FER	92.0	55.0	10	1
73	66	93	42	94	63	85	77	91	34	104	58	96	36	103	65
WJO	95.0	60.0	8	1
116	65	69	39	75	70	106	73	112	57
NTC	-1.0	91.0	9	1
-6	111	8	68	7	83	-15	102
YAR	11.0	7.0	12	1
6	-9	1	40	33	1	25	-2	-10	8
RLE	17.0	80.0	14	1
14	87	-6	86	31	80	17	68	18	85	28	77
YTI	1.0	26.0	13	1
15	25	-9	16	1	33	-3	31
AQI	74.0	6.0	1	1
98	8	79	-2	67	26	79	17	62	-1	63	-7
AVX	78.0	46.0	10	1
76	29	72	32	70	51	76	31	81	66	74	60	78	34	97	65
RSB	32.0	38.0	20	1
47	25	13	31	18	59	58	38	26	49	49	15	18	55
FKX	2.0	64.0	15	1
14	65	19	58	-7	80	-16	54
MNC	4.0	0.0	12	1
-12	-5	-9	13	-8	-14	12	5	29	-2	16	17	2	-8
CYX	19.0	13.0	19	1
25	14	10	22	34	5	24	-7	6	35
ALK	55.0	47.0	4	1
59	42	68	48	34	50	56	42	62	57
PLZ	58.0	36.0	10	1
37	42	74	31	41	37	68	36	71	37
AMN	48.0	75.0	4	1
70	92	55	80	49	71	33	75	49	92	53	54	32	61
