IXN	24.0	55.0	2	1
35	28	17	72	26	68	31	64	10	57	30	41
LZN	25.0	66.0	0	1
30	77	13	63	25	64	55	87	13	52	15	55
JBR	47.0	51.0	2	1
41	36	57	51	33	74	35	35	68	75	59	64	48	43	40	35
MCG	37.0	51.0	4	1
26	43	49	62	21	61	33	48	29	36	57	60	48	49
VLD	53.0	29.0	7	1
61	23	72	24	57	36	69	17	27	39	36	38
YLO	36.0	93.0	5	1
21	94	42	90	42	107	47	77	32	82	35	109
AMK	36.0	87.0	3	1
55	81	51	111	19	102	44	74	21	76	21	88	43	79
XCN	21.0	68.0	2	1
30	44	26	68	30	66	11	80	16	71	28	70	10	82
CFW	47.0	59.0	5	1
41	70	43	59	48	44	52	50	54	74
DEB	7.0	39.0	4	1
-11	52	28	37	-4	58	8	25	30	52	-5	15
QMQ	91.0	26.0	8	1
89	45	74	3	104	14	86	3	88	37	103	37	96	43
YVS	61.0	76.0	8	1
64	67	52	80	35	71	62	84	68	80	72	80	78	70
KVT	61.0	30.0	6	1
72	41	48	33	52	12	65	24	72	15	62	56
BLK	67.0	33.0	8	1
76	44	89	27	54	29	51	32
LVX	11.0	85.0	1	1
-11	94	12	86	12	68	28	109	0	78	27	75
HJZ	15.0	47.0	2	1
-1	36	26	49	7	65	28	40
IFP	36.0	99.0	6	1
16	106	34	88	41	107	58	99	51	104	50	106	29	77	13	107
SLL	97.0	71.0	1	1
118	71	90	79	94	60	94	61	78	82	109	77
DXB	11.0	5.0	4	1
29	17	-10	6	19	7	8	-8
TMV	95.0	42.0	9	1
91	61	73	44	92	39	108	29	96	33	112	50
VLI	3.0	62.0	9	1
-14	43	16	73	-5	72	1	79	17	47
KHW	82.0	53.0	4	1
96	71	98	68	69	41	64	51	87	36
XQZ	66.0	67.0	9	1
64	83	78	78	46	52	70	84	75	38
OFD	85.0	87.0	5	1
92	74	87	104	88	109	67	82	99	66	90	76	76	104
MRJ	60.0	59.0	5	1
48	50	71	70	62	65	65	56	80	55	39	59
PDW	27.0	5.0	10	1
2	-10	45	-9	12	19	30	14	48	15
DOZ	51.0	58.0	9	1
39	39	34	46	72	65	47	73	66	44	63	73	39	44	52	83
ZVM	100.0	55.0	4	1
87	69	103	66	104	54	91	38	102	41	115	63
KFM	-1.0	60.0	5	1
-7	73	18	74	-4	46	-16	67	3	42
NXP	89.0	10.0	2	1
83	20	100	20	87	-12	102	17	82	-3	76	31	95	-3
NWV	76.0	19.0	9	1
85	27	64	16	71	30	78	16	92	6	94	40	45	2	84	20
LRK	28.0	84.0	1	1
20	108	21	98	30	94	23	70	58	68	25	70	20	81
ZFW	93.0	70.0	0	1
106	54	108	77	105	71	63	68	81	52	106	84	88	89
UOP	-1.0	95.0	10	1
14	96	-6	91	-10	97	-4	98
XPC	88.0	78.0	9	1
89	79	97	91	76	61	100	81	82	80
JRL	93.0	86.0	4	1
106	65	92	79	83	105	107	69	110	109	74	77	82	104
AON	40.0	59.0	4	1
27	59	36	54	66	81	42	53	30	61	43	47
XWG	75.0	29.0	1	1
59	26	72	29	69	30	73	39	64	24	104	23	90	34
XNM	65.0	88.0	10	1
61	85	43	89	68	77	74	104	83	86
FLX	54.0	16.0	5	1
74	24	71	5	52	0	50	3	75	28	39	7	35	38	37	23
NEV	103.0	4.0	0	1
109	-7	111	28	79	9	106	3	107	2	107	-8
CCB	-6.0	46.0	3	1
-3	59	-19	62	-18	37	2	28	5	44
GGE	91.0	75.0	6	1
82	86	96	71	102	71	87	75
RPD	4.0	22.0	4	1
16	35	8	6	7	36	3	18	-13	22	8	19
KGR	5.0	3.0	5	1
19	-13	-1	-15	-3	9	6	0	10	25	0	12
TWA	77.0	77.0	1	1
76	68	56	88	69	82	82	72	84	59	95	94
