AIP	9.0	63.0	10	1
28	66	2	62	-1	68	2	62	34	51	-7	74
AYI	11.0	90.0	9	1
37	94	22	111	11	80	2	106	1	67	6	108	1	65
OUL	59.0	49.0	5	1
76	69	57	41	67	32	45	58	50	48
QTQ	26.0	105.0	7	1
41	115	11	112	36	87	19	109	52	84	8	123	19	107
ZAJ	102.0	51.0	10	1
114	39	105	60	88	34	97	60	109	64
MFE	37.0	40.0	8	1
29	40	27	62	55	34	53	38	25	30
WXN	6.0	80.0	7	1
-2	91	27	62	26	81	15	73	7	100	-14	77	-12	76
OTB	38.0	8.0	2	1
36	12	46	14	45	17	46	-2	20	0
CAR	72.0	2.0	2	1
58	-21	69	21	65	-1	76	13	83	-7	82	7
NQG	38.0	10.0	6	1
46	4	33	-3	36	7	50	21	34	0	49	9	19	37
YQL	81.0	30.0	10	1
87	37	76	29	93	2	64	45	67	11	102	40	82	46
