DHY	39.0	26.0	2	1
30	22	60	42	47	9	35	9	25	33	38	9	34	48	47	42
YSR	67.0	74.0	6	1
74	92	68	57	51	59	78	91
UYA	0.0	47.0	5	1
-7	47	3	56	-7	30	-7	57	7	56	-11	56	20	33	8	46
ISZ	51.0	88.0	2	1
46	79	43	77	52	100	52	83	65	105
SRA	3.0	44.0	5	1
1	24	17	67	3	68	-9	41	5	29	6	58	19	34	-15	35
MFL	95.0	87.0	9	1
96	96	98	83	96	83	105	95	87	91	92	77
ZDN	31.0	83.0	6	1
20	94	43	97	41	63	43	62	10	99
BZR	34.0	49.0	6	1
41	44	52	47	35	42	24	47	18	66
HGM	22.0	48.0	8	1
20	39	12	46	12	54	32	75	20	28	36	38	26	60
NFV	-2.0	82.0	9	1
-11	80	-5	114	-18	70	-23	95	20	71	12	67	6	78
HJU	73.0	23.0	8	1
74	26	73	39	84	39	89	28	56	29	88	-5	51	7
MIR	87.0	103.0	6	1
82	111	84	94	104	108	79	99
GMV	86.0	27.0	4	1
83	2	82	19	89	46	102	18	89	29	76	48
IJJ	76.0	40.0	1	1
75	63	61	36	94	28	59	45	72	37	92	26	83	48
BOP	56.0	72.0	2	1
78	86	40	91	46	63	56	63	67	67	51	63
VGC	91.0	48.0	0	1
82	34	94	58	103	41	101	66	80	39	88	54
LAV	21.0	70.0	10	1
17	48	44	77	10	79	38	57	-1	89
DHC	67.0	74.0	7	1
82	87	60	85	75	63	62	67	52	68	75	77
RCB	8.0	65.0	1	1
12	47	3	72	19	90	-7	71	14	46
CIK	40.0	28.0	6	1
50	43	39	43	54	35	35	10	27	27	38	11
LIZ	86.0	17.0	5	1
87	32	67	-2	102	29	99	23	90	4	84	5	72	22	88	27
DGQ	4.0	14.0	9	1
-10	17	3	22	9	34	13	1	17	-9	-7	21
KOM	33.0	39.0	6	1
35	16	12	17	34	39	36	63	28	49	55	17	45	62	26	50
MXR	46.0	3.0	5	1
32	16	46	-2	73	-1	44	12	41	11	42	-7	45	14	48	-14
OZH	95.0	34.0	5	1
72	27	94	24	93	56	112	23	84	44	116	32
KOO	70.0	78.0	1	1
81	92	74	62	53	74	61	56	62	100	90	87
AXU	13.0	95.0	7	1
21	79	29	105	11	89	-6	107
HQO	74.0	63.0	1	1
79	88	65	79	48	87	63	58	81	46	86	54	89	46	82	48
YDZ	68.0	31.0	1	1
78	40	90	28	54	24	51	36	69	31
CRM	71.0	70.0	10	1
65	68	79	79	74	73	75	58	52	65	80	72	72	75
SXZ	28.0	54.0	5	1
32	57	22	60	9	67	39	31	22	60	41	57	33	50
NHJ	20.0	47.0	9	1
15	18	35	62	8	24	23	59	31	53	32	55	-2	64
FSC	12.0	9.0	7	1
16	26	6	-14	20	0	0	11	19	15	12	21
ZOV	29.0	85.0	6	1
30	104	36	90	37	68	27	93	18	73
QJP	16.0	66.0	4	1
7	89	39	45	25	46	-7	85
LSO	85.0	89.0	8	1
105	73	76	88	105	96	74	72	86	116	75	80	75	99
NGD	49.0	85.0	0	1
29	76	44	89	70	80	50	92	68	93	34	81
HVX	61.0	30.0	1	1
68	46	47	36	52	14	76	52	47	13	78	23
QWM	55.0	56.0	2	1
60	40	44	73	57	39	62	72
QQM	100.0	23.0	7	1
102	15	108	36	116	3	99	29	79	33
JSS	44.0	67.0	6	1
34	76	60	66	42	38	29	85	40	80	52	82	52	47
