FEC	74.0	70.0	5	1
64	56	70	75	55	63	81	94	80	84	96	53
AVW	14.0	27.0	25	1
3	21	11	16	10	37	32	36
ZME	-3.0	44.0	15	1
-5	15	-8	58	-8	47	-18	49	10	42	19	60	-16	38
TEV	28.0	37.0	12	1
22	48	13	25	48	41	38	44	33	22	19	47
DSN	67.0	42.0	15	1
65	51	72	18	75	29	62	54	58	49	72	51
AAV	66.0	32.0	8	1
77	36	69	13	42	30	46	51	78	39	62	43	90	15
IZO	22.0	20.0	22	1
47	28	16	7	21	24	6	24
OZH	43.0	11.0	7	1
38	0	44	-3	52	20	38	30
UKD	39.0	57.0	8	1
41	57	48	61	43	78	44	50	22	40
JNT	68.0	99.0	13	1
78	97	69	99	75	114	64	79	55	108
WSE	88.0	61.0	4	1
105	68	77	75	63	55	87	66	63	39	97	74	107	71	106	42
SHQ	80.0	97.0	20	1
64	120	78	120	94	98	81	72	98	75	67	99
TIP	26.0	84.0	16	1
37	83	5	87	41	70	33	94	10	97	33	70	29	87
PSO	100.0	56.0	14	1
118	49	107	62	107	55	79	65	93	53
OKS	47.0	1.0	15	1
52	4	65	-16	31	26	46	-9	54	18	39	-15
EJF	89.0	32.0	3	1
97	19	101	23	72	43	105	29	85	40	78	42
REW	12.0	75.0	1	1
31	69	0	92	15	60	26	92	-7	52	10	86
SND	36.0	7.0	5	1
31	6	40	17	29	-1	45	9
EVV	82.0	25.0	18	1
88	41	72	25	103	20	65	17
RFT	5.0	19.0	18	1
-11	4	30	47	1	2	-2	19	2	39	3	23	-13	7	32	18
WZC	15.0	92.0	11	1
24	97	13	117	17	73	22	75	9	120	-6	89	19	82	28	88
LVD	21.0	28.0	23	1
19	13	37	21	15	45	15	35
DVH	-7.0	76.0	9	1
-6	93	-17	60	7	60	-12	91
