DOX	89.0	63.0	5	1
81	82	112	59	65	39	102	84	88	51
PWA	27.0	86.0	4	1
11	79	13	75	29	110	23	79	41	98	48	79
OXY	65.0	76.0	8	1
50	61	79	91	59	63	58	79	64	95	80	70
MTI	77.0	23.0	5	1
95	8	67	43	54	9	95	35
SRL	45.0	34.0	3	1
50	7	56	36	45	39	41	39	34	49
PCG	26.0	35.0	8	1
50	30	13	50	11	38	15	36	21	29	48	43	30	19
BEU	47.0	64.0	0	1
34	86	40	41	39	75	64	84	49	40	56	61
UNP	34.0	87.0	8	1
36	64	32	73	40	105	31	108	33	87
ZUD	61.0	81.0	3	1
59	87	61	89	65	77	52	96	54	93	91	56	46	70
KOI	7.0	3.0	2	1
6	-7	1	18	20	-9	13	0	10	-13	4	18	-5	16
BQM	2.0	79.0	8	1
1	105	18	83	19	69	-23	65	-3	67	2	89	0	76
NBA	37.0	24.0	9	1
37	9	29	33	26	4	58	35	37	27	49	26	29	40
AFC	91.0	87.0	6	1
92	94	81	108	83	64	107	98	83	87	84	102	108	62
WKC	26.0	45.0	9	1
49	24	22	56	18	56	18	45
LHS	42.0	28.0	1	1
40	29	37	13	34	17	66	11	47	49	32	52
AGK	63.0	74.0	10	1
74	53	80	57	46	95	67	80	54	64	46	86	78	88
GMS	57.0	57.0	8	1
58	37	42	52	61	70	42	73	67	62	73	58	57	48
UBA	13.0	47.0	8	1
35	35	32	25	1	62	-10	59	9	34	10	73	19	44
PBV	22.0	19.0	5	1
17	10	17	16	29	7	3	39	19	36	36	24	35	7
FFU	52.0	100.0	7	1
72	114	42	92	35	89	60	107
XEX	47.0	84.0	3	1
66	113	34	97	71	90	46	72	31	68	27	77	57	74
QVZ	31.0	75.0	7	1
22	96	45	94	26	64	39	69	10	72	45	81	36	53
QIG	68.0	46.0	1	1
55	46	74	31	66	63	53	21	93	66	77	47	61	54
RYA	34.0	91.0	8	1
45	105	15	111	49	113	28	70	26	76	44	71
OST	2.0	47.0	6	1
-8	54	-5	22	27	62	-7	57	7	42
GPT	55.0	47.0	8	1
69	40	45	46	57	40	65	56	43	55
IVJ	45.0	48.0	8	1
54	53	45	44	34	60	30	47	55	54	55	33
RDL	71.0	69.0	1	1
83	86	63	74	49	76	72	54	91	57
EJC	50.0	35.0	9	1
28	41	69	23	46	36	50	22	68	59	41	30
TNK	101.0	57.0	7	1
94	54	94	55	107	55	121	47	113	67	80	67
ZOM	22.0	69.0	7	1
2	61	35	63	34	68	47	62	6	101	8	64
LMV	91.0	75.0	10	1
75	96	112	74	74	57	100	92	98	58
FDI	6.0	81.0	1	1
-10	85	18	73	10	77	10	72	6	98
RDA	61.0	77.0	1	1
42	73	58	62	78	100	63	90	74	63	54	75
VZU	62.0	51.0	7	1
49	32	64	71	66	42	73	41	61	54	67	64	55	58
IBO	8.0	31.0	5	1
-7	25	18	13	5	17	6	57	17	35	11	39
WHW	36.0	39.0	5	1
23	43	39	29	18	58	49	42	53	26
