PGN	75.0	6.0	7	1
88	13	51	-5	60	3	85	-7	92	27
VKZ	44.0	78.0	1	1
31	78	23	76	66	94	63	59	42	94	55	85	31	66
MFF	93.0	53.0	1	1
96	32	77	61	94	53	111	39	87	74	96	61
PHX	40.0	46.0	3	1
37	38	43	37	27	27	55	68	61	57	33	39	29	56
XTL	34.0	68.0	10	1
17	70	32	86	38	44	54	85	39	78	45	72	14	42
GIQ	64.0	65.0	8	1
81	76	73	54	68	69	53	51	47	77
EWL	48.0	34.0	6	1
44	47	64	25	29	38	55	30	41	21	56	46
KPB	19.0	86.0	8	1
35	74	2	114	29	79	12	79
OVQ	16.0	82.0	9	1
35	69	25	94	34	88	-1	91	3	75	3	78
KMW	72.0	30.0	4	1
94	28	83	7	83	23	59	43	65	34	63	40	79	24	56	48
MXR	32.0	104.0	5	1
49	79	49	107	21	105	30	124	43	119	25	118	11	86	30	95
VVP	32.0	70.0	3	1
11	91	40	64	51	66	26	64	32	67
GYF	69.0	33.0	3	1
58	54	90	37	48	12	82	11	79	31	61	55
SOL	51.0	53.0	1	1
59	32	30	78	42	38	69	78	65	62	44	34
FBE	44.0	52.0	10	1
33	65	43	59	32	54	44	51	69	33
YLO	89.0	61.0	7	1
87	48	67	73	98	63	90	69	104	52
ILM	72.0	66.0	2	1
73	80	54	62	79	72	76	58	79	60
IPN	86.0	79.0	3	1
54	98	99	76	86	74	97	72	97	75
CEX	14.0	2.0	3	1
11	25	11	-21	30	25	37	-22	-8	-13	8	18
CNN	36.0	69.0	8	1
20	56	39	89	56	54	56	80	29	65	21	75
TBE	35.0	97.0	5	1
34	88	56	99	40	95	8	101	37	89	38	113
NAH	65.0	24.0	0	1
78	45	45	22	66	48	79	17	68	11	58	6	61	25
DHN	21.0	39.0	3	1
16	28	33	51	9	52	31	18	16	50
ZJH	9.0	42.0	3	1
-8	35	-6	26	-5	59	21	62	16	58	39	15
TAA	12.0	7.0	2	1
0	22	6	-4	32	24	-6	-6	11	24	33	-17
UKX	22.0	86.0	6	1
36	80	34	75	-8	91	28	103	18	93	26	75
VUH	97.0	88.0	10	1
100	95	117	104	103	87	97	103	87	92	89	71	86	64
ZYH	77.0	78.0	4	1
81	87	68	92	96	70	62	60	81	81
KNL	1.0	56.0	10	1
7	71	-12	52	3	54	-7	41	11	50	11	64	-1	45	1	75
KTM	22.0	41.0	1	1
7	52	41	15	13	41	3	37	37	62	33	52	39	59	10	15
IUS	90.0	88.0	3	1
113	105	65	85	96	98	88	67
BEU	63.0	25.0	10	1
40	13	71	12	87	36	55	41
LKW	78.0	69.0	2	1
74	75	93	68	51	75	92	79	64	46	99	76
NCE	3.0	16.0	7	1
8	7	-8	8	10	27	22	2	-12	26	-2	26
YWV	34.0	0.0	3	1
27	7	35	-20	32	24	12	2	52	6	37	11	51	-23	30	-10
WTC	6.0	15.0	9	1
3	-3	-6	39	20	33	25	10	-10	0
HTD	71.0	45.0	10	1
65	54	86	36	56	64	87	27	54	56	94	58	56	24
WYQ	64.0	36.0	7	1
57	29	80	33	33	11	74	51	79	59
ZIK	27.0	94.0	3	1
29	113	42	98	29	77	11	89
PRM	45.0	83.0	5	1
59	117	36	70	26	96	38	78	36	74	59	80	65	71
WEM	103.0	31.0	0	1
117	40	108	36	93	31	96	17
GTC	-5.0	52.0	7	1
0	57	-23	39	0	58	-3	58	-1	51
MAD	5.0	72.0	1	1
24	78	15	70	-21	61	5	82
JHE	75.0	9.0	3	1
89	5	95	5	77	-8	52	7	93	23	49	26
