TXT	43.0	53.0	2	1
35	43	50	43	48	78	40	50
DFQ	42.0	53.0	6	1
45	46	48	55	51	47	24	66
EXF	20.0	68.0	9	1
13	82	29	81	40	69	-4	50	24	59
LBA	70.0	75.0	5	1
62	80	69	55	93	75	63	83	63	86	57	65	75	86	78	75
NYD	56.0	19.0	3	1
40	33	61	17	48	4	78	22
RJR	22.0	5.0	5	1
40	29	6	-5	8	-4	2	25	41	-5	38	-9
VKG	89.0	86.0	8	1
94	93	90	85	79	87	80	73	104	96
OOO	-13.0	71.0	0	1
-19	64	-4	74	-17	66	-19	55	0	98	-23	69
EMD	46.0	16.0	7	1
27	17	36	2	49	32	67	0	48	11	32	22	68	33
MWW	61.0	-1.0	3	1
49	18	77	-20	53	11	51	-12	55	26	73	-13	71	-19
UWS	87.0	27.0	2	1
89	15	95	38	79	18	65	18	108	37	65	22	112	41
XUN	0.0	84.0	6	1
11	88	-12	82	12	65	-13	107	9	73	9	74	-14	100
JTD	41.0	10.0	4	1
50	8	60	2	41	14	24	1	42	30	29	10
YHM	59.0	63.0	5	1
51	52	65	69	66	51	55	80
IXM	78.0	59.0	9	1
87	49	80	54	64	73	86	58	73	65
KGG	9.0	52.0	6	1
21	63	11	33	10	58	-5	57
EOQ	32.0	23.0	9	1
39	32	40	19	35	11	16	31
LLF	49.0	-7.0	7	1
67	-15	32	0	55	-14	42	-1
PWG	78.0	81.0	3	1
82	61	77	100	71	90	73	86	89	72
BDK	22.0	37.0	8	1
0	39	38	41	36	16	41	51	5	21	16	58
PVX	87.0	93.0	10	1
98	85	83	100	89	104	99	99	62	84	92	91
LSF	29.0	38.0	7	1
25	23	39	52	30	41	22	59	33	18
SFT	33.0	96.0	2	1
17	97	62	97	22	93	32	100
YWW	11.0	10.0	5	1
9	-5	20	-16	-14	29	25	26	15	16
LIS	8.0	58.0	5	1
-3	58	6	74	32	46	-2	43	-1	65	18	67
RVX	68.0	24.0	9	1
53	37	56	41	93	19	53	-1	74	14	81	35
KBD	47.0	96.0	4	1
39	105	48	114	41	111	67	82	43	72
SGY	46.0	74.0	8	1
54	63	58	95	35	52	37	89
OTM	36.0	12.0	6	1
28	11	24	13	39	27	43	3	44	5	50	-2	11	30	54	10
BHO	35.0	70.0	1	1
34	68	61	58	31	64	34	91	16	59	38	81
OFA	45.0	66.0	6	1
68	58	24	75	23	75	53	50	35	60	68	70	59	76	35	70
SVR	74.0	39.0	8	1
91	26	71	35	61	55	82	32	76	54	68	23	73	53
YUR	49.0	31.0	2	1
53	36	50	29	43	21	42	33	48	27	58	42
ZBX	17.0	82.0	1	1
29	77	-5	78	5	99	6	76	11	89	39	82	36	74
SNH	24.0	91.0	5	1
8	97	39	102	42	94	15	80	19	83	21	90
QEF	37.0	15.0	7	1
38	1	38	24	42	7	30	31
GSI	53.0	65.0	7	1
59	85	37	64	51	66	57	53	50	75	66	52
ZOS	45.0	97.0	5	1
24	105	24	113	52	110	24	109	68	72	61	82	64	90
OEU	61.0	29.0	9	1
86	29	51	16	80	34	48	12	46	38	68	47	49	32	62	29
QRU	66.0	51.0	9	1
82	46	42	59	82	42	75	32	49	67	81	64	60	49	63	56
WXB	18.0	52.0	4	1
25	52	16	42	20	75	11	42
WGT	74.0	85.0	0	1
63	95	62	84	81	87	89	81	61	89	84	96	61	72	91	83
ZQW	6.0	77.0	7	1
8	69	-7	83	31	90	12	82	-13	63
JRM	72.0	80.0	2	1
87	83	86	81	52	83	92	81	63	74	64	65	61	96
MEX	87.0	5.0	5	1
84	-10	108	3	87	-9	80	13	75	25	94	1	84	14
KKN	94.0	-3.0	1	1
99	-2	105	13	79	-20	93	9	110	15	101	-21	76	-18
ANJ	62.0	60.0	9	1
77	47	54	52	67	53	83	72	45	66	51	77	62	54
MTJ	65.0	95.0	7	1
73	109	43	95	62	74	71	108	76	91
MTN	31.0	29.0	6	1
43	22	21	47	47	10	17	36	43	33	18	30
