FUO	58.0	50.0	2	1
39	31	65	30	76	61	45	69	79	43	46	71
UVB	87.0	84.0	1	1
86	89	95	80	77	77	85	70	66	94	98	112	105	68
VYN	-3.0	100.0	7	1
11	104	25	107	-12	96	-23	97	-17	97
XMF	22.0	79.0	2	1
10	71	-1	93	38	61	31	97	34	60	11	76	22	83	35	91
LHC	84.0	2.0	1	1
67	10	86	-7	82	15	72	12	100	-7	101	-6
MPQ	15.0	30.0	3	1
18	34	-3	43	40	19	6	24
WOG	3.0	60.0	8	1
17	44	-15	49	25	69	-19	73	8	68
NSN	65.0	71.0	6	1
54	98	77	68	54	73	58	81	82	51	78	55	54	77
MIR	66.0	22.0	7	1
77	38	57	22	77	18	46	21	77	13
CUP	37.0	95.0	4	1
19	111	46	81	44	105	31	69	46	106	49	103	29	90
