HAJ	11.0	74.0	22	1
7	89	6	87	9	76	1	77	14	46	13	88	18	54	20	77
OZW	44.0	92.0	21	1
53	81	64	113	33	72	29	87	30	106	56	95
RRE	78.0	20.0	13	1
92	1	72	48	81	8	86	40	63	7
WLP	16.0	46.0	14	1
13	57	6	45	20	44	37	35	20	69	2	31
VMC	8.0	51.0	20	1
3	53	-5	38	37	60	15	52	-5	61	25	54	-9	43
MWL	71.0	97.0	3	1
55	104	70	99	100	91	64	87	67	105
LIV	62.0	27.0	20	1
82	26	56	23	50	13	62	37	75	14	66	45	54	27	58	32
DTK	73.0	48.0	16	1
68	43	51	70	80	44	93	38
BSE	58.0	104.0	20	1
76	119	42	116	69	116	36	78	67	119	44	100	63	77	72	114
HXV	30.0	37.0	8	1
31	28	21	33	48	40	24	46	45	32	16	36	26	44
ABK	69.0	12.0	22	1
50	30	87	13	85	4	39	3	63	-2	80	39	83	-1
EAC	60.0	-4.0	18	1
47	13	59	17	66	-19	66	-20	70	-5	54	-15
PSS	13.0	24.0	11	1
22	46	24	40	-3	24	9	9	0	26	29	0
QKP	90.0	52.0	20	1
110	73	86	59	90	44	85	37	80	51
WEP	66.0	27.0	3	1
71	34	64	30	61	11	71	35
UEP	41.0	65.0	20	1
45	63	54	94	28	46	35	60	51	70	34	59
TLD	76.0	62.0	1	1
71	73	82	60	83	78	74	47	86	68	65	48
VVR	39.0	33.0	18	1
61	21	22	33	40	25	26	52	66	19	20	35	51	57	30	26
FEY	70.0	100.0	9	1
63	107	58	110	89	98	67	82	84	104	59	101
CYH	21.0	68.0	19	1
7	60	12	59	12	82	40	84	-1	62	45	60	35	73
CJJ	69.0	16.0	9	1
59	1	57	2	73	30	59	29	85	33	84	3
EHS	55.0	20.0	1	1
63	34	55	15	69	13	30	24	55	24	61	15
LFH	36.0	54.0	25	1
41	69	13	63	61	51	31	41	43	51	30	49
QQT	26.0	5.0	14	1
55	-3	11	-6	16	18	28	13	19	5	24	14	31	-1
ESB	55.0	16.0	20	1
47	1	44	10	48	34	84	22
WBD	60.0	58.0	20	1
54	64	48	60	53	58	74	46	74	64
BRI	24.0	76.0	10	1
17	47	48	75	29	86	9	68	8	90	37	90
OIU	49.0	83.0	4	1
56	74	56	81	55	87	31	93
HLU	25.0	85.0	7	1
5	107	18	69	38	68	28	104	37	77
XZA	43.0	35.0	16	1
64	52	39	39	63	24	28	45	23	18
ALC	3.0	83.0	8	1
-14	90	12	55	-10	88	18	91	10	93
GVN	89.0	39.0	9	1
107	57	88	26	65	34	96	31	90	51
YIT	56.0	6.0	23	1
76	14	73	-5	28	-4	50	19
TAB	84.0	85.0	9	1
74	65	99	69	86	104	79	78	87	97	89	94	69	98	91	82
XLK	83.0	58.0	18	1
98	55	92	63	97	56	70	60	85	69	64	51	80	56
JUM	74.0	46.0	1	1
65	67	65	38	84	55	78	40	82	32	94	64	54	28
