FYL	80.0	34.0	14	1
90	43	69	40	91	37	52	42	92	25	88	18
VQM	33.0	16.0	17	1
41	28	14	14	55	1	25	22
HFK	52.0	-5.0	20	1
61	-4	42	19	49	-21	56	-10	52	-11	64	12	43	-20
BAV	75.0	41.0	8	1
65	48	81	33	76	44	81	42
FAX	89.0	88.0	15	1
105	105	64	88	95	64	78	92	94	97	102	82
KGF	14.0	26.0	4	1
29	9	0	6	17	10	22	28	10	52	11	51
AGW	40.0	40.0	18	1
43	48	52	33	24	22	44	60
GVK	33.0	6.0	8	1
39	26	29	8	23	7	50	5	32	-14	41	16	29	-10	25	16
NFS	71.0	49.0	8	1
73	44	76	32	75	31	61	61	74	77
WZZ	15.0	76.0	12	1
27	56	22	91	32	55	6	87	-1	79	29	88	-8	78
XQB	67.0	76.0	9	1
78	74	89	77	46	96	64	78	58	54	78	65	56	93
AIH	12.0	22.0	11	1
27	11	-16	39	15	36	-9	15	14	18	29	9	25	29
CMS	88.0	54.0	16	1
73	49	109	65	62	71	90	66	106	33	89	41
OYV	23.0	10.0	24	1
20	33	31	-3	-7	15	34	4	38	5
EIZ	60.0	88.0	7	1
68	60	70	86	80	106	43	105	52	67	49	105
QWI	9.0	41.0	15	1
2	60	-4	47	23	40	-12	22	24	43	20	34	10	47
GXY	28.0	9.0	1	1
19	12	25	20	17	-3	35	28	29	1	34	1	16	3	54	11
OBU	98.0	16.0	12	1
94	27	108	19	113	16	96	-11	113	28	66	35	98	4
ZEJ	11.0	-2.0	25	1
-10	-8	4	-5	24	0	18	-14	27	-10	13	-9	25	15	-8	12
OKO	33.0	9.0	0	1
40	15	31	15	19	-11	26	-3	49	26	37	12
YGT	65.0	40.0	11	1
57	23	73	34	58	51	94	19	52	44	59	63	67	51
