GVI	78.0	46.0	16	1
90	47	73	37	71	53	79	49
ZEJ	56.0	23.0	10	1
61	6	46	40	60	8	68	23	46	41
NXP	76.0	27.0	8	1
75	23	72	46	90	21	71	9	75	37
VZO	10.0	74.0	1	1
0	66	27	62	18	71	11	81	3	75	24	97	-11	70
OHL	29.0	77.0	9	1
43	102	16	62	11	95	36	78	44	64	27	65
MVG	21.0	96.0	10	1
39	79	14	111	4	100	42	115	10	79
SEU	35.0	75.0	9	1
29	91	34	74	24	90	55	58	37	64
YWM	10.0	19.0	11	1
20	5	17	12	24	9	-15	22	9	31	27	31	-8	37	12	10
OSN	21.0	96.0	11	1
35	99	13	106	14	98	35	85	8	81	22	107
JKV	88.0	47.0	23	1
89	60	78	35	114	52	93	35	85	67	71	36
YVB	70.0	27.0	7	1
80	29	64	30	60	21	89	9	60	48
FKO	76.0	25.0	23	1
59	15	83	25	93	32	72	28
ACL	-1.0	63.0	25	1
8	56	-13	78	-14	81	0	62	13	53	-2	49
XGJ	74.0	111.0	21	1
87	114	56	117	69	117	71	120	94	100	69	98
LUL	21.0	42.0	8	1
33	49	28	44	9	54	14	26	25	39
GFY	37.0	98.0	9	1
61	91	26	82	38	102	28	120	37	86	46	110	24	109	43	86
ZRZ	38.0	24.0	15	1
35	33	39	21	60	37	21	21	63	28	28	31	22	2
DAA	29.0	34.0	1	1
30	24	54	43	10	46	18	29	29	15	38	23	45	41	8	54
AVM	27.0	25.0	16	1
19	16	26	18	44	18	32	58	14	31	28	14
ADQ	86.0	99.0	6	1
77	103	100	113	83	74	74	107	98	102
ZXM	59.0	60.0	14	1
81	76	64	41	48	65	74	48	61	72	63	76	44	61	44	47
AAT	71.0	97.0	13	1
61	103	56	83	79	98	67	87	85	114	72	97	80	99
LZW	41.0	18.0	12	1
44	-1	37	35	44	20	41	4	45	40	49	3	28	30
KJE	70.0	85.0	1	1
53	78	90	93	54	94	87	86	74	79	52	89	86	78
