RXA	33.0	61.0	6	1
20	76	42	77	51	52	22	40
WXK	45.0	65.0	4	1
50	67	39	73	43	42	68	69	45	64	36	57	37	85
PIG	74.0	63.0	5	1
87	70	62	80	79	67	64	72	87	57	57	43	87	52
GGV	34.0	5.0	4	1
48	23	46	13	33	5	35	-15	12	0
OMP	88.0	25.0	6	1
103	22	61	12	72	18	104	35	104	10	81	42	96	36
PFY	16.0	61.0	9	1
-3	81	37	49	31	58	38	58	5	78	11	68	-5	41
LIW	43.0	8.0	1	1
39	19	45	13	52	-2	66	-8	19	5	21	6	65	34	44	2
HTO	82.0	23.0	6	1
87	16	68	1	89	2	93	40	63	48	93	36
OQP	14.0	78.0	4	1
2	79	2	83	26	61	23	97	19	73
UGW	21.0	57.0	7	1
31	67	12	72	34	67	4	41	42	54	3	45
OSO	74.0	68.0	3	1
83	53	88	69	65	95	62	55
PKM	67.0	3.0	8	1
50	18	58	2	53	-8	85	10	89	-10	87	18	53	-6
EVH	65.0	52.0	1	1
76	63	80	54	62	35	52	44	62	51	47	79	76	40
LKK	6.0	3.0	6	1
25	3	-5	-5	-16	4	2	0	21	-1	11	22
CCX	54.0	24.0	1	1
46	5	63	-1	61	47	62	2	62	29	62	27	31	41	47	44
MLI	61.0	38.0	5	1
75	32	47	51	65	25	76	48	45	38	63	39
LZB	15.0	86.0	8	1
0	67	11	93	12	105	30	82	11	97	22	88	19	80	19	77
HEU	26.0	48.0	10	1
27	55	16	62	13	23	35	36	40	66
MBZ	36.0	83.0	2	1
60	108	47	75	26	74	30	70	14	76	44	96
VGB	100.0	61.0	0	1
102	60	101	59	108	47	91	80
QSN	12.0	15.0	0	1
9	34	19	14	4	-6	-10	18	19	21	33	24	12	4
NZY	65.0	77.0	1	1
70	76	59	78	49	64	58	64	84	89	83	76	52	96
WPI	13.0	90.0	4	1
9	101	22	98	3	62	32	90	3	101
DRE	95.0	-5.0	6	1
84	-3	107	-7	110	-7	94	-11	80	-1
MGC	81.0	95.0	5	1
88	95	78	109	79	95	73	83	88	104	80	87
FCE	50.0	4.0	9	1
63	7	37	-10	54	18	34	7	59	20	53	-14
WMY	44.0	85.0	6	1
62	103	57	63	59	99	24	101	36	94	21	62	35	55	65	103
VCX	77.0	55.0	5	1
67	53	102	47	71	49	86	56	82	73	73	45	63	68
IFM	103.0	27.0	9	1
104	43	101	9	118	38	100	45	110	29	105	17	89	8
EJG	53.0	69.0	3	1
71	90	45	49	32	78	44	49	59	79	67	72
NVW	63.0	34.0	1	1
80	56	43	54	60	15	59	15	70	22	39	29	75	43	83	44
CEN	-2.0	28.0	7	1
-8	32	5	36	-11	23	-5	3	5	47
