RTC	44.0	73.0	6	1
31	74	30	67	54	72	40	82	57	82	54	62	60	74	26	75
EGC	-5.0	20.0	2	1
8	28	-5	6	-16	9	-15	49	-1	12
AJX	90.0	-16.0	2	1
96	-13	101	-20	79	-24	96	-4	82	-23
AYO	99.0	20.0	8	1
86	36	97	11	107	29	112	29	81	13	97	11	113	13
DRX	68.0	22.0	9	1
77	33	51	0	88	43	54	34	51	0	87	28	73	19
DGY	22.0	39.0	2	1
35	41	12	52	9	49	33	17
IIA	60.0	35.0	10	1
47	13	81	50	65	43	34	53	62	39	72	16
JHM	59.0	6.0	8	1
51	36	83	-9	65	9	37	-12
BAO	81.0	29.0	0	1
100	43	80	17	68	23	98	38	77	25	93	31	62	44	70	12
RFO	81.0	81.0	3	1
86	72	57	65	86	93	80	73	96	102
SQZ	90.0	66.0	1	1
99	71	76	57	95	70	77	78	104	58
AIT	24.0	62.0	6	1
31	58	1	64	38	76	27	53
SYL	26.0	20.0	2	1
35	30	15	32	31	-8	25	28
HRZ	14.0	54.0	8	1
33	65	10	56	-6	34	14	60	-1	57	26	41	28	69
GDO	96.0	56.0	3	1
103	81	97	43	86	55	105	51	89	50
IWE	67.0	47.0	4	1
74	54	43	58	88	42	65	36
KVE	59.0	22.0	4	1
78	35	54	21	54	24	49	20	66	25	57	12
ATT	65.0	28.0	4	1
65	51	78	37	55	21	65	25	88	22	62	35	59	16	49	18
RHP	109.0	94.0	5	1
118	99	108	75	121	94	90	108
FSV	56.0	74.0	5	1
73	69	42	80	43	73	66	77
OAN	11.0	87.0	1	1
17	94	-4	109	32	77	-4	86	3	72	0	77	35	95
MDF	65.0	44.0	2	1
59	46	64	31	90	46	56	65	56	32
ZNA	81.0	62.0	3	1
91	70	81	61	68	63	81	51	86	63	84	67
ARG	-1.0	91.0	7	1
-12	72	-16	95	1	79	19	97	7	85	-17	87	-16	102	22	115
KWN	68.0	97.0	5	1
82	72	87	87	48	105	84	103	46	103	83	113	47	99
KHR	62.0	72.0	4	1
73	92	67	92	59	94	66	59	62	51	40	71	67	51
IAN	5.0	87.0	9	1
-14	95	24	75	7	100	12	99	0	68	4	87
ALT	89.0	63.0	1	1
91	45	80	47	93	82	105	68	77	75
TWC	22.0	84.0	7	1
20	80	46	102	17	75	9	82	18	85
EUW	66.0	85.0	5	1
52	90	79	70	67	72	61	101	70	92	67	87
AOT	22.0	20.0	2	1
13	29	41	31	41	-1	34	23	5	42	21	16	1	1
EFL	15.0	17.0	4	1
2	32	4	1	26	14	47	21	9	7	7	32
PXZ	69.0	73.0	1	1
89	58	49	88	61	48	63	82	85	89
TEP	106.0	27.0	8	1
124	-2	84	34	122	24	117	20	114	42	79	45
IAC	36.0	21.0	4	1
30	-3	30	11	48	33	51	9	48	30	52	2	9	43	20	44
DIU	67.0	50.0	8	1
54	22	60	63	79	43	66	70	79	52
OXE	92.0	65.0	7	1
117	59	80	47	106	76	92	83	73	67	84	59
HMW	10.0	31.0	8	1
31	26	31	35	8	35	1	39	-10	18	0	37
IYH	63.0	14.0	7	1
65	23	53	25	52	-9	89	25	83	6	59	-2	61	19	48	32
TMF	66.0	57.0	7	1
77	46	51	76	45	44	76	53	75	53	63	77	78	56
DKG	69.0	14.0	4	1
63	26	70	32	53	0	80	1	53	30	72	9	97	2
QAB	61.0	77.0	0	1
75	95	80	56	85	89	40	59	60	91	55	93	41	66	57	70
QUJ	35.0	27.0	3	1
28	15	34	15	21	20	41	43	36	30	52	53	37	18
BXO	78.0	89.0	9	1
62	83	56	72	76	98	92	104	100	78	70	84	90	106
HPT	90.0	29.0	6	1
66	15	100	18	82	53	103	52	98	22	77	22	101	24	98	32
