LEI	68.0	55.0	7	1
81	64	67	34	75	44	60	62	49	63	76	67
LXO	9.0	38.0	23	1
23	48	15	34	-14	20	30	36	-10	25	10	66
XEB	49.0	16.0	2	1
46	16	59	22	64	14	34	16	42	19	52	14
MQK	15.0	100.0	17	1
20	100	23	79	14	113	5	111
UCX	54.0	66.0	9	1
65	90	50	79	44	64	54	57	64	54	52	53
TGT	97.0	96.0	24	1
84	104	103	71	93	114	111	95
NKA	82.0	81.0	18	1
98	90	79	75	91	65	76	68	68	97	87	91	83	77	81	89
UMF	91.0	90.0	19	1
99	104	97	67	77	103	91	87
FGS	71.0	34.0	19	1
60	43	61	28	61	17	76	48	58	28	91	53	93	26
FFA	40.0	24.0	4	1
35	14	38	35	50	25	26	27	51	21
XZQ	44.0	36.0	23	1
33	18	64	62	48	19	62	57	36	19	24	43
NIC	38.0	-4.0	7	1
42	-17	50	23	48	-18	15	-5
NYY	6.0	21.0	25	1
17	30	3	25	1	3	9	9	1	43	6	17
XPB	11.0	19.0	2	1
24	6	6	38	5	15	10	35	29	20	21	17	-11	-5	6	33
XFY	92.0	86.0	2	1
101	117	101	76	103	88	87	74	72	75
QTD	53.0	102.0	21	1
54	82	71	105	42	116	57	109	45	101
HSZ	0.0	10.0	22	1
0	25	11	4	-3	19	-15	-3	18	15	-12	17	7	-2
MIH	25.0	88.0	11	1
15	97	26	62	22	101	26	95	36	88
YKQ	64.0	12.0	10	1
47	-9	71	3	76	12	42	12	68	29	83	18	67	24
NLG	43.0	83.0	24	1
55	91	56	91	9	65	52	85
NVV	80.0	54.0	18	1
66	36	73	68	83	74	81	53	100	39
CRI	12.0	55.0	24	1
5	56	-1	47	5	51	39	51	12	56	12	69
PYH	55.0	65.0	12	1
75	84	70	87	54	62	45	42	48	43	41	61	54	79
VTM	51.0	31.0	1	1
58	26	52	28	46	21	51	42	42	29	58	44
HAF	-3.0	84.0	1	1
-25	79	-13	81	-6	77	-1	98	-2	100	15	83	12	90	-8	66
