SRS	91.0	95.0	5	1
89	74	74	118	84	117	101	84	95	99	111	98	88	77
OVH	14.0	41.0	7	1
17	43	9	32	4	24	18	53	21	54	17	60	18	27
SOO	91.0	23.0	6	1
68	7	72	12	94	24	98	46	105	33	111	19
CDI	9.0	93.0	5	1
35	79	9	113	-8	80	-2	87	-1	87	-3	102	34	109
TIW	18.0	50.0	2	1
-4	67	38	42	31	40	31	45	-6	57
TPF	7.0	47.0	8	1
24	35	27	54	10	61	-8	40	-1	61	5	53	-2	28
KJF	13.0	26.0	7	1
11	31	17	18	30	22	2	10	5	49
XCG	75.0	20.0	9	1
52	20	99	16	62	-4	56	28	91	29	93	31
HRX	0.0	67.0	7	1
-11	44	-12	72	19	65	0	81	3	76
ZZD	86.0	-5.0	6	1
70	-11	105	-21	95	-23	82	-4	84	15	96	-7	79	-2	78	11
PBA	62.0	52.0	10	1
76	61	52	62	58	29	64	57
RDT	22.0	37.0	10	1
29	5	35	35	9	35	35	44	6	49	11	48	29	45
EIF	70.0	18.0	9	1
80	28	76	27	85	0	44	42	52	6	85	8	63	17	75	20
FSD	38.0	26.0	5	1
51	32	43	42	32	4	46	40	28	18	29	28	35	20	42	25
SAK	58.0	91.0	2	1
84	81	57	100	42	81	67	109	79	81	36	103	41	84
RRZ	17.0	51.0	3	1
2	78	33	78	9	42	17	31	10	41	13	54	37	36
BYY	14.0	41.0	3	1
9	35	25	52	-3	46	21	32	10	43	33	28	6	55
BTC	46.0	66.0	1	1
37	77	62	73	35	54	34	63	62	66
OQK	40.0	61.0	2	1
29	63	33	67	56	51	44	70	49	44	31	75
ATZ	8.0	94.0	2	1
8	82	14	100	31	116	-11	88	-13	78	11	105	18	90
KRI	28.0	21.0	0	1
21	40	12	10	42	18	35	4	18	26	11	36	49	37	41	0
PSX	27.0	66.0	1	1
30	65	34	61	22	81	25	60
HEN	86.0	67.0	9	1
98	59	84	57	106	77	105	84	87	52	66	62	67	59	77	88
RLJ	85.0	43.0	5	1
106	48	73	48	67	28	97	48
PCF	43.0	92.0	2	1
43	96	44	109	64	78	17	82	55	113	61	103	17	66
SLM	45.0	102.0	4	1
45	122	52	118	40	87	55	97	34	120	42	94	47	82
YYV	97.0	45.0	0	1
101	32	76	38	104	41	95	72	112	38	94	52
TXO	77.0	28.0	1	1
74	18	86	17	80	40	93	36	65	7	66	43	76	38
JRG	70.0	20.0	7	1
81	35	59	0	52	12	88	34
KIG	18.0	93.0	7	1
37	109	7	89	13	101	15	76
GES	71.0	71.0	3	1
69	79	84	59	62	59	76	97	67	79	73	53
TOG	14.0	76.0	10	1
42	93	33	60	7	96	14	50	6	53	3	79	1	85	11	92
HFW	72.0	71.0	8	1
83	60	63	91	76	52	81	58	80	91	56	80	65	66
BPR	33.0	2.0	2	1
26	23	43	-3	44	-2	28	-1	27	-5
EZQ	1.0	95.0	10	1
-15	109	27	75	-14	115	20	82	-9	97
HXG	46.0	96.0	1	1
43	91	36	106	62	107	41	84	39	97	73	113	29	74
TLY	50.0	17.0	9	1
28	14	73	9	72	2	45	10	38	29	38	10	49	49	64	14
XXV	81.0	45.0	2	1
80	31	72	58	88	27	79	51	89	62
HLJ	98.0	79.0	1	1
96	76	78	74	100	84	119	82
HGT	99.0	92.0	8	1
101	86	91	108	111	88	93	100	114	69	85	108	98	85
SOY	80.0	23.0	3	1
76	33	87	17	82	2	94	38	56	24	71	39	94	11
FBA	96.0	70.0	3	1
119	60	79	60	108	83	112	76	78	79	88	55	100	74	89	75
