MIQ	70.0	103.0	9	1
72	95	84	100	86	106	52	119	81	101	81	100	55	98	56	110
VRN	75.0	85.0	7	1
82	66	76	103	52	93	92	80
UWN	14.0	70.0	7	1
3	48	15	84	22	78	17	54	3	70	25	87
JHE	54.0	97.0	8	1
46	71	41	103	57	102	77	103	51	109
JIO	32.0	34.0	7	1
21	51	33	40	43	24	34	35	30	20
XMQ	69.0	15.0	0	1
85	20	64	7	77	10	68	27	55	7	69	20
QTB	28.0	69.0	3	1
39	51	26	88	19	78	13	81	30	55	49	86	21	48
DBN	14.0	95.0	10	1
19	83	8	108	0	74	10	98	36	112
OIV	44.0	78.0	5	1
48	86	43	78	53	90	29	82	49	57
RIB	80.0	41.0	5	1
76	66	104	23	76	44	65	33	79	30	72	27	87	63	86	45
OPQ	23.0	80.0	8	1
9	74	15	62	22	81	27	77	40	91	24	70	25	105
FWJ	44.0	93.0	4	1
56	91	48	79	52	84	13	104	36	86	56	97	44	97	49	108
ANQ	81.0	0.0	9	1
95	0	68	-9	96	-5	83	28	62	-17	75	-5	90	3
CZT	95.0	46.0	8	1
91	32	83	29	96	53	114	53	94	65
DUM	61.0	61.0	2	1
46	71	58	54	59	65	44	66	85	41	58	63	78	68
SGO	-3.0	45.0	2	1
-1	36	-13	47	1	27	-2	68	-5	36	2	57
MGO	12.0	56.0	7	1
-3	74	2	73	31	44	-3	73	23	50	-5	78	30	30	26	31
NVK	54.0	31.0	10	1
60	58	52	25	40	43	61	26	59	21	53	15
PXC	94.0	70.0	1	1
74	74	91	82	95	71	81	58	111	75	113	59	98	71
LBR	11.0	73.0	4	1
29	74	-2	75	-2	89	7	82	33	82	12	61	4	49	11	74
VXT	78.0	4.0	8	1
83	14	100	21	60	-7	81	-1	68	-3	57	7	98	-3
ALE	91.0	60.0	3	1
105	77	83	80	75	41	100	45	95	60
AAA	47.0	40.0	3	1
58	30	48	23	25	32	54	32	66	36	35	59	40	68	52	42
YQN	6.0	96.0	2	1
-17	73	19	115	18	117	14	81	7	84	-1	109
QBB	71.0	84.0	7	1
61	60	73	86	76	99	74	97	71	80
VYZ	36.0	91.0	1	1
19	96	24	107	34	109	38	70	51	103	54	64
UXH	45.0	-2.0	1	1
58	-3	61	25	30	-13	22	-5	69	-7	52	-18	22	20	47	-18
TRT	63.0	22.0	3	1
47	35	72	27	78	21	57	7
YLE	50.0	99.0	2	1
26	99	45	99	65	115	50	70	62	109	59	111	36	100	58	90
FBA	62.0	38.0	5	1
50	32	48	44	76	20	69	58	65	34	64	43
KXN	65.0	106.0	9	1
46	78	62	114	84	115	49	113	84	112
XAM	8.0	67.0	2	1
-1	61	14	64	-5	84	24	61
XKA	33.0	66.0	1	1
46	86	12	45	42	51	27	79	37	54	38	85
AIX	80.0	14.0	6	1
78	-8	54	34	84	-5	89	18	90	0	82	14	74	30	96	32
FFD	53.0	39.0	5	1
46	62	44	41	62	49	35	21	70	42	65	24
MZS	59.0	1.0	1	1
82	-8	60	5	40	-9	70	3	46	18
EOI	75.0	15.0	5	1
52	-4	80	11	89	16	51	21	88	32	91	15
UOR	3.0	30.0	6	1
-4	20	-2	48	13	32	23	27	6	31	-13	26	1	27
SNI	49.0	36.0	0	1
41	22	45	32	41	19	63	41	55	45	61	59	38	38
HMJ	102.0	45.0	5	1
83	55	122	60	115	49	105	66	93	41	93	25	119	36	87	29
BYU	76.0	1.0	9	1
91	3	73	16	70	15	69	-11	95	-22	63	9
