BLS	67.0	69.0	14	1
68	70	60	74	58	80	77	64	82	70	57	58
YWH	54.0	63.0	1	1
49	89	63	45	77	48	49	83	34	51
XFG	78.0	6.0	8	1
87	-9	89	18	57	18	88	-8	69	14
HEV	13.0	73.0	19	1
11	67	18	91	21	81	11	66	6	64
KVG	18.0	79.0	8	1
2	105	10	81	47	79	16	85	13	62	22	63
DOT	0.0	31.0	9	1
-19	28	12	33	5	43	1	22
OKS	67.0	90.0	10	1
62	112	82	78	94	94	65	97	65	80	52	73	72	102	51	91
FHD	75.0	98.0	19	1
92	71	68	116	60	117	92	100	74	109	66	80
QFY	10.0	38.0	1	1
22	49	12	18	31	46	-13	29	16	51	-6	27	12	52
YDR	39.0	32.0	3	1
26	49	49	47	22	26	57	27	41	13
UHO	61.0	9.0	7	1
51	8	66	34	57	-7	72	4
WWL	94.0	62.0	22	1
104	42	102	64	80	81	93	63
GUX	27.0	14.0	8	1
32	22	46	18	18	0	15	19
FXI	59.0	38.0	5	1
55	39	76	49	57	64	61	23	45	42	45	34	78	20
ZDV	101.0	41.0	24	1
104	60	111	52	79	30	110	25
PRI	4.0	9.0	17	1
-9	16	7	-7	17	-4	-15	-10	20	37	8	24
TVP	26.0	47.0	0	1
7	34	45	37	18	53	52	73	15	28	25	57	25	52
MBX	70.0	1.0	7	1
74	22	45	-12	65	-5	84	-22	48	-20	86	23	92	21
PVZ	49.0	30.0	1	1
56	26	29	40	48	23	57	18	55	34	53	44
XFT	39.0	42.0	8	1
26	41	49	51	28	23	34	64	42	41	33	42	64	34
HII	60.0	71.0	22	1
53	80	34	77	74	69	76	87	61	50	63	66
GIL	72.0	36.0	1	1
89	26	49	23	89	32	47	58	83	19	80	58
WMS	65.0	49.0	12	1
57	34	62	59	49	46	79	51	78	56
VJL	46.0	30.0	16	1
58	34	57	44	41	46	36	19	42	8
DLO	94.0	53.0	13	1
89	53	112	37	109	74	88	41	107	41	69	64	87	62
NVY	83.0	6.0	3	1
90	1	91	-10	90	16	64	19
KNP	9.0	69.0	11	1
6	56	30	68	10	74	-10	78
UNZ	2.0	32.0	19	1
19	49	9	31	0	18	-12	23	0	26	-11	42	14	35
VTB	80.0	68.0	10	1
95	59	68	94	88	64	61	63	77	60	99	59	73	79
AUF	22.0	97.0	2	1
25	116	11	82	26	83	27	93	24	111
GKP	89.0	65.0	22	1
86	56	63	58	102	47	93	84	102	80
HLX	76.0	49.0	0	1
77	45	92	42	77	52	57	55	79	52
FPO	48.0	78.0	18	1
32	95	52	60	56	73	57	66	43	98
RMC	40.0	31.0	19	1
59	43	48	17	18	12	37	52
YVT	75.0	96.0	3	1
48	105	84	79	89	81	65	101	89	116
RAK	71.0	89.0	2	1
90	84	83	87	53	94	89	80	59	85	56	92	67	107
JTO	94.0	68.0	8	1
96	67	84	69	104	63	87	78	100	67
XQD	21.0	74.0	20	1
52	67	19	64	14	83	13	61	15	71	21	92	13	85
RWB	46.0	41.0	5	1
74	35	34	50	32	62	66	22	28	38
BEU	13.0	28.0	6	1
19	11	36	37	1	21	-2	22	15	52
MOO	85.0	90.0	11	1
86	96	77	73	107	90	78	95	80	97
UWD	19.0	9.0	14	1
28	-6	4	28	10	10	35	-14	26	27	13	9
JND	60.0	16.0	23	1
61	-1	58	34	56	26	66	19	61	4
SDG	51.0	103.0	13	1
73	110	67	107	35	98	37	95	47	106
PWT	84.0	15.0	4	1
105	11	88	-4	73	37	87	3	84	21	71	23
VQP	12.0	62.0	1	1
1	70	-3	67	26	73	4	45	35	58
