OVC	6.0	34.0	3	1
-5	49	1	15	0	51	5	28	31	48	8	14
EUW	77.0	71.0	10	1
83	83	86	73	74	72	67	57
ETG	44.0	11.0	6	1
72	29	38	18	29	-16	39	14
UVG	64.0	94.0	9	1
77	107	82	78	54	109	54	72	53	105
VHD	76.0	93.0	1	1
74	91	77	105	86	91	82	107	63	73
VPV	83.0	109.0	9	1
99	97	83	114	85	116	76	103	75	116
PEV	33.0	6.0	2	1
46	27	13	-11	48	30	34	-9	34	17	35	-6	22	-1
NUI	25.0	73.0	2	1
26	95	36	90	13	59	27	49
KYN	54.0	96.0	6	1
48	109	44	106	73	91	51	78
CCM	25.0	35.0	2	1
27	55	5	50	28	21	40	17
GQD	68.0	56.0	7	1
86	71	43	51	66	47	83	56	64	57
TTD	98.0	50.0	10	1
98	42	106	60	109	49	79	49
VUI	56.0	75.0	8	1
66	73	39	93	44	61	74	69	61	80
JHY	23.0	23.0	8	1
14	30	9	26	41	38	12	4	43	18
ZFS	96.0	33.0	8	1
90	49	73	25	100	45	115	26	82	25	117	31
ZBU	37.0	46.0	8	1
38	47	44	45	37	49	32	43
JQT	41.0	65.0	3	1
44	51	37	51	22	79	66	87	35	62	20	51	52	69	57	73
BQD	29.0	22.0	5	1
36	14	5	21	48	17	3	4	43	26	18	18	50	41	29	42
DNZ	88.0	58.0	7	1
103	59	86	43	81	70	73	63	87	56	77	79	98	33	106	62
HXR	52.0	29.0	4	1
48	21	60	38	49	17	55	44	48	25
TPF	84.0	47.0	6	1
66	60	101	36	91	44	88	61	63	25	97	57
RSX	68.0	75.0	1	1
59	73	73	69	70	88	86	48	56	92	69	82
FVU	36.0	50.0	5	1
33	41	33	54	42	37	41	65	31	54
DAZ	75.0	26.0	2	1
93	24	65	14	92	21	68	35	58	37
FZI	59.0	80.0	6	1
37	79	55	101	53	90	79	67	74	67
PPD	3.0	60.0	6	1
-13	60	9	80	12	80	-2	40	9	47	8	54
BHF	-4.0	7.0	9	1
-19	8	9	23	-12	-9	21	-1	-18	27	-5	-3
GUB	69.0	69.0	4	1
97	56	49	55	69	79	54	67	78	72	53	73	85	81
RIS	65.0	39.0	2	1
61	35	58	36	91	50	51	35
RMJ	65.0	40.0	4	1
43	54	69	20	76	41	68	59	69	28
FFG	8.0	38.0	5	1
13	57	-13	41	-3	35	25	39	18	21
ZIG	55.0	24.0	7	1
57	9	53	43	68	14	51	23	37	42	49	34	75	7
AXO	42.0	70.0	6	1
24	55	64	78	61	86	31	76	30	59
WKA	5.0	86.0	5	1
12	88	-11	76	-5	79	-1	91	-5	64	8	99	35	104	8	89
RNR	48.0	8.0	5	1
34	13	46	26	44	-10	35	-8	76	1	37	22	47	11	72	14
YME	11.0	56.0	5	1
8	52	5	32	26	66	12	57	8	74
CMR	25.0	25.0	7	1
30	24	18	33	28	15	40	18	10	35
XVA	92.0	93.0	3	1
97	84	85	93	76	108	86	73	83	88	92	109	119	101	105	90
EXC	8.0	55.0	9	1
27	62	4	42	-3	43	19	62	7	58	-6	68
WZC	73.0	53.0	9	1
64	56	78	43	75	59	77	57
MJZ	33.0	57.0	1	1
22	62	23	82	61	58	22	70	40	37	30	36
MPR	16.0	83.0	2	1
35	93	4	58	35	101	1	97	15	61	9	92
OKU	84.0	3.0	3	1
85	-11	85	6	73	6	83	7	95	11
CPQ	86.0	12.0	6	1
80	20	97	15	67	13	95	20	88	-14	109	-1	71	31
NPR	25.0	50.0	3	1
16	59	13	53	44	52	23	28	33	61
WIR	89.0	93.0	7	1
107	108	95	81	77	86	91	95	76	99
KHV	91.0	50.0	7	1
76	38	114	64	76	37	98	47	94	65
FTO	11.0	60.0	1	1
4	72	9	65	20	61	12	59	24	61	-2	66	12	39
CXM	84.0	47.0	7	1
85	49	68	47	85	57	100	38
QOW	44.0	74.0	7	1
50	88	32	61	59	83	35	90	49	72	40	52
