QIQ	39.0	80.0	20	1
61	90	31	64	32	88	33	79
MYK	-4.0	75.0	15	1
25	69	-17	57	-12	71	-15	87	-1	91
WAC	72.0	31.0	25	1
62	23	80	39	66	22	91	59	64	29	48	25	82	39	87	19
SZC	25.0	21.0	4	1
41	34	25	34	17	15	29	24	15	1
POY	92.0	83.0	22	1
102	100	100	63	83	85	86	87	97	75	81	101	99	71
XYF	92.0	24.0	1	1
92	18	100	21	99	16	102	20	74	35	73	27	90	29	113	27
HKI	9.0	59.0	2	1
17	77	-6	71	-4	43	9	58	34	46	9	63
ZZS	13.0	84.0	13	1
29	101	0	92	23	69	3	100	12	79	12	76	17	73
ADK	12.0	3.0	25	1
32	23	15	14	6	-13	-7	-3	17	-4
TST	39.0	54.0	17	1
34	64	20	55	60	65	64	24	19	63
DAG	94.0	7.0	20	1
117	29	76	19	90	3	89	4	83	-4	88	0	104	3	110	5
OIJ	42.0	50.0	24	1
33	71	67	45	46	31	59	45	30	63	29	48	31	52
UQH	11.0	35.0	2	1
13	29	7	52	23	19	2	43
VHG	79.0	24.0	2	1
57	22	102	24	88	9	62	34	95	36	70	22
FOY	43.0	40.0	2	1
52	29	53	44	55	22	31	63	51	47	19	36
HHV	44.0	58.0	2	1
36	40	54	72	29	53	53	46	55	45	41	81	42	69
NCR	69.0	6.0	20	1
80	7	56	13	56	-1	83	17	70	-6
ECV	88.0	76.0	17	1
61	80	79	71	87	65	110	82	109	72	86	87
WXS	19.0	15.0	18	1
29	21	-4	21	-3	0	22	33	28	18	40	10	21	2
KPI	93.0	42.0	25	1
95	38	85	56	93	54	89	43	86	47	114	19
WII	66.0	28.0	2	1
41	20	87	20	60	31	85	37	78	31	45	34
GJH	27.0	35.0	12	1
34	57	20	14	43	37	14	22	41	39	16	38	13	55	40	18
FDX	3.0	-2.0	8	1
13	-5	-18	2	-10	-10	19	11	-7	-1	18	-12	10	-3	6	2
BDR	79.0	27.0	13	1
68	22	65	9	70	13	93	29	76	45	104	47
AXR	3.0	45.0	14	1
13	49	-10	58	18	73	13	34	-9	30	-4	33	1	44
YLH	41.0	52.0	19	1
29	62	44	60	50	58	31	32	40	55	51	28	44	70
ZWJ	83.0	92.0	19	1
93	75	75	113	99	91	108	110	84	101	69	74	73	95	65	80
