GPF	94.0	34.0	1	1
89	26	94	49	106	30	111	38	90	30	77	33
RFH	80.0	50.0	3	1
71	51	96	50	93	74	61	29	85	46	78	54
IXC	81.0	94.0	2	1
98	88	74	101	100	81	77	78	65	112	77	90	78	112
QDY	86.0	79.0	9	1
74	76	87	66	105	74	96	96	74	82	83	82
HID	76.0	91.0	8	1
78	79	74	101	78	83	84	110	70	100	77	74
KIE	44.0	24.0	10	1
55	35	36	19	22	34	43	22	67	12
UUH	29.0	81.0	10	1
27	76	14	67	19	62	36	72	52	93	27	88	38	97	26	97
FWH	18.0	25.0	5	1
17	34	15	16	13	27	28	26
CBF	17.0	17.0	1	1
-1	8	32	20	27	21	20	18	28	5	-9	24	28	26
PYO	69.0	91.0	1	1
44	115	45	75	73	79	89	77	79	118	76	100	78	74
KUN	65.0	78.0	9	1
91	94	60	55	69	86	62	99	46	60
XQU	62.0	45.0	4	1
53	34	63	25	83	60	56	54	41	55	76	45
ZVV	85.0	87.0	7	1
66	67	95	72	90	84	99	99	68	110	96	80	77	78	93	111
HCY	83.0	10.0	2	1
86	7	91	17	70	17	96	25	61	8	86	7	93	-11
IGU	74.0	43.0	9	1
64	47	77	28	63	55	73	38	93	49
ADX	35.0	40.0	4	1
56	52	31	53	17	55	23	32	27	38	59	15
STE	60.0	90.0	7	1
72	72	77	70	62	101	32	117
VOY	6.0	58.0	7	1
-21	68	11	52	18	64	-1	58	11	66	21	42
SXB	12.0	25.0	4	1
-8	11	30	8	0	42	11	20	30	46
TCX	86.0	42.0	7	1
82	53	95	24	97	51	71	42
ZKS	52.0	85.0	3	1
56	65	58	84	59	112	37	80
RCL	96.0	74.0	2	1
107	47	67	90	114	81	109	69	78	67	101	84	101	85
EXA	20.0	62.0	6	1
26	43	38	59	-4	77	41	63	41	63	11	74	13	65	-1	55
MHN	68.0	18.0	9	1
85	22	62	19	63	11	71	23	53	16	78	21
WUK	76.0	54.0	3	1
64	40	81	47	79	75	80	42	78	67
AKB	0.0	10.0	1	1
-8	13	-5	18	0	22	3	-1	10	1
ZRY	37.0	81.0	2	1
51	86	59	96	52	96	23	91	22	58	19	64
GTM	12.0	6.0	3	1
-8	-6	23	-10	34	13	-9	-5	-12	26	17	10	22	26	29	-6
EDU	99.0	31.0	8	1
92	38	101	15	97	31	114	39	85	44	107	21
JHD	9.0	34.0	7	1
24	63	30	30	-8	19	-9	25
KOO	67.0	66.0	8	1
77	55	64	76	79	79	51	57
KSM	73.0	84.0	10	1
75	63	81	102	46	91	59	90	90	98	90	64
TJP	65.0	18.0	3	1
60	16	58	2	70	21	73	33
FEL	100.0	55.0	8	1
72	64	118	70	114	51	71	49	109	35	110	69	106	53
LKA	56.0	47.0	6	1
54	49	49	38	47	60	47	34	83	58
LRA	39.0	87.0	3	1
25	85	33	70	51	90	49	103	30	107	26	90	60	64
DHA	21.0	21.0	4	1
1	31	25	17	19	13	27	21	37	24
DZG	48.0	66.0	4	1
49	61	60	40	33	81	31	80	67	68
MMK	5.0	33.0	3	1
25	37	-20	37	-14	23	24	30	14	42
SSW	74.0	80.0	1	1
48	79	56	69	74	57	91	96	85	88	75	87	92	90
DPF	17.0	73.0	10	1
39	75	34	75	15	77	23	67	1	63	7	77	6	83
DPR	12.0	92.0	8	1
35	113	-8	97	32	82	10	76	15	88	-8	101
ZMQ	38.0	-3.0	7	1
17	-11	29	-10	57	-17	30	-1	58	21	56	0	19	-8
SVH	76.0	9.0	8	1
89	36	63	-10	97	9	80	-1	81	18	69	-10	58	25
