FAJ	62.0	35.0	1	1
48	38	54	23	78	39	75	34	59	44
EMD	31.0	14.0	8	1
37	3	33	21	38	5	50	12	33	-3	15	28	13	36
FEU	13.0	47.0	6	1
21	42	10	38	20	54	2	55
CYB	34.0	92.0	2	1
18	107	34	78	38	71	23	82	39	110	53	106
QTA	41.0	91.0	4	1
17	87	52	96	57	102	58	97	29	84	37	109	40	67
TCF	22.0	88.0	3	1
44	105	24	89	10	97	5	84	9	64	34	100	17	87	35	84
HEW	49.0	58.0	3	1
53	71	71	66	30	79	44	52	25	48	71	35
SGV	89.0	50.0	5	1
96	37	98	57	90	64	79	63	85	30
VCJ	44.0	102.0	7	1
53	112	67	102	36	79	21	115
ICB	44.0	17.0	10	1
33	34	38	10	46	22	44	15	47	-8	62	32	44	18
