BOM	28.0	2.0	8	1
46	-6	11	20	17	12	22	-7	48	-9	16	5	38	3
FNF	69.0	16.0	10	1
61	-6	58	36	89	0	63	24	81	27	81	7	54	26
IBJ	80.0	69.0	6	1
65	54	63	85	99	83	77	58	101	55	56	66	81	60	101	96
SLT	23.0	44.0	0	1
13	41	8	63	16	71	38	28	46	29	21	37
FRF	40.0	56.0	4	1
30	61	48	44	33	57	36	68	53	61	43	46
ZXJ	93.0	61.0	3	1
104	47	114	51	91	68	93	71	82	71	87	64	80	60
VVN	111.0	65.0	0	1
122	62	99	81	108	51	112	70	113	56	112	72
IJR	57.0	95.0	3	1
80	89	54	108	41	90	75	88	57	108	41	104	55	84
IUN	31.0	85.0	9	1
28	88	42	80	33	96	22	79
UMB	60.0	84.0	1	1
76	61	72	90	45	83	49	104
TVU	63.0	7.0	5	1
78	-6	62	13	49	29	54	28	73	-8	65	9	66	-16
RGJ	2.0	100.0	2	1
24	89	-15	118	-17	96	3	80	17	117
PKQ	45.0	67.0	4	1
50	75	47	47	54	81	49	86	54	60	20	55
XGH	7.0	46.0	7	1
15	52	27	27	-16	44	-19	53	28	55
PWW	7.0	32.0	0	1
13	34	-16	23	14	7	5	28	-3	47	12	52	27	39	4	30
NEO	55.0	97.0	9	1
36	90	44	121	73	83	54	117	63	81	64	95
AWO	53.0	71.0	8	1
44	82	53	84	68	50	54	54	56	76	47	84
JDL	74.0	77.0	5	1
70	66	55	83	66	87	93	67	86	85
KJS	68.0	11.0	2	1
66	-5	87	32	73	28	66	-8	82	3	46	33	49	18	79	-9
SZS	4.0	27.0	3	1
5	40	21	16	-5	42	-5	11
KBD	81.0	97.0	5	1
64	107	60	99	96	101	60	100	96	86	90	101	101	86
PRB	92.0	94.0	9	1
101	77	113	91	77	100	80	111
JFZ	35.0	16.0	4	1
35	9	50	36	35	22	21	-2
GIO	70.0	75.0	4	1
61	66	71	75	74	62	69	88	75	85
UWZ	82.0	14.0	4	1
72	17	95	40	77	-1	65	-7	72	30	98	6	97	17
ZQY	62.0	47.0	1	1
70	41	61	63	48	63	78	52	64	40	78	65	53	30	48	28
DVS	34.0	36.0	7	1
21	46	42	38	33	24	38	39	43	29	27	40
UFQ	92.0	48.0	6	1
82	62	91	26	112	51	93	48	85	53
LPX	59.0	25.0	3	1
36	29	75	10	48	46	78	17	60	35	58	15
GQA	24.0	33.0	9	1
48	33	20	34	7	38	22	28
KOY	46.0	14.0	9	1
76	-1	34	42	34	8	39	-3	49	25
GNL	13.0	31.0	4	1
-1	8	28	46	-8	25	25	45	30	47	8	19
XUZ	6.0	79.0	7	1
7	75	4	61	-6	69	12	98	23	61	15	95	-8	99
FGX	5.0	57.0	6	1
5	64	18	67	-11	61	-10	54	25	42
LHX	2.0	61.0	0	1
-4	68	-5	79	5	43	14	54
TEJ	22.0	77.0	8	1
40	81	6	80	41	85	1	91	30	59	17	66
YTP	40.0	55.0	2	1
26	32	23	72	43	32	62	57	34	68	54	69
KTR	37.0	70.0	5	1
54	59	51	89	16	51	26	84	40	70
BDL	11.0	13.0	3	1
33	28	-5	23	18	-2	12	15	1	5
VZL	15.0	85.0	2	1
27	87	26	72	14	78	-6	104
IMO	38.0	-8.0	3	1
37	-5	22	-15	55	21	25	-22	55	-19
QRT	82.0	50.0	2	1
64	44	83	64	82	55	91	40	77	48	110	60	72	43
DAI	25.0	52.0	5	1
36	57	42	49	40	65	-5	49	9	43	34	57	25	44
ACN	58.0	69.0	2	1
57	87	71	60	34	66	72	83	58	52
WPY	28.0	62.0	5	1
46	42	25	80	32	79	11	48
LII	70.0	46.0	3	1
86	28	86	26	61	23	51	60	59	55	86	66	66	64
XTY	103.0	41.0	7	1
92	54	89	30	114	22	119	58
JXJ	0.0	56.0	5	1
-6	56	-3	67	7	32	-1	70
OYJ	27.0	17.0	10	1
16	16	16	25	37	19	51	-4	17	29
WFV	94.0	107.0	3	1
90	103	100	115	79	110	110	101
