FVE	92.0	43.0	1	1
108	48	75	30	77	66	101	32	95	38	83	30	102	50	95	55
MQM	29.0	54.0	9	1
10	38	25	69	35	42	42	52	27	60	42	83	8	52	44	40
PXD	81.0	50.0	1	1
78	52	81	38	96	57	83	70	92	34	60	50
HLH	2.0	43.0	5	1
7	35	-9	41	-3	55	-3	38	29	46	-8	52	2	40
KJI	14.0	60.0	2	1
9	54	20	58	-5	66	-6	70	32	56	34	57
UVN	95.0	101.0	3	1
120	121	115	120	95	86	104	111	81	76	76	118	75	79
VEX	83.0	97.0	5	1
80	99	88	113	85	114	73	80	83	82	102	101	82	105	74	88
MZM	37.0	38.0	2	1
20	19	29	55	52	39	45	31	56	25	20	60
SFQ	11.0	33.0	2	1
25	55	-6	26	-8	20	20	11	26	54
WZV	31.0	0.0	9	1
35	-16	45	7	15	11	24	17	45	-13	27	-4
WFN	69.0	12.0	6	1
70	21	54	23	64	7	89	10	54	-8	71	24	69	-4	86	28
AYS	17.0	23.0	10	1
35	-3	34	32	-8	34	34	28	38	36	-8	23	0	15
OWJ	68.0	37.0	5	1
79	29	56	47	77	27	62	45
KSB	67.0	99.0	10	1
51	119	72	116	66	96	64	80	85	87
NSQ	25.0	48.0	0	1
17	31	50	56	11	25	11	68	44	71	29	43	15	44
FDG	14.0	76.0	6	1
14	75	19	63	20	102	-15	61	10	94	20	70	33	72
MCH	76.0	76.0	6	1
94	81	67	83	82	56	66	61	76	77	76	86	74	91
NLE	87.0	59.0	3	1
87	55	69	69	96	65	70	73	67	38	112	42	111	73
CGX	36.0	39.0	3	1
30	40	55	34	36	54	21	41	42	28
YZD	22.0	19.0	3	1
17	28	19	20	38	13	22	24	16	14
MHX	28.0	15.0	4	1
42	4	13	41	36	3	4	15	48	14
WEG	77.0	77.0	8	1
63	67	76	64	72	85	86	82	86	70	82	92	75	82
ASO	69.0	64.0	1	1
76	53	73	50	70	96	81	65	44	58	59	62	81	68
GDF	49.0	66.0	5	1
44	50	66	66	46	67	61	53	20	85	61	77
CPC	71.0	80.0	2	1
58	96	72	79	52	90	87	90	95	66	62	59
GEE	9.0	17.0	6	1
30	22	26	0	14	17	-9	26	-15	24
EUE	3.0	0.0	0	1
4	2	-4	-6	13	7	1	-2
AUJ	71.0	-6.0	1	1
71	-13	57	1	66	-8	88	-4	57	-2	75	-18	89	2
IAO	16.0	84.0	6	1
-11	82	29	58	20	98	20	79	17	82	18	96	22	98
BHR	33.0	50.0	0	1
15	49	25	68	33	49	60	34	27	34	38	66
YIF	77.0	27.0	10	1
82	29	73	20	67	32	89	18	74	24	92	19	68	49
ITH	69.0	33.0	4	1
75	47	52	42	83	51	78	54	64	10	63	18	71	10
DPW	96.0	29.0	8	1
108	38	106	14	102	12	89	24	96	40	80	47
YJN	43.0	46.0	4	1
37	34	55	44	20	49	52	36	51	70
MFR	70.0	6.0	7	1
65	-2	51	-15	88	3	72	17	75	7	57	25	88	10
LCA	35.0	73.0	6	1
31	87	22	63	37	89	55	89	52	66	16	57	38	64
FRH	-1.0	9.0	8	1
31	16	-12	24	-9	16	-6	-11	-12	1
GRI	26.0	94.0	9	1
29	100	36	114	3	98	38	67
CZN	10.0	75.0	7	1
9	94	18	83	12	59	-1	85	12	52	16	84	16	77	4	73
NEA	22.0	10.0	8	1
31	-5	6	-2	42	28	8	1	25	24	34	4	13	28	17	9
XKI	48.0	-4.0	7	1
53	-18	47	3	29	2	53	-21	56	-2	51	8
KPS	65.0	39.0	0	1
70	50	56	44	78	14	78	51	49	38	55	53	72	29
XOP	12.0	85.0	1	1
21	72	8	86	5	111	16	71
PUK	31.0	86.0	10	1
19	101	35	81	34	77	36	101	50	76	16	82
EYM	55.0	43.0	2	1
66	34	34	43	44	43	76	54
ZLU	3.0	7.0	3	1
22	-21	1	26	12	17	-21	8	0	15	26	11	-18	-1
RRF	55.0	47.0	2	1
44	39	86	59	56	33	40	65	58	50	50	39
