LUO	87.0	49.0	16	1
77	50	86	49	80	38	94	48	93	48	98	46	86	70
FMI	5.0	29.0	12	1
-16	21	17	25	21	28	-2	45
HOT	90.0	44.0	13	1
108	53	103	15	94	46	70	48	88	53	79	51
MNA	30.0	12.0	14	1
4	-3	22	29	46	16	38	-15	45	14	17	22	43	23
DMR	15.0	87.0	9	1
10	94	37	85	-4	79	-3	66	37	111
DED	7.0	77.0	22	1
16	88	-13	66	1	98	-10	86	25	66	13	80	9	68	15	68
VLE	78.0	77.0	11	1
83	93	82	87	86	78	81	51	58	77
EUI	33.0	57.0	24	1
18	61	26	56	51	44	9	61	37	72	53	77	32	43	41	42
TAA	86.0	67.0	7	1
97	51	92	83	74	64	97	67	73	73
MRV	85.0	31.0	18	1
90	17	104	50	84	11	69	10	69	50	96	48
GTF	19.0	43.0	3	1
12	46	-3	32	23	38	35	62	28	41
LML	66.0	72.0	10	1
80	67	53	83	53	80	81	48	50	69	84	88
MQP	61.0	15.0	20	1
83	8	53	25	45	16	79	20	67	3	40	18
OVK	97.0	33.0	9	1
82	49	99	11	94	39	120	8	100	51	91	43
INI	25.0	36.0	17	1
32	55	28	40	18	34	40	25	13	51	19	16
SEW	53.0	94.0	18	1
46	91	25	104	64	94	69	95	36	91	62	102	71	87
QSY	48.0	92.0	24	1
50	68	44	96	63	91	30	107	64	90	37	101
PSB	67.0	86.0	16	1
87	73	80	82	55	105	46	85
INS	96.0	1.0	19	1
95	20	96	-9	106	10	91	15	115	-18	73	-9
MQW	21.0	54.0	17	1
48	55	13	45	20	33	24	75	0	64
KBO	36.0	81.0	20	1
49	63	38	94	55	93	12	92	21	69	54	66	27	96
ZYG	8.0	34.0	19	1
35	37	-11	18	0	30	23	44	-6	41	10	38
ABH	27.0	57.0	12	1
45	70	37	66	33	67	7	59	11	38	20	71	41	33
UVT	66.0	59.0	0	1
82	55	70	47	72	74	58	45	52	75
TVH	9.0	75.0	24	1
15	96	25	77	6	65	12	75	-6	60	3	79
MSJ	45.0	11.0	11	1
51	12	54	9	19	5	55	5	41	-1	53	38
