OBE	81.0	24.0	0	1
92	24	82	23	97	10	65	8	64	29	84	36	93	18	78	46
AVE	47.0	44.0	5	1
49	60	39	34	27	54	50	66	53	32	58	33	59	35
SGS	23.0	40.0	3	1
28	45	2	27	13	46	26	52	31	37	32	23	32	51
NOZ	82.0	72.0	6	1
70	54	86	84	73	93	90	73	91	58
NIH	59.0	78.0	2	1
70	79	79	84	40	72	64	66	46	89
YCG	51.0	82.0	8	1
44	81	75	80	61	75	41	73	37	102
ZNV	0.0	22.0	4	1
-15	33	6	12	-18	9	-13	40	17	25	14	29	25	28	-19	3
XDU	1.0	14.0	6	1
12	5	-10	31	14	26	-12	10	32	30	-9	-3	-15	2
ZBQ	16.0	75.0	2	1
7	68	8	62	5	104	40	69	39	65	8	69	7	94
KSW	28.0	75.0	4	1
25	86	26	96	40	54	22	66
TWN	49.0	38.0	8	1
51	25	38	19	56	43	77	37	31	53	40	38	56	52
ZIV	49.0	-3.0	4	1
49	15	41	-7	73	-12	45	-1	41	-14
AUS	67.0	84.0	3	1
54	87	69	70	65	77	64	94	82	94	72	82
RZS	97.0	70.0	4	1
97	57	111	70	105	75	74	71	99	81
VVU	89.0	13.0	8	1
96	3	71	35	76	-2	101	-4	103	33
XYP	77.0	60.0	2	1
71	74	68	62	67	47	103	53	76	68
DVH	48.0	56.0	1	1
68	36	31	77	60	42	66	78	34	37	59	63	24	65
UME	48.0	81.0	10	1
52	72	62	82	35	89	58	67	42	94	42	83
BAP	76.0	58.0	7	1
83	59	64	72	84	49	70	57	82	56
TKG	63.0	68.0	6	1
53	74	48	78	87	63	44	66	84	62
MBW	4.0	87.0	3	1
-13	83	20	102	25	102	-7	94	-5	57
OKG	79.0	59.0	8	1
107	47	87	64	68	73	63	66	61	54	80	62	87	53
NLD	11.0	99.0	7	1
2	116	20	95	10	83	23	107	1	96
XEY	101.0	69.0	9	1
114	68	94	88	92	74	107	48
OCI	25.0	36.0	1	1
7	32	39	11	5	58	51	44
UEY	92.0	67.0	6	1
103	71	100	72	96	78	89	60	79	73	71	65	112	52
HKS	19.0	33.0	9	1
6	47	30	24	11	15	0	40	30	52	42	20
XSS	16.0	44.0	2	1
11	43	5	52	14	38	35	46
IRP	78.0	8.0	1	1
66	14	80	19	92	10	100	24	59	-11	70	-12	77	21	86	-1
RGC	45.0	81.0	9	1
50	71	72	97	34	81	40	63	41	88	34	60	58	91	37	101
YCQ	55.0	69.0	2	1
67	67	49	63	48	70	68	64	40	80	63	72
OXU	4.0	65.0	10	1
-6	75	25	70	3	57	0	56	1	68
TKN	58.0	27.0	6	1
52	8	72	8	52	43	72	39	32	43	69	16	60	38
EHE	23.0	81.0	3	1
31	74	20	87	24	66	31	98	6	70	48	98	7	74
