AKX	5.0	17.0	8	1
-8	24	12	16	-2	0	28	27	-4	21
MIB	26.0	8.0	25	1
36	-11	9	-7	33	-4	25	24	43	28	8	33	28	-6
AJG	78.0	83.0	4	1
70	88	75	69	97	103	71	72
CCD	28.0	73.0	19	1
35	60	36	81	21	64	33	77	11	60	32	101
XBZ	14.0	38.0	23	1
19	33	35	37	-6	31	27	22	-12	49	1	68	34	32
YYV	97.0	34.0	4	1
118	43	72	30	90	18	96	40	110	43
JJA	95.0	82.0	21	1
96	87	92	73	109	91	84	79
IOE	1.0	7.0	19	1
-13	0	6	28	6	-5	-7	-4	9	17	6	9
MFT	-14.0	68.0	19	1
-13	63	-18	76	-22	51	-1	61	-20	93
SWA	84.0	20.0	1	1
71	27	70	32	91	2	81	37	96	9	91	24	88	14
NMY	24.0	22.0	16	1
13	40	47	41	32	-3	20	17	10	16
LQQ	54.0	9.0	12	1
54	21	55	-10	38	-6	61	17	62	24
SID	64.0	15.0	3	1
51	14	49	3	42	25	75	24	79	28	71	1	82	10
EUM	67.0	36.0	3	1
64	47	53	20	59	52	69	50	91	13
