WUR	35.0	6.0	1	1
51	5	42	-9	19	10	31	20
EQR	36.0	75.0	3	1
27	83	23	66	31	84	70	98	44	53	23	68
TMC	90.0	23.0	15	1
83	37	83	3	82	35	86	44	97	34	100	6	105	8
HQE	67.0	73.0	8	1
54	70	77	78	79	53	59	60	61	89	59	80	55	92	93	65
ANT	13.0	54.0	3	1
-3	62	22	47	-5	67	19	70	32	27
GLA	87.0	2.0	5	1
84	-10	87	18	90	-7	105	22	86	-9	70	1
SFH	55.0	58.0	17	1
38	59	62	55	41	70	75	50	63	60
BYO	90.0	91.0	5	1
78	104	91	103	98	65	79	97	104	89
KFZ	73.0	89.0	7	1
89	87	88	108	52	79	62	89	62	97	85	74
VSB	13.0	104.0	9	1
9	113	27	110	24	102	-6	94
YWT	-1.0	41.0	15	1
1	62	-10	54	-2	25	0	30	-5	49	9	44	-2	23
HLU	46.0	73.0	9	1
24	73	27	73	48	76	60	68	37	94	64	69	47	68	64	65
WJF	35.0	38.0	6	1
34	26	44	42	57	38	23	30	24	47	13	28	50	64	42	33
OFX	28.0	73.0	13	1
3	96	41	50	42	61	44	92	47	60	10	88	14	70
IKB	4.0	41.0	7	1
26	47	8	21	-8	57	-14	49	26	45	-12	32
VMN	62.0	68.0	7	1
73	87	63	78	69	39	73	58	35	80
DLM	52.0	19.0	2	1
75	11	40	14	46	26	48	23	53	25
NUF	45.0	31.0	10	1
28	43	68	43	37	20	33	44	46	43	33	23	66	11	56	24
FAV	40.0	54.0	25	1
49	62	44	51	38	52	24	77	68	40	23	43	23	37	55	73
QYF	17.0	13.0	11	1
18	24	4	12	9	28	34	-10	21	12
CNT	50.0	57.0	20	1
45	46	42	74	49	75	66	76	49	47	59	39	44	46
JTH	5.0	9.0	17	1
-11	26	32	-5	-2	18	11	11	-5	21	10	5	1	-7
BTB	86.0	28.0	10	1
109	19	81	24	71	10	101	31	93	51	65	35
HUR	47.0	31.0	5	1
46	37	46	28	30	12	57	25	60	56
EST	95.0	41.0	18	1
79	30	101	24	89	46	108	30	79	41	119	55	93	67
TRA	24.0	27.0	14	1
23	31	17	15	29	20	26	16	33	13	32	45	13	52
WUZ	30.0	60.0	4	1
23	74	41	48	40	73	18	41	30	65
VYC	18.0	8.0	16	1
29	4	11	7	-1	17	7	2	25	10	39	9
MQP	20.0	43.0	15	1
24	53	0	32	30	43	12	25	14	41	43	67
GHJ	56.0	85.0	6	1
47	75	50	75	52	69	59	86	63	85	52	100	71	109
IQD	15.0	91.0	18	1
37	115	-1	82	31	91	5	89	5	78
CNM	89.0	16.0	5	1
87	38	74	15	110	12	104	35	87	2	77	-1
PHR	67.0	50.0	6	1
79	34	61	66	64	65	67	36
FVT	65.0	45.0	0	1
36	26	74	36	63	52	69	48	75	55	78	54
IYZ	2.0	14.0	5	1
22	11	-8	1	-13	22	8	27	3	9	0	14
WOW	98.0	4.0	16	1
93	7	98	14	93	-14	82	-22	102	19	107	24	102	-8	112	18
GWN	59.0	66.0	2	1
56	71	57	62	54	76	52	80	55	44	85	68
YFL	84.0	9.0	5	1
84	18	93	11	58	19	101	-10
HHR	81.0	48.0	3	1
87	31	83	67	68	55	82	34	85	55
WVV	81.0	7.0	16	1
84	27	99	-6	64	-8	79	-9	81	16	68	-1	78	20	96	24
KGY	64.0	39.0	7	1
68	35	51	54	54	52	91	28	56	28
GIX	85.0	77.0	4	1
100	66	75	64	63	83	97	65	80	88	81	83	103	90
GST	40.0	-7.0	16	1
42	-3	27	-21	30	-22	67	-18	50	15	28	3
RUI	40.0	13.0	3	1
52	7	45	1	28	36	58	26	17	-5
YXR	77.0	26.0	13	1
84	29	99	32	63	12	61	23	79	38
