EPS	83.0	40.0	12	1
79	36	108	35	77	27	82	34	68	54	99	50	68	47
PWR	63.0	21.0	20	1
65	27	63	24	62	40	72	7	73	12	43	20	69	20
CXQ	96.0	70.0	4	1
113	87	89	49	82	66	91	72	105	80
CSC	39.0	28.0	11	1
54	55	42	16	28	23	45	57	34	15	44	13	29	19
EPM	51.0	55.0	16	1
57	41	45	61	44	63	75	65	41	45	64	49	35	59	47	63
EIV	3.0	28.0	13	1
25	28	-17	17	7	39	-19	31	20	46	24	3	-17	33
WPQ	60.0	54.0	6	1
38	61	84	70	45	40	74	39	59	63	65	51
QFS	15.0	27.0	6	1
4	35	29	34	22	33	41	13	4	29	3	41	2	7
MYN	74.0	19.0	10	1
95	26	74	10	94	-4	57	31	57	19	71	32
ARC	59.0	16.0	20	1
61	28	46	30	71	-3	73	-3	72	30	36	14
YFJ	86.0	7.0	13	1
102	16	62	8	86	9	95	-4
TSK	81.0	65.0	23	1
54	54	100	78	83	75	75	59	77	70	101	55
GWH	8.0	20.0	21	1
23	30	-8	21	-16	6	21	43	14	23	18	2
KQZ	39.0	23.0	11	1
59	10	18	17	52	9	27	39	46	40	42	29	33	19
TRN	79.0	26.0	12	1
49	25	92	14	76	6	88	32	92	38	77	46
RLF	59.0	29.0	2	1
79	48	54	23	37	11	75	32	59	16	56	26	58	53
RWJ	29.0	87.0	24	1
46	98	21	106	35	86	30	100	29	90	44	61	16	82	17	78
XUB	54.0	65.0	12	1
32	68	65	58	51	80	60	55	68	81	59	50	65	60	35	71
FFP	19.0	42.0	11	1
1	37	44	20	14	49	1	53	16	38	39	55
BHL	47.0	63.0	22	1
64	42	58	41	56	77	30	72	40	75	30	76	51	62
GUV	3.0	60.0	24	1
-20	33	24	69	22	69	15	76	-14	63	-19	64	9	51	10	57
LYT	53.0	24.0	14	1
62	21	33	48	74	12	48	3	43	46	52	42	54	14	65	8
BBG	34.0	75.0	4	1
49	84	50	94	11	66	35	90	30	92	36	51	32	48
JOG	85.0	95.0	9	1
81	94	76	106	78	108	82	85	109	103	87	78
GCF	89.0	49.0	11	1
95	59	72	45	101	54	88	41
VIY	26.0	64.0	4	1
32	80	14	55	39	71	21	52
URA	92.0	47.0	13	1
74	30	117	46	77	53	103	62
PGQ	32.0	7.0	15	1
47	-18	31	26	41	31	13	5	29	-5
BNZ	44.0	28.0	24	1
60	15	51	11	57	47	42	29	20	28	34	40
JAN	77.0	4.0	8	1
79	4	83	1	67	26	100	0	79	-2	58	-5
WMU	76.0	23.0	25	1
79	23	50	36	96	17	95	11	63	28	74	24
XBU	51.0	52.0	24	1
55	44	31	74	38	38	62	56	66	42	41	41	61	84	57	38
MFJ	38.0	55.0	11	1
66	53	21	59	23	56	37	51	64	58	21	54
DXA	64.0	37.0	23	1
81	54	51	30	45	20	75	49	72	35
ZHY	102.0	76.0	8	1
105	53	108	84	96	62	119	88	122	88	78	86	84	70	109	80
MCC	3.0	87.0	15	1
-10	94	-4	91	13	100	-11	69	29	107	6	74	14	73	-8	92
CZZ	17.0	18.0	23	1
1	19	4	11	40	23	24	19
RZA	61.0	64.0	8	1
75	52	69	60	60	55	52	96	49	56	62	67
ZXJ	26.0	21.0	9	1
13	14	26	30	15	11	50	29
JGL	19.0	90.0	24	1
32	111	13	92	12	81	23	88	19	78
UHQ	45.0	22.0	9	1
57	10	58	20	40	20	51	51	19	13
CCO	49.0	48.0	6	1
37	60	68	43	43	48	58	59	40	33
WYE	14.0	86.0	9	1
8	85	21	100	-6	101	26	68	25	90	14	88	11	72
DJQ	5.0	61.0	10	1
9	65	11	69	1	56	2	56
QNQ	57.0	21.0	20	1
68	8	52	25	72	37	56	8	61	6	36	44
VFU	40.0	51.0	14	1
61	34	47	34	31	62	51	63	27	56	25	58
NJR	50.0	15.0	5	1
62	28	28	32	57	24	21	19	59	15	63	-10	60	2
GGD	102.0	82.0	23	1
115	85	113	59	101	101	75	63	111	92	104	99	100	77
TYS	42.0	55.0	5	1
45	76	30	53	55	55	63	64	42	48	35	62	28	32
