BEY	75.0	17.0	2	1
54	26	67	27	72	-6	95	17	87	21
BAR	2.0	32.0	3	1
-20	13	20	40	5	38	19	15	-11	56
MCU	81.0	74.0	15	1
63	50	75	86	85	63	93	86	93	81	82	82
KDI	80.0	14.0	13	1
94	10	93	6	64	32	91	30	60	-4	81	13	98	5	63	20
QAB	23.0	59.0	4	1
1	73	25	72	29	45	18	73	32	43	37	53
GIO	99.0	35.0	4	1
101	26	81	33	123	28	122	55	100	32	75	36	105	35	91	36
QXB	-6.0	47.0	17	1
-14	19	-16	37	-8	64	-9	64	-8	35	-9	50	19	60
UAP	14.0	58.0	2	1
30	51	19	49	-3	57	11	78
GWH	89.0	14.0	12	1
74	-8	95	32	112	-8	79	31	76	40	80	-7	112	18
WXF	50.0	60.0	14	1
47	54	68	47	55	73	45	55	67	49	27	71	57	70	34	62
TFC	64.0	73.0	20	1
41	62	72	67	82	81	48	89	59	80	73	65	84	64	56	83
NDN	48.0	60.0	17	1
35	64	45	45	61	78	57	45	61	51	51	56	31	85
YGI	12.0	70.0	4	1
12	50	7	97	8	55	34	60	14	65	18	69	-6	96
ARS	76.0	0.0	13	1
72	8	95	1	73	1	82	-1	62	2	66	-17	85	5
FIO	12.0	91.0	18	1
3	80	-5	81	37	98	11	111	17	89
LBU	4.0	10.0	24	1
-14	15	23	9	-15	-9	-2	25	32	13
VHD	37.0	21.0	25	1
52	18	46	23	53	35	43	4	53	48	16	9	28	4	9	31
LYO	96.0	22.0	6	1
110	13	111	36	84	27	75	39	116	7	75	11	99	17	99	29
ZBI	4.0	29.0	23	1
-12	38	10	30	0	8	9	25	16	44
MJH	20.0	79.0	3	1
30	82	4	73	14	68	14	86	41	90
WJD	79.0	41.0	11	1
90	47	74	53	58	60	85	19	69	46	99	24
CGF	26.0	45.0	4	1
42	32	38	52	-1	54	10	31	45	60
ZZQ	69.0	93.0	18	1
59	105	85	102	58	79	60	65	77	98	52	104	96	99
UKB	64.0	86.0	5	1
49	81	69	103	71	91	71	81	63	77
LZK	92.0	8.0	18	1
99	-5	99	-11	121	11	78	23	84	29	88	0	75	15
VUJ	28.0	24.0	6	1
7	12	8	38	22	29	43	10	47	17	31	42	44	23
VBD	57.0	74.0	0	1
77	70	47	79	61	81	45	66	58	75
CJI	63.0	78.0	9	1
62	68	52	76	45	61	67	89	68	74	86	102
DQC	16.0	50.0	22	1
29	33	2	49	6	71	28	30	-1	71	27	62	24	36
KFQ	21.0	102.0	5	1
23	108	25	105	6	79	26	115	30	113	34	97	6	99
