ZER	69.0	89.0	19	1
69	69	69	99	71	73	83	90	85	115	42	90
DIC	65.0	10.0	18	1
68	23	68	20	80	-3	46	2
UAK	53.0	53.0	15	1
37	58	61	53	61	39	48	64	76	49	39	60
YXQ	1.0	44.0	4	1
-12	46	21	36	-9	33	-14	61	23	44
UHY	30.0	64.0	12	1
30	71	27	82	12	37	41	70	41	60	30	67
ZKD	44.0	92.0	23	1
44	119	32	89	60	77	30	106	53	80	48	84
EIA	76.0	11.0	23	1
81	-3	63	30	74	28	106	10	76	-3	70	19	68	-3
PQY	89.0	0.0	22	1
74	15	109	7	67	7	94	-21	81	21	91	-8	109	-17
QPZ	77.0	2.0	16	1
76	-20	63	-8	93	12	93	11	75	23	62	-3
WDW	100.0	80.0	3	1
108	80	91	91	111	76	105	75	113	77	84	65	90	98
DBO	44.0	87.0	12	1
53	92	32	76	21	96	59	106	55	69
FXX	58.0	75.0	9	1
66	42	70	88	38	82	58	88
RHZ	38.0	95.0	9	1
56	115	42	102	19	77	29	96	21	79	62	104
SML	15.0	84.0	7	1
19	84	12	66	5	81	19	86	25	98	11	90
DUT	87.0	70.0	18	1
93	79	113	84	81	88	71	54	80	92	80	48	71	61	111	59
XMR	73.0	23.0	3	1
88	32	56	20	74	21	55	18	86	16	79	34
QVD	13.0	75.0	1	1
18	84	28	92	7	56	1	71
IMP	23.0	29.0	16	1
44	30	-4	46	4	43	7	19	44	20	43	16
GUP	88.0	29.0	13	1
71	38	95	6	95	34	86	29	95	41	72	28	107	27
GYI	54.0	28.0	19	1
64	28	58	14	26	25	42	15	67	57	69	29
ETS	61.0	55.0	12	1
81	66	43	44	50	69	49	40	89	76	58	38
PAS	19.0	40.0	24	1
11	13	26	54	1	45	38	25	10	56	33	51
DDI	63.0	20.0	14	1
77	31	67	8	64	33	46	11
XYW	87.0	90.0	24	1
101	76	71	81	65	92	111	95	95	93	83	105
NOQ	-1.0	13.0	2	1
4	2	-14	20	10	24	22	3	3	-2	-21	20	-11	24
HGN	103.0	77.0	10	1
107	48	108	87	108	97	91	83	104	78	102	71
LBU	88.0	99.0	21	1
101	95	104	86	86	95	88	104	76	102	73	112
XTW	14.0	10.0	4	1
14	17	27	-16	27	20	12	11	-8	20
WMS	71.0	91.0	21	1
75	114	66	106	61	75	78	70	77	92
XIC	14.0	19.0	14	1
-10	9	33	36	38	15	5	-5	30	36	-7	27
MVN	56.0	79.0	8	1
60	62	45	83	60	76	49	63	78	73	45	106	74	96	40	77
