AKE	70.0	3.0	7	1
82	23	70	-22	59	-10	70	20	76	18	64	-10
DGT	53.0	55.0	1	1
31	42	65	72	44	56	73	52
PZM	43.0	45.0	3	1
42	55	58	26	49	28	40	44	46	54	28	65
TCO	70.0	60.0	8	1
82	86	63	60	63	44	75	53
USA	9.0	24.0	8	1
-10	10	-1	31	12	3	18	26	30	16	6	37	14	30	10	43
SFQ	87.0	42.0	9	1
74	24	78	57	73	42	107	44	115	48	88	53	94	16	69	53
JRS	15.0	46.0	6	1
-2	55	25	46	27	39	19	60	8	30
HGF	82.0	90.0	1	1
74	71	95	93	81	79	79	98	85	93	92	99	60	101	97	86
BCU	10.0	99.0	8	1
29	102	-5	121	11	97	5	76
FKQ	10.0	20.0	4	1
-8	25	35	20	-8	34	23	4	23	42	1	0	10	18
HUY	15.0	32.0	1	1
12	29	8	23	29	32	5	50	7	13	32	47
YBH	29.0	64.0	7	1
12	79	14	51	25	50	19	48	54	85	40	52	43	85
EKN	79.0	77.0	7	1
101	106	101	66	79	84	68	71	61	61	67	79
AUZ	25.0	20.0	1	1
37	26	27	29	31	11	22	44	45	37	17	0	5	2	21	11
MKC	49.0	17.0	2	1
37	18	59	26	41	9	48	18	63	16
GSU	81.0	44.0	4	1
65	46	95	41	78	28	89	62
