LMP	48.0	17.0	0	1
38	29	53	26	51	19	48	0	53	12
EBG	42.0	59.0	0	1
35	59	54	68	50	63	27	58	47	65	44	45
HYD	37.0	10.0	5	1
21	-12	37	22	17	-2	59	25	59	24	34	5
YQI	18.0	95.0	7	1
-6	107	11	102	32	87	-1	98	29	90	38	84	23	100
WSX	-2.0	34.0	1	1
0	51	8	30	-12	21	-6	36
PMJ	53.0	82.0	3	1
47	84	43	87	56	75	66	82
BKZ	17.0	21.0	2	1
35	9	6	36	27	-1	17	34	18	43	10	19	7	8
ZTW	30.0	70.0	6	1
55	74	13	59	32	77	33	63	19	79
WGT	9.0	60.0	8	1
3	46	15	48	7	56	-1	63	6	86	8	59	1	59	33	63
RUU	14.0	53.0	3	1
0	40	16	45	25	76	26	63	18	30	10	49	8	71
ECE	27.0	95.0	2	1
28	101	23	96	51	94	7	75	28	99	6	93	48	113
XOP	36.0	75.0	2	1
39	63	32	65	63	59	41	97	26	94	24	75	36	83	31	66
VCC	68.0	35.0	7	1
50	15	88	41	92	50	53	44	63	27	66	27	67	42
OVG	87.0	57.0	1	1
70	78	94	52	114	37	74	43	83	76
IKY	2.0	84.0	1	1
15	98	18	60	-20	77	12	100	1	87	-11	84
RZR	3.0	30.0	6	1
18	45	28	14	-15	18	-15	47	7	36	-2	22
QHI	71.0	86.0	3	1
55	70	81	75	87	79	64	88	76	100	63	109
QKA	92.0	29.0	1	1
77	31	99	30	77	38	101	18	91	46	103	29	99	15
QHR	18.0	57.0	1	1
15	39	20	77	5	75	8	54	44	43
JDY	75.0	58.0	9	1
58	70	53	57	96	67	92	41	77	57
HPS	82.0	70.0	5	1
82	85	94	83	78	77	62	63	95	46
FVK	6.0	91.0	1	1
14	115	0	72	21	102	14	76	-14	119	14	78	-5	75
GKV	64.0	22.0	2	1
61	7	91	25	45	32	76	44	75	18	61	1	44	33
UUG	3.0	75.0	6	1
24	82	-10	61	11	88	-1	62	-7	82
UFG	25.0	92.0	4	1
38	108	38	89	16	105	18	77	31	102	9	75
RME	11.0	63.0	9	1
-4	59	22	57	31	50	-5	88
RFP	55.0	67.0	6	1
51	66	38	40	57	84	75	81
BEM	5.0	72.0	5	1
15	89	-6	74	8	85	14	88	6	83	11	46	-13	45
YQL	87.0	33.0	7	1
117	36	75	47	81	18	92	43	74	25
IOC	55.0	0.0	10	1
45	-4	57	17	39	-4	61	-14	66	11	67	-4
XXQ	33.0	93.0	8	1
37	78	39	106	19	98	37	82	37	101
VJZ	39.0	48.0	6	1
50	34	16	74	49	37	43	49
HEL	68.0	75.0	8	1
70	72	59	100	65	61	64	80	82	65
TDQ	13.0	46.0	5	1
17	34	-8	63	18	48	2	49	26	30	25	35	17	67
DBX	86.0	62.0	5	1
82	72	92	58	94	64	72	54	94	63
GMF	86.0	45.0	10	1
106	47	57	52	99	54	73	38	98	38
MDW	55.0	34.0	8	1
40	63	68	28	56	27	65	40	57	27	59	36	42	17
YOU	76.0	87.0	3	1
87	87	82	85	84	85	59	87	78	110	69	73
RTP	37.0	98.0	1	1
62	104	47	98	33	105	18	111	21	89	20	97	64	82
XDF	18.0	86.0	2	1
27	99	8	106	9	64	30	101	19	62
MFU	36.0	23.0	2	1
33	14	48	19	16	24	48	35
GWO	67.0	54.0	8	1
70	32	61	76	71	46	58	57	78	39	66	75
BKU	49.0	69.0	3	1
29	84	50	62	55	70	66	53	37	61	61	78	49	78
WIR	44.0	42.0	8	1
36	52	59	23	42	58	34	25	57	46	38	48
PZG	38.0	57.0	6	1
46	56	27	40	49	47	47	51	22	75	39	80	38	51
QEW	71.0	32.0	4	1
71	35	65	37	82	26	53	43	87	21
XDV	71.0	85.0	3	1
61	97	84	81	79	85	71	71	60	95
VQJ	-6.0	83.0	9	1
5	65	-16	94	21	82	-20	112	-23	65
