CGC	78.0	13.0	9	1
97	-6	50	30	93	-5	97	37	72	32	69	6	78	-2	73	19
TQS	54.0	58.0	6	1
40	83	51	54	61	57	61	43	49	46	62	48	55	78
XKC	8.0	49.0	1	1
27	39	9	69	-1	50	13	29	-15	38	6	51	6	57	20	63
HPX	63.0	0.0	3	1
69	-21	60	-12	58	20	56	-18	59	19	79	10
HXT	94.0	89.0	0	1
94	72	107	99	65	90	101	100	105	88
XTH	57.0	36.0	10	1
60	37	54	26	37	19	54	46	64	38	64	50	73	55	56	19
BXP	74.0	39.0	4	1
67	57	75	24	91	43	64	33	56	30	92	30	91	34	59	66
PWE	26.0	42.0	2	1
49	62	38	60	14	34	10	49	46	17	4	33
DYH	68.0	35.0	8	1
89	30	49	66	79	34	79	28	50	32	65	23
JXS	75.0	5.0	4	1
75	-3	55	-10	51	16	93	22	71	-18	81	10	82	12	98	13
IAK	34.0	20.0	3	1
18	13	39	40	38	3	20	2	58	42
SKQ	99.0	37.0	4	1
96	28	116	36	114	34	78	42	94	49
KVC	22.0	82.0	4	1
10	109	7	72	32	81	33	66	28	82
VNA	6.0	90.0	4	1
35	94	-1	100	-1	98	-12	100	5	96	6	93	-3	72	25	73
UFH	38.0	36.0	4	1
51	30	49	22	35	45	24	34	34	49
CID	14.0	27.0	8	1
17	37	29	31	-6	7	4	42	41	41	-4	21	27	30	5	12
YNY	64.0	72.0	8	1
64	63	71	73	41	89	77	64	68	73
POC	52.0	24.0	3	1
27	49	54	17	60	8	67	23
WMZ	48.0	72.0	8	1
37	50	71	63	32	85	49	69	49	89	54	80
MJP	57.0	18.0	10	1
68	25	27	19	75	16	57	29	38	-1	66	10	60	20	67	30
OYC	4.0	45.0	1	1
2	59	13	63	4	34	1	46	20	31	-12	40
JWF	34.0	24.0	10	1
53	1	23	24	9	12	31	36	43	44	35	11	44	40
IUG	18.0	43.0	9	1
8	31	17	35	38	38	-1	59	23	59	3	60	42	22
QBL	76.0	85.0	9	1
81	77	88	90	80	68	79	108	88	69	51	84	65	99
SQB	18.0	63.0	8	1
20	61	13	65	30	75	9	54
QEG	7.0	29.0	1	1
-9	58	-4	26	2	25	38	25	36	27	-1	19	-10	29
EFN	84.0	68.0	3	1
99	76	87	81	57	86	94	68	95	67	93	64	67	40
VMS	95.0	43.0	1	1
102	32	105	48	94	42	112	71	106	51	74	28	75	32
YQS	82.0	76.0	6	1
104	79	77	79	84	91	64	56
NVT	89.0	18.0	1	1
94	-2	78	27	103	16	82	25	71	33	108	10
MWP	8.0	52.0	4	1
4	63	21	67	22	18	-12	63
VFM	72.0	19.0	5	1
75	41	74	34	75	-4	83	40	55	31	82	-6	66	-2
HPU	84.0	75.0	4	1
101	73	74	63	59	76	93	76	84	91	105	54	78	92
FAC	96.0	48.0	10	1
110	44	114	64	82	52	80	33
HZK	4.0	28.0	9	1
17	26	17	43	-8	33	12	41	6	12	-20	16
RRU	30.0	99.0	10	1
27	106	31	96	22	122	20	90	61	93	22	88
WZN	38.0	58.0	7	1
58	71	24	45	19	55	49	56	54	73	55	64	28	54	23	48
TEA	45.0	79.0	9	1
58	88	59	63	47	68	24	96	50	93	25	91	55	57
DAE	72.0	34.0	3	1
71	32	86	37	83	17	50	53
HBD	13.0	55.0	2	1
-14	77	30	41	25	71	24	71	1	45	25	35	4	46
