NSL	90.0	12.0	4	1
88	24	84	21	108	18	105	-4	85	11	89	24	76	-7
BZV	78.0	25.0	3	1
68	31	106	36	77	32	62	2
QRU	3.0	39.0	7	1
-6	41	-7	29	8	48	23	49	-1	25	4	43
FDS	26.0	0.0	9	1
31	-11	44	-8	17	-13	35	-8	8	-15	8	31	42	27
ZXL	46.0	35.0	8	1
28	27	54	62	56	32	40	37	55	35	44	22
BGU	97.0	24.0	8	1
70	3	114	37	101	5	103	51
BGD	34.0	84.0	4	1
26	63	45	73	26	72	8	93	46	104	54	100
APX	82.0	22.0	5	1
103	23	82	7	85	20	58	37	84	27
CIY	49.0	1.0	4	1
46	-22	51	24	25	-13	47	-3	49	20	68	-4	63	10
DDY	87.0	82.0	6	1
91	101	92	76	106	67	89	80	90	77	75	76	71	99
ALX	25.0	50.0	4	1
24	67	15	38	10	52	53	32	25	62
TTB	104.0	70.0	10	1
79	77	104	50	123	73	123	85	95	82	105	57
JSA	99.0	51.0	7	1
118	40	89	40	95	70	110	57	88	53	94	48
GDT	61.0	44.0	1	1
41	44	49	67	70	35	71	40	65	30	73	53
PHB	35.0	104.0	6	1
44	96	18	115	60	93	21	108	44	104	57	116	20	112	17	89
HXE	16.0	2.0	2	1
35	0	5	9	7	4	19	-3
XWQ	32.0	14.0	8	1
24	6	45	11	39	2	4	24	52	30
YFP	49.0	9.0	8	1
28	18	40	-2	61	8	73	21	55	19	38	-6
ZVH	67.0	58.0	0	1
57	79	61	50	85	71	55	42	78	48
UMF	28.0	81.0	4	1
16	77	60	84	19	101	14	93	31	64	33	70
DCX	37.0	27.0	6	1
50	45	43	30	38	6	20	30
KWE	88.0	70.0	10	1
86	68	75	52	94	97	84	83	103	53
OCJ	47.0	71.0	6	1
58	94	38	53	56	61	41	87	36	77	37	75	51	58	60	64
SNH	38.0	23.0	6	1
48	31	44	22	59	14	29	8	30	19	22	47
DSN	64.0	68.0	1	1
54	53	54	66	60	65	77	71	77	73	67	81
GKO	45.0	71.0	2	1
63	70	59	69	55	66	25	71	26	81	47	70
UNG	23.0	97.0	8	1
25	95	35	103	14	105	10	103	35	89	14	84	33	102
NBU	15.0	63.0	5	1
-1	63	18	57	-2	55	9	73	31	61	22	65	29	70
DUJ	87.0	48.0	4	1
96	28	90	63	91	57	72	47
DEB	73.0	82.0	2	1
92	85	71	83	61	91	69	56	93	81	68	85	62	100	71	80
ATJ	66.0	30.0	4	1
49	44	72	43	73	25	78	36	82	17	66	9	42	40
EQA	55.0	26.0	7	1
58	10	54	26	50	37	54	21	47	42	58	16	65	35
NIS	18.0	47.0	8	1
43	62	40	24	4	69	1	48	3	36
WUI	25.0	51.0	2	1
24	58	27	60	17	40	15	32	49	59	19	61
QMR	14.0	75.0	6	1
40	87	25	69	3	64	-2	85	6	72
QFD	66.0	31.0	7	1
84	12	40	45	57	40	81	48	71	10
KNI	6.0	96.0	10	1
18	103	2	90	16	109	1	100	-5	80
TCK	60.0	43.0	7	1
60	49	65	40	48	19	64	55	67	56	56	43
