MZJ	2.0	39.0	22	1
-12	52	-19	43	19	57	-11	32	5	24	10	22	22	43
IAT	26.0	39.0	11	1
20	22	42	39	19	55	34	55	30	31	13	32
ORB	75.0	93.0	5	1
92	105	90	101	77	72	43	96
QHH	73.0	67.0	0	1
81	87	80	86	76	50	55	61	73	53
PGW	37.0	78.0	11	1
40	65	39	60	26	99	32	64	51	103
KKY	21.0	27.0	2	1
28	46	31	26	39	28	8	33	-5	13	27	20
EMR	23.0	105.0	25	1
14	118	2	104	3	87	31	100	28	118	45	94	42	114
TRC	77.0	4.0	21	1
79	6	91	23	90	-12	50	-1
VFX	64.0	32.0	22	1
60	43	56	30	72	14	80	49	55	26
KYP	20.0	65.0	6	1
10	77	35	88	23	46	11	55	31	70	10	54
SBO	44.0	73.0	5	1
60	62	27	86	51	70	40	77
CKS	73.0	51.0	22	1
63	26	60	72	106	47	61	56	88	45	61	64
INV	90.0	100.0	16	1
76	78	117	122	91	119	81	80	107	105	71	91	93	105
UGH	24.0	55.0	22	1
34	49	28	42	10	43	43	83	15	46	42	54	13	54	12	71
RUA	53.0	83.0	5	1
55	89	73	94	39	73	40	84	42	92	73	71
