KFG	76.0	85.0	0	1
89	102	61	86	75	67	65	102	93	69
QXX	44.0	25.0	8	1
51	32	41	31	33	25	51	6	38	30	52	28
XTZ	44.0	84.0	8	1
51	74	39	78	41	97	60	67	33	71	56	92	43	89	29	105
JIP	84.0	73.0	0	1
93	51	66	96	75	80	96	78	105	61	69	74
YXC	58.0	3.0	3	1
59	2	58	-6	67	-15	63	25	47	10
HCP	94.0	33.0	7	1
102	43	105	28	84	42	110	49	76	18	89	20
QGZ	64.0	90.0	7	1
51	71	66	104	60	80	66	94	77	113	67	91	65	81
DXR	97.0	42.0	10	1
104	28	108	44	112	43	90	38	99	26	77	60	90	59
LQM	43.0	38.0	1	1
40	51	45	42	52	31	27	30	31	42	62	45	45	25
FOQ	70.0	58.0	10	1
74	58	73	69	78	59	54	47	48	86	80	46	84	46
HHX	73.0	27.0	8	1
70	34	86	25	69	25	90	32	62	40	61	6
XGB	9.0	84.0	4	1
6	76	27	98	26	63	-5	74	-7	110
BMQ	6.0	90.0	6	1
29	82	-3	86	6	94	3	89	6	84	-5	107
VYR	51.0	38.0	7	1
53	49	56	30	36	44	60	38	53	30
REY	49.0	16.0	2	1
60	20	43	26	46	31	58	18	39	-13
RST	100.0	36.0	9	1
78	25	108	38	85	40	116	60	117	19
OJP	12.0	72.0	7	1
38	75	-1	78	-4	69	20	54	4	71	3	88	28	69
MKW	59.0	39.0	2	1
41	62	60	42	72	36	47	16	78	41
KBX	84.0	54.0	2	1
72	69	74	44	88	53	82	65	105	41
YKC	57.0	15.0	7	1
38	11	38	9	69	2	48	11	62	2	68	36	79	33	61	23
ZIY	30.0	33.0	9	1
35	51	1	8	38	21	41	45	39	42
NMO	-6.0	17.0	2	1
-11	19	8	30	-21	10	-16	8	-8	27	9	6	-4	24
SRD	78.0	9.0	2	1
86	14	68	-2	71	-1	85	28	80	9
