YSG	52.0	10.0	7	1
60	-5	52	19	40	2	65	-6	72	26	46	16	31	23
CKZ	80.0	10.0	15	1
68	24	90	2	78	1	87	2	76	20	81	11
IGQ	12.0	76.0	16	1
-12	54	19	80	27	59	-6	94	32	96
ONI	7.0	50.0	25	1
-3	53	25	63	6	27	4	42	6	66
BTT	8.0	48.0	13	1
-4	66	18	37	8	34	9	53	34	38	-13	65
EKG	101.0	81.0	4	1
105	59	91	84	116	98	94	86
LCK	74.0	87.0	22	1
59	97	103	87	56	89	68	92	85	73
YSA	42.0	11.0	3	1
37	8	45	14	63	19	35	-3	50	8	27	22
DZO	79.0	74.0	12	1
66	61	104	68	79	57	68	74	67	86	70	94	105	83
HFV	4.0	32.0	3	1
4	39	5	38	-14	50	11	7	18	30
QOW	9.0	62.0	22	1
-10	63	-3	88	-11	44	37	84	24	47	19	47
QIT	52.0	20.0	13	1
49	5	39	0	57	45	60	25	56	25
FWB	79.0	102.0	16	1
72	114	96	107	66	77	95	117	92	101	74	108	61	93
