YXR	61.0	79.0	7	1
73	72	63	106	39	75	54	72	70	82	72	70
GQR	5.0	29.0	22	1
4	23	-2	34	-4	17	-7	45	23	48	3	16	22	24
FEO	72.0	32.0	6	1
57	23	58	15	64	33	92	44	80	57	84	20
XMX	19.0	81.0	17	1
42	75	-4	92	6	79	40	66	14	94
MWS	14.0	70.0	6	1
28	88	10	80	5	50	24	69	6	67
VUG	88.0	84.0	20	1
87	102	67	68	102	61	112	74	85	96	69	102	75	102	107	74
LPM	74.0	93.0	14	1
81	98	72	82	69	115	78	83	75	110	71	72
HXB	67.0	68.0	0	1
80	91	59	86	66	45	65	66	80	53	53	71
MJH	49.0	33.0	18	1
50	44	51	10	48	48	47	32
RYJ	80.0	72.0	10	1
74	51	86	91	83	97	88	93	81	60	70	57	80	59
ELK	75.0	59.0	15	1
72	52	60	43	88	65	87	74	79	56	82	46	77	81	56	55
OSZ	8.0	20.0	13	1
20	44	9	35	14	3	3	27	2	2	3	13
MPF	31.0	85.0	18	1
40	89	13	70	42	101	45	96	17	69
KVK	69.0	69.0	9	1
68	69	91	51	51	73	69	86
WNS	8.0	96.0	10	1
-1	86	19	95	3	111	-3	97	29	112	2	75
TEC	-7.0	61.0	3	1
-18	76	0	35	-3	59	-20	57	5	79
EAE	-2.0	19.0	10	1
-10	33	11	11	-3	20	-6	14
QSV	14.0	6.0	25	1
15	11	8	-3	1	12	15	-4	35	17
GAN	33.0	36.0	14	1
33	34	28	34	43	29	50	28	19	55	28	46	18	37	46	30
SFG	16.0	31.0	22	1
12	25	31	32	34	54	35	31	-8	21	-4	38	15	18
EKU	70.0	102.0	1	1
60	106	86	114	59	114	61	107	80	76	75	97
FZF	90.0	-1.0	16	1
104	-22	104	2	74	19	93	-22	76	17
JUL	-1.0	30.0	6	1
-2	17	8	37	0	23	17	32	-22	31	-22	49	8	23
FFV	31.0	92.0	24	1
28	80	6	84	47	111	32	84	30	99	48	95
GIV	42.0	36.0	10	1
63	24	47	23	52	26	25	40	27	63	38	41
ZAM	11.0	15.0	12	1
4	22	21	-2	22	7	1	16	-8	33	26	33	15	-2
XZC	76.0	83.0	22	1
65	63	96	77	56	84	87	95	71	87	72	102	88	81	79	79
QEP	32.0	-7.0	5	1
46	-16	31	-19	35	12	28	-18	45	0	28	1	12	-10
YDH	84.0	32.0	20	1
76	19	76	25	79	58	104	40	88	18
PBD	40.0	15.0	20	1
46	7	38	21	44	13	32	20
LYQ	66.0	17.0	18	1
56	33	49	1	74	15	83	10	56	8	81	36
