QNQ	51.0	10.0	5	1
37	5	38	14	45	11	56	6	67	19	64	9
VSE	30.0	38.0	8	1
50	33	38	49	43	39	17	39	5	31
ESA	27.0	39.0	0	1
18	38	5	20	21	49	43	65	50	26
UNL	36.0	46.0	4	1
23	65	48	53	45	51	17	48	48	58	35	26	41	27	31	47
WEV	17.0	75.0	2	1
45	59	19	65	4	98	12	92	9	62
IVV	35.0	75.0	7	1
33	75	42	57	25	78	18	75	61	80	46	70	25	96
RGU	2.0	71.0	8	1
-11	76	-8	79	8	68	11	82	12	50
UTN	3.0	58.0	2	1
18	60	-15	78	-15	53	27	44
QJP	82.0	17.0	2	1
86	7	101	8	99	3	76	7	89	45	66	42	60	12
NNE	89.0	72.0	4	1
98	74	109	51	91	75	66	83	85	80	89	73
OBO	66.0	83.0	3	1
64	93	53	80	78	78	60	104	44	65	77	68	87	96
UXP	85.0	75.0	5	1
101	104	76	65	103	80	75	80	60	91	87	58	101	59	79	69
CIN	25.0	15.0	7	1
5	-1	18	30	44	0	46	35	12	13
VJS	51.0	95.0	5	1
67	87	57	118	43	81	56	118	34	71
EVO	-4.0	18.0	1	1
20	28	-12	5	-15	6	-19	39	22	4	-10	37	-15	9
FLV	19.0	77.0	9	1
37	54	15	71	16	84	26	97	15	96	3	55	21	86
GAC	37.0	93.0	8	1
12	119	56	85	31	76	55	81	23	120	45	81
FUR	53.0	12.0	4	1
48	21	45	22	44	2	45	-1	86	18
DUX	80.0	19.0	9	1
86	-13	85	8	78	31	87	35	66	34
XQG	63.0	46.0	5	1
64	43	60	55	50	41	63	31	91	43	52	63
CAI	64.0	10.0	2	1
58	-6	53	39	71	-7	81	2	73	6	48	30
JLI	42.0	77.0	4	1
59	72	34	70	58	70	19	73	40	87	44	90
PAG	30.0	81.0	2	1
33	64	27	90	33	90	47	83	29	91	12	69
MOK	12.0	85.0	8	1
30	97	-4	86	3	89	-5	92	5	104	34	63	27	69
ZPC	33.0	12.0	4	1
20	13	51	16	26	24	25	15	31	-3	59	16	28	-2	30	21
TEG	88.0	73.0	9	1
75	66	70	55	113	93	76	85	94	68	91	52	97	93
BMM	16.0	13.0	3	1
-2	21	24	7	28	19	22	18	13	6	14	12
