YBA	43.0	48.0	24	1
24	46	61	42	25	45	57	40	20	61	55	52	65	32	37	66
AOF	58.0	31.0	1	1
46	38	54	31	65	34	81	39	47	15
GMB	84.0	51.0	12	1
86	65	95	40	85	26	82	67	73	61
JZV	84.0	85.0	19	1
92	72	85	91	84	71	74	88	107	84	62	104
FNO	25.0	43.0	12	1
35	42	26	43	21	42	21	66	24	26
QRW	12.0	24.0	12	1
11	9	-6	42	7	23	16	43	2	18	25	16	31	17
KVO	32.0	76.0	11	1
16	69	18	84	35	85	45	64	28	105	46	68	36	60
RJG	91.0	28.0	3	1
96	21	96	39	80	7	101	48	77	6	111	44	82	32
KCS	6.0	84.0	1	1
-6	66	-4	99	23	94	-2	94	-2	65	27	91
EFS	96.0	41.0	5	1
75	39	107	53	93	53	74	14	108	54	121	35
THE	37.0	35.0	17	1
39	17	38	42	31	45	41	17	39	57
NDI	30.0	9.0	4	1
53	28	47	-10	16	17	33	33	25	-3	16	8	10	10	45	-4
NEW	18.0	86.0	18	1
14	74	25	98	-4	75	23	74	18	99	34	97
OZB	33.0	23.0	13	1
25	37	34	38	19	8	54	23	48	28	23	4
NBD	27.0	82.0	19	1
23	71	11	72	21	78	42	96	43	113	12	78	37	69
DIK	90.0	81.0	21	1
86	98	88	85	80	90	95	74	104	62
WLD	70.0	50.0	11	1
85	38	54	70	57	28	86	66
AOE	68.0	73.0	16	1
61	74	52	71	56	85	49	55	76	63	95	74	92	90
WCV	79.0	44.0	10	1
97	57	95	47	66	38	84	39	56	43
VGZ	-1.0	83.0	22	1
18	87	22	97	-23	83	-17	60	-6	88
OAC	97.0	8.0	15	1
79	3	103	28	92	-16	96	5	117	23
BGY	64.0	82.0	10	1
65	93	42	91	74	70	66	85	73	72
AVQ	33.0	34.0	16	1
28	44	56	17	12	53	56	28	31	23	34	27	14	48
RRD	23.0	66.0	19	1
2	58	34	59	40	87	5	58	14	66	43	71
DSU	27.0	90.0	7	1
18	90	25	99	25	76	28	87	27	98	44	92
CPY	81.0	8.0	17	1
64	8	81	23	90	0	92	4
RYH	18.0	53.0	12	1
-3	32	11	54	22	52	39	69	24	62
VFU	35.0	34.0	20	1
22	39	48	51	49	25	25	49	35	8
COR	52.0	74.0	12	1
56	72	52	81	47	52	49	95	62	90	70	81	32	47
ZRN	48.0	5.0	3	1
35	-12	70	24	46	6	58	-4	40	-10	53	2	39	29
XUQ	40.0	94.0	5	1
19	73	43	86	43	105	58	106	54	107	19	98	47	88
KUV	100.0	86.0	12	1
88	76	107	88	113	68	111	96	83	89	101	100
YEU	25.0	-9.0	17	1
25	-4	31	-18	27	-2	2	-14	42	-11
KSD	0.0	98.0	13	1
-6	111	-9	109	-2	108	1	79	19	83
AYG	36.0	73.0	9	1
32	72	17	90	61	73	20	54	39	50	33	77	49	92	39	83
QUW	24.0	61.0	20	1
18	49	30	78	11	60	38	58
PFI	30.0	82.0	2	1
29	62	24	86	29	93	45	60	23	63	46	107	18	107
NWS	58.0	66.0	20	1
69	60	46	66	48	72	72	66
MGZ	10.0	24.0	17	1
9	14	-15	23	29	19	6	27	25	41
THE	47.0	14.0	19	1
24	-4	38	33	52	18	35	10	70	18	56	24	59	3
GKU	63.0	-8.0	13	1
77	-8	42	-18	77	-8	58	0
WNK	36.0	50.0	15	1
18	48	50	57	49	59	33	38	31	52
ECC	81.0	5.0	13	1
88	24	69	9	74	-2	95	0	80	-2
LYQ	69.0	86.0	8	1
89	96	44	67	54	86	74	92	88	91
HBL	18.0	54.0	16	1
5	63	14	58	5	73	17	39	31	56	41	39
GWP	36.0	17.0	4	1
36	14	51	3	23	36	34	17
CIG	93.0	3.0	24	1
85	-10	76	-1	120	12	106	1	94	17	76	-4	116	14	73	-5
YFW	90.0	77.0	8	1
79	58	95	54	103	96	97	83	76	95
NCI	19.0	52.0	1	1
25	67	6	30	23	49	25	60	20	54
CYE	22.0	33.0	2	1
31	44	19	53	17	30	35	27	6	18	35	30	14	33
