YUD	56.0	76.0	8	1
48	72	65	90	54	73	70	95	44	52
JKH	49.0	10.0	1	1
53	-4	65	-12	43	34	36	22
SCM	17.0	56.0	1	1
6	72	11	64	27	63	30	50	0	56	33	52	16	37
OWI	23.0	73.0	7	1
39	65	26	95	10	85	25	65	19	71	22	62
XYR	22.0	78.0	5	1
27	92	6	83	29	67	38	69	8	81	24	78
KFC	46.0	69.0	2	1
34	46	37	72	28	85	71	77	67	52	53	83	33	73
MCM	85.0	96.0	4	1
77	112	85	73	81	110	95	98	98	105	77	83
VEF	68.0	42.0	7	1
61	36	70	62	47	57	81	24	85	39	66	35
XMC	75.0	21.0	9	1
78	22	94	9	64	30	66	26
PUU	72.0	98.0	1	1
51	97	69	112	93	92	63	109	72	102	89	88	60	97	84	94
LAN	67.0	14.0	1	1
63	-2	72	9	60	14	43	28	67	34	66	16	88	-12	84	26
ONO	15.0	39.0	4	1
9	35	12	26	20	29	9	39	12	57	32	52
NVH	75.0	39.0	10	1
63	30	80	71	75	45	57	32	89	32	88	28
NYZ	39.0	14.0	6	1
42	8	25	-1	38	18	33	15	60	30
EUG	19.0	40.0	6	1
30	51	26	51	26	32	10	55	6	15
WAW	-6.0	107.0	4	1
-15	116	-3	98	3	108	-14	111	-1	102
AMF	91.0	56.0	0	1
70	39	93	60	113	61	111	71	90	46	71	62
JKY	34.0	89.0	6	1
23	74	57	88	45	74	55	111	30	114	25	97	17	79	21	77
WKX	86.0	4.0	0	1
106	-13	68	27	70	28	93	-3	99	0	81	-13
UIU	103.0	13.0	2	1
83	22	110	29	115	2	110	-3	100	18
LJK	26.0	18.0	9	1
10	15	24	12	32	30	34	28	31	2	28	26
BMB	75.0	26.0	1	1
57	47	79	8	63	34	101	18	76	29	75	25
RPG	100.0	98.0	5	1
106	113	77	94	82	109	116	70	115	103	105	104
HHC	7.0	103.0	1	1
23	91	-12	85	1	114	-12	118	21	110	26	100
DWJ	42.0	37.0	0	1
55	39	63	37	26	23	29	30	28	41	51	54
TQQ	79.0	7.0	4	1
75	25	59	12	76	14	81	23	99	25	76	-4	92	-11	80	-21
NUS	40.0	25.0	4	1
58	33	29	26	40	18	19	13	58	25	40	37
ASR	63.0	102.0	2	1
68	107	86	106	56	115	43	106	40	102	77	95	67	79	72	108
YQA	50.0	89.0	9	1
61	101	55	84	64	62	62	100	42	79	41	101	40	93	42	94
GPU	78.0	17.0	3	1
85	1	53	36	85	11	89	23
JAO	54.0	82.0	2	1
45	72	55	79	50	65	65	94	32	73	64	88	68	104
ZJA	24.0	100.0	9	1
15	95	33	105	15	103	34	98
GSG	81.0	42.0	7	1
95	31	61	30	70	65	96	50	55	46	97	39	99	33
AQU	18.0	96.0	2	1
31	104	30	90	-6	105	26	81	36	119	-4	81
GQQ	49.0	40.0	7	1
52	59	33	27	29	16	28	38	73	60	68	29	65	51
AEG	24.0	73.0	8	1
37	85	36	95	-5	92	23	52	28	66	30	49
GOC	90.0	10.0	2	1
81	32	88	24	96	1	98	-12	103	-13	94	29	87	-4	80	27
VAU	95.0	61.0	5	1
85	52	110	79	93	43	73	53	117	80
CAJ	72.0	106.0	7	1
70	93	90	102	90	108	51	113	61	103	73	122
EKP	22.0	87.0	6	1
39	90	38	74	2	92	11	80	3	82	22	98	42	94
MCW	10.0	50.0	7	1
6	36	6	65	-13	49	-10	29	13	51	24	72	26	52	28	52
ZFM	54.0	32.0	10	1
72	37	44	23	54	57	55	13	45	22	74	46	34	31
BOP	30.0	84.0	2	1
53	109	23	109	11	62	33	77	30	65
TNY	103.0	37.0	5	1
113	56	93	22	90	27	118	52	104	28
XNV	43.0	84.0	8	1
58	100	32	74	17	102	38	80	62	98	59	68	40	70
NPG	27.0	14.0	2	1
14	-17	43	28	13	19	32	19	50	17	13	18
JVX	88.0	35.0	9	1
94	51	103	41	106	55	72	22	69	17	97	48	76	12
RUG	47.0	55.0	4	1
52	38	67	74	48	52	57	76	42	43	34	70	33	36
DRA	112.0	94.0	9	1
124	80	103	87	109	107	115	104
TXC	93.0	74.0	2	1
99	76	102	81	94	52	83	90	85	92	97	53
