PAR	52.0	82.0	5	1
48	81	48	67	52	66	58	93	58	103
ZMQ	83.0	76.0	11	1
89	78	67	95	96	85	102	55	84	70	73	65	76	84
BOE	66.0	37.0	21	1
77	38	47	41	86	30	61	51	68	31	64	42	60	29
DKI	41.0	78.0	3	1
62	68	40	71	61	91	28	89	18	72
GMJ	9.0	99.0	8	1
-6	113	22	84	20	113	21	106	-14	106	22	79	-18	83	29	108
JOZ	31.0	18.0	18	1
15	8	49	24	16	7	44	10	31	28	34	34
WPJ	46.0	43.0	19	1
27	33	45	69	41	25	37	48	57	28	69	60
BQU	43.0	95.0	22	1
39	98	78	88	37	107	38	99	35	92	34	89
GQT	19.0	89.0	18	1
18	111	11	85	1	69	30	93	39	89
AMB	12.0	30.0	19	1
16	28	38	9	15	35	22	39	-9	21	-7	48
GGE	15.0	42.0	25	1
-2	57	42	31	8	30	13	51
UIP	39.0	65.0	14	1
57	72	48	70	24	69	37	73	56	58	14	48
STO	78.0	102.0	3	1
80	100	73	121	85	117	54	97	89	113	81	109	99	80	66	79
GRU	-4.0	7.0	12	1
6	12	15	10	-18	-10	-11	4	-11	4	-7	24
IDS	19.0	13.0	3	1
13	27	14	41	17	15	15	1	14	7	19	3	46	2
IRS	23.0	21.0	5	1
6	42	22	19	39	8	17	15	18	10	36	34
FVO	94.0	26.0	10	1
84	14	91	23	85	11	111	50	106	37	92	21
MJK	87.0	23.0	9	1
100	44	93	32	76	12	82	5
GBP	46.0	52.0	12	1
50	63	52	25	42	53	47	58	43	62
RFI	90.0	22.0	16	1
101	19	99	37	106	10	99	45	94	1	67	4	67	38
JKS	35.0	-5.0	13	1
40	-4	37	-11	30	-9	47	0	28	4	29	-12
NHC	45.0	27.0	9	1
63	40	48	35	28	44	36	20	39	1	56	23
JQW	93.0	14.0	7	1
112	29	88	22	83	21	105	23	111	26	81	-5	101	17	68	-18
OYM	47.0	17.0	4	1
39	19	42	9	63	34	42	3	60	10	38	27
