HTP	62.0	85.0	13	1
46	84	62	83	69	94	66	78	60	76	43	69	79	98	73	105
DES	82.0	94.0	15	1
98	100	92	103	80	76	62	103	79	80	81	102
ILV	20.0	34.0	4	1
6	52	1	14	36	19	33	50	28	39
AMK	12.0	84.0	4	1
-2	75	12	75	-3	102	-5	90	35	79	23	77	28	91
MMV	37.0	73.0	4	1
36	76	48	65	43	92	41	59	28	81	26	68
DOK	79.0	1.0	22	1
74	15	89	-6	76	7	69	-14	80	16	88	-6	77	0
JLE	16.0	92.0	17	1
7	76	2	105	35	66	26	86	-1	108	27	114
BRW	87.0	15.0	20	1
89	-2	78	36	74	17	111	-2	85	29
IOV	59.0	10.0	1	1
49	-10	69	20	57	20	53	-7	69	27
ODF	56.0	33.0	20	1
57	55	71	20	40	14	76	31	44	40	51	42
DJI	87.0	-3.0	5	1
83	-13	97	9	92	-11	81	-4	82	0
RFE	61.0	49.0	23	1
70	59	79	34	78	60	42	46	40	47
GBM	64.0	18.0	22	1
68	16	49	16	93	36	47	4
NFK	63.0	-3.0	15	1
79	-16	62	-7	50	18	61	-7
TVA	63.0	68.0	15	1
57	48	80	62	48	89	67	65	58	75	70	70
HZM	55.0	44.0	2	1
44	64	83	29	38	41	39	59	42	26	81	64	61	28
MRU	51.0	45.0	24	1
73	26	59	61	51	37	66	65	41	70	40	37	31	24
BFA	98.0	66.0	9	1
99	59	73	79	96	38	115	74	107	81
SDP	62.0	93.0	21	1
45	97	75	93	43	98	49	100	82	77	61	90	82	100
UXV	63.0	7.0	16	1
52	-10	57	12	53	-9	81	16	78	11	58	27
FGS	43.0	44.0	20	1
40	43	48	44	58	49	31	50	39	38
LEG	4.0	35.0	9	1
9	16	-2	16	-9	30	-4	49	22	42	10	58
BPY	103.0	66.0	8	1
117	88	79	71	114	53	117	49	88	72
CEK	77.0	53.0	1	1
86	42	53	65	85	75	84	78	84	39	65	35	83	40
NSZ	86.0	42.0	24	1
108	60	62	43	68	26	72	35	66	61	104	18	105	50	108	46
JOV	2.0	48.0	18	1
-9	36	-14	65	22	58	-9	43	22	38
QVX	97.0	77.0	2	1
107	62	83	89	107	90	87	66	73	82	112	64	110	91	101	74
XAC	23.0	71.0	21	1
26	76	18	57	11	80	14	58	49	86
HMA	12.0	58.0	3	1
-5	46	21	41	11	68	25	70	13	64	-3	66	24	55
FFT	78.0	44.0	22	1
57	50	88	55	95	47	93	28	49	37	90	51
VIP	32.0	77.0	8	1
28	90	39	54	28	84	50	86	41	85	7	59	32	85
