VGX	5.0	8.0	3	1
-3	-8	-4	6	4	9	-1	34	23	-6	9	11	13	12
ABY	95.0	92.0	7	1
112	105	107	84	108	99	78	94	71	79
SDA	94.0	39.0	5	1
101	37	115	37	110	47	76	46	72	40	95	27
FYG	19.0	77.0	10	1
15	89	35	81	39	71	-2	62	15	63	31	83	4	91
KJO	47.0	82.0	9	1
30	76	72	82	50	75	27	84	58	94
DYY	33.0	42.0	7	1
19	46	24	42	34	52	55	29
KLT	82.0	61.0	5	1
81	62	72	61	79	64	99	60
JUJ	63.0	59.0	8	1
73	80	74	67	60	70	72	40	39	67	63	40	60	52
EBU	90.0	64.0	7	1
72	47	86	79	103	80	100	74	100	67	104	51	69	53
DFD	59.0	19.0	2	1
53	15	67	39	57	38	50	7	47	5	84	10
EMA	88.0	13.0	7	1
92	20	86	25	98	24	91	22	100	-4	74	11	81	-7
SXI	24.0	92.0	6	1
30	111	8	78	37	100	31	66	7	107	38	102	22	85
DJE	39.0	66.0	9	1
54	75	44	90	56	71	25	51	36	55	9	57	50	64
GEF	18.0	63.0	8	1
25	63	0	64	22	61	21	65	23	66
TUV	69.0	60.0	3	1
70	51	70	54	67	61	69	76
GLH	14.0	-7.0	2	1
13	-18	-4	-5	0	-2	24	-19	30	-10	24	10
QOK	99.0	44.0	10	1
121	67	75	47	109	45	96	26	90	30	99	39	104	59
JNG	102.0	24.0	7	1
119	22	106	30	82	36	109	33	103	18	98	8
IJT	2.0	40.0	6	1
-4	31	31	60	3	62	-13	27	-6	19	-10	33	13	54
KCC	76.0	84.0	6	1
70	95	59	69	101	83	70	97	83	79
XYP	95.0	48.0	7	1
92	52	110	51	116	59	75	34	112	49	69	44
WWS	35.0	37.0	9	1
37	50	27	54	38	13	26	55	54	35	30	18
OEK	89.0	34.0	7	1
87	16	87	32	114	50	85	50	102	34	84	13	68	45
CBB	14.0	5.0	10	1
16	-9	38	24	6	24	10	11	0	-23
JYM	23.0	74.0	6	1
42	97	19	75	25	60	8	67
TIE	29.0	76.0	3	1
47	80	32	81	25	54	7	86	36	83
CHP	56.0	75.0	2	1
80	74	53	83	46	86	53	62	53	75	48	61	65	85
XQB	46.0	-3.0	1	1
50	-16	62	4	38	12	36	-14
ZMZ	3.0	52.0	5	1
-5	31	-1	52	29	31	-9	55	-4	69	3	58	12	74
BIQ	40.0	67.0	1	1
40	54	54	76	35	80	31	50	65	60	18	84
RHU	19.0	69.0	4	1
3	88	45	54	4	53	25	85	15	66	7	74	39	65
BNL	87.0	43.0	3	1
81	60	112	44	66	33	91	50	70	31	103	40
ADI	95.0	109.0	1	1
78	118	76	121	104	77	92	121	113	123	107	98
YFM	45.0	31.0	1	1
43	56	37	33	55	16	45	20
QQT	3.0	87.0	5	1
25	88	-2	111	13	109	-10	83	16	86	-7	65	-14	72
SCE	68.0	14.0	9	1
67	28	81	-2	49	-2	74	32	72	22	57	25	81	17	63	-2
IKH	5.0	57.0	7	1
13	78	7	46	-19	62	26	53	1	47
FZJ	67.0	83.0	6	1
82	90	71	76	65	73	61	94	67	72	78	78	45	99
XPG	66.0	51.0	9	1
50	27	72	51	48	66	64	64	81	56	82	28	71	65
ERL	23.0	54.0	7	1
37	78	20	46	17	63	30	62	34	40	1	36
IAT	20.0	16.0	3	1
-8	26	34	9	29	19	34	20	13	9
IAM	55.0	30.0	8	1
60	30	59	31	55	29	38	53	66	11
MVT	25.0	20.0	7	1
37	7	34	6	43	37	16	24	22	14	2	36
AGT	35.0	25.0	1	1
36	7	14	39	46	8	55	51	38	16	23	33
