GFD	39.0	84.0	7	1
40	106	46	76	37	93	30	78	46	71
BZN	25.0	10.0	9	1
33	28	14	-2	37	9	28	9	3	18	40	-2
AKH	51.0	35.0	1	1
31	32	43	35	58	36	51	49	59	45	69	15
GCL	-5.0	99.0	6	1
-12	91	0	88	-11	89	-3	107	-18	92	5	110	0	117
TYI	14.0	35.0	2	1
14	35	-4	20	37	44	35	41	12	36	37	46	-11	39	-3	19
WVR	79.0	10.0	3	1
79	29	74	23	79	27	91	-12	91	-9	60	3
GIZ	57.0	102.0	3	1
47	101	57	114	72	100	43	84	67	112
IZH	58.0	26.0	7	1
48	43	70	41	75	16	60	20	38	13
BWB	58.0	84.0	3	1
37	92	44	83	80	100	70	69	45	83	74	78
JAT	69.0	33.0	10	1
53	37	62	17	66	17	65	33	64	56	70	20	95	47	82	40
FAH	75.0	74.0	8	1
78	60	66	61	78	87	78	63	82	80	69	93
