RGF	45.0	71.0	20	1
39	52	76	67	36	67	48	65	31	75	46	76	47	83	44	83
ZGJ	4.0	94.0	12	1
-10	106	-2	88	-1	105	-5	97	11	73	-2	93	32	98	14	93
ZIN	33.0	55.0	13	1
52	37	51	50	19	75	4	73	29	59	31	41	47	52
HBH	51.0	8.0	17	1
70	15	65	-13	57	3	32	14	31	23
KZV	-5.0	95.0	4	1
-17	117	-1	107	-6	73	3	88	-8	91
KYS	2.0	10.0	12	1
33	3	-6	6	-1	30	-10	15	-5	-2
ECJ	79.0	66.0	5	1
74	43	91	70	94	72	85	73	51	76
YLX	83.0	78.0	24	1
79	67	66	88	102	65	102	66	67	104
MMN	56.0	36.0	23	1
41	31	60	39	67	46	63	27	38	33	71	44
ZUZ	-6.0	89.0	21	1
2	109	-16	63	-21	97	-3	98	-18	82	-5	86	-7	105	13	73
EXV	15.0	41.0	23	1
-8	68	15	33	36	57	-2	22	37	28
KCN	79.0	41.0	13	1
74	23	74	45	99	41	60	31	76	49	65	33	106	69
IZQ	40.0	78.0	22	1
21	96	30	70	51	76	61	70
UTG	12.0	94.0	0	1
33	90	19	103	-8	97	27	115	7	96	9	75	3	88
PYA	65.0	24.0	11	1
87	15	71	20	45	33	69	25	60	41	60	15	65	20
JVM	37.0	24.0	22	1
58	19	41	33	29	1	57	36	16	11	24	46
WOB	85.0	80.0	8	1
75	75	94	100	83	86	86	71	89	68
KPN	62.0	26.0	22	1
55	9	89	10	59	45	87	22	69	39	46	47	53	10	44	28
URE	4.0	74.0	13	1
23	88	10	72	-15	65	1	72
MLE	38.0	37.0	9	1
36	41	30	53	47	22	35	47	42	25
GFJ	38.0	-4.0	17	1
22	-9	53	-18	54	7	21	-15	48	5	31	5
JBW	88.0	81.0	4	1
83	74	70	68	102	94	84	61	101	100	81	73	100	99
AJE	99.0	63.0	5	1
105	58	117	55	91	62	92	66	91	75
UTM	59.0	43.0	4	1
44	37	77	55	77	57	40	50	49	28	70	32
