JEI	22.0	34.0	7	1
-1	59	25	30	29	58	31	19	18	17	32	21
SSD	74.0	45.0	3	1
78	61	84	48	90	58	52	43	67	17
MFQ	74.0	30.0	8	1
73	11	99	35	66	34	85	36	61	19	99	54	58	44	57	10
AQI	36.0	64.0	7	1
32	57	44	76	42	85	27	39
HEQ	0.0	61.0	9	1
1	45	9	78	7	77	0	46	-20	59
RIH	38.0	47.0	7	1
56	65	47	28	38	52	29	51	32	58	16	42	39	39	50	43
AZW	32.0	34.0	3	1
3	28	39	25	29	33	36	38	33	38	36	45	50	33
GZJ	32.0	22.0	5	1
29	27	28	21	43	24	30	18
TOP	74.0	76.0	1	1
73	79	94	88	85	89	56	54	92	83	50	89	68	53
QXV	74.0	95.0	5	1
55	89	86	120	75	101	84	74	71	108	75	83
JJR	87.0	71.0	3	1
108	81	109	79	64	86	84	61	70	63	91	60
ECI	25.0	67.0	0	1
15	65	5	79	27	79	17	62	40	76	34	49	40	63
GSX	21.0	80.0	6	1
35	68	0	73	35	73	6	109	20	96	39	71	-1	75	39	75
BVG	42.0	84.0	6	1
56	100	42	65	53	77	20	81	57	80	39	89	19	88	54	96
FTC	37.0	94.0	5	1
44	81	32	97	40	107	35	118	48	97	49	76	12	88
EOI	21.0	43.0	10	1
3	48	10	41	44	50	39	27	7	35	26	62
DBL	92.0	97.0	9	1
69	84	100	72	91	89	110	109	80	117	106	100	92	110
BHJ	33.0	47.0	9	1
9	26	29	30	50	72	33	63	29	38	51	54
NXT	51.0	90.0	9	1
56	79	41	95	35	112	45	95	58	113	77	79	40	81	61	72
GYE	14.0	101.0	4	1
14	92	-6	105	29	87	15	124	16	88	19	117	4	93	24	105
IRL	17.0	97.0	1	1
35	95	26	98	-1	107	11	91
BSX	71.0	40.0	1	1
87	47	54	37	83	55	59	27	71	49	86	29	50	30	80	47
LWN	32.0	41.0	9	1
33	31	21	18	53	52	19	33	32	56	34	56
WAO	27.0	14.0	2	1
39	37	45	1	12	18	35	16	45	1	15	29	30	3	2	12
OTP	32.0	51.0	8	1
6	66	49	49	27	61	46	29
QAR	47.0	0.0	1	1
61	1	40	-16	34	4	39	21	64	-6
VAS	71.0	13.0	6	1
49	30	93	1	85	18	74	1	53	17	74	8	70	16
HOM	29.0	84.0	2	1
34	80	19	95	58	71	26	77	15	93	23	79	12	75	52	105
JMI	5.0	102.0	2	1
-1	118	25	81	7	110	-10	102
BQZ	18.0	8.0	3	1
-2	28	35	30	14	-5	33	-5	18	-4	4	22	14	4	35	-5
HZF	99.0	62.0	3	1
104	82	93	63	111	58	90	46
DSA	75.0	56.0	4	1
69	50	94	48	72	73	76	41	83	59	57	70
MFE	67.0	55.0	8	1
53	52	65	41	54	66	96	64
UJX	57.0	13.0	8	1
47	15	76	24	40	-17	81	24	41	19
FUP	48.0	0.0	4	1
62	-4	39	-5	41	-18	65	25	35	-1
NZY	29.0	32.0	5	1
31	38	23	43	37	26	15	49	20	26	30	11	53	36
GMH	21.0	75.0	3	1
45	70	22	57	16	86	5	81	1	93	19	52	42	88
UNX	38.0	24.0	8	1
20	34	63	13	43	50	36	21	30	24	26	18	52	13
IOE	63.0	95.0	9	1
49	93	93	100	67	109	51	81	55	94
ZUK	87.0	54.0	0	1
105	48	105	65	73	62	74	43	79	53
