HYU	6.0	23.0	6	1
10	32	2	26	-6	33	25	30	3	-6
YRE	28.0	8.0	3	1
32	13	39	-16	33	9	20	8	24	1	35	20	19	22
WHT	17.0	96.0	6	1
5	83	42	105	6	110	23	85	10	97
WRB	64.0	84.0	7	1
69	82	47	93	53	89	77	85	56	63	84	94
VRJ	27.0	79.0	4	1
36	72	35	61	38	82	28	104	5	87	22	68
JJW	38.0	53.0	5	1
27	71	38	49	42	40	56	43	27	65
SDQ	52.0	83.0	9	1
67	96	72	86	34	69	30	70	77	83	52	75	39	108	50	80
IRC	0.0	27.0	1	1
10	39	17	51	-20	9	-19	19	4	12	-4	39	9	26
BMR	34.0	49.0	2	1
22	31	31	38	45	52	43	62	30	37	37	75
RUX	83.0	63.0	4	1
69	72	85	79	101	50	84	58	76	59
XHY	36.0	70.0	1	1
64	71	31	85	41	65	20	79	24	51
GQM	79.0	9.0	4	1
78	1	72	9	79	-12	105	17	81	16	83	11	59	22
UIP	62.0	85.0	7	1
85	92	74	102	46	66	63	86	44	83
NDK	8.0	23.0	5	1
0	26	-2	24	14	12	19	33	13	20
KQB	33.0	78.0	2	1
26	63	12	64	51	84	36	77	42	103
VWN	43.0	5.0	8	1
44	25	30	-3	28	17	53	-12	50	-1	58	4
CGV	2.0	16.0	4	1
-4	28	2	18	10	15	-1	-3	7	22
DRA	28.0	98.0	1	1
44	103	7	111	51	100	20	76	15	97	26	113	36	71	25	117
CQU	83.0	21.0	9	1
88	42	76	6	66	43	77	7	107	2	66	7	105	45
PIN	87.0	72.0	3	1
109	56	109	63	72	82	82	82	64	79
XES	79.0	91.0	9	1
90	93	89	101	95	111	85	81	61	92	76	76	81	73	61	101
VUB	59.0	52.0	9	1
54	68	66	53	64	61	42	47	56	48	35	68	77	30	82	46
XEB	91.0	44.0	3	1
71	57	105	41	88	71	102	26	93	29
YCD	33.0	42.0	8	1
53	51	37	39	37	25	26	69	45	36	18	26	20	48
WEH	79.0	-2.0	10	1
90	0	88	18	48	-9	84	-14	95	14	71	-22
PZL	23.0	8.0	5	1
50	-1	8	-16	12	7	39	16	8	18	25	25
HLP	25.0	47.0	9	1
11	59	32	55	31	32	32	27	23	63
PCA	14.0	-12.0	5	1
25	-16	19	-20	5	11	15	-15	8	-17	15	-19
TDU	77.0	54.0	5	1
72	29	73	71	92	66	74	51
NPC	65.0	35.0	3	1
52	38	60	35	66	35	78	20	50	49	73	30	86	39	62	38
ZJC	46.0	22.0	4	1
50	-1	46	31	33	42	34	24	56	12	63	7	39	19	48	44
WNC	-9.0	68.0	7	1
7	57	-11	61	-20	87	-15	67
QWV	92.0	5.0	8	1
96	-21	75	24	100	17	79	-2	85	14	117	3
MQV	100.0	33.0	7	1
99	50	121	56	102	20	99	21	80	18
ZHP	97.0	60.0	7	1
108	46	103	82	96	56	83	57
QZQ	12.0	27.0	10	1
16	20	15	41	-4	18	1	47	28	21	-1	25	13	35	30	15
UDF	36.0	19.0	10	1
12	18	49	3	36	34	48	27	39	13
FGF	22.0	55.0	8	1
39	51	6	62	19	47	47	56	17	64	21	63	11	46
OSZ	58.0	21.0	0	1
66	8	48	18	44	10	75	51
XRF	62.0	94.0	4	1
49	89	86	102	82	85	81	118	39	98	40	73
FMO	23.0	17.0	4	1
48	43	30	-1	24	0	26	9	2	10	8	46
WOO	79.0	24.0	6	1
66	30	81	8	74	10	82	27	78	37	94	29	76	39	82	15
QVQ	8.0	45.0	0	1
32	54	7	69	8	33	11	51	3	33	1	33	-1	42
XPG	33.0	10.0	8	1
48	10	27	30	20	2	33	-11	41	22
UHK	93.0	20.0	7	1
98	40	70	21	106	37	95	18	70	12	86	8	105	9	118	16
UPQ	64.0	87.0	6	1
76	76	78	84	67	86	58	83	65	91	64	94	49	75	61	107
NRS	80.0	35.0	2	1
75	37	55	31	94	53	70	28	92	33	95	33
