QZH	52.0	3.0	13	1
65	7	57	-6	57	21	32	-2	62	1	48	-20	49	22
SBC	39.0	88.0	14	1
30	72	50	104	53	75	51	105	10	99	43	74	53	85	27	90
FVN	79.0	45.0	17	1
61	50	104	46	65	30	75	60	69	59	102	27
JWT	90.0	87.0	3	1
91	80	72	93	72	82	103	76	117	93	99	85	81	106
VGU	16.0	68.0	11	1
6	59	8	57	42	69	-1	79	12	58	33	83	16	76
JDK	51.0	0.0	11	1
42	-1	41	0	34	8	66	-17	71	24	27	-15	76	-1
WNN	72.0	19.0	1	1
76	5	87	17	93	38	47	23	61	13
SJW	68.0	94.0	20	1
73	79	71	102	74	88	51	78	79	119	52	111	76	83
NRJ	18.0	30.0	21	1
23	46	6	18	23	11	-5	35	39	31	27	44
VZI	39.0	32.0	2	1
34	27	38	38	19	26	56	50	52	22
WCP	13.0	11.0	13	1
14	13	5	34	35	3	0	14	12	-8
VDO	55.0	11.0	7	1
56	10	73	0	40	24	51	12
TFL	53.0	74.0	21	1
59	67	53	62	40	94	77	55	44	92	64	55	40	95
