RIP	102.0	33.0	20	1
95	16	120	50	77	28	89	31	117	34	116	34	100	39
EHP	62.0	48.0	1	1
81	63	64	33	68	66	58	24	40	58
RMW	54.0	18.0	9	1
47	40	42	-1	67	34	58	11	49	18	50	24	64	0	57	25
DYD	67.0	82.0	13	1
66	64	77	89	69	64	62	105	61	92
DZM	91.0	67.0	10	1
105	91	85	52	96	81	85	59	88	54
ZQF	31.0	52.0	18	1
37	60	12	56	15	50	33	40	60	55
OFI	69.0	89.0	21	1
45	78	80	69	80	93	37	96	82	86	82	109	80	92
WED	52.0	31.0	11	1
62	15	63	24	30	49	57	34	52	31	42	25	60	44
YMQ	85.0	11.0	12	1
68	17	108	-3	78	-8	97	13	90	27	70	24
EEN	78.0	54.0	9	1
69	60	71	69	86	29	73	56	85	54	89	46	74	69
YMU	27.0	55.0	24	1
17	50	38	61	42	57	19	61	19	49
XQL	26.0	84.0	2	1
27	72	24	86	38	78	40	82	38	94	19	97	-4	83
LJV	32.0	97.0	5	1
47	102	34	93	26	115	36	80	31	80	20	115
EYD	78.0	49.0	18	1
58	67	100	45	99	64	84	36	51	35
MFR	63.0	83.0	10	1
70	98	43	102	44	100	53	69	89	75	74	75	73	68
RBY	93.0	95.0	6	1
89	113	115	99	103	76	87	101	93	113	75	70
MOJ	67.0	37.0	3	1
65	46	81	24	83	66	45	63	72	24	70	23	41	32	84	22
ZKF	64.0	60.0	23	1
73	69	72	58	84	48	54	46	61	62	40	80
TLS	56.0	39.0	21	1
31	36	55	21	77	38	69	45	44	61	65	49	35	14	73	51
RFD	29.0	49.0	5	1
20	31	27	58	41	61	9	66	38	43	39	35
YZY	75.0	85.0	25	1
74	99	94	71	91	72	54	97	86	91	53	85
JTB	3.0	15.0	15	1
14	28	4	18	-5	12	-7	-12	-1	33	15	14
LMM	-5.0	19.0	2	1
-11	19	-16	32	-3	0	-2	23	-17	31	16	-9	-3	37
PSJ	-6.0	29.0	19	1
8	34	-7	21	-20	15	-8	49
DSH	90.0	58.0	12	1
99	43	82	61	108	79	97	38	84	72	72	58
CJT	86.0	75.0	5	1
70	59	70	72	101	73	115	81	69	92	93	74
SCT	76.0	60.0	4	1
76	68	77	71	75	42	84	60	76	64	73	55
KIT	34.0	42.0	4	1
29	48	24	46	45	41	17	52	47	53	39	33	38	24
MQU	45.0	56.0	8	1
40	46	37	60	35	51	62	66	32	37	48	59	67	69	45	63
LGA	24.0	83.0	8	1
20	74	23	96	9	94	49	76	22	76
CNC	4.0	96.0	20	1
1	103	-13	97	-1	91	30	94
LZJ	38.0	83.0	22	1
40	65	27	69	21	95	26	96	57	96	61	69	39	97
EQI	96.0	1.0	9	1
79	-5	110	-4	91	17	104	-2
HVR	29.0	103.0	15	1
20	105	32	106	38	96	31	95	18	102	15	99	40	110	43	115
ZJO	73.0	93.0	0	1
86	110	59	107	58	106	84	79	67	97	63	89	97	66
VLH	80.0	48.0	13	1
63	49	97	33	93	55	62	55	89	51
PCG	64.0	34.0	16	1
51	18	54	36	84	37	70	47
KET	68.0	39.0	7	1
38	66	79	39	87	39	44	28	79	25	85	30	78	45	60	42
QZF	24.0	56.0	8	1
46	68	13	76	41	77	9	67	18	39	4	44	28	44	33	40
NXC	40.0	14.0	21	1
44	-1	33	9	55	25	28	23
AIA	78.0	91.0	24	1
82	104	79	96	99	67	62	96	72	100	89	96	69	84
MKU	10.0	90.0	19	1
19	92	21	85	-1	95	16	90	9	87	-3	91
WXV	5.0	64.0	1	1
-8	83	24	76	-5	50	17	56	-14	65	7	77	21	48	2	61
NSL	81.0	73.0	18	1
87	69	58	70	90	70	106	78	68	82
SKU	95.0	95.0	8	1
120	108	93	72	112	94	75	98	79	105
OOC	-10.0	71.0	13	1
-13	90	22	51	-20	76	-24	93	-7	55	-18	62
