ZPT	2.0	9.0	9	1
4	25	4	8	24	-1	-14	-8	-4	21
DEA	12.0	84.0	7	1
1	69	29	97	-6	99	39	52	10	100	-9	90	21	82
AXM	18.0	90.0	9	1
30	115	9	79	5	85	25	107	10	75	26	87	23	82
RTG	31.0	6.0	5	1
29	-9	36	-6	49	5	20	19	33	9	24	23
RXB	51.0	6.0	3	1
52	-15	41	31	53	21	29	11	71	-14	54	-3	61	16
IIG	26.0	8.0	4	1
30	19	29	15	28	1	12	24	22	-15	35	5
VKN	100.0	52.0	5	1
107	63	90	68	111	50	88	52	106	31
BKX	73.0	96.0	10	1
69	99	93	92	79	109	47	79	86	93	49	104	91	93	75	100
GXN	63.0	49.0	6	1
60	32	52	31	47	50	73	64	86	69
TRW	92.0	83.0	3	1
109	87	106	64	97	88	83	77	69	99
VSY	77.0	57.0	6	1
60	71	75	62	69	46	101	51	84	57
RVR	74.0	61.0	8	1
58	75	68	48	95	77	88	42	65	37	67	73	77	81
TEN	97.0	79.0	1	1
91	98	112	69	106	74	114	68	65	90
KYG	9.0	55.0	7	1
-14	62	30	75	8	50	15	36
TIJ	13.0	52.0	8	1
40	48	-3	43	-5	40	0	62	14	61	36	58
TWI	44.0	22.0	4	1
30	21	37	5	65	27	44	9	47	48
BFU	47.0	66.0	7	1
35	96	37	77	66	55	46	68	38	62	72	57	41	49
YZG	42.0	8.0	10	1
26	25	60	18	51	-13	46	1	31	10
LSS	80.0	73.0	9	1
89	59	100	59	78	62	62	94	74	92
QDF	12.0	15.0	10	1
1	15	26	25	12	15	13	32	26	-2	4	31	3	-8
OJO	7.0	77.0	0	1
-15	76	0	83	-2	76	22	54	30	98
LSD	49.0	90.0	3	1
71	113	34	84	33	73	63	105	45	75
ZOH	59.0	44.0	0	1
66	44	60	48	35	49	64	43	73	39
MOV	31.0	61.0	9	1
31	52	47	62	24	82	48	44	21	53	19	78
CFY	49.0	101.0	3	1
67	79	72	103	34	105	56	80	36	121	52	101	30	119
VQH	28.0	77.0	7	1
14	74	8	61	43	98	22	68	44	97	40	67
BGO	88.0	8.0	3	1
110	19	75	5	93	5	109	16	75	5	66	0
FLG	44.0	62.0	0	1
32	53	67	59	37	77	42	62
DGY	5.0	89.0	8	1
7	89	5	76	10	78	1	105	-12	76	18	102	7	102
GXT	26.0	39.0	5	1
15	27	12	38	33	30	8	52	47	41	4	37	42	57	47	36
UAO	9.0	52.0	9	1
25	57	-1	37	27	57	5	47	9	72	-11	43
XPP	23.0	65.0	0	1
23	52	14	55	24	62	20	69	30	69	27	83
RZB	79.0	98.0	4	1
86	79	59	113	83	96	106	99	76	112	68	90
FAU	46.0	3.0	4	1
61	17	50	-4	45	-1	39	9	35	-5
NVX	17.0	55.0	9	1
9	36	13	60	20	73	23	69	23	39
AEE	23.0	22.0	8	1
19	0	37	36	21	22	27	6	8	40	28	31
FYY	61.0	26.0	0	1
62	34	72	37	50	10	71	20	53	30
KEW	39.0	4.0	3	1
64	-5	24	25	33	6	29	2	32	3	56	-3
QKH	99.0	79.0	7	1
88	85	114	89	114	92	113	63	114	64	80	64	76	101
EKV	12.0	18.0	10	1
2	38	-8	33	9	12	26	2	33	7
CQD	42.0	57.0	9	1
62	45	21	78	20	75	55	64	36	48	59	36
AYY	89.0	28.0	1	1
111	38	71	20	89	18	114	24	74	50	78	23
YYA	14.0	59.0	1	1
1	56	6	56	12	64	3	60	36	53	29	67
AYU	83.0	35.0	7	1
86	28	98	24	70	51	73	21	71	27	93	26	96	68
