YDE	-2.0	74.0	3	1
-12	56	-15	76	22	96	-1	71	-5	75
XGL	79.0	76.0	8	1
97	81	76	93	82	74	90	80	54	54
QSX	35.0	41.0	0	1
46	46	25	53	49	53	20	28	41	20	45	49	25	42
DUW	41.0	70.0	5	1
50	87	29	82	53	51	29	55	29	57	52	68	37	85	51	78
MTY	-6.0	36.0	7	1
-10	37	-20	35	-13	52	-4	41	14	19
MXM	18.0	70.0	5	1
-5	72	27	47	19	82	18	53	16	95	33	76
FEM	104.0	15.0	4	1
97	3	93	18	110	24	114	-4	112	26	99	27
VNY	23.0	27.0	2	1
36	15	7	41	33	11	9	12	38	50	20	35
KVB	46.0	28.0	1	1
34	36	45	17	43	16	51	43	60	32
OHH	26.0	-7.0	4	1
49	-5	11	1	11	-5	34	-22
OOE	60.0	31.0	10	1
50	31	63	41	77	34	38	28	76	25
EWU	17.0	19.0	3	1
-5	22	29	20	31	23	27	17	5	17
LUM	58.0	33.0	1	1
71	29	44	29	40	32	80	36	41	17	72	43	58	45
WIU	87.0	64.0	1	1
69	72	113	57	115	64	71	64	67	67
JWO	86.0	52.0	8	1
72	53	89	64	114	17	76	57	100	60	69	62
USR	67.0	75.0	6	1
59	100	73	72	64	58	61	70	66	68	80	86
MJF	71.0	69.0	5	1
59	76	65	72	84	90	76	47	66	70	77	68	70	65
LHQ	82.0	72.0	9	1
67	63	101	73	95	89	65	66
WNW	39.0	10.0	10	1
43	27	33	-1	32	-1	46	20	36	1	49	14
BNK	-5.0	43.0	4	1
17	26	-8	68	-11	29	-16	43	-8	54	-15	60	0	27
JTR	60.0	95.0	10	1
56	88	45	87	50	109	60	84	94	83	50	110	71	104
CCI	88.0	69.0	7	1
58	68	89	77	98	56	101	76	96	71
OYU	59.0	33.0	2	1
53	23	38	23	80	47	81	37	59	40	44	38	64	24
QRB	86.0	78.0	4	1
102	76	69	84	103	74	72	81
RRK	88.0	88.0	3	1
87	87	66	96	102	89	100	102	85	66
OWK	13.0	25.0	10	1
20	30	19	8	0	45	0	27	18	13	12	32	27	26
NNQ	8.0	57.0	9	1
13	54	28	63	-9	57	10	71	5	53	-9	41	24	66
QAO	1.0	3.0	8	1
22	-17	-21	28	-8	3	24	10	-10	-8
MVJ	79.0	20.0	4	1
81	7	95	39	100	32	68	10	62	23	71	11
TSI	75.0	81.0	2	1
82	98	66	80	95	80	89	65	68	81	65	90	64	74
YOG	49.0	78.0	8	1
73	97	48	95	42	71	39	52	46	76
BGL	-4.0	49.0	5	1
-1	75	-18	53	-8	37	2	46	22	54	-17	49	-12	32
KRI	18.0	83.0	9	1
17	95	26	91	15	81	39	72	4	81	11	80
UHS	25.0	24.0	2	1
9	35	40	21	29	32	12	10	19	33	38	5	32	37
AJA	49.0	51.0	1	1
56	40	32	40	60	43	37	79	60	53
MRL	92.0	13.0	5	1
89	21	92	5	99	16	72	18	106	0	71	29	107	1	104	16
PCU	84.0	82.0	6	1
74	90	73	80	103	87	87	71
UNR	28.0	12.0	1	1
27	26	42	12	23	-9	27	23	21	10
NHA	42.0	38.0	10	1
36	21	57	44	44	40	17	48	57	41	46	36
LAV	72.0	18.0	8	1
76	21	51	14	76	21	91	-4	67	39	55	-2	94	40
MWH	82.0	84.0	6	1
69	87	93	60	79	102	82	95	92	103	78	58
TZL	60.0	49.0	0	1
56	48	82	33	54	58	83	47	63	44	41	63	63	36	40	63
KTX	14.0	64.0	7	1
25	83	33	74	-8	48	33	79	-9	38
OCG	78.0	88.0	1	1
91	87	87	71	73	106	72	101	67	77
XSR	29.0	44.0	6	1
31	34	10	55	48	47	41	57	48	31	18	60	7	30
ZAP	50.0	89.0	3	1
51	73	38	81	43	94	69	111
JSS	105.0	17.0	9	1
100	16	106	22	92	14	106	19	114	26	114	6
