GBQ	62.0	69.0	14	1
77	59	79	59	51	71	46	91	54	63	68	74
WUV	-1.0	62.0	7	1
-10	59	14	69	4	65	-12	56
HNZ	68.0	33.0	4	1
53	49	83	38	64	28	70	23	57	37	75	26	79	36
FVB	10.0	76.0	2	1
38	89	1	77	10	83	-8	45	24	86	-3	81
CUL	1.0	91.0	16	1
16	106	-18	75	-10	63	-3	104	14	108	0	87	11	99
API	87.0	4.0	8	1
69	-8	70	11	78	-1	77	1	114	22	115	3
MFB	55.0	31.0	5	1
82	19	41	33	35	22	74	43	41	16	55	43	61	47
UTL	8.0	36.0	5	1
13	33	20	43	5	60	-6	24	11	23
VNK	0.0	58.0	8	1
17	59	-15	65	4	58	10	57	-11	61	10	64	-12	42
ZSJ	53.0	30.0	13	1
53	43	49	10	44	16	51	38	69	29	54	40	51	37
JYP	89.0	49.0	25	1
85	60	103	37	79	56	102	62	80	33	98	41	78	54
JIE	53.0	55.0	8	1
24	51	67	68	58	71	66	31
XQZ	47.0	85.0	22	1
80	93	38	76	53	93	36	94	41	72	37	86
UAI	65.0	4.0	9	1
67	10	69	7	75	-6	50	-1	64	12
TMI	64.0	34.0	4	1
91	18	85	54	54	34	56	29	48	22	50	48
MGS	9.0	50.0	15	1
2	45	-17	65	29	35	28	43	0	59	23	45	2	64
MGZ	1.0	33.0	12	1
16	8	-11	9	-4	48	-9	47	14	56
LSM	74.0	82.0	18	1
71	95	61	63	89	96	72	72	79	86
XOT	88.0	89.0	23	1
84	89	87	95	118	108	78	78	73	78
NCD	9.0	39.0	16	1
-2	12	30	41	13	49	5	26	5	50	7	56
RZO	81.0	19.0	23	1
94	31	93	17	53	33	80	-1	66	34	90	11	95	8
