OHI	66.0	75.0	1	1
81	55	72	94	48	78	46	63	83	99	68	65
GLU	45.0	75.0	3	1
35	73	43	92	70	83	22	63	25	75	59	74	63	70
ZHR	2.0	73.0	9	1
24	86	-15	82	19	47	-8	70	-19	93	7	91	2	51	11	64
OBU	1.0	18.0	0	1
-17	39	8	13	18	14	-8	11	-8	13	13	21
FGP	89.0	85.0	10	1
71	82	95	106	91	73	83	95	74	71	95	75	104	90	106	95
JKP	72.0	59.0	4	1
67	76	70	38	55	74	85	68	83	43
SCG	26.0	0.0	5	1
15	5	49	9	19	-12	43	6	14	-10	17	2
HFM	27.0	22.0	8	1
5	19	47	27	13	38	16	23	33	14	48	16
SAQ	2.0	82.0	9	1
-2	76	-17	98	24	95	-18	64	23	66	0	75	9	85	-1	104
VAO	23.0	82.0	4	1
34	74	-3	76	23	75	40	104
GTV	79.0	34.0	4	1
67	41	98	59	96	27	86	41	63	15	67	16	81	45
TUL	84.0	9.0	5	1
60	-9	94	-7	84	12	77	25	107	29	87	6
KJU	10.0	66.0	6	1
28	64	14	51	-8	54	-5	79	21	83
COO	48.0	92.0	2	1
35	108	77	106	29	98	38	85	64	67
FOV	52.0	86.0	9	1
70	82	69	102	61	67	33	96	31	83
