AJM	80.0	93.0	6	1
60	112	94	69	95	88	75	112	94	91	84	69	64	110
FUE	71.0	44.0	2	1
88	56	79	32	74	35	46	53
TSG	101.0	0.0	6	1
89	-13	121	28	103	19	75	9	120	-16	105	-15	97	-10
SIX	21.0	47.0	1	1
15	38	36	55	2	65	32	50	38	51	29	39	-6	38	23	43
MNI	80.0	41.0	8	1
84	40	77	28	78	33	82	65
OYQ	88.0	8.0	8	1
101	22	75	-15	97	24	110	26	67	-3	98	-2	69	6
LKH	15.0	38.0	1	1
19	51	-10	9	30	45	-4	44	23	37	35	43
JPV	33.0	40.0	5	1
46	66	38	59	18	28	13	30	34	25	51	34
TZQ	72.0	25.0	8	1
59	21	81	22	67	42	82	23	61	13	84	32
ZEP	1.0	43.0	2	1
10	37	-11	64	3	29	16	37	-13	48
KRX	48.0	13.0	2	1
54	16	44	19	36	11	65	17	40	16	54	3
EUK	93.0	14.0	6	1
100	25	100	29	85	2	92	14	104	-10	80	24
XCV	82.0	79.0	0	1
93	70	86	68	76	86	98	94	60	81
DHY	67.0	62.0	3	1
49	52	89	60	90	53	66	88	44	58
NBX	52.0	93.0	5	1
42	104	57	89	61	81	48	101
QUR	32.0	46.0	8	1
54	38	32	50	26	45	18	59	14	24	53	67	24	34	38	58
WAI	39.0	102.0	8	1
52	98	43	110	31	109	14	88	57	95	39	112
EDQ	19.0	81.0	10	1
22	71	33	94	10	100	34	84	-2	84	20	56
MOT	0.0	66.0	2	1
-18	70	18	70	-15	49	24	74	-9	71
KRO	84.0	95.0	6	1
94	101	66	93	97	115	70	115	62	82	104	72	83	96	99	86
WHB	4.0	59.0	1	1
14	49	23	76	-17	76	26	71	-18	52	14	29	-14	62
VJL	63.0	19.0	4	1
57	-1	77	14	84	41	50	38	73	2	60	28	44	8	62	25
EWB	41.0	45.0	10	1
24	51	62	35	36	51	35	62	49	27
HJX	12.0	78.0	4	1
18	86	6	75	24	90	13	76	21	75	-5	68
LCI	111.0	-4.0	6	1
117	-2	97	3	106	-11	116	3	121	-15
VYU	65.0	66.0	0	1
82	57	49	85	60	57	72	80	50	52	72	83	76	52
YBG	66.0	6.0	0	1
50	4	42	-12	79	24	77	25	63	-16	81	14	77	7	62	4
SIK	10.0	45.0	2	1
-8	54	20	52	23	52	5	38	14	30
NZV	56.0	50.0	2	1
43	54	54	56	58	46	71	46
PMH	-1.0	24.0	4	1
-10	13	8	16	-5	41	0	30	-1	22
DZG	67.0	80.0	9	1
74	90	70	99	54	85	55	66	86	63	78	59	52	103
KTN	96.0	94.0	7	1
106	104	104	77	98	105	77	91
DWA	79.0	48.0	7	1
86	42	91	50	83	49	74	53	65	48
PVX	1.0	45.0	7	1
-14	29	-14	43	-16	50	31	60	13	36	9	61	0	42
QUD	58.0	74.0	4	1
51	57	57	78	43	87	64	60	55	79	81	88
EAT	53.0	1.0	2	1
35	-8	68	8	75	21	35	7	52	-3	57	-18
BRO	11.0	60.0	5	1
14	86	28	47	14	42	18	71	-9	76	16	56	-6	61	16	41
YZW	52.0	55.0	8	1
51	45	52	51	43	64	62	63
MMS	70.0	-4.0	1	1
64	21	80	4	88	-4	79	-7	46	-14	67	-18	67	-13
CDP	49.0	9.0	3	1
57	32	35	0	37	12	39	31	35	2	74	-1	78	0	37	-2
UAQ	38.0	71.0	10	1
38	55	36	94	27	54	44	95	46	85	45	61	21	73	50	55
