BDF	74.0	48.0	17	1
60	43	96	68	53	69	71	54	86	28	79	27
QQZ	38.0	13.0	24	1
42	27	30	10	47	30	53	-13	24	21	33	5
CKU	78.0	21.0	5	1
78	25	90	17	72	18	72	26
ESU	9.0	16.0	3	1
24	26	-18	9	22	29	8	11	12	5
DLB	70.0	68.0	22	1
56	90	76	51	51	61	87	60	52	55	82	85	87	75
ARP	31.0	41.0	19	1
25	26	51	31	55	29	25	67	26	62	14	48	24	29
SMT	21.0	69.0	1	1
19	53	23	62	10	77	21	64	32	76	28	77	15	74
AKJ	16.0	80.0	17	1
31	73	-2	78	13	71	5	85	30	109	19	69
QMJ	44.0	30.0	2	1
47	10	46	47	33	46	51	19
GNU	60.0	96.0	11	1
78	106	44	111	70	79	49	91
QWM	38.0	58.0	17	1
52	54	10	68	41	73	36	53	53	45
AKB	71.0	95.0	22	1
56	78	99	88	69	109	69	107	64	94
WLD	5.0	49.0	22	1
1	69	-9	29	3	30	26	71
GRY	94.0	36.0	1	1
89	52	93	36	102	25	101	39	86	30
BZC	11.0	58.0	3	1
-2	37	18	35	-2	78	1	37	12	64	34	79	16	77
JEZ	10.0	13.0	5	1
18	7	21	4	9	7	12	20	15	4	8	37	-8	17
YAM	41.0	37.0	4	1
25	33	31	34	58	50	41	29	66	34	26	47
CBC	83.0	54.0	19	1
102	67	70	33	67	74	100	40	80	56
AKR	39.0	57.0	16	1
9	65	36	41	42	55	41	57	56	70	51	54
BBI	56.0	36.0	25	1
67	65	62	42	76	32	36	34	56	40	46	21	52	22	58	36
TOF	26.0	50.0	22	1
30	64	24	23	9	31	40	65	12	63	45	58
FAT	2.0	37.0	16	1
-6	38	15	35	1	39	1	36
