PUY	9.0	36.0	7	1
-2	27	1	48	19	24	21	45
KFJ	43.0	79.0	5	1
21	61	42	65	53	97	67	76	21	77	56	100
DNR	68.0	2.0	6	1
68	-4	74	-3	78	24	54	-7
KTW	30.0	86.0	10	1
20	107	2	67	51	94	24	83	37	69	49	84	31	102
LMM	77.0	15.0	1	1
83	3	74	15	74	14	71	-2	86	36	81	42	75	-2
FGR	69.0	39.0	6	1
74	24	41	58	56	57	75	17	83	35	73	45	84	37
FSX	24.0	29.0	6	1
5	33	24	17	31	35	36	32
QHL	52.0	4.0	9	1
62	23	47	16	40	-15	61	-8
WXC	39.0	64.0	1	1
47	62	30	67	61	63	35	56	22	75
UNV	20.0	7.0	7	1
37	0	14	31	23	30	20	7	-1	10	28	-7	31	6	12	-17
PCP	76.0	41.0	2	1
86	37	58	23	71	53	52	28	86	53	96	44	89	53
EAC	82.0	77.0	3	1
90	76	68	90	104	77	90	85	92	76	71	80	62	60
HMJ	78.0	79.0	9	1
55	77	100	78	55	83	102	79
DEG	81.0	85.0	7	1
103	105	106	71	61	97	65	85	80	67	73	87
