ZVM	24.0	2.0	7	1
19	4	12	10	15	19	47	26	40	-14	23	-18	14	-12
NCG	70.0	54.0	5	1
70	55	51	43	87	68	55	61	87	45
GDD	33.0	42.0	2	1
32	21	23	58	33	41	37	30	30	49	28	58	27	50	59	35
DAE	36.0	37.0	6	1
21	34	42	55	47	32	48	19	23	36	24	37	35	48	54	35
YPF	104.0	52.0	5	1
119	55	117	59	86	69	99	36	117	39	90	56
UCE	17.0	54.0	5	1
37	36	21	79	17	49	32	42	10	48	7	79	-4	50
TBK	78.0	84.0	5	1
99	103	66	69	88	74	65	64	77	110	79	109	73	69	84	77
THT	38.0	81.0	5	1
30	95	30	96	51	84	59	67	53	53	24	74	33	88	25	95
SCD	84.0	49.0	4	1
81	44	87	36	89	46	101	76	90	67	85	37	59	43
