RVM	104.0	93.0	2	1
115	113	98	95	112	102	93	73	76	67	111	101	120	105	108	91
HZJ	34.0	24.0	13	1
20	43	49	9	59	7	42	4	25	27	25	42	23	38
PUQ	30.0	67.0	17	1
41	73	14	56	37	68	20	59	46	73	26	78
DRK	38.0	90.0	4	1
33	80	32	104	29	66	38	109	49	100	48	84
CIS	89.0	55.0	0	1
104	72	69	62	93	64	97	64	102	47	73	36	87	44
EZZ	10.0	26.0	5	1
15	22	24	26	6	40	-3	17
MHR	36.0	26.0	17	1
20	36	32	3	40	22	23	30	56	46	46	16	23	16	53	40
YOM	24.0	55.0	3	1
35	57	5	58	22	47	47	43	12	73
KKI	8.0	12.0	16	1
0	-6	20	30	14	7	8	26	1	3
IZN	59.0	-1.0	22	1
48	7	70	3	57	13	48	-13	44	-5	66	-20	60	8	80	-7
NCH	43.0	74.0	21	1
45	57	42	76	44	101	55	90	41	68	34	57
LAS	87.0	81.0	1	1
106	71	75	92	91	73	77	91
VZQ	74.0	53.0	11	1
96	52	53	66	55	62	71	46	96	42
XIU	17.0	94.0	13	1
3	94	16	105	40	97	14	80	15	95
HKG	12.0	42.0	24	1
13	57	2	23	22	42	-2	17	26	62	12	55
PLB	48.0	53.0	5	1
44	51	54	60	58	32	44	56	61	47	30	73
PEG	93.0	65.0	10	1
92	71	105	59	101	67	85	71	107	48	68	76
CWQ	4.0	80.0	23	1
24	86	21	103	-13	94	2	71	4	76	-8	60	2	71
JDJ	46.0	54.0	7	1
31	52	41	26	51	68	67	43	67	68	20	55	27	67	64	53
