YSW	60.0	43.0	8	1
83	48	55	36	50	42	65	54	60	35	50	48
AUT	67.0	67.0	4	1
92	58	55	67	56	63	80	57	52	92
YVG	91.0	54.0	12	1
81	75	116	54	79	71	93	28	90	42
JIU	48.0	51.0	10	1
24	60	49	66	67	55	54	25	47	55	61	58	53	57	33	34
VTY	49.0	107.0	12	1
60	102	66	107	24	100	57	118	63	99	28	118
UOL	16.0	17.0	7	1
34	39	22	27	15	-3	17	31	11	13	-14	6	32	7
PGJ	70.0	15.0	17	1
72	24	69	17	69	31	52	-10	88	1	72	32
KYA	73.0	7.0	4	1
65	23	72	8	75	0	93	-7	64	14
AQP	19.0	71.0	0	1
46	56	0	74	29	65	4	92
PKS	25.0	63.0	3	1
34	70	5	55	20	81	42	79	39	35	23	75	17	75	25	34
YEN	99.0	92.0	6	1
91	71	123	110	93	91	94	100	82	105	97	71	114	101
YAE	81.0	41.0	14	1
64	58	67	20	90	20	82	61	104	46
HBY	68.0	66.0	13	1
48	83	67	55	66	83	84	49	86	67	57	62
QIF	86.0	107.0	14	1
81	102	108	116	91	95	64	115
RVP	82.0	3.0	7	1
91	6	103	1	75	-18	68	6	66	27	78	-19	77	26	101	2
HYV	39.0	10.0	25	1
30	20	44	24	37	19	38	21	40	-17	49	-6
VQD	23.0	18.0	6	1
30	30	21	3	23	11	37	29	15	30	12	30	27	-1
DJM	78.0	92.0	24	1
100	76	100	96	99	93	63	86	58	104	67	96	64	93
GUW	6.0	102.0	5	1
19	102	-4	120	-5	84	27	109	-6	111	20	106	-6	83
DRB	61.0	45.0	9	1
56	39	69	26	58	68	66	57	61	40	57	41
FRP	89.0	22.0	4	1
99	0	81	42	84	25	113	29	73	45	96	12	90	12	77	12
PVX	55.0	98.0	4	1
46	111	72	71	33	106	70	107
CVS	59.0	69.0	23	1
64	81	57	63	64	51	53	81
RMH	59.0	27.0	20	1
69	23	83	26	58	26	44	14	45	49
MKO	27.0	79.0	12	1
35	97	46	88	14	51	12	74	32	86
JTS	39.0	99.0	7	1
62	99	27	81	23	85	59	112	38	115	23	101	43	106
GCM	52.0	51.0	21	1
77	33	32	64	34	57	60	45	57	44	63	65	53	51	45	52
QVR	96.0	78.0	15	1
74	70	112	89	82	56	99	69	119	90	81	92	109	82
FOY	54.0	12.0	10	1
43	25	68	14	70	24	39	6	69	16	35	-3	56	7
BZA	71.0	20.0	20	1
88	16	83	38	80	36	59	3	76	36	46	12	66	4
FBH	75.0	10.0	25	1
86	20	64	5	75	11	53	0	87	9	80	23	79	-6	81	22
WCY	76.0	71.0	0	1
85	60	74	81	61	81	87	64
