XXA	75.0	0.0	21	1
101	10	67	-19	105	18	61	-22	59	19	57	-6
RBZ	39.0	88.0	11	1
38	64	31	109	41	103	47	111	39	71	27	82	50	80
YMH	60.0	21.0	15	1
63	18	66	32	54	20	53	16	66	20
FAK	-4.0	74.0	10	1
-8	81	3	51	18	70	-20	85	-14	84
ZVT	65.0	21.0	24	1
81	3	59	18	58	28	63	24	61	40	58	10	58	38	82	11
EET	68.0	36.0	3	1
64	14	57	45	72	35	63	54	82	32	71	55	72	22
YAX	24.0	94.0	19	1
10	98	32	78	13	91	44	86	35	95	22	109	17	107
DVE	69.0	10.0	16	1
65	25	69	12	78	-6	50	28	87	-4	70	6
QPV	3.0	55.0	18	1
-4	49	20	48	-9	75	-9	48	19	59
AIJ	73.0	31.0	22	1
48	50	71	17	86	24	81	19	79	47
WQL	57.0	37.0	22	1
42	38	53	31	81	54	67	23	53	23	51	55
GVB	6.0	40.0	8	1
22	22	12	56	0	31	-9	51
AKZ	88.0	47.0	1	1
76	74	73	39	75	49	97	68	111	28	100	27
MHZ	16.0	40.0	4	1
30	55	-4	32	3	42	38	31
IKD	31.0	64.0	25	1
52	79	10	55	53	76	20	83	41	43	12	51
UUH	81.0	90.0	7	1
103	96	67	88	85	84	71	93
WLG	33.0	89.0	2	1
11	106	26	80	48	77	40	107	42	75
FJK	93.0	39.0	2	1
100	49	75	51	114	27	83	47	93	24
YXK	34.0	66.0	3	1
48	78	18	46	34	72	20	52	38	83	55	49	15	73	46	78
