PIY	39.0	71.0	23	1
52	91	42	78	53	72	17	80	51	70	39	64	20	45
DYI	79.0	73.0	15	1
60	52	52	76	96	88	96	81	81	59	83	76	96	91	73	63
WRE	64.0	76.0	19	1
60	56	75	98	43	78	83	91	83	68	39	91	53	70	79	62
VKU	20.0	104.0	14	1
-7	109	28	102	33	115	22	113	11	101	35	89
BCR	81.0	22.0	16	1
54	26	92	13	63	19	87	43	93	18	97	15
GAL	12.0	25.0	22	1
-3	12	33	25	1	24	14	25	7	45	-10	14	32	32	27	25
EOY	47.0	94.0	13	1
65	102	38	110	27	95	67	75	42	89
RSX	17.0	14.0	25	1
16	33	17	-1	14	-2	19	15	36	31	3	9
KOF	48.0	33.0	11	1
43	14	77	38	31	37	42	43
STT	19.0	9.0	10	1
45	-13	2	18	3	32	16	-7	26	30	11	16	19	5	36	-9
RNJ	57.0	42.0	3	1
47	48	46	33	79	64	49	64	34	35	64	26	80	25
MAA	93.0	39.0	13	1
64	56	104	37	94	15	106	24	104	25	79	53	102	63
KYP	75.0	10.0	10	1
88	3	93	0	54	21	67	26	73	4
UOH	38.0	20.0	15	1
13	9	40	40	34	15	50	36	47	11	44	12
GFT	76.0	23.0	23	1
79	35	82	9	70	19	87	37	88	5	67	24	60	32
WON	9.0	74.0	4	1
29	58	14	90	-18	81	19	83	-5	68	18	69
NND	41.0	67.0	1	1
35	75	28	61	49	63	65	68	19	73	53	62
NQV	29.0	104.0	9	1
7	115	50	93	36	109	45	118	26	102	38	104	7	89
BQA	82.0	31.0	21	1
60	13	65	55	97	25	92	31	100	34
TTU	19.0	60.0	13	1
16	69	-1	68	36	79	30	40	28	62	7	46
OFY	97.0	67.0	19	1
105	70	74	69	105	62	93	65	114	77	96	61
DPM	87.0	34.0	21	1
91	27	99	35	61	42	100	33
PPX	14.0	51.0	17	1
25	59	26	64	2	38	5	45
IGB	27.0	78.0	4	1
35	95	33	78	43	60	-1	97	40	50	16	82	27	87
JCT	-6.0	69.0	7	1
-15	86	-19	68	0	51	19	74	-24	56	-12	80	5	70
DML	74.0	70.0	24	1
56	52	67	65	74	51	72	81	87	99	91	66	76	77
