VJW	89.0	8.0	22	1
82	4	107	-18	91	-7	100	29	73	25	81	-12	104	26	79	17
VIY	83.0	27.0	13	1
97	20	92	44	63	32	92	31	63	11	94	28
QHM	65.0	10.0	18	1
56	31	89	25	65	-14	51	19	65	-9
IVA	43.0	71.0	16	1
57	67	27	95	62	77	47	72	23	46
WAT	10.0	73.0	20	1
16	87	8	78	5	79	17	48	23	80	24	67	-21	78
HFG	51.0	17.0	20	1
44	5	69	28	40	8	57	33	31	12	69	21
JFE	26.0	24.0	15	1
26	47	26	9	23	5	51	41	23	45	22	6	17	21
KQG	34.0	91.0	7	1
54	89	18	103	19	79	31	93	51	92
EGV	80.0	43.0	6	1
81	32	96	53	80	29	66	59
PNW	104.0	98.0	16	1
118	90	76	104	119	86	106	115
VNB	22.0	45.0	2	1
39	32	1	69	29	35	17	62	28	30
FDU	50.0	52.0	24	1
43	29	39	56	34	59	42	60	67	51	67	54	64	59
ODE	6.0	69.0	1	1
19	46	-4	62	17	77	26	44	-6	86	11	84	-19	86
KET	92.0	48.0	9	1
88	48	97	57	74	44	97	54	108	38
IPY	5.0	29.0	14	1
5	17	15	37	-5	19	-10	27	22	50	0	35	8	22
