GBJ	75.0	74.0	4	1
85	67	63	57	66	86	85	74	80	86
OQS	31.0	64.0	6	1
14	74	34	54	52	72	16	53	42	70
QYG	49.0	80.0	3	1
47	77	52	90	36	77	42	86	67	94	31	79	70	60
JAB	0.0	55.0	6	1
-16	39	24	50	-14	70	-6	63	-11	67	19	42
JLW	46.0	74.0	7	1
28	72	70	68	37	71	40	67	30	73	76	101	44	71
DNF	24.0	85.0	8	1
20	93	-1	89	39	89	40	71
YKJ	50.0	75.0	1	1
45	102	67	61	44	87	55	66	39	62
IKP	81.0	72.0	3	1
61	87	92	85	90	62	94	64	70	62
FAV	93.0	75.0	4	1
90	59	85	63	103	91	99	80	89	82
UVN	34.0	59.0	9	1
17	77	15	60	20	54	60	60	37	54	42	51	51	59
