RXG	21.0	86.0	2	1
2	77	40	92	37	104	25	76	10	71	15	101
OZF	83.0	98.0	0	1
94	80	57	100	100	119	105	103	88	85	57	102
PFG	54.0	78.0	2	1
63	74	52	67	51	78	52	96
BXC	53.0	37.0	1	1
59	58	57	37	51	24	54	53	45	15
YAN	27.0	95.0	7	1
42	103	9	108	27	102	47	79	14	83
XYH	46.0	77.0	5	1
39	94	55	95	45	77	34	75	47	63	62	50	29	66	61	96
NHL	52.0	75.0	2	1
23	73	63	75	45	73	50	80	62	91	64	50	58	87
ZRI	75.0	77.0	4	1
90	75	50	80	72	62	89	98	75	82	84	67	67	62	76	92
XSD	103.0	72.0	2	1
118	76	101	71	75	77	106	68	121	100	81	58	122	55
CHV	69.0	37.0	10	1
80	28	62	29	86	35	49	59
SAS	75.0	20.0	4	1
84	9	72	36	53	12	92	13	74	33
NVD	98.0	39.0	5	1
114	51	94	46	86	48	112	14	108	51	74	25
QZR	39.0	42.0	8	1
49	55	46	49	40	37	31	14	32	43	49	50	32	50
DOV	100.0	58.0	6	1
117	54	82	82	117	40	79	55	111	48	99	73
BEH	49.0	82.0	9	1
35	55	68	98	72	78	38	96	56	98	37	60	41	91
RZS	65.0	8.0	3	1
47	31	61	28	73	-7	72	-6	76	-3
DCJ	24.0	3.0	5	1
23	7	28	1	35	16	10	-11
BEF	37.0	96.0	8	1
57	81	24	114	40	83	35	73	25	115	42	111
UAH	10.0	-5.0	7	1
29	-17	-12	-9	21	-16	8	0	5	17
VRM	60.0	42.0	4	1
49	60	60	64	80	22	61	22	53	45
JTX	58.0	5.0	8	1
74	14	42	32	80	-9	59	-4	36	-2	57	3
ORI	107.0	66.0	3	1
118	59	93	65	114	80	97	85	117	42
TIL	2.0	27.0	7	1
-18	21	6	17	20	28	-4	28	10	16	-18	47	21	34
FQR	31.0	5.0	7	1
31	4	14	-11	47	-7	23	30	51	-15	14	28	45	29	25	-14
KXO	41.0	14.0	2	1
31	12	50	15	30	10	65	21	35	14	35	12
GBM	69.0	83.0	9	1
71	84	56	96	74	83	75	69
OVU	64.0	60.0	5	1
56	73	88	46	75	36	56	69	64	54	54	64	78	74	45	65
XOE	80.0	22.0	7	1
102	-6	64	28	99	18	83	39	64	24	68	31
HRE	69.0	64.0	5	1
84	54	52	67	50	64	91	74
JLM	22.0	5.0	4	1
-2	21	41	1	31	-1	30	3	12	1
NWO	54.0	79.0	0	1
65	74	36	81	54	93	68	73	44	96	70	64	46	72
ESL	45.0	8.0	4	1
60	13	46	6	49	-9	34	23	44	2	59	16	27	6
TLV	31.0	61.0	6	1
43	54	20	48	29	83	39	78	28	45
GKO	35.0	98.0	5	1
39	113	39	95	51	107	24	116	21	92	31	96	30	83	45	82
DQV	38.0	79.0	1	1
32	104	30	85	27	77	62	76	36	68	60	60	23	89
UHU	40.0	83.0	1	1
22	102	52	83	46	82	22	76	57	72	46	84
ATP	58.0	92.0	0	1
66	71	33	101	75	102	47	79	75	93	52	111
PJV	45.0	71.0	9	1
36	69	28	76	51	74	65	67
UVB	7.0	40.0	8	1
29	49	23	43	-8	19	24	37	-16	39	-7	53
NBB	92.0	87.0	4	1
78	83	92	97	109	82	88	85	111	91	76	88
YLQ	15.0	50.0	5	1
21	46	18	61	17	46	18	27	2	73
PXY	65.0	85.0	8	1
57	116	86	69	57	70	62	86
