UAS	3.0	59.0	2	1
-3	63	17	57	1	51	1	55	9	70	-4	58
DTR	67.0	38.0	18	1
65	34	44	32	83	57	79	29
TAG	70.0	34.0	11	1
60	50	59	31	49	50	77	44	86	23	93	6
BMW	44.0	100.0	24	1
52	108	50	77	56	122	43	112	42	121	57	87	18	88	37	86
KTS	40.0	13.0	2	1
44	-2	53	12	21	33	50	27	49	3	23	8
WZE	76.0	41.0	11	1
100	57	69	41	83	16	62	24	93	54	57	50	73	34	72	58
AUQ	27.0	93.0	3	1
19	93	43	104	27	102	15	104	26	87	34	72
NWB	38.0	81.0	21	1
50	85	28	98	45	92	47	59	22	75
MAU	74.0	106.0	25	1
67	95	65	119	100	120	66	90
GJV	60.0	13.0	16	1
76	4	48	26	78	-5	79	26	67	18	40	7	36	20
ZCT	44.0	10.0	5	1
58	-5	33	26	33	19	55	3
RQH	3.0	101.0	4	1
15	112	-4	121	-3	82	-8	100	2	80	-2	94	26	118
HQK	27.0	33.0	17	1
48	30	28	29	16	45	9	20	37	43
NYC	11.0	81.0	2	1
1	57	-3	79	23	74	14	100	20	97
LSA	3.0	25.0	19	1
28	33	-8	21	-7	39	0	3	4	31
WFY	39.0	88.0	24	1
46	78	30	73	38	78	27	80	30	93	46	120	56	98
XUE	33.0	52.0	7	1
47	51	24	69	25	41	24	57	27	35	54	61
TZN	25.0	100.0	4	1
35	112	14	74	18	90	44	121	34	78	27	114	8	117
AKZ	87.0	83.0	24	1
71	74	102	94	73	90	84	84	104	91	90	70
GNF	26.0	0.0	15	1
42	-10	7	1	11	-15	22	18	40	18	38	-13
PKB	76.0	37.0	5	1
102	10	77	46	79	28	86	53	69	41	62	52	61	29
