EOQ	93.0	79.0	9	1
94	68	79	81	90	61	110	107	94	82
SPP	0.0	23.0	3	1
27	19	-5	27	-10	30	-17	33	-4	21	5	39	-12	15	20	4
XEQ	7.0	8.0	9	1
3	-2	-6	23	10	-4	31	19	-2	17	10	-5
SSV	81.0	50.0	9	1
100	63	94	63	83	60	75	32	56	32
ZAB	-3.0	22.0	2	1
-6	43	-10	4	-15	32	4	27	-5	29	-4	20	25	19	-14	2
FFP	88.0	72.0	1	1
71	89	113	61	71	91	80	83	79	77	114	50	99	74	80	51
WZN	24.0	102.0	2	1
17	105	44	101	46	105	15	81	2	118
NLT	70.0	95.0	7	1
72	91	76	108	57	77	53	114	68	96	87	100	78	80
AXY	95.0	89.0	6	1
107	85	78	105	109	105	87	69	81	93	81	97	123	69
MLK	-5.0	21.0	2	1
8	17	-15	8	5	22	-15	26	-10	11	-4	46
GAY	55.0	18.0	8	1
53	39	68	30	59	6	52	14	37	33	49	2	68	2
BLI	20.0	26.0	9	1
3	13	31	7	42	39	20	12	31	50	4	46	11	17
XKP	74.0	99.0	2	1
66	89	96	95	80	113	72	80	73	112	72	106	61	88	77	115
NNN	18.0	75.0	8	1
10	86	29	63	10	79	21	87	23	60
BRY	30.0	42.0	0	1
43	28	32	44	47	61	26	44	16	26	43	52	18	29	22	54
OKG	55.0	68.0	5	1
38	76	57	87	80	43	34	83	41	62	49	82	79	40	69	76
MQI	14.0	77.0	4	1
29	85	-6	79	20	72	17	100	29	62	3	64	11	82
ZNP	44.0	21.0	5	1
40	43	23	27	54	4	34	21	44	23	48	5	57	26	53	22
