AIK	64.0	27.0	5	1
67	52	71	17	42	25	88	13	52	31
QQF	77.0	24.0	6	1
77	31	73	17	56	4	83	12	95	45	78	38
UUL	36.0	12.0	6	1
36	20	43	3	45	21	34	15	26	5
WBO	82.0	20.0	1	1
98	37	69	10	62	19	77	10	96	29	94	19	79	16
DNU	0.0	75.0	6	1
-11	96	10	59	-11	76	19	92	-13	64	19	64	-7	80
VAH	62.0	89.0	2	1
47	97	51	102	85	75	65	102	66	70
SGP	20.0	73.0	8	1
29	48	33	81	21	71	25	93	13	56	-1	91
CES	38.0	52.0	5	1
42	69	20	71	57	41	36	34	25	47	48	55
HGF	81.0	0.0	2	1
96	9	81	2	82	-21	73	21	92	-9	62	0
BKU	9.0	8.0	7	1
-1	-5	10	12	9	-3	14	-7	31	11	-11	34	16	19
OZE	82.0	29.0	3	1
71	6	90	41	98	32	60	29	100	43	89	14	71	44
XYU	16.0	12.0	9	1
21	3	0	25	21	5	13	9	31	18	32	25	12	-8	3	24
VWY	17.0	25.0	6	1
32	14	14	43	32	16	-12	27	1	36	35	15
ZUJ	41.0	-17.0	8	1
14	-21	36	-14	58	-12	43	-17	56	-21
