RYZ	47.0	52.0	23	1
26	50	63	56	52	36	56	43	65	58	44	52	40	65	30	62
SPD	48.0	18.0	11	1
35	-3	37	20	58	29	57	23	48	18	58	22
IMB	81.0	54.0	0	1
104	64	86	69	99	61	65	72	94	39	61	59	67	29	72	41
QHS	8.0	56.0	3	1
15	69	21	46	8	47	21	79	3	56	-7	40	-2	57
UTI	42.0	22.0	12	1
37	28	46	26	38	36	71	-10	40	28	33	31	34	19
NZT	79.0	39.0	9	1
81	50	55	19	82	34	81	38	77	33	100	47	83	56
UGJ	71.0	44.0	14	1
66	61	55	50	82	21	97	38	58	54
DML	65.0	24.0	13	1
73	20	65	36	50	42	76	33	69	35	80	14	52	13	57	0
QUH	57.0	34.0	17	1
55	27	76	17	63	39	45	47	60	40	47	39
SHF	53.0	36.0	3	1
55	47	59	22	59	38	60	40	51	47	63	55	42	36	41	8
VFR	99.0	95.0	10	1
97	113	76	106	77	97	123	77	108	102	106	76	112	95
EEU	27.0	37.0	24	1
25	42	17	49	22	38	26	17	42	36	21	46	36	36
YIE	20.0	15.0	25	1
40	24	24	17	-5	21	36	-9	4	13	23	28
