HIO	60.0	42.0	15	1
51	54	53	16	68	53	78	36	52	54
NHZ	76.0	45.0	24	1
85	44	89	63	72	32	77	33	59	64	98	44	64	44	68	42
DRU	85.0	14.0	10	1
87	17	84	2	106	45	77	7	83	3	73	11
CWK	93.0	10.0	7	1
97	-4	110	15	72	4	102	8	90	18	99	17	87	14
CFY	81.0	72.0	13	1
88	59	71	79	86	81	86	84	69	67	89	67
YFU	67.0	8.0	12	1
57	21	48	3	76	0	60	0	75	21	72	15	86	0
UPX	87.0	39.0	17	1
93	25	93	53	84	21	83	33	102	67	67	36
WZX	-4.0	86.0	15	1
-19	66	13	103	-18	93	19	102	-19	68
OOB	13.0	57.0	18	1
37	49	-3	52	33	48	17	44	-1	73	-5	77
CVD	59.0	100.0	23	1
51	117	63	109	73	89	75	88	60	96	36	103
NPD	97.0	73.0	7	1
91	89	90	59	99	88	97	82	104	84	100	52	104	61
JHZ	80.0	106.0	21	1
67	120	82	85	97	102	75	118
XKP	8.0	35.0	21	1
3	33	31	48	2	39	-9	46	-1	30	19	47	15	5
NOP	72.0	8.0	0	1
74	5	89	7	82	-9	53	11	56	3	83	31
TLU	82.0	93.0	23	1
72	104	73	98	84	82	83	98	99	83
SLI	13.0	37.0	13	1
23	22	-5	42	37	50	0	45	10	20	16	46
YBU	42.0	72.0	20	1
46	65	37	71	23	90	22	70	58	52	53	85	61	71
KYW	9.0	101.0	16	1
1	123	17	101	-1	79	22	97	9	109
HJE	38.0	2.0	5	1
54	5	53	-7	23	-10	52	6	10	17
OLK	20.0	19.0	18	1
30	7	13	35	42	2	20	36	7	-2	8	25	37	44	3	10
MUF	-3.0	4.0	3	1
-17	-10	-6	-1	10	3	-3	-7	-9	22	4	17
UEK	73.0	69.0	16	1
63	86	60	66	77	75	61	63	104	55
OPK	42.0	62.0	15	1
55	77	65	65	22	56	27	50
BQI	60.0	31.0	17	1
65	53	50	32	70	16	54	30	54	51	77	35	48	9	69	22
CSL	22.0	34.0	4	1
25	38	27	39	6	15	27	42	33	38	19	36
