HCN	12.0	63.0	0	1
6	54	-3	57	5	62	39	77	25	86	9	43	14	61	8	70
GGR	94.0	87.0	6	1
96	99	77	86	106	74	101	104	90	73	97	88
RKG	3.0	97.0	6	1
-2	106	-12	95	30	99	-7	78	8	99	-9	89	17	115
YYO	11.0	52.0	5	1
18	46	17	65	29	37	-2	72	9	45	-1	56	9	47
ZJQ	35.0	84.0	9	1
24	95	49	96	57	77	15	82	31	70
ZLL	2.0	75.0	3	1
9	96	6	66	3	64	-6	74	-11	88	11	67
NCQ	48.0	26.0	8	1
46	9	69	7	56	17	30	39	31	41	61	37	46	35
GAH	25.0	84.0	1	1
24	75	33	83	8	103	36	74	25	87
KPE	69.0	13.0	9	1
86	5	62	7	90	17	54	7	57	32
GUH	20.0	76.0	3	1
25	52	31	92	27	94	17	69	26	86	32	65	-7	74	16	83
WCL	48.0	80.0	5	1
42	78	36	92	36	95	64	90	64	46
VUV	0.0	9.0	1	1
28	17	-12	-1	4	12	-4	31	-14	6	7	-1	-6	-1
OMX	80.0	57.0	4	1
95	60	62	55	71	54	74	38	71	56	90	65	97	77
WFF	59.0	85.0	3	1
68	69	41	74	85	77	48	73	74	111	48	97	49	95
RHI	19.0	36.0	1	1
18	33	14	46	9	44	50	20	10	31	14	47
VBU	82.0	66.0	9	1
65	51	75	71	94	78	97	65
UVS	-1.0	45.0	8	1
0	62	7	45	-17	50	19	51	-4	22	-22	64	9	27
ZEC	79.0	19.0	3	1
74	29	84	-7	71	31	88	19	94	18	66	24
PYT	74.0	-3.0	9	1
73	-23	98	-15	52	-23	91	22	75	-22	73	6	66	9	69	17
YNU	91.0	15.0	6	1
73	25	89	5	104	33	89	20	102	-4
VID	53.0	42.0	8	1
45	62	69	23	56	46	51	21	45	62
