BMR	24.0	99.0	15	1
32	100	21	76	7	113	37	108
FMA	70.0	80.0	22	1
67	91	76	60	82	55	64	97	44	84	92	97
KDD	17.0	17.0	9	1
6	36	15	11	26	29	36	-9	-1	19	14	10	27	23
SCA	28.0	37.0	2	1
19	43	30	49	50	50	13	6
XVG	7.0	12.0	10	1
18	24	0	31	21	31	20	-16	-5	17	-9	-12
KCW	48.0	55.0	5	1
65	55	48	39	30	45	54	71	39	80	66	46	52	55	36	49
IEO	7.0	60.0	11	1
13	54	25	52	-19	45	-5	75	23	76
WUR	18.0	24.0	7	1
6	8	15	41	30	8	24	42
ZNX	22.0	28.0	25	1
26	51	25	11	5	30	21	12	32	14	42	33	7	49
YGN	75.0	67.0	12	1
57	43	62	66	90	78	88	87	64	67	77	73	86	43	77	82
WQA	52.0	14.0	0	1
46	17	26	-3	71	20	67	13	35	20	70	22
BYI	5.0	79.0	12	1
4	98	19	92	-17	60	18	63	-4	101	11	63
IAZ	65.0	50.0	17	1
75	50	62	42	88	45	41	73	57	53	66	42	72	49
FLQ	0.0	27.0	21	1
-14	38	-10	26	-7	31	12	25	17	30	-9	24	5	40	2	9
NPE	32.0	14.0	2	1
47	19	19	17	31	7	50	18	16	13
RBJ	28.0	69.0	8	1
34	101	12	74	16	66	42	63	37	57	30	55
HXN	5.0	84.0	1	1
15	95	-2	79	-12	85	0	89	25	74
SUZ	74.0	0.0	23	1
88	-19	67	0	81	-8	82	9	73	19	39	13	76	9	87	-16
VUW	65.0	-5.0	10	1
65	6	49	-15	87	17	49	-24	82	-6	63	-18	65	4
