JVU	26.0	19.0	1	1
24	10	39	20	35	6	37	19	-5	41
MHV	87.0	94.0	6	1
68	83	98	81	71	93	107	89	94	114	87	90	89	110
LKM	20.0	77.0	14	1
18	83	26	81	4	89	35	58
GMX	81.0	6.0	20	1
93	-6	91	-13	69	24	96	-11	94	26	52	29	75	-1
GSU	4.0	21.0	21	1
2	13	20	24	-13	10	-1	38	7	32	9	14
AYZ	26.0	53.0	9	1
19	52	10	61	25	61	39	33	17	59	32	57	42	51
PXG	78.0	75.0	3	1
66	55	72	84	97	88	55	86	61	94	89	59	94	70	90	68
VHH	63.0	63.0	13	1
80	78	52	55	76	61	44	59
SAF	31.0	6.0	14	1
49	-6	17	33	31	2	36	-2	23	1	33	11
XKB	54.0	85.0	24	1
57	97	58	88	55	85	60	55	50	101	46	84
GGJ	24.0	40.0	16	1
39	51	14	51	41	17	22	61	5	22
OQO	34.0	68.0	6	1
9	76	37	45	29	78	37	49	50	70	26	69	56	89
CBV	67.0	39.0	24	1
87	32	68	34	50	25	81	52	53	56
HAW	46.0	33.0	4	1
35	44	37	32	59	28	44	40	58	22
TAK	81.0	76.0	4	1
78	71	94	77	67	82	100	61	69	91
GOW	65.0	49.0	24	1
53	29	84	55	74	46	69	58	89	38	51	60	55	50	51	60
TNW	42.0	82.0	6	1
22	101	65	89	54	63	24	64	48	69	24	92	61	99
CTN	48.0	70.0	9	1
36	56	45	82	70	53	45	70	60	87	32	77
TQR	33.0	96.0	21	1
39	77	47	112	32	105	26	106	28	78	41	104	21	96
IGY	50.0	81.0	4	1
40	60	59	90	44	63	73	97	38	95
NOI	88.0	62.0	9	1
80	47	74	73	110	79	85	46	73	57	106	75
GDO	67.0	2.0	20	1
46	30	79	-8	76	3	47	-10	92	-3	63	0
STI	75.0	22.0	14	1
83	34	61	41	52	7	89	29	91	6	68	36	85	3
MZA	5.0	15.0	6	1
-9	10	1	16	20	19	27	-4	-18	34	21	24	11	3	-13	18
PDG	28.0	51.0	16	1
15	43	32	53	44	59	23	49
BFY	-14.0	9.0	23	1
-22	-2	3	39	-23	2	-17	-2
YDN	57.0	31.0	19	1
68	16	51	32	78	13	51	25	78	26	54	43	37	43	43	50
CXD	66.0	23.0	14	1
65	22	54	24	74	35	77	7	55	24	76	27
RSL	28.0	54.0	2	1
9	45	53	60	16	64	25	43	47	59	22	57
JAR	82.0	46.0	21	1
95	63	68	44	66	51	99	52	84	24
UEG	51.0	90.0	22	1
74	99	39	87	44	80	46	86	66	95	41	93
SNL	88.0	34.0	7	1
61	27	103	25	95	26	87	31	87	53	95	44
ICZ	29.0	28.0	22	1
7	25	6	25	51	44	49	45	26	25	37	38	19	18	39	10
GWL	78.0	28.0	14	1
98	20	73	30	66	39	95	12	58	41
GEN	54.0	7.0	6	1
53	-13	38	5	52	-5	45	21	69	23	76	6	46	16
WWM	80.0	57.0	8	1
64	72	98	48	80	63	80	47
FKL	95.0	57.0	14	1
106	54	74	60	108	56	91	59	111	57	81	57
SAN	94.0	20.0	23	1
89	34	83	10	105	6	92	20	113	42	98	18	78	10
BEA	77.0	66.0	21	1
58	56	80	71	61	71	88	69	82	61	96	68
UJC	1.0	36.0	14	1
15	36	-14	42	-12	38	3	36	17	32
