SGN	39.0	80.0	5	1
41	68	20	82	35	89	55	92	47	71
FIZ	20.0	54.0	17	1
25	57	22	43	14	64	18	58	27	65	15	41
EMO	22.0	39.0	10	1
40	40	43	51	1	27	18	27	2	50	32	41
WOF	7.0	41.0	2	1
-6	54	-10	62	4	30	30	27	29	30	-1	44
QYP	11.0	74.0	5	1
27	58	33	86	-6	71	-10	83
JFB	73.0	75.0	5	1
55	83	53	87	53	84	90	62	95	87	92	47
AHR	27.0	26.0	21	1
29	18	33	45	34	26	15	34	46	15	8	23
CPP	102.0	57.0	1	1
95	62	99	82	90	55	109	47	106	48	105	60	105	36	108	69
FVE	65.0	78.0	11	1
55	80	77	91	44	78	84	88	66	62	52	59	80	92
OSL	7.0	103.0	12	1
-18	115	18	89	26	92	-9	103	20	119
QYA	19.0	38.0	8	1
29	35	27	21	8	60	41	42	-4	41	31	22	1	48
PUN	29.0	64.0	3	1
14	54	12	39	33	59	43	83	31	85	45	67
ZCP	6.0	44.0	19	1
17	39	14	50	6	44	-1	61	-6	27
UGB	1.0	35.0	22	1
-9	54	23	53	-1	21	-7	12
RSC	82.0	21.0	19	1
73	30	75	10	83	44	72	22	109	3
VVR	36.0	42.0	4	1
43	25	52	57	45	53	26	26	15	52
CKV	82.0	41.0	10	1
64	20	98	54	67	41	91	44	94	49
RUQ	35.0	59.0	19	1
51	69	13	61	50	40	9	76	19	87	52	45	56	40
GXU	44.0	1.0	23	1
31	-2	49	7	42	-20	56	13	45	7
CPS	70.0	56.0	12	1
65	69	84	42	66	63	62	63	77	44
BPX	88.0	77.0	20	1
69	90	107	62	78	61	86	104	106	68	84	82
KQV	28.0	84.0	18	1
7	76	30	66	20	96	46	81	40	104
DAR	21.0	85.0	10	1
1	82	48	73	50	80	1	96	14	89	13	74	20	104
