EVC	22.0	41.0	8	1
24	56	19	33	3	38	32	28	42	45	21	30	14	58
MTO	6.0	39.0	8	1
11	58	14	46	-7	22	13	32	9	59	-11	45	16	17
OTE	80.0	80.0	12	1
82	70	102	61	90	97	74	63	82	84	61	93	95	86	61	89
VKH	94.0	57.0	12	1
96	78	109	58	80	39	104	43	82	68
THH	62.0	6.0	24	1
76	-4	65	27	59	-3	53	-7	55	0	64	26
EAQ	30.0	76.0	8	1
5	96	46	86	17	77	41	66	25	56	46	78
UYS	14.0	-7.0	16	1
20	-11	21	-19	-13	-19	31	-8	-1	5	26	5
JFQ	82.0	86.0	8	1
100	78	84	97	60	94	92	88	95	80	66	86	82	83
WBE	90.0	35.0	15	1
92	49	90	62	92	16	98	16	100	19	73	53
SCK	-5.0	3.0	4	1
-12	2	-17	-5	4	27	-13	11	17	-1	-11	-4	-12	1	4	-5
NNW	8.0	11.0	10	1
1	1	-10	2	25	14	18	27
TQE	59.0	43.0	17	1
69	16	41	59	69	39	63	44	68	63	46	42
CID	87.0	59.0	17	1
99	56	98	55	66	67	96	45	81	53	80	84	94	58
HQO	35.0	70.0	15	1
46	66	29	59	45	82	33	102	27	69	40	61	38	63	23	58
JMV	18.0	29.0	6	1
17	46	22	16	5	35	12	35	51	14	15	37	6	22
BYV	61.0	54.0	24	1
41	70	66	43	69	43	64	62	68	54
QHO	37.0	39.0	21	1
14	28	25	48	41	43	34	44	57	36	53	40
LWN	54.0	44.0	19	1
50	49	68	29	55	46	46	53
FPN	69.0	25.0	1	1
73	18	71	28	49	22	70	18	73	27	87	34	63	33
RNA	35.0	42.0	14	1
26	32	35	45	34	61	41	43	42	29
CFK	32.0	40.0	16	1
44	44	28	54	46	30	25	40	22	30	32	47
QEE	13.0	43.0	13	1
-6	50	34	39	18	53	29	51	28	40	4	35	-3	31	4	49
KQN	85.0	35.0	12	1
82	23	82	44	87	24	98	47	80	39
IBJ	-7.0	6.0	17	1
-7	-2	-17	-13	-8	21	-6	32	15	0	-20	-1
XVC	54.0	23.0	19	1
60	20	56	40	37	22	56	36	64	-1
XAE	33.0	31.0	13	1
49	25	27	22	35	39	21	38
BZO	27.0	54.0	19	1
3	30	36	71	22	68	36	34	40	67
