LVO	37.0	94.0	5	1
35	100	40	97	40	88	45	102	30	89	34	107	19	93	56	76
PDJ	50.0	18.0	0	1
71	1	33	12	72	33	53	4	42	21	33	41
GSX	41.0	30.0	10	1
13	37	54	19	41	25	49	35	34	28	59	36
ZYV	54.0	104.0	2	1
50	89	55	107	63	109	50	114
IPO	85.0	23.0	7	1
87	13	79	14	72	34	102	32
OZL	66.0	60.0	7	1
80	74	85	50	71	46	42	51	59	67	50	59	79	79
GCM	69.0	43.0	6	1
67	62	60	24	52	62	97	27
WRX	78.0	58.0	8	1
89	72	75	75	85	41	68	72	95	57	55	52	89	59	71	42
QCX	73.0	32.0	1	1
84	45	77	34	63	2	69	49
TBF	81.0	40.0	10	1
92	55	74	49	68	36	90	22
JUF	67.0	0.0	1	1
76	2	63	14	61	-8	84	6	64	-4	53	2	74	-6
IJN	71.0	65.0	2	1
88	86	69	73	72	68	44	60	78	54	82	56	67	58
UWU	43.0	5.0	5	1
33	3	60	20	36	1	63	29	33	2	32	-14	50	-1
MAE	29.0	17.0	8	1
10	2	15	36	20	26	52	31	27	13	54	-1
XPS	5.0	95.0	3	1
-6	91	8	117	12	86	-7	86	22	98
FGL	43.0	39.0	4	1
32	25	55	59	56	30	37	58	36	26
XPG	41.0	59.0	4	1
62	49	37	65	27	89	66	45	31	64	36	51	32	50
OFL	25.0	67.0	3	1
23	78	22	54	31	76	38	68	31	64	9	64
YPX	69.0	9.0	4	1
87	-6	53	-4	73	4	42	15	56	-6	87	37	85	23
AQA	-7.0	2.0	4	1
-14	-12	-4	-14	-5	8	-7	29
VJK	93.0	44.0	3	1
87	39	113	33	101	70	73	36
CTX	88.0	85.0	2	1
75	61	100	83	89	94	77	105	83	83	94	109	100	65
QTM	71.0	12.0	3	1
75	-4	77	28	60	16	68	-10	76	34
HZD	37.0	63.0	5	1
50	84	37	61	50	56	19	68	29	49	42	62
ZLJ	76.0	50.0	5	1
59	46	79	64	88	29	83	75	72	41	73	46	79	55
MWU	76.0	58.0	10	1
86	50	71	52	75	76	75	54
WIZ	49.0	67.0	2	1
56	63	38	66	30	69	41	71	66	70	68	65
FMR	67.0	39.0	0	1
93	22	51	36	66	61	48	34	88	23	59	58
TMU	70.0	26.0	2	1
78	34	51	18	72	17	83	17	53	30	85	21	68	51
UBL	77.0	86.0	10	1
63	103	60	81	87	72	100	89
SIX	86.0	21.0	1	1
94	1	96	15	97	40	60	28
RSZ	32.0	29.0	3	1
17	36	53	11	23	28	49	42	11	12	40	39	33	40
MIR	32.0	99.0	3	1
26	118	9	117	14	71	50	109	52	88	36	101	42	91
