GGJ	29.0	5.0	1	1
20	0	26	25	26	18	45	-18	19	26	41	-18
VKX	94.0	46.0	18	1
108	48	86	36	102	62	89	34	93	58	90	42
HHN	91.0	7.0	0	1
80	7	112	4	84	9	88	11
YBR	25.0	49.0	21	1
43	55	21	60	43	27	19	58	24	60	4	38
PJJ	71.0	83.0	5	1
72	86	73	70	81	80	64	73	69	106
SML	88.0	58.0	12	1
102	57	97	62	83	58	76	45	85	74	88	52
SPN	12.0	30.0	15	1
0	35	13	25	28	46	8	14
PKW	11.0	28.0	17	1
32	46	21	7	-3	31	0	30	24	21	5	45	4	21
BWD	39.0	8.0	13	1
50	3	22	23	47	1	49	-1	30	17
KPT	95.0	37.0	20	1
76	26	101	50	79	52	108	18	107	61	115	23	106	53	69	17
IFC	45.0	79.0	4	1
54	94	34	75	63	92	44	74	32	60
STF	57.0	48.0	21	1
65	42	70	69	30	45	65	39	56	48
ASF	50.0	90.0	18	1
54	88	72	109	30	89	30	74	64	93
PHQ	12.0	102.0	7	1
-3	106	23	105	25	96	8	106	5	88	17	111
TGG	22.0	67.0	14	1
16	79	45	83	26	65	7	40	13	71	23	44	22	80	28	75
XTU	48.0	65.0	21	1
66	64	33	51	45	85	40	61	54	76	41	67	59	54
SFR	27.0	20.0	23	1
55	36	31	1	26	3	10	7	39	44	19	8	12	42
GVX	16.0	91.0	2	1
9	77	8	102	4	91	45	107	7	101	19	87	20	72
WOY	21.0	34.0	6	1
37	33	13	58	20	26	25	26	14	28
OCN	48.0	52.0	20	1
49	50	32	50	61	50	38	37	75	58	47	70	39	56	46	52
RVE	103.0	64.0	25	1
72	70	119	59	103	75	120	55	85	47	103	70	103	84	121	53
UBV	83.0	23.0	5	1
83	25	68	14	105	13	70	13	69	34	89	29	100	38
SJT	43.0	7.0	22	1
37	17	56	-8	48	-6	37	0	34	11	43	26	50	9
PMX	74.0	71.0	17	1
70	79	67	57	95	69	72	62	79	90	64	70
TQV	12.0	80.0	22	1
8	84	29	76	7	90	29	73	-10	82	30	85	-5	74
EFY	72.0	30.0	20	1
67	32	69	27	69	41	86	23
GRW	60.0	44.0	4	1
71	60	47	19	42	64	63	37	76	43	82	58	44	23	61	49
BPD	51.0	34.0	4	1
69	39	60	32	39	33	37	36	51	30
ULO	4.0	87.0	14	1
-4	80	17	86	21	66	-7	100	-8	99	10	96
FAV	62.0	97.0	24	1
47	85	58	100	81	100	69	84	67	106	55	109
XYF	56.0	88.0	23	1
38	71	44	93	70	92	72	99
JIZ	99.0	32.0	18	1
113	47	90	25	94	44	114	37	78	25	91	16	116	35
KXN	20.0	110.0	12	1
23	122	21	107	8	118	26	121	25	85
WUG	47.0	86.0	19	1
42	81	29	76	43	80	43	74	69	84	53	110	52	102
PBC	0.0	62.0	25	1
27	82	-14	44	-17	79	-9	74	-4	36	20	62
QPU	32.0	36.0	3	1
50	52	3	30	37	30	39	34
CXS	10.0	22.0	19	1
8	20	11	36	5	20	16	14
HYV	41.0	75.0	4	1
47	51	17	93	30	58	48	85	56	79	56	80	39	81
XDF	52.0	11.0	13	1
72	17	35	20	71	12	49	3	33	4
