XPO	16.0	12.0	7	1
17	38	16	11	28	10	5	-11
WGB	95.0	13.0	2	1
99	17	114	31	75	14	113	1	74	2
RGI	55.0	52.0	1	1
43	61	33	60	67	60	67	54	66	22	50	55	63	52
MOQ	10.0	19.0	1	1
37	26	2	29	21	19	3	-3	-11	24
CIX	52.0	55.0	4	1
39	65	70	65	68	59	47	61	54	51	37	32
VDE	92.0	40.0	7	1
110	34	97	70	76	32	86	26
VVB	37.0	57.0	6	1
49	44	22	76	31	59	56	79	29	30
JYM	14.0	41.0	1	1
15	26	13	42	20	23	18	24	18	45	-8	64	22	64
XUQ	59.0	25.0	6	1
35	33	57	24	79	19	71	47	45	23	70	11	57	24
EEG	104.0	76.0	2	1
81	92	90	68	118	86	120	75	114	62
XLD	28.0	50.0	8	1
8	63	49	29	27	56	8	60	50	46
TLF	35.0	19.0	5	1
24	15	33	4	38	31	37	14	43	35
FCT	92.0	54.0	0	1
116	49	105	36	82	58	88	75	73	52
BPF	37.0	41.0	10	1
26	58	27	30	38	52	48	33	70	41	25	43	28	30
IPB	33.0	6.0	7	1
15	5	23	9	52	7	55	16	39	1	18	2
QDU	41.0	80.0	2	1
24	88	35	82	54	67	58	90	24	81	48	81	49	74
HKV	103.0	38.0	2	1
92	34	105	51	120	48	119	27	83	32
WHG	64.0	77.0	6	1
63	74	74	80	75	79	58	83	54	70
GKV	35.0	38.0	2	1
57	35	56	52	33	48	15	34	15	44	21	34	26	40	57	20
TWV	18.0	84.0	7	1
37	93	16	84	0	91	42	94	-5	61
UJD	2.0	87.0	9	1
5	93	-14	99	-2	82	-4	86	25	77
JZR	66.0	83.0	7	1
64	100	60	80	59	74	69	67	79	94
JZQ	24.0	73.0	0	1
25	58	30	81	36	97	5	57
XAZ	40.0	90.0	9	1
32	84	42	89	22	91	46	94	45	95	36	101	60	76
UDZ	104.0	68.0	8	1
108	77	114	47	105	73	114	82	93	84	101	64	90	63	108	56
