XYM	28.0	34.0	3	1
33	18	39	56	30	14	9	39	39	61	5	30	42	25
HKM	7.0	61.0	4	1
15	66	25	73	13	69	-7	28	-9	73
RMB	24.0	76.0	0	1
26	89	8	67	41	103	37	76	15	61	19	62
YMH	72.0	14.0	8	1
50	-10	74	23	62	15	84	2	85	23	58	26	95	24
OYJ	35.0	26.0	5	1
43	17	48	30	8	22	42	35
OGM	105.0	20.0	2	1
121	29	121	21	114	5	92	10	85	22	95	34	115	3	103	37
NOK	68.0	41.0	2	1
79	57	61	64	52	51	74	39	64	26	55	33	81	32	81	31
CQM	64.0	27.0	9	1
66	12	50	12	67	35	75	38	65	40
YWD	62.0	58.0	0	1
79	58	59	65	77	69	48	31	48	67	66	63
UWX	20.0	2.0	2	1
38	-19	9	18	12	5	6	-6	27	0	29	-17	11	27	31	9
HEQ	93.0	55.0	8	1
86	58	93	69	89	72	106	24
CHP	60.0	36.0	2	1
52	22	43	47	51	27	69	38	75	40	72	42
QPN	80.0	75.0	4	1
99	91	78	82	71	63	60	72	105	73	68	70
KQZ	0.0	12.0	2	1
15	7	-7	-1	-11	34	-5	0	22	1	-9	32
FQJ	-2.0	73.0	9	1
-16	53	-18	90	-18	74	-18	58	30	78	19	77	12	72	-7	86
YDI	29.0	34.0	10	1
24	29	43	15	40	48	9	47
FIG	54.0	68.0	1	1
68	77	37	80	50	70	63	47
DVY	19.0	11.0	2	1
5	24	6	7	29	-9	38	23
QHC	6.0	13.0	1	1
-7	-3	21	44	-7	17	5	7	6	20	1	22	36	3	-4	0
SWC	51.0	65.0	5	1
51	75	68	59	68	71	34	60	49	51	39	75
OEM	14.0	17.0	1	1
23	34	-7	28	29	17	11	-11
ECU	81.0	77.0	5	1
68	54	65	83	90	77	85	90	104	76	78	82
OLP	7.0	82.0	0	1
-1	87	4	80	11	105	-3	77	31	69	-3	97	16	63
BKO	46.0	44.0	8	1
55	40	37	30	37	50	59	43	42	60
UAA	-3.0	37.0	5	1
-6	31	7	13	-23	36	11	53	-5	52	12	46	-17	31
GEY	24.0	21.0	8	1
34	47	9	9	27	44	29	3	16	9	28	35	29	2
