ASR	86.0	29.0	2	1
77	45	83	43	97	18	90	11
WKL	25.0	91.0	8	1
40	102	4	80	9	89	41	96	14	89	33	105	39	77
CSN	69.0	81.0	1	1
68	81	70	89	64	87	80	63	49	86	88	83
SAV	60.0	57.0	2	1
38	51	44	50	76	64	48	45	70	47	70	72	76	72
VGJ	29.0	93.0	3	1
41	112	17	88	48	112	28	97	25	82	18	72
UMC	7.0	81.0	7	1
-9	70	30	91	24	89	-1	62	-5	95
YXF	35.0	80.0	8	1
39	95	38	85	49	75	17	79	44	68	27	81
RHF	-2.0	64.0	5	1
-9	45	14	80	-17	71	18	50	-20	76
TQD	34.0	11.0	8	1
41	9	21	-13	43	31	18	1	43	8	34	26	38	20
ZOJ	72.0	74.0	2	1
77	76	81	71	77	85	66	66	67	61	64	85
GWM	102.0	17.0	1	1
93	-4	104	13	95	11	109	39	112	29
TYI	91.0	79.0	2	1
79	63	109	79	95	82	94	72	79	103
SGS	91.0	87.0	4	1
105	90	93	102	73	61	115	73	93	64	82	105	82	97	85	105
VVW	7.0	54.0	3	1
18	48	0	68	3	50	-3	66	21	40
UIX	67.0	95.0	1	1
65	96	71	99	56	99	84	111	57	89	82	88	56	86
WPW	52.0	89.0	5	1
30	68	35	101	70	100	67	82	67	81	38	84	61	112
OWL	8.0	24.0	5	1
23	6	16	31	0	15	18	27	6	40	1	25	-1	40	2	9
JIR	102.0	96.0	7	1
89	85	80	100	119	77	118	108	105	113
FFG	31.0	75.0	6	1
41	58	34	91	49	84	15	82	19	62
WRE	92.0	21.0	3	1
99	33	95	25	108	16	91	13	97	15	78	17	76	34
XDN	69.0	73.0	3	1
58	55	70	86	67	65	71	82	79	81
OSN	11.0	31.0	7	1
21	50	31	29	11	49	16	5	5	51	6	32	1	25	3	12
XVY	15.0	62.0	4	1
19	49	-3	58	27	64	37	89	17	69	4	58	7	52
HSD	74.0	13.0	5	1
68	20	98	28	57	7	103	27	67	21	69	-15	63	17	72	6
YTX	86.0	78.0	4	1
99	80	77	74	93	71	78	87
CXY	52.0	40.0	9	1
37	31	63	33	50	40	68	64	59	48	40	25
LOM	71.0	5.0	6	1
76	-6	59	23	78	20	61	5	55	-2	86	-13	79	23	81	-10
HAI	-2.0	43.0	7	1
-13	30	-16	63	-8	22	28	59
CNC	41.0	84.0	9	1
30	90	52	96	55	75	28	85	47	81	39	82
