AKY	59.0	66.0	6	1
81	68	44	54	51	71	41	77	57	80	82	51
SEA	3.0	-7.0	7	1
2	-9	-9	-9	0	-19	22	9
OBD	89.0	47.0	9	1
87	46	110	47	102	48	69	51	88	46	83	47
YAK	77.0	57.0	7	1
89	68	76	42	96	91	68	43	65	46	87	65	60	44
QII	31.0	30.0	8	1
16	15	32	35	42	51	21	32	30	37	25	30	30	19	53	24
CDS	90.0	10.0	5	1
102	18	93	4	97	11	82	13	77	5
RIA	14.0	29.0	3	1
29	2	-9	11	14	37	31	47	8	32	16	44	1	39	26	27
JEY	38.0	8.0	3	1
51	25	21	5	24	1	50	15	44	-5
DXK	45.0	76.0	7	1
29	47	65	96	43	80	46	82
RBP	72.0	48.0	1	1
61	66	93	39	88	33	58	56	74	41	63	49	89	38	55	62
VLF	39.0	14.0	8	1
32	-3	40	-4	57	14	31	25	35	40
ROS	38.0	37.0	6	1
40	22	21	59	53	28	52	51	25	39	24	24	54	36
RGC	1.0	73.0	6	1
22	56	-13	60	-13	75	-12	71	-13	72	17	90	19	91
AQX	6.0	52.0	4	1
1	60	28	43	2	54	7	67	10	49	7	61	9	46	-9	40
WIN	77.0	51.0	5	1
83	40	80	36	72	55	70	44	93	65	65	71
LNR	88.0	18.0	6	1
105	11	71	26	77	12	75	23	93	-1	113	18	82	40
ZIT	102.0	91.0	4	1
100	85	78	80	108	107	124	94
DJW	19.0	29.0	7	1
13	29	12	50	17	16	14	31	33	7	34	47	15	27
PVZ	85.0	33.0	6	1
80	35	95	31	84	19	90	26	91	26	63	37	98	57
YUT	19.0	50.0	2	1
13	52	18	36	12	29	5	75	25	60	43	49
