NDJ	67.0	67.0	9	1
89	58	61	64	62	74	55	82	63	75	77	52
WAR	15.0	88.0	15	1
18	99	3	100	29	83	21	96	33	64	24	76	-9	104	6	82
VDC	78.0	45.0	18	1
68	52	78	49	75	47	99	50	67	50	86	26
WAV	55.0	23.0	17	1
59	40	64	25	42	15	57	14
CQH	106.0	15.0	15	1
98	37	104	27	119	-1	111	9	99	7
SXE	78.0	75.0	5	1
93	83	68	56	95	70	62	90	73	77
PKB	17.0	18.0	4	1
13	5	30	13	13	15	13	40
QBF	13.0	16.0	11	1
26	36	27	-1	0	-9	0	30	10	28	37	-4	-6	36
MXX	98.0	88.0	3	1
107	69	94	67	85	97	89	92	90	110	117	91	109	96
GSV	7.0	41.0	0	1
20	28	-17	25	4	42	19	50	12	47	-1	38	18	60
UKX	40.0	13.0	16	1
33	20	44	32	29	8	27	-5	37	-6	66	20	45	24
CJZ	61.0	72.0	22	1
54	74	51	55	50	62	58	81	53	81	88	75	68	72	66	79
PVR	7.0	50.0	11	1
-2	54	-21	35	17	36	24	33	14	65	11	79
MAY	26.0	68.0	5	1
24	50	20	58	11	84	34	80	39	86	25	71	45	65	15	57
TQG	101.0	0.0	14	1
105	-11	89	-12	114	6	98	0	99	18
TYX	73.0	0.0	22	1
81	11	81	10	65	-4	68	-7	74	-12
OUW	62.0	87.0	11	1
57	93	74	98	46	89	70	57	68	98	86	82	49	93	50	92
FXM	99.0	45.0	19	1
96	48	89	46	110	41	107	47	93	43
UYS	59.0	94.0	4	1
73	80	44	95	43	114	78	99	44	96	77	81
WKU	76.0	91.0	16	1
66	72	69	96	100	112	67	66	90	104	64	101
XON	59.0	55.0	14	1
58	77	84	35	48	72	46	55	49	52	78	48	56	52
VQZ	45.0	79.0	16	1
53	90	58	69	40	65	45	75	28	74	53	95	41	90
