GNK	29.0	0.0	19	1
28	-15	41	-3	20	17	44	7	40	22	7	-10	29	-21
DYN	42.0	65.0	24	1
35	63	43	52	38	69	48	86	48	56
SOF	94.0	106.0	24	1
83	110	73	119	93	109	106	94	88	95	108	113	109	102
JCD	74.0	2.0	11	1
62	20	90	-3	83	-17	65	21	88	-16	56	8
GLD	5.0	16.0	22	1
-6	20	-16	12	21	10	4	23	14	35	14	-2
PDF	2.0	6.0	9	1
0	7	4	6	-18	7	25	4
TUO	97.0	57.0	25	1
109	37	83	69	99	62	97	62
ZUQ	35.0	11.0	1	1
41	17	36	22	32	9	33	-4
AXK	43.0	82.0	9	1
49	101	48	63	53	83	16	84	55	71	42	93
ROJ	92.0	42.0	5	1
117	50	99	26	70	44	105	63	72	27
NWK	42.0	18.0	19	1
52	25	53	39	29	10	27	8	45	2	48	25
ESU	67.0	76.0	4	1
81	96	64	90	56	95	87	67	53	56	63	54
VVL	51.0	41.0	1	1
22	50	66	55	58	33	56	40	39	17	52	58	56	22	64	55
IKS	72.0	7.0	12	1
79	15	75	0	57	-5	68	6	82	21
EEP	15.0	43.0	15	1
6	55	6	24	-1	41	15	52	20	51	23	62	38	17
RSN	55.0	68.0	25	1
64	54	53	66	49	66	56	89
NTR	14.0	43.0	13	1
13	35	22	60	15	41	8	39
SGX	8.0	8.0	8	1
17	-16	7	-17	-2	27	-5	24	24	23
HWU	63.0	10.0	3	1
39	16	54	17	83	5	78	0	50	21	79	6
LKY	81.0	0.0	4	1
89	-12	72	2	72	22	85	-9	90	-6
CJY	12.0	48.0	7	1
-4	37	0	65	24	37	29	56
GDA	76.0	86.0	11	1
70	93	83	107	93	87	64	74	84	63	68	93	74	69	76	105
IHJ	18.0	73.0	11	1
34	76	21	54	23	89	20	88	-5	62
MWI	56.0	72.0	24	1
71	70	59	83	48	72	39	72	64	64
FGX	36.0	5.0	17	1
32	3	53	3	22	-4	26	2	48	22
