URZ	84.0	76.0	10	1
100	65	91	80	99	88	83	54	83	95	86	79	68	84	66	66
BAN	57.0	22.0	20	1
57	15	62	2	49	29	45	25	76	41
AEY	39.0	20.0	23	1
46	9	47	43	18	9	47	19
GBW	84.0	83.0	17	1
103	85	96	78	80	71	92	79	57	93	77	96
VNB	64.0	56.0	9	1
50	44	72	63	79	55	57	62
RLJ	109.0	58.0	10	1
101	59	116	52	119	64	90	71	121	46
DVZ	59.0	1.0	16	1
41	-5	74	20	52	0	63	-7	68	19	59	-17
KCE	17.0	13.0	10	1
3	5	28	26	28	-2	10	23
BVI	96.0	28.0	1	1
92	37	89	11	83	30	113	33	105	12	98	35	97	39
IFJ	70.0	80.0	22	1
70	71	58	101	87	76	46	98	69	74	90	64
VKY	22.0	14.0	6	1
32	23	3	-20	-3	25	39	21	42	24
NOT	29.0	53.0	17	1
6	67	31	43	20	68	43	59	32	36	45	50
UIQ	17.0	63.0	8	1
26	84	25	72	-3	67	20	52	7	56	25	79	27	48	12	46
KGY	20.0	14.0	18	1
22	16	21	5	17	17	27	17	2	30	8	-7	39	6	29	32
CFX	98.0	100.0	22	1
118	115	78	115	88	87	122	78	80	110	104	97
WGR	78.0	90.0	15	1
67	102	101	96	61	86	87	74	77	107	101	89	64	88	66	79
IGU	42.0	26.0	4	1
61	27	20	26	39	25	41	13	57	34	34	36
VLV	89.0	51.0	3	1
105	46	99	38	108	57	75	60	79	31	69	54	91	75
SLW	5.0	52.0	22	1
-15	55	-9	66	1	55	15	59	22	35	20	32	10	36	-4	79
UMO	45.0	21.0	15	1
56	19	24	8	56	29	53	14	36	37
FEJ	93.0	46.0	15	1
86	54	94	29	105	57	95	67	105	28	80	66	88	23
KAD	26.0	10.0	10	1
6	4	22	32	13	8	43	25	54	-1	18	-7
LQY	13.0	60.0	6	1
33	44	14	41	-13	69	30	61	1	69	15	78
CWA	61.0	33.0	0	1
74	30	50	40	44	42	67	47	61	15	75	24
NIY	32.0	18.0	22	1
41	14	20	38	40	18	11	24	45	29	43	4	27	-1
NRE	54.0	21.0	20	1
70	3	48	32	42	-1	72	41	40	33
ZFG	55.0	96.0	3	1
39	77	59	110	54	98	62	107	62	89
ETR	79.0	4.0	13	1
53	1	90	-6	100	3	96	20	59	3
VBB	-1.0	11.0	5	1
-2	26	-11	-2	-14	5	-1	17	22	9
QQO	72.0	14.0	3	1
80	38	74	-8	72	13	64	13
IGP	94.0	46.0	12	1
108	69	96	49	75	44	80	30	92	45	99	55	113	32
DFU	50.0	55.0	14	1
38	45	44	56	65	79	49	42	59	50	47	61
USX	20.0	79.0	12	1
16	65	35	88	29	75	11	96	10	75
BSG	64.0	38.0	1	1
80	54	68	45	66	25	48	39	59	28
JXX	16.0	16.0	5	1
30	17	7	0	14	33	31	29	1	5
LOS	78.0	23.0	1	1
77	36	91	21	90	16	77	30	65	21	93	36	59	6
BPL	23.0	84.0	9	1
12	97	27	76	29	93	28	92	23	72	16	75	30	84
SDQ	67.0	91.0	2	1
55	102	73	90	50	118	83	85	72	76	74	76
IGN	5.0	71.0	22	1
9	73	10	55	20	83	3	70	-12	85	2	60
NDY	14.0	60.0	10	1
18	72	-10	57	22	84	23	51	6	70	8	43	36	44
NBM	94.0	94.0	22	1
89	90	109	102	88	91	106	92	80	96
VZC	16.0	33.0	21	1
23	23	42	61	5	20	-3	31	22	23	24	59	5	21	14	29
UYH	16.0	100.0	14	1
21	106	35	117	29	106	26	110	8	86	4	97	0	85	5	98
FRM	107.0	49.0	20	1
83	46	123	52	103	49	120	52
WUJ	105.0	108.0	3	1
100	115	107	91	103	105	112	123
MTJ	0.0	22.0	9	1
-5	15	15	35	-15	3	-3	1	3	40	3	39
REM	95.0	92.0	19	1
106	76	101	88	75	80	77	110	118	110
RLX	81.0	25.0	14	1
76	13	63	49	96	51	101	18	82	14	70	18	98	34	62	4
LLR	3.0	35.0	16	1
2	9	-6	39	-1	51	20	40	0	38
