AHL	6.0	29.0	3	1
18	33	17	49	11	30	-3	33	-4	19	1	12
RXG	70.0	5.0	11	1
77	20	70	6	57	-12	70	-16	78	27
PNN	70.0	48.0	15	1
62	55	73	56	76	64	87	40	53	25
YIV	42.0	43.0	5	1
70	39	50	63	28	33	33	49	30	35
SUB	94.0	4.0	8	1
87	-3	96	-11	103	26	105	18	79	-8
UCN	27.0	46.0	12	1
40	57	39	41	15	28	15	58
AFE	100.0	64.0	0	1
102	61	114	83	105	82	107	41	81	54	91	65
JLU	55.0	20.0	17	1
44	29	44	45	61	10	55	15	75	2
TEL	18.0	85.0	14	1
21	76	23	102	18	68	20	97	11	85
MCW	63.0	55.0	25	1
66	50	64	62	40	57	83	54
YNW	65.0	45.0	21	1
84	68	81	70	45	30	46	35	81	26	67	36	56	51
AWW	65.0	47.0	14	1
50	64	69	44	78	40	63	40
MQP	25.0	36.0	4	1
23	55	39	16	15	15	31	47	11	32	24	47	35	42
GKD	94.0	69.0	12	1
80	68	92	77	105	47	82	84	94	80	116	62
WJC	46.0	14.0	8	1
59	2	52	23	33	28	47	20	41	0
VFC	47.0	85.0	15	1
59	67	43	70	33	101	61	103	50	77	40	92
XHW	74.0	78.0	13	1
62	79	85	82	66	80	77	87	95	67	71	97	53	74	83	58
GVY	19.0	74.0	23	1
16	77	10	93	22	74	16	74	32	56
VUZ	54.0	80.0	1	1
74	76	55	72	49	99	50	64	45	92
QWR	99.0	54.0	24	1
98	43	111	68	90	53	99	53
MWZ	8.0	-1.0	2	1
-3	14	-1	6	22	2	27	2	14	-13	0	-10	-4	-21	14	8
CMM	96.0	69.0	20	1
102	58	116	64	81	88	111	71	81	80	103	69	81	58
PBU	74.0	81.0	25	1
69	107	85	68	58	70	87	72	98	103	57	69	72	83	68	82
RPE	34.0	29.0	1	1
31	40	23	27	41	8	41	45	36	25
LOH	42.0	4.0	5	1
63	33	25	-7	27	-2	57	-1	39	1
BDJ	38.0	69.0	21	1
30	56	33	68	32	83	32	57	59	58	47	64	62	93	15	78
HGS	71.0	83.0	23	1
60	92	97	59	68	64	64	104	70	105	69	79
MVC	67.0	37.0	17	1
45	25	86	47	86	23	44	32	75	61
UFO	53.0	75.0	17	1
83	71	37	62	46	80	44	70	54	64	72	77	39	104
ETN	41.0	23.0	19	1
37	44	41	12	30	5	33	19	25	37	57	29	66	21
WNE	25.0	92.0	15	1
35	78	46	106	4	100	41	98	3	109	6	74	42	78	23	93
NLB	42.0	2.0	25	1
64	7	28	-4	39	12	38	-4
NIH	75.0	51.0	3	1
77	39	55	56	86	59	71	37	87	64
HPT	8.0	73.0	10	1
29	86	-3	67	29	69	6	83	-3	70	24	84	-5	79	-10	53
UNO	60.0	37.0	10	1
76	47	56	27	57	18	54	56
UJG	92.0	28.0	12	1
77	52	98	19	106	18	93	15	86	40	85	15	103	40
YLC	66.0	83.0	1	1
74	101	55	71	62	96	38	89	70	69	83	80	81	66	69	93
XND	75.0	77.0	20	1
94	77	81	61	50	98	68	74	70	92	87	64
