TTE	17.0	54.0	22	1
24	75	27	38	21	50	10	74	4	35
CYO	95.0	3.0	16	1
107	1	102	23	109	22	111	-11	75	-10	84	-18	77	16
WGG	32.0	93.0	4	1
47	95	39	96	21	80	54	75	41	105	16	113	7	91
KFS	33.0	45.0	22	1
31	58	24	69	11	32	45	37	40	43	47	31
TAP	87.0	29.0	14	1
81	48	85	28	85	18	101	30	89	15	80	29	90	40
VKP	28.0	29.0	21	1
12	34	45	27	42	52	0	23	37	19	37	23
CDI	17.0	39.0	18	1
38	57	5	21	37	42	2	13	7	54	35	32	0	56
MRD	98.0	67.0	3	1
93	51	93	64	104	86	90	64	97	91	113	61	96	57
BFW	43.0	90.0	23	1
36	103	51	82	46	94	58	75	53	78	23	118	38	86
FCY	78.0	17.0	8	1
50	20	77	40	96	-3	90	14
TJB	44.0	27.0	25	1
24	8	46	24	57	49	68	20	59	53	22	13	36	24
CIT	46.0	79.0	10	1
59	71	44	88	49	93	37	93	42	51
TER	43.0	34.0	11	1
44	51	26	30	36	18	64	30	47	45
DOC	70.0	99.0	12	1
76	106	78	103	65	97	75	88	56	105
BKW	8.0	65.0	14	1
4	56	29	69	22	77	-4	55	-10	72
ITC	55.0	52.0	4	1
70	67	56	37	57	42	66	69	50	62	43	52	49	38
XCI	91.0	19.0	15	1
101	-1	78	20	88	40	73	-4	106	35	100	24
NVU	17.0	27.0	9	1
6	12	34	18	33	46	7	20	30	33	-3	33
JTK	82.0	66.0	9	1
83	49	95	71	78	87	79	62	78	62
CWW	84.0	28.0	7	1
89	30	91	22	93	43	71	41	108	18	66	9	74	36
MBN	16.0	16.0	4	1
16	41	9	11	15	12	5	12	16	5	36	16
YNA	29.0	66.0	1	1
24	81	41	58	42	66	6	69	42	46	22	72	30	76
VAW	87.0	1.0	9	1
64	28	96	-10	93	3	112	-3	79	-4	105	7	66	-8
OBJ	63.0	87.0	21	1
48	95	40	99	80	79	72	86	79	86	62	81
CTR	-1.0	45.0	16	1
-7	20	-2	39	13	64	5	46	-15	60
XZB	37.0	48.0	2	1
55	36	40	58	18	33	46	48	27	66
XOJ	87.0	73.0	12	1
84	70	89	76	83	81	96	91	71	67	97	73	92	58
XYG	43.0	43.0	17	1
65	34	55	54	44	24	41	26	53	47	23	61	23	58
LRN	73.0	108.0	0	1
68	119	83	105	61	110	76	104	64	108	90	106
PVL	36.0	41.0	8	1
26	54	28	64	42	42	39	20	49	28
CAM	15.0	2.0	8	1
12	1	17	16	19	-15	32	16	10	23	-5	-13	26	-12
ENE	47.0	88.0	13	1
21	76	58	81	59	105	52	99	53	82	40	90
IWO	16.0	44.0	3	1
8	49	26	38	1	56	28	25	8	60	29	36
