ITL	82.0	27.0	6	1
70	41	76	13	85	34	84	16	91	17	94	39	80	34	76	29
IQL	12.0	40.0	7	1
-1	28	10	48	29	19	13	65	9	41
AUC	69.0	28.0	1	1
71	17	51	19	48	51	70	41	87	30	87	15
IJB	33.0	29.0	1	1
39	25	36	14	31	27	49	22	23	35	25	54
EIB	23.0	39.0	5	1
36	64	23	20	27	33	32	46	11	45	38	44	9	26	9	40
KPA	55.0	98.0	10	1
55	94	44	98	54	100	64	105	58	108	57	93	44	110	64	76
MXX	82.0	16.0	2	1
73	12	89	6	98	13	71	34
RRD	50.0	64.0	7	1
51	59	63	88	32	60	55	61	56	71	30	61	66	54
JDZ	52.0	37.0	10	1
40	49	39	18	46	54	42	40	83	45	41	28	73	28
IIP	14.0	27.0	8	1
21	31	-13	36	32	29	5	22	29	9	12	35
GZF	81.0	65.0	8	1
79	61	82	52	92	72	71	75
EKT	63.0	51.0	2	1
58	53	62	64	51	49	53	45	78	64	69	31	74	53
QNR	50.0	11.0	3	1
62	16	66	13	41	23	49	14	40	-17	67	-6	33	23	46	23
MRQ	46.0	89.0	4	1
44	75	29	77	44	109	69	98
WRF	15.0	63.0	7	1
25	83	11	79	30	51	18	48	4	41	3	81
MRC	66.0	6.0	6	1
62	5	64	11	52	4	77	-1	84	-6	57	24
OJS	45.0	82.0	2	1
31	94	67	88	60	76	26	84	43	68
EUX	13.0	115.0	3	1
2	121	6	121	14	119	34	110	29	99	-6	120
LUQ	7.0	20.0	3	1
10	16	9	32	22	16	-5	40	25	10	-15	8
LIV	20.0	70.0	0	1
30	96	-2	90	28	56	15	71	45	58	26	58	2	62
KHK	12.0	51.0	9	1
11	54	13	34	23	54	1	62
WOI	-1.0	13.0	10	1
-14	18	17	9	-12	14	-14	-12	-2	25	18	27
NNO	47.0	64.0	5	1
31	43	53	46	46	75	48	77	57	79
RFO	84.0	71.0	9	1
73	59	110	50	78	50	68	84	73	85	90	95	74	70	106	78
QSV	64.0	61.0	3	1
80	78	49	74	60	56	85	51	50	50	46	54	63	78	84	51
ZRD	30.0	70.0	8	1
39	75	17	88	34	76	41	47	19	68
LDY	88.0	87.0	1	1
85	97	107	71	75	82	82	109	76	74	76	76	116	105
HVN	38.0	89.0	2	1
30	85	27	90	65	90	33	93
ABV	96.0	32.0	2	1
91	32	116	9	69	40	113	21	97	42	94	53
EXT	19.0	96.0	9	1
-1	106	21	80	24	104	25	118	33	83	12	89
