ZYT	46.0	4.0	0	1
51	-2	33	19	54	18	48	-19
RVN	73.0	48.0	0	1
73	53	61	51	89	38	77	49	62	51	79	48
FEE	25.0	16.0	9	1
37	4	36	4	31	49	34	7	2	4	9	13	35	32	16	20
XZA	83.0	33.0	10	1
68	50	93	40	100	18	86	32	87	12	81	44	68	41
UAE	12.0	6.0	8	1
9	5	-6	24	26	-11	-1	15	20	24	33	9	8	-18
AMD	54.0	96.0	1	1
48	105	55	92	46	84	62	111	70	113	26	101	72	72
SEU	75.0	3.0	2	1
96	-3	63	12	69	-3	74	8
QHJ	8.0	71.0	2	1
13	55	-16	86	26	81	26	65	-7	90	7	52
IDA	8.0	16.0	0	1
-1	27	0	22	22	4	10	15	16	6	3	24
YMK	15.0	72.0	9	1
36	91	6	62	17	73	23	90	-6	47
NIE	10.0	89.0	2	1
3	106	21	97	6	86	-4	73	26	83
XWZ	92.0	93.0	3	1
84	65	95	109	101	110	83	110	79	98	103	81	94	92	101	80
QNU	84.0	89.0	6	1
87	84	63	97	81	105	107	107	87	88	86	79	81	69
ZZR	53.0	12.0	2	1
77	16	49	13	43	4	34	23	65	8
HDP	86.0	91.0	2	1
69	86	102	82	90	101	71	85	98	102
XPC	51.0	63.0	5	1
40	57	54	48	43	80	67	68
AUS	18.0	71.0	0	1
23	87	31	74	1	53	20	69	28	79	7	49	19	92
