YNN	3.0	92.0	17	1
21	113	8	111	12	75	2	103	-16	72	-8	83
UOR	82.0	35.0	4	1
72	37	95	49	88	17	76	44	79	28
SEG	15.0	73.0	6	1
3	56	9	91	8	86	24	67	31	66
KVE	82.0	47.0	20	1
99	64	73	37	100	54	82	45	60	39
EPA	78.0	69.0	25	1
70	87	83	78	67	75	84	48	90	60
KXB	81.0	91.0	12	1
75	82	112	106	75	91	76	84	68	93
NOB	4.0	38.0	2	1
15	49	-12	42	10	50	-9	26	11	35	12	29
WHL	46.0	103.0	9	1
52	106	56	112	52	116	57	96	34	73	27	117	57	117	33	91
EZX	85.0	35.0	6	1
91	35	81	26	90	41	84	42	81	31
RLV	91.0	62.0	8	1
86	88	79	68	70	52	109	51	112	53
XLN	35.0	50.0	21	1
50	45	47	56	23	53	39	46	43	56	21	34	25	63
XKL	15.0	87.0	9	1
9	78	0	88	2	91	38	93	6	89	18	84	34	88
VFW	23.0	32.0	24	1
16	59	0	16	36	21	30	54	23	28	33	18
CEZ	95.0	65.0	24	1
82	92	110	57	91	45	97	77	84	68	114	47	84	48	100	91
KHE	-2.0	55.0	11	1
-15	53	2	65	0	40	21	39	-6	51	-2	63	-17	75
LNZ	34.0	44.0	6	1
51	56	47	36	50	35	15	50	27	49	17	33	35	55
LOL	88.0	52.0	19	1
105	70	112	49	74	53	75	55	104	45	70	58	101	68	67	24
