OCA	9.0	78.0	7	1
25	58	25	84	-13	84	12	97	0	70
GJP	20.0	18.0	5	1
17	6	35	17	6	18	25	34
BFK	64.0	70.0	8	1
58	83	81	87	74	76	63	57	76	91	52	55	47	46
CTL	18.0	18.0	9	1
29	31	-2	10	8	-1	25	36	21	21	25	4	25	25
AWE	71.0	33.0	7	1
66	42	86	48	60	26	86	48	70	28	76	43	67	21	57	11
BQP	5.0	48.0	2	1
-12	36	10	47	28	81	9	32	-11	46	9	47
DQE	87.0	97.0	10	1
99	74	71	100	94	118	92	111	61	96	94	77	106	90	80	117
AXR	-8.0	22.0	6	1
-3	12	-24	32	21	42	-17	21	-5	23	-22	2
LIW	31.0	22.0	2	1
56	22	22	38	34	46	29	10	33	24	37	3	17	25	22	8
ODL	87.0	65.0	3	1
108	81	101	73	76	46	89	55	75	58	74	77
SAN	24.0	37.0	8	1
7	48	29	29	15	38	43	55	19	34	11	32	47	28
FSY	93.0	78.0	4	1
110	86	77	94	86	78	102	57
MEY	63.0	71.0	6	1
71	73	58	57	51	71	72	83
WPX	85.0	6.0	6	1
74	13	92	27	91	17	83	3	96	-18	87	-2	72	5
PPT	-2.0	43.0	10	1
17	18	-8	47	-1	26	-21	55	1	49	-25	52	21	56
YGI	64.0	24.0	5	1
90	29	55	40	58	25	50	6	80	46	50	5	70	20
CRC	83.0	89.0	1	1
72	91	87	104	92	88	90	99	69	94	88	87	106	72	64	80
RBE	85.0	-1.0	3	1
77	-21	78	19	106	5	68	-14	104	-5	89	11	75	-6
UTU	39.0	46.0	7	1
25	39	48	47	44	66	40	34	48	35	27	38	44	57	38	55
JFE	10.0	47.0	5	1
-3	37	-13	66	26	39	28	41	12	50	13	51
NCF	94.0	72.0	7	1
110	67	99	86	75	80	101	76	86	53
