CTJ	62.0	33.0	7	1
48	62	58	49	62	52	86	18	42	19	81	37	41	15	83	15
MIS	-3.0	69.0	2	1
2	53	-16	99	3	81	-7	52	2	60
UAG	13.0	13.0	1	1
0	30	-7	12	9	17	30	-2	10	17	38	4
VWN	36.0	48.0	1	1
59	46	25	42	52	77	17	40	29	46	39	39
CXP	2.0	-5.0	6	1
-8	-4	5	10	31	1	4	-21	-12	-14	3	-18	-3	11
IXE	65.0	71.0	0	1
70	62	59	57	71	74	75	62	50	100
GHX	54.0	94.0	8	1
71	102	53	89	40	95	54	109	57	78	54	91
VAS	21.0	56.0	8	1
8	45	26	65	10	75	32	34	38	79	16	40
URN	48.0	9.0	8	1
51	22	48	2	35	-8	53	-4	56	35
XIB	1.0	76.0	0	1
2	78	-12	77	24	82	-8	75	15	72	-15	77
PQO	37.0	47.0	9	1
49	38	41	37	49	45	13	40	40	76	32	49
JFB	54.0	7.0	7	1
61	-2	65	10	75	14	56	5	42	1	50	36	30	-5	58	2
PXD	41.0	91.0	4	1
65	82	49	92	27	72	48	107	30	116	29	77
GON	77.0	70.0	8	1
69	76	60	60	90	68	92	79
GBM	46.0	65.0	6	1
51	51	40	77	59	83	48	59	34	66	37	49	57	71
ZVJ	35.0	73.0	3	1
26	63	29	83	21	68	42	93	58	91	29	50	45	66
KYD	25.0	78.0	9	1
29	84	31	87	12	64	30	77
OAW	40.0	52.0	5	1
23	48	59	34	46	58	21	65	61	48	31	60
QNV	36.0	21.0	1	1
25	33	45	24	56	8	20	19
LBV	59.0	103.0	1	1
37	103	72	97	53	120	75	95
WTR	57.0	2.0	2	1
43	17	56	19	47	9	82	11	53	-20	79	-7	39	12	61	-21
INV	76.0	25.0	5	1
68	8	76	23	67	37	76	11	94	47
OVQ	73.0	50.0	5	1
81	40	54	60	94	53	55	57	82	42
COS	74.0	90.0	6	1
57	82	80	104	69	76	91	109	66	98	81	74
YVR	55.0	59.0	8	1
71	73	30	39	72	68	46	70	61	44	52	64
KVE	85.0	43.0	5	1
68	46	99	18	72	45	101	64
SKE	64.0	21.0	9	1
83	7	68	20	68	23	50	22	45	32	74	25
LDT	47.0	20.0	3	1
50	38	25	16	54	40	38	13	69	-7
TOR	48.0	80.0	3	1
46	96	60	82	28	74	47	98	51	59	57	71
BQC	74.0	69.0	7	1
74	77	74	70	54	56	79	83	81	52	87	78
IJN	19.0	56.0	4	1
30	71	8	68	17	37	20	39	20	67
