KWA	89.0	35.0	23	1
111	41	94	38	81	28	77	34	83	36
NIV	-3.0	70.0	12	1
5	70	10	74	-18	67	-16	62	-13	79	14	88	1	68	-11	56
RGS	63.0	98.0	21	1
76	93	68	107	82	75	44	106	46	110
LXV	94.0	51.0	9	1
81	39	111	58	76	70	112	45	113	26	75	70
EZT	59.0	3.0	10	1
40	-9	78	-8	65	17	58	3	78	-11	38	31
IIO	88.0	12.0	1	1
91	23	72	21	98	-5	97	17	68	-10	107	11	86	29
KAK	23.0	36.0	22	1
25	28	36	15	18	30	3	61	35	46
LSX	66.0	88.0	13	1
67	73	74	108	75	78	60	87	58	95
ZNH	100.0	99.0	2	1
114	112	111	83	114	102	107	105	74	106	82	115	103	79	101	96
TIA	0.0	93.0	23	1
-10	78	21	94	-20	84	2	112	-10	97	0	83	0	107	14	96
HJU	58.0	64.0	3	1
43	69	81	42	44	57	67	88
JVI	42.0	92.0	11	1
53	72	31	105	46	109	40	84
ZAS	7.0	91.0	24	1
24	72	-14	104	20	112	1	89	4	82
MPG	53.0	82.0	9	1
50	88	38	97	49	65	72	71	74	103	47	76	41	77
GLI	42.0	59.0	9	1
36	54	41	71	24	65	46	58	55	54	55	55
CXT	30.0	46.0	14	1
13	43	26	58	38	55	32	45	43	31
PLW	38.0	15.0	10	1
42	16	60	4	21	36	57	-4	21	15	27	23
ZWN	39.0	55.0	9	1
55	28	18	72	24	73	53	59	48	45
MEE	3.0	89.0	16	1
2	85	26	86	-17	98	4	95	13	97	-9	77	8	91
XXR	37.0	94.0	25	1
47	108	65	80	19	83	27	87	33	85	24	113	49	102
RSV	13.0	33.0	25	1
1	41	12	46	23	22	14	43	20	21	17	30	5	31
KXD	56.0	95.0	13	1
38	95	41	108	69	92	69	97	54	100	68	81
WXC	29.0	19.0	15	1
41	7	41	28	38	23	14	3	13	36
NFC	-2.0	106.0	4	1
-18	108	-16	98	20	108	-13	111	27	115	-1	100	-15	105
HLD	86.0	7.0	4	1
89	25	75	4	108	5	88	14	85	8	82	-7	76	6
BID	79.0	-12.0	4	1
76	-17	66	6	74	-20	73	-19	109	-12
DOR	37.0	84.0	0	1
19	62	34	101	61	77	36	96
INB	34.0	46.0	7	1
49	43	38	58	15	54	37	42	17	23	48	57
FEX	2.0	72.0	9	1
4	83	4	83	10	51	-12	70	4	76
SVD	84.0	27.0	15	1
100	7	75	43	94	0	95	46	58	42
IWY	64.0	69.0	5	1
40	66	67	68	75	87	60	62	80	65
SUW	50.0	74.0	16	1
42	57	62	93	31	67	72	69	68	82	52	81	29	69
VIA	96.0	2.0	13	1
119	26	78	-14	84	11	108	22	101	-19	93	-9	89	-1
ZIX	21.0	18.0	1	1
23	-6	41	32	3	15	19	24	20	29
GXF	44.0	4.0	24	1
32	20	43	2	37	-2	51	-1	59	-9	46	14
HDW	63.0	61.0	13	1
44	61	60	44	61	81	70	45	80	74
GZP	10.0	98.0	0	1
-2	100	16	105	9	105	8	88	19	92
HOT	32.0	63.0	20	1
46	44	36	70	35	78	11	42	13	79	55	65
VUE	95.0	-1.0	1	1
87	-16	74	9	82	-21	89	-8	110	6	122	-14	112	24	85	11
QGR	65.0	70.0	6	1
62	91	62	54	57	88	65	52	71	78	66	48	74	85
XKK	13.0	68.0	8	1
-2	83	30	73	-1	74	18	61	37	66	1	79	2	63	22	45
DUH	80.0	30.0	13	1
81	49	77	28	61	14	80	21	83	19	100	37	70	28	93	51
XMP	36.0	47.0	21	1
45	30	52	68	45	39	29	67	10	48	17	39	58	40
ZCL	3.0	32.0	19	1
3	26	-8	40	-7	40	26	15	4	42
MAC	77.0	98.0	1	1
74	86	55	86	98	76	82	122	61	97	94	114	78	109
