RJF	29.0	14.0	4	1
18	11	14	28	23	-8	39	-1	40	18	47	28	27	24
EQU	87.0	14.0	9	1
82	3	88	15	74	28	104	11
WJM	11.0	81.0	4	1
16	91	3	103	-3	69	11	78	29	66
OAY	86.0	4.0	2	1
76	-12	93	18	99	-11	86	17	74	-12	93	26
FVW	44.0	76.0	3	1
52	67	25	99	63	81	39	75	45	59
TFF	39.0	-3.0	7	1
32	-10	24	-8	63	21	28	-3	37	-14	52	-7
MJH	45.0	85.0	1	1
32	102	31	84	44	89	68	101	36	77	29	89	54	78	68	67
HZL	34.0	7.0	0	1
46	3	19	10	59	22	12	3	35	1
TSG	31.0	86.0	5	1
34	83	23	93	51	102	42	78	29	100	12	64
CQL	96.0	45.0	2	1
82	70	95	39	98	28	109	54	96	36
IZJ	33.0	71.0	10	1
32	71	25	77	50	62	34	64	37	87	20	65
ITC	5.0	34.0	0	1
9	18	17	20	-20	45	17	55
LFC	90.0	-7.0	9	1
113	0	102	-16	79	-18	75	23	82	-25
AVM	56.0	88.0	5	1
63	86	54	95	62	62	64	98	35	109	62	79
MUK	48.0	51.0	5	1
68	43	58	43	41	63	52	37	42	37	56	78	23	59
YRA	10.0	72.0	8	1
13	76	23	73	-7	71	11	69
KRP	55.0	35.0	4	1
54	27	68	31	65	34	57	38	31	45
NVF	12.0	33.0	1	1
0	23	13	43	25	23	0	27	20	54	16	33
HVZ	30.0	69.0	2	1
8	73	37	86	24	66	33	48	31	84	38	83	39	49
EPC	11.0	65.0	7	1
17	56	27	42	28	87	-16	75	13	59	28	64	-14	76
DGG	81.0	88.0	8	1
98	101	93	86	74	70	68	73	78	78	57	106	99	102
QZX	39.0	82.0	7	1
54	69	49	59	18	93	37	98	39	94
RNY	-7.0	47.0	3	1
-15	65	10	49	-14	60	-8	38	-14	29	12	45	-21	47
CES	72.0	17.0	6	1
90	3	65	5	63	10	68	25	71	46	62	1	89	31
JKX	23.0	48.0	2	1
37	57	14	39	4	61	37	36
LLR	17.0	16.0	6	1
40	27	4	39	-7	32	-5	24	34	-7	30	-2	33	-7	10	22
PCL	15.0	98.0	2	1
26	88	27	105	0	117	14	86	0	101	8	81	29	97	18	116
KUY	37.0	10.0	7	1
52	6	46	6	29	1	32	19	26	21
CLI	56.0	6.0	4	1
69	10	70	19	42	2	70	-14	49	27	30	-1	67	2
KKR	93.0	-7.0	4	1
101	-3	85	-2	73	-17	92	-12	106	-5	103	-6
TPS	73.0	0.0	0	1
76	-10	67	-3	64	-15	85	28
KQE	0.0	59.0	4	1
22	51	-8	70	5	48	11	57	-9	49	-23	80
RHB	66.0	36.0	9	1
48	18	72	37	84	45	69	34	83	30	64	38	76	58	37	28
IQM	75.0	4.0	7	1
56	22	72	-15	103	24	82	7	63	4	78	-13
PBT	69.0	37.0	5	1
59	57	52	44	69	31	95	47	58	38	71	13	62	48	88	20
VEP	42.0	24.0	7	1
38	5	47	10	49	33	38	39	43	29	42	28
AHT	73.0	83.0	8	1
70	87	91	89	65	92	55	58	86	91
RII	17.0	97.0	8	1
37	74	5	114	4	120	43	114	10	77	4	87
ASB	86.0	22.0	0	1
73	3	107	23	78	18	98	41	75	28
LZQ	44.0	83.0	7	1
44	64	44	106	50	71	45	87	37	87
HVO	21.0	88.0	4	1
33	77	5	97	27	94	8	99	34	74
GGO	71.0	64.0	7	1
58	86	71	83	85	61	51	47	91	47
RNN	24.0	45.0	6	1
20	54	29	16	52	64	9	61	11	46	30	35	32	64	11	24
WDL	49.0	66.0	8	1
60	58	50	90	63	65	39	70	46	61	24	60	67	64
OUF	54.0	89.0	4	1
52	112	45	75	65	74	46	68	64	105	56	103
AVI	73.0	85.0	8	1
56	78	57	91	77	112	101	69	77	78
KKU	14.0	61.0	4	1
4	88	0	50	1	50	28	50	18	78	36	53
