MWL	95.0	85.0	14	1
110	87	81	102	84	84	106	68
WWO	52.0	101.0	7	1
55	89	59	121	47	105	69	107	31	87
ILX	28.0	82.0	12	1
23	65	17	87	26	62	23	97	19	84	60	99
XYM	90.0	0.0	12	1
73	18	108	-4	87	-19	94	7
WPF	78.0	86.0	7	1
78	75	92	114	78	76	65	91	79	74
ICR	58.0	80.0	21	1
72	66	56	68	52	104	66	75	74	67	54	89	35	93
QRL	37.0	18.0	12	1
55	42	21	15	55	-1	17	16
MEW	67.0	79.0	4	1
57	68	57	67	78	102	84	93	58	97	78	73	61	56
MWO	27.0	43.0	19	1
23	50	33	25	11	27	51	55	11	68	33	38
MDH	48.0	41.0	13	1
58	47	68	54	46	22	52	43	44	58	34	53	37	14
XYK	43.0	19.0	6	1
62	22	39	35	44	13	27	7
IHW	89.0	42.0	12	1
80	28	110	28	88	54	102	52	81	61	96	21	72	50
UVR	78.0	88.0	19	1
69	101	91	90	99	83	65	85	76	87	91	97	59	73
WQP	48.0	100.0	1	1
55	86	59	88	37	94	51	113	57	117	43	90	36	115
YIB	26.0	56.0	25	1
13	33	48	62	50	66	27	75	3	43	21	71	23	43
JTN	83.0	54.0	8	1
70	56	79	49	99	46	97	53	71	66
YHH	88.0	71.0	20	1
87	74	80	83	98	56	72	58	106	81	94	79	83	68
QSF	83.0	102.0	20	1
102	115	62	103	94	111	64	79	95	104
RTR	82.0	46.0	8	1
90	56	90	26	89	55	69	53	86	62	79	31	72	45
EWO	81.0	21.0	4	1
82	33	84	-4	89	33	79	24	83	21	79	30	73	14
ASD	53.0	29.0	21	1
33	22	38	10	49	39	35	31	71	31	61	23	62	37	81	40
IXB	28.0	56.0	16	1
35	57	40	59	12	50	26	60
VKK	32.0	44.0	23	1
36	19	34	59	59	34	26	56	19	50	25	44	31	51
LGU	31.0	89.0	10	1
45	78	21	84	46	108	35	77	10	99
