QRW	86.0	80.0	18	1
87	82	114	75	85	64	79	91	90	85	71	106	82	62
PED	17.0	91.0	14	1
36	100	36	97	1	72	-1	94	17	96
POQ	13.0	68.0	2	1
26	59	23	69	10	65	6	68	17	91	-2	56
AGB	80.0	108.0	10	1
77	104	92	99	71	119	104	93	63	114	73	119
TKJ	40.0	68.0	0	1
35	85	44	63	46	74	35	51
MPZ	90.0	47.0	16	1
78	50	88	16	95	31	69	41	100	60	106	62	82	60	102	60
FTB	81.0	95.0	12	1
92	89	73	97	97	103	69	89	96	76	80	108	60	108
OJP	40.0	92.0	15	1
41	97	20	77	43	97	49	80	47	110
ZEG	90.0	55.0	18	1
108	56	80	68	77	68	85	39	114	51	76	53
BWC	62.0	31.0	9	1
78	37	48	40	73	23	46	10	65	46	50	45	76	18
CIP	36.0	43.0	9	1
55	43	24	51	22	54	41	40	53	35	21	38
AYE	52.0	-1.0	25	1
47	-14	56	-6	64	11	43	13	54	-9
YCB	84.0	5.0	16	1
88	3	74	15	83	-5	81	7	97	7
PIP	36.0	71.0	6	1
39	68	53	76	20	83	34	82	35	59	15	60	58	71
RCP	34.0	76.0	4	1
10	65	43	89	29	65	55	88	55	92	21	54	28	83
GEZ	-5.0	53.0	8	1
-20	46	-11	53	-18	36	12	68	12	64
CUO	90.0	37.0	17	1
103	40	94	26	99	24	101	49	60	32	84	54
SMC	3.0	21.0	19	1
-6	2	-4	11	-7	37	9	18	33	42	-3	20
EBG	74.0	72.0	13	1
75	74	71	87	80	52	94	67	53	74	75	82
ANU	41.0	20.0	4	1
22	35	28	9	20	31	64	14	59	16	54	20
TXJ	75.0	88.0	6	1
63	85	75	87	74	76	94	84	73	108
LHD	6.0	65.0	18	1
-18	68	25	61	11	83	-15	72	15	55	10	59	18	83	5	46
UFR	0.0	61.0	18	1
17	68	-2	72	-12	66	3	50	-14	55	16	55	-8	61
KTN	95.0	100.0	6	1
82	111	94	71	98	117	83	111	118	76	100	116
KTV	84.0	1.0	8	1
68	-2	66	-14	100	-10	84	27	81	-4	93	-1	97	13
JCZ	8.0	72.0	11	1
14	55	-11	61	27	71	15	85	-3	91
ALL	71.0	48.0	19	1
58	50	85	54	86	47	56	41	84	33	58	68
LJA	55.0	16.0	5	1
46	36	66	5	48	-1	69	22	73	29	29	9
MGW	88.0	81.0	15	1
83	85	71	87	117	82	85	80	85	71
MWL	-3.0	79.0	20	1
-21	65	8	98	3	97	17	64	-19	73	-11	79
ZKP	57.0	44.0	7	1
37	25	62	54	76	49	60	57	53	36
GTG	75.0	-2.0	24	1
63	8	65	0	81	-10	89	-4	79	1	87	-15	53	6	89	-4
KFI	26.0	12.0	11	1
37	8	37	27	32	-1	39	25	-3	12	15	1
EPI	45.0	46.0	5	1
37	41	54	55	35	32	45	43	54	60
