OPZ	14.0	33.0	4	1
18	17	5	23	26	27	-2	45	15	24	27	42	9	53
OWM	97.0	58.0	10	1
109	48	101	86	89	55	92	57	82	45	102	53	106	62
DKQ	90.0	45.0	3	1
110	47	84	58	77	32	90	26	105	66	71	23	93	63
RPQ	7.0	33.0	5	1
12	21	7	40	40	53	13	33	-8	24	-5	29	-8	33
OTP	10.0	63.0	4	1
29	49	-3	51	-11	69	20	54	9	83	25	60	3	75
BNH	33.0	62.0	5	1
46	65	36	86	42	44	19	46	24	69	18	67	48	61
XXB	56.0	0.0	7	1
58	12	71	4	46	-3	41	-7	49	7	73	-12
GUL	84.0	-7.0	4	1
80	-19	61	-3	95	-5	102	-1
SNQ	94.0	84.0	9	1
73	62	107	69	82	107	116	110	83	62	106	99
LTO	6.0	33.0	3	1
-2	28	17	35	22	18	-10	20	5	65
ZWD	71.0	41.0	3	1
86	37	48	25	66	30	60	65	68	53	87	65	73	31	85	28
MUK	9.0	33.0	8	1
28	26	11	39	6	35	12	32	-5	7	19	48	-6	49
RQF	70.0	85.0	1	1
74	70	82	104	66	81	59	92	69	82
ZHG	96.0	76.0	3	1
111	79	93	75	94	90	79	73	90	70	112	74
GEN	37.0	27.0	4	1
34	37	52	16	26	40	34	15	49	19	29	40
YHL	58.0	44.0	7	1
79	32	75	68	56	52	51	41	39	44	49	32
