APL	54.0	79.0	23	1
39	86	46	62	53	72	80	77	74	94	34	85
NXU	24.0	47.0	5	1
38	53	23	23	24	42	12	62	29	56	26	42	16	52	24	49
LGY	87.0	35.0	2	1
94	39	77	53	89	11	94	50	84	30	88	42	87	24
IJV	48.0	69.0	21	1
55	52	46	49	60	90	60	68	62	56	20	63	32	89	53	91
NEG	52.0	69.0	14	1
67	82	30	75	34	68	74	90	39	53	68	51
CTC	27.0	72.0	15	1
24	59	3	59	33	76	32	80	45	75	20	76	40	71	25	83
SWD	5.0	98.0	10	1
2	83	-2	102	-17	83	26	95	6	107	23	118	3	103
SFK	13.0	37.0	2	1
1	28	0	38	38	54	14	42	10	37	16	27
XAY	20.0	94.0	19	1
21	70	15	73	0	109	21	102	29	110	38	104
MOU	33.0	19.0	7	1
49	5	21	35	30	-4	32	42
