HYU	48.0	97.0	15	1
35	100	43	112	56	79	70	91	43	89	61	112	53	83	27	115
UMW	84.0	-1.0	2	1
73	4	98	1	87	12	78	-21
OSI	22.0	4.0	23	1
46	6	7	21	6	-3	8	6	35	21	18	12	14	-12	45	-14
HPV	-4.0	47.0	10	1
-19	46	11	35	-8	65	-21	47	14	45
DLF	80.0	72.0	9	1
75	96	85	68	105	84	65	75	62	55	92	59
RTF	68.0	14.0	4	1
50	35	84	18	66	-8	91	-10	62	20	59	24	65	19
BMD	36.0	20.0	2	1
46	41	20	-1	48	29	54	22	24	30	25	1
TVL	59.0	56.0	4	1
54	69	80	53	48	39	64	49	70	81	39	69	62	36
LDX	71.0	103.0	18	1
64	104	79	81	90	115	56	101	92	110	47	111
IFH	79.0	60.0	6	1
92	53	61	63	67	63	82	48	99	87	71	53	82	59
MFN	92.0	75.0	16	1
70	77	83	82	102	71	108	73	101	75
VCV	96.0	94.0	2	1
113	110	101	109	97	65	92	76	89	105	86	102
KBG	51.0	75.0	15	1
34	81	65	69	35	59	71	91
INW	57.0	37.0	24	1
65	11	62	52	64	42	52	35	71	34	40	32	50	59
RJA	61.0	39.0	4	1
43	36	40	51	87	50	63	10	76	50
FTO	95.0	30.0	1	1
107	25	89	43	109	36	79	22	93	40	99	3	92	34	93	43
IRU	5.0	89.0	19	1
5	83	-2	77	3	100	14	98
