VXE	11.0	39.0	8	1
-9	43	19	26	24	23	10	47	20	51	3	47
YUM	-4.0	64.0	1	1
5	70	-1	52	1	86	-11	78	13	41	-21	81	-17	42
RKW	56.0	27.0	9	1
44	18	60	44	61	29	68	26	48	18
RJA	11.0	67.0	1	1
19	65	12	56	16	68	-10	67	8	58	18	81	5	83	24	63
XKM	31.0	15.0	8	1
38	43	28	18	62	5	18	6	23	19	33	9	17	7
OLS	85.0	6.0	7	1
70	21	70	-1	96	8	98	15	93	-12
BLW	15.0	2.0	8	1
-7	-2	26	9	5	-12	38	20	25	-9	14	-17	4	28
JSU	89.0	20.0	4	1
93	18	84	6	101	4	87	25	76	44	100	30	86	16
WDT	74.0	31.0	0	1
85	40	62	38	78	41	52	21	93	16
KLW	81.0	7.0	7	1
68	27	91	14	90	-13	97	22	62	-11
GXZ	74.0	83.0	10	1
60	96	75	62	65	98	86	70	95	102	67	75
FYH	56.0	9.0	3	1
66	22	66	-11	32	16	53	7	66	11
RJI	25.0	13.0	4	1
22	26	19	10	54	22	37	20	20	15	25	-2	10	10	17	10
ZHA	32.0	22.0	6	1
39	22	32	36	36	19	4	14	49	7	35	38
HDA	92.0	73.0	3	1
102	91	106	90	72	55	75	71	100	51	80	89	109	64
