BXB	39.0	10.0	5	1
43	7	53	4	42	-1	26	30	32	8	24	14	57	10
RQZ	34.0	44.0	2	1
31	27	50	34	31	33	12	61	52	50	31	59
DIB	26.0	14.0	2	1
25	7	28	8	34	19	16	17	28	21
MEU	65.0	12.0	3	1
69	2	41	35	68	13	47	-8	77	-3	84	10	75	35
ABT	6.0	0.0	5	1
-11	24	5	-14	12	9	13	-16	30	-12	-9	5
OWZ	58.0	20.0	4	1
56	18	63	19	65	18	39	37	70	8
CZH	29.0	90.0	8	1
15	106	15	95	47	112	25	74	39	90	14	66	42	81	40	96
JAD	85.0	85.0	3	1
96	96	58	67	83	94	104	83
FAA	70.0	19.0	10	1
55	7	72	28	92	35	67	12	85	16	76	16	58	19	61	25
TVM	17.0	0.0	9	1
20	0	21	-16	10	-18	2	18	21	25	31	-12
TSI	23.0	0.0	5	1
10	2	2	-5	27	-8	48	3	22	-9	15	-7	38	19
ISC	95.0	59.0	1	1
92	61	77	49	99	53	103	82	107	51
WWF	83.0	55.0	10	1
86	40	100	35	90	71	78	57	68	75	66	40	91	69	92	54
SCF	75.0	31.0	9	1
73	42	58	27	90	35	81	38	68	23	85	21
PMV	90.0	24.0	2	1
98	25	95	19	89	13	90	42	80	24
DPZ	57.0	80.0	3	1
49	92	66	65	60	85	56	78
FND	16.0	72.0	9	1
3	52	10	67	19	88	49	80	17	66	1	84
UGD	66.0	22.0	7	1
48	-4	77	17	75	30	68	29	84	38	78	38	36	10
EOW	8.0	8.0	1	1
2	-2	5	19	14	10	9	30	-9	8	-6	-7	27	15	23	-6
LRC	24.0	100.0	4	1
32	77	16	114	36	89	33	101	9	122	21	98
AQO	78.0	97.0	1	1
89	80	53	101	72	107	98	101	81	97
BUI	59.0	38.0	6	1
54	36	61	36	62	66	71	28	69	34	38	31
PHZ	69.0	28.0	8	1
81	16	49	30	88	45	95	34	49	39	60	13	67	21
DMG	88.0	-1.0	4	1
76	-10	106	1	60	18	61	-16	107	10	106	16	97	-12	95	-22
TZU	93.0	61.0	7	1
101	62	108	78	77	57	90	49	90	60
XEK	20.0	25.0	9	1
-4	24	34	24	17	15	33	37
QDU	63.0	71.0	2	1
60	73	73	86	52	73	54	60	78	66
OTD	9.0	81.0	9	1
-4	77	6	98	26	85	22	69	-4	80
KCE	63.0	5.0	2	1
44	3	77	33	45	-12	63	-3	87	8
YTE	65.0	60.0	4	1
64	31	63	62	59	34	65	79	59	78	82	79
SFO	65.0	85.0	3	1
73	89	60	74	61	100	51	68	80	95
RPH	18.0	56.0	6	1
21	59	43	51	2	64	9	51
ZZA	29.0	89.0	6	1
20	88	22	85	11	92	41	80	38	103	45	91
XDE	69.0	47.0	9	1
78	48	78	28	68	47	49	49	74	67
FJE	41.0	30.0	2	1
63	25	37	35	35	36	40	16	40	13	32	58
RQN	62.0	47.0	8	1
53	37	76	44	66	33	56	28	57	69	64	66	67	57
BUN	38.0	39.0	10	1
38	57	45	53	47	18	48	25	33	53	11	53	47	17
MPY	6.0	26.0	6	1
32	37	-4	31	-1	26	-2	10
TBH	90.0	58.0	5	1
79	73	90	46	80	74	111	42
KAZ	37.0	105.0	10	1
48	118	29	104	42	80	32	121
HWW	79.0	95.0	4	1
56	90	95	114	88	109	94	92	80	84	63	82
BSD	81.0	43.0	8	1
59	38	95	46	99	36	65	29	71	50	90	63	90	45
YQA	47.0	17.0	4	1
46	32	30	26	53	9	61	2
SDE	78.0	87.0	1	1
79	75	79	91	87	90	77	103	70	79
TOW	5.0	81.0	8	1
18	93	-1	87	-16	91	2	84	26	79	13	80	-9	81	14	57
