LGZ	65.0	76.0	25	1
53	79	92	64	61	88	54	75
FVS	54.0	53.0	24	1
44	67	61	56	56	50	72	58	41	38
URW	2.0	64.0	18	1
-4	66	8	54	0	62	30	61	-12	78	-5	78	-3	49
RBQ	82.0	58.0	14	1
66	48	81	66	60	55	81	60	83	51	101	79	103	51
ZEK	61.0	86.0	14	1
70	88	46	79	47	74	68	88	84	96	52	96
UNW	68.0	76.0	2	1
46	65	83	66	83	87	60	89
UUF	15.0	15.0	18	1
14	10	9	30	38	14	4	37	17	20	16	-2	7	-2
SGX	67.0	20.0	23	1
75	23	78	9	69	2	43	25	73	45
PQZ	100.0	83.0	10	1
107	75	84	78	102	71	115	85	105	84	92	109
ITA	37.0	99.0	10	1
11	113	35	114	40	79	48	115	52	75
KNX	51.0	31.0	22	1
66	20	31	40	59	26	49	46	50	25
RMW	67.0	67.0	1	1
51	49	65	51	83	70	46	94	84	63	76	75
WSL	16.0	9.0	23	1
28	11	23	22	10	4	4	-8	37	-1	-6	26
UPK	0.0	13.0	4	1
-11	5	5	14	-19	-4	-16	29	-1	28	24	29	20	-6
FZF	70.0	67.0	8	1
71	58	61	67	70	87	81	57
EHL	60.0	58.0	12	1
38	55	56	65	73	66	76	44	81	86	53	44	67	69	39	40
KBQ	48.0	28.0	12	1
64	39	68	9	45	31	28	17	26	26	54	51	52	28
EZX	11.0	31.0	13	1
-11	34	13	45	-2	43	32	12	-1	35	16	36	24	2	19	46
WXI	44.0	26.0	10	1
57	13	38	44	61	27	23	22
XVH	29.0	4.0	5	1
24	-23	8	9	53	4	10	18	41	-3	39	19
CBC	101.0	43.0	17	1
119	31	90	46	96	51	84	53	113	37	95	55	115	33
QHD	28.0	33.0	11	1
7	49	19	38	34	38	40	41	28	20	40	10	34	38
ALU	32.0	77.0	4	1
52	84	56	76	26	78	19	60	19	81	22	86
INS	19.0	36.0	3	1
40	28	-3	36	17	48	5	30	36	42
QKP	39.0	66.0	22	1
30	81	33	42	61	81	35	43	40	87
NSJ	9.0	0.0	5	1
3	-21	29	-22	-14	19	20	22
DEH	31.0	27.0	10	1
19	41	19	39	45	10	24	34	50	13
SSP	36.0	53.0	24	1
21	62	20	49	41	79	52	40	50	37
BTF	61.0	40.0	4	1
65	29	62	15	71	37	53	62	45	55	61	40	70	42
VYP	72.0	9.0	13	1
57	12	65	28	91	15	77	-16
YNU	44.0	11.0	19	1
45	7	36	27	23	10	49	1	59	27	56	-4
