GJP	87.0	68.0	5	1
75	85	113	68	82	60	84	50	91	93	79	56
PZR	33.0	7.0	8	1
24	28	16	14	46	-10	24	7	57	0
OPU	68.0	73.0	8	1
73	69	56	77	67	92	76	56
DZG	105.0	19.0	16	1
114	6	120	32	105	22	111	28	110	3	97	9	79	37
QMO	49.0	85.0	9	1
75	93	44	75	41	98	36	75
DIB	45.0	63.0	22	1
33	56	49	51	50	50	60	58	62	75	20	89
DCO	22.0	1.0	2	1
6	0	43	13	-2	6	44	1	21	-3	3	-7	42	-2
XFR	42.0	8.0	4	1
25	17	57	-7	28	14	63	13	28	-11	51	22
NKK	74.0	21.0	3	1
82	16	88	5	91	30	51	3	56	4	74	45	81	44
DHD	30.0	4.0	17	1
51	20	13	-7	41	14	12	-14	25	6	23	-9	51	21
TXK	89.0	93.0	22	1
77	99	80	76	88	101	82	111	115	102	95	71
LNM	77.0	7.0	17	1
103	2	69	-6	71	27	79	-1	66	13
CJX	81.0	21.0	16	1
98	17	85	14	73	12	91	19	59	43
NQS	1.0	91.0	24	1
-6	105	-14	83	-10	97	22	101	0	81	-11	86	23	93	10	86
HUD	26.0	90.0	18	1
27	83	44	84	5	99	34	105	22	106	24	64
RBT	5.0	24.0	11	1
16	10	21	29	-14	37	-17	17	14	47	11	5
XER	25.0	25.0	22	1
15	30	31	16	45	19	9	37
GTM	55.0	46.0	13	1
64	40	30	42	70	32	74	68	54	29	62	58	38	33	48	71
WLL	94.0	8.0	20	1
111	24	106	-9	98	-6	81	7	95	0	89	24	76	16	99	13
WRS	74.0	64.0	18	1
63	74	77	52	52	72	78	65	85	82	73	47	90	59
DUP	78.0	13.0	24	1
93	5	80	17	86	3	54	29
EAX	103.0	91.0	2	1
115	71	80	80	95	104	111	109	111	82	118	113	94	81
MKN	85.0	2.0	3	1
93	19	60	-1	102	8	88	-16	83	2	87	0
FRB	12.0	40.0	6	1
-1	44	22	40	-3	34	7	38	24	28	32	60	-7	40	26	42
MQI	98.0	94.0	21	1
105	78	106	105	103	77	71	117	106	93
TGY	8.0	78.0	10	1
-7	74	-7	85	7	56	10	93	14	62	10	100	9	78	32	83
RWK	53.0	12.0	20	1
39	16	55	32	40	7	63	-2	70	10
UGZ	16.0	84.0	1	1
8	72	29	94	19	91	17	72	10	93
