HLN	47.0	81.0	9	1
44	89	63	61	45	77	59	99	34	67	27	102	62	75
ZAT	20.0	30.0	3	1
13	29	44	20	2	49	21	25
KUR	29.0	61.0	3	1
47	40	6	69	35	54	45	74	12	59	29	73
RQV	45.0	103.0	9	1
57	106	47	114	40	95	46	113	58	117	28	92	33	101	58	90
AYW	15.0	70.0	7	1
15	53	-3	86	30	76	12	61	7	52	34	74	13	91
VZL	22.0	45.0	3	1
11	50	37	42	10	27	32	62
RDT	37.0	13.0	1	1
55	33	20	-5	35	-11	54	2	21	9	47	36	32	28
MTE	11.0	19.0	2	1
35	18	5	17	-10	38	-5	13	11	6	34	25
EKE	0.0	44.0	3	1
-12	38	-9	47	31	37	-8	57
LIZ	83.0	85.0	8	1
82	85	102	77	90	91	71	82	75	84	106	95	67	96	76	71
OFE	56.0	2.0	8	1
67	-4	60	-11	35	2	72	36	57	-5	48	-2
VJC	42.0	28.0	5	1
34	20	51	15	51	45	39	36	27	35	54	17
IOZ	49.0	63.0	9	1
41	81	63	87	41	46	27	55	51	65	73	49
LJF	18.0	19.0	1	1
42	22	11	36	7	12	12	6
OET	98.0	90.0	3	1
97	89	101	96	86	88	116	95	91	84
UIX	45.0	55.0	7	1
36	56	27	59	41	69	71	50	56	67	34	53	28	62	70	26
QLG	33.0	71.0	1	1
20	64	42	85	53	80	17	56
GXY	57.0	41.0	8	1
64	60	65	15	67	36	65	60	40	60	47	37	56	19
GTP	47.0	20.0	9	1
27	27	38	24	71	9	53	22
