XQF	0.0	95.0	10	1
-12	98	7	107	-17	81	-14	96	6	90	25	100
SYL	41.0	88.0	8	1
62	85	30	66	29	93	37	94	25	91	68	103
TDP	38.0	8.0	19	1
29	25	37	2	35	10	47	5	46	-1
HTC	68.0	36.0	8	1
56	27	62	48	64	45	66	25	78	50	68	23	85	37
NWN	15.0	74.0	6	1
8	94	17	93	41	56	15	67	1	69	8	70
DOC	100.0	-4.0	6	1
79	-2	119	-8	106	-11	90	1	107	-3
OJR	38.0	40.0	16	1
35	34	49	60	40	11	34	46	33	51
FKY	22.0	51.0	11	1
10	61	41	53	35	39	4	53
EQP	93.0	42.0	10	1
95	39	88	45	109	40	95	33	80	49	88	52	102	39
BHM	38.0	59.0	18	1
31	59	45	39	41	85	34	61	42	52
VGH	51.0	52.0	2	1
73	37	56	53	35	74	56	59	35	37
UFG	37.0	86.0	3	1
29	107	29	77	56	77	29	73	34	76	35	88	51	106
CID	22.0	4.0	22	1
27	-3	20	-6	30	-4	12	24	39	-2	5	15
SSM	54.0	73.0	7	1
71	97	39	86	39	55	41	83	65	59	70	63
YPC	73.0	51.0	22	1
78	72	75	58	53	55	73	59	96	32	62	47	89	33	63	52
XNE	55.0	18.0	12	1
60	28	60	5	66	18	26	36	64	5
ZOP	12.0	27.0	4	1
-14	37	13	19	11	40	0	10	27	15	28	21	17	37	19	38
CLF	82.0	41.0	1	1
84	55	65	35	91	48	74	37	89	23	91	24	87	59	81	49
STV	23.0	71.0	8	1
10	83	54	81	15	75	20	56	19	45	15	91	29	72
JIA	51.0	56.0	24	1
42	48	61	74	40	50	62	60	36	45	75	67	42	54
NKR	75.0	101.0	21	1
67	117	80	110	84	80	72	99
LTH	58.0	82.0	5	1
58	100	75	67	39	78	70	91	64	67	52	75	58	82	54	102
GTK	71.0	74.0	3	1
48	70	77	68	88	74	71	87
ZUJ	11.0	96.0	21	1
1	78	27	99	4	112	27	110	27	89	-7	79	-1	105
EQB	19.0	5.0	4	1
31	22	20	-6	11	-10	14	15
ZTT	14.0	81.0	24	1
20	63	22	71	2	98	31	77	23	79	-9	101
IWZ	58.0	19.0	25	1
46	24	86	15	60	19	49	36	52	14	60	11
DSH	84.0	30.0	17	1
80	24	79	19	97	48	84	28	86	20	82	48	86	23
PNI	3.0	63.0	17	1
7	50	5	44	26	70	-7	77	11	46	-8	69	-11	88
EDQ	91.0	49.0	23	1
88	65	68	66	115	18	115	58	75	53	108	64	80	46	82	24
LEG	44.0	18.0	24	1
64	-7	30	24	47	33	35	22
VKP	39.0	48.0	14	1
41	31	20	47	41	64	46	33	48	55	25	53	52	54
UOU	72.0	9.0	7	1
75	20	54	-13	89	21	55	-9	72	26	74	6	76	14	81	13
EZO	78.0	93.0	17	1
76	114	102	84	73	99	82	79	64	95	84	104	66	78
QMW	76.0	51.0	1	1
55	67	79	57	72	43	88	44	86	69	74	58	67	50	90	27
SFQ	86.0	67.0	8	1
91	59	98	53	69	59	89	100
CQQ	73.0	32.0	15	1
64	14	66	33	89	35	90	33	58	42	73	40
PIR	39.0	78.0	13	1
26	100	59	57	37	91	23	90	52	53
