BSB	83.0	28.0	17	1
82	36	75	30	93	34	72	22	92	26	85	25
YPJ	82.0	69.0	20	1
84	59	77	52	94	72	85	77	77	70	78	88
KRE	96.0	86.0	22	1
78	96	89	67	109	96	102	84	109	78	92	100
KOD	11.0	23.0	9	1
24	47	-8	28	7	7	17	41	15	13	11	2
SFA	11.0	68.0	4	1
4	82	26	70	25	54	-2	60	19	51	-3	72	11	68	8	90
FRW	42.0	12.0	4	1
44	22	19	3	61	6	30	25	56	4
UBG	97.0	48.0	2	1
111	41	104	65	106	60	99	32	93	36	96	57	84	48	86	52
UQV	49.0	78.0	7	1
46	95	34	101	52	74	51	74	71	72	42	52
XMB	63.0	66.0	22	1
47	78	59	59	84	64	92	63	48	63	47	77	63	66	68	64
VZE	98.0	9.0	5	1
98	14	91	-5	109	12	103	32	79	-1	95	-3	111	15
FTP	8.0	63.0	8	1
4	44	-1	86	10	80	32	85	-5	48	-1	52	17	46
UBN	6.0	58.0	18	1
14	70	-11	50	-3	76	-23	70	25	47	18	55	23	40
OKM	90.0	18.0	21	1
65	19	93	6	102	15	110	27	73	29	97	12
RHM	10.0	79.0	18	1
-3	63	24	61	14	69	13	58	12	104	19	100	-5	100
DPT	35.0	98.0	9	1
22	101	37	101	43	113	26	104	48	71
IUC	79.0	6.0	16	1
77	-11	80	27	71	-7	74	19	70	6	107	3
ZGK	48.0	13.0	19	1
45	20	41	-11	67	33	47	-6	67	29	32	25	42	3
VQM	23.0	67.0	3	1
17	81	10	68	13	78	27	60	51	49
AMB	39.0	53.0	3	1
42	49	37	65	28	48	32	48	57	58
FCJ	41.0	27.0	20	1
44	51	23	11	58	12	25	17	60	30	39	42
FEJ	23.0	47.0	9	1
23	42	24	44	29	24	26	65	40	35	7	43	17	69	21	58
RWW	7.0	41.0	17	1
8	38	-2	32	20	52	11	63	-1	36	18	36	-1	31
RXY	60.0	48.0	7	1
65	32	37	61	45	29	67	51	81	31	54	63	77	60	54	58
KYU	73.0	16.0	13	1
89	29	81	14	56	-9	59	35	72	27	98	11	57	7
UGP	80.0	30.0	22	1
79	29	71	22	93	35	57	28	86	40	98	30
BJL	64.0	26.0	25	1
44	32	80	26	78	26	74	33	51	25	58	22	69	23
MRL	82.0	42.0	10	1
91	50	68	34	102	40	74	47	87	58	71	18	81	52
DGD	27.0	66.0	17	1
37	71	22	54	18	65	32	69	14	66	40	73
BGQ	58.0	26.0	7	1
71	45	32	9	58	42	54	30	69	3	46	26	63	17	71	36
XVB	49.0	86.0	11	1
69	66	40	72	37	86	61	105	43	71	48	100	48	103
CVA	30.0	33.0	7	1
39	41	15	21	23	42	46	30
WVQ	59.0	56.0	6	1
53	53	42	63	75	51	83	61	40	77	66	33
WXJ	-1.0	72.0	21	1
-1	67	-12	73	3	54	-17	98	20	71	11	85	-16	60
UQH	104.0	19.0	9	1
117	20	112	15	93	9	95	33
ZZB	47.0	5.0	16	1
56	21	29	30	38	-13	67	-1	47	-10
VCO	78.0	31.0	23	1
81	31	72	31	77	54	79	21	88	15	75	36
FGV	28.0	38.0	3	1
4	52	31	24	52	21	26	57
ZNJ	71.0	34.0	17	1
72	19	78	45	83	38	59	46	51	42	68	37	92	15
FAZ	92.0	88.0	16	1
73	86	86	73	98	103	116	98	109	74	89	110	74	72
WOR	94.0	89.0	20	1
94	73	78	75	77	89	115	90	121	105	88	100	89	92
