XNB	14.0	-1.0	8	1
-1	-11	31	18	2	0	27	-3	13	-23	10	15	17	-7
WTT	3.0	105.0	4	1
-3	102	10	101	-15	109	20	109
EWC	14.0	78.0	1	1
6	95	-2	79	28	62	8	69	21	98	25	69
WYG	56.0	34.0	0	1
36	24	43	34	76	26	58	35	67	51
JSX	60.0	7.0	4	1
64	15	51	-6	75	4	45	29	68	-6
XOO	54.0	10.0	3	1
83	25	66	13	41	5	39	-5	44	-8	52	31
MTX	3.0	-5.0	3	1
-5	13	23	10	-6	-14	-12	-19	16	-17
QZM	84.0	73.0	8	1
88	75	85	78	102	75	76	62	98	61	73	72	72	90
KGT	75.0	35.0	7	1
81	25	75	53	53	17	93	47
PPB	77.0	65.0	4	1
64	60	94	74	56	76	79	60	95	56
ZMD	42.0	50.0	9	1
43	31	41	60	27	32	50	66	25	57	49	56	65	48
DOF	48.0	89.0	4	1
55	108	66	95	38	75	42	86	39	82
PWI	47.0	9.0	7	1
64	-16	21	17	67	14	38	13	49	18
PXN	32.0	83.0	5	1
57	87	38	62	25	87	32	85	50	88	12	83	16	93
DTP	38.0	85.0	3	1
33	99	32	99	23	98	37	72	68	59
VNV	35.0	96.0	8	1
22	75	56	103	46	88	19	118
HFT	24.0	19.0	5	1
37	4	46	13	0	10	20	46	19	24
IJW	82.0	6.0	6	1
88	-6	55	7	100	15	72	8	97	8
KFE	59.0	71.0	7	1
66	51	44	69	52	85	76	66	68	50	62	89	49	93
HET	69.0	67.0	6	1
51	59	66	66	91	55	51	70	90	86
DPB	96.0	53.0	8	1
105	33	104	62	74	40	100	45	100	71	98	67
KTQ	51.0	95.0	6	1
64	95	45	87	58	117	36	90	42	96	70	93	55	114	45	72
JJI	104.0	24.0	4	1
109	39	87	7	97	12	102	5	110	31	121	41	102	37
YWP	22.0	46.0	8	1
23	46	39	49	18	54	15	61	19	23
HQA	9.0	25.0	10	1
29	13	-4	52	21	8	4	7	2	51	10	15	4	33
DZP	56.0	32.0	8	1
57	8	30	40	63	27	77	56	43	51	66	15
JWJ	76.0	0.0	5	1
68	12	94	-10	73	-22	57	14	88	7
GZR	13.0	65.0	4	1
-8	75	-2	69	28	66	21	75	14	48	28	62
OBI	28.0	74.0	6	1
23	75	21	86	18	85	47	60	34	65
OCZ	94.0	7.0	10	1
110	17	91	5	90	-8	95	2	85	19
BJY	44.0	19.0	0	1
38	-1	46	23	42	2	58	40	38	40	43	1	48	29
ZOC	96.0	62.0	8	1
97	54	112	52	86	81	91	62
IXE	16.0	14.0	7	1
11	20	26	17	1	-6	29	25
MOI	18.0	-6.0	10	1
24	-3	15	21	13	-21	27	5	28	-20	6	-20
JPT	17.0	-1.0	1	1
20	-12	17	-5	24	10	19	-17	8	4	18	14
DLJ	43.0	47.0	1	1
52	34	25	44	28	36	50	36	56	54	50	79
