WRE	60.0	42.0	3	1
79	60	84	41	47	29	43	18	57	61	70	57	42	31
AXT	43.0	11.0	10	1
37	20	48	18	61	25	29	-3	53	26	34	-15
ZBA	68.0	10.0	2	1
76	28	79	20	49	7	61	11	76	16	57	-12	81	1
MZC	10.0	39.0	9	1
23	42	20	55	-11	22	26	47	-11	25	18	45
TYD	25.0	28.0	2	1
32	25	4	18	27	50	12	14	25	14	40	23	36	58
SQJ	27.0	12.0	3	1
43	22	15	28	35	6	18	-6
OXH	66.0	87.0	20	1
69	78	88	92	54	93	46	84	73	91
FUY	51.0	70.0	23	1
62	84	40	56	66	68	65	50	46	73	30	89
HST	86.0	52.0	21	1
76	37	79	49	76	62	75	51	105	58	100	55	97	52
GUK	49.0	65.0	19	1
53	48	53	86	42	65	49	64
WPA	82.0	21.0	8	1
79	45	66	-1	74	31	96	43	90	2	71	14	103	16
WJD	15.0	44.0	24	1
-7	33	38	36	32	63	-1	45
DOL	0.0	18.0	4	1
2	16	-15	7	-3	16	20	17	-8	28	7	26
QWT	47.0	1.0	11	1
41	0	54	-16	62	4	51	-6	30	23
TJB	51.0	58.0	19	1
50	37	62	57	49	55	59	74	39	69
FCD	33.0	87.0	18	1
50	75	14	100	33	93	5	79	47	74	49	111	39	83
AYQ	3.0	95.0	12	1
5	92	-2	104	10	87	25	107	-21	104	3	81
NYK	91.0	9.0	13	1
102	23	70	22	90	2	103	-8
AQV	74.0	71.0	4	1
78	70	68	62	82	81	70	80	95	81	69	68	57	80	73	46
GIA	67.0	37.0	9	1
76	56	50	44	60	20	53	32	50	51	75	33	83	14	95	49
YFS	83.0	72.0	10	1
94	90	72	98	83	51	97	63	92	65	51	71	92	66
LGW	65.0	61.0	3	1
85	62	64	50	59	94	64	47	59	48	66	63	63	63
RRE	110.0	38.0	16	1
103	25	119	55	118	31	100	41
CDP	31.0	84.0	24	1
52	90	5	105	51	70	13	68	49	85	39	68	7	99	39	94
CWK	-3.0	35.0	9	1
-7	40	9	21	8	52	-16	24	-17	15	-18	25	9	58	2	47
JUA	0.0	80.0	24	1
-4	76	21	82	-4	98	-12	65
ATR	70.0	84.0	16	1
61	85	67	79	84	98	52	85	65	59	80	85	94	90	58	98
RAT	78.0	72.0	20	1
81	86	60	93	89	50	85	51	86	80	85	81	60	68
SPS	31.0	17.0	4	1
40	39	48	-4	21	7	18	27
KJS	65.0	99.0	23	1
89	115	83	109	57	83	65	89	50	102	61	92	51	106
YSZ	78.0	84.0	22	1
78	92	72	59	63	86	77	72	87	97	82	88	88	95
KTD	9.0	98.0	11	1
21	114	0	77	31	110	-12	106	7	86
DSA	67.0	71.0	19	1
75	75	71	75	58	64	64	66	71	75
DGS	75.0	89.0	17	1
55	106	75	84	78	94	63	102	87	73	90	74	78	90
XPE	89.0	23.0	5	1
104	25	89	27	81	12	90	22	82	31
