ULQ	-5.0	59.0	0	1
4	69	-10	61	-9	61	-5	47
YSC	73.0	45.0	17	1
94	31	69	55	63	59	57	66	67	36	85	47	86	20	67	47
AKX	19.0	102.0	22	1
27	119	18	82	37	107	-9	88	36	118	23	112	28	86	-3	111
SNK	82.0	11.0	8	1
109	16	73	3	87	22	61	28	83	-4	82	7	84	8
TOI	26.0	72.0	4	1
38	82	20	73	16	48	32	86
HCW	91.0	28.0	0	1
93	7	101	44	113	42	72	14	90	42	73	17	97	34
TIW	45.0	0.0	25	1
38	-9	43	-9	52	10	63	-9	47	3	31	12	47	0
RQC	91.0	45.0	8	1
110	67	75	33	85	31	92	50	95	39	102	39	79	57
MAG	94.0	93.0	8	1
110	80	99	78	76	119	104	113	82	79
PCD	51.0	81.0	17	1
52	106	57	91	48	67	61	74	37	68
XQU	21.0	53.0	23	1
2	40	35	74	39	52	15	71	18	43	20	38
GCD	53.0	8.0	25	1
53	24	73	30	47	23	63	-9	46	-17	50	-2	43	18	50	4
CNQ	67.0	59.0	6	1
59	62	72	52	73	60	63	61	83	65	53	59
QEZ	60.0	70.0	25	1
41	89	53	90	67	56	69	60	62	48	73	73	57	64	60	84
YVO	80.0	103.0	18	1
93	100	91	85	90	123	50	100	80	109
XWC	60.0	38.0	20	1
69	43	66	29	43	31	59	40	66	47
MSR	58.0	75.0	17	1
44	65	77	91	44	84	55	57	56	67	74	90
AVF	86.0	32.0	16	1
89	47	64	15	89	46	89	26	84	17	83	46	106	27
VZH	51.0	-2.0	14	1
41	8	67	-23	51	17	35	-19	55	13	66	-11	44	-5
KUK	34.0	81.0	6	1
51	75	43	81	23	94	45	76	11	99	52	67	16	78
PDS	57.0	53.0	21	1
80	45	73	46	37	68	64	59	62	50	41	54	43	53
ICC	68.0	25.0	19	1
58	5	77	25	75	36	66	30	61	25	71	30
ZDJ	27.0	48.0	22	1
44	51	13	56	45	49	26	54	14	31	22	47
DMV	91.0	9.0	9	1
95	-4	82	-9	88	27	111	33	73	-1	94	3	94	20
BZZ	42.0	95.0	16	1
21	84	50	113	37	114	38	80	60	84	48	108	40	85
IWQ	8.0	-1.0	24	1
22	-7	28	-24	1	-14	-15	0	-13	-20	23	24	12	16	8	11
REC	16.0	14.0	14	1
27	2	9	25	10	20	20	10
EQR	8.0	-1.0	15	1
-10	-19	24	18	-19	-12	10	-14	26	18	19	2
LYX	103.0	59.0	1	1
101	55	111	69	112	52	100	57	103	75	116	76	113	47	75	47
FUA	68.0	48.0	24	1
87	34	88	62	72	63	43	35	51	46	56	58	82	44
LIP	64.0	19.0	15	1
91	14	58	24	44	14	61	7	81	40	54	15
FWU	56.0	83.0	11	1
57	89	69	82	58	76	41	85	70	62	44	107
GYL	15.0	19.0	13	1
0	-9	25	40	33	37	-2	-5	22	33
UHJ	5.0	38.0	8	1
7	57	-3	42	9	44	-4	19	9	45	-8	30	31	29
LLB	21.0	10.0	2	1
45	23	35	-5	6	-8	24	5	18	14	10	27	15	19
AZG	28.0	40.0	14	1
22	37	28	51	40	37	24	37
MUP	51.0	73.0	18	1
59	59	58	80	69	91	33	68	36	70
YCR	8.0	94.0	8	1
-7	82	19	82	1	111	8	91	20	104
EET	-12.0	100.0	8	1
-21	103	13	101	-12	113	-24	113	-5	81	-24	90
SJS	67.0	26.0	4	1
55	31	88	13	64	18	69	2	71	46	50	31	75	46
EAJ	46.0	78.0	10	1
51	60	24	94	35	92	41	95	55	77	51	77	69	55
NBY	56.0	78.0	20	1
38	71	79	65	69	69	38	100	57	89
KNC	26.0	77.0	23	1
32	75	35	79	30	94	19	50	20	77	40	85	8	82
TQO	33.0	57.0	25	1
4	48	10	79	33	34	44	81	52	33	49	70	41	54
VVZ	61.0	85.0	11	1
65	94	78	86	66	95	52	109	39	81	39	73	82	76	69	69
PXD	58.0	87.0	20	1
86	95	59	86	43	106	48	75	57	75
CCS	38.0	68.0	1	1
57	61	57	80	30	78	51	78	13	51	22	78	37	56
WEL	61.0	53.0	4	1
74	48	68	60	51	49	52	55
GCK	69.0	88.0	14	1
54	88	60	96	53	87	62	80	83	97	91	93	85	79
EVE	15.0	6.0	19	1
33	19	-8	-8	4	17	6	7	21	-8	17	8	35	11
