AXO	61.0	69.0	8	1
55	65	52	78	76	53	62	80
TWG	7.0	41.0	7	1
19	34	-9	38	26	55	19	34	-10	55	0	35
OWF	92.0	93.0	1	1
105	78	72	96	93	73	111	105	87	101	89	105
XMX	47.0	40.0	8	1
44	31	45	43	43	47	61	26	67	63	23	32
NJA	79.0	11.0	5	1
96	16	91	11	83	9	99	1	58	-12	72	28	58	25
ASG	84.0	61.0	3	1
67	64	100	67	99	60	69	83	109	48	90	51	76	64	69	58
YSY	48.0	60.0	4	1
53	65	53	64	57	59	41	40	56	77	28	58
NLL	7.0	93.0	1	1
11	110	5	87	26	78	-5	72	0	121
ZTS	70.0	6.0	0	1
47	0	73	16	56	19	85	4	92	-8
VEF	83.0	86.0	8	1
72	72	75	114	102	83	84	87	84	80	79	75	91	91
WDA	78.0	84.0	3	1
102	68	75	83	89	83	64	92	76	101	67	81
WSX	63.0	44.0	4	1
50	62	87	35	63	41	52	38
UXT	60.0	30.0	4	1
49	22	82	23	57	53	44	17	71	20	49	34	69	41
