NSE	80.0	62.0	0	1
88	67	68	62	105	73	74	34	91	75	64	61	70	68
JWK	55.0	86.0	25	1
78	112	81	100	52	94	46	68	46	103	43	67	49	77	52	73
IKT	70.0	9.0	21	1
73	8	55	33	66	15	83	-2	59	-5	85	5
PMP	20.0	54.0	0	1
3	48	0	44	25	46	7	49	24	75	41	51	42	69
BRJ	33.0	48.0	23	1
25	34	47	39	22	53	26	40	60	52	22	72
FYK	-1.0	98.0	9	1
-5	93	-16	106	-4	96	16	87	2	109
QIP	78.0	72.0	3	1
64	73	98	82	71	80	82	68	75	58
NCB	54.0	28.0	23	1
52	25	58	24	66	35	60	30	36	27
BPO	26.0	9.0	3	1
44	-8	49	22	14	10	14	20	10	2
MNN	24.0	53.0	17	1
32	55	40	55	9	49	18	34	14	79	48	55	12	48
FIG	88.0	21.0	19	1
78	12	93	49	82	8	87	18	92	19	99	23
WZS	45.0	95.0	5	1
44	97	49	108	41	80	39	100	64	83	34	107
VUJ	43.0	62.0	12	1
63	60	39	62	37	67	47	48	33	77
IBZ	74.0	20.0	1	1
60	6	77	31	89	31	63	4	73	29	83	23
TFN	25.0	69.0	17	1
27	57	31	95	10	58	34	62	24	77
MDY	40.0	87.0	2	1
22	92	67	91	56	81	26	67	32	106
NDE	62.0	86.0	18	1
45	77	61	81	48	78	79	93	44	72	76	86	72	95	75	110
UNK	4.0	0.0	17	1
20	-17	2	9	-9	-11	8	23	16	20	5	-17	-10	-4
JPC	54.0	65.0	11	1
42	46	39	60	68	60	76	80	49	82
QWJ	35.0	28.0	22	1
53	12	12	45	44	19	26	42	43	28	36	27
JDB	9.0	68.0	3	1
23	72	-3	70	10	52	14	78	-8	80	13	84	20	42
ITO	16.0	88.0	9	1
17	114	17	111	6	69	37	82	6	73	3	105	27	67	20	86
HCL	24.0	31.0	24	1
41	21	27	22	36	24	20	48	21	19	0	53
HES	36.0	42.0	11	1
35	43	50	52	47	54	39	58	32	14	13	35
DPS	17.0	43.0	12	1
6	22	23	59	7	65	39	22	26	48	4	55	35	39	2	34
NKK	59.0	76.0	3	1
59	51	78	72	72	77	66	84	49	71	52	92	39	89
ZAR	28.0	56.0	17	1
33	40	41	38	28	64	27	47	21	50	5	74	43	82
ESC	46.0	80.0	3	1
45	67	59	55	27	94	69	79	52	94	28	92
DYI	24.0	92.0	10	1
44	117	16	90	30	77	16	86	23	74	19	111
ALX	58.0	68.0	25	1
72	79	56	83	80	81	55	53	35	61	53	54
PPX	56.0	-1.0	9	1
47	-4	68	6	53	21	47	-8	46	-20	84	-7	53	1
VZH	84.0	56.0	16	1
70	50	94	54	65	71	106	66	105	71	65	34	86	46
KEK	3.0	75.0	7	1
24	88	25	94	-5	67	-8	72	-9	75	-7	58
RDJ	95.0	62.0	24	1
112	66	83	79	115	46	96	45	90	77	78	59
UDK	48.0	17.0	19	1
34	7	58	28	48	29	50	24	47	38	34	6	63	1	54	9
ABJ	90.0	80.0	7	1
116	80	73	74	112	96	97	101	74	71	70	66	88	78
YWE	66.0	35.0	11	1
62	47	76	37	76	26	50	33
OLF	17.0	57.0	4	1
14	73	11	47	21	69	11	40	36	33	5	73	25	65
MAP	65.0	23.0	1	1
58	36	83	48	62	3	56	39	89	28	43	8	66	2
PNF	74.0	1.0	22	1
91	-19	69	24	93	15	69	5	80	-19	70	14	47	-7
UBK	20.0	53.0	6	1
15	55	9	39	30	84	26	45	40	40	14	54	11	54
HUO	73.0	71.0	18	1
91	91	58	55	63	72	65	87	79	63	82	60
VCR	-1.0	3.0	22	1
-7	31	10	1	-9	-2	-2	-9	5	10	-5	-8
FPA	18.0	77.0	9	1
28	91	10	47	5	90	32	82
EUD	103.0	35.0	8	1
110	52	85	30	101	47	105	46	83	40	118	23	106	28	116	20
OVP	29.0	38.0	19	1
20	62	34	38	54	39	41	24	8	32	12	29	35	42
KPQ	39.0	16.0	23	1
47	4	49	40	55	16	22	22	43	3	19	16
