XSK	75.0	58.0	5	1
48	50	88	52	86	72	57	48	84	52	88	77
ZTR	78.0	92.0	17	1
56	89	62	84	75	102	101	80	99	105
WSA	29.0	65.0	16	1
16	53	31	59	35	94	34	55
XBZ	16.0	63.0	13	1
32	76	10	75	40	48	-5	45	12	61	6	84	17	56
LOU	92.0	90.0	3	1
99	75	92	90	77	96	90	93	105	97
XKY	82.0	25.0	9	1
81	39	87	10	103	19	74	43	69	18
VDC	5.0	42.0	24	1
27	55	14	34	9	54	-11	15	-12	57	11	43	-3	38
PEO	87.0	52.0	16	1
80	51	110	72	103	40	84	61	81	44	68	46
OHZ	54.0	59.0	8	1
68	62	35	61	54	48	36	81	69	58	69	67	65	53	38	49
ZJR	55.0	32.0	19	1
48	38	73	18	59	37	56	24	41	46
HRW	76.0	30.0	5	1
67	23	102	49	79	24	63	16	87	29	71	49	64	21
PHJ	42.0	57.0	18	1
57	57	60	32	50	58	47	68	25	71	32	74	17	55	53	43
RGP	28.0	61.0	22	1
35	47	48	75	7	49	35	57	16	78
