AQW	41.0	110.0	2	1
41	91	42	120	28	121	35	99	60	122
NTQ	70.0	41.0	6	1
79	35	49	56	68	49	63	47	95	30	71	29
BVI	58.0	94.0	2	1
44	83	51	114	73	105	64	75
RFH	87.0	87.0	9	1
99	76	79	108	86	71	76	88	96	107	90	71	74	86	102	92
KRZ	6.0	91.0	6	1
5	111	18	97	-8	82	10	75
SIC	47.0	89.0	9	1
48	91	40	69	53	84	69	114	42	75	35	104
HSS	76.0	28.0	0	1
87	53	67	22	87	12	83	43	60	14
YZK	27.0	89.0	7	1
36	91	9	102	42	98	25	79	26	75
CTR	67.0	89.0	9	1
65	73	81	83	54	88	87	105	53	97	73	91	60	92
ANJ	93.0	10.0	7	1
76	29	71	15	113	-5	104	-6	79	-5	103	16	108	32
DAR	90.0	100.0	3	1
106	94	103	100	79	103	95	112	83	112	93	104	76	76
BOT	12.0	63.0	7	1
26	72	8	69	-11	53	17	60	20	52	-3	68	32	71
KGD	65.0	32.0	6	1
81	43	74	42	49	31	80	48	51	13	65	9	55	42
TKA	48.0	-1.0	7	1
33	5	57	8	54	2	29	-11	48	-15	67	-18	63	10	38	8
HHJ	94.0	92.0	0	1
76	79	91	79	95	107	92	93	118	102
FRE	86.0	25.0	5	1
65	-7	65	36	106	15	98	25	67	29	96	40	109	38
CGQ	84.0	48.0	2	1
80	67	93	58	89	46	91	29	70	40
JCD	67.0	71.0	5	1
53	66	78	93	84	72	54	57	68	53	61	89	74	71
FTE	80.0	42.0	4	1
96	24	87	34	93	44	60	44	78	57	74	45	78	28	77	65
GJW	42.0	46.0	3	1
64	35	36	51	34	57	36	43
IVG	94.0	99.0	4	1
112	101	90	104	82	75	81	109	107	106
ECH	58.0	25.0	7	1
86	18	53	16	41	43	55	23
QZJ	13.0	104.0	10	1
24	115	7	103	38	98	0	103	16	111	-6	94
GCH	22.0	44.0	9	1
31	49	14	58	7	18	42	48	12	57	31	39
SCK	24.0	-3.0	3	1
17	9	4	-3	51	2	26	-20
ANJ	11.0	13.0	5	1
29	15	19	44	6	0	-1	1	3	7
