RBN	57.0	51.0	3	1
55	37	87	54	64	51	44	57	63	67	43	41	43	52
PDI	30.0	79.0	7	1
40	81	41	68	26	66	43	99	21	83	14	79
HOE	10.0	44.0	4	1
-12	55	3	25	-3	34	32	51	13	54	31	46
ASN	81.0	41.0	5	1
80	55	95	36	66	31	83	44
VQD	68.0	60.0	4	1
53	29	74	74	72	49	60	71	53	71	96	67
ZCL	3.0	96.0	9	1
19	96	-19	78	-3	102	-3	101	9	106	29	80	-6	110
HZR	69.0	55.0	4	1
62	36	46	71	81	35	84	57	73	77
JCD	44.0	71.0	2	1
34	71	56	53	36	58	50	76	47	97
TGC	84.0	88.0	2	1
85	66	91	83	95	99	67	104
URB	12.0	95.0	2	1
12	75	6	80	3	114	6	92	9	95	9	88	26	111	25	107
ZZC	27.0	78.0	10	1
26	72	36	57	38	98	22	97	41	82	-1	63
