SKU	70.0	77.0	8	1
67	90	62	63	65	85	86	72
LCU	17.0	62.0	5	1
3	57	35	59	19	77	11	66	35	41	1	74
KZZ	30.0	23.0	5	1
34	12	25	13	44	22	45	30	1	36	48	10	13	42
SPF	51.0	64.0	9	1
49	56	61	60	67	92	33	53	49	63
WQR	18.0	81.0	3	1
19	53	35	87	26	91	8	75	8	93	17	91
SYO	21.0	67.0	7	1
28	80	-3	52	11	72	36	88	35	47
NEO	59.0	83.0	8	1
73	105	70	75	48	95	52	77	79	83	51	76	46	71
OPZ	7.0	27.0	0	1
9	45	11	35	-2	13	19	58	4	18	15	15	8	15	-7	23
JVV	30.0	38.0	6	1
26	46	42	44	46	14	23	49	17	41
WRK	83.0	81.0	6	1
73	74	106	86	64	98	95	60	82	101	81	72
MJM	48.0	5.0	2	1
28	-14	39	25	67	18	53	7	43	0	63	-5
PHT	52.0	40.0	1	1
32	55	71	14	63	58	35	45	59	32
CSQ	18.0	102.0	3	1
10	118	30	120	18	86	26	108	35	74	-6	107
PSZ	30.0	34.0	6	1
24	20	11	24	51	32	50	56	17	40
JTN	17.0	2.0	7	1
33	-2	7	9	2	2	29	2
HGB	13.0	84.0	2	1
21	112	21	84	23	83	-19	69	23	72
PMF	31.0	5.0	0	1
28	9	35	-7	31	20	34	-1	26	-10	10	1	41	0	48	28
URX	64.0	67.0	2	1
76	50	77	52	64	56	58	86	74	50	51	92	54	83
WAS	48.0	46.0	6	1
37	35	50	63	60	54	39	56	54	54	51	17
YLJ	73.0	48.0	3	1
65	47	94	61	50	47	71	33	91	56	66	61	81	63	72	21
XVP	2.0	82.0	5	1
9	73	6	86	5	98	20	64	-5	67	-5	95	3	85	-10	92
CEV	51.0	93.0	0	1
52	91	39	106	68	91	48	97	31	93	62	78	56	92	58	98
KLD	86.0	19.0	2	1
99	16	89	24	83	10	74	29
ELE	71.0	39.0	5	1
87	33	58	48	84	38	56	53	73	23
MJB	24.0	74.0	6	1
10	78	33	64	38	63	3	91	36	77
VXQ	70.0	17.0	8	1
76	15	53	11	86	30	86	17	66	27	74	17	49	2
WVC	32.0	16.0	2	1
37	14	32	28	49	-3	46	31	15	34	22	-5	7	25	48	11
ECR	-1.0	71.0	8	1
-16	90	-15	77	5	61	-12	57	-14	74	24	74	16	65
UNL	10.0	92.0	0	1
-4	96	5	78	29	82	9	115	11	93
ZUE	61.0	6.0	7	1
62	-12	56	9	68	11	52	17	70	9
NYU	84.0	87.0	6	1
72	80	86	70	79	98	77	90	93	112	98	75
KCH	53.0	31.0	2	1
52	50	56	24	67	10	62	17	57	36	28	51
VGM	10.0	80.0	4	1
-11	57	4	89	30	95	7	73	20	92	14	85	9	75
GOV	64.0	44.0	5	1
47	29	63	44	70	62	52	41	91	44
MPN	50.0	31.0	9	1
43	17	42	34	68	26	40	35	36	40	72	39
CEF	28.0	-1.0	1	1
14	18	11	11	34	-6	45	-19	18	-13	31	-9	48	5
ZZN	46.0	0.0	3	1
61	-13	45	-3	31	-15	62	3	41	17	40	16
SBH	64.0	18.0	1	1
85	26	64	24	77	1	86	25	41	28	64	33	58	6	40	2
ZTS	36.0	18.0	9	1
19	32	37	25	50	-5	46	30	42	-4	25	31
EWF	56.0	58.0	6	1
62	60	65	52	59	60	41	61
VHH	53.0	53.0	6	1
37	55	76	54	37	41	63	62
OMQ	58.0	30.0	5	1
65	47	78	22	51	19	60	20	65	18	44	50	48	40
QQR	55.0	58.0	7	1
40	49	80	58	35	48	66	82	55	57
AHQ	34.0	70.0	1	1
31	54	55	70	19	53	50	92	18	84
APH	36.0	33.0	1	1
23	42	51	36	27	24	50	36	31	28
EHT	70.0	60.0	5	1
57	60	88	48	60	62	88	83	82	50	69	72	51	49
NFE	42.0	32.0	3	1
22	42	32	40	47	46	27	41	66	26	50	22	39	21	55	24
