ONQ	85.0	33.0	3	1
70	27	78	22	107	25	76	51	115	24	72	64	82	19
OOI	90.0	71.0	1	1
97	62	84	68	81	87	94	95	79	65	110	54
LYS	21.0	92.0	7	1
11	102	23	104	23	85	34	74	31	91	-1	113	29	79
KZK	99.0	63.0	3	1
88	75	75	72	116	54	119	62	100	68	100	52
AHC	97.0	22.0	5	1
99	19	111	1	108	-1	80	30	111	42	96	15	99	32	79	44
KBU	0.0	0.0	1	1
13	21	-7	-18	-12	16	9	-19	1	-1
OFS	9.0	34.0	8	1
-7	22	24	42	11	34	5	53	-3	33	28	20
HHY	58.0	9.0	1	1
55	18	78	-4	39	-15	76	11	67	20	49	11	44	25
JIB	22.0	30.0	1	1
24	26	9	37	7	43	10	-1	36	38	46	41
JFN	16.0	58.0	5	1
7	48	42	79	-4	43	28	48	11	75
FNF	59.0	22.0	3	1
84	26	45	30	49	23	57	20	67	29	50	6	62	23
CNP	60.0	78.0	7	1
46	86	76	75	81	53	37	86	69	87	53	85
IJH	12.0	15.0	3	1
29	40	-15	2	28	9	26	2	6	14	-4	33	15	10
LRK	38.0	16.0	8	1
23	18	61	16	29	30	36	-3	35	22	55	16	31	14
DVT	29.0	71.0	8	1
39	81	29	47	33	65	20	72	26	91
GCR	11.0	17.0	6	1
25	28	-10	13	-14	1	33	36	25	10
AVK	80.0	104.0	10	1
103	110	66	92	75	122	60	79	89	118	90	105
FQS	98.0	27.0	8	1
71	37	112	48	87	44	110	9	113	3	98	26
WQB	43.0	78.0	2	1
46	90	48	85	38	50	40	87
QTJ	62.0	55.0	6	1
40	40	86	57	72	55	47	64	68	63
NNL	5.0	26.0	0	1
-5	27	-7	21	32	36	1	23
TFC	96.0	72.0	5	1
77	69	78	94	108	68	111	92	111	66	91	56	99	63
SMA	50.0	9.0	2	1
66	35	41	2	26	1	59	-6	62	14	68	24	31	-4
UOX	99.0	86.0	5	1
73	98	114	85	114	85	107	66	117	89	74	91	96	98	100	77
NYR	15.0	6.0	0	1
15	22	7	-15	47	11	4	3	5	10
PCC	88.0	85.0	6	1
88	99	69	94	102	64	77	64	104	106
IXF	21.0	58.0	4	1
8	51	30	79	17	56	16	37	21	58	37	67
QCH	64.0	58.0	1	1
68	56	48	71	67	46	75	62
QTD	78.0	5.0	9	1
94	-17	80	27	78	-9	85	26	54	2
TJV	98.0	49.0	0	1
91	54	111	41	116	44	82	76	87	52	97	51	90	37	111	41
CPA	44.0	25.0	2	1
23	17	63	4	51	32	48	34	27	9	39	35	67	38	34	36
PHH	64.0	78.0	4	1
54	86	79	67	80	97	44	65
EMP	59.0	45.0	5	1
52	44	54	56	83	35	48	36	60	56
FOV	76.0	30.0	1	1
76	30	98	39	69	41	51	31	86	11	78	35	75	28
TWC	58.0	40.0	1	1
45	35	69	40	45	21	57	43	78	61
TKQ	2.0	94.0	1	1
11	103	-6	73	15	94	5	100	-15	100
YMB	67.0	73.0	9	1
65	76	56	81	83	75	58	56	78	84	87	76	47	63
UNE	1.0	88.0	4	1
20	101	10	94	-9	77	-24	109	-22	80	24	89	14	68
GYG	57.0	66.0	9	1
71	53	31	92	67	57	44	54	65	65	68	73	54	69
GPJ	55.0	37.0	9	1
39	33	59	51	68	42	66	45	52	36	73	33	29	19
EVQ	33.0	18.0	7	1
35	-6	46	9	15	26	48	28	26	23	41	12	24	34
YEE	79.0	104.0	8	1
84	89	74	110	100	92	79	110	79	112	61	113
YEY	5.0	21.0	5	1
-19	15	-16	14	20	21	17	31	23	31	20	1	8	20	-6	42
FLF	34.0	5.0	1	1
32	1	53	22	40	16	48	-18	28	16	17	-20	22	22
