GDV	13.0	96.0	7	1
17	84	7	74	11	106	4	105	38	100	3	107
MTT	83.0	20.0	4	1
94	29	73	18	91	15	75	7	97	33	60	18	93	24
JJN	85.0	8.0	4	1
86	-5	94	26	104	26	66	20	80	-19	90	4	76	6
JOP	84.0	72.0	10	1
86	73	107	50	78	89	83	50	76	71	93	84	71	89
XOK	52.0	73.0	6	1
56	77	53	89	53	72	35	55	60	78	56	71
NOM	26.0	8.0	2	1
17	-3	28	39	32	4	28	-5
WJT	57.0	12.0	10	1
74	1	73	10	56	-1	37	27	35	-2	71	21	58	30
PCZ	55.0	90.0	6	1
75	96	50	99	69	67	63	108	37	65	36	85	70	105	41	95
QPL	70.0	73.0	8	1
81	71	62	67	71	91	68	63
ZLB	75.0	103.0	8	1
76	108	65	117	84	86	50	85	86	108	68	112	78	109	93	99
NUH	55.0	73.0	9	1
63	61	60	82	67	64	45	69	49	89	46	94	58	53
QBW	63.0	35.0	6	1
53	35	53	43	80	21	68	41
QUM	9.0	18.0	2	1
34	14	6	3	-1	36	0	22
WZH	86.0	43.0	9	1
70	37	104	20	90	48	76	30	72	49	108	67	85	55
PWM	98.0	40.0	6	1
78	50	108	45	107	33	100	34
BDE	8.0	80.0	1	1
-6	97	7	93	21	70	14	70	-9	70	22	82
WND	74.0	91.0	9	1
87	98	53	100	78	106	79	74	71	83	69	71	82	97	76	100
GXH	36.0	90.0	1	1
45	88	30	96	44	95	27	77	50	110	48	71	4	74	46	115
YPO	49.0	76.0	9	1
64	75	49	92	27	73	65	87	29	89	57	59	57	63
IVO	55.0	16.0	1	1
52	26	49	25	50	-6	71	1	56	35
MWP	37.0	36.0	7	1
42	24	34	25	41	45	55	49	14	41
QBH	34.0	82.0	4	1
18	74	48	79	45	91	39	61	50	63	20	108	20	104
BZM	27.0	59.0	9	1
26	50	26	81	30	88	29	48	20	63	39	45	23	53	29	49
BNJ	91.0	3.0	2	1
77	-2	105	17	84	-5	114	5	91	16	97	6	72	-15
SUF	19.0	24.0	4	1
23	13	31	27	-9	19	31	40
OZB	17.0	46.0	6	1
19	51	32	50	11	45	32	60	14	45	-3	27
NOL	35.0	4.0	1	1
36	10	27	27	52	-13	20	-6	38	-11	42	15	27	-5	38	16
GJT	38.0	6.0	8	1
27	-11	36	3	51	-6	46	22	17	7	54	24
LPD	70.0	19.0	7	1
65	34	55	32	82	14	71	-9	96	30	50	16	75	18
MLY	24.0	-1.0	4	1
47	-5	13	21	21	-24	16	2
MQZ	29.0	65.0	0	1
44	54	45	79	11	84	26	69	28	46	27	67	26	58
QUO	48.0	37.0	10	1
53	34	44	41	53	25	48	52	53	51	44	43	41	14
UND	71.0	83.0	7	1
70	90	78	95	77	78	75	65	55	87
SWS	67.0	0.0	4	1
61	-3	66	11	69	23	74	-15	66	-15
UWD	26.0	36.0	9	1
4	22	12	20	33	20	46	61	46	50	16	40	25	41
