JRM	89.0	18.0	23	1
67	10	84	31	101	19	105	14
FOV	4.0	27.0	19	1
25	18	-14	23	13	34	21	14	-21	50
QZA	85.0	62.0	14	1
89	79	58	49	61	52	75	61	86	66	103	68	105	42	104	81
TZT	66.0	35.0	4	1
80	22	57	44	55	47	73	27
KKN	7.0	7.0	7	1
25	-11	-13	24	17	18	2	8	8	-1
KNR	60.0	10.0	14	1
76	18	47	8	38	30	66	18	54	-16	64	-6	80	21
IRQ	58.0	13.0	2	1
59	11	41	2	45	23	50	0	70	40	72	24	80	1	52	10
TVZ	40.0	80.0	14	1
40	93	43	59	60	51	45	94	20	92	31	87	45	88
QHS	66.0	35.0	24	1
74	20	64	39	56	41	50	25	74	39	80	39	57	41	78	43
FKO	70.0	88.0	6	1
62	70	86	93	69	111	73	88	76	90	59	80
WUG	89.0	72.0	5	1
103	82	80	75	68	73	81	46	109	80	79	67	103	83
KSE	37.0	51.0	12	1
47	35	36	36	57	75	19	49	30	62
SED	74.0	31.0	12	1
91	32	69	28	61	43	77	19	88	19	79	39	58	43
OIC	79.0	15.0	18	1
88	4	92	27	75	24	71	-5	71	28
PAE	23.0	65.0	3	1
2	79	18	50	5	78	29	59	40	47	31	74	45	57	21	80
MAV	10.0	76.0	19	1
14	65	-4	67	7	80	25	92
HLW	56.0	97.0	14	1
27	103	61	97	73	88	66	103
VCU	3.0	74.0	18	1
7	88	8	48	-7	65	9	69	8	92	-8	64	8	94
HLG	86.0	50.0	13	1
77	36	76	45	76	63	82	46	121	63
WGU	5.0	8.0	24	1
-8	-5	15	14	26	23	-12	16	4	-7
AOC	47.0	47.0	1	1
69	53	38	59	30	62	53	31	48	33
DGT	84.0	0.0	17	1
74	20	61	21	92	-14	96	-13	99	-12
URY	16.0	16.0	4	1
29	18	30	7	18	14	7	40	-4	4
FNG	72.0	18.0	20	1
76	15	80	30	54	31	75	1	82	8	68	25	62	21	85	20
ZJF	92.0	11.0	6	1
114	4	90	7	78	24	84	3	77	12	114	21
ESZ	27.0	73.0	13	1
17	66	45	94	23	67	25	67
TWN	37.0	53.0	7	1
16	52	58	45	27	60	29	55	38	54	54	42	43	67
MAZ	87.0	0.0	16	1
85	-19	103	-14	79	14	107	27	73	-19	93	-10	72	17
UGR	10.0	95.0	7	1
3	112	-15	81	15	111	25	70	26	104
LDV	78.0	4.0	18	1
63	13	75	-9	83	0	95	13	77	7
ARN	23.0	27.0	2	1
47	21	14	11	17	8	29	44	18	43	34	45	6	17
YBE	14.0	11.0	21	1
28	-8	1	0	23	14	-11	23	32	26
WPV	-2.0	6.0	18	1
-10	10	1	19	17	0	-16	12	19	25	-13	-15	-12	11	-2	-8
