ESH	30.0	82.0	22	1
26	78	46	67	18	99	45	88	17	80
TVN	51.0	83.0	6	1
42	73	56	78	63	81	48	65	63	107	53	97	34	83
VPW	19.0	84.0	13	1
23	97	19	89	19	53	15	98
WDT	41.0	21.0	15	1
40	20	45	34	34	22	26	31	26	28	50	3	54	7	54	24
AZV	52.0	41.0	16	1
48	51	62	54	52	62	55	24	53	31	46	34	49	21	55	51
JIN	43.0	82.0	20	1
64	74	27	69	44	78	27	100	68	91	32	83
EDU	35.0	31.0	0	1
48	36	46	24	10	30	23	38	49	10	34	50
ESP	0.0	26.0	14	1
-14	32	3	47	-3	23	-8	13	0	16	23	27
DNA	52.0	98.0	15	1
50	114	40	86	57	73	45	113	48	109	75	85	53	110
VRM	38.0	67.0	5	1
45	66	28	65	58	71	11	69	53	70	43	60	33	74
DDX	83.0	35.0	4	1
83	19	98	39	69	48	94	15	67	48	91	46
DQR	43.0	65.0	25	1
41	58	30	58	49	76	53	69
LOO	24.0	69.0	2	1
29	60	32	86	46	69	10	77	7	54
MNQ	105.0	37.0	8	1
112	46	104	22	116	13	101	50	111	42	102	44	95	43
QMD	22.0	63.0	3	1
22	81	31	53	32	38	31	81	9	73	11	56
YKB	57.0	40.0	10	1
60	67	57	22	39	35	70	27	54	34	80	69	43	28
VMC	15.0	54.0	20	1
16	33	-16	36	30	70	30	63	17	68
BZO	69.0	68.0	14	1
61	98	49	54	85	60	81	61
VII	51.0	63.0	8	1
55	64	67	85	38	64	63	63	32	41
