ELK	19.0	90.0	4	1
47	100	8	79	12	91	25	99	6	66	16	105
QZH	91.0	34.0	2	1
107	35	80	38	87	11	78	54	96	42	80	17	113	47
WHG	12.0	11.0	0	1
32	10	-2	4	-8	0	33	6	17	20	19	16	-5	27
BVF	92.0	62.0	3	1
74	66	75	73	107	51	115	58
OXZ	102.0	44.0	4	1
114	51	112	57	90	48	92	28	114	40	91	45
NRM	30.0	68.0	4	1
16	83	30	52	56	61	17	81	35	65
GNN	61.0	65.0	2	1
48	54	70	50	77	70	65	68	55	78	49	76	63	59
WEW	89.0	72.0	4	1
87	61	72	64	95	92	81	91	73	84	110	50	108	62
RHG	49.0	21.0	7	1
70	32	49	25	34	13	31	21	62	16
BFE	43.0	8.0	8	1
36	25	57	-8	49	30	22	-5	56	12	40	-5
JDY	54.0	10.0	7	1
60	17	32	-6	68	26	65	-7	49	21
MKV	36.0	2.0	7	1
44	23	55	-9	33	11	40	-8	13	-7	34	2
