ZBG	82.0	9.0	15	1
89	9	97	24	71	19	84	14	71	-1	84	-9
CAD	102.0	79.0	3	1
107	66	74	61	78	94	116	70	120	94	119	94
POH	83.0	49.0	4	1
78	53	92	35	72	65	94	33	81	59
AUQ	54.0	55.0	9	1
73	80	34	41	68	39	81	52	37	57	47	65	44	52
EBT	87.0	58.0	1	1
77	72	97	69	87	49	94	64	83	42	86	56
FMX	66.0	46.0	12	1
84	47	92	38	57	66	59	53	59	65	64	31	48	28
JMA	17.0	19.0	7	1
14	36	21	16	8	32	12	0	4	17	30	17	30	17
ODQ	67.0	12.0	17	1
63	19	77	16	69	17	62	-5	46	2	88	26
ENV	66.0	76.0	9	1
78	84	51	77	65	68	58	93	60	63	89	74
XTC	24.0	85.0	16	1
19	68	20	97	40	87	19	90
GKH	89.0	50.0	21	1
75	36	107	37	97	62	92	51	75	66
ZPH	87.0	41.0	4	1
79	25	82	66	70	37	96	41	106	46	82	50	99	27
JRU	86.0	13.0	6	1
104	7	111	34	65	-1	85	-11	87	28	77	30	76	7
AVX	91.0	98.0	9	1
96	97	83	114	95	98	91	86
BSH	27.0	46.0	12	1
30	28	38	34	10	46	39	56	19	67
HCJ	45.0	73.0	3	1
43	68	57	83	66	79	56	65	25	74	23	73
ODA	15.0	64.0	24	1
3	61	23	48	18	76	19	73
DLJ	20.0	4.0	25	1
39	12	7	2	24	13	3	-3	30	-4
MKI	43.0	81.0	23	1
32	102	29	99	57	72	38	59	62	105	29	72	65	76	32	69
RKX	-6.0	-2.0	9	1
-19	-10	8	7	-19	4	6	-10
BTP	88.0	14.0	7	1
61	-1	101	4	98	16	103	10	91	28	76	28
ZCH	42.0	-5.0	20	1
41	-6	57	-4	51	-13	36	10	27	-12
