OUS	77.0	84.0	6	1
80	78	88	100	86	55	92	99	69	65	63	99	67	97
XKG	19.0	96.0	8	1
9	77	1	101	37	109	24	94	10	104	7	110	45	79
FVB	91.0	10.0	2	1
114	33	82	-5	101	14	82	3	88	0	96	21	76	8
KWM	80.0	26.0	3	1
92	29	74	4	67	18	83	52	87	40	80	13
JTJ	65.0	30.0	6	1
76	7	46	43	65	42	76	31	64	30
UUO	29.0	13.0	1	1
45	5	39	13	11	14	22	20
JUP	67.0	65.0	3	1
56	72	83	63	53	54	79	51	64	88
QDW	64.0	45.0	5	1
59	50	78	51	75	45	62	36	70	47	44	44
TUP	73.0	46.0	6	1
63	67	89	49	75	49	90	45	77	49	91	39	54	36	49	35
LEP	92.0	10.0	5	1
83	30	108	11	70	-5	118	27	90	2	86	-4
EWM	34.0	31.0	0	1
11	29	46	19	50	57	32	19
BMT	61.0	46.0	5	1
78	44	65	60	70	27	67	33	48	48	56	55	48	60
ZGC	73.0	85.0	1	1
54	90	53	71	90	105	86	101	59	73	98	71
WCS	68.0	60.0	8	1
55	74	87	32	92	55	51	80	55	60
AZE	24.0	21.0	4	1
33	36	28	6	26	12	4	39	31	16
