LGI	18.0	49.0	9	1
30	38	8	43	39	49	17	67	28	39	18	43	6	47	-2	69
RFA	89.0	13.0	5	1
101	21	97	-7	55	7	103	34
RGV	45.0	51.0	0	1
39	54	34	59	47	58	73	70	45	35	33	31
PPZ	84.0	80.0	4	1
108	69	87	97	83	82	74	108	71	75	110	66	68	70	74	78
VGC	69.0	49.0	9	1
79	45	50	31	64	56	70	45	86	71
AAY	54.0	54.0	2	1
56	55	74	46	48	44	35	64	40	53	74	64	54	58
YEY	59.0	80.0	8	1
49	57	51	98	63	93	74	72
XMM	102.0	0.0	10	1
101	21	113	-19	93	18	107	-18	93	0	110	-6
ROS	85.0	77.0	6	1
69	82	78	73	105	67	74	87	99	80
QHG	29.0	12.0	7	1
27	-12	17	10	31	-12	27	24	41	32	35	32
NPQ	-2.0	36.0	8	1
12	26	-21	39	-19	46	9	43	21	15	-14	51
NOX	72.0	55.0	10	1
73	73	64	64	93	41	67	74	87	40	52	42
EXS	8.0	14.0	9	1
-6	3	35	0	4	12	6	27	1	29
BQA	16.0	50.0	5	1
19	28	5	51	17	60	21	56	19	59
FMP	69.0	11.0	8	1
82	-7	47	34	84	21	63	-7	81	24	63	25	65	-9
RTO	86.0	2.0	9	1
98	15	84	3	90	-14	74	-7	86	7	87	12
BZJ	73.0	43.0	2	1
56	54	84	65	79	28	98	23	62	54	85	36	62	65	58	25
KRS	68.0	91.0	9	1
53	75	83	103	64	79	75	82	81	72	48	118	78	112
WAM	23.0	92.0	0	1
16	90	36	112	32	104	11	64
JVR	30.0	39.0	9	1
18	22	11	46	31	54	48	55	42	20
BOJ	84.0	2.0	2	1
90	-5	104	27	70	-2	74	-8	91	21	80	-16
SPG	40.0	35.0	5	1
27	46	39	8	58	49	12	33	47	48	47	49	53	17
MCO	61.0	58.0	3	1
51	60	47	55	66	63	46	74	71	47	83	53	65	60
ZVZ	28.0	85.0	9	1
29	78	19	73	25	69	24	95	28	100	17	94	22	88	60	89
DXN	19.0	81.0	3	1
18	65	27	100	20	95	35	81	-3	67
NPS	30.0	39.0	5	1
23	35	33	47	21	25	46	50
PJL	46.0	40.0	10	1
47	44	48	28	43	58	59	27	50	29	37	65	40	31
FSI	40.0	49.0	8	1
38	65	56	30	43	34	24	67
AQA	47.0	33.0	3	1
49	17	49	34	52	49	35	41	58	46	43	16
OYW	10.0	100.0	6	1
-20	99	21	117	18	116	11	79	22	93
WLN	19.0	34.0	0	1
32	16	10	52	27	51	24	30	6	24
DWX	32.0	26.0	4	1
52	32	27	19	34	34	26	21	16	19	42	35
CPD	87.0	32.0	8	1
73	40	91	46	80	28	84	15	95	43	94	16	95	40
