FBA	111.0	37.0	2	1
117	35	116	29	97	46	116	57	116	36	104	20
MFC	20.0	28.0	10	1
13	25	36	38	19	33	6	39	27	8
KDV	12.0	98.0	0	1
10	107	24	92	-13	86	26	91	14	114
SWD	89.0	12.0	9	1
91	15	107	36	95	5	76	-9	70	10	75	6	112	25
ZMR	37.0	9.0	10	1
30	6	53	23	23	-6	53	26	37	4	27	20	37	-7
HWC	50.0	74.0	6	1
44	66	37	61	43	93	65	57	67	69	47	102
EYM	57.0	65.0	6	1
63	81	69	74	47	64	62	49	34	74	59	66	71	53
XWT	22.0	8.0	3	1
16	6	7	17	13	14	36	-2	32	12	33	12	27	1	18	9
RCW	8.0	96.0	3	1
21	88	2	81	11	97	24	118	-3	95	5	92	-1	107
UWT	28.0	37.0	4	1
11	16	9	35	12	41	48	52	54	31	26	46	41	40
KUA	18.0	19.0	7	1
7	18	40	12	-2	18	9	25	31	6	24	35
DGK	53.0	40.0	10	1
72	54	51	39	67	28	35	22	44	57
GXA	38.0	19.0	2	1
52	25	37	10	33	35	32	-7	36	35	39	16
EAZ	22.0	31.0	3	1
27	42	36	31	23	32	4	17	5	57	37	11
LOE	31.0	107.0	5	1
41	89	29	116	27	119	29	104
UBX	23.0	51.0	8	1
2	61	23	48	30	69	37	27
FUM	53.0	57.0	9	1
49	62	46	72	68	61	35	55	65	70	64	32	33	49	69	55
