BZZ	18.0	25.0	10	1
6	40	42	1	9	29	19	14	19	29	13	37
AWO	75.0	57.0	5	1
74	56	93	39	63	46	77	46	79	51	86	83	59	79
WGN	59.0	95.0	8	1
80	108	81	104	36	70	48	97	51	98
WOK	89.0	78.0	2	1
69	101	92	62	84	86	91	82	91	65	89	66	107	100	89	69
KYY	36.0	12.0	8	1
15	-10	51	30	43	28	28	17	47	-2
IOQ	1.0	43.0	3	1
22	37	-14	33	23	36	13	46	3	33	-20	73	-19	44
MFK	7.0	25.0	3	1
-5	33	-2	32	25	30	11	-4	8	37
NTQ	101.0	16.0	5	1
97	20	109	23	91	-7	88	30	101	18	114	4	107	26
GJU	37.0	97.0	2	1
18	77	60	88	50	107	22	116	34	80	40	117
LRT	94.0	66.0	9	1
83	47	98	63	111	75	103	77	74	71	101	66	90	67
UCX	41.0	0.0	10	1
16	17	27	-1	49	-13	55	7	50	-18	50	21	44	-9
IWR	61.0	48.0	9	1
48	25	76	50	67	65	74	61	50	59	55	33
JGS	67.0	43.0	7	1
52	57	52	40	61	55	66	44	74	44	77	48	90	16
PLG	35.0	7.0	1	1
24	10	43	-14	14	6	54	20	44	17
ANC	53.0	34.0	2	1
51	42	68	46	53	18	38	31	34	24	74	47
OXK	64.0	67.0	1	1
48	67	93	62	48	76	68	65
HJL	59.0	32.0	10	1
42	33	44	32	80	35	71	16	79	62	55	22	46	29
ERK	59.0	81.0	3	1
53	62	63	65	58	107	65	86	81	65	54	101	45	84
POX	71.0	84.0	3	1
55	79	49	82	81	86	90	82	76	76	77	104
XCH	75.0	85.0	5	1
72	84	85	83	70	107	83	106	94	72	50	63
CEU	62.0	19.0	5	1
43	41	65	18	68	11	72	5	65	31	76	23	48	9
HIJ	34.0	53.0	3	1
44	46	36	45	20	54	20	65	48	58	41	51
LJH	41.0	39.0	2	1
45	35	17	38	59	27	47	40	34	43	49	56
FCJ	38.0	56.0	6	1
58	56	45	62	27	51	18	56	51	49	27	43	40	76
RQC	12.0	67.0	9	1
2	90	13	47	14	67	19	60	16	75
CTB	27.0	15.0	7	1
24	2	36	31	-7	6	39	17	30	16	22	34	34	23	39	-5
FCE	-1.0	61.0	3	1
22	39	11	71	-1	77	-22	80	-17	41
EBD	43.0	64.0	8	1
34	63	52	77	48	49	40	66	26	66	59	68
BUT	59.0	39.0	8	1
48	29	62	49	68	54	52	26	85	43	55	25	44	52
KDY	-16.0	24.0	8	1
-17	34	-23	32	-23	25	-14	11	-22	35	-1	11
AQO	80.0	90.0	5	1
92	84	83	81	82	97	77	97	63	100	85	82
AGD	97.0	71.0	0	1
117	63	74	80	72	63	108	63	96	85	115	75
RXN	52.0	1.0	8	1
46	5	53	-18	42	-7	68	26
PJF	60.0	70.0	6	1
58	51	63	49	71	50	37	75	73	94	54	91	67	81
