HOJ	35.0	77.0	7	1
27	75	21	85	60	73	38	62	36	82	15	56	45	91	38	95
WDW	100.0	19.0	2	1
121	11	82	28	80	40	117	-1
ANS	41.0	86.0	1	1
41	99	48	92	34	83	36	88	66	83	24	75
JEL	29.0	25.0	2	1
41	20	2	24	14	31	46	43	43	15	29	18
WTT	61.0	50.0	5	1
73	29	73	71	69	50	57	41	72	33	49	57	37	75
YKI	38.0	103.0	5	1
51	105	18	106	36	115	36	100	21	102	66	92
EVG	62.0	6.0	7	1
73	13	50	2	78	-12	66	-7	43	34
BRO	89.0	53.0	3	1
89	51	77	56	64	43	111	67	103	65	102	72	86	38	83	39
KEX	50.0	82.0	9	1
33	64	32	85	73	104	63	89	65	76	58	80	29	76
XVR	9.0	40.0	7	1
-11	47	-1	46	27	18	26	44	4	49
