MQB	101.0	59.0	3	1
111	67	103	77	86	44	109	39	86	75	116	56
CRR	25.0	81.0	9	1
38	106	9	84	18	63	51	86	10	68
WSF	69.0	8.0	17	1
67	22	84	16	63	5	62	-12	86	23	53	-3
FSV	83.0	29.0	22	1
76	31	90	16	71	45	90	21	92	34
NXE	78.0	87.0	6	1
91	99	68	77	100	97	63	94	67	78	72	57	65	94	100	102
IQD	73.0	61.0	11	1
48	59	84	58	82	82	45	39	89	52	88	61	75	77
LRV	39.0	3.0	22	1
45	-12	56	-2	42	20	42	-16	40	8	9	20
YJV	5.0	88.0	2	1
3	103	-5	88	9	106	14	74	-2	62	23	88	-7	95
NNU	77.0	62.0	17	1
77	75	87	70	54	49	88	63	80	57
LKO	44.0	61.0	18	1
39	62	30	63	70	71	36	65	32	46	49	60	31	87	69	40
RWW	52.0	98.0	25	1
45	105	79	110	46	89	60	113	40	88	58	97	37	89
OLG	30.0	88.0	16	1
47	115	39	70	32	73	15	90	19	75	33	109
ZOS	46.0	72.0	23	1
51	58	70	58	38	103	45	76	27	68
PFQ	72.0	42.0	2	1
64	45	76	47	73	51	76	25	69	34	76	55
VRW	40.0	56.0	10	1
57	39	58	40	50	67	46	69	23	74	24	53	27	51
GMQ	19.0	29.0	6	1
49	20	3	38	23	11	3	48
HFQ	81.0	10.0	22	1
90	34	88	-10	74	14	66	6	86	14	87	6
RUM	66.0	106.0	11	1
88	93	53	120	48	93	68	119	51	88	83	118	75	114
