EOB	96.0	0.0	9	1
99	18	93	-6	99	5	111	-11	82	4	94	-8
BBG	65.0	81.0	22	1
67	90	68	82	58	97	73	66	53	71	75	84
XIQ	20.0	28.0	13	1
30	13	21	48	14	7	-3	52	14	11	27	18	42	52
FUP	47.0	8.0	21	1
26	-9	51	2	64	13	51	13	52	27	40	6
XFX	37.0	76.0	24	1
34	94	59	82	37	58	35	82	34	57	25	88
FPP	91.0	86.0	20	1
72	105	71	102	72	88	110	73	112	75	111	77
ASN	60.0	103.0	5	1
49	124	57	79	71	98	58	117	75	110	65	118	47	77
WCG	91.0	45.0	11	1
79	28	109	56	95	45	83	33	111	67	112	28	66	51	75	52
SJZ	61.0	47.0	22	1
59	59	53	44	46	64	63	49	86	22
GHI	41.0	58.0	24	1
39	76	48	42	37	68	47	57	52	69	27	37
JCE	69.0	94.0	3	1
69	95	63	88	62	101	56	93	68	93	76	108	90	80
SYW	26.0	55.0	0	1
42	57	22	57	20	41	7	49	27	64	42	67
ETG	35.0	92.0	4	1
26	114	25	85	43	94	23	83	58	86
AIN	26.0	68.0	5	1
22	51	33	91	3	76	29	75	46	50
JGC	-3.0	9.0	12	1
-4	10	-9	18	16	11	-11	-9	-7	17
UES	40.0	93.0	14	1
28	109	28	97	33	96	56	95	56	70
LLS	46.0	32.0	17	1
34	50	58	35	36	9	57	10	37	50	54	43
BYI	-6.0	25.0	2	1
-16	35	-3	6	6	25	-15	37	-2	35	-11	14
