DYM	23.0	77.0	12	1
13	95	23	72	29	59	29	85
DYE	0.0	68.0	3	1
20	67	2	86	-13	55	20	58	-12	56	-14	86
ZQR	63.0	71.0	4	1
60	70	76	61	57	97	62	59
HEO	22.0	45.0	23	1
31	65	39	39	-4	36	40	35	34	64	-1	48	15	29
PCW	22.0	82.0	12	1
19	59	12	86	26	80	23	95	45	67	2	91	27	98
XXR	45.0	78.0	17	1
39	103	63	91	35	58	27	66	65	73
BCV	-1.0	11.0	15	1
20	32	21	1	-21	-8	14	35	2	22	-9	1	-17	-6	-22	14
YXO	27.0	32.0	17	1
38	16	43	26	4	38	8	56	46	26
NDK	14.0	95.0	14	1
7	82	14	90	30	108	21	89	-1	107
SCR	38.0	18.0	14	1
41	8	22	2	36	31	46	31	47	20
SVG	37.0	85.0	4	1
38	82	37	95	49	87	35	103	29	60
FSA	64.0	85.0	12	1
59	95	59	83	78	68	57	106	58	89	60	72	78	85
EPG	8.0	22.0	7	1
10	19	4	12	-10	37	-14	13	16	33	6	19	24	24	34	26
LAS	60.0	37.0	7	1
58	13	75	39	44	44	75	32	47	59	64	39
VTV	11.0	98.0	13	1
-9	97	-9	97	25	90	31	113	0	116	30	78
BZY	26.0	43.0	5	1
16	42	26	38	37	48	2	21	30	31	41	58	31	64
CBN	63.0	13.0	2	1
64	18	90	29	87	24	43	6	50	-1	53	24	56	-7
KQE	13.0	7.0	15	1
9	5	18	23	16	-12	19	-2	5	22
BXN	74.0	12.0	9	1
68	19	61	10	93	32	91	-5	51	-11	69	11	91	27	68	17
PSQ	44.0	58.0	6	1
51	62	40	42	43	59	45	67	64	59	40	53	28	69
OZB	7.0	76.0	10	1
13	68	0	81	-4	82	13	80	14	70
YOT	31.0	60.0	7	1
24	39	24	50	55	74	22	77
WQH	56.0	40.0	23	1
48	37	66	41	40	24	64	32	65	68
AQX	26.0	24.0	1	1
17	17	43	10	19	19	32	42	20	36
OUD	15.0	37.0	18	1
34	43	-2	28	-2	41	35	47	29	17	18	36	-4	53
