QEF	55.0	35.0	7	1
42	23	60	45	56	49	41	33	79	37	56	27
NIJ	60.0	70.0	9	1
73	67	57	83	68	46	44	87
XIC	16.0	49.0	5	1
25	48	18	49	5	46	6	49	30	56
HPJ	30.0	21.0	2	1
19	12	21	21	12	30	40	11	54	36	36	17
YOO	66.0	43.0	2	1
55	57	66	50	61	45	59	21	60	52	77	49	85	29
VCV	65.0	72.0	5	1
57	74	90	86	50	71	74	63	55	66
UEO	57.0	28.0	5	1
52	33	47	24	83	20	51	26	60	42	48	34	64	20
KXA	25.0	54.0	1	1
46	68	19	63	20	43	18	41	25	55
XPJ	74.0	44.0	5	1
70	29	75	54	63	40	75	52	84	52	83	35	68	52
IXD	46.0	14.0	9	1
22	1	60	-2	44	38	61	19
XPW	53.0	30.0	4	1
62	34	37	29	46	45	39	27	82	17
KDK	15.0	10.0	2	1
6	5	-4	1	7	28	21	0	35	10	12	11	33	19
ARZ	83.0	54.0	8	1
87	43	96	32	101	39	67	73	77	64	74	73
PKV	10.0	16.0	7	1
3	21	4	11	19	27	29	9	-6	-1	15	29
OBN	83.0	69.0	7	1
66	48	81	70	95	81	93	91	83	56
LUH	76.0	34.0	4	1
57	26	70	20	72	37	98	55	68	46	91	25
UVN	84.0	99.0	5	1
89	103	65	110	78	77	106	106
FTT	34.0	8.0	3	1
22	24	32	-11	61	-4	28	26	31	6
MWY	66.0	44.0	3	1
88	45	59	37	54	32	51	55	69	74	73	28	79	47	55	34
NRS	59.0	94.0	4	1
69	75	38	96	80	110	64	75	41	104	62	111	79	84	46	99
PIR	62.0	63.0	7	1
46	68	54	56	75	61	79	71	59	82	60	42
FXR	96.0	61.0	6	1
112	44	98	48	114	67	72	80	105	83	83	61	90	48
AIA	13.0	61.0	9	1
31	67	10	74	25	59	28	52	-1	70	24	78	2	47	-11	47
BLR	59.0	93.0	2	1
50	106	78	91	40	70	71	106
DIN	29.0	86.0	9	1
25	101	26	76	25	97	17	94	29	77	54	73
IPI	35.0	80.0	8	1
19	95	23	96	47	51	55	68	33	91
QVM	92.0	52.0	6	1
107	64	65	60	103	40	95	68	103	50	96	29	79	59
QCH	34.0	74.0	3	1
25	69	48	67	11	77	44	76	42	85
RUG	33.0	27.0	8	1
33	7	38	10	23	45	36	31	23	30	45	39
UGB	59.0	21.0	10	1
55	30	73	14	62	7	57	22	61	22	46	31
SQC	67.0	68.0	8	1
53	62	57	62	57	72	92	76	80	71
MEH	28.0	42.0	0	1
37	47	19	34	11	41	18	39	37	21	36	45	28	57	44	58
XUL	75.0	7.0	8	1
97	13	62	27	74	24	95	-11	55	15	85	-13	62	-2
QFT	66.0	17.0	5	1
69	-1	55	35	90	34	62	24	58	-3
NXN	16.0	41.0	9	1
24	26	40	19	4	50	7	53	7	59
PBX	53.0	42.0	4	1
54	43	37	48	32	43	52	57	75	32	66	41	58	33
SQP	96.0	69.0	1	1
114	56	109	77	69	87	97	48	105	54	89	62	89	90	100	79
ITQ	42.0	10.0	2	1
45	14	43	14	44	9	35	8	52	-3	28	-3	51	34
ZIP	29.0	29.0	6	1
20	21	28	51	38	34	31	12
FQU	58.0	67.0	3	1
40	75	68	42	68	53	64	82	74	83	37	72
