YGF	76.0	61.0	20	1
71	53	67	63	99	62	87	50	89	73	65	76	60	52
TSC	71.0	38.0	7	1
72	27	69	18	74	42	54	61	73	28	75	58	81	38
PKR	15.0	28.0	1	1
22	14	15	54	15	15	34	15	-12	10	4	46	31	46
SFD	59.0	90.0	20	1
56	108	63	85	67	71	53	96
WWF	5.0	75.0	22	1
3	95	-4	64	9	100	21	52	-5	83	-2	60	13	72
JBA	43.0	81.0	4	1
44	82	51	83	59	81	18	80
CME	25.0	63.0	22	1
32	71	16	64	41	56	35	78	2	48
AUT	87.0	37.0	21	1
112	28	75	51	107	26	73	20	72	64
JOB	26.0	34.0	10	1
11	17	22	32	41	56	26	30	32	18	26	28	24	60
DVD	14.0	8.0	19	1
6	2	8	16	9	7	27	10	22	5
BJZ	16.0	89.0	16	1
17	86	25	88	16	73	31	70	14	109	23	96	-14	104
FOD	89.0	4.0	22	1
86	1	70	-14	92	15	83	31	117	-13
CBC	17.0	53.0	13	1
0	56	28	33	26	52	14	70	19	54
WST	47.0	69.0	22	1
66	68	27	48	54	66	63	77	29	74	46	86
PBZ	23.0	39.0	25	1
6	26	23	63	0	47	49	20	38	43
OPC	48.0	39.0	14	1
62	42	66	48	35	18	47	55	30	32
RQB	21.0	84.0	7	1
39	100	27	96	34	100	28	79	24	79	3	69	-2	71
