XPP	96.0	3.0	13	1
84	28	97	14	95	6	75	-13	116	20	114	-16	97	-14
FRJ	41.0	86.0	1	1
55	83	27	65	37	109	47	88
DKV	19.0	24.0	24	1
11	42	13	-3	38	34	21	41	33	27	12	2	9	25
MLP	57.0	34.0	3	1
48	20	55	47	36	41	39	26	60	16	80	52	85	38
SHC	75.0	23.0	23	1
68	24	78	24	79	28	60	38	92	3
SWU	57.0	71.0	11	1
64	86	64	64	46	52	59	88	41	62	75	85	73	60	38	73
RMY	14.0	103.0	13	1
35	112	-14	100	23	109	12	110	0	106	29	83
UWK	3.0	33.0	22	1
20	15	-5	20	-5	43	11	23	3	50	-4	48
LGM	22.0	43.0	20	1
32	49	34	53	16	69	21	24	11	22
UBW	10.0	17.0	4	1
19	30	1	27	32	17	-3	30	-8	13	12	5	21	2
OOA	69.0	87.0	10	1
55	109	92	81	55	69	76	91
BKZ	78.0	72.0	21	1
87	83	86	74	93	92	61	61	56	60	87	62
HTW	43.0	43.0	16	1
70	63	39	63	26	33	69	46	35	63	35	24	27	24	45	28
BEX	33.0	-2.0	19	1
49	-7	28	-6	33	23	24	-20
GDL	36.0	38.0	6	1
55	14	12	25	40	51	24	32	10	35	58	55	56	56
IBA	73.0	44.0	11	1
97	33	65	56	63	65	78	48	77	30	63	37
PWR	71.0	64.0	23	1
64	57	74	41	65	76	81	84
DUP	3.0	95.0	7	1
7	98	-9	82	11	85	10	119	0	94
OSW	53.0	39.0	5	1
50	25	72	22	53	29	34	42	64	46	59	55	51	59	47	41
VML	5.0	46.0	24	1
-8	43	0	64	3	39	9	57	9	67	1	26	22	31
UFO	66.0	6.0	24	1
69	5	63	5	58	29	66	-7	88	8	52	-4
WDV	89.0	98.0	23	1
73	109	104	108	69	119	103	85	100	71
CXZ	35.0	10.0	18	1
38	22	35	14	31	10	51	23	14	-3	46	-4
MUP	37.0	53.0	18	1
12	63	53	59	52	49	28	66	43	30
YYI	-7.0	76.0	11	1
19	84	-18	60	-14	71	-8	84	-16	85
TYM	44.0	60.0	4	1
59	65	56	56	53	64	29	62	25	55	30	51	62	70
ZTB	15.0	33.0	10	1
9	31	26	18	9	35	26	47	5	51	7	42	25	7
XEL	60.0	30.0	15	1
54	30	67	22	65	25	56	45
XJY	92.0	78.0	14	1
90	85	115	57	106	55	90	88	69	94	82	92
ZHO	24.0	73.0	16	1
17	79	35	56	25	71	21	86
FYO	8.0	64.0	5	1
-3	58	23	93	29	74	28	52	-7	51	-4	46	-8	76
FXR	46.0	45.0	14	1
35	30	59	56	47	47	31	54	71	38	34	47
DIZ	6.0	3.0	22	1
6	3	-4	-13	13	0	12	25
VWM	29.0	35.0	1	1
17	27	49	41	22	44	33	27	20	27	28	50	35	35
EJW	25.0	26.0	23	1
27	21	23	15	19	34	31	35
TAK	37.0	41.0	17	1
20	46	19	48	49	36	59	36	39	42
QBD	-5.0	67.0	10	1
-16	66	-20	85	-8	40	-8	83	-24	71	22	56	16	74
UFU	17.0	76.0	18	1
24	88	31	84	-5	84	24	68	28	69	2	64
DYH	83.0	61.0	8	1
68	62	91	84	87	58	85	52	86	52
UIN	35.0	51.0	15	1
19	68	41	68	25	36	55	34
YXY	34.0	8.0	8	1
55	-10	27	-9	26	21	23	12	24	27	49	8
ZVE	80.0	35.0	9	1
77	15	84	56	82	25	86	15	58	39	85	47	93	53
LQL	77.0	93.0	24	1
73	108	60	88	92	78	74	106	87	93	80	89
BKZ	5.0	18.0	8	1
23	31	-14	35	22	5	-7	10	8	6	-9	19	12	21
XOY	47.0	9.0	14	1
57	7	42	-13	19	24	55	19	45	16	61	11	52	5
JYY	8.0	78.0	10	1
-3	64	10	64	6	99	-8	94	8	69	30	101	15	67	11	69
LJB	25.0	10.0	2	1
9	-4	17	5	48	4	32	33	24	35	12	-6	36	3
