HYY	9.0	35.0	3	1
-7	53	-6	33	25	49	24	9	9	32
ZFK	73.0	79.0	4	1
52	57	95	94	69	58	93	92	92	72	56	102	54	81
RMZ	48.0	99.0	9	1
25	97	47	95	60	109	53	101	53	109	64	90	38	94
CPQ	1.0	45.0	1	1
13	46	-12	43	2	36	22	52	-9	52	-7	56	4	35
PDN	58.0	77.0	7	1
57	100	50	71	47	59	57	95	81	62
ZDQ	31.0	25.0	0	1
41	30	18	29	26	23	47	30	25	14
JDJ	13.0	8.0	8	1
25	23	10	15	7	-8	8	3	16	10
JEB	81.0	43.0	6	1
89	62	72	59	66	27	90	30	91	25	83	67	79	31
YIT	85.0	98.0	9	1
82	116	78	93	73	92	99	119	94	73
AEB	64.0	45.0	6	1
83	68	41	34	82	53	42	21	76	50
UNY	0.0	94.0	1	1
2	75	22	92	-24	106	12	110	-12	89
XND	41.0	99.0	5	1
35	117	44	113	44	78	42	89
ZFB	41.0	77.0	2	1
40	49	32	80	38	90	59	79	39	91
AMU	79.0	21.0	9	1
55	14	73	12	73	37	93	2	102	44
MND	-1.0	91.0	7	1
9	85	2	83	10	100	-8	88	-14	80	-10	95	-17	101	19	100
ETW	81.0	84.0	3	1
99	106	59	104	89	107	79	65	104	63	61	64
JWU	76.0	65.0	4	1
70	83	57	84	73	57	66	56	100	45	90	66
HOG	51.0	2.0	8	1
68	-1	34	-11	63	-5	28	17	70	25	25	-3	69	-6
HOH	89.0	62.0	4	1
100	81	78	57	103	63	71	55	86	51	100	65
BUB	56.0	91.0	4	1
57	85	58	92	57	74	61	92	47	113
OAQ	35.0	28.0	6	1
20	23	49	23	30	15	31	38	25	31	58	49	34	23
CVK	84.0	47.0	4	1
64	40	89	44	105	52	76	53	102	50	72	45
QRV	40.0	-1.0	5	1
15	-14	59	17	57	17	48	-18	43	15	38	-9	39	-6	28	-14
EYY	57.0	94.0	7	1
67	86	47	84	28	97	73	108	70	91	52	113	58	83	68	90
SXB	60.0	90.0	10	1
39	109	59	65	58	100	75	93	77	71	48	83	65	109
YKE	43.0	12.0	3	1
55	-1	17	-6	58	31	40	16	25	-3	65	35
KRK	91.0	46.0	4	1
94	37	84	45	89	30	110	51	69	57	101	56
MFP	28.0	51.0	3	1
22	50	22	37	30	62	25	29	34	70	36	58
IAM	21.0	36.0	8	1
12	50	3	41	44	23	35	45	14	25	28	27	17	42
LUP	25.0	49.0	9	1
33	53	40	61	9	38	17	47	35	49	18	51
JAJ	109.0	36.0	4	1
108	26	81	37	119	38	120	51	117	50	110	19
ENE	93.0	43.0	3	1
71	39	85	32	87	62	109	31	93	39	75	41	112	40	112	63
ERB	29.0	13.0	2	1
44	10	18	-5	34	24	33	29	42	-1	38	32	18	3	7	12
ALU	30.0	85.0	6	1
27	74	28	94	20	84	35	96	44	96	28	67
EFZ	54.0	55.0	3	1
43	33	33	51	38	53	69	65	63	50	58	55	74	78
JGV	42.0	46.0	3	1
32	73	53	34	57	51	61	56	34	57	21	27	42	25
ZPW	35.0	-3.0	9	1
10	-21	54	-18	35	2	42	24
RLP	68.0	87.0	10	1
83	88	84	92	69	98	73	70	44	74	46	95	78	93
MEJ	72.0	28.0	2	1
52	44	83	16	69	39	75	14	80	41	77	19
TML	36.0	51.0	7	1
40	58	49	67	43	52	35	53	14	19	39	58
BRT	11.0	50.0	3	1
14	37	11	55	16	40	4	68
MAS	50.0	41.0	10	1
68	46	28	33	68	38	38	50
MTH	57.0	50.0	10	1
39	33	44	44	55	55	75	65	52	58	75	71	38	25	84	53
YLQ	58.0	12.0	7	1
63	7	84	7	53	20	46	9	56	34	47	-2
HRC	30.0	32.0	1	1
46	29	31	28	16	43	30	30
JHB	46.0	95.0	5	1
50	87	36	86	53	119	56	90	36	120	66	79	28	87
VPL	39.0	12.0	5	1
55	23	28	7	48	16	25	7	22	24	61	-5
