CVZ	69.0	103.0	1	1
63	119	79	104	70	114	64	94	54	77	91	114	81	99	57	107
SZO	68.0	61.0	6	1
64	58	65	38	62	62	67	64	60	65	87	72	71	74
WAE	67.0	40.0	22	1
55	31	71	45	98	45	57	32	56	48
SAE	68.0	24.0	13	1
79	35	38	19	74	45	66	22	72	21	82	6
KBW	17.0	39.0	11	1
5	25	33	34	-1	59	33	39
TDH	10.0	25.0	15	1
19	11	0	40	1	33	6	27	27	8	33	24	-13	38
ALQ	96.0	100.0	9	1
116	67	102	109	83	114	85	112
MLL	71.0	55.0	7	1
86	84	80	37	67	40	54	49	67	59	72	67	72	50
XOU	39.0	51.0	8	1
54	35	36	34	40	54	26	60	62	72	39	69	20	35
NOI	0.0	75.0	3	1
3	82	-10	73	-6	79	-5	75	-6	95	19	51
BJJ	57.0	55.0	19	1
61	45	45	42	82	63	53	80	54	41	48	62	51	46	63	68
RZF	50.0	3.0	6	1
28	11	71	18	74	-8	66	-7	27	-6	48	-8	36	24
NAV	18.0	14.0	24	1
14	6	13	-3	39	25	23	21	1	25
CIP	45.0	16.0	21	1
38	35	42	-5	50	25	31	28	71	28	57	-9	27	13
JWM	46.0	73.0	24	1
58	70	49	59	61	96	33	75	30	65
XCR	15.0	67.0	3	1
20	66	20	46	17	61	12	80	10	86
DZS	27.0	27.0	8	1
28	14	25	16	27	29	34	34	32	25	26	33	17	43
IZD	74.0	24.0	5	1
89	34	87	25	54	17	90	32	51	16
ZXS	88.0	25.0	6	1
92	33	103	47	97	4	59	3	91	40	89	27
UVD	59.0	32.0	10	1
68	32	36	39	76	39	43	29	73	25
BVQ	31.0	52.0	18	1
13	50	15	48	23	38	49	54	47	81	41	41
RHS	69.0	55.0	23	1
58	53	63	74	91	59	53	30	87	42	79	61	54	71
UJS	99.0	-10.0	6	1
111	-18	99	-13	87	-13	102	2
RIM	91.0	-1.0	3	1
111	0	74	-16	114	12	109	-3	71	-8	68	5
NGE	61.0	57.0	16	1
46	49	52	70	68	53	72	57	69	58
JLQ	82.0	11.0	13	1
89	24	95	-2	76	17	71	5
FKW	15.0	75.0	6	1
30	76	0	66	12	67	-8	89	33	85	14	56	24	92
XDS	48.0	89.0	10	1
40	102	49	74	58	98	25	107	50	86	59	97	57	62
UBV	80.0	46.0	16	1
87	55	72	38	84	36	79	57
MUD	64.0	8.0	13	1
62	-4	59	21	78	14	57	14	67	-2
JFH	10.0	43.0	15	1
2	18	-2	30	7	61	24	54	5	60	29	38
