YKG	16.0	61.0	4	1
15	54	-9	65	2	52	31	67	28	52	31	80
HCI	75.0	99.0	8	1
63	92	85	106	86	120	68	79
NYD	19.0	29.0	0	1
43	41	12	41	10	-3	14	39
NSI	-1.0	18.0	7	1
-2	29	6	27	-10	13	-11	-2	11	23
DQB	27.0	69.0	2	1
31	46	27	78	45	63	12	62	13	84	38	83
RIQ	40.0	69.0	3	1
51	77	51	57	47	75	40	59	9	73	43	76
KAN	-1.0	91.0	8	1
26	96	-7	106	-17	75	-16	90	5	89
IJN	22.0	28.0	7	1
15	53	35	7	32	44	20	22	41	45	10	25	7	5
MGQ	26.0	42.0	8	1
0	52	38	33	20	48	25	46	39	26	35	50
DNT	30.0	31.0	8	1
13	8	23	25	48	50	27	42	42	32
FAS	61.0	-1.0	8	1
69	-9	78	-12	40	25	33	-9	81	-18	75	22	52	-9
PXT	4.0	67.0	2	1
26	77	14	57	-19	64	20	60	-14	76	2	73
