NSK	89.0	13.0	3	1
96	23	100	5	101	16	84	35	91	-6	85	15	71	4
ZUZ	6.0	97.0	8	1
-5	106	19	86	3	95	-2	98	30	100	-4	103	7	96
KMZ	26.0	30.0	7	1
32	35	52	5	3	39	20	42	24	32
AXR	22.0	16.0	0	1
7	32	26	22	12	4	45	4	24	18
JNW	29.0	45.0	4	1
44	32	15	44	39	31	33	51	-2	40	45	75	23	60	39	30
GAT	90.0	0.0	7	1
83	-4	90	-14	96	-1	92	18
RHX	43.0	48.0	9	1
58	28	58	40	34	40	44	73	21	60
KIH	56.0	18.0	8	1
63	39	61	6	39	-5	61	32
VBX	93.0	35.0	5	1
82	12	113	52	95	49	75	51	104	11
BQG	94.0	55.0	5	1
113	51	97	55	74	60	97	48	77	48	111	71
WNM	32.0	99.0	4	1
41	88	45	110	13	117	5	87	43	103	47	91
EZR	6.0	24.0	6	1
22	18	15	42	16	22	-15	14	-5	26
NML	32.0	63.0	8	1
23	68	38	62	22	55	15	54	47	74	49	68
NJJ	24.0	83.0	3	1
9	87	30	82	36	72	27	99	11	70	14	82	42	91
