LCU	87.0	35.0	3	1
109	41	77	25	69	43	104	31	91	44	73	27
WZL	5.0	61.0	6	1
5	63	-1	68	12	55	13	75	-2	58	23	54	-14	60
OSS	37.0	40.0	5	1
40	29	14	46	54	31	26	44	54	53
DGV	36.0	17.0	6	1
39	23	42	14	19	28	47	6
DXV	23.0	85.0	0	1
47	83	38	69	14	73	6	71	4	80	45	107	11	112
CMG	92.0	82.0	0	1
74	73	76	80	99	75	105	62	77	101	119	83	100	100
WLO	64.0	29.0	2	1
46	21	65	25	73	42	64	49	70	40	83	22	51	9
MLU	80.0	23.0	6	1
82	31	57	32	103	34	79	11	82	21	98	20	78	5	66	35
RJF	-5.0	66.0	8	1
-21	62	1	54	-1	57	14	69	-19	90
DCF	94.0	81.0	6	1
96	93	94	79	108	97	113	76	78	69	67	83	83	76	113	75
