SNX	87.0	86.0	2	1
79	66	91	80	107	109	63	90	97	86
GLK	16.0	27.0	18	1
11	11	40	25	9	38	19	32	8	44	11	12
YJK	11.0	38.0	15	1
3	39	-7	45	9	43	35	25	15	53	15	28
WWY	68.0	30.0	15	1
52	15	74	51	61	41	85	15
RAZ	74.0	86.0	2	1
78	77	72	92	59	95	102	95	63	74
ZOV	25.0	51.0	10	1
13	35	41	71	30	39	27	53	30	51	30	69	24	32	10	61
OIC	23.0	90.0	1	1
22	101	32	77	19	76	19	109
XIJ	60.0	66.0	19	1
77	69	52	78	53	61	82	55	37	61	61	76
QZU	70.0	72.0	10	1
90	86	58	60	67	78	48	69	88	88	83	59	62	69
IDK	91.0	1.0	19	1
72	-11	94	-11	103	-13	94	19	92	10	96	12
QRX	43.0	17.0	19	1
29	15	47	18	53	20	23	24	66	12
