EZF	53.0	90.0	9	1
50	72	61	77	45	75	50	112	56	86	72	114	29	72	67	116
DBQ	47.0	81.0	3	1
45	93	38	91	67	95	40	58	41	75	55	79
BGO	3.0	105.0	11	1
6	121	-8	115	25	117	17	81	-2	96	-15	107	4	103
MFE	44.0	54.0	4	1
42	71	25	39	60	48	48	71	28	55	53	38	55	50	48	62
YWG	14.0	50.0	12	1
25	42	24	41	8	28	19	63	10	69	0	60
OMZ	65.0	45.0	14	1
52	46	64	56	59	47	80	26	83	40	53	56
SJQ	7.0	49.0	14	1
25	55	-9	28	5	53	21	49	-3	61
NFM	58.0	68.0	25	1
38	55	77	46	47	86	60	85	70	69
ORO	68.0	54.0	24	1
81	66	80	48	82	40	37	74	63	44
PNW	25.0	67.0	18	1
24	58	16	80	9	73	32	58	37	77	35	56
CEG	89.0	54.0	0	1
91	48	84	47	103	87	84	52	106	50	71	42
RTS	16.0	15.0	15	1
22	12	-9	14	30	8	16	4	23	29	-5	3	35	41
PFG	80.0	36.0	19	1
61	28	96	57	73	23	102	30	68	46
YRR	33.0	14.0	2	1
22	10	30	9	41	28	40	27	36	0
YUF	90.0	78.0	0	1
85	77	92	59	94	97	72	79	109	102	90	58
KDU	76.0	88.0	2	1
69	91	74	72	69	84	83	95	104	89	63	80	72	107
YSY	38.0	46.0	12	1
43	47	51	58	28	51	45	45	22	37	57	38	22	47
QEA	34.0	74.0	6	1
30	68	19	90	41	76	52	69	32	62	33	84
YWM	60.0	8.0	22	1
81	6	67	28	51	-6	44	5
