OEU	69.0	34.0	5	1
61	23	86	48	64	38	88	19	50	43
EXN	91.0	65.0	8	1
101	72	79	65	94	57	90	69
HWN	93.0	11.0	7	1
105	13	77	4	98	20	100	20	86	-1
GAE	78.0	60.0	3	1
62	32	58	69	78	42	91	56	60	61	83	74	98	75	96	78
ROH	98.0	29.0	0	1
80	23	113	20	114	44	89	29	105	18	88	41	102	33
RDU	27.0	60.0	4	1
48	55	14	47	17	46	39	69	16	54	21	60	38	89
HGW	11.0	0.0	5	1
-2	-20	13	23	24	11	9	-10	-2	-2	28	11	13	-10
PDM	-3.0	3.0	7	1
-14	11	-2	-9	-13	18	-6	-5	-1	-8	13	2	1	14
GOJ	88.0	60.0	2	1
89	63	82	43	77	58	104	77
JYA	8.0	83.0	8	1
-8	73	1	113	-14	73	18	74	24	73	27	97
QXC	31.0	27.0	8	1
11	30	14	46	39	30	46	12	48	21
NIB	43.0	52.0	8	1
34	70	41	45	57	74	54	36	50	43	28	39	46	48	41	66
EZH	54.0	78.0	5	1
55	85	34	57	42	61	63	87	76	103
CFO	99.0	15.0	3	1
74	4	110	21	110	31	103	13	118	21	98	19	86	0
DPN	15.0	84.0	7	1
3	72	23	77	34	86	11	109	5	78
AGA	67.0	98.0	8	1
69	111	68	86	64	118	68	79
OWL	32.0	79.0	3	1
21	89	45	90	44	63	41	82	13	72
VVV	61.0	108.0	3	1
44	102	65	111	60	110	74	102	67	110	59	118
KAI	0.0	28.0	9	1
2	7	-7	23	-10	12	22	43	18	6	-11	46	2	42	-15	49
TPK	42.0	63.0	7	1
25	64	41	72	16	71	50	63	56	81	44	47	51	36	58	70
FVO	42.0	23.0	5	1
51	6	24	28	42	28	46	46	47	10
ZHM	86.0	73.0	3	1
86	65	77	68	95	75	100	86	76	74
ANG	13.0	96.0	6	1
16	110	30	76	-1	119	1	103	16	93	8	110	8	85	30	76
SNX	13.0	100.0	4	1
0	93	13	104	10	96	36	82	-1	102	11	122	28	104
EAX	-1.0	70.0	3	1
7	72	-3	91	-14	54	5	49	15	68	-14	94	-3	68
CLU	77.0	91.0	3	1
76	99	60	89	93	71	84	79	73	117
QJW	7.0	84.0	2	1
13	76	6	73	-6	94	16	93
TUQ	23.0	104.0	6	1
21	97	19	116	25	103	43	98	8	110
VUB	87.0	71.0	1	1
111	63	83	78	82	66	70	75	89	68	88	79
PDY	56.0	0.0	5	1
48	-9	80	2	55	11	63	-1	50	-15	42	17
KCK	88.0	73.0	6	1
88	61	79	60	73	104	91	79	110	71	83	81	97	60
RHF	42.0	86.0	9	1
30	70	51	92	37	81	31	102	62	85
