UZB	43.0	19.0	1	1
63	39	38	4	52	35	48	22	48	31	27	4	38	11	36	8
EKU	62.0	65.0	8	1
48	90	76	53	74	56	58	63	74	57	46	73
APN	9.0	63.0	0	1
2	79	7	63	-3	68	20	51	12	63	-8	68	29	64	18	48
ZQO	44.0	92.0	6	1
40	94	50	95	57	72	48	87	27	113
DUU	60.0	30.0	10	1
59	33	68	44	37	20	53	30	58	31	76	30	71	22
CFG	81.0	71.0	5	1
97	68	84	59	64	74	70	63	95	59	80	104
XYE	52.0	57.0	1	1
64	46	55	77	39	59	50	49
MWH	32.0	82.0	9	1
29	90	60	87	16	66	26	81	16	64	42	96	41	91
YKT	24.0	13.0	4	1
15	7	49	26	24	21	22	7	41	-8	6	26	17	12
CLZ	33.0	50.0	0	1
31	61	50	60	38	45	43	42	5	44	48	54	21	47
TTH	3.0	84.0	2	1
6	97	21	110	-11	69	-3	82	-16	80	13	68	13	85
ISZ	69.0	0.0	6	1
74	0	92	-14	51	-10	60	26
JYT	-2.0	44.0	1	1
-15	29	15	60	-7	55	6	39	-5	50	-7	34
