AOY	104.0	20.0	6	1
111	38	112	31	94	6	109	16	89	5	111	29
OJT	34.0	67.0	9	1
44	47	25	84	30	76	22	68	28	52	53	68	40	78
LDM	33.0	8.0	6	1
20	13	43	-4	35	-4	39	20	39	4	26	14	34	17
PND	19.0	21.0	6	1
21	3	32	28	22	45	1	10
XEF	32.0	90.0	7	1
41	77	32	120	25	76	31	93	32	87
ADL	26.0	12.0	9	1
16	34	17	37	6	10	30	-4	46	-4	33	16	32	1	30	11
VBI	82.0	67.0	10	1
64	65	83	79	104	79	75	54	81	63	85	67
ZDK	10.0	29.0	4	1
3	25	13	24	6	49	29	23	1	24
NDR	29.0	30.0	9	1
40	41	2	23	51	9	13	43	40	37
OCG	48.0	4.0	8	1
63	-18	46	22	41	-11	51	15	56	23	36	14	48	-14
WDK	61.0	40.0	5	1
82	34	62	41	68	55	56	57	44	24	56	31
EUN	105.0	89.0	6	1
119	69	110	108	119	112	74	70
YSN	5.0	50.0	6	1
4	34	-2	79	-1	61	26	36	15	56	-7	37
