EGB	87.0	84.0	7	1
104	95	80	101	85	81	88	102	81	65	86	60
NDU	68.0	62.0	10	1
53	77	53	36	76	74	93	64
BEN	7.0	7.0	10	1
18	0	25	11	-18	26	-11	8	22	-13	3	3	12	16
RAV	27.0	44.0	8	1
9	31	48	58	17	34	35	52	26	46
OEX	81.0	-3.0	5	1
85	-13	93	-15	62	-6	86	20	80	-5
KBO	28.0	45.0	7	1
52	54	15	27	14	55	40	45	32	53	17	40
PTZ	61.0	87.0	2	1
73	88	55	100	59	94	39	104	56	77	64	69	74	97	74	70
MJS	91.0	87.0	3	1
110	66	84	72	79	99	108	111	93	97	76	81
QYV	23.0	44.0	2	1
38	49	37	35	7	44	28	63	22	41	11	42	20	36
APD	30.0	83.0	4	1
50	98	11	70	48	85	28	69	17	82	11	111	28	81	50	74
VNC	79.0	81.0	2	1
78	77	95	62	87	97	67	93	80	89	68	68
IVB	13.0	62.0	9	1
2	53	15	49	4	81	25	65	7	75	31	60	4	64	16	51
AJF	92.0	50.0	7	1
91	45	99	33	98	36	79	70	84	62	76	71	123	37
RUJ	9.0	98.0	5	1
10	100	-5	76	34	118	9	113	14	88	29	104	-5	108	-8	81
DSO	54.0	9.0	2	1
57	2	40	29	59	-1	67	2	68	28	55	-5	33	8
QRF	53.0	45.0	2	1
41	40	62	44	71	56	74	43	32	55	43	37
AID	26.0	28.0	3	1
23	41	43	30	39	8	17	47	8	15
UUM	28.0	83.0	3	1
12	68	34	82	41	73	27	112
KWE	12.0	87.0	6	1
5	69	10	100	12	84	20	68	-14	105	31	100	21	85
QMG	34.0	28.0	6	1
36	49	24	34	44	9	21	13	42	51	40	17
UJI	81.0	87.0	9	1
79	68	107	68	87	91	68	78	74	102	81	108	71	94
KAT	62.0	46.0	3	1
72	49	76	68	49	50	58	30	65	42	62	24	54	61
SZY	39.0	69.0	4	1
25	52	62	67	44	67	22	65	42	96
WKY	36.0	44.0	3	1
54	56	15	42	38	31	35	51	40	40
QVI	24.0	53.0	3	1
38	33	37	66	27	70	13	59	9	38
GKR	74.0	27.0	9	1
51	11	91	44	75	15	82	34	72	33
HGX	1.0	84.0	6	1
-4	86	10	87	-14	86	-4	81	17	70	-1	112	4	69
BKC	37.0	25.0	7	1
22	15	48	50	53	37	42	20	19	12	27	27	51	14
EAS	86.0	67.0	10	1
103	87	61	61	86	83	105	52	77	53
THI	61.0	7.0	3	1
45	12	75	4	66	6	58	8
OTZ	80.0	26.0	2	1
84	22	53	39	78	12	88	48	74	2	86	25	100	40
TIW	7.0	46.0	9	1
-3	52	11	39	-2	44	24	52
PGY	13.0	30.0	2	1
18	18	25	16	4	60	2	40	16	16
QQD	57.0	10.0	9	1
66	16	54	-4	45	3	73	0	53	4	52	41
KLG	82.0	70.0	9	1
65	77	66	66	77	60	101	62	87	66	59	87	106	66	100	81
