MTP	50.0	-1.0	3	1
51	-15	37	15	60	15	72	19	39	-18	45	-17	49	-7
AYY	93.0	90.0	3	1
109	92	78	96	80	81	112	100	88	84
FEC	20.0	16.0	8	1
13	27	22	24	7	13	27	17	33	2
SCS	1.0	17.0	7	1
-16	10	-3	6	0	32	18	-1	5	22	2	35
RYT	7.0	6.0	3	1
18	6	11	10	-14	15	24	20	4	4	2	-18
CQK	91.0	20.0	8	1
89	28	95	35	99	6	63	28	99	7	101	19
AFO	113.0	8.0	1	1
115	26	109	-10	104	22	116	-9	119	23	115	-1
YZA	72.0	6.0	3	1
67	-6	69	6	66	7	89	18
WYU	97.0	69.0	0	1
96	61	117	67	116	71	81	68	79	78
CHZ	86.0	21.0	1	1
87	21	104	9	105	36	67	23	84	8	66	11	90	39
VAK	39.0	27.0	1	1
28	46	29	35	55	14	38	39	46	4
CNG	12.0	33.0	2	1
23	43	-6	41	-1	26	4	27	40	31
UGU	15.0	30.0	9	1
5	32	5	53	-2	18	36	20	34	27
HIR	-4.0	25.0	2	1
20	6	-10	41	-19	36	-10	7	-13	21	4	41
QAB	22.0	35.0	1	1
-4	39	29	22	32	50	6	56	27	14	30	32	38	34
RPB	90.0	33.0	9	1
89	48	99	38	94	46	83	48	85	20	96	28	105	21	74	21
