UJL	18.0	37.0	10	1
34	27	-2	61	13	31	33	39	16	30
LSO	95.0	38.0	21	1
107	22	82	47	114	52	66	34	112	36	91	38
MVE	32.0	18.0	7	1
33	27	46	23	30	19	23	-1	32	22
ONQ	27.0	91.0	3	1
30	76	27	109	43	75	18	103	17	96
IUD	-1.0	51.0	19	1
-17	53	-6	59	26	39	-3	30	15	76	-17	70	-7	31
DSP	53.0	19.0	24	1
72	-2	56	31	40	8	43	30	33	27	62	25	65	14
XIK	41.0	99.0	16	1
36	110	33	108	49	100	52	81	28	105	28	102	64	92
ELV	86.0	12.0	11	1
88	20	67	21	103	20	100	-4	89	30	81	-10	76	7
MAN	99.0	64.0	8	1
104	71	97	76	73	64	120	49	89	63	103	68	111	59
XET	22.0	13.0	8	1
40	15	17	13	26	12	5	-1	4	10	32	21	30	21
QNZ	4.0	26.0	3	1
-2	14	15	21	-9	36	28	38	21	40	-7	10	-15	29
PUS	13.0	60.0	23	1
-1	86	8	49	16	57	30	48
CBB	97.0	-3.0	23	1
106	-3	108	7	69	15	88	-5	103	-7	97	-15	108	-14
IFJ	64.0	45.0	3	1
66	48	54	41	52	21	87	53	59	56	68	55
IYS	90.0	19.0	22	1
75	36	91	28	85	29	92	26	74	1	117	7	101	9	90	22
EQH	80.0	66.0	2	1
92	76	75	63	74	55	103	63	67	66	74	77
KZC	84.0	10.0	22	1
74	7	82	5	75	18	94	23	78	1	102	7
ITR	84.0	59.0	14	1
92	68	89	48	85	60	74	50	92	47	66	72	91	69
BTP	52.0	70.0	18	1
50	81	52	53	35	82	70	70	43	58	34	75	81	77
NRT	66.0	15.0	25	1
73	27	80	13	75	31	57	6	47	1
TOP	96.0	82.0	17	1
84	82	106	78	76	72	114	92	104	89
ZQS	89.0	23.0	24	1
78	26	99	37	85	9	79	40	92	30	76	9	116	16
IHB	54.0	74.0	19	1
50	71	50	98	72	70	57	63	45	72
LRI	60.0	20.0	19	1
48	38	59	5	80	-1	78	23	48	24	49	33
