DRT	84.0	88.0	7	1
71	95	78	66	96	90	111	89	83	101	68	91
MFS	40.0	54.0	0	1
46	55	63	60	17	56	44	44	41	45	51	71	34	70	28	36
TLP	96.0	42.0	7	1
99	57	97	30	97	57	104	53	93	20	91	40
GAD	-3.0	34.0	2	1
-14	18	-2	26	-13	19	-13	49	10	50	9	46
BJL	82.0	85.0	9	1
89	96	86	87	68	103	75	69	94	64	83	91
TVX	6.0	73.0	5	1
-14	67	-3	74	14	62	-2	87	18	83	26	68
IOL	-1.0	16.0	1	1
-11	35	21	22	-22	7	22	24	-18	-5
MTO	52.0	66.0	10	1
57	73	59	74	46	57	65	48	64	81	58	82	27	40	44	78
JGR	80.0	68.0	6	1
93	72	69	74	82	80	64	53	95	63
RLZ	95.0	-3.0	8	1
103	-25	71	23	115	-17	90	17	80	2	114	-21
