SFT	38.0	26.0	17	1
28	39	57	0	31	19	53	24	36	27	43	35	18	38
TPF	85.0	2.0	13	1
111	1	79	3	72	9	80	11	83	-14
IBW	15.0	55.0	1	1
0	64	15	60	-2	58	29	34	37	57	9	62	23	55
EDS	58.0	21.0	3	1
42	35	68	18	61	28	55	9	67	17
FUI	62.0	74.0	9	1
79	60	68	83	41	72	53	80	68	90	83	85	48	49
ZAU	36.0	32.0	18	1
28	51	30	33	23	38	28	26	60	25	50	23
EAM	29.0	24.0	22	1
29	20	51	23	14	25	21	24	34	31
MLE	51.0	93.0	21	1
68	105	50	95	44	89	45	83
NXS	66.0	85.0	12	1
60	102	50	78	66	90	73	69	82	88
SMA	10.0	-9.0	21	1
29	-21	-9	-2	15	-7	14	-15	31	10	22	-24	-5	-22	-12	3
SIV	59.0	35.0	11	1
69	43	67	47	38	11	64	40
WEN	43.0	-2.0	10	1
54	10	18	-13	64	5	30	-23	61	23	35	-14
