DXV	58.0	56.0	14	1
72	60	47	59	80	44	35	46	38	69	76	62
MYK	95.0	53.0	12	1
80	65	92	66	122	54	85	59	88	46	108	30
VXC	87.0	90.0	12	1
72	90	114	70	71	98	74	83	113	101	76	98	91	95
CKD	51.0	69.0	23	1
44	70	57	76	51	75	44	61	59	63
ZKU	31.0	16.0	5	1
27	31	54	35	38	-6	28	0	20	23	39	18	16	14
HTM	62.0	16.0	12	1
42	31	83	30	72	23	49	13	74	28	59	11	48	-4	74	2
GER	32.0	47.0	7	1
19	44	23	34	37	69	29	50	55	39
TXU	89.0	78.0	10	1
95	69	86	80	101	89	87	74	79	82
CCU	49.0	18.0	12	1
57	36	52	10	47	40	27	-5	71	23	67	2	26	22
LGK	63.0	10.0	10	1
51	10	61	10	50	19	70	8	84	22	48	20	65	-4	78	-3
ZHM	63.0	38.0	22	1
50	27	54	29	66	56	86	41	55	35	70	43
XPD	36.0	82.0	12	1
64	97	22	85	18	82	17	70	37	71	59	90
OVW	52.0	83.0	19	1
47	75	47	65	71	94	72	104	62	103	54	61	36	75	34	93
PMJ	65.0	83.0	22	1
76	89	67	81	45	86	75	76
XDH	19.0	10.0	14	1
6	14	10	2	17	24	29	22	27	-7	21	21	26	0
JPN	9.0	5.0	14	1
6	-8	-2	13	-9	-9	24	26	26	4
ANG	18.0	58.0	12	1
8	71	9	53	13	66	29	51	32	51
RLR	34.0	4.0	9	1
15	-3	54	-6	26	-12	29	22	31	31	35	6	54	-8
TCL	40.0	73.0	19	1
16	67	52	58	26	74	61	65	51	76	38	98
ZDR	84.0	40.0	12	1
103	46	105	57	64	19	87	43	82	36	67	43
BXO	87.0	12.0	19	1
95	7	106	8	90	13	73	8	72	24
BLG	91.0	37.0	13	1
64	27	99	51	93	32	92	46	95	41	105	30
VFP	23.0	67.0	22	1
22	67	18	67	17	75	10	48	43	56	45	89	12	70
NCX	64.0	2.0	4	1
68	12	78	-9	82	-11	49	-2	44	21
HKL	44.0	43.0	19	1
54	52	28	70	41	30	57	34	44	31
SXI	51.0	83.0	5	1
28	56	67	85	65	64	65	101	31	95	57	75	67	92	32	101
GRP	46.0	96.0	2	1
43	88	61	84	42	120	34	74	51	116
NFT	60.0	100.0	9	1
58	85	52	90	71	120	54	99	69	109
BTR	92.0	47.0	14	1
113	37	111	55	78	36	71	64	91	47
KVA	91.0	92.0	9	1
91	98	96	76	103	100	65	100	102	88
PXS	90.0	34.0	6	1
92	46	101	13	79	24	95	47	104	50	71	25
SFQ	25.0	13.0	5	1
38	0	44	19	13	38	27	31	18	14	12	-1	27	-6	25	12
XEW	94.0	87.0	5	1
72	102	112	65	84	90	106	98	84	64	116	104	93	88	89	88
VTX	67.0	92.0	9	1
73	112	82	106	61	101	66	75	58	78	67	84
QOX	84.0	94.0	5	1
97	91	107	105	68	85	98	79	64	119	81	81	75	98
IIQ	76.0	95.0	1	1
65	67	63	109	87	104	92	103
SXG	1.0	28.0	20	1
-16	33	24	30	-5	9	4	42
MAC	71.0	42.0	5	1
89	39	76	37	80	31	57	47	72	44	85	46	55	41	54	58
PXP	16.0	92.0	10	1
-17	94	24	72	28	89	17	109	30	99
DOX	20.0	10.0	4	1
30	23	37	7	39	15	6	-5	6	29	5	-7
XZU	39.0	35.0	10	1
56	26	30	26	24	33	28	49	59	42
IWT	96.0	63.0	6	1
83	46	76	75	87	84	110	40	106	70	115	68
HCA	50.0	48.0	22	1
42	54	60	39	69	50	75	69	38	60	40	56	44	33	32	28
WBB	20.0	27.0	3	1
35	33	36	41	5	39	11	8	13	17
UDZ	7.0	49.0	5	1
21	36	-9	39	16	39	16	51	-18	74	12	33	5	63	20	63
GFB	16.0	36.0	24	1
26	29	19	19	28	19	-1	61	5	32	4	48	34	45
PTN	14.0	74.0	2	1
33	64	-5	79	22	62	38	98	14	56	-6	99	3	66
