RJT	12.0	99.0	1	1
27	121	11	86	-9	84	20	83	1	95	17	115	18	109
EBN	17.0	39.0	22	1
39	35	0	29	9	42	2	32	27	40	40	41	4	58
KGF	2.0	27.0	3	1
-8	37	22	29	-6	30	-1	15	-6	38	25	19	0	35	-6	18
TJI	16.0	22.0	8	1
16	11	14	8	4	20	-2	7	45	48	23	40
JGD	61.0	41.0	14	1
72	43	44	21	74	55	70	33	51	49	57	50
IDW	20.0	81.0	17	1
24	82	-4	75	35	78	9	93	17	82	36	101	30	59	16	79
OHY	22.0	30.0	20	1
18	51	1	14	5	25	33	34	27	39	36	28	34	22
XIY	85.0	83.0	0	1
89	97	88	84	100	82	65	70
WFL	32.0	43.0	0	1
14	40	8	27	52	60	45	60	45	39	31	36
LKC	8.0	94.0	24	1
0	90	19	106	-13	92	30	80	4	103
UGD	77.0	18.0	10	1
82	30	83	1	86	1	75	43	62	19
ELB	83.0	58.0	16	1
91	60	67	52	69	72	105	44	91	52	78	68
IUD	54.0	21.0	23	1
27	16	44	32	66	26	62	4	69	11	55	33	58	22	51	29
BSU	7.0	98.0	21	1
-7	119	-11	102	13	91	34	78	-3	81	3	108	20	107
EFP	114.0	4.0	22	1
119	18	120	6	118	-18	111	9	104	8
GAC	89.0	67.0	12	1
101	46	85	86	81	89	67	67	112	47
MEB	18.0	42.0	9	1
-9	41	17	30	12	46	18	46	37	47	38	43
FJE	79.0	86.0	3	1
74	86	93	87	70	70	72	88	90	97	91	109	68	68
GGM	53.0	46.0	16	1
48	36	44	31	46	39	73	64	32	68	68	28	63	60
OVP	1.0	23.0	16	1
-12	19	7	13	12	29	-2	33
IKN	6.0	14.0	3	1
-5	30	4	-7	14	18	-7	30	31	4	4	10
ZDP	40.0	-2.0	12	1
47	-11	46	-1	41	2	35	2	57	3	16	-9
XVI	54.0	92.0	1	1
36	79	49	112	48	104	69	83	49	75	75	100
NSP	117.0	89.0	10	1
114	106	111	97	121	87	123	66
WID	35.0	16.0	7	1
31	28	49	24	37	29	29	-1	35	4	30	14
JTQ	64.0	31.0	16	1
57	27	52	36	59	50	90	13
FBC	10.0	11.0	24	1
8	17	18	4	9	14	22	14	17	27	2	-18	-6	22
BXM	74.0	103.0	5	1
68	106	89	115	78	115	59	79	94	87	60	119
OWE	10.0	41.0	12	1
2	56	26	30	4	25	9	54
VEJ	92.0	97.0	19	1
99	89	73	77	84	118	101	118	100	103	106	120	108	80	65	77
URY	48.0	41.0	20	1
42	40	37	43	44	61	35	27	60	41	68	51	51	30
MVU	26.0	28.0	25	1
36	47	46	24	17	26	14	13	33	41	11	19
AMM	51.0	46.0	22	1
39	47	60	40	37	61	41	55	69	39	75	26	62	41	31	60
IGY	14.0	46.0	15	1
-2	44	8	60	35	65	9	52	23	23	11	33
TAF	60.0	33.0	22	1
84	41	62	43	45	13	59	49	47	38	41	32	83	17
XCL	42.0	43.0	17	1
33	42	50	43	57	40	48	47	25	46
PKJ	44.0	84.0	7	1
61	76	38	103	37	101	25	73	63	75	50	69	49	72	30	108
YTD	44.0	44.0	19	1
43	48	47	46	29	54	54	29	54	52	26	26	50	68	54	36
PUN	71.0	17.0	19	1
73	14	78	39	80	10	54	8
XLD	67.0	8.0	1	1
73	24	54	27	76	5	73	-10	62	-6
LSL	9.0	10.0	17	1
16	1	15	29	10	-6	1	-10	-6	19	6	28	26	11
HNL	61.0	16.0	10	1
71	37	71	24	65	18	49	28	44	-3	53	4	78	10
GFF	80.0	78.0	12	1
92	79	63	93	98	90	85	66	63	63
