OVO	86.0	31.0	10	1
73	19	99	31	62	43	102	46	93	38	101	17	73	23
NCU	7.0	0.0	9	1
-16	-6	20	10	26	11	-17	-2	14	-1	18	-16
OGP	13.0	43.0	5	1
0	26	-1	45	21	47	31	56	39	39	10	72	11	32	-1	30
EUD	74.0	97.0	1	1
66	103	81	107	64	104	79	98	82	73
NFY	9.0	63.0	4	1
25	79	-12	45	3	67	8	62	23	63
XTX	10.0	66.0	3	1
2	72	30	75	39	67	-3	61	9	66	-1	57	-5	69
TYA	17.0	71.0	9	1
23	50	35	71	37	72	-8	90	2	88	34	64	0	68
IOS	-2.0	76.0	3	1
2	71	-16	60	4	88	7	90	-8	71
MSS	61.0	51.0	3	1
48	56	87	41	56	45	58	72	56	44
AZD	75.0	34.0	4	1
82	44	72	44	88	16	82	23	83	49	48	33
UNH	55.0	53.0	9	1
62	40	57	45	38	63	64	47	46	66	53	60	71	54
OMV	19.0	16.0	7	1
32	10	6	15	9	14	20	7	28	36
KIS	5.0	19.0	5	1
-7	10	-1	3	4	30	32	25	0	30
AMQ	21.0	74.0	1	1
38	94	1	89	38	64	29	74	27	74	3	72	16	55
EJW	61.0	63.0	8	1
65	76	45	77	57	70	64	38	72	69	52	67	74	47
CCU	60.0	28.0	4	1
67	12	44	27	40	19	59	32	70	44	82	36
RKL	61.0	72.0	3	1
37	58	68	81	39	64	71	67	74	85	85	75	48	84	70	65
UPW	83.0	92.0	7	1
78	110	100	84	89	79	77	87	74	105	83	88
DKB	44.0	52.0	7	1
44	45	27	53	29	37	46	69	42	44	63	42	53	63	55	70
VJN	6.0	41.0	4	1
10	39	19	38	2	59	-3	23	6	49
FHZ	43.0	92.0	7	1
43	107	30	82	49	105	40	71	57	96
HKZ	14.0	68.0	0	1
34	59	-5	73	25	79	10	86	13	48	10	66
THU	35.0	60.0	9	1
9	57	35	57	46	69	36	53	52	66
GAF	85.0	48.0	9	1
88	53	81	72	79	55	103	55	62	29	95	36	86	58	89	29
PEO	74.0	41.0	2	1
90	50	74	64	71	28	76	46	63	20
XWV	39.0	27.0	3	1
34	17	39	43	43	27	23	44	55	45	56	3	26	15
BKF	35.0	10.0	3	1
20	-12	34	5	42	22	22	26	36	2	28	16	54	-1	51	24
RAH	11.0	5.0	3	1
15	-1	9	24	1	16	35	-6	12	23	17	5	6	-3	0	-18
NLD	39.0	30.0	9	1
40	35	51	16	57	36	22	35	26	12	54	52	26	26
YLJ	34.0	43.0	2	1
22	44	43	47	31	52	27	40	48	36
HLU	85.0	56.0	3	1
76	73	88	45	100	72	91	35	57	64	75	50	101	40	93	69
BUX	86.0	36.0	8	1
84	33	96	25	78	57	89	52	91	27	82	25
