KOX	68.0	28.0	24	1
56	31	78	27	53	26	60	40	94	7	72	38
ALO	25.0	65.0	16	1
9	57	7	85	38	55	51	76	20	56
JQH	-8.0	73.0	5	1
1	87	-16	73	-19	85	-1	51	1	65	-17	85	-5	87	-9	58
DHC	27.0	39.0	8	1
12	36	19	35	12	53	46	21	47	50
IIA	39.0	54.0	13	1
42	45	52	42	26	49	57	66	24	48	52	55	20	78
QGI	25.0	69.0	12	1
22	59	7	66	31	84	43	69
QEX	100.0	44.0	12	1
93	38	98	50	101	51	106	57	111	38	107	31	84	43
GQX	22.0	87.0	13	1
36	105	13	86	13	87	40	88	27	94	8	67
UBQ	19.0	30.0	24	1
21	22	5	15	44	50	25	21	0	42
NXW	36.0	-1.0	4	1
39	-8	37	23	30	2	29	-12	45	-12
DTB	53.0	46.0	3	1
37	63	64	62	31	47	62	31	75	27
CZH	30.0	64.0	24	1
47	78	12	84	8	55	47	47	37	45	51	63	8	81
SQH	61.0	21.0	9	1
42	0	66	36	58	46	80	4
ZUG	87.0	80.0	21	1
77	75	92	101	106	80	74	65
SPP	78.0	55.0	1	1
77	43	91	72	69	73	81	76	88	35	71	51	71	43	82	51
OBW	80.0	21.0	15	1
99	4	59	2	98	36	69	30	76	6	93	26	68	46
DTH	77.0	88.0	24	1
81	102	71	90	65	82	85	81	84	89
SDD	68.0	94.0	13	1
49	107	87	98	69	88	70	84
IEM	9.0	21.0	23	1
-9	15	13	20	-6	29	3	11	25	42	29	14
XCY	32.0	71.0	6	1
47	88	33	85	35	94	26	52	10	72	24	53	34	63	47	64
SRQ	30.0	34.0	0	1
23	32	22	57	55	21	10	13	41	51
WEM	6.0	36.0	5	1
6	51	7	29	26	13	-14	43	8	47
FBV	-6.0	11.0	25	1
8	28	-3	3	-12	3	-15	22	-20	14	6	-4
KMV	41.0	5.0	22	1
32	-14	44	12	46	13	39	13	53	23	48	6	31	-15
