KCP	11.0	49.0	5	1
21	63	19	45	-2	70	11	43	0	33	33	36	-4	54
DBB	-1.0	49.0	5	1
8	65	4	34	-5	39	-20	43	-8	56	8	53	2	53
YBO	47.0	78.0	5	1
38	86	52	69	60	94	39	65
OTM	48.0	56.0	6	1
55	52	36	80	53	65	62	34	35	49
RER	25.0	33.0	3	1
16	22	9	35	2	15	38	51	39	55	36	27	39	28
KCB	8.0	21.0	6	1
11	7	20	32	-8	21	-6	36	26	13
VID	107.0	84.0	1	1
92	89	116	72	101	88	121	89
BUT	22.0	43.0	8	1
28	26	12	62	33	63	26	28	-2	35	36	44
XYM	10.0	90.0	7	1
8	111	10	71	15	85	9	90	31	99	-11	104	14	72
WVZ	64.0	51.0	6	1
76	60	46	35	52	64	73	54	83	44	44	73	79	50	66	34
LGD	64.0	63.0	7	1
86	44	44	66	84	83	52	75	73	73	46	39
ZJT	44.0	65.0	5	1
12	72	48	78	48	58	54	48	48	44	57	91
DEP	74.0	67.0	3	1
75	73	83	50	72	87	71	76	75	58	68	62
PSM	0.0	46.0	9	1
-15	22	27	29	-8	56	-19	63	13	60	-1	47
WRE	56.0	60.0	2	1
39	56	71	56	68	62	61	74	44	60	39	79	64	39	62	57
JBX	73.0	0.0	3	1
77	-2	55	16	76	1	75	8	84	-20
GGE	37.0	8.0	5	1
56	29	22	12	21	10	19	14	62	-12	40	3	42	6
FZF	10.0	72.0	2	1
9	88	-4	72	22	48	15	83
GGU	48.0	26.0	6	1
36	27	55	33	30	42	64	2	66	17	39	37
IKQ	24.0	40.0	7	1
17	57	46	18	20	28	10	54	28	47
DGN	40.0	34.0	6	1
44	48	64	47	29	46	44	19	32	8	30	37
IGO	15.0	59.0	4	1
18	62	27	49	17	68	4	47	22	76	13	76	10	36
DHM	78.0	0.0	5	1
63	1	68	-3	102	2	81	-2
FUO	73.0	13.0	8	1
83	0	47	28	73	5	73	6	92	6	71	15	94	38	57	11
KCV	25.0	73.0	1	1
6	94	11	66	36	96	44	69	52	69	18	58	11	64
YCM	106.0	104.0	6	1
120	110	116	120	92	101	93	92	112	76	117	108	96	122
DFE	45.0	11.0	4	1
45	20	43	23	43	6	49	-5
DJO	22.0	91.0	8	1
25	76	12	96	34	110	26	87	36	79	2	98
ZHU	55.0	61.0	9	1
38	70	51	52	63	77	70	80	57	54	44	63	75	44	43	51
LFM	8.0	64.0	8	1
12	60	2	63	4	54	17	58	23	80	-8	73
MEZ	98.0	15.0	7	1
113	-1	98	2	105	-4	77	36	107	38	102	13	87	21
UCA	12.0	80.0	10	1
-7	89	33	74	-12	81	26	98	22	60
VKU	87.0	71.0	6	1
66	57	97	75	103	76	96	81	77	66
TTH	7.0	8.0	10	1
28	4	20	14	-4	16	-14	0
OKH	80.0	86.0	1	1
100	99	86	99	95	70	65	104	56	62
QFE	33.0	79.0	7	1
42	104	50	88	8	98	13	71	13	79	53	62	36	72	51	59
CGT	23.0	79.0	7	1
26	71	4	91	7	98	51	65	15	71	20	97	43	88	22	55
SWP	99.0	65.0	6	1
83	72	113	64	81	45	88	59	111	74	118	76
VOY	64.0	8.0	10	1
46	3	58	20	69	16	76	15	72	-14
XCV	93.0	85.0	8	1
110	72	78	96	76	77	76	84	97	83	111	88	109	99
USA	33.0	6.0	5	1
42	9	14	-5	33	13	38	13	8	0	47	0	43	3	42	17
QJK	48.0	18.0	6	1
51	20	59	12	65	12	32	24	36	33	38	28	61	2
ZAH	82.0	70.0	1	1
89	94	87	57	90	51	65	93	91	58	71	68
TRZ	87.0	3.0	9	1
75	21	84	24	109	-11	80	-22
DLA	21.0	6.0	1	1
38	-11	23	-3	18	28	3	18	40	-9	4	15
VIB	25.0	29.0	5	1
38	46	14	22	32	25	34	37	11	16
OFM	-4.0	73.0	6	1
-3	61	-21	66	-9	74	8	86	1	79
IEB	99.0	27.0	5	1
109	38	77	7	103	31	104	38	104	25
