UCQ	39.0	78.0	25	1
60	101	28	78	22	92	30	54	59	67
YJN	60.0	7.0	19	1
74	9	79	14	66	-11	57	19	46	-12	55	17	45	12	62	14
WKP	36.0	11.0	21	1
34	0	20	13	47	19	43	14
HPR	36.0	56.0	18	1
34	72	35	37	9	40	44	71	47	46	52	72
ILM	23.0	18.0	2	1
37	35	8	-1	34	33	6	26	32	0
JHD	90.0	-4.0	11	1
118	-20	73	-10	107	19	77	5	70	-22	95	-18	81	6	99	2
UOH	59.0	49.0	9	1
55	45	61	59	48	49	64	54	50	64	55	47	84	25
DLI	49.0	7.0	19	1
69	29	57	19	66	6	58	-4	38	-11	27	28	34	-15
PJH	48.0	3.0	20	1
71	23	37	-18	40	-16	45	25	54	-6	49	-6	44	23
XAO	63.0	41.0	15	1
67	25	82	28	50	67	52	37	74	42	55	52
EFG	20.0	66.0	2	1
19	61	18	63	30	60	35	59	15	87	23	84	-1	66	28	53
GDU	21.0	7.0	11	1
12	19	22	9	28	28	42	-4	13	25	22	-3	11	-20
CAD	55.0	24.0	17	1
73	13	49	25	32	25	46	33	53	13	60	27	73	37
PDD	65.0	59.0	19	1
64	52	43	58	78	60	78	66
RZH	4.0	61.0	8	1
21	59	-22	81	13	59	12	57	-15	67	-18	57	22	37	20	71
PVG	11.0	81.0	18	1
5	81	27	77	30	84	-4	83	0	83
RNM	7.0	51.0	17	1
28	43	4	57	8	45	-11	50	-9	49	6	70	29	48
EST	57.0	11.0	19	1
44	17	43	13	70	8	59	-3	52	21	74	10
VJK	7.0	26.0	18	1
-15	41	15	0	-6	3	16	46	2	29	25	27	16	38
ZZU	70.0	35.0	10	1
63	49	87	18	72	41	63	27	61	43	64	30	81	42
BBD	82.0	69.0	17	1
59	68	86	67	82	78	63	63	93	79	99	81	97	53
BUR	28.0	57.0	13	1
42	47	36	44	13	87	2	45	48	64
FEW	45.0	19.0	22	1
48	38	32	5	32	27	70	7
JTQ	95.0	77.0	5	1
113	77	72	89	84	102	96	78	113	60	105	76	82	62
YKM	94.0	0.0	7	1
92	-22	108	15	83	12	89	-20	99	19
CDN	58.0	36.0	2	1
55	35	56	51	62	35	48	20	61	33	71	43
FHD	61.0	68.0	23	1
52	50	46	66	81	69	50	82	56	60	90	83	58	69
KHT	75.0	97.0	3	1
94	81	92	113	61	103	73	97	55	94
CPA	84.0	32.0	2	1
77	36	79	34	80	12	102	39	105	39	66	33
TNY	64.0	71.0	24	1
77	82	57	71	61	45	58	81	67	76
ZXZ	11.0	74.0	10	1
12	93	21	66	2	60	24	62	-1	92
PMD	61.0	11.0	23	1
65	-2	44	7	75	17	81	31	47	20	39	18	76	-7	61	11
IHW	45.0	48.0	1	1
38	49	26	44	52	57	61	61	51	31
WCY	3.0	69.0	21	1
17	53	5	84	17	69	-15	81	-9	62
XMP	35.0	53.0	21	1
23	49	37	67	43	45	46	39	33	59	29	63
XCE	81.0	95.0	8	1
102	106	75	119	86	92	68	87	63	76	92	94
NFM	19.0	19.0	7	1
41	31	19	-6	7	6	-2	36	34	32
MGP	98.0	85.0	1	1
100	82	81	85	96	65	109	99	108	97
YTE	47.0	39.0	1	1
61	49	57	37	49	29	62	56	19	38	35	25
FGN	58.0	34.0	23	1
52	27	63	44	51	32	66	26	60	45
OOF	54.0	98.0	22	1
76	103	35	101	42	79	70	99	48	108
IBV	96.0	20.0	16	1
108	12	92	1	86	46	81	24	115	20
IYE	85.0	97.0	15	1
63	89	99	75	92	109	86	114	97	107	88	108	59	103	98	78
QRQ	51.0	76.0	2	1
58	87	38	59	38	89	62	89	43	54	72	82
