ABG	78.0	59.0	22	1
84	69	99	45	88	35	73	67	60	63	88	72	76	62	59	65
RJN	25.0	57.0	10	1
17	82	29	44	25	69	19	45	37	49
GTM	17.0	74.0	13	1
4	78	24	55	23	69	32	57	-8	86	30	101
TGE	67.0	33.0	16	1
61	44	86	12	55	15	65	45	77	54	52	38	79	27
NKR	85.0	54.0	15	1
88	67	74	48	79	45	81	79	105	45	87	44
HBD	87.0	63.0	12	1
74	53	83	48	83	72	101	65	96	79
ICU	80.0	17.0	14	1
89	3	61	22	86	-7	67	33	77	-2	102	37	80	37
WRG	99.0	56.0	23	1
111	64	105	46	76	40	116	36	113	79	76	72
GTI	54.0	78.0	14	1
67	93	60	97	64	75	69	61	29	91	39	55
EBK	73.0	17.0	15	1
80	29	52	-9	73	30	85	0	96	32	57	4	68	30	74	25
