FTN	29.0	45.0	13	1
32	37	32	32	20	47	33	67
BOK	49.0	83.0	12	1
45	82	60	87	55	88	63	72	25	89
KNB	61.0	34.0	7	1
54	26	82	34	59	40	50	36
GLO	31.0	0.0	10	1
29	1	50	0	30	-18	22	-19	36	10	23	23
HCL	44.0	66.0	24	1
53	73	25	44	24	66	53	71	63	64	42	79	53	65
MWU	54.0	70.0	14	1
74	82	54	78	54	52	35	61	34	65	56	88	68	57	61	80
ZIU	86.0	62.0	23	1
90	43	81	74	68	79	109	78	91	44	69	49	100	67
MHT	91.0	95.0	23	1
103	103	86	83	87	92	80	101	85	87	110	105
HDB	83.0	27.0	25	1
73	42	89	30	82	17	77	27	96	22
ECS	72.0	43.0	23	1
62	39	84	31	91	37	57	41	66	68	73	42
PMD	83.0	34.0	14	1
91	42	95	32	66	20	64	47	77	31	106	35
DTX	16.0	28.0	21	1
1	34	26	35	25	37	7	35	24	27	17	0
PJR	48.0	96.0	16	1
57	77	45	99	63	104	53	111	23	90
EXU	80.0	65.0	14	1
90	76	90	61	79	62	76	62	69	65
AGM	36.0	40.0	11	1
30	37	58	31	13	46	56	59	25	29
VYV	14.0	73.0	12	1
20	63	32	79	5	92	-2	52	38	64	-4	93
ZEP	97.0	18.0	0	1
65	11	101	9	111	17	112	36
NZU	6.0	71.0	3	1
6	59	-10	87	6	56	14	61	15	56	19	91	-2	91
FAS	45.0	29.0	24	1
40	50	54	41	47	10	48	37	37	8
IWL	57.0	21.0	23	1
30	24	50	42	63	19	67	0	68	18	64	24
OTF	29.0	42.0	16	1
42	56	22	38	40	20	30	55	29	36	28	35	17	54
LZD	95.0	94.0	9	1
98	94	96	85	88	114	90	80	99	94	101	98
BSF	80.0	24.0	2	1
88	35	77	15	75	-4	93	30	87	37	61	34
BUY	61.0	80.0	16	1
82	65	56	95	44	89	61	86	60	91	58	52	71	85
KCC	26.0	59.0	5	1
10	52	24	80	46	54	8	46	31	71	42	52
KVC	97.0	15.0	8	1
75	26	102	29	116	18	116	12	87	14	87	-4
EAK	69.0	83.0	21	1
59	86	89	78	68	99	62	71
GIE	92.0	10.0	13	1
74	13	112	-19	82	20	99	23	97	16
LJJ	7.0	50.0	14	1
20	33	-1	56	-16	71	25	43
RWO	89.0	31.0	22	1
86	33	104	23	79	46	108	33	70	23
FGE	13.0	83.0	0	1
1	93	24	99	18	77	10	64
BLW	34.0	16.0	17	1
59	-10	15	36	41	27	17	19	40	8
YAZ	77.0	75.0	4	1
97	82	70	96	62	71	86	66	72	62
SXS	7.0	109.0	2	1
-1	111	29	108	8	105	34	118	-12	109	-13	106
AUE	85.0	92.0	12	1
70	101	78	98	111	92	73	73	97	96
OJC	45.0	84.0	21	1
48	94	48	87	48	87	32	96	66	62	32	81
AFC	18.0	13.0	6	1
32	11	2	29	23	28	10	-17	27	18
