RCX	81.0	86.0	6	1
73	67	103	111	89	79	74	75	64	93	84	94
VEO	70.0	49.0	1	1
77	66	57	63	51	29	82	23	87	67
GEJ	15.0	36.0	23	1
26	51	13	25	20	23	35	45	-6	44	23	27	-1	37
KMA	-1.0	35.0	18	1
-12	53	7	46	4	51	-3	26	4	32	-11	6
ZGF	29.0	6.0	3	1
48	-13	12	13	33	13	46	23	20	27	5	-3	48	-12	24	2
HOG	62.0	76.0	5	1
48	81	82	90	67	78	68	61	49	70
ROB	47.0	94.0	12	1
52	98	51	76	51	103	54	75	26	99	50	117
ZYZ	72.0	95.0	16	1
77	110	88	69	59	99	63	110	60	82	87	100
VRE	2.0	30.0	13	1
-4	21	13	19	9	34	-12	22	4	56
JUN	31.0	80.0	15	1
57	73	51	62	29	61	25	65	22	103	19	91	30	103	19	87
CEA	81.0	77.0	8	1
67	101	88	83	72	55	87	85	92	65
MRW	21.0	52.0	19	1
41	37	9	64	9	66	49	61	2	38	2	42	36	57
LVS	30.0	85.0	8	1
48	86	37	67	13	104	49	88	23	76	11	90
