HFM	63.0	68.0	8	1
65	68	71	98	59	63	51	69	92	74	55	52	63	70	48	52
EMB	84.0	54.0	2	1
82	41	81	52	105	76	75	59	77	45
ZUE	82.0	56.0	3	1
91	69	71	50	94	65	106	65	73	41	72	54	67	50
SVB	59.0	85.0	4	1
77	75	33	96	59	91	49	92	79	72
MTB	97.0	74.0	7	1
79	56	108	71	108	77	109	86	105	81	110	65	84	75	79	88
KBG	43.0	41.0	5	1
42	62	27	42	69	32	32	48	46	23
QZB	28.0	29.0	3	1
16	20	31	24	34	41	26	20	37	45	25	26
RXR	77.0	16.0	7	1
93	11	71	21	83	6	61	2	76	26	78	32
CHO	96.0	74.0	6	1
101	56	116	85	117	96	88	88	82	69	74	55
CXX	31.0	62.0	2	1
34	45	47	69	15	88	30	48
DZJ	19.0	106.0	7	1
32	91	33	114	34	97	-6	102	23	113	1	120
SJQ	34.0	54.0	9	1
53	57	23	50	25	31	33	78	36	57
HFG	7.0	21.0	8	1
5	24	12	32	26	9	-9	35	1	9
MWD	1.0	73.0	9	1
-12	71	-5	67	11	48	-3	89	16	93
RLJ	22.0	17.0	4	1
22	14	19	5	39	17	27	31	31	27	-1	10
CRG	12.0	39.0	8	1
33	59	-5	26	35	48	-2	36	17	47	14	43	-5	18
SAS	37.0	66.0	7	1
51	64	44	48	21	81	32	74
JUX	70.0	23.0	10	1
74	38	72	9	89	7	53	28	81	47	73	11	48	22
DXR	55.0	37.0	8	1
50	64	54	21	59	42	50	28	63	30
FYT	15.0	86.0	3	1
7	58	9	98	34	98	4	92	23	88
TVY	35.0	63.0	5	1
62	45	53	56	20	60	14	67	29	89
MZT	11.0	63.0	9	1
11	55	24	57	19	90	-9	52
RSE	69.0	75.0	9	1
89	57	48	79	67	81	91	65	52	95
NVA	93.0	48.0	8	1
94	29	80	39	74	55	103	57	114	61
LXH	24.0	92.0	8	1
44	76	10	92	23	87	20	115
DVM	22.0	44.0	9	1
43	33	10	35	20	69	35	43	3	42
MCJ	84.0	31.0	4	1
72	49	70	37	94	1	84	36	104	32
LEH	8.0	21.0	9	1
16	27	15	9	-20	-1	6	35	24	37
FVM	62.0	23.0	3	1
58	23	76	12	43	35	71	25
ZRQ	-2.0	38.0	8	1
-6	34	-21	29	-9	58	19	35	7	36
XDL	99.0	88.0	9	1
76	74	118	100	93	107	109	71
JDE	15.0	76.0	9	1
19	71	1	71	9	71	36	91	9	72	18	80	19	81
YDJ	76.0	92.0	5	1
72	89	83	100	67	78	84	102
NVX	46.0	33.0	7	1
36	29	58	19	22	55	59	29	41	46	61	24
QPB	16.0	30.0	8	1
17	13	15	36	-7	39	32	40	17	8	20	37	21	39
ROA	60.0	54.0	7	1
83	50	57	60	75	60	48	41	38	56	70	37	54	75
IGY	7.0	25.0	6	1
-9	10	35	42	14	6	-9	31	6	36
TMT	55.0	83.0	7	1
71	71	61	92	51	109	71	87	47	75	32	69
CMU	35.0	-2.0	6	1
31	8	19	-10	43	1	34	-3	46	-14	52	6	25	-6
TIZ	93.0	91.0	9	1
81	98	88	83	94	111	110	84	82	82	99	92	90	92	102	92
HFO	73.0	54.0	5	1
55	71	50	47	93	68	91	41	76	47
CUT	36.0	75.0	3	1
54	89	20	77	52	79	18	58
XQA	7.0	86.0	2	1
7	83	29	104	-13	66	2	96	-6	86	0	63	36	108
RAM	44.0	56.0	9	1
44	38	52	74	61	53	17	49	38	66	60	39	42	73
PYC	12.0	27.0	9	1
24	37	-10	42	2	16	1	7	31	46	25	38	-1	25	26	12
KRJ	43.0	43.0	10	1
52	55	36	48	44	49	55	38	34	29	37	40
YIF	81.0	25.0	1	1
74	49	91	19	104	8	68	14	88	11	64	53
IJK	5.0	65.0	7	1
-9	77	26	63	-6	82	17	50	0	54
IZK	49.0	6.0	5	1
37	23	71	11	49	-12	41	2	51	-10	48	24
AVR	56.0	84.0	3	1
74	87	47	96	72	84	54	78	43	62	52	93	52	92
