ALP	23.0	28.0	10	1
11	28	39	33	20	44	25	9
IPC	84.0	51.0	9	1
100	54	63	45	84	86	61	41	105	54	87	37	90	46
CID	31.0	80.0	5	1
56	66	41	101	32	76	12	107	28	61	17	72
IET	105.0	87.0	1	1
105	74	111	86	101	108	104	83
IHX	84.0	86.0	4	1
66	114	84	77	100	78	86	77
SLN	56.0	80.0	4	1
72	79	35	69	60	70	65	103	52	79
KWB	78.0	58.0	2	1
90	65	75	53	69	52	64	47	93	74
ZVP	95.0	86.0	9	1
94	99	97	82	108	74	108	64	91	90	96	100	76	95
FEJ	76.0	98.0	8	1
79	122	63	77	59	89	68	80	99	111	78	92	76	124	92	92
JKJ	0.0	19.0	5	1
17	36	-12	15	11	13	-13	16	19	25	-23	14	-10	-3	8	37
VXU	63.0	72.0	10	1
58	97	73	78	42	83	47	51	71	60	53	64	78	60	86	86
UIH	42.0	38.0	7	1
30	35	60	39	23	44	46	10	61	49	23	37	54	56
JJN	57.0	18.0	7	1
48	6	54	34	70	22	41	5	70	42	54	14	63	3
MOF	66.0	49.0	7	1
77	26	50	29	82	30	81	64	53	66	70	58	51	57	68	68
OEY	62.0	12.0	5	1
77	17	42	12	71	16	41	2	70	31	71	-1
YQT	16.0	15.0	1	1
33	-14	20	27	15	21	15	26	1	19
DWD	97.0	26.0	7	1
89	45	100	24	109	23	99	2	72	36	121	32	93	20
OVK	55.0	25.0	1	1
43	34	65	21	45	14	69	33
DKA	71.0	81.0	7	1
58	92	68	92	86	66	64	72	80	87
JWK	87.0	9.0	6	1
81	26	107	2	68	2	94	20	68	-17	109	23
KLH	80.0	30.0	4	1
92	33	73	55	79	21	102	13	93	42	63	10	76	24	64	44
UKD	37.0	95.0	1	1
40	119	45	100	32	84	29	78	24	84	33	113	57	89
QGH	23.0	86.0	9	1
12	112	8	91	17	89	52	78	37	83	14	77	11	72	34	93
