FSU	19.0	-6.0	22	1
25	8	-2	-10	40	-10	13	-17	13	-15	28	7
SZL	15.0	15.0	6	1
35	30	21	29	6	5	-9	9	23	-10	17	32
KEN	31.0	103.0	11	1
44	115	21	109	36	101	17	83	39	109
XTJ	89.0	90.0	11	1
81	75	99	88	102	102	92	73	71	114
VOD	36.0	5.0	13	1
37	2	34	2	24	14	52	15	55	-5	15	7
IVX	0.0	47.0	22	1
23	59	-20	20	-16	59	-4	18	19	62	-16	52	15	64
AXM	46.0	20.0	4	1
61	18	58	40	53	23	29	13	57	22	50	18	31	-3	32	29
RLG	92.0	15.0	3	1
96	27	96	21	84	25	93	-12
FUZ	80.0	21.0	10	1
79	27	94	9	57	20	88	12	89	32	98	33	55	14
KAH	71.0	33.0	5	1
74	34	79	43	91	35	47	19	68	38
RMV	55.0	76.0	21	1
45	83	47	77	63	93	54	73	66	57
ZCL	28.0	14.0	0	1
21	5	22	15	41	3	29	32	27	17
DTA	68.0	64.0	15	1
69	42	83	49	90	81	45	67	48	75	62	77	67	61	80	67
VEG	3.0	27.0	7	1
-8	42	1	4	21	22	1	42
MRL	97.0	43.0	4	1
70	25	103	26	101	49	102	57	110	60
JPL	95.0	79.0	22	1
103	72	71	75	98	94	115	95	85	68	98	75
MSW	65.0	15.0	3	1
64	6	91	24	52	5	53	26
OBP	81.0	56.0	19	1
96	41	87	78	90	46	101	79	58	64	96	49	62	53	60	44
RZM	9.0	78.0	11	1
5	94	10	64	31	78	-4	73	6	82
QIZ	65.0	55.0	7	1
57	44	79	55	45	53	73	62	72	62
NGV	12.0	27.0	14	1
6	43	26	39	25	11	-18	33	30	35	4	1
KTG	17.0	86.0	20	1
-8	73	25	103	19	79	33	75	32	98	28	95	18	94	-6	73
SAN	4.0	-5.0	15	1
-13	9	-5	-23	-4	-12	24	-6	19	5	6	-6
ARH	22.0	5.0	14	1
21	0	29	12	45	11	-2	-15	19	18
