WFK	86.0	39.0	3	1
64	17	74	58	98	53	102	55	100	20	84	40	83	33
HTR	50.0	5.0	9	1
59	15	27	21	47	28	58	5	64	-11	32	-7	44	1	69	-5
INR	40.0	95.0	9	1
26	90	37	105	54	95	34	99	29	67	51	94	51	107	41	104
LQC	4.0	43.0	0	1
5	56	1	40	26	41	19	57	-17	23	15	56	-18	34	6	44
NPU	35.0	2.0	9	1
21	21	47	18	42	-18	34	2	34	-16	28	15	48	-10	29	6
IQC	20.0	57.0	9	1
17	51	19	69	-3	39	15	66	25	75	35	71	24	60	35	28
UDZ	51.0	81.0	1	1
32	60	56	105	76	64	64	106	42	86	38	66
DBA	78.0	43.0	8	1
81	44	97	47	84	57	76	32	84	31	62	56	62	36
BBM	95.0	15.0	5	1
109	5	82	14	91	22	101	11	102	6	111	30	73	23
FGG	37.0	90.0	5	1
27	90	27	87	51	89	33	92	48	93
ZUQ	88.0	52.0	7	1
87	46	84	43	64	52	89	59	99	77	101	55	97	35
DXG	47.0	49.0	8	1
35	45	32	44	31	64	64	34	73	59
YXV	55.0	1.0	2	1
46	-8	29	8	68	6	67	-13	70	12	51	5
EOA	44.0	20.0	2	1
61	26	32	31	53	-1	33	30	45	16
UAM	24.0	77.0	6	1
35	79	13	85	13	64	31	87	35	68	28	65	24	91	14	81
YMZ	9.0	7.0	5	1
4	-7	6	-4	29	7	-5	31	-13	8	12	2	32	15
BOP	73.0	46.0	4	1
67	61	85	31	83	38	76	65	56	35
RXI	73.0	82.0	6	1
47	92	94	59	73	65	89	103	62	95
PMD	29.0	62.0	5	1
15	75	49	66	16	57	19	42	48	74
AQD	52.0	54.0	7	1
71	34	47	74	36	60	47	62	55	65	59	30
GGK	64.0	21.0	10	1
49	25	43	14	78	18	73	25	68	1	47	28	88	33	67	24
HJB	62.0	11.0	4	1
52	30	57	5	55	13	62	7	87	0	60	13
SDM	60.0	45.0	3	1
54	56	60	52	44	23	83	50
RGW	73.0	22.0	4	1
92	-3	55	21	67	34	78	23	46	30	81	34	93	19
YPV	67.0	98.0	1	1
84	110	70	72	61	119	55	94	70	107	63	87
XHT	77.0	68.0	5	1
94	64	75	95	93	60	63	64	64	61
QLT	51.0	22.0	7	1
32	38	65	26	59	19	62	3	43	9	50	32	51	31
LFR	-3.0	95.0	9	1
8	71	4	108	8	81	-14	91	-9	102	-15	113	-7	105
