ANT	46.0	45.0	4	1
60	39	44	33	44	39	37	61	47	55
RTV	21.0	82.0	7	1
12	74	9	67	33	104	30	86
PUC	61.0	67.0	1	1
59	65	46	68	52	73	78	47	74	83
DQA	13.0	43.0	1	1
9	47	29	35	-2	53	30	29	17	22	9	68	4	50
XRN	66.0	72.0	3	1
80	56	63	85	46	94	55	64	86	63
RYP	39.0	39.0	8	1
41	39	28	57	57	37	38	46	37	58	40	18	36	19
KAE	97.0	16.0	6	1
100	17	95	9	101	12	94	27
YLF	54.0	105.0	1	1
55	82	77	110	47	123	63	100	32	112	52	104
BSF	0.0	26.0	2	1
3	27	25	30	-3	22	-14	7	-10	38	-15	34	13	25
KGZ	44.0	39.0	1	1
42	36	46	49	45	30	32	40	59	44
QWI	23.0	41.0	1	1
30	51	5	50	46	43	18	50	43	29	1	26
BJS	62.0	34.0	4	1
68	16	80	40	42	11	68	32	60	36	41	44	77	56	63	37
RWY	5.0	5.0	5	1
4	-1	21	-9	-2	24	14	1	-12	10
XYB	30.0	66.0	8	1
14	48	48	87	36	53	25	78
NVW	58.0	7.0	4	1
61	20	57	27	73	15	78	-17	43	5	41	-6
DTS	2.0	17.0	7	1
6	28	-17	20	7	21	16	39	-19	28	-9	-3	12	-3	23	8
ZSR	92.0	27.0	2	1
105	20	88	47	94	35	85	9	76	41	94	32	105	8
PBN	37.0	81.0	9	1
47	83	47	79	34	68	6	88	45	83	43	86
DWB	7.0	-1.0	1	1
17	-2	0	-11	16	-11	-5	17
ICP	23.0	5.0	7	1
43	24	18	-5	10	-9	31	-7	17	26
TNC	45.0	31.0	6	1
41	34	25	29	65	25	49	22	47	46
MJD	21.0	88.0	1	1
33	110	9	84	25	74	3	69	33	98	15	105	32	76
LRK	58.0	67.0	9	1
58	71	63	83	38	52	45	57	73	82	73	57
EMZ	36.0	4.0	10	1
16	8	17	27	53	17	51	-10	48	-4	35	-9
HWS	68.0	6.0	3	1
71	30	60	-14	59	-8	55	-1	76	7	89	25
FUM	89.0	70.0	4	1
67	66	105	62	92	83	110	93	77	83	90	63	71	49	107	65
VNK	103.0	49.0	4	1
113	76	97	50	94	53	93	33	111	69	119	39	94	27
VPG	81.0	101.0	2	1
96	77	81	88	86	105	91	117	54	118
ADG	66.0	33.0	8	1
45	39	69	36	72	30	71	46	74	11	55	44	81	25
DFX	83.0	51.0	1	1
85	40	69	67	64	41	104	66	104	44	76	53
WCD	74.0	38.0	7	1
81	30	82	47	84	50	55	30	71	37
PGF	90.0	18.0	4	1
103	8	92	31	63	21	84	14	110	19
MTC	65.0	94.0	1	1
69	99	83	106	67	110	76	69	54	77	42	104
GRW	14.0	84.0	0	1
7	90	40	99	7	91	6	88	-2	75	27	65
VTX	87.0	38.0	6	1
90	45	105	22	73	30	98	61	103	25	70	65	70	19
CTU	71.0	-3.0	4	1
59	-19	71	4	94	-9	78	3	84	-14	59	-15	60	21	69	-2
KVH	7.0	89.0	8	1
6	80	-2	100	32	89	-7	92	8	84
LDK	30.0	84.0	10	1
42	93	31	88	35	75	20	98	22	68
SIL	3.0	26.0	8	1
-2	12	2	31	-4	12	-10	45	31	34
