TJZ	-7.0	103.0	17	1
-15	112	0	104	-9	113	-5	86
VXF	44.0	46.0	6	1
68	28	44	64	35	40	25	53	47	37	49	55
SQI	18.0	12.0	18	1
29	1	27	10	13	33	-2	12	25	16	17	18	21	-2
QPF	48.0	29.0	13	1
52	41	30	11	50	34	66	34	57	49	42	5	57	30	33	33
FXZ	2.0	60.0	24	1
0	81	1	57	-6	47	13	58
PDC	1.0	57.0	20	1
-17	86	-9	44	20	76	18	51	16	53	-5	48	-14	46
IQN	9.0	79.0	6	1
28	72	12	79	5	88	-5	91	5	67
XUQ	30.0	20.0	24	1
50	10	26	28	12	26	29	19	46	26	40	7	11	29
KOP	15.0	52.0	15	1
-1	38	44	70	8	32	29	44	-3	65	12	49	16	66
VDY	11.0	70.0	14	1
-9	88	7	41	29	76	23	66	9	83
KRL	86.0	94.0	0	1
75	80	105	89	87	81	75	103	100	95	71	112	95	103
MVM	46.0	97.0	13	1
59	75	45	108	41	97	40	108
SSY	7.0	15.0	14	1
23	25	-3	15	-12	23	11	-5	20	18
KUU	96.0	99.0	3	1
105	111	97	99	100	92	81	113	100	84
STE	84.0	7.0	8	1
104	-10	75	3	105	17	71	19	65	6
WXZ	67.0	2.0	11	1
58	-2	89	-14	71	9	74	21	46	-6	59	22	76	-12
OUT	88.0	43.0	8	1
75	42	117	33	75	54	92	34	85	53
EKX	25.0	74.0	9	1
30	57	13	89	11	63	49	87
VIW	15.0	5.0	22	1
22	31	3	-3	22	-14	1	-9	31	10	12	26	14	-1
OBL	95.0	85.0	1	1
101	69	81	69	98	116	100	88
WVJ	87.0	95.0	12	1
83	98	107	99	65	68	88	109	96	105
LLI	77.0	70.0	1	1
86	59	93	72	84	59	84	81	63	67	50	78	84	79
ECZ	44.0	0.0	18	1
23	13	68	-2	46	-18	44	-10	31	-15	50	13	50	17
KZN	54.0	26.0	4	1
59	16	47	30	64	35	57	28	47	24
ODT	78.0	12.0	19	1
85	24	78	1	85	26	54	18	88	-5
GXZ	45.0	-2.0	12	1
15	-6	62	-11	60	10	43	-1
BKA	95.0	60.0	8	1
74	82	119	57	110	50	84	50	114	48	74	74
AZV	21.0	86.0	5	1
0	74	11	97	40	80	36	73	21	108
WTW	54.0	50.0	11	1
75	50	64	36	53	65	71	72	51	53	40	56	44	37	41	33
ZRN	12.0	56.0	15	1
28	42	26	66	20	52	-20	59	7	61
YSI	72.0	55.0	9	1
77	48	93	69	51	30	58	62	87	67	66	56
JIB	94.0	95.0	10	1
101	103	92	109	97	68	71	112	98	97	109	84
BUT	7.0	0.0	23	1
36	20	-8	-16	-8	-20	-1	-7	36	14	-10	9
CBF	85.0	42.0	16	1
82	24	92	44	101	43	69	27	72	58	94	58
