QFI	10.0	33.0	11	1
-3	34	17	38	-3	33	31	30
QCQ	84.0	20.0	7	1
91	7	56	5	89	23	70	31	80	33	103	7	100	37
TCF	21.0	44.0	20	1
36	41	12	32	24	35	26	45	8	60	9	41	31	50	27	54
PAZ	16.0	80.0	10	1
36	70	20	87	25	79	-3	82	2	67	17	96
PQM	73.0	31.0	24	1
84	42	51	44	86	38	87	20	83	-1	74	43	50	19	72	46
XYX	17.0	90.0	14	1
-13	85	28	87	16	83	20	87	24	106	20	96	24	88
XOX	57.0	31.0	22	1
70	16	67	38	53	31	60	33	59	14	38	57
JRL	51.0	71.0	18	1
36	80	50	61	59	65	29	81	60	74	72	66
CCD	49.0	31.0	3	1
60	17	54	32	36	56	38	40	58	10
UXQ	30.0	8.0	14	1
48	18	17	22	36	-18	21	-9	19	18	36	20	24	24	46	-8
HNG	41.0	17.0	5	1
57	-11	17	27	58	19	42	25	22	33	58	-4	46	32	35	20
BBZ	34.0	62.0	7	1
44	47	19	56	59	51	41	79	10	77
