RVJ	58.0	7.0	5	1
52	-7	62	21	37	26	79	1	80	8	50	14	49	-9
LHN	46.0	102.0	25	1
40	97	36	123	36	109	46	100	63	86	63	87	41	112
UIW	93.0	76.0	24	1
97	53	104	84	112	68	79	66	86	93	80	81	116	79	75	84
XYV	25.0	27.0	13	1
26	50	1	13	33	14	41	34
YRG	56.0	10.0	21	1
56	15	58	13	37	25	64	-4	65	12	65	21	50	-8
NOY	6.0	48.0	5	1
-13	41	22	51	-4	37	20	45	27	64	-12	52
JFO	72.0	32.0	10	1
82	31	90	44	85	30	50	45	57	10
WOJ	80.0	5.0	1	1
65	5	84	-1	94	-13	74	27	62	-2	95	27	86	-8
QEB	36.0	37.0	19	1
41	20	27	23	17	64	37	36	52	31	27	23	56	64
GPR	58.0	73.0	25	1
45	47	75	55	55	92	54	82	65	89
RKM	45.0	92.0	11	1
48	110	52	105	32	91	33	73	39	86	43	101	73	82
ZIG	52.0	65.0	0	1
22	87	67	82	50	55	67	40	57	79	50	49
UBS	53.0	37.0	22	1
44	35	51	57	48	34	64	30	59	30
THH	40.0	43.0	17	1
27	18	36	51	36	30	56	58	47	61
YWT	92.0	68.0	24	1
99	89	101	52	82	76	101	50	104	58	65	86
FKR	26.0	17.0	12	1
28	1	27	19	42	42	-3	10	31	37	12	7	39	12	33	10
EAJ	40.0	48.0	8	1
33	56	33	44	14	60	55	63	57	41	49	41	45	33
FVQ	22.0	48.0	3	1
41	33	18	60	10	35	19	52	14	67	25	56	28	46	28	39
NMR	23.0	92.0	25	1
38	96	8	104	30	109	30	104	29	91	-7	79	34	66
VOU	33.0	71.0	23	1
41	76	44	62	39	53	46	73	16	68	31	85	15	80
FFX	69.0	28.0	16	1
60	42	81	17	60	39	77	16	69	29
OMN	63.0	59.0	1	1
56	76	49	51	80	32	81	74	53	73	61	76	63	34
ZVX	86.0	43.0	13	1
87	39	79	37	80	55	90	42	100	53	80	36
JCV	3.0	51.0	11	1
-1	37	17	40	7	57	6	46	-17	63	9	66
RNN	90.0	35.0	22	1
83	19	98	37	62	17	102	54	99	26	87	56	87	34	102	40
ZQW	35.0	45.0	0	1
17	47	47	52	44	36	32	34	24	35	55	68	29	47
XPO	85.0	72.0	25	1
69	78	103	59	82	69	96	68	78	89
FTV	101.0	65.0	12	1
100	69	118	59	89	60	91	58	115	81	107	44	102	71	86	82
HYR	14.0	90.0	8	1
2	81	9	83	34	98	8	96	33	93	-2	89
MEE	25.0	8.0	2	1
30	25	38	-8	34	2	21	5	15	-1	13	27
AFI	21.0	76.0	19	1
29	87	32	77	22	78	5	71	17	70
ZVK	21.0	6.0	9	1
8	18	50	-24	22	24	14	-2	13	18
QRW	51.0	37.0	24	1
58	41	69	21	58	46	59	46	27	54	39	22	53	31
NFW	59.0	24.0	5	1
77	40	39	12	66	49	44	4	82	41	46	8	61	19
GQB	18.0	32.0	10	1
17	16	-3	43	35	48	29	45	38	18	25	46	0	23	7	19
GDP	86.0	89.0	2	1
67	78	68	102	99	93	99	87	71	97	91	73	108	96
MRM	98.0	40.0	15	1
104	52	99	59	104	27	85	45	94	33	104	28
BQQ	66.0	11.0	1	1
59	1	87	-2	80	7	41	7	70	11	54	22	71	35
XLK	64.0	37.0	9	1
66	34	76	50	55	53	79	21	47	30
EAN	27.0	87.0	24	1
18	102	31	80	40	101	13	68	35	87
VYV	15.0	40.0	5	1
22	26	2	66	9	59	27	20	19	29
