ENF	45.0	73.0	8	1
53	64	60	73	64	87	45	94	22	60	33	80	43	59
OZC	65.0	33.0	16	1
78	33	67	27	57	20	48	53	69	40	64	31	70	47	67	15
TPU	43.0	88.0	18	1
41	80	43	77	30	93	47	73	57	117
FMF	23.0	71.0	23	1
22	54	34	56	28	87	-4	61	21	80	35	62	26	98
SHX	31.0	56.0	24	1
27	48	45	80	38	39	7	45	41	71
PWB	65.0	58.0	22	1
47	62	90	63	55	41	76	76	77	63	48	43
VGR	28.0	61.0	14	1
59	47	12	53	26	76	16	70
CHZ	90.0	7.0	18	1
97	-5	95	16	88	-3	82	21
SNU	17.0	88.0	15	1
11	67	0	87	29	99	28	103	17	88
JDZ	20.0	42.0	16	1
39	58	29	61	0	40	-3	20	11	50	37	26	28	45
XCK	92.0	85.0	10	1
90	106	94	75	77	108	106	69	97	92	109	79	72	71
BZV	8.0	10.0	0	1
15	19	22	11	16	17	9	9	-19	-4
XIY	59.0	47.0	4	1
64	66	41	67	48	43	69	55	61	25	81	23	49	54
ANA	49.0	100.0	15	1
46	90	54	107	52	96	34	116	76	107	35	84
MZF	98.0	28.0	15	1
100	24	111	31	111	21	71	36
HQF	11.0	93.0	23	1
25	72	4	86	9	93	2	113	-3	99	13	116	28	75
ZSU	47.0	20.0	12	1
61	35	55	4	38	8	44	19	36	34	37	14	62	28
DKF	-10.0	68.0	18	1
-3	65	-2	52	-13	87	-24	77	-11	56	-23	84	5	61
GJE	68.0	-1.0	12	1
42	-11	66	-6	85	11	80	-21	76	11	64	7
KCM	59.0	72.0	12	1
41	59	63	90	65	54	66	69	55	80	80	61	66	90	36	75
NJL	20.0	78.0	15	1
14	90	26	80	21	58	24	91	5	86	31	63
NDR	22.0	30.0	6	1
13	44	23	16	24	51	29	16	25	26	19	31
RPQ	27.0	57.0	23	1
10	41	28	44	32	64	54	70	25	58	14	65
VHS	13.0	35.0	9	1
6	20	-10	17	10	42	10	51	7	58	36	28	37	31
TST	83.0	85.0	9	1
103	90	90	74	76	80	85	74	65	108
KWC	66.0	22.0	6	1
53	34	93	14	63	38	62	34	60	-6
ZAB	33.0	31.0	5	1
24	18	26	21	51	39	33	59	33	20
DDB	59.0	103.0	4	1
68	116	36	76	58	103	63	114	66	109	63	104
TRY	11.0	60.0	2	1
13	79	31	70	-12	45	14	49
RBV	59.0	14.0	2	1
68	14	66	31	65	-5	43	30	54	4
FIN	30.0	12.0	9	1
29	39	28	26	27	-1	27	-5	41	3
