MZF	69.0	23.0	7	1
55	24	88	32	64	36	72	27	69	-3
ZUP	75.0	45.0	1	1
77	31	77	53	88	46	70	74	65	30	74	40
OPD	98.0	47.0	2	1
77	33	76	50	93	46	107	55	120	55	94	23	111	51	107	64
EQZ	6.0	56.0	9	1
25	69	3	56	-6	33	-5	70	10	76	18	66	6	45	0	34
HPT	36.0	77.0	0	1
37	69	30	93	50	93	48	87	17	65	19	70	45	56	48	90
WRI	65.0	19.0	7	1
68	-10	55	7	84	33	66	25	56	30	67	30	63	7	65	37
PEK	62.0	87.0	2	1
66	72	46	109	78	90	71	100	68	79	46	75
VUF	101.0	74.0	7	1
94	84	113	48	101	90	79	83	107	49	115	92
HNQ	68.0	60.0	0	1
76	52	77	45	63	84	69	84	71	61	48	57	68	56	76	45
ANQ	73.0	87.0	0	1
54	78	59	86	91	83	59	97	62	104	90	99	91	70	84	80
BRE	62.0	101.0	6	1
72	96	48	85	55	120	82	104	53	100
BFH	55.0	17.0	9	1
51	22	74	1	40	0	76	43	58	10	36	26
MWJ	27.0	19.0	3	1
47	20	28	27	45	32	2	28	16	-8
ZBF	80.0	33.0	7	1
88	46	73	52	73	25	66	40	87	15	70	24	100	21	85	47
ZTN	19.0	7.0	2	1
19	8	-6	-3	25	28	32	14	16	0	28	-2
SVJ	104.0	41.0	3	1
81	31	119	62	120	43	99	28
VPB	34.0	35.0	7	1
25	22	23	22	45	44	45	54
EIB	87.0	81.0	6	1
89	106	95	76	104	92	79	61	91	79	75	69	62	94	106	73
LFD	42.0	81.0	7	1
38	87	43	68	41	97	51	71	48	59	44	98	31	90
QWW	78.0	15.0	9	1
88	41	79	15	58	0	90	5
RPM	11.0	44.0	5	1
1	26	-5	41	7	59	44	50
HKZ	43.0	63.0	2	1
37	67	43	51	29	52	48	79	58	69
IBV	47.0	98.0	0	1
62	106	35	86	56	86	47	92	50	105	37	115
CTH	36.0	92.0	9	1
35	89	36	114	19	95	30	83	48	94	52	81
BBU	94.0	83.0	9	1
73	77	113	85	107	66	99	91	79	96	77	88	114	79
WOK	60.0	81.0	4	1
63	80	81	107	40	80	40	70	49	82	75	70	46	74	88	88
KIQ	54.0	8.0	1	1
47	-1	48	30	54	19	70	-14
KSF	59.0	5.0	8	1
87	2	49	16	72	-9	48	0	63	37	45	-10	55	3
RGJ	40.0	65.0	1	1
47	81	44	81	23	43	41	79	49	38	40	72
ALB	88.0	42.0	9	1
71	51	110	52	109	58	71	38	99	12	71	45
PPV	27.0	82.0	5	1
29	90	20	80	47	100	14	62	5	97	23	70	42	83	39	76
AOO	63.0	47.0	9	1
87	60	88	50	53	38	42	54	48	29	67	57	61	42
LJH	13.0	23.0	5	1
23	20	24	26	27	21	2	26	11	18	7	25	0	25
