CGV	17.0	67.0	7	1
15	77	7	51	41	51	0	85	7	48	33	90
IQI	31.0	28.0	2	1
43	42	22	13	10	28	46	39	31	3	34	45
XFS	7.0	50.0	2	1
11	23	21	66	8	52	-5	23	11	65	11	70	-3	51
OON	100.0	25.0	6	1
89	15	91	34	112	17	119	43	107	45	85	11	100	13
NOU	83.0	45.0	2	1
86	53	76	52	78	46	88	55	87	20
FMQ	91.0	42.0	4	1
77	63	88	38	112	60	99	30	83	21
LTX	78.0	26.0	5	1
63	43	86	7	97	46	68	11
UXU	27.0	77.0	6	1
20	78	2	66	23	96	44	88	41	59	37	80
TKK	71.0	15.0	2	1
85	39	66	27	60	7	93	8	53	-5
VCL	10.0	44.0	2	1
14	46	7	65	28	46	-14	53	23	20	7	37
TRE	82.0	79.0	5	1
91	101	89	86	100	62	66	95	75	62	75	70
HOH	95.0	82.0	9	1
109	74	103	66	82	95	93	100	71	58	116	101
FEM	97.0	22.0	6	1
109	27	87	26	116	3	69	15	108	39
DTB	39.0	66.0	3	1
54	54	35	64	40	79	22	74	46	78	54	41	27	72
ZGL	89.0	74.0	5	1
91	78	73	61	72	63	113	69	109	98	80	77
PHA	17.0	63.0	6	1
2	79	5	61	24	49	8	81	27	69	33	59	25	48
YLU	56.0	101.0	4	1
59	75	62	95	51	122	64	111	33	110	65	86	67	102	49	114
XYS	76.0	53.0	9	1
86	39	76	39	79	85	72	42	58	50	67	66	95	52
QQD	32.0	83.0	5	1
16	88	30	61	51	82	47	95	23	86	28	89
FAY	18.0	97.0	2	1
10	71	29	113	4	101	30	105
TPJ	45.0	109.0	8	1
29	107	43	122	67	117	29	84	59	116
ROG	63.0	47.0	7	1
54	59	80	29	56	42	51	70	76	38
QHP	1.0	100.0	8	1
10	114	-12	112	16	101	-14	91	16	92	0	85	-11	110	5	97
ZGG	34.0	25.0	7	1
38	15	23	56	40	38	23	8	30	17	50	9	34	32
XAC	42.0	35.0	9	1
50	44	15	41	50	20	55	37
FBL	67.0	41.0	2	1
82	54	84	46	50	42	63	24	45	40	57	34	88	52
OTK	82.0	13.0	7	1
94	26	81	2	74	1	85	31	87	26	74	-4
PUA	71.0	24.0	1	1
90	43	59	26	59	11	81	31	81	12	59	26	74	38	65	5
XNO	35.0	93.0	7	1
14	92	43	88	31	110	52	81	37	95
XDT	9.0	19.0	8	1
22	12	-10	37	-8	14	28	-4	15	37
TYF	21.0	68.0	7	1
13	45	29	79	32	83	22	57	10	77
UJN	90.0	54.0	3	1
75	41	99	61	94	49	104	62	83	63	87	53
MOA	53.0	28.0	0	1
48	55	56	8	60	55	59	6	62	32	32	38	59	11	52	24
AII	53.0	78.0	9	1
58	53	61	97	46	90	60	88	49	84	47	57
ODE	39.0	2.0	6	1
57	-11	32	11	45	6	25	2
RCP	44.0	69.0	5	1
60	83	56	59	18	71	35	70	54	65
XFI	37.0	33.0	0	1
55	46	26	24	16	47	52	18
WPC	65.0	2.0	9	1
65	-3	74	-8	50	34	62	-4	76	-6
QYF	57.0	46.0	5	1
76	38	52	70	76	31	56	41	46	39	48	65	46	43
GMR	44.0	71.0	9	1
38	81	39	67	69	72	37	65	39	71
CXZ	68.0	66.0	5	1
68	40	93	54	49	73	60	75	73	67	73	76	77	73	56	74
ZYN	17.0	38.0	8	1
16	45	16	58	0	37	33	21	32	28	9	41
OFF	26.0	31.0	8	1
40	42	-1	40	41	19	42	23	34	39	12	15	2	36	45	39
XXD	13.0	36.0	6	1
32	42	-4	52	-5	13	27	39	22	54	14	9	6	49
AUK	9.0	13.0	6	1
3	8	15	-2	26	17	11	-1	-7	-2	11	40	-7	37	22	13
ARU	32.0	76.0	6	1
57	70	18	61	16	82	15	71	46	89	23	97	54	63
ZKX	101.0	78.0	6	1
96	66	120	73	95	83	101	84	89	92	106	72
