NCH	59.0	21.0	4	1
78	28	63	12	58	11	55	21	61	21	41	35
WZX	12.0	87.0	10	1
-8	104	-1	88	-11	94	3	86	34	72	36	103	31	62
CVK	8.0	48.0	6	1
-7	52	2	62	24	38	-21	47	21	68	23	36	20	39
UAO	46.0	4.0	2	1
62	0	60	11	49	4	60	-14	57	5	19	16	20	7
FHC	76.0	7.0	3	1
78	6	89	3	74	27	65	-7
GAU	96.0	4.0	3	1
89	-3	93	22	104	-1	101	1
OFF	47.0	15.0	8	1
53	30	46	3	46	14	44	14
TRW	37.0	30.0	9	1
37	14	53	32	18	46	24	31	43	15	62	46	18	34	42	24
DYW	33.0	9.0	3	1
34	3	20	3	40	30	37	12	42	-9	27	17
SFW	64.0	38.0	1	1
69	20	42	41	56	53	82	28	58	35	69	48	76	41
NIT	16.0	3.0	5	1
24	23	33	-9	6	-7	1	0	17	12
URD	43.0	52.0	9	1
50	41	21	42	40	61	50	60	54	59
DCT	1.0	80.0	4	1
22	102	-2	64	-18	91	-12	89	-19	59	20	57	17	99
KKU	68.0	67.0	8	1
73	91	67	54	62	75	63	57	70	72	87	71	70	55	56	64
TUE	30.0	30.0	8	1
43	22	45	14	33	43	26	59	7	16
QXY	40.0	56.0	5	1
35	71	25	59	58	50	45	46
FJU	79.0	19.0	0	1
63	1	76	28	80	14	103	26	80	30	63	19	88	20
UOZ	35.0	69.0	7	1
29	64	23	68	41	87	38	86	22	86	30	57	48	54	55	57
DVZ	35.0	77.0	7	1
14	72	35	85	16	74	46	90	56	70	43	72
XDT	31.0	21.0	9	1
55	31	31	39	11	3	47	21	23	30	21	2
PWY	9.0	90.0	2	1
-9	84	7	93	18	102	23	83
DXK	37.0	47.0	8	1
38	54	27	36	51	53	29	63	40	33
WSL	62.0	38.0	9	1
72	40	85	34	71	52	54	29	43	26	48	47
