DVA	19.0	11.0	0	1
17	10	4	19	16	6	35	20	43	11	4	2
CBD	73.0	28.0	9	1
89	38	79	31	68	17	73	37	70	13	60	35
FBH	21.0	66.0	0	1
35	68	20	95	31	63	-1	52	35	53	24	52	21	85	4	64
SMU	38.0	77.0	9	1
37	57	32	78	29	100	46	89	50	63
DKU	46.0	67.0	8	1
58	64	47	89	52	58	51	55	62	71	22	52	32	81
ZHM	26.0	68.0	8	1
26	63	41	64	26	64	12	83
WSC	95.0	7.0	10	1
82	18	99	18	104	-8	106	4	81	29	119	9	80	-16
NAG	56.0	39.0	4	1
49	37	39	51	55	46	84	22
FCK	32.0	64.0	7	1
9	87	21	44	30	44	52	71	41	56	24	71	49	81
DMF	74.0	20.0	3	1
74	4	82	39	91	34	45	28	78	32	81	7	91	5	51	15
AZD	59.0	85.0	10	1
57	66	54	99	66	83	60	93
SEL	48.0	94.0	9	1
63	105	56	93	22	70	44	95	68	106	48	87	35	108
YVE	52.0	8.0	4	1
59	15	44	28	46	5	40	-5	82	20	45	-12
AAZ	69.0	85.0	8	1
66	73	79	87	62	110	91	78	48	99	55	66	87	86
TXC	107.0	27.0	10	1
114	3	110	49	119	26	106	7	79	30	116	49
JIT	12.0	40.0	5	1
15	53	23	47	-2	40	0	33	25	29	13	50	22	35	2	33
IGO	24.0	85.0	1	1
15	96	16	105	22	101	20	73	47	74	18	73	35	79
HEC	17.0	67.0	2	1
19	53	1	78	40	41	8	87	11	88	24	59
MRC	-2.0	89.0	0	1
-12	85	6	83	-7	86	-7	91	8	104
WZV	38.0	65.0	7	1
17	53	33	64	36	75	60	77	44	56
EPQ	6.0	7.0	3	1
-3	18	16	-13	15	-1	-8	21	6	-10	1	24	21	11
