YEN	38.0	33.0	5	1
34	52	34	21	55	28	11	42	41	25	48	40	34	26	48	34
WNY	3.0	53.0	4	1
20	33	-8	79	23	69	-10	41	-18	76	-2	42	20	33
KOZ	84.0	83.0	1	1
81	89	85	66	89	82	83	96
EAJ	91.0	53.0	10	1
115	34	117	72	69	60	92	32	89	66	91	58	69	49
MFW	54.0	89.0	9	1
48	75	50	75	62	98	66	88	42	90	49	87	59	86	56	117
IKJ	17.0	22.0	0	1
44	45	7	8	19	25	5	24	10	15	23	9	11	32
ONG	29.0	90.0	3	1
3	96	26	92	45	82	22	92	42	83	40	98
NLF	52.0	79.0	8	1
70	84	66	68	55	92	36	63	37	89
SBH	11.0	100.0	8	1
33	96	1	105	-7	105	18	96
DBB	100.0	84.0	3	1
97	77	78	79	107	108	109	79	112	81
BYP	13.0	0.0	1	1
32	-12	25	11	9	17	-14	-2	33	5	-12	-18	18	3
COV	33.0	95.0	5	1
37	112	11	93	44	100	45	89	35	75	29	100	33	97
GTI	66.0	95.0	1	1
66	110	77	110	87	106	79	79	62	88	52	83	64	110	46	81
