USW	16.0	72.0	7	1
13	83	33	50	39	75	-3	93	-1	63
NCD	5.0	40.0	7	1
14	35	20	43	9	44	-10	46	-17	25	18	50
HCZ	42.0	44.0	5	1
48	32	31	37	59	54	50	28	52	59	28	56	27	47
VFR	27.0	61.0	10	1
39	74	20	49	28	58	36	56	19	44	24	60	39	65	12	83
FRO	18.0	18.0	5	1
26	12	4	14	2	20	17	6	35	6	26	30	3	45	31	14
INX	90.0	39.0	4	1
88	60	92	19	85	24	108	42	84	52	75	32	102	45
GUW	15.0	15.0	1	1
20	-5	29	19	24	30	6	29	-4	5
IAB	33.0	23.0	5	1
20	18	40	15	28	24	52	27	18	34	45	24
CKZ	10.0	54.0	3	1
32	64	16	55	15	46	-8	77	-2	53	16	43	7	45
ADH	85.0	19.0	1	1
71	-5	76	19	68	32	88	40	110	0	97	29
ECX	31.0	34.0	0	1
40	41	41	20	25	27	32	36	19	50
KHK	99.0	4.0	7	1
85	-20	119	-3	101	23	104	17	95	1	76	16	118	-5
KVW	42.0	56.0	3	1
18	62	47	73	57	55	47	36
MXG	32.0	39.0	10	1
41	38	36	20	44	31	51	67	13	44	11	39
QHO	1.0	33.0	5	1
-1	39	9	48	13	28	-14	20
