SUY	38.0	39.0	5	1
61	47	47	34	49	33	17	38	23	42	30	29	41	50
VJD	59.0	82.0	1	1
54	78	76	76	38	98	69	77	38	77	59	78	82	93
FWI	59.0	37.0	8	1
53	36	59	60	50	16	45	55	91	31	47	27	79	57	54	20
CEZ	50.0	7.0	10	1
66	5	62	21	48	0	35	-2	24	7	55	2	66	21
IRV	71.0	51.0	1	1
96	27	67	46	64	63	57	70
CMF	54.0	17.0	4	1
70	27	47	15	66	9	62	9	29	37	52	7
UGH	70.0	11.0	6	1
83	6	46	13	69	10	86	15	73	-1	64	25
SQZ	77.0	46.0	5	1
65	60	63	33	84	37	97	33	74	35	64	59	92	66
YJL	30.0	11.0	9	1
24	-2	60	14	16	31	24	-17	28	30
NNB	42.0	8.0	9	1
37	22	32	19	55	6	46	-21	56	14	31	10
VZB	88.0	55.0	8	1
79	54	90	61	100	52	83	56
JQN	84.0	25.0	3	1
64	22	95	19	65	45	86	9	110	34
NXM	57.0	88.0	3	1
75	102	46	77	37	90	73	83
SWA	52.0	55.0	4	1
75	54	49	51	47	60	43	40	36	69	64	57
QJI	39.0	42.0	2	1
59	43	49	39	34	38	46	72	36	25	33	24	14	32	45	66
KWO	88.0	91.0	8	1
69	78	85	78	105	99	78	105	107	97
KEW	27.0	24.0	7	1
36	17	35	38	32	13	5	31
HTH	93.0	83.0	8	1
74	86	111	76	98	81	89	66	94	102	76	70	109	101
JJS	64.0	97.0	3	1
54	94	57	76	66	113	78	110	67	94
OLN	57.0	22.0	2	1
76	0	57	44	57	16	54	28	45	22
UTX	95.0	29.0	0	1
115	31	102	29	75	30	109	24	102	26	106	40	80	17	74	39
ZRQ	89.0	25.0	8	1
80	30	112	12	84	3	73	20	106	46	74	25	98	40
ZDD	10.0	52.0	2	1
10	64	-4	55	-15	47	27	38	23	37	1	44	28	71	11	60
MRV	38.0	31.0	8	1
51	30	20	38	53	35	39	28	27	28
WCQ	77.0	26.0	6	1
66	14	68	35	79	39	91	42	71	19	89	10
TGS	55.0	59.0	5	1
77	55	49	69	68	69	67	47	33	50	43	63	49	60
TBH	75.0	93.0	4	1
56	84	76	73	63	116	100	91	89	102	69	94
JXZ	69.0	10.0	1	1
57	-8	94	-11	57	21	75	12	63	36
QQF	53.0	71.0	5	1
70	82	42	60	43	74	52	78	68	62	44	71
HYZ	60.0	26.0	4	1
61	40	51	47	85	17	49	20	57	7
XXR	8.0	71.0	5	1
27	60	7	99	-3	57	7	78	5	61
EZF	89.0	86.0	5	1
87	88	72	101	83	65	92	101	99	100	104	65
WJY	94.0	40.0	10	1
101	47	99	27	95	22	110	35	74	62	80	28	116	40	84	63
OCP	44.0	48.0	4	1
61	56	49	26	33	38	24	63	44	58	46	32	55	63
EGO	17.0	3.0	4	1
11	6	36	-14	30	17	-7	5
AVN	15.0	91.0	1	1
13	99	21	111	17	73	12	82
AZH	63.0	11.0	2	1
67	-16	47	-7	75	8	78	31	65	24	42	10	71	28
DYH	54.0	3.0	2	1
43	-17	50	21	52	0	55	15	63	16	64	-15
LNV	68.0	47.0	2	1
75	51	75	43	76	31	67	67	58	27	47	54	69	43	82	62
NMH	61.0	44.0	4	1
46	46	66	54	79	64	66	58	34	35	63	31	75	21
PWA	56.0	18.0	5	1
45	15	46	46	67	6	73	12	49	13
JLO	40.0	1.0	1	1
30	-14	44	-9	60	-12	46	21	36	-5	26	26
EQZ	54.0	9.0	7	1
58	9	61	4	57	14	74	10	42	23	33	-2
DAH	22.0	65.0	7	1
18	72	24	52	25	54	21	84
HHD	36.0	66.0	9	1
28	51	32	63	24	76	23	63	62	56	63	80	26	77
RQE	17.0	36.0	3	1
15	40	6	24	30	31	20	52
APP	77.0	29.0	9	1
57	10	98	42	82	34	91	43	64	36	86	20	65	13	74	40
FLY	65.0	38.0	9	1
60	34	73	41	66	42	56	48	69	46	74	22	61	39
SGC	90.0	65.0	3	1
62	75	99	51	80	58	98	58	104	65	108	78	81	76
