ZCK	27.0	35.0	6	1
49	20	22	44	13	33	39	45	10	50	36	16	13	53	40	24
YTX	83.0	5.0	3	1
80	12	84	-8	84	15	63	7	105	2
XZX	13.0	12.0	4	1
-1	28	-3	1	31	3	28	16
FHG	76.0	31.0	3	1
68	43	78	14	68	10	79	26	83	55	84	38
ZZQ	13.0	28.0	1	1
23	5	8	31	13	31	11	46
ZTS	82.0	62.0	6	1
100	74	72	56	65	74	102	50	72	62	97	79	72	44
DBB	91.0	73.0	8	1
70	80	85	80	115	63	84	92	105	53
EZN	24.0	70.0	6	1
26	75	23	83	23	85	15	47	12	59	17	82	27	52	52	79
NVE	35.0	31.0	2	1
21	19	36	55	33	28	28	10	68	56	28	23
YYV	84.0	49.0	3	1
90	66	61	34	71	59	100	56	99	33
SLE	89.0	46.0	9	1
89	28	91	53	96	38	98	54	75	68	75	33	103	49
SVY	60.0	31.0	6	1
45	29	83	31	58	9	43	51	75	36
VFA	44.0	67.0	7	1
41	83	58	66	36	39	23	87	62	63
CDH	11.0	58.0	8	1
42	71	-1	68	3	47	1	45	12	63
UQH	83.0	80.0	3	1
79	66	84	92	93	100	76	65
KCU	19.0	71.0	1	1
-4	55	39	54	31	92	36	95	19	80	-2	50
TUE	13.0	85.0	8	1
10	103	32	78	6	66	6	96
YEA	68.0	14.0	9	1
68	16	58	23	87	25	67	22	80	0	64	9	47	-4	74	21
ZWX	78.0	50.0	2	1
67	61	79	46	71	25	94	34	101	70	59	65
GKN	15.0	79.0	1	1
18	98	18	92	35	69	29	68	1	91	17	74	-8	65
SCI	11.0	74.0	5	1
22	84	3	65	26	62	3	86	-5	91	21	59
YUX	21.0	86.0	7	1
9	83	38	92	6	86	46	96	22	64	10	96
RCO	20.0	34.0	7	1
29	10	24	31	0	28	17	50	32	37	11	38	28	49
AHA	11.0	58.0	4	1
23	46	12	50	-7	70	16	69
EIZ	55.0	82.0	9	1
49	95	47	86	62	62	59	92	72	83	43	77
JDZ	83.0	82.0	4	1
100	92	101	101	72	74	89	69	77	70	65	75	73	103	90	72
FGY	84.0	0.0	0	1
104	-13	71	-2	76	9	105	-19	69	9	95	5	74	12
ZJX	88.0	17.0	5	1
83	40	86	23	92	0	106	10	74	14
FAT	56.0	95.0	8	1
44	82	39	113	61	108	56	108	83	68
DOS	61.0	30.0	10	1
75	49	55	16	52	33	61	40	49	30	78	16
FJC	62.0	20.0	5	1
55	4	62	30	53	-5	54	41	90	31
DRV	43.0	16.0	3	1
43	22	27	23	59	12	67	5	27	3	35	32
YLK	67.0	29.0	8	1
75	19	44	17	79	54	81	21	59	36
ATY	63.0	65.0	6	1
49	84	55	55	58	78	72	76	64	60	70	50	51	44	89	76
GNN	99.0	79.0	9	1
100	97	98	54	119	74	91	93	90	80
LEM	93.0	54.0	10	1
90	48	94	54	96	71	96	57	77	35	110	61
DYQ	94.0	33.0	9	1
108	20	108	58	94	15	110	36	71	38	94	46	79	22
NTN	70.0	77.0	2	1
76	62	75	67	60	67	67	95	90	85	55	87
JHN	79.0	27.0	9	1
100	20	71	48	87	28	65	50	93	5	62	11
OFD	51.0	3.0	4	1
44	20	50	12	71	-10	42	-7
VWG	65.0	31.0	3	1
46	32	58	22	85	44	72	21	67	54	67	14
UNN	54.0	66.0	0	1
34	66	61	70	31	67	73	53	38	84	75	71	66	57
OOG	59.0	24.0	5	1
81	35	62	16	44	16	50	4	67	45	74	33	39	20
