ABJ	72.0	68.0	4	1
89	48	79	59	76	70	75	77	51	64	65	91
XST	87.0	77.0	4	1
91	84	102	79	98	60	54	78	90	88
WNG	75.0	0.0	4	1
59	-8	71	8	68	-13	97	7	73	-3	67	-13	89	19	76	8
CNW	48.0	60.0	9	1
32	64	54	59	61	66	59	41	30	70	61	65	41	60
VTS	62.0	11.0	5	1
83	-3	46	14	69	36	54	13	79	5	42	33	54	0	76	-4
UUZ	75.0	65.0	6	1
71	38	51	75	84	81	97	67	78	74	58	79	83	41	83	66
ZRC	96.0	-3.0	2	1
92	-2	78	-20	101	-21	76	21	113	16	108	-12	108	-6
KMZ	73.0	4.0	3	1
65	-1	83	7	71	3	76	10
CPI	11.0	67.0	9	1
21	48	12	88	12	88	-11	62	27	75	-12	53	29	59
TEM	40.0	12.0	5	1
29	29	28	12	43	14	50	29	24	-2	61	0	29	33	56	-12
IDZ	16.0	27.0	6	1
40	46	20	6	18	53	7	26	25	42	4	14	-1	8
LKA	83.0	0.0	0	1
83	0	94	19	63	-3	65	-20	100	-17	94	25
XOU	61.0	23.0	2	1
30	34	73	25	69	10	74	23
FZD	73.0	75.0	8	1
59	89	84	74	81	65	61	58	83	93	79	78	64	71
XPK	29.0	91.0	7	1
30	102	36	97	43	81	10	84
DBA	49.0	20.0	4	1
29	12	25	0	67	37	72	8	36	40	67	23
FGZ	84.0	19.0	1	1
78	5	100	16	104	38	63	24	76	16
CBU	45.0	45.0	9	1
46	43	28	61	56	45	33	39	69	28	38	55
THC	97.0	104.0	8	1
107	91	103	118	111	102	81	110	101	95	99	80	82	119	97	121
SLG	39.0	2.0	9	1
40	-11	60	12	38	2	55	9	20	-6	38	-11	26	21
JMH	64.0	46.0	5	1
59	67	84	47	55	67	54	31	83	45	49	21
CLC	76.0	33.0	3	1
87	44	57	9	77	31	83	49
GVU	57.0	17.0	3	1
69	11	60	5	56	15	74	18	47	28	52	23	46	9	54	30
NVD	37.0	52.0	2	1
24	47	24	50	54	37	49	46	43	68	33	64
JUJ	35.0	21.0	9	1
16	43	43	34	63	-3	34	35	40	10	25	-3	27	36
JXM	82.0	72.0	3	1
93	83	62	62	109	68	65	75
NJC	101.0	88.0	2	1
112	104	87	74	115	79	71	92	112	110	114	71
OTK	49.0	28.0	6	1
51	13	57	44	33	33	59	46	58	19	39	17
RYT	15.0	30.0	3	1
1	26	31	24	24	14	26	52	14	50	-7	50	6	11	25	20
NTX	20.0	66.0	0	1
25	80	26	41	24	74	30	80	-1	59
LOU	50.0	31.0	5	1
61	35	30	24	52	39	63	11	57	50	38	31
ZRX	42.0	88.0	5	1
32	102	24	103	68	91	36	68	61	103	33	81	44	71
PVA	73.0	76.0	0	1
80	97	69	97	48	55	88	80	81	52	64	72	87	84
GEE	85.0	73.0	8	1
79	75	73	84	75	56	87	89	110	59	91	79
INT	3.0	81.0	2	1
-3	70	5	86	4	95	27	73	-11	96	5	78	-5	71
FHR	38.0	94.0	9	1
63	111	51	102	30	100	21	86	29	74
HDU	95.0	87.0	5	1
100	68	95	83	95	79	103	108	119	101	86	71	73	101
XHE	70.0	73.0	8	1
70	68	52	71	46	77	66	55	82	79	84	65	87	79	73	97
TTE	91.0	75.0	4	1
92	101	97	75	94	74	70	71	88	76	107	53
LPU	83.0	64.0	0	1
102	85	73	64	89	45	70	62
CDL	98.0	12.0	0	1
103	-3	114	26	85	-10	121	10	91	11	84	15	76	31	112	20
BAH	101.0	82.0	1	1
112	84	110	69	97	88	86	90
DKG	-2.0	20.0	5	1
16	9	-19	29	-10	21	-18	14	21	17	-6	30
ELH	64.0	82.0	10	1
77	82	58	105	53	63	43	73	64	108	79	85	75	80	64	64
YNV	8.0	66.0	0	1
28	63	5	84	3	48	7	72	-4	68	-1	75	19	54
LXT	90.0	50.0	5	1
96	24	86	49	80	63	98	65
YZQ	47.0	78.0	7	1
45	63	62	108	35	68	45	68	54	66	49	105	43	74
ZQW	79.0	45.0	6	1
80	33	66	69	95	40	59	49	85	39	90	44
