VJT	85.0	95.0	2	1
94	93	86	107	98	79	70	83	77	115
LJJ	91.0	30.0	6	1
96	47	78	24	75	14	114	29	94	37
OKQ	45.0	84.0	5	1
36	86	30	70	63	92	57	82	41	94
LLT	72.0	3.0	9	1
78	-1	83	-13	97	17	53	16	52	-9	79	5	66	6
DJL	34.0	16.0	5	1
24	25	25	12	37	11	62	22	16	17	60	-11	17	36
NDY	42.0	76.0	8	1
45	48	56	81	23	78	56	46	54	90	42	92	24	87	40	93
OPC	43.0	54.0	2	1
34	52	33	39	70	62	36	78	38	48	52	48
HDD	14.0	74.0	4	1
19	79	28	83	29	75	21	83	23	77	-5	44	-14	78
WAL	61.0	64.0	5	1
74	75	52	51	37	67	80	72	55	71	61	33	53	72	83	78
LCY	41.0	2.0	4	1
33	-23	50	20	45	-4	43	4	55	11	16	-5	47	14
BPV	67.0	12.0	7	1
89	8	68	22	55	25	49	18	84	14	60	-10
GUU	54.0	2.0	6	1
69	18	62	-9	44	1	38	-9	57	12
YRI	64.0	11.0	5	1
55	-2	67	26	65	-8	63	21	65	34	70	-4
VVR	81.0	40.0	4	1
65	40	68	27	109	26	72	52	103	66	74	31
JVP	21.0	13.0	8	1
21	-4	43	21	1	26	40	18	3	7
KEF	69.0	46.0	5	1
64	71	60	46	75	68	91	26	54	39	74	29
UMM	0.0	75.0	5	1
-10	61	-7	88	21	76	14	69	-14	81
PGN	26.0	30.0	0	1
25	15	6	49	34	19	20	38	46	16	14	53	43	21
MJV	61.0	83.0	4	1
63	83	51	98	61	80	60	60	58	92	81	65	59	98	62	88
QEL	71.0	90.0	7	1
78	89	81	98	77	72	62	108	78	86	50	87	71	94
ZXW	65.0	17.0	6	1
65	-3	88	35	47	21	86	31	46	-4	73	19	55	26
HXT	93.0	-6.0	9	1
105	-19	96	-5	93	-19	99	-12	90	-4	83	-9	85	21
XQL	69.0	37.0	1	1
62	53	90	55	81	24	70	28	53	50	51	20	76	34
DTK	59.0	95.0	10	1
61	94	69	102	39	109	52	85	75	89
MJP	20.0	40.0	0	1
16	31	-1	60	11	28	21	35	25	30	43	65	9	41	39	30
NDZ	46.0	85.0	7	1
48	85	31	81	57	79	48	95
EAO	37.0	51.0	8	1
33	53	48	38	32	59	37	56
WDC	40.0	67.0	9	1
67	77	32	69	25	83	38	41
LPM	9.0	37.0	7	1
-7	25	19	58	-7	22	32	46
OVA	75.0	22.0	4	1
72	-1	67	40	89	5	74	45	71	10	82	3	71	43	74	36
CRX	30.0	70.0	3	1
20	59	45	66	15	77	3	74	40	80	43	73	46	67
COU	26.0	66.0	5	1
22	64	26	82	35	76	24	43
KPM	33.0	73.0	6	1
21	58	20	63	39	95	15	68	56	76	40	67	44	86
RKZ	57.0	35.0	4	1
65	40	45	55	65	18	57	29	54	36
CRS	32.0	79.0	5	1
45	94	31	60	25	87	29	77
VAF	39.0	73.0	6	1
45	90	37	74	49	71	51	82	32	64	31	55	30	75
YBG	48.0	71.0	6	1
53	71	44	60	51	96	38	65	41	77	57	57	55	76
OYQ	9.0	8.0	1	1
2	-4	28	19	12	20	-6	-11	10	4	8	25
LBV	82.0	7.0	5	1
59	0	90	8	78	35	79	-4	104	-3
