ZIB	46.0	4.0	13	1
50	18	45	-8	33	23	55	-5	49	-6
FCI	1.0	11.0	15	1
-3	26	-6	25	10	8	5	-12
DSQ	37.0	100.0	23	1
57	98	29	105	47	91	32	88	27	116	32	107
CPN	40.0	40.0	4	1
65	61	26	27	51	57	28	24	22	19	57	27	23	51	51	54
FVG	83.0	3.0	13	1
92	-6	85	-3	80	18	82	-10	80	18
XIK	62.0	60.0	18	1
64	75	48	60	73	46	48	78	57	43	85	61
DKJ	25.0	54.0	9	1
33	53	12	56	16	56	41	54
ZJM	54.0	12.0	3	1
49	1	69	9	37	6	61	34
ZVZ	100.0	74.0	18	1
90	100	101	78	93	72	107	56	118	78	94	65
YCK	79.0	53.0	1	1
83	75	90	54	78	51	70	42	75	44
JZF	69.0	40.0	0	1
50	41	71	39	77	49	72	48	76	26
EKP	26.0	89.0	1	1
25	97	39	77	23	94	17	78	20	94	33	95
FBK	42.0	38.0	16	1
30	50	38	30	51	51	22	49	34	46	59	9	62	34
TKU	28.0	107.0	15	1
13	115	19	115	32	90	26	84	36	122	44	118
DKG	51.0	3.0	21	1
55	3	27	27	56	3	57	-12	72	19	58	11	61	-5	26	-19
ITD	12.0	38.0	11	1
4	39	-1	54	1	28	-7	24	32	46	30	35	19	36	18	49
MIL	63.0	87.0	21	1
63	105	56	108	86	99	48	87	54	65	57	77	63	81	81	75
EXD	98.0	59.0	8	1
88	65	89	52	102	73	102	55	102	62	115	52	88	57
WJD	17.0	85.0	11	1
23	104	24	93	19	78	3	71	5	76	7	87	44	91
SSD	24.0	79.0	23	1
26	67	28	103	38	75	24	66	27	74	3	93
HOD	37.0	76.0	2	1
33	62	11	91	36	72	57	82	44	84	45	65
PCC	60.0	29.0	20	1
67	37	42	-2	62	40	80	29	49	41
UFT	50.0	37.0	5	1
73	52	44	37	36	32	48	27
