OGT	2.0	-1.0	7	1
4	-3	25	-3	-7	-14	-9	-9	1	23
NZN	57.0	5.0	5	1
56	-10	77	11	70	5	52	5	47	21	36	3	61	1
OXX	54.0	22.0	5	1
56	6	55	14	46	10	70	29	37	46	57	35	67	28	46	11
BMH	4.0	73.0	10	1
28	63	5	93	13	83	-9	83	-11	56	-1	61
ZTL	16.0	4.0	2	1
22	-3	27	14	11	5	23	9	9	1	16	-7	8	13
QQU	16.0	6.0	4	1
22	13	9	-2	16	24	11	22	19	-11	24	-5
TKL	79.0	32.0	7	1
100	45	99	44	91	24	88	20	57	31	64	30	60	42	78	26
MQO	103.0	100.0	8	1
103	104	105	96	90	86	115	117
NKU	-3.0	74.0	0	1
-10	54	0	74	3	87	-11	65	15	99	-18	68
BQX	9.0	14.0	1	1
7	13	24	10	-4	5	6	14	14	28
ZIO	75.0	100.0	6	1
74	79	64	94	94	105	93	76	47	110	69	120	87	120
QQM	72.0	18.0	4	1
62	26	90	15	80	16	57	17
OND	15.0	57.0	7	1
-5	51	9	73	19	68	41	54	31	52	2	59	9	47
PRX	95.0	59.0	1	1
103	56	101	52	108	54	91	65	80	66	87	65
JLX	91.0	51.0	10	1
92	35	101	62	87	59	73	56	116	46	78	48
HFE	-1.0	57.0	6	1
-11	49	0	62	5	72	2	48
RIJ	65.0	0.0	1	1
61	-17	67	-16	59	28	80	11	61	-4
HFR	17.0	57.0	2	1
43	84	43	42	19	73	11	42	-1	51	5	45	0	64
YKN	29.0	21.0	6	1
21	17	45	7	19	30	19	49	51	13	19	15
KXU	40.0	31.0	4	1
67	32	22	27	37	27	49	25	28	48
IHK	57.0	47.0	10	1
42	62	41	39	52	33	80	27	85	73	62	41	40	59
MKM	18.0	56.0	5	1
29	43	3	50	23	81	2	41	11	66	40	56
GHF	32.0	12.0	5	1
49	0	31	19	31	30	20	1	34	24	22	12	42	1
HLJ	83.0	67.0	0	1
74	74	76	52	102	66	70	59	98	75	83	76
ZPB	33.0	34.0	8	1
52	50	42	50	32	24	6	19	50	30	34	26	35	44	19	33
MOG	1.0	76.0	7	1
-2	97	3	54	-4	91	20	73	-11	71	-6	85	-4	83	14	59
GNG	16.0	28.0	4	1
-5	34	19	37	13	22	31	37	27	34	-5	26	33	8
KTA	74.0	61.0	6	1
78	51	77	49	74	72	76	46	68	78	75	62	70	74
OTO	28.0	53.0	0	1
34	73	10	60	17	62	32	40	47	31
SWV	60.0	42.0	9	1
73	41	58	54	56	37	44	47	71	33
ENI	60.0	55.0	4	1
69	72	74	38	54	69	44	44
NQB	45.0	72.0	3	1
41	79	39	69	32	75	40	85	71	75	56	67	39	58
JRU	39.0	73.0	6	1
41	57	37	81	35	81	56	83	40	88	30	48
