APJ	31.0	39.0	4	1
37	43	16	45	12	28	45	20	38	43	42	60
EBI	1.0	85.0	0	1
1	81	24	82	3	77	-7	67	-3	97	-2	84	-11	103	6	90
VOD	0.0	71.0	8	1
-13	93	6	50	-18	75	20	78	1	81	1	54
NGH	63.0	79.0	5	1
76	73	56	89	37	78	54	85	81	71	71	74	72	97	60	66
BQY	53.0	39.0	5	1
39	66	36	17	68	41	57	27	65	46
CEJ	76.0	43.0	8	1
76	23	81	56	90	52	60	43
PAM	30.0	92.0	9	1
44	94	26	102	21	83	17	89	42	95
XQL	68.0	77.0	4	1
68	54	74	63	70	103	84	95	51	64	63	77	88	80	50	87
EOY	93.0	44.0	9	1
78	64	78	37	109	63	114	22	87	38
UNI	84.0	5.0	10	1
87	-16	72	-16	73	23	72	-11	114	20	88	30	86	9
QSL	56.0	93.0	6	1
44	88	69	96	74	109	42	90	64	96	45	82
EDS	0.0	11.0	8	1
6	23	15	33	0	3	-15	6	-8	-6
MVV	31.0	53.0	3	1
59	53	39	57	28	62	16	64	16	31
WCW	6.0	72.0	1	1
13	63	0	96	-1	77	11	62	12	78	-1	72	13	56
FOA	51.0	6.0	7	1
42	-2	65	25	54	4	71	27	32	-10	55	-6	43	4
VIY	94.0	90.0	4	1
101	85	80	77	83	100	115	112	72	109	105	72	93	83	110	82
SET	82.0	40.0	1	1
91	56	77	56	85	27	95	15	62	47
FAL	7.0	63.0	8	1
24	50	-10	63	23	71	5	57	3	79	-3	61
FVQ	99.0	23.0	3	1
102	19	110	47	82	31	111	18	91	3
VPB	62.0	17.0	9	1
45	6	70	12	48	4	78	8	41	44	70	11	85	39
BQL	65.0	15.0	0	1
66	14	50	4	91	-4	45	20	83	31	65	35	58	6
VLA	68.0	66.0	2	1
95	69	85	55	50	53	51	66	62	82	68	73
SET	38.0	75.0	6	1
59	90	20	70	48	57	21	92	42	70
JNY	5.0	9.0	7	1
3	17	-5	7	10	-8	2	18	16	14
OZC	69.0	7.0	5	1
65	19	60	22	88	-15	78	-7	57	32	71	-9
JRE	17.0	13.0	0	1
31	34	5	29	23	-4	26	14	1	-1	28	-9	5	34
LFM	85.0	63.0	10	1
108	83	81	69	83	74	80	47	83	47	97	61	83	51	68	76
GSH	90.0	75.0	4	1
108	83	72	87	107	52	97	78	75	80	81	75
HJG	64.0	92.0	7	1
58	86	78	114	43	101	79	82	79	76	47	85	74	107	59	87
