WGY	59.0	0.0	10	1
49	19	78	-17	47	3	56	-10	70	13	54	-9
FGO	90.0	87.0	7	1
106	104	86	75	88	93	81	108	94	62	89	85
AQB	45.0	45.0	3	1
52	33	45	40	36	60	26	49	63	42	49	51
WDI	22.0	65.0	4	1
-1	54	17	81	20	66	25	54	33	73	25	64	41	65
ZWQ	-3.0	14.0	3	1
-14	12	17	24	-11	7	-2	23	-7	8
EJN	72.0	52.0	6	1
79	62	73	60	85	32	72	29	47	55	90	51	63	77
HNC	50.0	89.0	9	1
40	79	62	88	34	103	36	84	70	76	57	84	39	110	65	89
CDC	35.0	52.0	7	1
49	72	38	43	14	50	37	51	38	44
LOX	23.0	37.0	3	1
25	44	24	21	31	41	14	44	3	55	37	35	29	19
PXK	92.0	72.0	7	1
90	57	104	88	75	98	106	60	88	53	103	71	87	91	88	59
IYC	33.0	8.0	4	1
44	19	33	-10	20	7	44	18	18	-4	34	18	40	14
XCM	12.0	76.0	2	1
14	97	20	94	1	57	17	51	17	66	16	79	3	91
EBO	86.0	35.0	10	1
84	41	69	24	107	25	86	51
GPR	103.0	31.0	1	1
102	19	77	41	111	18	101	38	113	11	100	37	118	54
HZH	3.0	13.0	3	1
10	11	-3	23	-6	-5	7	38	9	2
TYB	67.0	38.0	0	1
65	63	89	23	90	47	58	46	47	23	57	31
NMO	50.0	47.0	7	1
48	63	48	46	45	45	48	51	61	33
DSL	74.0	71.0	4	1
68	58	82	56	60	78	59	71	76	70	86	72	92	95
EAD	14.0	40.0	8	1
18	33	8	24	42	28	5	58	1	58
HIN	50.0	92.0	1	1
27	77	74	117	42	96	51	76	53	83	57	105
WZI	50.0	10.0	7	1
52	-2	35	13	35	31	69	-2	69	0	44	20
WOF	29.0	61.0	5	1
22	68	30	49	33	48	32	79
KEL	36.0	22.0	2	1
41	32	52	14	20	31	34	12
RCL	23.0	57.0	8	1
26	80	35	42	22	39	19	58	7	78	35	56	21	52
FKI	55.0	72.0	6	1
47	53	51	83	47	78	60	72	60	66	66	82
FSV	66.0	22.0	9	1
64	34	71	25	66	23	50	21	69	7	87	47	58	13	67	6
CEV	81.0	19.0	5	1
103	17	95	40	63	-3	76	1	71	40
CRI	21.0	52.0	1	1
20	59	26	29	25	69	7	38	27	66
OCV	56.0	-2.0	8	1
56	-21	36	26	72	3	45	-6	61	-13	53	-17	70	13
VOF	36.0	46.0	3	1
30	56	44	52	27	49	55	57	24	19
BEB	68.0	41.0	2	1
53	30	76	61	85	48	60	63	49	25	89	19
XXT	65.0	86.0	7	1
48	86	51	79	60	86	79	110	87	72
HEQ	44.0	1.0	0	1
38	-3	37	20	43	-17	52	1	53	7
MMO	34.0	14.0	9	1
47	7	13	3	13	8	49	35	25	1	58	34
WYY	51.0	40.0	1	1
38	19	59	25	60	55	67	54	33	50
XJN	57.0	100.0	10	1
57	115	60	73	69	105	44	109
