DMI	35.0	84.0	9	1
19	78	33	109	26	77	54	96	28	86	31	76	57	70
IER	17.0	49.0	19	1
2	68	39	46	5	38	23	45
TSU	4.0	59.0	5	1
-5	46	8	56	-7	68	32	56	-8	55	7	77
IVL	86.0	74.0	3	1
110	78	67	89	92	67	102	84	75	60	87	73	75	67
BSB	81.0	15.0	21	1
80	2	89	9	67	28	82	11	105	12	63	29
AJD	-4.0	3.0	19	1
-1	6	-1	19	6	-10	7	-15	-21	-8	-22	17	2	18
GFG	46.0	21.0	16	1
48	28	58	3	30	29	51	24
KRW	95.0	29.0	7	1
92	51	96	14	105	23	92	30	94	28
TTP	88.0	98.0	22	1
81	111	93	113	93	85	71	113	110	86	82	85
ZQE	13.0	58.0	14	1
-1	66	13	53	6	63	-1	45	32	43	32	55	15	85
KOR	95.0	96.0	8	1
92	94	112	104	72	106	106	96	76	74	106	107	102	94
QIP	60.0	24.0	8	1
43	41	60	14	62	14	42	40	66	14	62	49	81	9	67	15
QNY	33.0	40.0	18	1
29	57	32	28	62	55	31	15	31	36	17	52
EGQ	21.0	100.0	24	1
25	95	18	96	41	119	17	108	31	117	0	93	19	74
RNM	24.0	26.0	24	1
26	18	11	48	12	31	37	32	14	17	47	10
FSX	66.0	39.0	3	1
80	58	53	55	66	47	66	30	56	39	65	30	78	16
AZC	15.0	21.0	15	1
8	35	-4	10	33	34	15	27	24	2
QXY	77.0	33.0	8	1
79	15	60	25	101	51	56	46	82	53	82	13	74	36	87	32
QWL	44.0	34.0	24	1
66	45	42	49	55	51	29	37	27	11	59	14	32	34
XPS	70.0	41.0	3	1
53	57	84	18	49	43	86	26	85	65	64	40
XKY	67.0	20.0	23	1
73	19	56	13	57	27	93	7	60	35
NXL	23.0	55.0	13	1
26	53	34	43	17	46	2	34	31	49	-6	78	39	74	41	67
MMZ	86.0	51.0	22	1
100	52	64	64	66	49	108	70	77	32	110	58	80	55	84	33
CNK	28.0	32.0	18	1
15	40	30	52	51	35	24	13	21	24
LQW	65.0	32.0	19	1
47	10	87	15	55	53	79	27	55	48	61	20	51	52	86	38
ILW	44.0	14.0	3	1
42	24	51	-3	31	13	45	17	61	10	55	21	41	3	32	28
KVM	40.0	26.0	10	1
53	6	52	17	50	37	36	47	29	27	24	26
YZK	44.0	19.0	24	1
20	18	58	5	55	4	30	21	58	51
CTL	63.0	87.0	24	1
48	99	59	98	56	95	63	79	88	99	56	77	73	65
CQG	25.0	69.0	12	1
37	79	22	64	22	57	11	74	33	73
GET	55.0	71.0	25	1
64	78	36	50	57	61	63	87	38	76	75	75
HBU	6.0	30.0	21	1
24	23	-9	54	-13	17	23	28
LQG	41.0	59.0	15	1
54	60	46	75	45	37	59	62	22	64	32	58	36	44	37	75
JFF	104.0	-3.0	7	1
105	2	100	-16	98	-17	103	-10	114	23
RTN	43.0	66.0	23	1
63	79	50	63	25	53	55	62	26	75
JWB	52.0	63.0	0	1
66	57	42	63	63	46	37	69	53	81
FGG	81.0	27.0	14	1
61	37	63	30	73	5	85	41	106	16	103	35
IOS	49.0	4.0	16	1
30	4	59	33	55	-3	59	-6	42	-6	51	4
UTT	-2.0	79.0	15	1
-2	82	-14	85	14	79	-4	60	-14	88	4	83
EIY	52.0	86.0	24	1
65	76	64	100	66	103	54	97	19	83	44	57
ITA	14.0	83.0	5	1
0	82	10	72	2	91	21	89	13	78	43	87
UAM	55.0	88.0	10	1
28	93	59	96	70	79	61	81	66	74	51	99	49	73	62	116
WDL	11.0	92.0	3	1
8	82	28	81	23	101	18	87	-11	78	-14	106	29	113
