KME	15.0	63.0	25	1
9	80	7	33	5	77	-1	59	41	52	19	67	29	78
BOY	2.0	80.0	14	1
3	87	-12	95	8	56	0	68	28	95	-10	82
IJZ	26.0	75.0	3	1
31	71	-1	90	20	78	30	54	35	73	35	83	26	63	35	88
YUU	82.0	25.0	12	1
103	22	60	39	86	41	105	9	83	39	79	17	62	14
XPN	61.0	58.0	16	1
52	50	64	65	62	60	68	39	63	77
DQK	49.0	10.0	19	1
71	31	33	22	26	-4	29	-12	69	-13	33	8	70	32	68	23
JOD	91.0	14.0	7	1
84	8	82	23	75	18	103	25	68	15	106	15	104	17	109	-8
RNC	33.0	32.0	3	1
40	49	24	9	32	49	43	14	44	46	25	53	25	10
UQA	90.0	67.0	13	1
107	82	96	80	72	55	91	48	101	59	78	80
WVK	12.0	94.0	6	1
-5	109	1	98	31	104	8	75	4	100	35	80
VCU	53.0	49.0	9	1
66	44	61	64	44	59	45	58	60	42	59	44	38	33
GMR	19.0	3.0	16	1
29	10	13	-17	10	-11	38	25	17	20	8	-8
AVG	83.0	19.0	12	1
95	27	82	-1	86	19	82	35	68	12	88	26
POI	74.0	37.0	4	1
61	46	88	16	77	42	73	37	71	45
OZI	23.0	84.0	25	1
7	72	34	78	4	90	44	110	8	80	43	79
EZM	25.0	91.0	15	1
10	107	2	87	26	94	36	79	35	85	40	79	31	111
JWS	8.0	26.0	1	1
15	37	6	40	13	14	-11	13	4	30	22	23
SKP	12.0	26.0	5	1
-13	41	29	15	-3	37	32	23	-5	22	30	11	14	38
YXA	75.0	21.0	10	1
72	-1	67	37	50	36	70	7	97	9	94	42
EHP	60.0	63.0	3	1
56	59	61	73	57	63	49	44	66	60	73	82	59	61
PTT	70.0	18.0	13	1
80	-7	53	19	73	31	83	29	63	22
NIC	16.0	106.0	21	1
11	119	13	104	-1	105	31	111	39	116	0	108	29	112	9	73
HQX	36.0	62.0	17	1
32	67	36	75	62	49	16	60
AHN	40.0	21.0	3	1
52	31	51	1	20	10	42	38	35	22	16	21	60	1	51	46
CNY	55.0	63.0	21	1
67	82	39	67	42	60	64	77	54	44	68	49
WDF	37.0	31.0	0	1
22	23	57	21	17	38	55	49	29	15	33	38	28	44	55	22
BXB	78.0	19.0	6	1
67	35	97	5	74	29	78	23	89	27	69	12	73	4
TSW	66.0	87.0	0	1
71	100	81	71	51	106	46	68	74	98	73	79
TEB	98.0	90.0	13	1
119	78	86	121	97	78	93	86
TDP	99.0	24.0	19	1
85	29	98	37	110	7	77	15	120	27	105	10	101	48
PHO	51.0	69.0	5	1
44	61	61	101	55	71	56	63	42	62	48	61
MXF	80.0	40.0	5	1
97	37	98	14	66	57	99	58	57	24	63	53
ZDA	19.0	87.0	8	1
39	89	4	83	9	92	10	101	27	62	15	109	31	76
IYK	0.0	82.0	19	1
9	88	3	76	10	80	-14	90	-6	76
PHR	62.0	56.0	20	1
74	35	42	71	79	63	64	68	53	46
OAW	3.0	52.0	11	1
-15	63	7	77	22	54	-9	39	-2	42	20	37
MTD	62.0	67.0	2	1
43	75	49	67	84	74	74	55
MYJ	25.0	69.0	11	1
15	52	23	73	13	71	21	65	48	94	40	72	19	59
AYQ	47.0	76.0	18	1
36	86	59	75	64	78	33	81	45	60
