PLO	72.0	66.0	6	1
56	82	76	45	71	60	57	69	91	58	93	90	62	61
WZR	12.0	93.0	10	1
13	96	11	100	37	92	-3	93	11	92	15	81	3	99
GOS	73.0	12.0	8	1
81	15	97	11	73	42	67	1	68	9	70	0	59	6	73	14
ECJ	25.0	11.0	5	1
20	11	41	12	39	15	27	9	25	-4	8	25	28	18	16	4
GIM	44.0	58.0	2	1
54	53	45	73	25	48	53	36	46	83
URZ	-8.0	40.0	5	1
-19	28	-24	25	11	19	-21	34	-3	58	-22	60	16	58
FNC	24.0	18.0	8	1
22	37	24	25	12	22	32	3	28	7	13	1	38	33
OGL	61.0	17.0	4	1
82	32	64	-4	46	30	65	8	50	23
UKU	27.0	29.0	7	1
30	24	20	36	13	26	46	21	18	18	37	50
TCR	44.0	69.0	0	1
45	71	49	68	30	76	52	64	31	68	53	69	53	73
EFD	35.0	74.0	2	1
35	56	40	75	52	62	40	95	8	82
WGC	-11.0	66.0	0	1
-20	74	-13	83	-16	54	4	54
FLZ	20.0	32.0	3	1
12	44	26	20	21	53	23	14
YNX	90.0	54.0	2	1
95	60	84	46	93	38	88	73
HOE	13.0	70.0	9	1
14	46	0	65	21	94	34	71	8	81	3	68
NVD	70.0	35.0	9	1
88	38	64	20	69	12	71	49	57	41	75	51
XXU	21.0	88.0	6	1
-1	83	47	92	22	90	3	105	44	69	31	78	16	99	13	89
ROI	79.0	51.0	8	1
85	49	66	40	91	64	77	44	73	54	92	40	72	66
RAH	26.0	80.0	8	1
34	85	14	73	40	101	13	68	31	75
IIJ	42.0	58.0	7	1
45	74	69	35	38	53	67	75	25	65	24	40	43	70	30	59
OVD	90.0	28.0	3	1
70	12	111	44	79	42	110	43	72	30	77	2	113	23
SAQ	94.0	66.0	0	1
101	73	110	72	91	67	69	51	101	70
HCW	56.0	12.0	0	1
60	-1	71	29	31	19	79	9	37	20	60	11	60	2
OOF	52.0	95.0	3	1
68	72	48	103	48	109	46	78	76	111	50	85	32	109
TYN	92.0	69.0	3	1
94	73	69	70	110	54	96	76	98	49	81	89	93	60	96	87
ACB	63.0	50.0	4	1
73	65	61	58	65	62	46	43	70	23
FIQ	69.0	100.0	1	1
63	96	94	112	62	107	81	113	68	77	51	98
SZU	28.0	3.0	9	1
15	-11	16	26	15	4	28	-8	39	-6	47	9	37	7
BLE	9.0	48.0	1	1
0	40	9	33	12	42	23	55	-4	73	-2	53	39	48	-4	46
BVX	19.0	94.0	0	1
35	83	4	72	28	110	10	112
ZLZ	57.0	71.0	3	1
73	93	64	55	38	52	40	95	55	85	70	57	62	62
WRG	56.0	30.0	7	1
59	15	63	21	56	46	48	39
ADX	40.0	59.0	2	1
49	79	43	60	18	53	21	66	51	79	59	37	28	48	55	55
GXR	26.0	51.0	6	1
7	52	18	50	28	51	35	66	33	51	44	51	18	41
