ZPK	33.0	22.0	0	1
15	10	34	18	54	45	13	-3	47	31	52	40	19	17
NLG	71.0	68.0	3	1
49	69	66	63	72	63	86	65	86	83
FZA	101.0	13.0	4	1
105	20	101	13	112	-14	121	15	89	19	81	28
VOG	88.0	45.0	8	1
83	49	100	62	77	39	95	44	89	35
OWI	41.0	58.0	5	1
30	57	35	60	48	60	41	37	45	41	25	81	68	73
YXX	29.0	9.0	8	1
33	15	37	8	18	10	31	3
XEG	58.0	57.0	1	1
74	72	59	59	75	34	61	50	62	51	36	62	40	73
BXB	-1.0	83.0	2	1
-13	74	9	101	-15	82	11	91	0	68
WDO	15.0	18.0	9	1
1	21	28	4	8	-5	28	25	11	16	3	35	26	36
LUT	69.0	68.0	5	1
60	82	63	74	92	54	63	53	60	90	56	50	94	79
GAX	82.0	84.0	4	1
66	86	83	106	114	81	81	73	68	78
PWQ	15.0	19.0	9	1
30	39	28	23	26	18	0	19	6	10	13	17	21	13	2	19
MKQ	43.0	38.0	9	1
61	48	63	42	17	43	31	18	52	47	60	15	23	57
LCD	53.0	38.0	5	1
71	33	81	25	36	42	34	23	52	51	44	56
VSK	86.0	34.0	3	1
82	30	97	54	96	48	78	28	95	29	71	16
SNF	69.0	75.0	9	1
87	79	85	59	80	78	60	72	47	89	85	58	71	74	43	96
ORY	3.0	57.0	3	1
15	40	8	57	0	65	-20	58	7	65	10	62
RSS	56.0	98.0	8	1
44	75	74	117	68	76	42	111	32	101	70	118	66	92
XKN	40.0	36.0	4	1
21	54	30	34	65	55	53	8	44	52	32	15
UJQ	92.0	5.0	5	1
83	26	80	27	113	-8	90	-10	96	28	80	-14	108	-10
MHX	10.0	79.0	8	1
11	87	7	92	25	55	-1	95	11	67
FST	4.0	75.0	5	1
-6	71	8	82	17	55	2	85	15	88	-4	64	8	91	-8	71
MZA	93.0	87.0	6	1
97	90	111	76	69	99	92	90	96	81
MUD	14.0	90.0	8	1
3	89	11	82	35	65	10	112	13	103
OLU	69.0	78.0	0	1
81	81	72	58	45	80	90	76	90	70	45	92	84	80	51	94
CYK	90.0	66.0	1	1
92	39	104	55	75	66	69	76	111	78	94	85
XWG	56.0	4.0	7	1
51	3	43	-12	54	7	77	21
QOH	93.0	48.0	1	1
105	60	110	41	94	44	88	52	84	56	82	45	88	39
LWG	87.0	95.0	8	1
99	81	61	108	82	76	98	99	99	115
QRQ	20.0	45.0	1	1
27	22	15	56	42	58	3	60	17	41	16	33
LNI	40.0	90.0	5	1
41	98	61	94	30	97	34	97	47	68	32	88
PKA	0.0	45.0	2	1
4	39	-9	67	13	35	-3	55	-9	33
EAC	62.0	101.0	6	1
85	114	39	78	48	104	69	105	70	94	71	111	59	112	55	96
XPK	66.0	71.0	9	1
83	52	57	91	60	73	69	79	57	66	82	90	57	49
NJB	33.0	82.0	5	1
52	71	11	79	14	79	29	73	57	71	56	100	18	103
FSG	48.0	97.0	3	1
43	105	54	97	50	112	48	79	47	93
KAY	22.0	69.0	3	1
7	42	14	74	4	76	32	70	47	70	17	73	46	78	12	76
SDU	69.0	10.0	8	1
57	-15	83	23	63	11	76	21
BNZ	-4.0	35.0	8	1
3	29	-6	61	1	39	-14	13
XAU	47.0	89.0	3	1
42	71	43	75	46	97	46	73	60	101	40	116	54	96
