ZXR	50.0	39.0	5	1
53	27	49	64	27	28	55	43	67	33
VQU	20.0	95.0	7	1
34	110	6	89	32	104	-8	94	28	90	26	75	28	108
VNW	24.0	47.0	1	1
25	33	34	44	16	34	28	61	3	55	31	42	33	64
WSS	95.0	46.0	7	1
79	59	112	31	86	49	92	40	106	42	112	60	87	59	91	28
JHZ	67.0	39.0	6	1
74	44	72	25	63	20	62	54	65	52
KST	61.0	25.0	2	1
47	31	79	10	61	22	60	40
DLF	13.0	3.0	0	1
27	-11	10	-11	7	13	-9	-1	31	8	13	20
MJV	-4.0	67.0	4	1
-17	55	30	61	-13	69	-16	83
VAZ	5.0	44.0	0	1
10	72	14	48	14	30	1	37	-12	35
DML	60.0	70.0	8	1
46	82	59	51	63	82	72	64	56	78	66	67
URN	53.0	9.0	6	1
57	6	69	7	66	12	36	-8	46	24	49	16
UYB	16.0	2.0	7	1
18	4	15	8	32	23	-6	-15	11	16	30	-18	12	-3
WQC	35.0	45.0	10	1
48	50	23	36	28	42	53	58	46	54	23	36	25	40
CLM	30.0	81.0	0	1
34	60	20	90	28	83	20	84	48	89
EWI	20.0	44.0	5	1
19	51	15	30	23	48	17	41	27	50
IEP	60.0	75.0	7	1
42	58	50	98	48	71	79	64	74	95	52	79	79	60
OPY	18.0	27.0	7	1
19	22	45	42	17	32	4	32	23	5	4	31
IHH	93.0	24.0	7	1
76	37	90	-1	88	32	86	34	104	26	114	16
UKT	92.0	15.0	9	1
72	17	104	16	110	20	92	6	85	17
ASZ	73.0	70.0	8	1
81	90	58	74	69	73	55	66	75	63	88	69	91	55
NUA	12.0	89.0	9	1
-1	77	-10	80	34	101	26	98
JLO	52.0	53.0	0	1
32	49	35	66	75	76	51	30	52	36	49	71	71	47
RUV	57.0	32.0	5	1
75	44	73	32	71	28	46	27	48	36	32	27
YAK	33.0	72.0	1	1
21	83	12	62	31	66	41	73	50	58	46	92
FUN	99.0	4.0	1	1
80	20	123	-11	95	29	107	-9	83	-8	124	16	84	-6
JBP	45.0	97.0	6	1
32	76	39	100	62	113	32	75	61	100	55	116	40	86	39	116
FSF	55.0	13.0	10	1
82	4	66	19	44	31	49	22	45	-13	47	15
RYS	83.0	67.0	3	1
104	56	77	55	79	87	99	71	83	85	60	51
QUS	26.0	65.0	9	1
14	49	36	52	33	79	19	79	20	75	16	79	45	46
KPA	5.0	89.0	2	1
6	114	7	96	-13	73	1	77	24	89
