VOZ	60.0	90.0	4	1
39	114	77	101	53	93	80	77	55	74	76	93	40	83
JUX	93.0	15.0	9	1
104	18	95	10	104	25	89	1	73	21
ESH	41.0	91.0	1	1
44	74	33	92	24	104	37	79	70	107
AFG	82.0	86.0	9	1
95	80	57	89	85	78	72	104	89	78	89	97	87	78
PYB	102.0	27.0	8	1
109	35	70	16	101	34	115	44	116	10
NSV	100.0	10.0	7	1
104	16	119	17	88	-11	90	19
VKP	35.0	-1.0	8	1
14	-3	37	-6	49	-5	35	11	40	-6
MQF	79.0	33.0	2	1
61	30	104	29	63	34	90	41
ZDT	19.0	53.0	2	1
17	39	20	64	27	69	11	38	13	59	16	44	33	61
FUX	49.0	41.0	10	1
54	26	45	41	35	55	53	35	41	47	60	60	56	14	55	54
