ZQI	19.0	0.0	17	1
3	10	22	-8	2	10	42	3	36	0	12	-18
BMA	42.0	71.0	1	1
30	64	56	79	40	53	48	97	46	59	24	60	54	85
KKJ	79.0	80.0	20	1
75	90	75	86	99	91	84	73	76	68	68	75
TJD	25.0	48.0	8	1
16	38	36	55	10	33	33	43	18	52	17	70	49	50
RJN	33.0	56.0	12	1
35	73	36	57	18	56	45	39
LGZ	98.0	47.0	12	1
110	46	114	37	90	39	117	36	99	72	108	48	77	67	76	32
YER	60.0	2.0	8	1
49	-12	75	23	65	-23	60	19	53	5
YKG	19.0	77.0	8	1
36	58	16	89	28	61	20	88	-2	92	28	68	26	82	0	79
LMO	10.0	61.0	24	1
19	62	7	49	9	69	16	51	-2	70	32	88	-6	43
KRS	29.0	31.0	21	1
27	45	31	27	44	17	3	33	44	33
XHO	45.0	98.0	24	1
62	76	47	106	42	86	39	120	32	109	52	92
IIX	37.0	67.0	16	1
43	54	47	65	28	82	33	69
SZQ	38.0	67.0	12	1
45	88	37	61	52	86	25	51	43	64	27	52
HAN	-1.0	37.0	15	1
-16	36	3	17	-6	50	-14	35	17	60	-4	19	12	46
TMK	87.0	77.0	22	1
106	96	77	66	88	95	86	61	77	58	88	87
QLD	65.0	42.0	24	1
76	36	76	27	82	52	42	56	50	43
DRN	27.0	103.0	10	1
5	75	15	119	54	112	18	113	17	93	35	97	47	117
MCE	55.0	45.0	1	1
65	34	48	63	72	27	35	55	44	57	57	44	69	37
WPS	22.0	64.0	20	1
3	78	16	45	19	69	42	90	6	50	25	54	34	59	31	74
PMJ	86.0	42.0	2	1
81	53	89	45	87	35	76	59	97	19
WDJ	54.0	67.0	17	1
41	60	53	80	62	81	55	71	42	39	73	72
SQV	6.0	72.0	10	1
-5	77	24	66	16	88	17	81	-12	63	4	79	11	55	-7	69
ZCM	60.0	17.0	1	1
66	25	79	20	66	-14	35	26	55	29
REN	91.0	46.0	9	1
93	48	94	29	73	61	107	47
EGO	38.0	3.0	17	1
21	9	34	-19	22	27	65	-2	34	7	65	29	45	-5	23	-19
CRQ	77.0	39.0	13	1
71	44	71	52	85	52	82	36	79	15
DZF	53.0	78.0	6	1
61	69	49	65	51	90	53	88
UYZ	71.0	78.0	19	1
92	76	76	74	48	82	66	76	73	83
SFD	51.0	0.0	5	1
54	19	27	-9	67	-8	67	2	42	-1
JFH	24.0	2.0	23	1
3	-12	24	-9	29	17	12	20	36	17	39	-5	29	-13
WOM	15.0	23.0	17	1
32	22	28	29	4	18	29	40	16	8	0	29	-1	21
BUV	80.0	96.0	18	1
94	112	93	90	103	84	79	115	79	95	65	96	67	94	64	84
ABL	69.0	17.0	10	1
51	7	60	20	65	39	88	13	81	14	61	29	80	2
EEI	74.0	99.0	4	1
100	80	93	121	73	114	67	118	62	88	63	92	66	81
WJV	45.0	47.0	1	1
32	64	46	55	36	41	36	32	73	57	47	34
TFR	13.0	89.0	7	1
12	98	13	72	15	79	4	92	36	86	3	110
KQV	95.0	52.0	8	1
88	53	101	52	108	40	86	64
ESK	56.0	91.0	14	1
55	85	43	72	46	110	66	79	74	104	54	96
FLL	16.0	56.0	17	1
34	59	-8	67	18	60	16	52	22	43
LHP	85.0	40.0	0	1
67	56	88	35	69	35	99	52	102	12	59	36	95	49	102	51
PYM	45.0	77.0	0	1
28	70	61	51	44	94	65	78	31	95
LIO	94.0	96.0	7	1
114	79	81	84	90	111	79	92	121	111	82	100
HPW	33.0	34.0	20	1
18	37	41	21	41	33	48	55	21	24
HTH	81.0	101.0	13	1
71	85	97	109	82	111	79	111	60	92	101	103
PRA	-7.0	61.0	23	1
-11	37	-13	71	27	50	-21	71	-19	76
FEU	63.0	81.0	8	1
74	84	82	72	49	83	52	76	63	73	38	73	84	86	66	103
CSK	84.0	2.0	6	1
90	23	75	-21	100	-7	104	-1	83	21	57	-2
BAC	84.0	94.0	3	1
57	84	96	113	71	89	82	97	82	112	102	80	91	79	96	98
