FNO	67.0	13.0	4	1
79	6	52	11	70	3	84	34	59	42	73	-3	58	1
JUV	39.0	62.0	5	1
20	65	28	52	49	92	35	62	19	54	61	62	64	50
EFW	64.0	65.0	1	1
64	74	60	64	87	89	52	62	57	49	41	53	68	66	87	68
HZQ	89.0	37.0	6	1
103	35	77	36	85	44	75	43	75	25	106	38	83	38	114	42
EZL	66.0	54.0	5	1
88	66	70	63	58	51	53	63	61	28
ZNJ	5.0	76.0	8	1
25	97	15	87	-4	70	0	51	12	83	-15	70
RDL	85.0	49.0	8	1
107	44	73	46	76	55	89	34	88	47	80	72
DRI	73.0	86.0	9	1
92	95	56	91	56	98	88	67	76	81
IFM	75.0	16.0	7	1
89	30	52	33	65	31	101	-8	98	-9	55	29	81	3	59	25
JAY	53.0	68.0	2	1
52	61	72	86	44	71	64	78	36	44
KFV	52.0	68.0	4	1
74	58	62	80	40	83	57	84	49	61	45	58	55	73	36	48
GFL	82.0	38.0	10	1
79	55	71	15	93	52	77	21	68	52	107	38
YZJ	36.0	26.0	4	1
52	14	16	28	43	37	33	27
WNP	-6.0	87.0	1	1
-14	97	-1	75	8	100	-20	78
QEX	58.0	46.0	3	1
35	40	41	51	66	43	73	52	67	49	71	44
NCZ	40.0	33.0	7	1
45	20	41	38	40	40	36	31	41	49	38	23
PSE	57.0	87.0	8	1
73	84	46	103	59	105	60	75	50	72
PSY	21.0	31.0	7	1
30	15	26	24	27	41	35	19	-3	52	12	36
XKW	97.0	55.0	2	1
96	65	99	44	88	38	117	34	89	77	98	74	95	58
VGI	27.0	61.0	3	1
18	59	18	60	33	55	41	71
JDS	74.0	87.0	4	1
79	90	87	79	90	82	51	92	81	78	44	90	91	104
EIJ	18.0	72.0	5	1
7	47	38	83	16	87	19	51	25	72	10	82	17	86
IDI	60.0	12.0	6	1
54	0	72	-1	74	23	40	28
BRQ	91.0	18.0	5	1
88	0	79	19	91	31	73	19	114	3	88	34	108	21
CLB	33.0	37.0	7	1
40	47	37	42	14	12	42	50
OXN	10.0	11.0	4	1
30	34	31	3	7	11	14	1	0	-1	-3	11	0	19	1	13
SPV	49.0	31.0	4	1
56	45	64	40	34	50	41	47	47	7	40	9	66	20
RJU	81.0	48.0	0	1
100	55	79	47	73	41	90	56	88	67	60	25
WGL	11.0	64.0	7	1
6	59	34	71	3	65	1	64
WIM	62.0	19.0	5	1
89	31	48	37	52	7	75	22	45	23	84	1	47	15
GVS	51.0	83.0	1	1
40	76	57	71	72	79	56	79	31	114
NZO	55.0	17.0	6	1
58	11	73	28	30	16	41	21	72	6	41	4	70	39
HCY	31.0	64.0	7	1
50	48	55	49	12	70	29	75	26	85	17	65	53	50	11	77
ZQO	69.0	84.0	4	1
73	90	83	90	84	76	49	64	56	96	76	78	63	98
FHM	92.0	25.0	6	1
92	13	106	49	88	4	111	8	81	24	79	42	90	38
YMT	47.0	75.0	3	1
67	80	62	81	41	77	26	87	41	54
GUM	18.0	53.0	4	1
31	36	37	67	10	81	0	38	13	73	29	38	4	47	26	48
BNL	33.0	78.0	7	1
18	66	40	74	24	95	46	86	37	69
XHJ	11.0	3.0	2	1
29	-12	15	8	6	3	15	-4	-8	22
ZWF	25.0	97.0	6	1
13	103	55	98	22	94	15	106	26	92	21	99	29	88
NHK	55.0	55.0	10	1
43	63	68	37	59	71	66	54	59	54	36	51
HXC	56.0	72.0	3	1
70	68	68	63	50	98	74	78	56	57	36	56	43	58	58	102
FDT	109.0	-3.0	9	1
118	3	118	-4	102	-11	115	-12	94	6
HCP	48.0	28.0	1	1
33	30	54	57	61	21	65	37	61	17	39	19	28	21
WMO	47.0	51.0	4	1
49	35	55	36	50	74	60	38	36	48	63	55	22	75
RHS	37.0	0.0	7	1
16	24	55	14	59	-9	50	-12	15	-11	29	19	38	-20
UUP	32.0	37.0	2	1
18	51	34	40	42	59	36	47	21	22	48	22	26	21
WYD	76.0	63.0	8	1
52	73	80	54	87	74	97	49	68	69
