TYO	84.0	57.0	6	1
93	71	77	65	94	50	93	43	80	54	72	62
WYV	55.0	47.0	19	1
53	47	50	49	60	67	49	25	65	47
SSM	42.0	13.0	1	1
29	7	34	-2	34	30	64	23	65	25	39	23	29	-9
YBI	93.0	97.0	18	1
71	85	109	99	85	96	69	114	111	85	97	111	99	80	110	106
WNE	62.0	91.0	19	1
68	60	58	97	63	97	60	102	65	103
NXZ	73.0	39.0	22	1
89	9	93	40	75	48	67	53	58	23	70	51	63	50
GPP	80.0	12.0	22	1
84	25	69	15	100	2	79	11	93	27	66	13	71	-6
OFP	82.0	88.0	5	1
77	73	76	96	86	83	95	91	79	94	80	93
JPX	96.0	43.0	19	1
96	28	98	52	103	47	76	60	92	30	115	41
ZSS	65.0	40.0	3	1
70	33	46	50	66	39	48	34	66	33	57	40	92	43	78	54
SPW	45.0	60.0	12	1
53	63	44	39	43	65	40	75
UGU	12.0	72.0	10	1
8	87	3	57	24	77	3	87	22	54
POB	4.0	11.0	4	1
-11	7	23	12	-13	19	17	-12	-16	16	3	19	27	20
GWD	78.0	80.0	1	1
58	93	93	55	55	88	95	96	89	70
EUG	82.0	15.0	14	1
93	9	84	11	61	11	89	25	86	23
DDW	74.0	66.0	16	1
61	80	76	67	91	52	72	77	65	65	67	76	87	49
DCT	74.0	78.0	21	1
63	82	67	54	93	92	61	81	86	81
KIE	38.0	78.0	4	1
26	78	46	87	58	82	22	67
HGR	39.0	69.0	21	1
55	73	36	54	35	58	39	79	33	84
ZAI	74.0	36.0	7	1
88	15	69	49	85	16	61	60	44	37	88	28	84	53
IOU	70.0	17.0	21	1
76	-9	81	24	49	-5	84	37	48	16	87	39
CAS	45.0	49.0	6	1
21	61	34	49	38	30	64	53	56	57	59	48
YGO	50.0	44.0	21	1
60	30	31	22	61	61	46	37	50	69	57	46
BWI	13.0	9.0	6	1
7	1	22	7	32	27	2	-6	2	17
MHO	43.0	32.0	8	1
24	28	25	39	70	21	38	39	61	35
GEO	83.0	37.0	10	1
71	24	66	54	108	15	70	32	75	43	83	57	109	38
WIO	77.0	66.0	7	1
63	72	68	62	91	67	98	73	65	58
BQY	83.0	39.0	2	1
97	37	75	48	101	60	60	18	99	36	73	50	77	25
