DOS	38.0	75.0	3	1
27	56	33	83	49	58	50	78	35	101
NCH	91.0	-4.0	7	1
79	-6	93	-9	102	-13	106	-4	79	9
ZYO	63.0	94.0	2	1
57	103	53	111	79	92	66	72
IKR	70.0	41.0	9	1
74	56	68	21	76	36	66	66	68	30
NFR	50.0	98.0	0	1
40	117	32	101	46	101	56	74	68	120	59	79
HHG	36.0	64.0	3	1
52	60	50	66	24	73	28	62	26	61
USN	9.0	91.0	2	1
16	92	14	100	-16	109	8	107	25	73	23	75	-2	83
ITQ	16.0	23.0	2	1
31	-2	23	46	34	40	-13	-2	1	27	29	46	11	8
DQW	74.0	61.0	6	1
63	84	67	50	59	65	68	46	89	64	77	37	75	83	100	60
MNZ	89.0	45.0	8	1
111	40	92	41	111	27	70	55	77	50	87	46	75	62
AVV	1.0	79.0	2	1
15	100	-5	62	1	76	5	65	0	69	-13	84	15	110	-3	72
TPO	22.0	67.0	10	1
23	75	9	53	28	65	30	77
CFS	78.0	35.0	8	1
81	39	83	33	90	41	77	35	62	22	89	42	74	39	72	33
YPZ	39.0	96.0	4	1
41	89	54	106	44	106	17	86
LTE	51.0	35.0	9	1
63	18	39	44	65	16	63	34	53	42	26	59
IQT	6.0	31.0	5	1
21	56	7	14	-1	42	9	23	-2	44	-10	19	19	19
IJK	17.0	82.0	7	1
15	91	6	78	12	98	31	90	22	56
XQU	36.0	54.0	9	1
60	40	16	76	58	59	28	34	20	63
VIU	44.0	63.0	6	1
33	75	31	73	69	66	45	40
