PMO	58.0	67.0	8	1
72	50	49	92	35	90	60	60	57	46	78	68
JMT	88.0	26.0	2	1
98	10	82	49	84	18	106	27	71	45	92	8
KXA	25.0	35.0	6	1
23	20	44	43	9	37	10	25	39	34	48	50	15	53	16	21
TCX	50.0	54.0	3	1
29	31	76	77	61	56	52	45	66	72	39	63	33	38
XID	82.0	24.0	3	1
93	42	90	20	72	38	85	-4	66	29	91	23
RZT	16.0	38.0	10	1
9	46	14	32	22	50	3	24	17	41	22	54	29	21
UJL	15.0	71.0	4	1
25	65	15	66	6	87	32	51	-3	89
FVH	32.0	75.0	5	1
7	54	53	84	52	82	20	91	51	62	12	84	30	70
UDJ	24.0	62.0	0	1
15	73	36	54	39	50	15	68	13	64	28	66
CNQ	95.0	87.0	3	1
96	83	93	73	110	93	72	87	107	100
AQS	4.0	79.0	7	1
-7	76	-5	74	3	97	4	59	20	97	8	84	11	68
OKX	32.0	18.0	1	1
43	11	23	19	54	43	14	8	9	28	52	-1
COQ	61.0	76.0	2	1
70	60	50	85	74	84	52	72	51	87	65	71	69	75
XGN	37.0	64.0	5	1
36	86	57	68	57	48	22	53	16	65
IEI	23.0	10.0	3	1
11	23	13	-4	41	5	20	13	24	18	30	6
FEB	19.0	38.0	10	1
17	61	40	19	10	51	10	21
GCJ	63.0	26.0	8	1
56	10	73	29	63	48	60	20
TMX	77.0	66.0	3	1
87	53	71	82	71	72	82	74	69	63	83	56
CDH	32.0	25.0	8	1
34	35	16	23	39	23	42	19
LNW	64.0	2.0	2	1
53	32	62	-4	49	-1	72	-5	84	-9
WPI	82.0	69.0	0	1
92	65	95	88	63	75	68	51	94	67	67	81	95	59
RYR	71.0	33.0	8	1
78	31	79	42	96	46	65	19	63	40	50	21
XPP	52.0	97.0	3	1
59	120	60	78	46	80	54	105	44	103
QMG	85.0	40.0	3	1
69	57	75	24	96	20	107	61	82	40
