HVD	55.0	79.0	6	1
73	71	62	75	39	94	54	69	47	104	58	65
UOJ	59.0	31.0	7	1
44	38	72	45	52	22	70	27	69	36	49	19
UGY	98.0	25.0	2	1
102	22	93	18	105	21	82	39	105	45	115	23	88	7
WRK	68.0	55.0	5	1
71	73	76	59	52	69	72	35	68	47	50	54	91	52
GYE	79.0	82.0	7	1
61	81	95	85	103	65	79	96	61	82	83	99	71	70
ZJM	97.0	62.0	5	1
108	82	100	42	74	65	107	69	95	60	99	56
AKR	21.0	43.0	3	1
35	35	11	41	21	43	17	55
BCR	23.0	83.0	5	1
27	92	26	68	28	104	11	68
MEE	23.0	86.0	3	1
27	91	42	77	3	101	43	89	1	75
JSH	72.0	61.0	2	1
77	64	57	72	58	59	97	41	57	73	83	67	95	70	56	45
FHO	64.0	83.0	3	1
53	90	95	88	63	68	65	84	51	80	62	95	63	82
UVM	60.0	63.0	1	1
61	64	39	60	75	81	73	59	56	54
STA	2.0	41.0	9	1
2	40	6	33	-1	55	3	39
TVY	49.0	85.0	9	1
49	71	57	90	46	82	66	94	47	96	31	80
SLP	7.0	96.0	2	1
-19	100	21	77	25	104	26	106	9	88	-3	112	-9	88
MTL	0.0	16.0	9	1
12	18	27	33	-16	21	-15	36	14	-8	-17	1
WFJ	36.0	22.0	8	1
18	25	20	35	60	36	13	6	48	24	19	9	59	23	55	24
LBD	82.0	23.0	3	1
79	10	78	28	104	37	76	3	75	40
UWC	64.0	88.0	1	1
70	76	46	109	80	83	79	87	77	79	47	94	49	88
