IML	99.0	78.0	2	1
112	81	76	62	87	66	122	70	79	83	118	106
UTP	9.0	48.0	7	1
4	67	13	44	12	34	20	33	7	57	-5	44	16	62
RXJ	52.0	8.0	1	1
86	6	41	18	41	2	46	14	49	4
XKJ	68.0	4.0	5	1
60	3	56	9	74	-9	62	-5	73	14	83	13
RVG	95.0	67.0	4	1
113	63	77	79	81	73	111	53
FVN	73.0	36.0	10	1
68	51	80	30	81	23	62	47	54	27	87	48	79	32
YSW	56.0	53.0	4	1
67	36	52	66	52	65	56	45
HXJ	88.0	84.0	7	1
116	89	74	72	80	91	96	91	77	80
ZLB	94.0	6.0	6	1
119	-9	94	24	81	1	80	-10	116	22	76	9
CZE	4.0	79.0	8	1
11	91	-1	58	8	79	-2	88
ELI	20.0	46.0	7	1
36	47	14	66	27	52	17	33	7	26	23	63	19	36
NLR	22.0	19.0	3	1
16	17	27	12	11	-4	9	41	18	25	35	34	41	14
HZU	96.0	56.0	7	1
103	66	104	58	109	48	83	57	101	49	77	59
YNQ	95.0	53.0	6	1
85	65	94	52	89	62	91	43	118	43
USI	54.0	94.0	5	1
65	74	50	95	41	118	62	97	54	87
CGD	32.0	64.0	7	1
15	62	39	83	34	61	54	55	14	61	38	67
KQS	11.0	27.0	2	1
11	32	13	11	17	45	14	34	4	14
NOW	35.0	4.0	6	1
53	12	50	-3	30	-1	28	21	16	-8
BMC	39.0	78.0	4	1
28	97	49	86	56	63	38	75	42	56	26	93
GVK	67.0	60.0	2	1
47	68	71	46	74	44	74	45	82	77	54	82
DXK	88.0	108.0	4	1
87	116	107	103	89	108	70	104	82	101	97	119
PGE	4.0	11.0	10	1
-20	23	23	21	15	8	-20	8	26	-4
QIP	26.0	6.0	3	1
12	-6	6	13	13	17	44	4	49	2	50	9	16	29	19	-14
NAN	78.0	46.0	3	1
61	67	74	56	90	28	80	58	58	48	97	26	90	41
MBX	37.0	0.0	9	1
22	-6	39	-1	49	-16	31	4	44	20
NFZ	66.0	81.0	7	1
82	81	53	69	71	88	60	89
QGN	12.0	99.0	0	1
-7	113	17	79	9	92	29	112
JBV	75.0	40.0	7	1
86	57	99	26	75	42	67	43	57	32	69	43
FWA	3.0	68.0	5	1
-7	73	-5	62	-14	64	2	72	-2	52	24	76	15	88	18	62
XLX	14.0	93.0	1	1
0	104	24	96	-7	89	1	84	20	93	25	73	22	109	27	100
ZLR	70.0	81.0	5	1
59	101	52	90	60	66	70	69	97	79	87	86
HHR	29.0	31.0	1	1
36	35	9	28	14	34	44	15	48	20	26	56
VLI	66.0	71.0	5	1
49	54	83	93	53	80	71	70	78	58
BXL	66.0	-4.0	8	1
66	-23	76	0	69	4	76	19	62	-23	58	-9	61	2
GIW	4.0	21.0	7	1
14	10	-11	27	-15	33	18	-5	15	21	-14	30	25	33
HBN	34.0	14.0	4	1
34	23	43	8	40	3	29	3	53	14	20	14	19	32	40	21
JEP	23.0	-2.0	0	1
22	-17	36	-1	37	-13	0	2	39	25	4	-8
LWL	38.0	22.0	1	1
37	21	43	9	42	34	31	27
AZI	58.0	15.0	9	1
41	28	47	6	79	8	75	4	44	6	63	40
HPC	39.0	16.0	3	1
23	35	66	-1	60	-7	19	23	30	33
