ING	95.0	87.0	3	1
105	81	86	70	97	73	105	100	103	82	74	98	115	89	76	106
OAZ	102.0	2.0	6	1
92	3	101	19	84	-20	102	-6	104	-13	116	21	119	12
LTF	24.0	85.0	9	1
7	73	17	97	36	79	12	98	32	96	42	67
WVZ	23.0	81.0	9	1
17	81	48	77	13	70	17	74	18	87	30	100
WHW	21.0	5.0	0	1
26	-4	17	7	29	29	40	8	-1	-2	38	4	0	-4
HWJ	46.0	32.0	1	1
73	36	29	42	49	25	35	28
DCI	59.0	14.0	5	1
54	14	84	-2	73	15	48	11	53	26	43	21
GWX	2.0	15.0	3	1
0	27	5	33	1	3	15	5	2	6	-10	17	22	-7	-12	36
SMV	2.0	93.0	0	1
30	109	31	89	-10	76	-13	108	1	73	9	89	-14	85	-11	118
JHT	28.0	36.0	8	1
37	50	7	23	43	24	14	51	43	32
VYL	77.0	59.0	8	1
48	68	80	53	90	74	88	48	82	55
HQF	46.0	10.0	8	1
65	-7	45	14	49	-6	45	21	40	28	32	12
KNP	90.0	26.0	1	1
73	17	97	29	76	22	97	31	108	34
SSK	12.0	62.0	2	1
10	44	27	77	29	50	-1	80	5	44	10	64	6	80
YCW	39.0	7.0	8	1
37	-13	47	0	32	29	60	27	19	0	54	-9	29	17
OOD	22.0	84.0	10	1
31	71	46	103	27	75	18	66	9	94	6	96
WNP	21.0	32.0	3	1
17	13	15	50	40	22	8	26	19	40	18	29	32	44
TYQ	11.0	98.0	3	1
25	100	0	75	1	116	42	91	-1	107	8	89	21	102	-1	108
TSX	56.0	72.0	3	1
53	75	77	61	41	87	75	78	36	61
TAL	23.0	27.0	8	1
9	13	11	27	18	31	24	20	28	40	52	31
EDH	29.0	87.0	4	1
27	82	20	109	37	78	41	85	11	95	43	96	33	88	27	70
CGJ	105.0	-2.0	6	1
95	-14	120	24	112	-2	77	-7	110	-4	116	-13
