RMP	74.0	19.0	6	1
64	13	62	16	76	31	78	24	94	11
TGG	-3.0	31.0	0	1
-13	43	20	31	6	31	-17	13	-20	39	21	16	-15	34	-10	44
SJM	91.0	84.0	2	1
106	75	94	80	84	74	81	70	79	80	93	109	103	105
SGN	78.0	77.0	8	1
90	75	60	69	61	78	97	71	82	94	90	57	69	97
WKG	49.0	5.0	9	1
54	-9	26	-1	42	16	64	6	63	16
GVO	44.0	63.0	10	1
28	44	68	49	61	87	52	50	43	88	36	59	25	70
TTQ	27.0	56.0	7	1
43	36	28	56	15	69	17	66	23	45	41	69
UKR	59.0	18.0	1	1
48	35	56	19	46	2	66	7	82	30
BHT	88.0	35.0	4	1
91	17	74	48	79	12	97	42	103	56
IBV	2.0	27.0	5	1
14	8	9	51	9	35	-21	5	9	13	-8	52
MHA	92.0	3.0	4	1
76	24	109	-14	84	20	78	-5	114	-10
WQA	0.0	16.0	6	1
24	15	16	24	-1	-12	-22	24	25	18	-21	18	-16	28
JAO	45.0	2.0	10	1
43	27	37	0	36	-1	29	20	56	-12	34	4	76	-10	49	-10
LPM	18.0	11.0	3	1
28	41	15	7	29	-6	0	2
GPR	92.0	11.0	0	1
93	-3	111	21	100	32	74	7	86	-1
