FRK	33.0	79.0	7	1
40	85	16	84	40	71	39	79
FJD	19.0	54.0	13	1
21	67	25	46	18	47	36	50	-1	63
VBN	21.0	99.0	14	1
16	78	35	112	22	98	13	93	20	116
AXB	54.0	28.0	16	1
49	32	34	19	60	37	45	43	77	3	58	48	74	32	42	11
XTG	73.0	26.0	6	1
66	37	77	28	83	26	48	20	88	33	76	12
API	17.0	8.0	15	1
40	-7	10	31	4	21	-6	-3	30	4	24	3
WJH	2.0	83.0	13	1
-14	64	2	71	9	99	18	95	-11	76	8	98
ZOT	70.0	43.0	9	1
71	22	69	50	74	62	75	60	56	35	96	46	50	28
TNY	13.0	87.0	8	1
5	67	-6	94	33	101	12	95	11	86	26	80
YGZ	9.0	17.0	25	1
0	22	20	27	14	12	19	25	-8	2
VCT	45.0	-1.0	8	1
25	10	55	-10	61	-12	41	-1	66	5	41	-3	26	-1
KYF	23.0	26.0	9	1
44	13	42	19	3	10	10	36	36	33	4	50
EDG	0.0	84.0	11	1
-14	100	-14	81	15	80	3	93	-12	94	-3	68	6	95	26	62
