AVR	95.0	68.0	18	1
91	56	95	74	68	60	105	56	107	82	113	82	113	90	70	47
SPE	81.0	31.0	23	1
80	21	92	29	67	43	76	25	91	17	84	38	82	49
TML	28.0	73.0	2	1
13	93	25	68	42	63	50	54	9	78	13	95	47	65
KUI	53.0	11.0	14	1
52	19	31	17	69	-4	53	12	64	1	51	21
NSZ	0.0	62.0	1	1
6	60	26	63	-4	62	-9	79	-20	48
RRV	65.0	78.0	23	1
81	78	48	85	76	68	43	72	78	83	70	86	65	78
CJM	82.0	85.0	0	1
84	84	74	95	95	85	87	96	70	69
CJX	78.0	71.0	8	1
76	71	67	49	76	88	72	63	100	87
IAO	50.0	44.0	9	1
20	45	64	50	60	41	59	56	49	32
IDU	36.0	8.0	21	1
24	0	25	-5	34	4	36	17	21	29	55	16	57	-2
FDQ	69.0	94.0	22	1
76	113	70	85	68	103	65	75
NEZ	51.0	90.0	6	1
50	85	49	88	57	101	26	93	56	94	48	105	74	64
QTV	74.0	75.0	11	1
59	89	66	102	93	56	70	58	97	57	61	64	74	99
YDQ	101.0	80.0	0	1
121	100	117	85	82	71	75	75	114	73
FTV	28.0	85.0	9	1
40	104	14	58	24	92	32	78	43	97	23	68	24	99
ZEE	94.0	89.0	1	1
88	99	86	84	96	103	106	73
RAZ	50.0	65.0	9	1
51	84	69	47	56	72	67	44	32	76	45	79	32	57
BOV	7.0	89.0	5	1
11	98	1	71	6	110	1	90	18	83	20	88	0	106	2	73
VUY	76.0	42.0	9	1
79	28	70	27	93	69	78	46	75	52	65	34
YXI	84.0	16.0	18	1
69	20	66	-5	85	29	81	3	90	5	97	26	101	16	89	35
ANN	19.0	97.0	10	1
30	114	1	81	7	91	-9	77	26	121	38	94	34	119	30	80
FMF	16.0	28.0	15	1
28	4	-7	50	30	42	33	9	17	24	-2	44
USX	34.0	32.0	19	1
47	10	41	38	31	42	52	39	25	42	42	38	6	16
KLJ	82.0	11.0	2	1
99	12	82	-5	93	4	69	30	77	21	82	-5	67	35	87	1
AGQ	84.0	106.0	21	1
80	105	72	89	105	111	68	119	99	109
EDG	58.0	93.0	3	1
58	78	57	109	65	83	76	80	37	81	48	115	66	107
JQL	98.0	82.0	14	1
107	100	111	65	94	82	76	66	93	87	105	66	114	88	91	104
HNY	87.0	9.0	10	1
103	3	97	10	77	7	77	1	76	20	73	13	106	9
IOR	14.0	44.0	0	1
39	71	4	60	25	30	-1	26	7	35
VSZ	-1.0	41.0	5	1
-18	35	-6	48	15	42	-19	22	-10	54	25	47	-13	52	14	30
ASS	82.0	37.0	6	1
86	23	104	28	66	32	84	42	95	50	63	34	76	54
RJL	36.0	70.0	6	1
29	56	23	73	56	57	33	89	41	75
ETF	83.0	93.0	6	1
76	90	102	91	80	104	78	92	83	92
FXA	22.0	65.0	24	1
19	41	25	87	36	60	-1	64	31	76
RVP	70.0	86.0	17	1
63	82	60	67	61	69	69	83	58	94	89	87	73	104	92	107
FGD	4.0	65.0	2	1
13	69	5	58	21	64	-7	57	3	56	-11	91
BUA	47.0	71.0	12	1
45	59	31	81	30	63	59	62	62	85	59	59	61	93	29	71
QKC	63.0	29.0	24	1
42	26	65	46	78	28	60	9	71	41	63	26
WWF	79.0	72.0	15	1
98	89	78	57	66	72	66	86	98	59	73	69
