KZS	46.0	18.0	10	1
51	21	40	41	58	28	37	1	38	10	52	8
OPF	77.0	8.0	5	1
65	-1	90	15	58	2	95	19
YVE	7.0	40.0	9	1
-8	39	16	24	28	24	5	44	-6	70
GHL	83.0	78.0	5	1
71	101	83	66	101	68	70	87	106	74	67	72
TZK	65.0	71.0	4	1
51	80	56	63	76	71	71	81	71	61
UFN	43.0	42.0	8	1
62	38	65	58	35	43	26	38	42	31	53	45	19	45
ORH	4.0	86.0	9	1
-3	99	-7	100	4	70	14	70	4	66	16	113
EHV	31.0	10.0	8	1
33	27	41	8	25	12	25	-5
SCF	77.0	8.0	4	1
63	8	77	19	86	-11	63	32	74	10	95	0	85	-1
EJK	-4.0	81.0	4	1
-15	69	-10	77	-18	100	5	103	-3	60	14	79
QYF	109.0	15.0	7	1
118	9	116	7	99	30	108	1	106	28
AUF	25.0	79.0	1	1
40	80	15	104	47	65	12	74	24	67	27	91	16	75
JLB	20.0	86.0	5	1
20	75	24	104	25	105	27	66	19	107	8	64
YKC	100.0	90.0	0	1
77	86	93	76	115	99	86	90	117	86	114	104
QPN	0.0	79.0	5	1
-18	75	-8	92	11	82	12	70
SQE	70.0	24.0	4	1
69	49	70	14	78	21	82	27	54	9
TCO	65.0	98.0	8	1
59	105	74	89	41	101	52	84	87	115	66	86	80	110
HMK	89.0	59.0	7	1
96	69	112	65	67	49	86	74	73	52	85	39	101	49	95	76
QCL	9.0	76.0	3	1
11	77	8	69	17	98	-4	64	31	73	-7	78
JRT	15.0	4.0	6	1
9	-13	8	13	-6	-9	18	17	35	23	26	-2
GIN	77.0	40.0	1	1
90	58	75	31	78	27	56	31	90	56
FIW	36.0	46.0	9	1
12	47	35	55	45	35	49	49	43	45
XIS	16.0	64.0	10	1
-2	66	-2	62	28	45	26	81	33	78	18	57
RPN	25.0	75.0	10	1
23	92	40	62	33	80	9	67	23	74
OQQ	13.0	81.0	1	1
-11	62	15	97	22	89	28	77
