XBF	76.0	76.0	2	1
63	84	83	67	100	65	76	68	58	96
GYG	83.0	8.0	4	1
77	29	107	25	68	-18	72	-15	87	5	89	27
CIM	46.0	53.0	1	1
31	54	66	46	44	46	60	66	35	66	64	51	27	44
LMX	83.0	102.0	9	1
80	90	87	107	102	122	82	90	98	122	65	103	75	91	81	96
UNA	61.0	46.0	6	1
72	58	66	35	54	48	57	28	57	61
ESK	23.0	34.0	2	1
6	29	43	31	40	52	12	15	14	45
KOC	64.0	32.0	6	1
73	49	78	13	56	25	65	48	52	28
LGU	57.0	26.0	8	1
73	14	79	16	54	24	56	36	37	29	51	52	50	16
SVB	95.0	59.0	9	1
72	58	101	44	113	53	96	74	109	44	73	65	101	47	95	91
UHM	65.0	4.0	2	1
87	-14	57	4	47	24	85	20	45	0	71	-10
LBH	9.0	35.0	6	1
-14	22	16	38	10	38	26	60	9	17
QDM	39.0	16.0	2	1
26	19	62	15	21	-3	30	26	59	25
HBE	14.0	63.0	2	1
8	65	26	40	11	76	-2	50	8	78	33	69
SDI	16.0	101.0	7	1
23	117	30	91	-1	103	14	110	0	101	32	87
UFZ	63.0	19.0	8	1
81	-3	71	42	68	24	62	25	54	22	67	15	40	13
UUV	29.0	34.0	9	1
25	32	24	61	26	41	42	17	31	21
IGG	7.0	98.0	1	1
25	108	6	85	6	95	0	110	-1	93
