OTN	79.0	82.0	11	1
72	108	75	63	87	90	92	89	57	79	92	66
AZZ	87.0	17.0	14	1
66	1	89	34	91	5	96	34	97	11
CKF	80.0	72.0	25	1
64	65	93	67	86	84	63	77	98	70
XNQ	92.0	25.0	22	1
79	45	103	42	67	7	105	15	92	15	107	27
QYD	3.0	31.0	10	1
-11	54	29	18	-15	11	10	44
SIN	77.0	65.0	1	1
85	86	53	61	82	63	76	65	89	50
XXN	76.0	1.0	9	1
68	-10	78	-5	59	-5	81	24	72	-2	103	5
APX	37.0	45.0	2	1
44	53	37	45	23	41	54	36	30	53
FVB	38.0	58.0	13	1
30	75	52	78	48	40	16	52	21	44	39	79	61	43
WCM	41.0	44.0	9	1
18	54	45	28	27	60	46	55	51	32	63	40
NJN	75.0	30.0	2	1
87	26	76	42	76	13	49	22	80	33	65	49	76	44	92	17
RRU	11.0	77.0	11	1
14	92	25	85	13	68	22	76	2	67	-6	76
BJQ	43.0	62.0	6	1
49	55	52	72	36	72	22	40	56	73
NML	47.0	79.0	21	1
39	58	66	66	47	105	38	104	39	93	33	58	69	70
FDD	54.0	87.0	17	1
31	99	33	90	68	91	50	83	63	58	74	86	62	106
CMG	68.0	22.0	18	1
53	31	60	13	55	28	73	39	58	13	90	20	84	23	78	9
AVU	74.0	16.0	18	1
88	9	66	28	92	6	74	33	88	11	47	20	67	8
KSM	91.0	13.0	6	1
100	-8	103	23	66	9	96	5	89	26	89	1	95	36
AXG	42.0	27.0	21	1
46	14	35	12	50	30	30	43	38	15	54	52
KDE	94.0	63.0	6	1
84	66	105	48	106	64	79	81	102	49	92	71
OED	37.0	79.0	25	1
45	70	21	82	32	79	41	75	19	86	54	87	52	80
LYY	36.0	8.0	23	1
54	25	49	-2	29	8	14	3
YME	86.0	95.0	20	1
75	103	73	88	106	79	108	105	64	98	92	99
UVC	87.0	17.0	20	1
82	11	70	17	113	29	93	8	78	20
APF	45.0	65.0	2	1
39	65	39	90	69	44	46	52	38	88	50	51	36	71
TPE	19.0	8.0	12	1
37	-3	36	-2	3	26	13	-2	11	19	15	13
CJY	44.0	15.0	23	1
30	11	40	15	42	26	54	28	60	-3	32	1	54	30
YWK	66.0	95.0	24	1
79	101	80	92	62	100	44	89
DID	31.0	57.0	7	1
34	75	29	48	32	52	24	45	16	85	37	48	60	60	21	48
ZBE	21.0	11.0	25	1
25	9	10	-11	18	-2	29	13	25	26	14	24	29	22
WVV	99.0	89.0	1	1
102	107	108	99	104	83	74	74	109	84
