PQM	76.0	107.0	10	1
57	104	96	113	68	87	73	99	61	120	92	118	86	112
OAK	63.0	76.0	9	1
59	103	62	66	71	72	65	88	43	89	64	55	77	62
AIR	13.0	20.0	4	1
-9	42	-5	3	35	24	34	11
ZHA	31.0	7.0	2	1
14	-7	48	3	52	20	16	23	26	-4
PBL	56.0	61.0	4	1
43	61	57	63	68	67	39	60	75	54
HFH	95.0	39.0	3	1
92	40	93	37	118	49	87	47	89	25
GMZ	46.0	83.0	6	1
49	84	31	110	49	68	60	73	54	106	32	72	49	70
HJB	72.0	33.0	1	1
62	28	74	39	68	53	71	29	59	13	88	20	85	51
AGZ	34.0	61.0	1	1
33	49	43	57	42	92	23	73	34	52	24	48	32	60	47	58
SJC	69.0	78.0	5	1
49	98	83	73	51	62	78	89	88	72
OFC	46.0	72.0	4	1
66	86	51	60	44	65	37	87	37	69	43	65
WML	84.0	13.0	7	1
65	18	68	18	100	17	78	-16	107	28	90	14
VYT	83.0	27.0	2	1
74	19	87	34	68	45	90	44	71	33	90	6	106	13
VYZ	103.0	88.0	0	1
111	81	112	91	108	93	87	83	100	78	121	95	91	103	98	80
ZWE	30.0	24.0	9	1
27	33	34	29	18	20	41	17
CPT	47.0	23.0	3	1
58	5	61	28	51	16	31	25	37	42
GGW	1.0	0.0	5	1
0	-2	16	-24	3	16	-21	-1	9	15
TUJ	52.0	7.0	3	1
31	24	32	-19	65	22	68	7	55	14	62	-2
EMX	51.0	27.0	0	1
67	29	51	11	55	47	47	49	41	6	50	23
GGX	84.0	35.0	1	1
69	22	84	36	79	51	72	11	96	44	99	28	74	41	106	54
RJQ	30.0	1.0	3	1
13	18	15	0	43	-11	39	2	27	0	18	-3	55	1
NWQ	15.0	84.0	3	1
21	81	14	74	18	100	10	84
BSV	16.0	10.0	5	1
17	-12	-5	24	22	16	32	16	15	7
CFZ	2.0	66.0	5	1
19	47	0	83	1	67	9	56	1	76	-13	68
MAJ	31.0	18.0	7	1
30	38	26	-1	32	27	37	9
KFK	19.0	48.0	4	1
22	44	41	68	-8	38	33	35	28	67	27	30	-5	57
SQI	0.0	98.0	7	1
-10	104	-15	111	18	97	9	81
JTS	49.0	34.0	8	1
48	16	51	36	58	33	69	60	61	24	29	12	33	59
WBW	75.0	65.0	7	1
58	64	58	74	67	61	99	74	62	56	86	49	96	81
GUJ	10.0	32.0	4	1
-8	38	0	15	17	42	18	21	15	38	19	42
HKU	40.0	0.0	2	1
53	-16	35	24	33	-14	32	0	57	-17	32	18
XJW	5.0	42.0	8	1
8	50	24	56	12	55	10	27	-15	37	-4	31
YKT	26.0	15.0	1	1
41	9	6	1	16	35	27	19	25	24	14	11	41	-6	38	30
KST	73.0	39.0	9	1
81	51	73	14	78	33	55	47	81	52
QUM	31.0	95.0	5	1
25	78	51	95	26	109	26	104	16	110	22	70	53	105
QGV	71.0	56.0	2	1
72	63	72	55	67	69	47	81	82	46	79	35	81	44
DMS	49.0	42.0	7	1
58	31	28	66	48	45	64	26
YBG	18.0	96.0	6	1
17	92	14	74	26	104	31	96	17	108	3	107
HNX	19.0	15.0	9	1
23	23	19	-3	12	14	23	-5	30	25	8	36
EEL	47.0	16.0	2	1
49	23	57	12	59	14	23	22	61	24	35	5
GMT	43.0	81.0	10	1
53	87	29	98	50	62	52	58	59	85	28	67	21	96	56	95
UUD	53.0	39.0	5	1
54	54	70	26	64	46	38	41	27	42	58	41	60	26
INX	80.0	76.0	4	1
65	49	67	88	85	76	84	76	89	82	91	86
HTL	43.0	81.0	6	1
38	87	36	70	59	97	40	73
JCQ	93.0	60.0	8	1
80	68	117	63	96	57	93	65	84	68	85	47	108	60	82	57
AQH	78.0	71.0	9	1
50	55	91	58	67	65	67	92	97	96	97	62
VUT	90.0	51.0	7	1
83	61	89	67	105	54	102	27	71	49
KIQ	56.0	73.0	10	1
56	99	61	65	35	97	59	64	76	61	65	61	40	65
