DDA	31.0	57.0	7	1
40	77	30	75	42	31	24	62	8	51	42	49
BUQ	78.0	4.0	9	1
65	-4	83	2	80	22	97	-8	79	1	81	29	63	-12
DHD	84.0	88.0	18	1
98	89	97	80	88	85	58	92	82	96
ITQ	68.0	32.0	15	1
74	45	73	54	73	11	65	17	58	34
LNR	73.0	66.0	13	1
68	61	92	74	73	61	67	53	61	79	69	66	82	68
YSX	43.0	49.0	14	1
38	51	53	55	20	57	60	58	61	49	31	38	27	29	60	56
IWD	42.0	83.0	13	1
32	96	54	62	52	80	47	98	29	80
JIE	6.0	79.0	17	1
16	69	-1	103	14	72	-3	72
XEO	9.0	81.0	25	1
15	90	1	89	14	91	21	73	-5	65
XWF	69.0	20.0	4	1
56	22	76	9	63	22	76	17	63	34	72	46	84	14	66	2
ABH	13.0	44.0	1	1
18	36	27	55	4	47	-1	33	17	49
NPQ	3.0	60.0	22	1
6	80	11	50	-3	56	10	61	-5	56
MLC	76.0	42.0	6	1
69	24	90	29	75	61	79	60	68	46	76	36
LEU	73.0	85.0	16	1
72	71	56	98	64	77	99	92	57	69	74	100	89	90
