ZSD	46.0	49.0	7	1
34	60	63	34	51	61	53	70	22	41	57	32
CNG	101.0	43.0	1	1
80	32	99	37	83	48	114	36	122	69	122	25	88	55
JZB	13.0	39.0	6	1
-3	47	13	27	6	45	29	33	7	25	34	43	7	53
UDM	29.0	39.0	16	1
19	33	36	50	28	31	22	34	38	35	31	52
LUC	72.0	-3.0	5	1
68	-2	83	-19	57	17	50	-23	85	10	90	-6
DEE	31.0	96.0	10	1
33	98	37	102	31	72	25	101	31	109
EQW	42.0	38.0	1	1
45	50	28	49	30	17	55	26	56	48
QWK	84.0	33.0	9	1
73	42	92	37	88	19	100	36	68	35
LLW	88.0	59.0	20	1
93	38	99	77	81	73	82	48
AOG	36.0	67.0	18	1
51	67	11	49	40	56	50	81	29	82
OOF	85.0	92.0	18	1
105	100	79	91	90	81	72	98	91	97	76	85
UOP	26.0	25.0	22	1
30	34	48	32	12	25	15	12
GUI	88.0	41.0	17	1
91	33	64	29	99	18	92	53	87	50	95	64
MJG	5.0	79.0	10	1
-1	89	-5	84	8	92	5	51	16	64	11	90	7	83
