CJH	82.0	76.0	5	1
79	57	93	98	86	64	85	73	95	79	69	91	71	73
PEQ	6.0	-4.0	3	1
16	21	-5	-11	23	-12	-20	-16	-1	-22	26	15
VCC	53.0	42.0	0	1
61	40	63	64	66	64	47	31	59	40	43	30	33	30
HNI	95.0	96.0	2	1
102	108	74	91	91	112	113	74
XZC	72.0	79.0	2	1
83	90	89	87	77	80	64	84	71	58	50	77
IYE	28.0	57.0	3	1
28	73	38	71	29	68	45	36	3	41
WCD	-2.0	3.0	8	1
6	-16	-10	21	-15	-12	-3	2	-9	14	19	14
RUT	47.0	74.0	8	1
44	61	50	60	58	82	44	97	35	75	54	71
JMV	62.0	54.0	7	1
54	76	50	41	62	40	75	54	53	47	78	67
PZL	55.0	53.0	5	1
78	67	53	44	64	59	50	67	45	36	40	51	70	48	46	58
USK	100.0	24.0	10	1
114	34	108	15	74	3	111	21	110	32	78	33	106	35
KSJ	89.0	22.0	3	1
85	18	113	37	110	35	73	15	69	13	95	33	107	21	66	6
VZE	11.0	14.0	3	1
6	38	32	14	-9	12	9	3	19	6
MGA	16.0	41.0	1	1
22	36	33	33	-1	43	10	53
HSD	11.0	36.0	4	1
8	37	14	51	-18	38	27	18	22	40	27	41	4	25	6	38
QSC	55.0	6.0	5	1
44	-10	40	6	47	5	62	18	86	12
MNM	79.0	52.0	1	1
66	40	69	45	61	67	87	64	100	47	95	54
BMF	97.0	24.0	2	1
92	18	86	33	107	15	109	27	95	31
RYY	72.0	81.0	3	1
64	63	55	76	65	100	90	82	69	77	92	75	72	96
CUV	87.0	24.0	6	1
74	32	88	29	112	18	74	20
OXA	-3.0	85.0	5	1
-19	82	7	83	5	95	4	79	-1	100	-18	76
GXG	94.0	93.0	6	1
94	94	90	110	74	108	120	73	96	88	118	99	72	80
IWB	80.0	50.0	4	1
80	27	98	55	91	28	80	68	74	31	78	70	65	75
ZZS	24.0	13.0	3	1
32	5	24	26	48	27	11	-14	17	23	17	14
WHH	14.0	94.0	9	1
25	104	5	103	17	71	34	94	9	98	-6	99
FFD	74.0	-3.0	1	1
70	-3	58	6	81	-18	74	4	63	-2	90	-8	88	-2
CBI	66.0	68.0	6	1
64	89	60	43	77	74	61	61	69	74
EAT	63.0	20.0	2	1
73	13	44	25	88	1	48	9	74	4	50	47	43	31	84	34
YMB	23.0	99.0	8	1
6	78	15	111	20	85	11	95	32	102	43	101	28	115	36	107
ZHB	35.0	80.0	0	1
28	99	48	59	24	84	28	97	29	58	46	67	47	100
CUY	91.0	17.0	8	1
78	5	99	27	75	27	113	9
KGW	81.0	32.0	2	1
77	54	81	26	87	41	79	14	97	45	65	16
UQL	100.0	49.0	1	1
83	52	80	21	86	67	115	55	103	67	119	26	119	59
QAU	95.0	79.0	6	1
96	101	97	60	105	81	77	88	101	66
WHX	26.0	20.0	6	1
30	11	31	12	28	14	21	40	22	25
AAP	16.0	84.0	9	1
15	83	-6	77	33	72	36	99	-6	83	1	93	20	64	38	102
CFC	74.0	5.0	1	1
81	22	83	-6	94	22	64	-15	52	3
UAG	80.0	21.0	9	1
94	23	98	8	52	26	57	21	99	29
HVM	76.0	74.0	0	1
85	66	64	71	85	75	68	75	82	87
JXL	73.0	62.0	5	1
68	52	90	43	59	77	74	82	90	41	83	37	66	85	60	81
NGA	12.0	63.0	5	1
14	81	30	73	15	81	20	44	-15	38
