JWT	85.0	83.0	1	1
96	82	63	81	101	76	74	100	95	80
QPN	28.0	-10.0	0	1
29	-11	48	1	5	-17	32	-16
FRC	87.0	51.0	3	1
79	51	81	48	102	41	87	65
TCD	78.0	55.0	0	1
74	44	94	53	73	52	78	67	74	60
JRL	55.0	81.0	2	1
57	84	32	88	58	77	75	77
PUY	94.0	75.0	10	1
95	58	103	61	104	80	95	88	75	92
GWH	50.0	5.0	6	1
60	6	54	33	44	-3	51	-12	43	4
JTP	72.0	74.0	3	1
68	82	84	62	60	73	76	81
PWW	57.0	43.0	7	1
41	21	61	57	50	68	77	26	52	49	52	29	72	52
UKZ	30.0	58.0	4	1
39	58	36	63	13	65	21	57	19	46	53	62
OJT	92.0	15.0	2	1
100	28	89	26	66	-9	112	25	109	34	97	9	76	-5
GJP	70.0	0.0	9	1
85	21	65	-13	76	-1	39	7	78	-19	70	10	81	-7	71	9
QRN	18.0	102.0	8	1
4	97	5	109	3	105	47	119	31	82
WTD	36.0	9.0	2	1
56	31	33	-14	53	16	37	30	37	-9	22	9	20	2
SSP	0.0	86.0	4	1
-21	78	17	100	3	75	0	83	-20	77	17	104
ALV	37.0	6.0	9	1
26	-10	45	1	20	12	54	17	40	26	41	-10
GAK	1.0	37.0	8	1
-1	46	-5	25	-5	31	18	46
BTO	71.0	82.0	8	1
76	73	93	76	70	74	61	91	55	96
DDI	51.0	53.0	4	1
50	44	39	54	68	43	40	71	72	70	42	37
JAG	98.0	95.0	5	1
101	102	97	95	99	81	112	116	82	84
SDS	9.0	51.0	2	1
0	47	14	60	9	56	0	48	23	44
