CWH	77.0	24.0	2	1
76	12	75	8	72	44	81	38	69	21	60	32	86	33	102	4
NUN	3.0	53.0	10	1
0	40	30	54	-3	49	-2	63	-9	71	6	44
ENF	101.0	54.0	4	1
110	57	106	59	96	65	101	38	97	62	99	46
EHY	11.0	8.0	6	1
-8	-3	34	3	18	9	2	23
XTY	74.0	37.0	1	1
85	54	68	16	83	31	51	44	87	43
KER	85.0	20.0	6	1
76	2	77	17	83	10	97	39	60	34	95	25	108	17
YBY	34.0	82.0	5	1
30	94	9	51	45	93	42	95	46	95	33	68
KIG	32.0	51.0	2	1
37	42	45	57	32	65	25	52	10	38	46	56
KMJ	42.0	92.0	8	1
32	115	50	79	66	81	24	82	63	103	41	90	21	94
RSQ	49.0	73.0	0	1
46	71	49	101	50	58	52	64
QHM	45.0	57.0	1	1
52	57	36	60	35	47	66	54	37	71
UGE	5.0	72.0	4	1
-2	73	-14	49	2	74	14	90	24	71	17	67	5	64	-3	91
FPL	62.0	93.0	9	1
52	115	81	101	59	77	56	81
FEL	8.0	-5.0	9	1
18	-20	-12	12	22	-17	7	2
LSR	93.0	91.0	3	1
83	87	87	85	106	92	96	103
NRU	9.0	68.0	2	1
32	51	8	58	9	81	10	65	2	79	-4	74
OXR	47.0	79.0	1	1
67	82	65	76	45	73	28	91	33	76
DFA	36.0	102.0	4	1
52	116	33	94	43	115	22	84	30	102
SIK	51.0	73.0	10	1
41	76	44	52	64	89	64	89	44	60
PFQ	14.0	0.0	3	1
13	-12	0	-1	16	-10	41	9	11	-4	15	16	4	16	17	-9
LDQ	42.0	45.0	4	1
51	50	63	36	20	54	32	37	33	28	53	65
CRF	92.0	53.0	8	1
97	54	86	35	107	48	81	78
