QWI	28.0	77.0	7	1
33	100	46	82	18	65	15	54	28	86
ZJC	30.0	79.0	1	1
43	76	18	77	9	67	51	91	32	87
KGJ	29.0	68.0	3	1
38	52	31	84	19	64	11	77	50	70	30	48	27	85
TWQ	26.0	12.0	8	1
36	16	16	-1	37	19	30	3	12	24
VOR	92.0	-6.0	8	1
82	-3	105	-18	110	5	83	6	111	5	82	-18	97	-17	72	-11
CBD	46.0	56.0	1	1
28	37	50	77	52	70	44	42	30	64	51	62	73	41
THD	83.0	10.0	5	1
93	34	70	-3	91	-1	99	0	63	16	83	19
WYY	52.0	41.0	4	1
34	56	41	56	63	21	65	25	52	56	57	34
BBF	102.0	-1.0	4	1
112	-18	87	21	84	15	107	-21	121	-5
RMC	56.0	87.0	8	1
44	75	38	74	67	81	68	74	39	106	84	117
CSP	54.0	24.0	1	1
69	31	56	41	35	23	37	19	77	6
STD	47.0	42.0	5	1
54	45	24	37	65	28	26	32	29	58	65	49	67	47
ZFF	45.0	86.0	7	1
51	77	58	83	42	91	27	63	31	104	53	81	58	106
RRT	69.0	33.0	9	1
62	19	59	21	68	36	68	57	86	35	82	27	61	39
IEX	92.0	92.0	1	1
87	87	78	93	86	107	86	103	89	77	107	94	117	83
FXG	14.0	61.0	10	1
28	73	12	47	-10	74	4	72	36	27	14	73
YAW	29.0	76.0	9	1
39	84	29	98	14	65	48	86	41	64	20	84	26	75	16	53
PDD	70.0	52.0	5	1
79	66	63	57	84	38	57	48
MFA	30.0	-1.0	0	1
15	2	49	6	28	-20	22	-6	43	22	43	7	15	-18
VFA	52.0	54.0	2	1
51	54	62	43	36	51	36	33	72	74	72	49	39	74
QDO	14.0	15.0	2	1
16	4	19	5	27	33	8	10	9	5	9	36
KKE	93.0	17.0	1	1
77	1	119	23	86	10	72	34	103	13	85	5	110	10	95	41
MHA	11.0	44.0	5	1
11	35	-2	27	5	60	31	55	17	66	11	20	0	38	20	57
ZTB	-1.0	90.0	9	1
-20	93	-3	111	-11	94	22	70	-2	99	-9	102	13	67
MGJ	23.0	84.0	5	1
19	67	15	102	51	75	9	95
TJC	33.0	95.0	6	1
17	89	33	97	45	91	43	93	58	105	18	77	18	117
GZN	38.0	5.0	7	1
57	-2	21	30	38	12	51	16	42	-14	21	-10
NMW	21.0	94.0	4	1
22	87	-6	115	-5	74	37	81	41	118	33	91	30	93
LKF	22.0	83.0	0	1
32	62	30	90	11	70	35	89	-7	89	34	98
