BZK	15.0	30.0	8	1
15	30	14	49	10	34	26	18	27	29	7	13	6	43
XYZ	-2.0	29.0	7	1
22	39	-15	26	23	30	-15	42	-13	11	-17	29
WFX	87.0	38.0	15	1
77	22	67	53	101	52	101	53	86	48	97	23	84	17
LXG	96.0	97.0	11	1
74	102	94	104	115	108	105	75	104	93	107	84	78	119
PNE	0.0	82.0	22	1
-11	90	22	68	8	88	22	80	-13	81	-9	67	-14	106
TNZ	17.0	9.0	9	1
21	-9	20	0	10	22	17	36	16	18	20	-12
LXZ	95.0	30.0	24	1
94	28	110	45	78	40	105	38	80	22	107	7
GMR	47.0	54.0	12	1
42	70	60	30	30	51	37	61	58	36	61	58	43	76
TAX	45.0	47.0	14	1
23	66	64	38	50	62	55	62	26	32	64	40	31	50	51	28
AVW	8.0	24.0	10	1
24	38	-3	4	12	25	29	17	19	15	-13	37	2	39	0	22
ODW	24.0	52.0	20	1
28	72	19	26	39	31	16	64	23	66	20	54
OBG	48.0	26.0	13	1
61	10	31	24	45	55	34	21	72	21
GFW	86.0	39.0	3	1
111	64	67	40	63	28	103	25
MGW	59.0	24.0	13	1
43	6	72	33	67	28	61	9	59	31	56	38
OQU	84.0	22.0	10	1
85	52	85	34	103	32	71	11	84	12	79	6	81	12
MQX	81.0	3.0	18	1
96	10	59	-7	62	1	104	-10	86	24
ZPV	46.0	27.0	1	1
44	36	26	40	40	32	44	18	37	25	72	19	60	24
FXF	61.0	88.0	14	1
54	77	52	106	60	72	78	76	41	85	64	112	81	92
VRC	71.0	87.0	1	1
78	98	88	84	70	83	66	101	57	70
