KKL	58.0	58.0	15	1
50	48	42	35	67	63	57	74	64	65	69	64
MKA	46.0	24.0	24	1
38	25	74	12	32	47	59	23	28	16	28	18	68	31
BHN	83.0	81.0	2	1
88	65	85	82	84	107	92	79	69	72
ZYG	32.0	59.0	12	1
26	65	28	61	48	44	27	68
MUN	30.0	85.0	6	1
56	80	19	70	17	98	34	95	35	84	16	97	38	74
CHI	12.0	17.0	8	1
-3	10	22	31	7	0	33	13	6	20	18	40	4	8
DFY	35.0	70.0	19	1
59	100	52	67	25	66	29	71	23	56	27	60
SSS	30.0	77.0	3	1
36	79	39	78	17	103	25	57	40	78	15	60	44	85
DWJ	1.0	78.0	15	1
-3	66	4	59	18	102	-8	81	-5	86
ZLY	18.0	68.0	13	1
30	75	26	90	15	76	-11	64	27	60	16	59	25	57
UPL	81.0	32.0	1	1
81	46	91	30	56	36	96	16
YIJ	41.0	82.0	12	1
52	90	48	61	45	103	25	97	58	80	20	65
IKG	56.0	2.0	25	1
37	6	62	-11	73	23	45	23	36	-3	78	-17	62	-7
TEA	37.0	32.0	1	1
59	45	23	18	17	53	42	13	44	17	39	46
TUZ	84.0	6.0	14	1
69	-12	96	-13	92	15	68	26	109	-5	96	17	64	20
TDL	38.0	42.0	22	1
45	53	40	38	46	45	11	32	48	45
OZC	62.0	98.0	5	1
48	75	68	106	50	102	82	109
