QHA	67.0	26.0	6	1
57	5	58	14	85	41	81	48	58	25
JLC	30.0	27.0	9	1
59	51	29	10	46	39	16	25	13	37	14	14	34	19
FMQ	41.0	47.0	4	1
51	44	34	27	24	58	55	62
CBI	80.0	29.0	0	1
69	34	74	27	67	17	101	41	104	14	66	44
QSW	87.0	63.0	8	1
86	45	81	74	102	51	75	52	101	74	90	58	79	90
LZT	34.0	22.0	9	1
21	26	41	6	49	30	45	42	21	5	14	13	41	44	40	11
KOV	38.0	76.0	2	1
44	89	33	53	36	75	33	80	47	83
ZAP	85.0	19.0	1	1
69	23	98	0	114	18	96	13	70	43	71	24	82	14
RWW	34.0	62.0	5	1
29	65	59	49	36	81	58	70	31	43	13	71	12	58
JNP	41.0	15.0	7	1
39	31	23	2	65	24	44	7	42	24	41	17	35	4
LRS	85.0	21.0	9	1
56	10	90	24	95	25	100	26
FWN	66.0	89.0	7	1
59	73	50	82	65	93	59	114	98	86
MVK	35.0	91.0	8	1
39	101	16	108	40	80	47	77
VZY	16.0	31.0	10	1
7	46	20	13	20	41	24	46	36	25	7	17	-2	35
BAJ	5.0	74.0	6	1
19	88	12	58	-11	82	15	84	-9	61
SDN	44.0	86.0	9	1
45	94	68	81	48	86	32	97	43	95	30	64
MCV	94.0	92.0	9	1
94	78	74	110	105	92	106	90
HGO	36.0	96.0	10	1
48	71	44	117	53	109	11	80	26	88	37	111
ITU	37.0	94.0	6	1
26	103	51	88	34	100	39	88
RMF	25.0	19.0	2	1
35	37	18	2	0	28	32	2	44	37	17	38	45	-6	13	18
SDS	1.0	36.0	1	1
10	43	-2	30	-8	57	16	37	-4	25	-14	54	26	21	-16	27
TML	59.0	66.0	2	1
77	69	43	54	53	94	56	62	68	64	74	82	35	46	71	57
ZDF	72.0	39.0	2	1
76	27	56	49	80	25	87	38	66	31	80	46	61	56	70	43
BFT	64.0	24.0	2	1
80	9	47	15	55	44	83	5	47	38	72	35
HDX	29.0	-2.0	8	1
45	-7	3	18	10	-13	44	-17	43	5
NQA	65.0	89.0	1	1
61	97	78	76	79	106	48	99	59	68
JBN	24.0	78.0	5	1
-5	66	39	104	30	68	28	63	31	92
REW	73.0	95.0	9	1
86	107	56	85	59	85	78	107	88	113	71	73
VVY	27.0	25.0	6	1
8	41	29	20	26	16	46	10	40	48	16	18
WHU	10.0	36.0	7	1
15	61	7	19	-3	27	23	38	25	24	-2	48
HVG	61.0	55.0	3	1
87	70	63	57	55	68	51	60	71	33	75	49	53	69	39	37
TYZ	70.0	87.0	10	1
74	89	60	100	56	72	74	66	70	102	72	101	92	104	62	66
SPH	83.0	63.0	3	1
108	56	74	63	75	64	75	64	83	70
EWE	75.0	7.0	9	1
69	0	93	21	64	18	76	-9
BIL	23.0	69.0	6	1
23	88	23	89	26	54	6	60	14	72	51	53
MDR	3.0	2.0	6	1
-10	13	12	18	18	-9	28	4	-11	10	-12	-18	2	0
GPW	34.0	45.0	1	1
58	35	48	46	22	69	22	38	28	57	29	27
MDK	42.0	51.0	6	1
30	42	51	60	36	44	32	39	60	56	44	69
PAI	28.0	68.0	4	1
16	92	40	49	32	63	35	74	30	55	15	79
HQD	83.0	33.0	0	1
92	19	85	18	69	58	80	11	89	42	89	51	80	33
PRB	37.0	-1.0	8	1
45	16	48	-6	44	-8	25	-6	23	-2
VWQ	10.0	39.0	10	1
35	26	17	47	-1	49	-8	35
AGC	72.0	48.0	3	1
53	40	58	37	88	36	83	55	68	70	67	36	75	67	90	50
YNO	86.0	73.0	7	1
106	87	86	80	105	52	76	54	73	82	93	62	65	96
GTT	24.0	64.0	1	1
19	74	39	50	47	45	3	81	29	51	12	87
PDX	24.0	79.0	7	1
26	82	16	76	14	68	18	90	30	82	40	80
