QQP	67.0	24.0	1	1
65	37	72	9	59	8	79	31	45	18	70	49	81	17
THM	-2.0	4.0	2	1
1	1	-23	-13	-22	35	25	-13	8	14	-7	2	4	8
HFL	71.0	84.0	2	1
51	102	90	66	60	70	76	96	82	88
SMS	10.0	77.0	8	1
14	75	-1	87	7	79	-2	93	35	53
NGO	16.0	73.0	3	1
-8	100	24	60	14	61	15	75	38	70
CTR	29.0	45.0	5	1
22	29	16	56	43	45	29	55	39	42
BFP	102.0	74.0	8	1
114	99	86	62	109	87	98	64	103	59
LAG	104.0	40.0	7	1
92	47	89	44	120	13	116	57
SVO	28.0	88.0	0	1
10	110	11	91	44	62	42	86	10	94	38	75	46	98
XIU	6.0	56.0	3	1
5	43	-7	65	13	58	19	68	6	71	5	35
QKU	57.0	-1.0	6	1
29	-16	63	5	72	13	65	-9
EFD	-3.0	14.0	8	1
2	18	-19	32	-21	8	26	0
SVQ	64.0	4.0	2	1
58	-7	82	3	65	12	54	-1	77	14	55	14	79	0	49	-2
SJO	47.0	78.0	2	1
48	91	26	71	64	66	52	87
EUV	18.0	42.0	9	1
-9	32	28	68	35	41	21	36	18	34
VBF	0.0	35.0	1	1
-5	21	-17	35	-9	48	29	22	-12	57	15	27
NWI	48.0	9.0	2	1
52	21	65	-1	43	0	18	21	47	16	60	-10	55	16
LCZ	47.0	93.0	7	1
40	77	43	110	49	80	50	95	57	104
LXU	76.0	79.0	5	1
94	83	63	99	77	66	73	70
MYZ	78.0	18.0	2	1
76	29	92	5	69	46	97	26	61	10	77	13	75	3
YSR	94.0	71.0	1	1
113	59	109	62	83	88	79	69	87	63	94	85
