JCU	71.0	-4.0	7	1
60	-6	66	-3	82	11	61	-11	89	-11
SYK	48.0	18.0	9	1
37	25	56	17	36	1	64	31
MQV	67.0	48.0	10	1
45	49	69	44	81	68	81	47	75	33	53	48
QFY	22.0	24.0	1	1
13	27	37	35	13	23	25	12
OPU	24.0	13.0	15	1
38	12	16	0	28	38	20	3	18	16
DXA	24.0	64.0	11	1
22	49	15	77	9	63	11	62	40	84	52	51
FBZ	71.0	93.0	15	1
68	89	68	68	81	86	85	107	52	106	72	106
LRM	102.0	69.0	9	1
110	65	107	58	87	65	109	80	98	81
XDC	101.0	70.0	20	1
84	61	93	72	97	57	113	73	104	75	111	92	105	63
NJW	36.0	15.0	6	1
46	29	42	41	11	23	34	4	42	3	46	4	26	13	48	5
WHG	105.0	70.0	6	1
92	60	100	85	112	76	102	63	109	47	111	70	112	90
EGW	10.0	23.0	17	1
6	9	3	14	2	16	11	35	9	39	29	27
KZA	71.0	92.0	23	1
58	73	81	112	63	100	85	85
VAA	73.0	102.0	6	1
56	120	77	99	86	120	87	73	62	102
FTT	2.0	3.0	14	1
29	-6	9	4	8	18	-14	-12	-8	23	-7	-8
EJZ	47.0	46.0	19	1
42	27	71	50	28	47	36	56	47	45	60	55
VZW	60.0	62.0	17	1
52	57	61	70	45	40	55	76	53	78	87	69	56	50	76	60
CGJ	58.0	0.0	6	1
43	-3	40	-6	82	-2	43	17	86	-4
NCE	10.0	0.0	12	1
18	15	26	0	11	6	8	-12	16	-22	-15	17
YGV	29.0	41.0	6	1
19	42	13	25	53	44	32	55
UTF	19.0	13.0	11	1
22	31	32	-6	6	10	37	21	18	0	-1	24
VWL	22.0	71.0	19	1
-6	59	29	70	18	90	40	79	33	60
WIP	95.0	28.0	22	1
106	42	74	13	98	38	104	19
BMX	29.0	17.0	22	1
49	-5	33	20	26	4	20	32	18	37
WWO	42.0	30.0	13	1
55	19	34	39	34	25	60	45	28	25
AUC	92.0	74.0	21	1
84	102	100	101	105	68	104	63	77	64	81	57	94	64
ACB	89.0	10.0	9	1
93	-18	93	27	84	21	89	23	86	-1
ONH	40.0	64.0	7	1
47	83	44	58	25	48	45	75	31	79	50	51	62	67	23	56
KIH	61.0	30.0	2	1
78	36	81	29	49	20	57	48	44	17
RQD	2.0	20.0	2	1
4	26	3	17	-6	10	23	22	-13	28
KBS	14.0	73.0	3	1
10	66	19	86	7	59	25	92	24	93	10	48	8	73
DDJ	50.0	91.0	19	1
50	106	45	85	36	101	47	95	75	93	43	71	60	88
XYV	37.0	47.0	14	1
56	36	35	34	27	35	51	41	38	69	21	72	33	46
MHE	90.0	71.0	5	1
110	89	93	93	80	82	82	46	87	47
TTZ	52.0	89.0	7	1
49	87	54	89	50	111	52	78	56	81
ENJ	97.0	78.0	9	1
86	97	84	67	112	72	92	77	83	67	85	59	116	96	120	91
XIA	46.0	12.0	16	1
24	24	61	24	57	5	37	5	48	21	49	-2
QTT	79.0	70.0	17	1
65	74	87	81	80	72	67	82	99	41
VPB	76.0	40.0	13	1
58	25	91	21	58	62	97	54
UTT	4.0	42.0	21	1
26	36	-6	47	23	23	-6	42	17	68	-15	58	-9	22
LFA	103.0	31.0	1	1
87	9	68	40	116	56	110	52	117	17	113	19	116	27
ITX	3.0	17.0	16	1
5	2	19	20	4	44	-13	12	1	7
FHM	73.0	94.0	11	1
82	93	63	100	56	90	84	91	84	104	72	95	87	107	56	73
