YYK	51.0	33.0	11	1
60	11	25	52	65	23	52	19	62	30	58	40	27	44	65	51
HCC	46.0	53.0	5	1
54	57	56	37	49	59	28	40	43	76
NTT	94.0	0.0	14	1
88	-15	97	20	77	-5	115	-1	82	-3	95	12	113	-11	85	6
ZGG	74.0	49.0	11	1
78	51	93	37	63	63	79	31	63	59	72	54
MGH	45.0	31.0	23	1
40	37	65	46	37	36	30	36	54	1
JRN	13.0	103.0	16	1
22	85	14	118	12	118	4	107	-7	92	38	102
RAR	34.0	21.0	10	1
30	31	50	-6	19	33	60	33	12	16
PBV	39.0	15.0	6	1
49	3	62	23	33	30	19	28	35	34	54	-11	24	3
CIH	36.0	84.0	24	1
33	73	40	106	18	81	47	80	43	83
AUM	33.0	46.0	18	1
52	55	54	22	28	51	12	48	22	57
PMU	67.0	91.0	4	1
57	67	57	115	57	68	55	112	99	86	75	91	73	101
RBP	51.0	53.0	9	1
47	65	29	76	64	49	61	33	52	53	60	63	44	35
TUL	24.0	18.0	1	1
27	19	25	21	29	32	10	23	33	-3
GUA	15.0	95.0	6	1
32	90	45	113	18	113	1	71	-1	86	0	98
IUD	35.0	59.0	3	1
40	61	15	30	46	72	51	62	23	73
YPB	56.0	7.0	6	1
70	27	47	2	69	-1	65	10	63	14	26	-6
UKG	96.0	101.0	3	1
114	110	112	101	73	108	78	101	104	70	95	116
CSF	89.0	50.0	11	1
74	32	67	44	98	49	109	55	71	53	105	33	89	68	103	72
SPV	0.0	67.0	14	1
0	60	-2	48	21	63	-13	73	-11	85	6	73
KLT	16.0	21.0	15	1
29	8	10	34	0	-6	-11	24	24	15	36	38	30	37
GMS	95.0	45.0	0	1
97	43	97	32	95	21	103	64	79	59	112	32	82	64
WQH	12.0	35.0	0	1
3	25	11	42	-3	30	26	53	26	28
WRZ	59.0	33.0	15	1
76	12	51	51	44	37	48	31	82	21	52	26	63	43	63	46
GFP	43.0	37.0	6	1
45	51	32	32	52	31	45	35
EQC	16.0	1.0	10	1
36	-20	34	-6	9	-20	-1	18	2	18	34	21	3	-1
QXT	93.0	38.0	19	1
75	24	84	22	113	43	100	49	96	52
XBI	53.0	79.0	9	1
46	66	73	105	32	75	39	81	76	66	62	91	48	73
GLX	37.0	82.0	21	1
29	71	25	65	42	79	36	92	23	102	67	83
RAG	47.0	61.0	10	1
38	45	63	64	29	74	53	72	39	49	61	62
BHI	48.0	94.0	20	1
66	92	54	88	44	117	30	81
RKV	72.0	45.0	20	1
87	36	66	54	53	63	82	45	73	29
ZIF	12.0	83.0	17	1
10	105	20	88	23	81	16	66	7	97	-2	65
YYJ	24.0	50.0	9	1
19	64	17	38	17	62	28	43	56	40	19	32	13	71
AGR	-2.0	19.0	0	1
9	16	-5	13	0	13	-22	24	-12	26	14	23
LSN	35.0	80.0	16	1
25	98	25	70	47	70	27	73	55	91
RCF	31.0	11.0	9	1
5	14	43	18	10	-3	28	34	44	8	47	4	43	5
GHA	10.0	76.0	19	1
-5	67	37	60	-5	70	-5	76	21	82	0	93	27	85
HXG	81.0	76.0	12	1
87	89	64	80	105	85	63	77	84	58	84	69
KGP	-1.0	38.0	9	1
-1	25	-2	29	6	29	4	43	-6	47	-8	57
