OZM	-4.0	93.0	3	1
27	98	-13	101	-16	105	-19	79	0	86
FRN	98.0	11.0	9	1
106	18	89	21	122	-5	97	18	85	26	91	-8
GTT	3.0	60.0	1	1
15	33	-2	72	-9	79	10	65	-8	51	-9	76	24	47
YPW	-7.0	33.0	5	1
-10	20	-13	39	-12	9	-14	42	-6	52	3	30	-2	39
AFT	97.0	62.0	10	1
116	52	72	64	82	87	83	68	114	54	117	49
UML	82.0	96.0	7	1
74	88	94	74	76	118	100	108	73	94	91	112	72	84
PFD	27.0	54.0	0	1
17	56	17	46	34	58	21	59	41	45	37	63
MOY	15.0	96.0	2	1
-7	103	10	113	25	70	26	89	24	105
ZBM	93.0	76.0	4	1
76	93	114	98	91	55	83	50	101	87
UCH	28.0	33.0	9	1
56	43	29	22	33	40	10	44	19	28	37	38	14	16
XLQ	89.0	4.0	8	1
103	22	82	-15	78	3	97	23	87	-10
GZP	16.0	26.0	5	1
4	32	3	9	38	35	20	30
QRT	82.0	84.0	6	1
84	99	93	102	94	71	63	62	103	81	67	102	88	61	69	95
ELE	7.0	34.0	7	1
6	30	-11	35	16	22	19	14	-10	20	21	61	14	60	8	35
EAH	27.0	16.0	3	1
23	29	38	12	39	27	31	2	4	10
YYF	49.0	91.0	4	1
73	115	35	81	50	83	31	76	54	109	47	76	43	95	63	100
TBH	81.0	79.0	7	1
87	91	98	57	73	83	57	73	92	91
VXD	90.0	16.0	7	1
78	38	92	7	76	11	105	20	107	8	83	26	94	5
EJD	47.0	7.0	9	1
41	24	58	12	22	15	51	-7	64	5	50	-2
ZVY	19.0	12.0	6	1
35	-3	16	24	44	7	1	10	7	16	15	7	21	28
XZU	81.0	20.0	5	1
97	9	62	21	95	16	80	28	53	27	99	24
DSK	77.0	92.0	3	1
66	100	83	80	81	100	81	88
QRK	31.0	65.0	8	1
27	62	12	73	5	60	18	50	37	62	51	81	47	59	52	80
AEQ	10.0	17.0	2	1
-2	20	34	21	-10	2	10	-8	8	35	20	35
NFZ	12.0	103.0	2	1
-6	75	30	104	14	115	20	116	27	102	-9	109
FDL	-1.0	84.0	2	1
-10	89	-8	79	-8	88	8	68	10	96
NBY	40.0	85.0	6	1
50	83	47	86	32	99	62	81	23	87	35	64	32	99
FRF	89.0	44.0	6	1
83	43	92	51	79	56	103	26
QYJ	52.0	17.0	2	1
56	10	71	6	56	7	35	9	45	49	45	29	61	13
DNS	92.0	39.0	5	1
72	54	77	53	100	19	90	56	97	34	97	57	93	16	110	24
YED	25.0	27.0	2	1
20	26	24	34	31	38	29	32	36	10	15	27
YJC	95.0	71.0	1	1
103	66	111	61	75	84	91	76
DIR	31.0	96.0	8	1
57	100	31	85	38	107	28	94	38	109	19	97	15	91	23	92
ILF	11.0	13.0	2	1
33	20	21	28	13	25	-4	28	27	-4	13	13	-4	10	-9	-10
YZO	99.0	89.0	3	1
106	87	91	99	102	99	122	64	75	96
DMT	9.0	64.0	1	1
12	74	-6	84	19	66	-9	60	32	43	15	41	4	82
RZV	78.0	49.0	0	1
73	60	79	54	93	47	81	68	96	40	67	36	67	57	72	35
YIW	80.0	90.0	10	1
69	88	68	90	71	109	70	84	70	78	102	110	112	74
QTT	86.0	32.0	2	1
99	43	96	35	84	22	93	25	60	37
