TDG	57.0	87.0	9	1
34	79	54	83	64	80	75	116	58	81
GXO	67.0	21.0	12	1
80	34	66	15	79	27	55	3	69	38	53	9
ABZ	34.0	99.0	8	1
51	80	12	122	43	103	36	112	50	101	38	80	11	123	35	77
OSP	8.0	98.0	20	1
25	105	8	112	-20	100	15	99	12	76
IBA	56.0	22.0	20	1
54	32	58	27	62	31	65	26	64	-1	53	45	42	16	56	7
AOV	61.0	12.0	8	1
43	15	46	15	62	18	79	7	83	5	56	13
PHH	54.0	36.0	11	1
48	17	42	51	56	44	66	46	66	26	46	37
KIL	52.0	82.0	13	1
54	76	48	65	51	103	31	104	60	59	69	87
AAW	54.0	43.0	10	1
47	36	59	69	33	41	45	45	74	49	50	34	76	28
