JYK	66.0	80.0	6	1
81	90	56	77	83	83	53	90	42	75	77	68	65	75	74	85
SHM	69.0	76.0	4	1
52	95	76	52	51	53	85	58	75	98	83	62	75	95	58	96
QTJ	52.0	-7.0	3	1
62	-22	54	-16	50	-9	66	5	35	8	48	-13
YQG	90.0	52.0	2	1
95	50	84	55	85	39	85	78	104	36	79	45	81	63	114	56
TXA	62.0	39.0	4	1
54	17	67	44	77	23	64	52	34	56	72	30	68	57
PQL	98.0	31.0	0	1
97	38	92	24	101	46	119	41	106	35	73	6
IDA	11.0	74.0	6	1
20	87	-1	54	14	97	13	59
YIV	41.0	77.0	8	1
21	92	18	81	58	73	61	76	35	57	55	88
GNM	76.0	1.0	8	1
50	-14	82	3	91	22	93	-8	59	-11	83	17
SIL	29.0	30.0	7	1
12	12	24	0	28	47	44	48	38	43	23	38	38	22
UXF	101.0	76.0	1	1
102	55	101	84	90	93	90	69	117	65	96	81	114	85
UTW	36.0	95.0	2	1
7	95	31	85	38	101	53	106	37	93	50	90
VZP	16.0	77.0	7	1
37	80	-2	76	19	64	12	85	12	65	22	79	13	91
OJE	71.0	75.0	1	1
66	52	57	68	79	97	79	69	52	82	87	86	83	71
FIW	95.0	99.0	0	1
104	114	107	89	103	87	82	106	90	102	94	79	90	107	96	109
ZNF	47.0	76.0	3	1
46	87	47	82	31	63	54	69	60	82
MTU	14.0	58.0	2	1
12	58	4	83	16	43	19	73	19	60	27	45	2	49
GTW	65.0	20.0	7	1
77	23	47	15	76	15	87	22	44	27	63	21
MQR	73.0	8.0	9	1
72	13	61	14	83	14	78	-6
BLV	26.0	55.0	10	1
35	61	21	37	6	49	27	38	32	67	36	79
WRS	18.0	17.0	2	1
12	21	34	8	3	36	23	-2	16	-2	38	17	4	41
AGF	25.0	20.0	8	1
9	21	31	13	36	15	3	30	41	19	34	24
NGF	68.0	79.0	1	1
67	70	62	74	62	63	73	81	70	70	54	108	88	89
YAI	59.0	55.0	0	1
45	31	63	61	76	58	57	65	65	46	52	70
FPB	61.0	48.0	5	1
49	36	60	62	57	38	79	56
TTD	22.0	76.0	9	1
36	58	12	60	42	95	31	87	-7	84
WFH	28.0	26.0	7	1
15	35	29	13	42	19	32	50	47	14	25	32	11	19
ABT	38.0	47.0	6	1
22	48	45	52	38	68	49	30	39	37
SKX	42.0	30.0	3	1
44	5	44	40	37	37	36	41	49	29
PCB	41.0	23.0	4	1
29	35	24	14	54	23	50	28	49	1	32	33	53	28
KCB	48.0	34.0	4	1
41	53	47	23	40	32	70	24	60	50	69	24	30	30	29	41
OHH	22.0	56.0	3	1
47	45	23	55	4	62	16	65
AYU	67.0	36.0	7	1
88	18	89	62	43	61	41	23	83	33	61	20
FLL	77.0	-1.0	1	1
59	0	93	8	89	-7	88	-2	61	9	81	-5	72	-12
JYN	25.0	59.0	2	1
50	46	17	46	38	70	22	84	6	57	20	54
KYV	41.0	56.0	2	1
29	81	54	42	38	44	37	67	59	52	51	74	25	38
TUT	42.0	83.0	1	1
33	90	43	66	51	92	50	85	32	73	55	79	31	102
UYS	94.0	23.0	3	1
91	41	90	6	80	34	118	13
QCP	25.0	80.0	6	1
11	93	38	74	39	92	37	87	4	58
BKF	51.0	70.0	6	1
55	58	37	91	50	83	64	58	52	62
AAS	80.0	63.0	8	1
94	62	61	77	51	45	93	61	80	60	92	91	90	46
BZK	6.0	88.0	2	1
14	78	2	71	-18	97	2	91	22	84	14	110
AVX	13.0	76.0	0	1
8	93	38	46	10	92	14	93	25	77	-4	85	0	52
ODW	85.0	43.0	10	1
98	28	62	50	93	63	95	55	84	46	95	33	71	26
BEV	47.0	17.0	3	1
38	9	29	13	49	9	54	38	38	13	74	23
