GPM	72.0	44.0	8	1
63	55	87	36	82	30	58	57
PQU	53.0	24.0	7	1
37	1	66	23	68	45	51	39	47	12
FFM	71.0	-2.0	1	1
85	0	75	-13	70	-18	66	-17	69	13	67	-2	65	23
XHW	58.0	3.0	3	1
47	14	65	-15	64	11	35	12	79	8	55	-14	66	11
CZB	43.0	59.0	6	1
57	41	37	82	51	41	48	83	45	52	23	55
ZVH	10.0	45.0	5	1
5	35	0	59	-2	37	27	63	7	44	25	37
HRC	10.0	0.0	8	1
8	9	33	-3	17	-17	14	10	-12	-9	-1	16	12	-2
IVV	70.0	74.0	0	1
86	57	71	79	63	88	60	75	74	75
CTX	93.0	12.0	1	1
87	25	77	1	79	8	99	14	114	13	106	7	89	20
ALU	38.0	34.0	0	1
27	42	56	21	53	23	40	62	55	36	27	33	11	27
ATS	77.0	86.0	6	1
56	84	93	112	51	68	85	99	88	70	90	90	80	84
BZP	40.0	70.0	5	1
41	82	48	82	36	39	25	72	35	84	56	66
FYE	92.0	39.0	1	1
106	29	85	34	85	39	95	31	90	30	80	57	106	40	90	53
PGX	62.0	52.0	5	1
80	47	47	37	52	51	45	66	89	67	64	56	59	46
OGJ	49.0	84.0	3	1
42	98	60	102	46	93	61	71	57	67	28	77
KPS	2.0	47.0	9	1
23	38	13	38	13	60	-10	68	-5	31	0	65	-18	30
PXU	48.0	56.0	1	1
56	42	28	43	56	71	57	53	57	57	39	74
NAK	80.0	4.0	1	1
70	14	62	-13	92	-12	101	17	87	3	74	6	68	8	90	9
