VST	67.0	92.0	16	1
50	71	80	75	69	108	49	96	54	111	55	111	88	81	94	88
BMV	59.0	26.0	15	1
75	34	53	34	51	22	75	8	39	18	57	50	67	25	56	24
VSL	-5.0	92.0	8	1
0	99	12	106	-17	94	-12	83	-13	70	-9	106	-7	79	4	99
XOD	61.0	81.0	20	1
42	61	54	82	88	73	63	96	52	96	81	78	52	81
ZLW	44.0	19.0	22	1
44	6	50	39	60	10	33	39	32	4	59	11	37	19	40	29
REG	35.0	12.0	5	1
15	21	33	13	45	8	48	7	36	14
WSP	15.0	87.0	25	1
-5	98	31	103	34	96	-11	79	29	60
FCQ	18.0	78.0	14	1
9	70	14	76	16	61	12	91	43	110	19	65
YWT	62.0	18.0	22	1
61	1	55	1	65	24	75	17	42	5	82	44	59	35
DZY	13.0	3.0	7	1
25	23	-5	-16	20	19	31	-12	-6	2
WXF	26.0	-1.0	14	1
18	-7	17	1	38	12	34	-10
XBW	61.0	51.0	12	1
67	60	44	40	78	57	54	75	70	64	48	30	71	34
RNP	63.0	33.0	1	1
48	21	55	26	87	31	74	40	55	51
PMN	33.0	75.0	11	1
48	84	39	56	34	91	33	84	4	57	43	83
JFM	12.0	48.0	5	1
9	43	3	33	1	54	39	63	12	49
GTD	14.0	53.0	8	1
6	47	18	64	32	46	1	67	24	49	5	48
XDW	19.0	94.0	6	1
14	90	12	76	16	97	34	113
GYY	47.0	100.0	12	1
49	120	32	101	39	120	42	87	74	75
LAE	69.0	97.0	9	1
72	108	76	96	78	97	84	106	40	88	66	87
LPD	81.0	56.0	3	1
57	78	95	58	80	55	97	41	77	52
ALX	74.0	2.0	5	1
80	24	70	9	91	24	71	-23	89	1	51	-16	89	5	51	-7
IJY	68.0	104.0	17	1
74	119	58	106	83	99	47	115	77	75	73	113
TJR	24.0	7.0	12	1
29	-10	25	6	7	24	32	4	38	11	34	-4	9	20
BNA	46.0	11.0	11	1
22	18	58	12	64	-1	54	7	44	7	36	27
QUA	87.0	36.0	17	1
90	26	70	65	113	28	74	33	90	28
YXH	82.0	71.0	6	1
91	59	71	55	80	76	87	97
BGH	2.0	47.0	8	1
12	42	-11	52	1	42	8	53
CGH	36.0	77.0	15	1
27	78	23	66	58	75	42	74	34	94
QGN	35.0	82.0	8	1
42	99	41	81	42	76	32	100	26	83	38	65	27	73
LWG	69.0	43.0	17	1
58	25	75	43	63	36	57	55	91	60	76	39	69	49
JPZ	91.0	34.0	4	1
92	32	107	21	70	21	97	37	84	37	100	56
ZKM	16.0	11.0	10	1
38	18	9	25	7	-4	10	13	20	9	12	-10	16	32
OIR	29.0	-2.0	6	1
44	-20	28	-19	10	6	35	22
ISR	51.0	15.0	14	1
60	8	55	-4	59	35	62	0	33	23	64	25	24	22
YLZ	11.0	57.0	4	1
4	37	15	61	12	63	14	78	14	48	-1	66	23	50
NBI	8.0	50.0	3	1
-9	55	10	72	19	47	32	33	9	25	-10	68
