IPC	40.0	83.0	14	1
43	80	61	70	50	67	16	101	63	89	16	92	35	83
QFB	21.0	-4.0	24	1
7	-2	40	-11	6	17	25	-18	29	-10
KCD	46.0	-6.0	2	1
38	-14	55	-8	50	11	44	-15
NHC	45.0	5.0	9	1
56	0	50	9	55	26	24	5	42	-12
OCJ	91.0	23.0	9	1
106	39	105	12	75	34	79	8
EJB	56.0	100.0	18	1
51	106	48	79	54	109	56	101	68	93	60	83	72	114	42	115
AIQ	35.0	43.0	15	1
19	64	55	24	45	51	12	66	49	31	61	35	22	54	19	25
NWW	23.0	96.0	5	1
14	113	16	102	22	88	35	102	4	80	47	92
YLM	11.0	56.0	3	1
31	68	-2	73	13	61	4	40	10	41
GHF	15.0	89.0	14	1
27	75	26	69	1	81	-9	91	-13	91	33	105	33	98	25	109
III	4.0	17.0	4	1
-8	15	19	18	-4	9	1	7	22	25	-4	32
ZIW	40.0	5.0	4	1
40	-6	33	15	62	26	25	-13
VIR	43.0	81.0	9	1
61	107	26	73	34	106	66	65	40	67	29	67	45	85
RAY	55.0	39.0	11	1
70	31	33	31	44	45	64	40	65	32	54	56
FEQ	94.0	68.0	11	1
114	51	111	69	78	50	95	75	70	72	105	80	94	76	91	77
IEG	19.0	63.0	12	1
29	57	8	77	6	56	35	64
SIX	87.0	26.0	14	1
91	16	74	14	95	33	93	16	110	44	78	22	96	12	63	52
BLD	32.0	82.0	16	1
54	81	43	66	21	99	13	97	50	83	13	69
GOM	25.0	52.0	13	1
8	40	38	80	17	58	50	55	20	39	21	40
ZKB	63.0	81.0	10	1
54	83	82	71	47	74	43	67	64	98	79	70	80	97	60	93
QHS	79.0	78.0	1	1
93	89	91	58	67	80	54	92	93	74
OMU	69.0	55.0	11	1
72	60	65	81	80	40	64	59	64	36
XMU	32.0	22.0	10	1
14	18	49	18	41	34	15	21	51	21	6	21	48	21
XOS	74.0	60.0	5	1
71	71	95	54	101	52	68	68	60	34	61	71	66	70
HQQ	78.0	37.0	18	1
81	48	85	44	87	53	53	44	76	49	94	31	92	21	57	13
SPH	25.0	28.0	8	1
14	9	8	37	31	38	38	39	29	28	32	20
EPK	26.0	22.0	3	1
22	10	27	34	10	53	42	10	33	6
KYJ	64.0	99.0	12	1
47	108	64	103	51	106	72	100	87	80
KVV	31.0	86.0	6	1
32	70	10	75	40	90	41	90	50	83	15	113
LAO	86.0	74.0	21	1
83	77	80	94	110	68	78	87	74	58	108	81	73	59
SVG	84.0	67.0	2	1
81	73	100	71	69	77	82	63	67	63	89	63	105	60
OXJ	29.0	12.0	13	1
36	-1	5	-7	35	29	46	20	39	21	14	5	31	19
UWA	67.0	25.0	19	1
77	40	70	49	64	7	62	23	70	7	59	29
OFO	55.0	64.0	21	1
63	60	61	82	53	38	64	83	33	50	48	55	67	82
STC	41.0	46.0	10	1
29	39	39	51	48	61	60	57	31	21	39	50
LHW	18.0	6.0	15	1
4	-1	0	12	17	12	34	16	38	-7
HQW	27.0	13.0	19	1
42	20	34	15	37	12	10	8	19	28	23	-2
SHO	12.0	92.0	23	1
10	110	31	107	6	91	14	81	15	78	23	100	-13	82
RTV	13.0	-5.0	9	1
33	-10	-11	21	-6	-14	13	-6	26	-19	28	-3
ALI	28.0	-6.0	24	1
5	0	34	-14	8	-20	43	-12	38	27	41	-18
