XQZ	0.0	12.0	18	1
0	3	-16	27	-2	14	-2	25	25	35	-8	-10	4	-10
WGR	96.0	12.0	16	1
81	29	112	23	84	10	101	15	100	4	112	14	84	-7
FDS	60.0	78.0	18	1
46	66	78	75	61	86	45	64	59	94	74	87
XBS	4.0	37.0	17	1
2	41	-19	31	20	28	17	20	-16	44	21	42	4	56
DUY	21.0	80.0	22	1
12	83	3	84	10	60	38	84	41	98	8	74	24	89	37	73
JVJ	23.0	87.0	17	1
13	98	12	65	26	113	32	81	32	92	28	73
DQF	35.0	66.0	22	1
46	86	39	73	26	80	20	49	45	42
YMO	66.0	71.0	5	1
43	79	79	76	87	90	83	61	64	75	66	55	42	67
FLQ	12.0	95.0	5	1
9	102	-6	99	-8	76	30	92	28	106	16	112	18	81
CTT	101.0	75.0	7	1
75	84	95	92	91	79	121	67	120	90	107	50	103	64
TTC	29.0	52.0	16	1
28	60	21	66	33	47	35	64	32	27
DWJ	0.0	86.0	19	1
2	72	1	75	3	107	-7	90
CVW	86.0	92.0	18	1
105	105	110	95	71	79	103	78	63	109	67	87
NRP	15.0	92.0	24	1
42	73	21	98	15	87	7	108	2	83	9	100	14	95
YHB	17.0	68.0	4	1
2	74	9	79	41	58	12	58	30	67	8	77
ZZS	66.0	47.0	21	1
86	66	50	51	72	30	47	57	74	40	67	35	63	73	74	31
YIJ	79.0	77.0	0	1
79	79	61	82	88	91	76	70	84	76	78	56	90	85
XHV	51.0	24.0	1	1
67	13	45	45	72	23	56	15	40	10	45	25	37	41
BKR	70.0	48.0	10	1
63	41	77	42	89	44	55	69	70	46
JZU	50.0	66.0	5	1
66	61	61	70	27	56	62	74	37	71
JJJ	51.0	33.0	5	1
59	15	60	40	46	49	39	31
ZCR	37.0	94.0	21	1
48	107	36	88	28	83	55	108	17	82	24	93	54	97
FXD	35.0	84.0	23	1
30	84	32	80	45	88	26	76	31	91	45	83	36	88
NNH	30.0	75.0	2	1
42	80	20	78	23	76	30	57	38	69	18	92	43	75
AKG	54.0	36.0	20	1
35	48	35	26	79	23	58	54	67	31
DRM	53.0	78.0	9	1
55	76	51	82	49	69	65	102	65	74	37	65
VIH	60.0	61.0	14	1
74	40	37	78	72	76	57	40	52	75	71	58
JTW	97.0	94.0	6	1
109	87	85	110	116	91	72	79	84	86	104	106	112	104
GLG	46.0	41.0	21	1
51	59	65	24	21	48	25	19	68	58
AGQ	97.0	26.0	24	1
77	37	107	36	71	26	96	15	115	36	115	29	98	3
JIM	1.0	68.0	20	1
0	64	4	87	13	52	3	64	-16	65	-8	58	11	87
VFM	67.0	54.0	11	1
81	63	86	59	42	49	73	50	54	50
AWQ	15.0	66.0	11	1
31	84	37	56	22	86	-3	50	10	57	10	48	4	87
UDH	32.0	92.0	11	1
36	79	22	105	51	86	16	96	38	97
QYO	55.0	88.0	3	1
26	114	68	84	46	69	66	76	70	85	58	101
AGX	36.0	63.0	4	1
26	67	31	47	25	63	57	68	17	68	63	67
HSH	92.0	0.0	11	1
91	-22	103	-7	94	-1	110	7	66	23
URE	10.0	29.0	16	1
18	50	6	49	27	28	-3	7	2	36	10	19	-6	26	28	20
RXW	21.0	101.0	16	1
13	110	37	84	13	109	22	101
DTK	18.0	72.0	20	1
20	89	38	61	8	89	9	50	32	74	6	87	17	55
DPZ	-1.0	-4.0	8	1
3	-13	-18	-5	10	-23	-1	23
JOB	85.0	24.0	23	1
65	24	99	18	80	35	93	19	88	24
LLO	53.0	91.0	10	1
62	79	61	101	34	87	43	115	56	75	65	94
UNT	8.0	25.0	14	1
-3	32	-11	33	1	38	19	33	15	5	32	9
ORH	-5.0	77.0	7	1
-17	83	-1	91	15	70	-19	67
NXP	46.0	71.0	3	1
60	69	31	90	65	47	34	76	41	75
NWI	94.0	67.0	19	1
88	53	92	77	99	72	101	77	82	62	104	61
IZI	80.0	81.0	12	1
64	61	89	67	94	96	74	103
HMY	70.0	36.0	6	1
90	28	59	53	61	21	73	28	80	13	73	57	54	58
