QSN	35.0	20.0	10	1
17	11	65	10	31	27	40	20	23	22	21	45	52	5
GRJ	13.0	73.0	7	1
25	75	9	61	22	75	11	73	9	98	6	58
MDJ	80.0	77.0	8	1
68	84	56	84	102	60	88	73	104	81	89	65	56	88	79	86
TKB	96.0	53.0	3	1
85	64	111	61	106	65	106	68	67	37	97	32	100	45
GQL	38.0	30.0	3	1
55	40	32	31	45	27	29	26	30	26	38	31
FBI	25.0	64.0	1	1
42	48	23	88	19	81	30	65	1	77	15	47	39	65	31	48
ZCF	8.0	9.0	9	1
-12	-7	15	26	-8	19	28	-10	22	22	-6	16	16	1	15	12
WUK	66.0	70.0	6	1
76	60	55	61	60	88	74	71
SZL	66.0	64.0	1	1
55	60	71	53	65	80	56	71	59	63	91	55	67	68
XWV	11.0	26.0	9	1
39	-4	-1	34	18	31	8	23	7	39	4	26	6	38
HHC	26.0	41.0	3	1
25	29	26	32	28	50	27	37	25	32	35	51	18	62
AWU	78.0	40.0	1	1
84	39	60	24	76	31	71	48	101	58
KJK	28.0	41.0	3	1
24	52	16	65	14	29	42	37	29	33	46	53	30	23
NZX	89.0	78.0	6	1
85	94	86	75	116	60	73	87	98	95	81	58
RGK	98.0	38.0	7	1
96	22	104	59	96	50	106	32	89	29
WSL	57.0	51.0	9	1
61	62	49	25	61	58	57	47	60	63
ECO	82.0	18.0	6	1
58	41	79	1	100	11	91	40	72	16	87	22	92	0
RFF	55.0	59.0	8	1
65	79	63	52	43	47	49	61	64	73	50	45
OAQ	80.0	-7.0	8	1
76	-18	67	-4	85	-21	78	-10	97	-11	99	-5	64	16
WIQ	81.0	64.0	5	1
75	70	102	62	83	43	67	81
JAG	92.0	9.0	1	1
93	0	68	21	104	9	81	4	112	9	86	18	103	7
