CGF	15.0	51.0	9	1
17	54	9	28	22	58	21	57	7	65	27	67	4	34
XFA	55.0	20.0	24	1
74	12	46	30	46	22	54	19
GFZ	74.0	17.0	9	1
78	12	97	7	65	25	53	19	63	18	92	26
TLP	41.0	78.0	16	1
36	86	41	59	14	99	29	75	56	61	57	73	56	94
CNY	50.0	90.0	7	1
27	92	67	63	56	99	60	87	56	106	25	98	64	86
BVB	42.0	61.0	9	1
58	70	23	64	24	42	57	52	65	77	30	64	43	60
RIN	17.0	50.0	19	1
28	34	9	81	-4	51	35	34
LYJ	80.0	86.0	17	1
85	80	102	92	68	95	84	88	87	85	92	86	59	102	67	64
ZRB	69.0	12.0	16	1
63	4	55	22	86	18	68	7	73	11
YUT	20.0	81.0	1	1
42	90	20	62	13	60	46	103	2	101	18	80	4	72
IGK	60.0	25.0	16	1
43	25	49	6	88	32	45	38	67	18	47	23	83	33
KGC	76.0	81.0	23	1
75	80	68	69	75	90	89	101	92	58	59	91
VYL	79.0	79.0	10	1
64	57	66	64	86	77	86	82	95	102	88	85	58	97	93	72
BIL	96.0	70.0	2	1
104	88	116	80	95	50	81	57	108	92	79	65	89	58
SGE	28.0	49.0	16	1
33	58	35	39	8	59	30	38	14	45	34	51	45	58
CVY	-9.0	69.0	4	1
-10	61	-9	60	1	70	-12	81	-15	74
