YVA	79.0	89.0	3	1
72	99	61	105	65	74	88	81	91	110	88	69	73	109	95	69
EWL	10.0	61.0	3	1
8	53	28	61	27	61	-17	83	-10	45	26	64
SNG	27.0	56.0	7	1
42	73	28	36	26	43	0	50	28	82	42	55
SFO	18.0	21.0	8	1
38	18	6	34	3	7	17	48	30	-1
CEQ	81.0	16.0	0	1
91	3	66	13	89	3	75	38	71	14	99	30
YKU	-2.0	3.0	6	1
8	14	5	9	-15	-11	-4	15	6	-4	-18	1	4	0
CIB	105.0	61.0	4	1
112	77	116	69	95	44	105	68	99	47	97	68	111	57
XDF	79.0	53.0	2	1
96	44	75	47	104	37	68	44	61	74	89	50	72	52	71	80
VWZ	25.0	86.0	4	1
21	100	37	89	30	67	3	107	38	71
YCH	41.0	45.0	3	1
46	59	64	51	28	21	19	61	55	59	41	56	51	35	29	20
NHS	7.0	31.0	7	1
14	38	-10	24	-5	27	5	15	20	42	22	42
XRB	61.0	59.0	0	1
45	54	68	58	77	72	69	40	58	66	46	53	64	76
TFW	81.0	62.0	9	1
80	79	77	67	94	57	93	72	87	64	83	44	57	52
DBV	17.0	69.0	2	1
7	86	32	88	-4	82	32	51	19	42
SID	47.0	36.0	9	1
50	39	41	44	53	29	31	49	49	22	55	37	53	33
SZY	6.0	15.0	1	1
-1	14	28	17	-12	22	26	21	-10	5	10	15
KFD	18.0	45.0	7	1
8	59	34	61	20	23	13	43	12	23	42	48	1	62
FJF	82.0	22.0	5	1
70	38	94	-8	90	36	91	32	68	12
OWC	8.0	59.0	8	1
-4	49	35	61	-9	74	12	63	33	55	4	58	7	68	-8	50
DQQ	66.0	79.0	1	1
74	82	63	86	51	77	76	75	70	75
WDO	5.0	94.0	9	1
-10	92	18	93	16	85	-9	109	10	93	21	77	-8	109
MUB	26.0	33.0	1	1
6	26	40	25	17	47	39	44	40	10	14	47
APQ	21.0	47.0	4	1
32	43	23	36	31	55	30	54	-15	33	29	62
LEZ	13.0	50.0	6	1
10	32	-2	69	41	43	12	44	24	65	-4	44	14	55
QHQ	45.0	93.0	4	1
29	76	32	78	40	96	64	100	70	93	33	109	48	102
ZWL	46.0	58.0	4	1
22	76	38	42	33	51	68	46	46	55	60	55	60	83
XEC	61.0	8.0	7	1
74	15	71	6	69	-1	40	-18	51	3	78	28	66	9	43	23
WPJ	25.0	70.0	8	1
10	82	48	64	12	76	21	58	14	69	35	81	40	61
PZZ	77.0	31.0	1	1
62	36	87	29	92	22	103	32	60	24	64	38	74	39
UGI	70.0	17.0	10	1
52	9	54	11	73	11	73	32	82	14	86	28
XHT	44.0	88.0	6	1
35	92	72	79	45	69	64	97	36	115	32	94	27	95	43	70
FJI	83.0	12.0	3	1
80	13	87	36	90	-4	79	-3	79	18
QZT	74.0	51.0	8	1
56	52	62	61	77	49	87	30	91	64
LPK	35.0	53.0	4	1
31	53	48	59	56	32	20	74	28	37	28	68
WLV	37.0	12.0	5	1
58	32	19	14	25	7	52	8	35	1
IGA	40.0	41.0	0	1
54	62	34	24	42	66	56	30	15	34	43	34
XRR	36.0	26.0	8	1
16	24	42	23	36	41	52	17
GJA	21.0	36.0	4	1
23	56	31	20	6	13	15	45	33	47
FRI	95.0	7.0	7	1
89	7	81	24	98	13	108	2	113	-7	83	5
HPQ	20.0	79.0	1	1
29	67	-5	76	40	91	11	67	11	93	34	80
CHG	49.0	78.0	2	1
43	85	76	80	38	60	60	98	42	88	46	84	38	57
WJE	92.0	68.0	9	1
97	46	111	88	114	66	96	51	91	84	70	54	67	92
YIS	78.0	96.0	3	1
89	92	78	78	69	118	93	86	81	119	80	77	59	108
IYR	87.0	46.0	5	1
63	66	81	55	92	33	100	52	95	42	92	31
BSE	11.0	13.0	1	1
-9	-1	16	8	31	12	9	36
WIW	47.0	68.0	6	1
38	64	58	80	34	88	33	55	50	64	51	68	63	79	49	47
BPR	35.0	23.0	1	1
38	43	52	8	47	23	51	26	11	10	43	39	6	13
