MIR	49.0	24.0	12	1
65	36	37	29	66	39	67	31	63	9	26	16	23	11
JLK	8.0	91.0	0	1
-1	66	17	107	-4	80	-16	95	23	104	21	103	16	87
TEW	89.0	69.0	13	1
68	60	89	78	102	67	95	59	94	83
FHO	57.0	72.0	5	1
45	71	67	94	42	72	61	54	51	70	83	73	53	74
ECI	8.0	35.0	17	1
25	19	3	23	-5	41	27	33	21	30	-14	58	3	47
QJY	73.0	49.0	6	1
81	55	63	59	87	37	88	38	64	71	60	36
KYB	88.0	11.0	12	1
90	-3	97	-13	85	29	84	0	84	29	92	25
ZPP	23.0	50.0	9	1
34	51	14	37	21	48	43	66	7	50
MFE	5.0	40.0	21	1
8	60	-12	15	23	22	-10	61	34	39	-11	45
SBO	45.0	13.0	7	1
34	25	40	12	50	-1	57	18
UAY	1.0	31.0	11	1
24	24	3	39	11	40	-16	15	-17	38
UTR	103.0	50.0	4	1
97	32	110	52	108	78	103	52	108	63	115	38	82	37
KMC	79.0	43.0	7	1
74	39	105	48	82	33	70	61	66	28	81	54
QPR	11.0	6.0	22	1
22	10	23	18	9	13	24	-2	-19	-10	-1	20	23	-2
UAY	79.0	49.0	9	1
70	59	78	54	93	44	82	40	75	52
WHJ	66.0	34.0	5	1
65	25	59	36	48	53	86	31	85	21	58	43
FJW	64.0	83.0	14	1
70	92	54	61	69	81	58	81	48	82	80	88	68	92	67	89
EUR	37.0	18.0	15	1
19	10	20	19	58	0	43	28	46	26	37	30
BWL	65.0	66.0	8	1
39	58	64	89	70	72	68	54	85	61
IPE	77.0	20.0	24	1
66	30	90	5	73	25	89	13	67	31
MVH	4.0	30.0	21	1
-4	43	3	15	19	13	13	40	7	54	-6	29	-2	21
ESQ	101.0	13.0	20	1
98	7	116	33	106	-2	101	20	108	23	77	0
FTR	37.0	33.0	16	1
43	28	49	17	19	56	36	8	55	39	24	54
MIV	94.0	71.0	11	1
94	74	87	88	80	67	112	58	108	86	88	53
BWK	15.0	2.0	2	1
33	23	24	-10	33	1	33	24	-6	-6	-3	1	-3	-16
QPB	16.0	22.0	9	1
25	16	19	-3	30	36	-2	21	12	43
URG	28.0	15.0	2	1
23	18	29	5	40	24	33	27	17	3
