TGF	7.0	3.0	9	1
15	-3	21	-3	-3	-8	12	12	-8	19
DWZ	34.0	89.0	5	1
29	91	61	108	24	70	22	89
GYF	46.0	65.0	5	1
42	78	28	82	63	51	53	73	29	41	61	66
SJO	64.0	15.0	8	1
83	-15	83	23	39	26	71	9	65	23	45	25
HZK	99.0	12.0	10	1
97	29	94	8	100	18	113	-5	82	8	102	-4	106	34
IYW	94.0	88.0	4	1
69	72	114	97	108	93	104	93	75	86	101	97	93	78
QOA	26.0	25.0	9	1
17	4	50	20	24	45	17	2	40	33	36	30	3	43
DAK	1.0	29.0	9	1
8	32	-13	29	-8	16	20	40
RCY	57.0	94.0	6	1
65	110	57	75	54	82	62	109	47	95
IRI	56.0	81.0	8	1
37	95	44	76	75	65	63	71	50	92	64	98	61	74
QQT	61.0	46.0	8	1
67	31	45	46	76	54	58	53
RFB	15.0	22.0	8	1
1	39	3	24	22	7	28	11	25	31
GHP	46.0	4.0	8	1
55	21	29	9	58	23	51	-3	31	-7	57	-19
FQF	6.0	9.0	5	1
7	12	15	26	11	-5	11	23	0	-11	1	16	0	3
AYU	49.0	91.0	7	1
31	116	37	88	37	83	65	71	50	89	74	96	54	97
MHH	38.0	80.0	6	1
6	97	45	59	34	80	49	87	43	69	51	80	44	90
QAV	39.0	19.0	9	1
31	8	50	25	42	33	28	33	58	4	27	15
OIN	25.0	90.0	6	1
12	96	32	86	38	97	15	72	32	99
UKM	35.0	69.0	1	1
42	67	19	65	53	80	29	64
PED	104.0	30.0	6	1
115	18	105	16	106	43	116	52	113	24	73	30
TPY	29.0	31.0	6	1
17	50	52	29	38	19	39	20	28	18	20	45	12	36
XEO	2.0	68.0	1	1
3	79	3	61	22	73	-7	61	-16	50	-4	83	14	73
JAJ	17.0	87.0	7	1
24	78	2	92	31	103	14	76
LXH	94.0	47.0	3	1
109	62	109	26	73	63	99	43	99	40	77	51
GBQ	15.0	48.0	2	1
8	44	23	52	7	57	27	43	0	41	37	51	9	51
FIW	102.0	21.0	9	1
106	37	90	32	113	7	95	9	103	36	107	17	106	12
KOG	16.0	85.0	1	1
17	78	19	77	21	112	32	92	23	70	-1	76	3	92
VUH	80.0	79.0	4	1
81	100	71	72	88	82	82	72	91	104	65	74	78	64	90	69
ZCV	78.0	40.0	6	1
65	61	65	55	98	26	87	20
PWE	101.0	90.0	2	1
107	78	78	95	86	107	102	71	119	83	114	111
WKP	55.0	31.0	0	1
36	33	62	36	80	25	50	21	47	30	51	29	60	49
AWO	76.0	70.0	5	1
95	89	60	51	82	86	77	62	76	68	85	51	60	85
