UDA	64.0	57.0	9	1
72	73	84	48	86	51	40	67	47	63	84	72	57	50	42	39
IFB	92.0	58.0	2	1
78	35	68	63	111	62	94	74	116	59	82	53	99	61
KNG	27.0	60.0	4	1
44	63	19	42	36	85	29	49	10	61
CZY	49.0	57.0	8	1
42	58	67	70	52	49	35	52
UVF	27.0	59.0	8	1
26	51	31	44	17	63	31	64	32	73
KEU	71.0	21.0	2	1
79	19	98	14	54	49	54	18	71	9
VRZ	76.0	2.0	8	1
62	8	97	-13	68	-9	92	21	65	5
EVD	3.0	26.0	3	1
11	55	2	20	-8	43	-8	20	29	15	-5	17	6	13
DDI	79.0	47.0	10	1
80	40	70	56	65	61	100	24	90	38	70	65
GUT	39.0	9.0	4	1
43	30	23	24	38	0	50	5	19	5	65	-5
ZTX	19.0	32.0	6	1
20	37	18	27	15	50	11	24	35	25
MOB	91.0	41.0	9	1
110	38	79	34	75	63	102	41	90	42	116	29	89	38	73	48
TOI	8.0	3.0	3	1
-3	1	29	-15	-5	-10	9	14	12	25
TSV	16.0	65.0	3	1
8	61	15	48	2	52	20	72	21	87	14	68	38	59	17	76
QXP	28.0	81.0	6	1
23	95	46	60	29	93	7	94	24	75	48	89	31	75	17	69
ZUF	34.0	74.0	7	1
14	77	52	81	16	72	45	76	52	71	28	70
OKR	17.0	58.0	3	1
12	62	25	46	13	59	19	57	18	70
FFQ	87.0	63.0	9	1
70	44	82	64	82	89	107	62	96	56	86	68
TIA	53.0	73.0	2	1
78	64	50	93	34	53	49	87	41	81	67	61
QLE	61.0	47.0	3	1
53	66	87	46	44	48	75	37	50	42
YDB	46.0	51.0	4	1
28	53	36	66	35	55	69	30	63	52
JRS	72.0	79.0	7	1
78	70	53	68	96	105	74	73	59	80
ZTQ	30.0	14.0	7	1
20	25	53	21	20	-1	42	12	15	6	31	23
ERD	45.0	65.0	2	1
22	50	42	39	69	70	53	74	64	79	33	80	24	47	60	84
SWL	10.0	79.0	8	1
0	80	32	82	12	87	-4	66	13	81
VRH	67.0	56.0	7	1
57	76	60	43	76	35	46	79	82	75	84	32
ALS	70.0	36.0	2	1
55	34	93	33	75	38	51	32	80	46
FUZ	41.0	78.0	10	1
23	72	42	58	53	74	42	79	54	96	31	91	43	82
GXL	71.0	99.0	0	1
88	92	90	117	56	98	53	115	75	74	65	99
AUU	61.0	68.0	10	1
82	45	53	75	49	72	60	83
OPY	102.0	81.0	8	1
110	92	107	59	81	90	94	65	115	94	99	85	113	86
SGQ	46.0	30.0	2	1
22	38	58	53	50	17	57	15
MRH	72.0	88.0	8	1
68	70	51	91	90	99	90	93	56	78	77	99
YPK	47.0	86.0	7	1
44	67	42	108	45	94	71	78	40	83	46	69	41	104
PBP	45.0	63.0	8	1
48	40	46	51	41	71	30	87	63	69
QON	30.0	40.0	10	1
13	59	34	59	24	29	38	28	44	25
MCT	16.0	69.0	5	1
34	54	10	68	5	76	9	65	19	74	19	79
EAA	59.0	69.0	9	1
59	85	75	57	47	80	72	59	44	65
VWR	98.0	57.0	4	1
116	64	85	47	104	42	104	50	97	69	87	54	95	78
YYD	-4.0	65.0	4	1
-24	66	-7	65	12	44	3	89	3	79	-14	51
SYL	9.0	25.0	7	1
-2	7	0	48	-7	46	30	29	22	12	-11	26	25	28	19	5
KIB	-1.0	26.0	1	1
3	6	0	46	0	11	-10	10	-3	38	1	48
VFT	47.0	92.0	8	1
58	78	65	102	37	101	36	101	46	77	43	79	46	107
LRS	2.0	54.0	2	1
12	44	11	43	0	41	2	38	-7	78	11	72	-9	40	-4	83
OFO	53.0	67.0	3	1
59	72	44	66	38	61	72	70
VFM	18.0	71.0	7	1
13	78	25	64	42	55	15	56	3	97	17	52	15	95
