RDR	29.0	22.0	2	1
3	4	46	19	15	30	37	18	45	24	14	32	44	32
XPU	100.0	5.0	7	1
107	5	96	-8	117	21	81	6	94	23	76	-6	121	3	110	2
NSF	100.0	77.0	6	1
110	84	97	66	77	64	105	108	118	75	106	68	116	79	75	77
VNH	11.0	42.0	8	1
26	25	6	53	22	17	-1	55	13	62	0	42
DSS	27.0	53.0	2	1
37	47	21	43	18	70	13	68	30	67	41	42	30	37
RMF	3.0	21.0	7	1
7	18	13	31	13	33	16	38	-15	-3	-15	10
VWH	84.0	61.0	3	1
69	57	92	54	71	83	89	46	103	61	80	70
DGZ	50.0	26.0	7	1
44	40	61	38	44	1	53	28
EGN	69.0	15.0	0	1
86	13	81	30	73	12	51	18	64	7	62	11
AFW	69.0	11.0	1	1
90	7	71	19	70	29	56	9	59	-2	73	8
AAZ	29.0	21.0	1	1
19	13	20	32	48	33	18	31	31	15	39	3	32	20
KFF	7.0	93.0	8	1
-9	116	26	91	24	90	-16	86	15	86	7	94
ACU	35.0	71.0	1	1
31	68	55	73	54	73	29	85	16	70	27	57
KRG	39.0	-9.0	3	1
27	-20	61	-15	22	-16	63	-8	25	12
PAU	41.0	92.0	8	1
43	83	45	75	49	111	22	107	26	91	61	87
DBV	84.0	35.0	1	1
97	43	59	51	89	21	87	36	91	27
JEP	63.0	89.0	4	1
50	63	80	96	45	109	69	81	75	97
EXF	55.0	50.0	1	1
36	20	51	51	71	49	62	56	44	62	72	55	51	63
NBE	26.0	81.0	5	1
12	99	33	69	40	64	19	84	14	88	34	73	32	90
CCL	100.0	5.0	2	1
100	10	101	-7	103	-20	94	22	104	22
VMB	63.0	48.0	2	1
53	25	69	44	86	62	48	62	64	44	71	35	50	70	69	46
ADI	79.0	58.0	10	1
97	67	60	65	67	60	75	49	97	52
YLG	85.0	30.0	2	1
84	16	76	29	99	45	66	15	114	36	73	42
MFM	81.0	57.0	1	1
75	42	84	49	80	67	91	46	76	82
GXE	47.0	2.0	9	1
59	5	56	5	37	-10	23	-2	60	14
CQI	19.0	41.0	3	1
15	53	-7	57	33	16	21	37	36	44
DVH	18.0	92.0	4	1
28	64	24	97	-3	96	15	102	39	86	6	109
QOL	69.0	48.0	2	1
61	54	60	40	64	74	91	32	71	44	70	47
BIO	62.0	49.0	5	1
42	53	87	63	83	40	60	43	44	48	59	51
NSW	80.0	88.0	4	1
65	94	101	81	92	78	64	113	102	77	58	74	79	100
JVQ	57.0	50.0	6	1
73	72	66	37	67	31	67	45	36	65	57	29	40	68	55	59
GUF	14.0	31.0	8	1
-2	17	-4	46	9	55	35	16	34	31	3	35	23	22
IEF	67.0	36.0	10	1
62	45	55	22	60	51	65	48	83	38	82	14
QHU	51.0	63.0	6	1
56	74	67	81	67	48	30	63	32	58	46	75	65	43
VFL	91.0	50.0	5	1
81	30	77	66	94	54	101	63	103	38
YTM	50.0	53.0	5	1
41	52	68	49	68	44	60	52	47	53	42	70	29	54
FHX	70.0	40.0	3	1
58	41	70	26	62	54	93	39
ZUX	25.0	41.0	2	1
16	40	32	67	39	37	34	24	14	34	17	48
RVG	92.0	57.0	9	1
118	58	79	46	78	54	75	60	72	82	105	64	117	40
EWI	89.0	47.0	6	1
74	33	92	57	87	34	84	67	98	51	104	44
HOP	17.0	35.0	4	1
40	29	28	53	-7	25	25	47	-1	22
NJK	43.0	83.0	7	1
58	90	36	56	38	94	41	94
OMW	91.0	48.0	6	1
83	48	93	63	104	42	84	65	89	44	83	27	101	52
