YAY	17.0	69.0	1	1
7	69	18	75	24	42	23	74	27	76	3	79
SYD	64.0	41.0	4	1
83	62	72	52	45	31	64	29	77	52	70	51	61	28	43	23
CRQ	33.0	88.0	0	1
48	77	64	105	22	67	22	83	25	92	19	103	36	90
MAL	10.0	8.0	5	1
14	26	12	-5	7	16	10	-3
DLY	-8.0	94.0	4	1
-19	100	-18	78	0	82	-6	83	-11	113	8	103	-14	104
NOF	77.0	72.0	9	1
55	65	81	79	61	69	94	82	98	67
UBW	100.0	38.0	5	1
117	50	103	29	104	44	96	42	93	11	108	50	83	44
RVS	70.0	6.0	1	1
71	12	59	15	92	-1	60	-1
DNQ	-1.0	78.0	3	1
-5	75	-9	62	-17	88	2	80	14	76	-21	90	0	72	21	85
XIQ	26.0	6.0	3	1
23	20	28	4	33	-15	20	18
OGX	25.0	99.0	9	1
23	104	0	105	21	109	30	109	43	85	34	86
NFA	48.0	101.0	3	1
78	114	30	114	38	79	52	78	46	122
VYN	89.0	26.0	7	1
78	29	90	33	79	10	102	38	83	31	77	12	117	33
PSW	3.0	58.0	8	1
26	52	-14	56	7	78	2	55	18	63	-16	48
MOO	74.0	70.0	6	1
90	79	88	52	83	56	58	61	50	74	76	87	78	63	70	90
COP	36.0	39.0	7	1
55	32	13	36	57	53	21	32	48	59	23	23
KBJ	88.0	19.0	6	1
66	29	89	24	101	6	93	12	80	15	102	29
ROO	63.0	22.0	5	1
63	13	69	45	63	18	79	6	34	28	72	24
HIV	17.0	63.0	8	1
36	68	9	41	18	57	25	67	36	57	15	73	2	68	-3	77
HGV	0.0	54.0	3	1
20	43	-4	54	-10	37	9	39	-8	75	11	63	9	70	-21	58
MRM	63.0	6.0	5	1
87	4	85	1	60	11	61	19	47	-10	54	-7	51	26
EBB	71.0	70.0	0	1
62	67	96	90	66	65	63	52	76	80	68	65	68	72
BBV	16.0	37.0	9	1
28	66	12	50	28	21	25	24	7	23	-3	40
GIO	27.0	74.0	6	1
44	94	10	57	24	86	34	63	27	71
BEN	73.0	94.0	6	1
75	123	80	98	60	108	76	76	50	99	79	85	93	83	74	80
DVA	11.0	10.0	6	1
28	14	11	-7	35	20	3	-8	-5	14	4	24	-7	36	24	-7
JJR	65.0	0.0	7	1
48	18	75	4	81	-20	78	17	43	-22
NXY	39.0	86.0	0	1
45	93	37	81	37	101	32	73	47	86
OCO	73.0	46.0	10	1
71	37	72	61	67	38	83	48
BCR	8.0	7.0	6	1
24	13	22	27	-7	-1	13	-14	-1	7	-1	10
DCO	38.0	72.0	6	1
37	58	27	70	37	97	46	71	45	67
OKO	60.0	23.0	2	1
49	24	64	40	82	36	82	8	36	19	50	17	59	18
DSV	69.0	37.0	10	1
59	29	80	55	72	43	92	30	53	18	61	47
LIY	26.0	72.0	1	1
27	86	26	79	38	75	27	71	24	59	39	55	7	80
EMF	22.0	4.0	3	1
0	10	26	-6	8	21	22	2	43	-3	28	7	32	2
NPE	47.0	17.0	3	1
57	-1	30	4	37	37	27	1	65	-1	43	35	68	30	54	35
DEZ	31.0	-2.0	6	1
18	-13	19	-15	45	-4	43	9	34	13
AGX	84.0	15.0	4	1
83	26	92	19	66	13	94	7	65	33	104	-3
NRQ	33.0	-5.0	9	1
38	-22	37	-3	45	0	13	2
DAR	81.0	22.0	8	1
55	28	103	36	62	35	99	15	89	0
DES	71.0	20.0	3	1
78	8	64	29	54	22	90	23
FWT	56.0	54.0	6	1
48	65	41	40	42	39	78	69	73	64	49	70	73	50	51	36
SEO	22.0	76.0	5	1
36	77	2	85	22	75	47	62	12	82	27	75	12	77
JTV	93.0	39.0	4	1
98	42	99	52	101	27	86	42	83	33
WZG	72.0	60.0	7	1
64	79	77	49	80	56	69	58	73	62
DQF	73.0	10.0	8	1
89	37	89	16	52	-5	51	25	92	-5	70	-3
NRE	13.0	47.0	1	1
17	70	10	47	25	31	10	35	7	55
