VUJ	32.0	5.0	2	1
33	9	45	-15	33	10	21	18	19	-13	36	7	38	23
RZT	82.0	71.0	5	1
89	84	84	60	96	70	65	86	80	60	69	85	92	57
VOW	56.0	9.0	6	1
31	7	34	18	77	34	45	-8	72	4	57	19	77	-11
QLH	63.0	22.0	6	1
48	29	33	23	59	21	76	13	82	0	54	34	79	29	73	28
WST	50.0	62.0	10	1
74	69	39	68	59	57	48	57	54	69	31	52
CHB	28.0	42.0	3	1
15	40	29	24	33	43	28	55	35	51
OAI	72.0	69.0	5	1
68	48	86	67	68	61	66	84	72	86
AVI	72.0	84.0	8	1
81	83	73	67	71	65	60	108	69	98	72	75	78	94
XQZ	52.0	93.0	2	1
58	77	38	114	60	91	54	84	53	100	45	73	41	108	67	99
PHJ	52.0	75.0	1	1
51	56	46	100	36	84	49	96	62	64	72	54
IQS	71.0	35.0	9	1
60	26	78	33	72	34	89	47	75	15	72	42	57	53
XRX	36.0	77.0	7	1
45	99	55	90	48	74	20	60	26	70	18	71	40	85	37	74
RRQ	-8.0	40.0	5	1
-21	32	7	29	-5	52	-16	48
QQU	75.0	45.0	3	1
81	19	63	51	79	52	58	57	88	35	81	59
EVL	17.0	72.0	3	1
17	78	21	57	15	77	15	76
WZV	38.0	74.0	2	1
49	53	26	79	50	53	37	87	31	83	44	75	34	89
FMU	58.0	37.0	0	1
43	21	71	30	63	36	48	44	43	56	83	40
TSR	42.0	14.0	0	1
41	35	60	-2	39	22	44	13	41	-5	31	23
FHU	61.0	1.0	4	1
69	-2	46	27	83	2	48	-20
AMJ	71.0	49.0	1	1
71	49	66	53	54	70	86	45	57	40	81	53	72	44	87	39
SWL	78.0	84.0	5	1
68	94	75	95	67	71	83	92	86	82	87	65	83	91
CDI	68.0	22.0	0	1
56	11	72	28	70	6	96	41	80	33	57	34	51	2
MBK	50.0	22.0	7	1
40	11	48	17	62	28	61	14	46	41	35	43	60	2
XRX	23.0	57.0	8	1
11	59	18	53	44	59	13	62	31	52
QNX	82.0	15.0	4	1
60	16	93	-7	70	16	98	16	71	19	104	35
UUA	38.0	76.0	9	1
37	98	19	95	40	65	56	51	22	75	58	74	40	79
NAA	87.0	55.0	6	1
93	46	106	53	88	53	71	67	89	51	80	62
TKF	-1.0	81.0	3	1
1	80	-14	97	-13	81	13	80	6	71
LGQ	37.0	2.0	0	1
35	-5	35	-11	44	18	18	11	57	-15	29	-6	42	24
CYA	96.0	90.0	2	1
74	77	94	73	92	104	112	80	123	103	75	94	107	102
FQD	32.0	61.0	2	1
41	41	29	69	40	60	21	52	22	70	42	76	31	62
NQI	42.0	77.0	6	1
47	64	45	93	45	91	25	66	51	72
JTZ	18.0	33.0	8	1
27	46	6	44	1	13	33	25	37	51	4	21
HJO	77.0	76.0	5	1
75	98	89	72	73	86	74	70	74	54
MDV	97.0	73.0	2	1
110	69	84	58	114	70	86	79	107	103	85	61
TLG	47.0	98.0	2	1
44	72	49	116	57	95	50	101	54	113	32	91
IZA	10.0	37.0	8	1
3	26	14	34	-6	57	-5	40	19	23	-2	28	23	38	35	53
YUN	19.0	62.0	6	1
22	51	31	80	34	52	30	61	14	56	-10	50	12	89
XQH	97.0	64.0	6	1
101	82	99	66	82	47	121	61	94	74	80	53	107	71
AEG	16.0	0.0	10	1
26	-20	7	-1	13	7	11	-15	28	27	14	-3
YZS	98.0	84.0	9	1
84	88	104	67	100	94	91	86	110	77	99	94
YPA	62.0	38.0	10	1
76	43	72	17	36	22	72	59	78	46	41	44
PCU	31.0	53.0	7	1
23	57	16	61	49	23	34	64	33	63
GJP	92.0	58.0	8	1
81	64	78	62	108	58	82	43	115	65
IWT	19.0	11.0	8	1
4	34	20	-10	-3	14	39	-2	32	20	5	25	42	-2
FWW	66.0	49.0	6	1
76	37	55	43	49	62	72	52	57	51	83	47	76	56
KEN	81.0	75.0	9	1
71	66	97	106	93	60	79	59	67	88
ESC	-2.0	57.0	4	1
-14	56	4	43	7	74	-1	68	-10	44
GCR	8.0	70.0	7	1
-8	80	-1	80	24	84	-5	55	10	70	22	59	20	66
