VEN	58.0	69.0	7	1
57	67	72	55	50	80	65	69	61	57	43	89
RRR	20.0	86.0	5	1
28	68	32	76	22	95	-5	110	29	85	19	84
DSY	21.0	49.0	6	1
5	61	29	25	10	59	42	54
MRO	94.0	29.0	6	1
91	17	73	35	98	6	99	47	113	41
UZA	29.0	94.0	3	1
25	78	32	79	32	80	25	93	19	104	54	96	30	115	17	111
HJN	-3.0	50.0	8	1
26	45	1	42	-15	57	-11	41	-8	64	-16	52
IGL	15.0	8.0	5	1
19	18	22	10	0	17	18	19	16	-20
HFO	75.0	13.0	9	1
90	24	84	26	66	14	69	10	80	16	65	-8
ZYK	96.0	89.0	3	1
109	84	78	73	103	99	102	77	82	107	102	78	97	110
FVU	0.0	84.0	6	1
-2	97	17	71	-6	79	-10	89
XLM	8.0	34.0	8	1
-20	12	-3	32	24	13	7	49	3	54	19	44	28	35
RJC	66.0	42.0	4	1
74	24	77	65	46	43	63	23	73	55
YWA	41.0	6.0	5	1
40	0	27	0	42	21	55	4
LPB	9.0	16.0	2	1
29	34	-18	1	-2	29	6	28	24	8	5	-3	24	17
KCX	17.0	58.0	10	1
11	59	23	40	0	63	7	60	17	83	35	62	11	60	39	41
AUV	72.0	71.0	3	1
69	66	48	66	86	78	86	76
ZAU	12.0	41.0	5	1
29	52	2	36	14	44	7	53	17	28	27	32	7	57	-1	33
GRZ	39.0	2.0	4	1
40	-2	44	17	52	-4	43	1	45	1	15	1
KUT	58.0	103.0	5	1
63	107	53	92	34	92	66	106	74	120
MFB	41.0	68.0	9	1
31	73	57	66	65	55	32	66	32	61	31	87
HAP	30.0	69.0	6	1
23	75	44	70	17	77	39	61	31	64
QRO	13.0	39.0	1	1
16	34	5	43	33	58	1	22
CWH	72.0	35.0	9	1
96	43	76	11	78	48	53	48	61	12	70	49
PEW	36.0	58.0	6	1
27	52	30	73	46	48	30	51	51	68
JWI	13.0	94.0	2	1
37	79	1	78	25	111	17	76	-3	103	6	119
EXP	33.0	42.0	10	1
39	63	47	26	22	41	4	48	34	32	52	45
IEY	13.0	67.0	5	1
15	70	-11	76	33	58	22	86	-11	53	31	61
VYV	0.0	70.0	5	1
-12	62	-7	78	13	55	-9	65	22	82	-10	67	0	68	-1	85
EFO	96.0	24.0	8	1
86	36	77	32	99	33	84	4	111	17	112	44	108	6
OZA	8.0	12.0	6	1
-9	40	-5	8	20	16	28	2	7	-2
NZR	14.0	15.0	10	1
11	10	21	23	28	8	-3	33	24	10	-5	17	39	12	3	12
HMS	58.0	36.0	2	1
37	31	82	54	58	17	46	39	50	45	78	40	41	15	79	49
LPV	49.0	64.0	6	1
45	89	43	67	60	49	44	72	55	58	48	53
OVN	41.0	76.0	5	1
47	93	38	63	36	55	36	67	48	83	55	85	30	75	40	89
INB	92.0	30.0	8	1
96	24	78	39	92	26	111	23	95	23	85	45
UXO	91.0	88.0	9	1
110	97	91	104	71	87	68	82	98	89	106	83	96	76
GYT	51.0	84.0	5	1
41	102	70	75	64	104	60	59	34	86	61	73	35	72	43	104
VVF	46.0	65.0	9	1
51	48	48	83	66	43	20	88
EIK	80.0	91.0	7	1
85	88	65	109	77	98	86	102	90	72	77	80
KIH	58.0	73.0	5	1
84	75	47	66	56	79	41	70	64	75
JXL	15.0	53.0	9	1
28	57	22	49	23	50	-11	57
SDN	80.0	41.0	2	1
78	44	85	56	74	37	74	34	93	35
FTN	84.0	5.0	10	1
97	5	86	-15	81	17	80	16	80	5
CLJ	57.0	18.0	7	1
62	31	56	1	59	36	38	-5	51	32	41	30	75	-4	79	28
NDE	7.0	100.0	3	1
1	116	21	101	-10	117	13	113	-4	76	22	77
OXN	83.0	7.0	3	1
89	23	66	-6	104	-8	64	38	87	3	89	-6
WVO	71.0	-1.0	5	1
77	-19	62	2	80	-20	79	-18	55	25	67	-10	70	8	81	19
XLV	108.0	42.0	7	1
115	43	91	34	116	46	91	42	118	49	121	39
QNC	63.0	23.0	5	1
63	-3	57	31	67	35	71	26	59	27
