VNL	16.0	50.0	20	1
13	38	33	50	-5	52	26	60
LJM	93.0	100.0	6	1
85	81	107	104	81	119	102	105	97	83	87	109
NIW	42.0	90.0	6	1
38	93	59	105	39	70	48	76	27	108
IBZ	35.0	20.0	7	1
44	9	39	4	23	18	23	19	42	25	42	46
AWK	71.0	74.0	17	1
85	80	72	66	65	76	65	74
DTD	65.0	61.0	18	1
53	79	58	52	71	60	69	48	88	80	72	63	47	47
GZT	94.0	17.0	16	1
86	16	121	35	94	26	91	15	83	-3	115	32	86	0	81	21
SKG	37.0	90.0	13	1
17	96	62	110	53	72	54	95	25	76	26	99	47	81	19	94
YKM	83.0	61.0	8	1
62	90	67	64	88	50	97	48	82	50	84	53	80	77	104	62
FRQ	79.0	74.0	16	1
78	60	80	102	84	84	67	59	100	72	90	58	57	83
UDL	63.0	12.0	14	1
49	17	72	3	46	7	85	22	64	11
AXR	80.0	46.0	10	1
79	44	76	54	64	71	109	31	76	33
LRR	33.0	39.0	5	1
17	30	36	41	51	22	23	51	40	52
KGY	82.0	11.0	14	1
85	-2	67	15	89	30	82	2	92	13	64	12	96	11
BCJ	23.0	44.0	2	1
44	31	11	24	12	64	12	34	37	44	11	59	38	57
SYV	30.0	39.0	10	1
25	29	17	32	18	45	52	26	18	42	35	38	45	64
UCY	75.0	82.0	20	1
77	102	83	78	68	87	73	86	65	72	86	72
GXN	29.0	9.0	12	1
40	11	12	26	37	4	13	-1	14	30	52	5	35	-11
EDP	16.0	33.0	24	1
17	18	26	58	21	22	3	34
NRC	84.0	77.0	13	1
80	60	91	65	91	61	71	90	97	74	68	88	96	104
VEO	63.0	76.0	1	1
39	58	72	87	54	85	81	73	69	79
RAX	86.0	57.0	10	1
78	57	111	65	85	51	72	56
JWB	72.0	25.0	8	1
82	13	78	31	65	16	62	27	85	20	60	48
BQL	97.0	50.0	21	1
104	67	89	50	87	72	110	25	95	38
IOS	29.0	24.0	6	1
39	28	9	26	44	30	37	22	21	33	12	24	43	9
LRO	25.0	45.0	22	1
38	36	21	50	25	65	34	42	44	42	12	42	5	43
ATL	45.0	96.0	17	1
32	73	50	87	64	115	62	94	21	113
HME	77.0	89.0	10	1
89	93	61	107	94	85	97	80	50	83	96	104	55	72
UMY	60.0	75.0	13	1
58	75	77	82	35	80	49	100	77	57	69	59
