ZQD	70.0	86.0	24	1
79	73	48	98	81	91	72	94	72	77
THB	55.0	36.0	25	1
77	35	78	19	61	40	35	49	39	28	54	33	42	51
QCI	68.0	12.0	10	1
60	6	89	25	48	13	63	-22	75	26	74	26
UWN	50.0	70.0	5	1
62	71	52	89	50	53	41	78	46	62
WXD	78.0	29.0	19	1
63	6	73	38	96	44	103	21	74	36	64	29
SPY	68.0	69.0	5	1
64	60	61	61	71	56	79	76	70	75	66	90
WKE	86.0	7.0	24	1
87	4	76	20	81	9	74	-3	115	9
LEJ	89.0	57.0	19	1
89	75	90	44	98	63	93	45	77	62	84	34	95	66	92	71
SGX	36.0	21.0	14	1
19	36	47	1	33	41	45	8
VZZ	108.0	83.0	16	1
110	78	84	82	113	90	83	95	117	74	118	93	121	73	120	80
MCU	27.0	71.0	7	1
28	90	38	84	13	52	32	61
JBB	72.0	50.0	11	1
65	62	51	44	81	30	73	64	68	69	93	39	75	42
AHM	36.0	55.0	10	1
37	58	39	42	26	49	45	74
PKR	18.0	30.0	11	1
20	28	16	24	25	18	11	53
SNM	39.0	26.0	6	1
33	15	45	19	43	31	33	22	35	56	44	20	40	19
ESN	58.0	79.0	1	1
56	83	68	71	29	97	66	94	44	84	72	62	72	63
WEG	-3.0	80.0	16	1
7	70	-12	82	-6	66	-7	98	-7	79	14	102	-12	67
KAC	-7.0	25.0	17	1
-7	39	2	28	1	36	6	28	-19	39	-17	9	-17	-1
LNV	20.0	9.0	23	1
14	2	27	7	12	15	28	12
MLI	36.0	9.0	16	1
46	8	44	9	24	19	53	14	16	-4
EII	39.0	30.0	17	1
56	35	28	43	20	24	53	43	39	8
UEE	38.0	48.0	20	1
47	55	26	62	31	56	21	39	28	62	61	46	58	20
PXE	101.0	54.0	24	1
115	33	111	54	89	69	112	76	92	32	107	66	84	50
ORG	68.0	53.0	14	1
82	67	56	31	67	50	69	50	73	63	69	59	66	53
WZX	6.0	13.0	25	1
-2	18	8	-7	-6	22	10	20	21	15
ZFR	17.0	68.0	16	1
29	51	31	74	12	48	13	81	0	90
PJD	14.0	15.0	10	1
-8	13	-6	18	24	34	13	1	34	1	31	24
MZC	1.0	33.0	4	1
17	5	2	46	-17	30	26	44	-5	48	3	19	-16	40
NBW	48.0	77.0	22	1
66	81	38	82	64	67	29	64	37	84	60	72	62	87	29	85
RHV	5.0	60.0	24	1
-4	32	18	62	-8	69	25	73	-13	36	-6	70	23	71	5	73
FNJ	7.0	59.0	2	1
3	70	-8	70	22	50	13	45	-7	46	13	63	15	70
INY	90.0	71.0	10	1
86	64	72	54	103	77	81	84	102	60	92	83	98	80
JYI	89.0	42.0	9	1
120	59	77	52	80	64	81	19	117	52	79	23	73	25
XWU	48.0	64.0	8	1
37	42	49	48	56	70	46	82	60	81	30	79	61	50
QWQ	58.0	94.0	2	1
56	105	50	72	51	85	77	116
QUC	92.0	35.0	19	1
73	17	108	18	115	43	97	37	70	54	97	28	86	53
WJJ	44.0	38.0	24	1
54	31	24	52	43	28	40	49	40	19	57	41	50	46
IKI	15.0	74.0	14	1
-5	81	33	74	17	58	9	60	25	69	19	84	34	88	-9	83
HYM	58.0	31.0	2	1
74	28	68	53	59	44	36	31	61	39	44	15	67	7
EXA	25.0	54.0	0	1
46	46	10	67	12	45	40	71	13	39	15	64	45	47
NOO	61.0	81.0	6	1
41	89	61	78	74	98	57	69	75	71
QKC	53.0	27.0	9	1
51	45	61	27	28	10	67	30	55	17	56	37
WCH	17.0	55.0	7	1
20	53	18	47	18	62	0	52	15	58	22	62	28	53
LEY	34.0	28.0	20	1
29	34	46	41	16	15	41	9	44	31	29	38
BZJ	54.0	67.0	10	1
47	49	39	58	65	78	57	67	59	63	62	91
IVC	45.0	13.0	13	1
28	22	48	2	28	5	56	-4	41	21	62	27	56	23
GDT	18.0	21.0	5	1
37	26	23	2	-4	6	23	26	17	28	36	31	-4	30
UIY	68.0	44.0	24	1
76	29	65	38	94	70	70	56	55	31	56	34	66	56
FZO	2.0	48.0	14	1
15	65	-4	32	8	29	-9	58	22	51	3	41	-15	60
UJG	22.0	14.0	14	1
20	15	19	-7	43	34	21	3	13	9	19	34
