BLG	10.0	5.0	6	1
6	-11	26	3	21	-4	-6	20	7	18
AYW	14.0	66.0	13	1
17	70	14	76	21	72	0	62	21	51
NHW	51.0	21.0	2	1
45	48	48	8	44	10	70	20
BXT	12.0	27.0	8	1
14	45	28	45	21	31	5	27	20	15	-11	1
IHS	95.0	19.0	24	1
84	8	99	35	80	23	89	2	117	27	100	30	98	11
XJJ	55.0	19.0	11	1
51	3	55	34	56	6	61	32	56	24
HPM	30.0	1.0	12	1
25	21	39	-11	27	12	25	14	18	-22	51	-3
VCG	87.0	74.0	20	1
72	61	96	91	98	82	103	78	80	87	87	59	88	78	74	63
UYO	-5.0	76.0	8	1
8	76	-5	69	-19	59	-6	70	-4	106
XJA	83.0	47.0	11	1
106	41	70	44	66	62	102	46	73	42
JFW	82.0	36.0	2	1
75	31	72	32	75	39	92	40	91	40	91	37
XHY	57.0	36.0	3	1
49	37	66	25	66	19	48	36	60	63
SZS	-1.0	27.0	8	1
5	17	-16	33	-19	21	-3	23	-7	27	17	17	12	56
YZQ	30.0	24.0	20	1
17	39	19	24	32	23	55	10
ZIF	110.0	51.0	20	1
101	65	117	47	116	29	115	67	104	50
PNU	9.0	63.0	0	1
21	78	1	60	21	55	3	74	8	72	13	65	-11	50	16	52
HEW	16.0	75.0	9	1
20	75	8	95	4	48	32	85
ZJJ	2.0	55.0	11	1
0	35	-20	52	-12	67	9	45	0	63	17	73	20	52
YEX	77.0	13.0	24	1
73	27	88	22	74	26	73	-6	78	0
LOA	16.0	107.0	1	1
-1	77	19	114	9	106	31	117	26	108	17	124
TWW	32.0	16.0	18	1
46	18	45	28	48	6	18	10	43	12	21	16	9	25
HCB	62.0	76.0	23	1
55	55	68	95	45	52	89	66	45	98	74	86	45	64	77	94
RAV	0.0	68.0	4	1
2	60	-1	55	-3	79	-1	81
ZBB	44.0	76.0	23	1
72	64	33	70	49	64	46	87	29	106	36	68	43	73
PYG	28.0	0.0	20	1
52	2	17	2	27	-15	27	-5	17	18
WGC	57.0	90.0	22	1
36	98	33	92	76	82	53	107	77	86	67	76
NST	66.0	73.0	17	1
65	78	62	57	70	70	59	88	68	69	76	79
JTA	85.0	34.0	22	1
74	21	77	27	83	35	85	41	83	49	104	21	93	50
ZME	21.0	0.0	15	1
17	-6	11	-5	39	1	26	22	27	-4	8	-6
GRA	6.0	18.0	21	1
-10	34	8	8	27	0	9	22	-4	29
PJL	0.0	19.0	5	1
21	23	-15	30	9	23	-17	8	5	15
BIV	32.0	53.0	7	1
19	73	16	53	28	46	60	37	15	58	59	40	32	66
JLP	-10.0	102.0	3	1
5	113	-21	75	-8	112	-19	109
CXK	88.0	15.0	4	1
88	7	76	35	90	5	99	5	87	26
EFP	40.0	91.0	12	1
32	102	41	107	46	69	41	87	39	96	41	88
BKI	13.0	22.0	22	1
7	19	35	38	8	20	24	33	4	-3	0	27
UZD	45.0	22.0	19	1
54	19	50	34	46	25	30	37	56	-8	37	28
EMT	6.0	69.0	20	1
1	61	-14	70	20	81	5	69	-2	81	3	73	24	52	12	65
LIG	23.0	16.0	6	1
-5	3	15	13	43	29	10	30	35	5	40	20
BTO	17.0	97.0	14	1
5	107	34	104	20	94	33	94	-9	98	23	87
JKF	13.0	57.0	5	1
13	66	36	57	2	45	17	74	5	41	9	62
QAE	45.0	29.0	4	1
49	45	46	41	44	45	55	16	29	6	48	22
IMP	43.0	79.0	9	1
46	91	19	88	64	68	20	97	49	72	43	66	62	75	44	76
RTP	23.0	26.0	1	1
14	46	6	9	28	7	37	29	2	34	29	33	50	24
KLQ	52.0	35.0	5	1
45	20	52	42	38	32	58	52	76	29	45	37
MCL	84.0	84.0	10	1
100	73	67	102	72	70	78	96	104	80
AVN	31.0	22.0	11	1
17	22	49	11	51	6	28	43	9	4	49	23	18	45
