NMZ	49.0	22.0	24	1
61	6	65	36	47	9	47	15	27	46
YFP	65.0	60.0	2	1
68	44	69	59	68	63	75	68	45	75	66	55
VRR	67.0	48.0	14	1
71	59	73	33	57	73	61	33	76	44
GJR	78.0	50.0	15	1
86	56	94	27	85	42	66	53	83	64	69	67	74	56	68	41
GQM	45.0	32.0	22	1
37	33	57	30	44	45	60	44	38	21	38	22
AMS	45.0	14.0	14	1
60	-3	46	16	25	18	30	32	46	25	57	-5	51	17
PBY	93.0	67.0	14	1
119	52	72	76	104	90	89	70	71	67	106	68	91	50
MDF	92.0	12.0	24	1
110	26	81	34	67	-5	104	4	99	4
ICM	28.0	101.0	3	1
22	98	44	102	35	107	36	110	11	87	24	107
HOC	93.0	31.0	3	1
82	34	115	18	103	56	103	17	82	49	75	13
OFR	94.0	25.0	18	1
103	30	97	24	94	13	100	26	67	30	107	30
GUO	83.0	20.0	13	1
78	33	88	24	107	22	78	20	65	3
ATV	43.0	69.0	1	1
37	67	38	75	63	75	24	54	45	73	61	66	33	75
COO	2.0	22.0	24	1
-6	8	-12	34	16	25	-8	0	26	47	-4	20
XIX	6.0	17.0	25	1
-7	16	30	34	-11	4	10	20	30	30	-16	3
ELX	42.0	18.0	12	1
40	21	51	35	50	21	39	9	36	7	38	19
EYJ	49.0	71.0	19	1
36	64	72	80	32	81	37	67	48	80	54	84	67	46
WBV	37.0	34.0	20	1
25	18	41	27	35	61	20	43	48	27	55	32
IYT	15.0	53.0	23	1
15	66	0	33	35	55	11	58
LHH	58.0	6.0	8	1
72	-6	50	4	50	9	46	-1	71	25	76	-7	41	2	63	24
DJC	68.0	31.0	10	1
54	39	81	16	88	25	50	46
LCR	1.0	64.0	5	1
10	87	6	74	0	49	-11	53	14	66	-10	57
JRR	4.0	79.0	22	1
12	60	3	97	22	55	22	93	-17	87	-13	101	0	75	8	64
URK	35.0	72.0	24	1
42	73	37	94	50	78	19	61	36	57	47	79	28	85	21	50
VDO	45.0	75.0	3	1
59	60	35	72	48	102	39	69
UXN	83.0	98.0	10	1
102	114	99	116	77	84	55	79
VNY	101.0	65.0	11	1
118	44	105	43	88	83	117	72	79	84
SPZ	16.0	74.0	25	1
1	69	26	87	41	89	19	49	-4	77
TYJ	32.0	76.0	11	1
45	90	48	76	13	72	47	59	13	82	26	92	52	60	15	82
GGZ	66.0	16.0	8	1
59	26	82	33	72	-5	82	9	49	7	48	17	76	29
GHG	60.0	94.0	10	1
65	108	61	90	72	85	63	106	43	94	56	77	61	101
ZAJ	62.0	13.0	12	1
60	14	45	20	68	16	48	20	89	5	62	5
MHM	2.0	2.0	21	1
3	-2	1	-11	22	13	-13	-6	-1	19
EMN	99.0	26.0	4	1
109	43	116	23	113	19	105	19	78	16	77	40
ZQU	49.0	80.0	12	1
61	80	45	86	40	57	51	99
HPX	65.0	100.0	21	1
52	105	53	81	96	103	91	107	52	108	58	91	54	106
INC	65.0	93.0	17	1
65	108	83	98	57	106	69	81	53	73
KSK	23.0	32.0	18	1
8	45	18	12	18	22	40	48	34	36
NKE	77.0	78.0	24	1
88	69	65	87	89	59	78	84	66	94
QOC	45.0	28.0	21	1
34	44	43	16	45	26	63	13	41	41
MNT	35.0	57.0	5	1
54	64	31	44	59	67	54	69	13	71	17	56	43	42	14	46
CCW	49.0	21.0	23	1
61	3	60	37	29	3	65	30	28	46	46	8	57	20
