TEK	42.0	50.0	24	1
41	46	30	46	43	70	52	57	48	32
GDV	36.0	88.0	9	1
53	102	23	94	21	102	22	88	44	59	60	100	34	76
OGN	1.0	79.0	23	1
-10	84	-11	64	1	93	9	73	0	68	22	95
VIU	60.0	-8.0	2	1
45	3	79	-6	79	-6	44	-8	76	-21	76	-6	38	-8	49	-15
LOO	98.0	69.0	23	1
101	81	91	75	123	61	117	78	77	64	112	75	82	52	81	67
RDB	76.0	42.0	13	1
59	32	83	66	76	37	82	32	82	46
ZMZ	33.0	50.0	20	1
36	47	30	39	29	63	38	53
XCT	11.0	14.0	15	1
31	17	-13	30	11	22	12	12	3	5	16	10	12	15	17	7
MLP	101.0	34.0	24	1
99	51	105	29	117	20	111	34	100	35	74	37
KVT	4.0	78.0	25	1
-8	61	-7	98	13	71	-8	78	25	88	12	73
JBG	89.0	67.0	1	1
84	91	90	74	98	53	91	61	82	57	102	81	76	52
BMR	38.0	21.0	6	1
35	0	31	33	58	15	24	37	19	19	56	24	46	24
NVM	102.0	78.0	16	1
116	77	99	85	110	64	99	54	88	93	104	97
HAT	82.0	6.0	25	1
66	12	90	9	94	1	66	21	82	0	79	24	89	-9	92	-8
HQX	77.0	11.0	17	1
59	1	89	8	95	29	59	0	84	18
VFP	61.0	81.0	11	1
47	95	59	88	82	79	49	69	71	94	63	66
RWR	16.0	100.0	3	1
32	96	13	117	6	82	31	112	-1	73	8	105	23	116
QUT	78.0	81.0	6	1
72	89	90	58	70	89	82	91
MTS	16.0	65.0	3	1
7	46	37	49	8	62	37	60	34	73	-4	81	-3	86
KIU	21.0	85.0	14	1
35	74	6	101	26	96	16	86	50	96	22	81	8	79	8	70
XJA	47.0	93.0	18	1
37	116	38	109	38	100	62	96	59	99	70	73	45	71	32	86
UVS	74.0	55.0	24	1
67	39	78	80	70	67	82	36
SYV	74.0	79.0	6	1
78	89	83	90	58	79	83	91	82	67	80	77	72	74	62	67
ISV	40.0	23.0	14	1
32	36	28	19	48	12	53	38	47	3	35	10	40	46
SYM	61.0	2.0	14	1
65	-3	47	26	60	-16	67	1	69	2	45	12	75	-7
OBW	13.0	55.0	2	1
18	51	24	50	7	47	18	60	-1	69
EOR	56.0	21.0	6	1
69	20	78	25	76	12	46	27	34	16	42	37	50	10
TSG	8.0	56.0	9	1
19	63	2	58	-13	68	7	67	26	25
NTK	69.0	32.0	8	1
92	24	65	16	56	23	77	61	55	38
JNR	57.0	11.0	10	1
49	1	62	26	56	13	51	30	42	14	50	23	82	-6	64	-7
IEG	20.0	30.0	12	1
37	19	16	27	32	19	11	29	5	58
MIG	44.0	0.0	6	1
30	-7	50	-13	56	25	42	-7
DXG	14.0	37.0	20	1
3	32	23	29	17	36	-2	42	10	45	41	49	7	30
