SMR	82.0	22.0	0	1
90	34	86	11	86	11	89	9	70	24	75	19	84	46
DJB	87.0	52.0	10	1
89	44	72	37	94	37	73	43	87	59	110	68	68	67	106	61
MKW	27.0	26.0	17	1
22	35	25	41	50	12	43	39	9	18	29	15	12	28
NTU	1.0	106.0	23	1
2	114	-7	114	12	89	-2	108
WSS	46.0	44.0	7	1
41	27	64	68	26	57	59	36	20	43	39	25	64	61	62	38
OGE	53.0	67.0	22	1
44	56	68	68	29	86	40	63	70	56	71	75
UDH	28.0	30.0	19	1
45	12	19	37	13	20	30	39	36	46
JTD	47.0	69.0	22	1
21	59	40	81	46	66	27	75	63	80	66	84	67	43
VSI	28.0	35.0	2	1
37	37	26	57	18	10	18	31	32	43	47	35	41	50	10	17
JVB	21.0	41.0	21	1
23	26	35	35	8	67	17	65	21	30	10	32	35	38
ENK	60.0	81.0	21	1
64	63	50	78	45	85	82	101
JSN	22.0	59.0	7	1
14	62	16	51	42	58	19	68
IPP	87.0	84.0	1	1
98	89	72	85	107	80	108	72	89	96	77	84	63	87
HTF	96.0	33.0	18	1
85	34	70	39	112	46	100	43	114	7
OVD	99.0	6.0	22	1
113	33	74	-4	94	-1	81	-4	103	21	115	-7	113	7
AGP	73.0	68.0	1	1
91	55	55	70	90	60	79	85	72	58	56	83
PZZ	18.0	84.0	13	1
22	106	27	61	37	103	6	69	37	84	-5	103	-6	91	31	61
CKU	57.0	89.0	24	1
62	88	74	76	61	118	33	74
FVJ	16.0	17.0	3	1
0	15	34	18	6	14	-9	3	28	23	29	3	26	45
ASF	28.0	22.0	17	1
55	17	48	26	17	30	12	29	13	32	36	13	18	2	32	28
RSK	35.0	53.0	1	1
46	57	55	49	27	56	27	26	51	70	13	48	42	71	20	48
IEA	84.0	41.0	16	1
77	20	75	57	97	44	87	45
VCS	25.0	35.0	6	1
47	51	33	23	48	50	6	11	12	18	18	50	29	46	10	37
KYD	91.0	15.0	13	1
82	-2	107	-7	103	38	69	20	94	28
FGC	39.0	83.0	8	1
29	68	68	97	22	97	35	89	44	86	39	64
JUS	33.0	87.0	0	1
43	104	23	78	50	72	15	71	36	111
QNR	69.0	8.0	5	1
70	3	80	3	57	22	70	7
QKX	59.0	14.0	4	1
65	13	40	34	67	-11	38	7	85	28
RGG	24.0	31.0	19	1
26	22	38	11	2	44	22	32	34	50
PJS	8.0	31.0	10	1
3	42	9	33	-7	57	-5	18	29	15	1	17	27	40
PWP	41.0	32.0	14	1
48	43	55	42	29	17	47	45	29	17
SRN	39.0	80.0	8	1
24	80	44	78	51	83	23	85	57	78
TKZ	18.0	20.0	20	1
9	36	28	13	28	21	24	33	5	1
MGG	32.0	32.0	17	1
27	23	14	15	31	54	42	40	31	10	49	54
CNS	50.0	62.0	3	1
27	61	37	51	67	69	69	69
PNN	82.0	47.0	22	1
94	50	93	31	64	64	78	44
HAH	75.0	82.0	21	1
77	62	68	76	74	98	75	109	58	82	91	83	85	64
RSS	19.0	23.0	18	1
31	41	23	41	19	30	30	2	38	13	-9	31	3	9
VLA	41.0	19.0	18	1
41	31	52	6	56	6	18	35
ESU	90.0	83.0	9	1
96	82	98	99	85	99	94	83	76	55	73	86	97	62	102	102
XYQ	73.0	53.0	8	1
89	58	72	63	76	41	89	81	52	43	51	43	85	44
LGU	44.0	84.0	2	1
37	106	28	63	69	79	33	102	28	98	47	79	70	66
CHJ	64.0	94.0	8	1
65	86	77	77	56	115	63	95	64	88	60	107
