MBF	59.0	80.0	20	1
63	81	53	59	69	81	71	104	50	66	30	71	77	101
QFZ	23.0	84.0	0	1
31	60	28	93	21	91	14	87	24	91
IQQ	83.0	60.0	11	1
85	50	104	56	86	72	64	80	79	42
MNJ	41.0	104.0	12	1
39	96	56	118	54	116	22	105	34	85
WHZ	52.0	42.0	3	1
64	43	53	37	59	34	47	51	60	53	34	38
JDZ	29.0	34.0	12	1
10	20	40	17	45	58	39	31	11	48
VHL	48.0	83.0	3	1
32	107	50	61	53	78	59	89
BIE	32.0	74.0	4	1
41	74	26	73	48	59	38	63	15	92	42	78	19	81
PXE	86.0	91.0	1	1
80	91	81	105	91	96	106	95	68	77	101	107	68	82	97	81
NRC	46.0	11.0	7	1
30	31	49	14	66	22	24	16	57	-5	57	1	44	-2
LNH	50.0	87.0	10	1
45	62	52	98	36	86	58	95	62	95
VBS	17.0	42.0	6	1
18	65	24	66	24	20	4	29	18	30
ZGQ	71.0	87.0	4	1
66	91	101	90	70	85	61	73	58	97
EJZ	3.0	4.0	8	1
12	30	-11	6	18	0	-7	8	-1	-10	24	-11	-11	11
CDB	2.0	2.0	17	1
24	5	24	-13	-16	-5	9	27	5	-5	-7	5	-6	-19	-10	27
JSV	37.0	34.0	1	1
42	43	32	43	37	7	27	48	48	33
ROP	102.0	-2.0	23	1
85	8	113	-13	77	-14	111	25	113	-14	113	-5
UAF	26.0	79.0	21	1
34	69	37	67	27	104	9	72	26	84
SMS	58.0	92.0	13	1
55	98	64	101	42	87	73	83
DIY	0.0	58.0	24	1
26	64	-1	46	-17	69	14	83	-16	47	-1	42
QEF	84.0	75.0	16	1
86	81	95	66	75	86	95	70	76	72	78	80
ZIY	11.0	7.0	7	1
5	7	-2	18	0	-6	32	-5	-2	-3	25	30	25	8
UXA	63.0	79.0	2	1
64	99	50	95	83	68	64	67	72	81	56	67	58	77
CLZ	78.0	5.0	10	1
77	-5	89	-12	82	9	58	20	88	9	75	10
PXZ	24.0	69.0	2	1
41	74	33	71	18	42	44	42	12	86	0	72	47	88	4	83
UDE	74.0	3.0	16	1
77	25	61	3	88	15	85	-7	60	7	81	-19	71	0
CTG	68.0	29.0	11	1
46	33	77	33	76	39	57	22	81	25	77	8	66	46
RIX	103.0	48.0	20	1
113	75	105	60	97	37	97	51	102	33	106	35
JFI	75.0	87.0	4	1
97	82	75	77	88	112	70	107	63	82	60	66
TKS	56.0	31.0	0	1
54	13	59	40	61	32	51	40
