R100	65.70838722547818	324.97854693946414	55.29049652571302	5
65.70838722547818	324.97854693946414	74.33398646965897	336.235294836278	88.21697475661256	327.5725635816819	65.70838722547818	324.97854693946414
72.50070116336076	333.842785060235	87.83779895757496	345.31986420536293	66.76178700752956	309.98438152573374
77.63771984148298	334.17382552251024	92.08129640897835	342.1493889216066	99.05828838775443	326.02388460578834
82.04193622897262	331.42567489648366	88.10465761364672	342.5142808824068	96.949344436196	328.15510402648255
67.0417768953344	326.7186731541052	75.88682422090777	340.3098358603602	74.78660511465621	305.89200505053356
R99	375.59240467913276	378.85421052460754	107.71950943290344	5
375.59240467913276	378.85421052460754	384.0054719921529	394.65875365186946	394.64301905245827	377.8108377420085	375.59240467913276	378.85421052460754
393.15411992239314	380.1689798211358	402.08079553760876	387.3153304772197	399.13259217889504	362.1481784382519
376.7735353504493	381.07304818977934	385.9779786014599	388.15346227951716	395.71613799973966	382.54065399609647
385.70667198904385	378.30026769524306	393.34943269278887	390.03614442355075	393.9919174403025	361.65518015371003
378.80425024384135	384.8878900206675	391.73272821823986	394.0157732233963	382.6885905618903	374.66930820394253
R98	152.26641481390246	349.90814913731487	84.79168861196591	5
152.26641481390246	349.90814913731487	163.12041693333762	362.14919768549345	168.3298362803173	343.041814210084	152.26641481390246	349.90814913731487
159.65409618103615	358.2399114935824	166.84000450131595	367.61670744368666	169.42672949799524	346.1710019488592
166.71816286745445	343.7307265609905	173.68935023504542	351.44402019956266	184.7071466431697	337.39901102246284
158.09524115061845	356.481848440255	164.8311098618816	365.8594421497065	162.67790176740277	339.679184470868
160.15235579940966	346.537291183044	170.13040508121998	358.8287558571968	181.64709204494352	345.25576839555873
R97	100.09353390690818	217.15421159372383	78.25679788408296	5
100.09353390690818	217.15421159372383	113.13581280157725	226.6336376764617	106.40134219453411	206.36570923135832	100.09353390690818	217.15421159372383
110.88321437009778	219.85426235674024	123.06949911984644	228.52864751822196	130.32051481406424	217.86870415905528
102.14611199775337	213.6436033804933	110.71732237328368	226.06560438477905	112.33707387193334	203.8953876616445
102.09035101634855	213.73897366636487	111.85540717699108	223.02943869125133	110.96471374684434	203.49885781170383
113.11863190297862	226.58193038664808	121.14068066965874	234.0596477982058	138.24662186133355	225.36212279907858
R96	375.597723050468	222.80297378166293	47.35560143384367	5
375.597723050468	222.80297378166293	386.1208466416339	230.61529219243317	387.68574249921835	213.09072350238966	375.597723050468	222.80297378166293
376.0308398583773	223.12451770188113	381.8725282006091	231.61638832919428	383.88810885690845	212.11535675744463
379.1712633956357	225.45595364912555	385.6409950211944	236.81532502700648	397.06431671678547	227.55812767729805
379.18206983106194	225.46397629693575	390.6518477687542	236.9932885967153	393.04154111445587	213.83116012405273
381.9582568153802	227.52500470750556	389.21506534010257	235.82202469050745	389.89648403777323	213.1937293736766
R95	94.61271296188461	406.2711291393763	77.87176795892402	5
94.61271296188461	406.2711291393763	105.75781148078595	417.9137296067852	105.3717433491853	395.3095242782894	94.61271296188461	406.2711291393763
105.48199025473794	401.7644566748358	117.67885971596587	412.0959298610682	128.3650421577137	401.5139803263569
96.37127106312346	404.4794603423631	110.53564019025656	414.22929309124856	111.04862789272956	393.10556197856425
96.12164282804866	404.7337886578859	109.48659843499675	417.08358825092716	100.60029994220476	384.2502421653618
102.76045077254086	397.96998310882225	111.64856218354053	405.9361519683267	111.81992251403994	385.7045310217736
R94	170.50860014188473	325.09805339564525	163.5233733554766	5
170.50860014188473	325.09805339564525	182.27970318348667	333.9391732739173	190.94824156567313	318.1291701937204	170.50860014188473	325.09805339564525
179.8105644463493	332.0846358109485	187.67426601752297	340.39589508136186	187.11279788544223	317.4901930706325
183.00757216837573	332.6116587165931	191.28268038199815	344.8011048694625	187.97708225403412	318.6106135074178
174.1624490186207	327.8424109823677	187.5736224029203	339.3153669359909	174.40020643378412	311.4488124274689
174.66168373962927	323.68206209127595	187.91740724606169	334.2703755357932	194.2168085326474	315.58394011260606
R93	169.9045952048302	204.48201674168453	14.03871043834949	5
169.9045952048302	204.48201674168453	176.64810816121636	212.1659898938292	178.35141232844097	190.84031146282908	169.9045952048302	204.48201674168453
177.42719921933252	202.41162793455248	187.78440793199545	216.57062072375524	194.23486232826468	203.5304238577186
171.31877615155662	202.19809850314593	179.19593999205804	216.58347724437516	181.2610153475104	183.36231265252442
178.2534305708614	192.06706091513064	186.6602700940614	203.99369052168373	202.11166225835535	191.6977262722844
177.32515021618272	203.68930004224393	187.21828201451527	213.4057455174207	195.16623388368978	198.0797213415472
R92	126.82034396863551	100.48201336734685	112.10959467610714	5
126.82034396863551	100.48201336734685	138.25785255617313	113.30257204772887	146.3751390160675	102.93044527605112	126.82034396863551	100.48201336734685
145.59553017091628	103.92661583306939	158.49429111341428	118.63822273528777	157.31360070605885	96.36085702003105
145.94735768005077	103.47705679082827	156.05243034149422	109.31627858821597	145.29136733016924	88.22920595784787
138.32839058866438	113.2124397826131	147.69009946752132	127.90815231949145	148.83862173470825	101.39343125313873
138.66407537268145	112.78350763239872	148.78312947770124	121.92618069575434	139.16340923527807	88.01442260812829
R91	38.034197303003396	311.8552212299789	27.94873166059795	5
38.034197303003396	311.8552212299789	45.099471924988194	322.8147055256646	59.52122003220404	309.9453574708067	38.034197303003396	311.8552212299789
56.98289073553811	310.1709756587542	65.0447704701991	318.2975013176183	62.6696262984162	294.2882413845208
43.36919334003292	311.38102265370975	53.248888294798746	322.86438161807746	57.08954671403315	304.57667725888183
58.872871518386155	310.5239158136055	66.4345975081667	317.45413713436255	72.19431624329084	301.80692542495643
40.936856716038434	311.5972197335388	50.837032878329126	319.8555319941713	52.84560811103463	296.4838566303153
R90	231.59238753049917	361.6163219349968	117.45648074274288	5
231.59238753049917	361.6163219349968	241.83596464639552	371.8336203220452	232.57014645243905	347.38722998423856	231.59238753049917	361.6163219349968
236.94698670697733	358.9348281637988	244.33227044091018	368.21648567451217	253.49468770498905	348.0638164201405
236.09361501093454	356.6833424182329	242.5543744574678	367.75919685337885	260.14367159705046	358.75293381801765
240.55340799047596	370.5543539189554	251.84875344982103	382.32252902893333	258.0623408207577	372.35596635372127
237.18482833265585	359.5623355353235	250.46169317242774	371.60934254572817	250.12331868949553	346.7922006598815
R89	76.25749264960407	355.1458178396167	105.49897674333982	5
76.25749264960407	355.1458178396167	85.61866518341702	365.207921184604	90.08935846263402	355.06408779150405	76.25749264960407	355.1458178396167
89.41206077583197	356.60085054022375	98.92883387233427	370.1810537936216	110.1505417311116	359.6237468574021
78.97511055823567	358.06692116829356	88.28672050786238	366.0915266944225	84.18810319545597	345.94354999812555
87.0981525434477	355.0817622981104	95.22374566282771	361.1476652622543	108.91964692484976	348.2480120699511
82.95365538466984	355.1062513986242	92.26734075350024	367.0480041781679	99.10890487426161	344.98954247565126
R88	191.16086105417995	289.65488039842234	148.76399237111568	5
191.16086105417995	289.65488039842234	201.26367070553496	297.9052274191952	190.60155428673386	263.8316955154141	191.16086105417995	289.65488039842234
191.08554967305653	286.17775508591296	202.60097761792048	297.6444861880717	201.30944158152053	275.3986094649934
199.51561908927505	296.47770052894714	208.45800580281207	304.6107278529899	213.2367098785958	286.11312399369615
201.07921521593738	297.75459389727564	208.19093200091226	306.0610783484769	209.5834065318624	280.0254248635306
198.1803872707291	295.38729833031675	208.54550779772026	307.2862458463385	205.55052571443144	287.6362327761451
R87	107.46548458045318	123.8264658293467	112.7691110943101	5
107.46548458045318	123.8264658293467	118.79571986735111	134.50137151140962	128.29948148800025	123.53339866798493	107.46548458045318	123.8264658293467
123.07400639677178	123.60690425400134	134.09237581617091	131.73369613573254	116.67072524708021	100.09090921197851
121.56129257412246	123.62818326003764	132.44938049191444	139.77616011071407	145.9600052611614	124.9091256405633
127.17236373524347	123.5492535805966	137.6727808847484	131.1925081543075	128.9825952057421	110.711511945512
110.37471335427482	123.7855423607353	121.505565184009	139.0878507463896	117.53996909396311	112.11782383245318
R86	439.2219650928864	477.34463794589715	40.69718718346959	5
439.2219650928864	477.34463794589715	453.31978959976726	485.3292345498745	439.9446841873231	462.4042880504303	439.2219650928864	477.34463794589715
448.0385120001467	476.2771184964662	457.7141676742135	488.3338082931324	459.650356724037	473.9285587185515
439.6722795925858	468.0355491999378	448.13520640582965	474.58093307532573	457.8474792938439	462.54631123598716
450.41149220715226	483.6820597341364	462.24616049661796	491.53307852801277	452.902768884231	471.6499287180997
451.4572831099733	482.13689622305515	461.524006866175	490.7928266212497	455.2304067886371	469.7559506685306
R85	130.82216552626187	432.129279350567	134.5114857579063	5
130.82216552626187	432.129279350567	141.35668049563648	440.17694634603964	133.18836985080046	413.7094345223754	130.82216552626187	432.129279350567
141.3126726426377	440.03434912854567	148.91304884261092	449.7947925776474	156.00827183228486	434.3842540629453
139.89815954203505	435.450948246431	148.99237776783585	444.08667057318803	136.97811230411742	417.5568791787597
132.14293634630545	421.84766786566263	143.28101772908497	433.7537380013448	149.89121118796368	417.6081424647837
140.55889453691424	437.5919064016316	157.11157026073772	446.72157601174956	157.338971796439	431.8965157546826
R84	394.1384720614566	136.19687438812744	126.61102285687122	5
394.1384720614566	136.19687438812744	404.3205590688512	144.9053826446421	413.06315864845135	135.56200079218644	394.1384720614566	136.19687438812744
411.83993023084616	135.60303689709482	421.7072929567143	149.53738804667876	421.7498672044192	116.5388619835352
402.91909437708114	143.7067416557535	415.6211898862818	154.93165899809316	404.50143923132975	120.48674467034415
409.6102163824424	135.67783794821648	420.2028480744111	146.39480751732992	413.88427389951454	121.52683565494699
408.2730908453043	135.72269500273546	417.1887891142541	144.19708545146372	420.26231971749644	132.59403444184477
R83	46.35886031796343	484.333440501772	101.85052439920449	5
46.35886031796343	484.333440501772	54.36808235889337	491.8375789849613	54.26787850355308	474.2712868745487	46.35886031796343	484.333440501772
46.772731006191485	484.721211366748	56.92281846316166	498.28961331200156	58.065816046556314	472.73295142750834
53.05055869998512	475.8200074097069	62.21766381248568	485.3993361234181	58.27392911491542	454.7932126250175
54.26958928812795	474.57119690773277	69.20856868681685	486.78608404000624	49.02606553579392	449.64512789561616
52.84555052386732	490.4110621926046	66.13928150480058	498.7490146817384	55.84234130806191	478.01526178095384
R82	43.54991608545939	302.35461489414746	43.41925587015917	5
43.54991608545939	302.35461489414746	54.08954657812173	310.74918991595484	45.03039136510646	287.7214543183658	43.54991608545939	302.35461489414746
53.111403088208355	308.2628179383705	59.73160849914602	319.6806000790748	54.95262041317882	288.5443235431774
49.611823223456675	299.3671319794448	60.233963279975185	313.3192032545556	67.02381337618644	295.072964082678
52.97222899801355	307.9090471864977	60.281884102779024	318.66086287877084	54.93888595852002	285.6114255547192
45.10261234477477	303.5913020098843	58.99559737225319	312.1650728100017	47.069153180773235	283.67462206640494
R81	368.8199862624138	454.28303124017987	19.27685426863237	5
368.8199862624138	454.28303124017987	381.4465323990156	465.7841449845721	370.405580180689	438.2855130804396	368.8199862624138	454.28303124017987
380.27704107425626	464.7188930460275	387.29509358346274	474.05345273799753	399.60102815427217	459.80509459451434
375.20589098747945	450.24118296208746	384.1178244715888	456.747866621451	393.8093385888994	449.23093397240723
373.7091169848211	458.7363827696697	383.07024959857085	464.91998315266187	375.1370785959479	437.1057424007084
376.0751689333488	460.8915431984012	384.9232860304378	470.8797590184687	395.8883859174643	457.01330920711837
R80	173.72586659486612	267.2555770572155	135.5372389188409	5
173.72586659486612	267.2555770572155	186.77395940518414	280.3457711374313	172.05519601064512	246.92596384315027	173.72586659486612	267.2555770572155
175.44513551423586	254.62301840626023	187.08730706974876	266.67069646509367	196.83099657922503	257.2383907360849
173.278532228366	249.70361978858898	183.85096280184254	260.49162858190215	179.14630848668668	236.86709570000656
176.3159932945983	269.8540611180456	186.8656698238514	286.3772894158833	182.99726987922932	245.719848959117
177.01870758614592	258.1959052036939	189.78679204283816	268.8463964066498	179.27108897424418	241.73857338239736
R79	100.33522229557651	446.76403593018927	93.56313855575202	5
100.33522229557651	446.76403593018927	112.34418414171816	459.8065340273144	110.52836630454813	438.6965928742358	100.33522229557651	446.76403593018927
112.31419276995476	459.4578668427184	120.03584477856381	469.7355097243487	121.56289378418577	452.0609371013498
105.28234639046468	452.13692806029053	115.69034504212594	459.37466117889306	115.1794596332244	441.3782059832078
112.19533403389975	458.07606473003443	124.2596053674691	470.13878248171085	107.03263300163111	436.12626376628333
110.62796954533952	439.8545386266793	118.6362418001469	446.2931686469569	127.34377861417929	436.84311914879726
R78	27.35893348501328	34.34920632363097	89.72447262484144	5
27.35893348501328	34.34920632363097	37.6682199065188	46.08178554611804	29.854221010208057	18.660229324582563	27.35893348501328	34.34920632363097
27.71178303440675	32.13068504756017	36.215645353715615	39.3621857912958	25.80171055000548	12.60804676697866
33.09897406147508	40.8817128473748	42.98547302920881	54.57129980953628	33.13464151951341	18.67498090491167
35.769821250593026	39.41976189278301	46.32215654559073	47.580160886070914	30.974706797357435	19.37276688289126
35.62658054341054	43.758278894731625	44.702073394001545	52.21980747778076	42.895381465817366	26.132444117115316
R77	108.30630242729744	215.34854031806012	155.75728055358235	5
108.30630242729744	215.34854031806012	115.77366517153123	222.75099879411908	128.20252424247488	216.77519297468208	108.30630242729744	215.34854031806012
126.33145046363276	217.6748068099005	134.17782959163412	225.67855783569982	147.10477437289106	218.23820329790786
117.53215776270805	221.9055140879357	126.20566543516306	231.13132490862387	121.42939285331134	202.32121522473685
122.67901517689121	216.3791314030183	133.046306593871	226.1327385530675	137.224052087705	211.23777719143925
119.02699442502941	216.1172643432277	132.15764746207316	226.53827583379143	135.18765176997843	215.70045169554237
R76	330.0280753475509	266.75563201039563	40.590625814577656	5
330.0280753475509	266.75563201039563	335.8653430312742	277.1612592186013	343.1811425628519	257.60071133101167	330.0280753475509	266.75563201039563
342.31335215549524	259.920957497712	355.050847084784	274.144055459994	355.8749258170235	245.4285569585201
331.98167744510926	265.3958676338083	343.3823329536945	274.51262559438055	353.8343718885299	265.6420305824132
334.4616833517741	274.6590681005213	344.86348044698224	283.2301586334016	328.69960675915036	254.64750135223252
338.00664633200404	271.4359703318586	350.74781851665153	283.5363704843001	340.6495845040621	258.2983088122084
R75	337.4655422354567	57.00921863903563	41.599902517680036	5
337.4655422354567	57.00921863903563	353.85423493427237	68.18212136367495	344.7604259909903	39.51571640124241	337.4655422354567	57.00921863903563
349.55374852196076	65.2502879809633	363.5986728323717	74.5515478133956	354.9774176643295	47.699213936952326
341.9279251096028	60.051424060126585	354.7934587340036	73.87365353053059	360.11188080148696	56.52686626540438
353.20134147738855	66.12400596350706	366.42377526403294	75.19895581703732	362.99742186624485	58.50101321152898
350.97618564720614	59.10964943475577	359.69696405805666	67.33170042710962	348.52136923169604	34.650347351691714
R74	21.690783739610474	371.0771804788033	54.10873414344817	5
21.690783739610474	371.0771804788033	27.596340815092404	379.244582427915	30.26467756057302	359.60846772456694	21.690783739610474	371.0771804788033
27.909679131566257	362.75858843785613	37.79608685601821	376.2028094258665	48.02754405176761	360.21399455395294
28.02846071987173	376.06464045461723	35.457464304100895	387.84242615873364	37.78957525092949	359.4208794917488
29.262798384900833	366.98123071848636	37.13391241466725	374.46714928759377	37.20707575927627	351.9609084858467
28.441988846680225	373.0215141532516	39.9135615378992	385.0831284562457	35.69838565643745	354.8136353706974
R73	425.0473908721091	362.531904204166	46.3601430244692	5
425.0473908721091	362.531904204166	433.1307233928919	373.03227059056894	448.25305051121217	366.17421308467004	425.0473908721091	362.531904204166
426.3378809152256	364.2082695195714	435.92081524062735	374.83017677927063	431.4221655632848	353.7573024548293
431.0813307816292	363.4789780326487	443.100462487117	372.3782415475016	443.5121329711577	352.6745044525922
428.92414778553365	367.5678677597066	442.8818731327423	380.7691784661179	428.7897218544145	342.84596676101717
435.6303755853377	371.89866474099233	442.270941633558	379.8029350231636	444.1514489290904	358.40588461095723
R72	425.537533972891	136.2491774684662	53.78561248744833	5
425.537533972891	136.2491774684662	432.28409816805464	146.9463744101016	438.6252019948464	128.97417414784343	425.537533972891	136.2491774684662
434.40136333842077	140.94554006177378	445.93014907629254	152.43089144686547	444.6186882792876	133.49718279018487
437.64002785552344	129.52179998332022	446.89077173764537	139.7329628008115	442.6819891861664	116.48408422035266
432.19382580442357	146.80324062759922	444.37011671160843	158.87505916311017	454.18373068545964	147.46730462235342
429.6658442836474	142.79493130002427	441.69468694284984	153.80390722484327	427.45428036414273	119.31594261413721
R71	10.51253810253816	258.7649201004756	122.82208293403424	5
10.51253810253816	258.7649201004756	21.403172069924224	273.7292626280135	14.628586978332683	237.19587505875137	10.51253810253816	258.7649201004756
20.6215332503902	272.6552470047398	31.365354158369268	282.9949363740518	18.839791812330915	254.25457939095983
15.736482513320576	243.17043680958162	23.6292806261539	250.07847474533995	35.28609915813637	246.9612624267084
14.98307147674073	239.10750793258015	22.0137314269493	247.17556844601617	36.152903186847524	245.85899956586871
18.164879590963178	256.2660833193133	27.631384723637062	268.86595069850347	36.13291731369437	258.5978479341458
R70	78.55615811069599	63.443135045636645	48.71218963262389	5
78.55615811069599	63.443135045636645	91.39771027193666	76.73861541400295	96.99375291447585	55.94223256199194	78.55615811069599	63.443135045636645
83.50618277533484	68.56813511768996	89.87883502039666	77.85560701830475	81.27030236530295	47.40341285969157
80.14789198467133	62.79557549702592	94.35183067185343	76.39672473455377	100.16408279376607	58.15362892722597
93.8070820677267	67.78474899468789	102.71342492841603	74.76439398266618	94.78888650959455	50.37621737988751
94.88252459156962	63.788118538165406	104.62962850775062	71.41103047712707	116.31626227505895	56.56585569090092
R69	359.81041582983494	355.2298286882889	136.20504336426998	5
359.81041582983494	355.2298286882889	366.4890764800204	366.85040823020694	381.22728934598354	361.4529269681093	359.81041582983494	355.2298286882889
365.70466505525127	356.94251995426026	381.48746674661624	368.78852312600475	381.6996107685558	352.1980019109137
364.94906003388326	364.1708464818942	374.63180517236594	374.33340181070184	378.5537414997112	362.9800004821605
371.8856409954137	358.73852536615345	381.5654436040396	376.2136993768714	387.589118347908	366.3436034023595
360.3529244782751	355.3874653589425	368.9050474426163	365.4087335710513	381.6468777147859	357.737239179627
R68	93.33512571775215	432.14884307946096	129.14918886541605	5
93.33512571775215	432.14884307946096	100.02105460541813	442.4880890738814	102.51664027851042	421.41514274269264	93.33512571775215	432.14884307946096
100.42867904737626	439.0460722033401	114.35330190484775	448.74740132515916	125.40632357880054	437.869072145903
101.96214834839594	426.09732168383914	118.2086304393393	436.32784072984697	124.19997358655999	427.4616672372213
99.10370431222998	425.405054394873	108.06121100794279	437.190865761514	113.26505439326812	419.3140739064739
101.23725941760475	422.91081000833645	113.20372352939529	431.4916532474902	100.5042703459161	404.54593265243574
R67	5.733982464636966	485.71066315228205	148.93518014812267	5
5.733982464636966	485.71066315228205	18.09813270259231	501.0787238487741	5.8341798863663	461.5980236230729	5.733982464636966	485.71066315228205
5.784944546349747	473.44657207299383	22.700373822060364	483.9352977870191	15.928871650730706	458.61766708077954
5.7862470523176714	473.1331223220207	19.35640477463948	486.31942205015304	18.384898555102147	470.52669735756314
5.751863667908051	481.4075283871094	20.2513108561693	492.7959901935017	20.8993213124999	471.0472973949356
7.388114573361947	487.7666720293713	23.502186356047844	499.57756887376524	10.912994753059825	477.9213496190969
R66	362.0506413815373	20.633341484452007	162.8529281354922	5
362.0506413815373	20.633341484452007	369.4338876575145	28.045179334503093	369.9464188161495	8.393374094986914	362.0506413815373	20.633341484452007
369.4432882444451	27.684735875826732	378.17735975472283	39.237049573082814	382.8010518673668	15.346918419091251
369.74924792173545	15.95342961677262	377.05858164716915	22.883840405831258	385.1359068421594	4.0743588232609245
369.56826686076585	22.892723945119222	378.88078362599555	28.36051427116955	375.3351180470704	9.891017331986733
368.96167277255853	27.57113580041944	374.68597797523745	36.35402962428813	375.58256083874596	8.339750571765236
R65	235.91940743798824	283.201612668635	50.539551039827735	5
235.91940743798824	283.201612668635	242.95318068037253	290.94846110726013	240.00444109682334	267.2707722505795	235.91940743798824	283.201612668635
238.56194972750612	286.11205261375517	247.2460455089659	295.3404568693884	240.65543105851026	269.5724392964282
238.78515388125868	272.0257563405943	247.00382543736774	280.71197111722387	265.09528425602286	271.33285839767507
241.00409145300483	288.80177563454845	248.05238653723765	298.6065603472406	241.49421436752542	264.5735179128009
241.64754604947564	280.4645205370745	250.55741357625976	289.52800649636254	241.40131634171982	255.66886184198003
R64	5.236412090240005	156.4152667381496	116.75315448044384	5
5.236412090240005	156.4152667381496	14.413338542196831	164.33751635083644	26.01238252476569	153.48963499875626	5.236412090240005	156.4152667381496
6.559927292420813	156.228891902121	19.0024706905049	168.82521668807556	19.185085418868766	146.61069972535904
21.338473012935346	157.860858688475	33.887214561816755	166.38525800423085	45.32413888072883	155.56028561354265
18.445231494293864	160.56673175562617	26.108376795043753	170.57984961349896	26.285994714612603	151.8160519446545
20.36461262888455	158.77165115685	32.27925502379334	167.43778445118875	33.19945535085753	145.96054417603378
R63	7.321899336998506	423.03258878134216	35.09077837713809	5
7.321899336998506	423.03258878134216	21.816778488173277	436.0672105638381	18.25034661744729	410.024237745977	7.321899336998506	423.03258878134216
14.169596505223558	414.881636842588	23.526104955193823	427.49436790987323	14.243771862219818	392.0701438726044
19.919641627381047	434.361196930185	29.869380861527596	447.958877856739	35.99251756794215	423.65611360227354
12.305965957166613	427.5145456610854	21.360476190482537	434.73186804642137	28.158911520567074	425.0030798954799
18.07004478608678	432.69793399263807	27.31747852327579	442.14903323382066	33.65210351728622	428.07642296858984
R62	399.7680246480846	108.05021689609656	74.23806977754562	5
399.7680246480846	108.05021689609656	410.0838620913245	125.00612858153308	420.7813293054799	106.83219340765241	399.7680246480846	108.05021689609656
420.25826073706185	107.72083499576084	430.5409601381182	120.388748376808	434.6634100397219	107.54576151441576
409.72667302023234	124.41902488028094	421.26061782743125	135.25196348677872	424.36395401009264	118.28115721476176
414.93544197028666	116.76377584083124	423.47951178621946	125.96195114095767	422.40469897302677	98.96103880939333
408.10799289366616	107.56679568360195	420.9772464206632	115.24448401005438	404.44100108047706	88.88427980629412
R61	197.84114324735708	229.0475001009767	45.734335870686735	5
197.84114324735708	229.0475001009767	203.56818973552186	238.05340240710802	213.82353725218147	228.43256154299075	197.84114324735708	229.0475001009767
199.00349339295002	230.8753204056241	211.02183743716918	244.1786127614658	216.17666087210105	229.73900983036071
199.04741851959656	230.94439360071357	206.83197822784413	241.79278124614632	211.31667996133754	219.04539957357312
207.42731235188097	228.67866267875036	223.34765165291532	239.94623427494273	222.9559886744963	224.05923209183587
208.84212787941868	228.6242262394999	217.91164824800353	238.35620388335497	215.97257195324454	217.42880032243772
R60	43.3854968889813	335.6817988433871	135.78973563414388	5
43.3854968889813	335.6817988433871	53.6045378796002	342.38660301999755	42.10508987443523	316.383977071929	43.3854968889813	335.6817988433871
45.208565042576915	323.40157512533654	59.46978825159427	331.8465130207552	66.03807279782035	316.819025611814
47.06098372342521	338.093318623108	55.16079263324345	346.799485622153	62.51428524177534	328.02573606563135
43.300045856614275	334.3939124337749	50.74858817332782	342.4480831033168	41.97682741169187	312.0458272713101
43.41804771402701	319.3528458013807	53.27112149024168	326.66609334780213	43.89243366270494	303.8315264263324
R59	12.899125186737248	337.26252185114566	42.757433358826965	5
12.899125186737248	337.26252185114566	20.963156695427095	343.77399016663253	28.197987752617408	328.5969102234992	12.899125186737248	337.26252185114566
13.989732707132841	338.14315535388374	21.59074720025069	345.33630706044744	40.281498591251406	338.78335790753385
23.53933422568629	331.2356738569594	36.986305022344155	340.3580356521866	42.11178041070825	329.5432282532493
24.040981595441245	337.3173923291397	34.96245023837151	346.48750478578484	30.482251686514562	329.6339761842767
17.798093408680593	334.4876386985758	25.461219747839685	347.9977674345595	22.45336358124308	321.305060984776
R58	163.84411880174488	410.1958860603121	133.85907053518775	5
163.84411880174488	410.1958860603121	179.3817846470201	422.1085855468512	166.1343114429102	390.83338278506096	163.84411880174488	410.1958860603121
164.79171590584158	402.18439754974077	173.10302772844014	413.4014075284312	178.20066565102937	398.8725415998201
169.1099856398854	414.23321636484917	182.96309872043057	424.59082020593195	172.8206002670028	400.1898565975368
168.84233805328984	414.02801145832325	176.6147035412847	424.16843481806353	172.51209070521514	397.1226542678862
165.6843428387548	394.6376560217812	175.34186588352028	407.5117687593745	164.90491111618257	373.9262516753978
R57	486.3494182733278	112.29485568085474	8.31453336524933	5
486.3494182733278	112.29485568085474	495.4448433114215	121.50530869220574	503.16288287043096	101.30702530396891	486.3494182733278	112.29485568085474
488.37882144239006	110.96861279621969	498.7392018107555	119.77543999765578	496.8455329713804	99.70428782843948
496.87666691843265	117.75819405833215	508.70425552339094	124.72419489185519	501.27319908759625	102.47719576256121
501.8717271096653	104.68600901542918	514.9632953387422	117.07647056644575	517.0654549266153	92.4637581972764
490.10717243278833	109.83911165119748	498.27711454709237	117.08695313684458	510.31541361251715	106.03429013725277
R56	307.1785365336734	253.58354706962095	139.2473990616881	5
307.1785365336734	253.58354706962095	316.417608162071	262.9305571303165	305.89594990731547	227.84255907634014	307.1785365336734	253.58354706962095
309.2624267643263	239.06920515697703	319.5807505175427	248.79942445235616	321.02209157409095	229.29334212048275
306.3082725484568	236.11770551624497	317.3579729053706	249.17331050116903	317.8591023301056	232.03832966181693
312.6439101935574	259.1127717189222	318.56511177792987	269.3383091481475	331.6346226597657	257.8192355804966
306.1125761290486	232.1901585741574	313.67703937812996	238.86805078029712	305.40318898388966	210.6487024406267
R55	263.7180131244685	86.78344936195448	9.528893543111451	5
263.7180131244685	86.78344936195448	273.67949593741133	94.84758913459792	277.4320628515126	75.75311611614346	263.7180131244685	86.78344936195448
266.8996502312561	84.2244300894854	278.16534658061374	96.02451803243362	265.15482127565303	66.88476608712608
276.4918661533814	80.53719082965351	288.6781371990314	93.1156722824563	280.94867071839843	69.34755292019831
273.95283785526715	78.55148799823343	282.35060326401566	85.54707143618019	269.07875959714346	56.57421516060029
274.4879997627812	78.1210524742391	288.65879793421993	91.154560096837	284.36953271135144	65.41414374958775
R54	425.28019571187025	283.86807995898357	83.63305131948098	5
425.28019571187025	283.86807995898357	437.2955186774688	291.2174547476215	419.9221324768289	258.58868757600726	425.28019571187025	283.86807995898357
428.84648417328447	275.3494151796176	438.14966367754135	286.32500814278916	448.30560246296864	282.46360854180705
421.1798448565117	264.52258632938447	434.57990675139814	278.1085932728756	416.0920249206395	242.3022785963567
424.19575737628804	278.7516897639149	436.37737318941817	287.57709981156296	426.684364214198	259.036163454869
424.43897901800574	279.8992117410357	436.610202797521	294.55123541118473	445.4008330378924	281.12626387680217
R53	42.47667480077788	251.71034575090627	159.26368120121535	5
42.47667480077788	251.71034575090627	51.245883703407316	259.31714432256086	63.36642337624086	255.8614396965047	42.47667480077788	251.71034575090627
45.53822233332621	254.3660671114338	53.12231938673654	261.02651756981544	58.52263610642387	245.24225057443152
48.988848695991244	257.35929260968413	58.99257383909193	274.06216929468354	58.103629557572305	251.74602240851553
44.67062490654684	252.14631523939022	55.75807375220367	266.3729972072797	66.79845527698218	248.7439627204576
61.36746843617168	256.4313646355037	77.06781486123215	266.16851460362176	77.33725880945444	250.6456793610492
R52	472.6524022702809	2.7184469494229146	104.97254521686321	5
472.6524022702809	2.7184469494229146	481.1009208105843	8.671439993203897	489.6129159465977	-4.601392472709945	472.6524022702809	2.7184469494229146
486.24845864027816	0.6448368133671845	496.4397502916699	9.052208099153043	492.5535268994448	-12.83134076936934
478.78516172707896	0.0716630550758468	485.7154063528496	7.499459983433965	500.94378982086823	1.2253657272541716
484.3939748496041	3.5365504799115004	495.1766036113233	14.777214232087472	492.4844935975633	-15.318526716020846
485.7879902169943	1.3628494696752003	496.9889904617953	17.25284465173663	495.06526195499555	-15.687838293678077
R51	3.302931917968599	435.60580086927376	103.399899588936	5
3.302931917968599	435.60580086927376	13.141457593006134	445.1975677730682	27.757799019085546	431.98297051692214	3.302931917968599	435.60580086927376
14.673287092498814	443.81264460311803	22.951619117641407	453.3029422097039	20.427964748329238	422.9892231349173
20.491693348666846	433.0593970645432	29.93271219194994	443.7036872034221	24.422371755142535	411.7921454727215
16.08531699389507	442.53603194632194	26.685919285113407	449.60134913050337	32.85638000104093	433.3677914558363
16.923936133755753	441.7778385064245	23.679317518511873	452.2575084024426	39.79678778709028	440.691547037828
R50	46.386722388014334	2.1291174159123183	50.23565607648736	5
46.386722388014334	2.1291174159123183	54.23765827980969	10.515051676411925	53.55698513293331	-10.28211696964189	46.386722388014334	2.1291174159123183
52.95844083266933	-9.24607772463962	63.414853192559534	0.8887287168157929	65.69328662198352	-13.521555845933463
53.93527281879681	1.276019025191668	67.64790912833578	14.415306492357367	57.508893948442235	-12.843811363632947
49.28694687155785	5.226976345712544	62.09277913002919	14.729219630782492	59.838835510135254	-11.736442592310045
53.603058143385674	-8.874410241667805	64.51066215430225	1.0553167761993194	64.56897622093842	-21.627134770725625
R49	280.99696056210104	228.64750333358512	160.9077564179913	5
280.99696056210104	228.64750333358512	290.417062882265	238.65566617730045	298.488868173059	223.54423823137734	280.99696056210104	228.64750333358512
293.51084433193375	232.86372078555223	305.8811180854804	240.62186646701716	303.823983173456	222.13060677468377
293.04391860098514	233.73786408870836	298.31144483272874	243.26581884418525	310.46828448791985	226.36547367176578
296.218948415124	227.79381160800273	310.9069453120415	241.0792138934945	312.4332242021904	228.89702642182914
283.6694312668655	231.48680603957484	294.59146614976123	245.37732971340344	289.31775017638853	208.88162573792934
R48	203.60294484783458	396.2032216490617	7.527985672496686	5
203.60294484783458	396.2032216490617	211.01920861283895	403.71837777274095	200.44437638178576	376.2854673106489	203.60294484783458	396.2032216490617
209.3527747371755	399.395365331198	221.88898282454915	408.6715998993732	218.46685859049788	386.1139719239849
207.9579004891414	395.7768246757888	219.9516778372555	408.2315615783043	215.89697865310865	388.1751576153512
209.43513271780617	399.6090159177147	222.29446008523834	411.2279124661255	215.2998738044194	384.1361686542259
205.12372748709538	388.4244986529802	214.95403549738253	396.7730141958942	209.57762634698952	367.15986454758223
R47	250.2516782616554	100.14784522072773	94.682023583478	5
250.2516782616554	100.14784522072773	255.84743416938844	109.88312795068072	251.6520816645924	80.82482641295789	250.2516782616554	100.14784522072773
255.037834622374	104.27559253260668	264.4961037206631	112.85982280371525	249.25837896703692	82.25657732335901
255.75603250045822	109.25005188525144	266.59758579649247	126.01063264933606	274.3611384875859	101.31606362587769
251.47447774570077	102.27522513070039	259.88165694188683	109.07154469152289	276.66922766254567	97.1665727397726
252.5425811359658	86.9926995842277	262.54111122953447	97.36693314875292	253.06946463291487	68.14774825938734
R46	144.25470506278464	186.4814624400371	100.9529981288042	5
144.25470506278464	186.4814624400371	153.77344419563613	194.3505081015622	140.4375860381422	159.78269126768464	144.25470506278464	186.4814624400371
151.04058962787101	192.09128478638254	165.00064357473863	203.5428032567002	148.61450041162124	170.52427868699363
142.1076965510254	171.46424956548657	155.14583868668075	184.10308931344468	145.58343010443897	149.97791143594085
147.05420052338968	176.93358736190328	158.00244104884194	184.82720564179104	148.53922937191777	161.77742189321643
147.25459296601466	188.96143952108798	158.24424994135381	202.0665231829044	168.91444675918135	187.40227925299243
R45	294.59440087579407	27.305605404829514	151.66497363958666	5
294.59440087579407	27.305605404829514	302.0706157054045	38.97415316686843	299.9075649495537	0.7689146320336455	294.59440087579407	27.305605404829514
300.0606978150947	3.4736489706489775	311.22556745307224	12.847199092195638	305.0861971680199	-9.474321010236132
301.42964210063735	27.6528518065448	311.0780154916501	38.10857462272482	302.52699163368254	7.691078364840729
296.04819695267554	29.57462647310726	303.3316614524082	39.23744129978334	312.9276466556084	24.135400412778253
299.1489075243642	4.558042393807092	310.7796281089511	17.624682374042166	311.2288360701534	2.726527055114751
R44	292.7014563575695	324.19705982990274	35.64124015005434	5
292.7014563575695	324.19705982990274	301.3942253242059	333.25577974023076	294.71929703659686	310.1293979279576	292.7014563575695	324.19705982990274
297.0553910820593	318.2231781929879	307.7385370536436	328.43451209610635	313.3653148698684	310.4019185743399
297.7728488558439	329.4819494172747	304.64433696117277	340.18704699763464	299.8299702705964	312.0826090499522
299.4625850253749	331.2428206357415	310.5511917034593	344.4711284243667	305.21558152300764	317.0898031676901
298.9877722173036	324.91822898828275	312.86623231278054	337.28368752392555	297.1934566330816	309.483420903125
R43	464.75782267987626	62.75738060580493	77.78504949639448	5
464.75782267987626	62.75738060580493	470.26856605947245	71.4829168159857	469.692421189148	40.74954161089675	464.75782267987626	62.75738060580493
469.97189682274234	71.0131801599259	476.7857577455119	80.5717480135567	483.5464581308995	66.85381958191434
469.81134631578	47.09338102759778	477.7606281913153	58.030395076707705	485.15199469543876	43.77809348805157
470.2436776775204	70.15529242812843	477.0580514394339	79.51599345043421	493.89697575452595	76.6701064970317
467.7208699044045	49.54247241637427	477.8155769696019	63.274648081799775	483.22051249724456	45.900175490900345
R42	373.10287581922745	43.530991273350025	56.8340803719256	5
373.10287581922745	43.530991273350025	385.93687118540504	54.781191193037806	380.34304179410003	32.14607744385742	373.10287581922745	43.530991273350025
382.3153797920671	40.127031422398645	396.83819527124245	53.14707797540126	381.4630152449846	17.034605311898474
374.462033049043	41.39376292860153	383.16921062946534	48.70009965690954	395.7708077814585	42.09575744605998
375.3951783920546	45.54040934503512	387.1723728358013	54.38801648616747	384.5309055362353	32.416275208104835
380.98491401049455	34.74337700632029	389.80813989546147	42.3549473664706	383.06994720056747	13.645570681512568
R41	342.1565535404576	367.7169688403101	144.61235232420688	5
342.1565535404576	367.7169688403101	352.22587921077593	381.5041448606347	345.1469781623141	349.0388965529604	342.1565535404576	367.7169688403101
349.5087478591937	369.0428400041626	363.33818940365984	376.89541497768545	367.00867096648534	362.82219769139215
349.91921498847273	378.34580172089255	361.9498943973291	390.0102871008933	355.0957429119112	366.6030740104928
343.1134058925054	361.7405074143158	351.02355561508625	370.7361359709256	348.2133168506699	351.2125777664677
346.8286534766512	356.75139405491393	359.427234622766	368.46872459879614	361.08037631171186	346.46317471636735
R40	486.7565294816352	358.0510926137157	10.897405697231466	5
486.7565294816352	358.0510926137157	496.1322979700642	368.4725639110317	500.82759104545363	349.10483700570234	486.7565294816352	358.0510926137157
491.88569026852736	363.75232147680936	505.62809777080264	378.2111824952772	499.20046046287604	351.6996835854336
497.30681360457424	363.6277762289886	504.88982734431767	372.89071366741047	514.3133618251138	363.1689319560259
498.3582473733535	350.6748237173974	511.5477662993892	361.6240907378589	492.6459923236094	327.0786669871885
487.6271124250071	359.0187738408578	495.59587140378574	365.1252319453001	499.6039918276799	345.4986221314026
R39	104.13934166483652	86.59076310240104	80.81194931174961	5
104.13934166483652	86.59076310240104	116.11536040659982	100.33307899326923	116.34397400483266	71.93537216803138	104.13934166483652	86.59076310240104
116.3397034818677	72.4658439338696	123.29735221550347	79.79651714905442	128.33692108522376	60.72102231548755
104.91142430318565	85.66364194189178	117.14746448910897	98.44616963848713	109.23705268894179	69.60907917547628
116.30569823766444	76.6898750626809	132.6010274962746	86.63554102205117	132.01572274898632	63.49054063881117
116.13650933424853	97.70602158426473	123.91782883625207	104.47286855964286	131.8598358700961	85.80647461315776
R38	435.165892429149	163.1417368756658	82.32077920971838	5
435.165892429149	163.1417368756658	442.6684158657518	170.17836212858654	432.269045230443	142.89453618526173	435.165892429149	163.1417368756658
433.3031562472423	150.1223434726624	443.5284251997207	163.66617497843208	434.2200160095264	126.48506811583503
434.89837137421455	149.79284564750205	442.1649268631121	156.98035110426474	437.9247995423067	135.61260815561624
438.3700541350204	158.90116493892765	448.5129652311795	175.9066670079382	441.9272897008736	141.61094165778513
438.6003379100364	159.50533827358862	444.93572773129824	168.29960073958728	450.2243032929593	152.8928223530405
R37	238.7920753190753	134.09654000764726	142.33692175022054	5
238.7920753190753	134.09654000764726	248.47687536984213	143.95914554661584	240.83780710293038	121.26450451230001	238.7920753190753	134.09654000764726
246.7258061179122	138.75695508172507	254.3031797456043	147.7484123395405	248.5644237654665	124.08448741554251
239.67322425214888	128.56945455337504	245.3797971434187	137.36715759941072	242.09599050393953	113.84750560349501
245.2453787713714	140.66832115332215	260.8643402495373	150.71389612737045	244.358824611606	119.75661955530549
246.33869525325213	141.7817100858266	255.49082349374657	150.9943494830059	269.8746517254889	143.22526749900612
R36	23.02263194969867	293.9020286394648	6.4915405118184974	5
23.02263194969867	293.9020286394648	31.760793309865427	302.6563510085272	33.14801557903926	289.5709509223741	23.02263194969867	293.9020286394648
23.739411430954036	294.6201337862802	34.793426813356966	310.661050969826	40.16684146484326	290.4913548501801
27.197225777362085	292.1163688593746	36.09270454489953	299.3870231011521	22.56019261807141	273.64754725792733
32.8249596144769	292.61827552237065	40.8118077712335	301.80884918473345	32.35938568070738	272.6588545019497
33.12172406449034	289.8189537077882	44.67758606645604	300.4822834475672	40.91623679082436	270.8762243884236
R35	100.25596149188931	64.21925205330564	66.96565392385801	5
100.25596149188931	64.21925205330564	117.50159164873803	74.15893978650988	96.27307104736855	39.39265019445375	100.25596149188931	64.21925205330564
97.24179472474404	45.43100786068837	107.31659441659039	57.38593326697574	103.41342487398434	34.13455233385534
98.96528331421408	56.17405128984176	106.05925697887757	67.67668698961805	100.60083475956489	35.527402107485244
116.71353169274639	72.86832132277479	124.8052998679372	82.0409507529133	141.71654693060646	71.94486164780214
102.72421901196806	49.95779896530128	108.50935493516141	58.27017417811908	103.61369810538224	31.74892795546911
R34	338.4796410115151	297.68362383519076	97.34866972376702	5
338.4796410115151	297.68362383519076	354.24078853524117	306.3826870241266	339.5083281554113	279.9687360463646	338.4796410115151	297.68362383519076
338.50782850051775	297.1982107456112	349.23024613849003	310.23911544363165	343.8130486675864	285.48653722314043
348.3979671095934	303.15785376202655	361.7913811008363	312.30411955796006	354.352603498674	292.7307771792377
338.8630172100565	291.08155207958856	352.21862336785983	300.95297400024026	353.7146815753454	277.5342476263441
339.2358171912449	284.6616119903063	348.15447320465796	293.76044270870796	345.5998957856075	263.1966534621306
R33	201.20735629368212	334.8786259374356	127.45141507607164	5
201.20735629368212	334.8786259374356	212.9793058924509	343.0960850248566	202.8080565264308	312.0431564899073	201.20735629368212	334.8786259374356
201.96710983413493	324.0400389205088	216.00646116950617	333.89025465879195	207.9144448906477	313.7779644126066
207.7820337429588	327.22875989820795	219.05986695774675	337.2729467016605	208.83229349018123	314.2825330223265
205.87924882927769	321.4195380597073	216.6756678011902	334.9459267258976	228.59872048441918	319.03794821911185
203.55052858571338	336.514287242557	211.23754940719536	345.71813900412775	212.77664980437407	318.6310151523054
R32	273.08554633530616	388.56309592279297	61.55817904269883	5
273.08554633530616	388.56309592279297	282.174850345032	404.464906700347	280.7625833365302	376.0535778027802	273.08554633530616	388.56309592279297
281.177149547848	384.3936274595817	288.3616467869281	394.2181849180309	294.00144764651606	377.3212648728616
280.986609341892	380.5604284773516	289.56612429515513	389.39036231890026	295.81375059025885	369.679352407872
281.42656318667775	389.41121470170526	291.95194827331835	401.3839237214731	283.1618824278353	375.27516480823493
282.0155988815864	404.1862949788059	295.59980630393915	416.3888204699063	285.76672396111474	383.0082229197663
R31	251.17077719699387	326.9617455722894	73.47811117861328	5
251.17077719699387	326.9617455722894	262.7737607544718	337.27013847738255	275.51615879065565	323.1237056375829	251.17077719699387	326.9617455722894
259.61967529970104	325.62978007412283	273.7400975041789	337.78924599321584	255.59951887393183	307.4247545334758
255.55943713721217	330.86074540853895	269.2900678447476	341.6883396287668	273.09756245660896	322.80706542203484
259.171776219369	334.07004156765464	265.08290435903007	343.777766988292	274.5218664763492	337.02655168664086
270.50916654286146	323.9130560170735	283.77901330733647	336.70911244453214	283.30951718577404	314.47578184145794
R30	375.4865979163606	126.44710899109141	140.2380679842575	5
375.4865979163606	126.44710899109141	382.7123326528117	134.89889948004424	381.0610122909242	105.45888386209151	375.4865979163606	126.44710899109141
379.5818636657772	111.02802570513336	390.0059441795179	124.11502556569567	390.40910406785576	99.01650161917004
378.644916656993	114.55572447902372	390.31121528628495	125.68224561710251	381.33031774003166	94.12849036130588
376.17927282112805	123.83911900943433	386.86296526394295	130.70453420135652	389.293329193375	118.18320153901762
375.57442105508073	126.54983387591182	383.0215640464008	136.9335771297394	384.85406431260276	108.44016710915787
R29	309.9870018576553	111.33253581891172	86.78650540870031	5
309.9870018576553	111.33253581891172	317.6589364452691	117.8217493195701	331.5618806636153	104.18563201013629	309.9870018576553	111.33253581891172
324.15635410744056	106.63878998271741	332.5797827260641	114.23091606004867	334.1368738618791	97.96284706026725
312.09894152669443	113.11889456016466	327.3618847303666	124.57880425472698	338.73539729476033	108.51607771888216
316.37641882463964	109.215974754171	327.19792780364224	116.44709885501034	327.8705852820144	94.021151156058
319.59958642041937	115.9183445225647	329.73974591247776	127.91442754585533	333.4594998086	104.62017730678234
R28	57.35864066077989	273.47614141633727	59.96448973934359	5
57.35864066077989	273.47614141633727	71.09085504440242	285.98029592997216	65.59451955363971	262.66374288041226	57.35864066077989	273.47614141633727
62.49685713413095	266.73048075322436	74.82986968250297	278.449260409251	77.49094761472634	264.2169342132601
70.4096996675406	283.0906987599516	80.8653518762056	293.9719824700425	89.27996374321776	274.0448239596579
66.9172148715754	282.17990073168687	79.42146693269822	291.61042481088805	82.83239975296655	273.1665439328484
62.72174468087259	266.4352391872944	72.12958195454641	278.05940908509746	85.96983180292446	264.79959744436593
R27	400.75898374305535	333.44642414997463	22.965335365231624	5
400.75898374305535	333.44642414997463	408.139696508819	341.1368845596933	408.2222358582131	322.0690339998916	400.75898374305535	333.44642414997463
408.2160170939982	323.5056635297691	421.4045122826629	336.62257152585505	409.11223438160425	304.0641639027792
405.07918650238014	337.94793360264697	416.33243543338233	344.75765077500006	427.19456189985607	335.6327563549558
403.51489701090054	329.24515907353657	415.06701366437125	344.1734987740639	427.68546431251053	332.7214207435206
407.6200941122433	340.59547591983994	415.78505631921666	350.9089028367322	418.9630244730365	338.7664086869774
R26	298.8252113983936	15.646723121516215	24.407283044690764	5
298.8252113983936	15.646723121516215	313.77460205485903	26.37192753629858	309.4776260312259	5.245474301786633	298.8252113983936	15.646723121516215
312.02766172556125	17.782944733646822	326.72539575302386	26.58888116885739	319.4105236105874	4.871645840739816
310.2417051931309	9.00213540314471	320.0524101687169	24.49657206452278	327.3047818731681	9.715898665216507
311.52325343671987	15.302977876326853	327.8346211258183	26.607120026423832	318.52512396622694	-3.326536122734934
303.15979309383926	11.414343487623942	311.89993728256087	18.56309065152828	319.22157904462	5.727059683259197
R25	30.107963618641655	439.08965426776047	129.14567639630692	5
30.107963618641655	439.08965426776047	36.89122528492981	447.35513473988385	42.623351407209924	431.93692281987705	30.107963618641655	439.08965426776047
36.82606231108123	435.25016031046664	48.54454875185955	446.4015560743285	36.97956421328969	414.166107005849
40.17271108143969	438.5286291215888	49.89704485061398	455.8187834849039	43.745804011271524	419.0670282717397
34.37780925416088	444.292509097136	40.350743440953345	453.2353677205539	54.74369122272938	454.20683574489453
35.829820135145866	435.8195276254794	47.20474997971078	447.0679761154916	39.72928764189007	412.3643265479852
R24	156.60312104988884	437.273386865956	74.50368127650826	5
156.60312104988884	437.273386865956	169.63539804267302	448.83257637565623	153.02879048045074	419.2105423826747	156.60312104988884	437.273386865956
156.03362495229624	434.3954439211691	169.3068449285088	442.4084210226198	161.7258394803351	423.7011805881147
158.41650911664584	428.82088477127	172.53849915878843	441.9818609922915	173.95566195362994	421.95891055387136
154.39778537290775	426.12874464753816	162.9692095030981	438.87413512161913	176.31747373253748	430.2230680569737
153.35740741762064	420.87120485229224	165.52939159560796	435.5828123325337	164.8568716285676	407.3482452005878
R23	83.18941085621955	244.28330598600445	78.78652420417966	5
83.18941085621955	244.28330598600445	93.69397341536332	258.44150678111697	94.11855785823758	238.55087923968694	83.18941085621955	244.28330598600445
93.69574030059003	258.35873300891916	104.35424605309012	265.7066808208526	116.7813181227225	256.1187700563097
91.33947574754083	240.00853047437423	99.19093755908291	247.16656459128447	91.41110686825922	220.0665256903025
93.91938824298305	247.8814345652176	102.77037164573707	255.1849190002327	102.6056434636765	241.4952903473108
88.09764521896341	241.7088970286547	97.70019091944808	250.2477208271458	98.75725984833628	224.6153617979893
R22	219.98393253472275	212.65774696934065	43.19034887617341	5
219.98393253472275	212.65774696934065	227.92871875056193	221.32958952633908	230.17020215076516	197.434593051341	219.98393253472275	212.65774696934065
229.73212156681538	202.1046851913478	239.60634720103653	216.33390819244178	243.13863383440884	188.51278988283605
220.36328822214523	212.09080831201257	231.52667906989137	223.92046222621724	232.80016300236974	205.69070211804305
228.60503184432827	214.11985556619607	237.9719074497731	220.35742630871502	227.94257866693928	192.8043645052077
229.5984439868812	203.52973491557276	239.51178161472114	213.93557515413232	248.79097884236356	206.4942074883049
R21	182.67758192517886	341.2315408977945	42.3951782001326	5
182.67758192517886	341.2315408977945	193.3207429084626	347.86465971689	180.697927969384	319.90583280723183	182.67758192517886	341.2315408977945
190.33630120543378	346.0046712739879	199.8304638399105	354.1698471290239	187.05613767481674	327.79773842275756
181.1310951800096	324.5721016069701	194.1173448474193	338.2974318095593	194.5870474886948	310.2272183483376
180.96880944785687	322.82388791486443	187.2426194264454	333.21064562482456	194.24956620033186	322.4437259498
181.3229829804797	326.6392018731495	190.18280791919344	335.07007887000185	206.1515284144452	329.2298485262602
R20	307.138930790268	244.157698552509	133.55189038789874	5
307.138930790268	244.157698552509	317.2929215227318	256.64762961324965	317.95826356563197	227.75525288264825	307.138930790268	244.157698552509
307.19609363424274	244.22801179183452	317.6196057924306	254.3780977133258	313.8358153200131	225.17327178087444
311.2709244552736	237.8934673835788	320.1894125301346	244.24783615593012	317.1602708871471	223.85253510520985
317.910115357153	229.84608149196404	330.7685227134449	238.95379121987207	336.73274790924677	229.2724527302776
317.6238913885634	242.2753136712089	330.33058402692205	250.32344480293312	312.09020946114487	220.24312125470524
R19	34.30232527834143	274.98315070301777	11.66173683013953	5
34.30232527834143	274.98315070301777	42.008090267714785	284.6667704994578	33.984713517431246	253.1731084668057	34.30232527834143	274.98315070301777
34.039924678725335	256.9643967877533	45.427834241115136	268.1138100143831	38.59981041753238	243.87762475014847
40.83316462223828	280.05490789549555	53.53544718436395	293.4934916720733	55.80864859239736	267.6393749547115
37.21890748807803	265.86808902545783	53.38575543082423	275.8773316442226	59.37447898584384	259.183214936494
34.96028471036667	275.8099899577836	43.861395903738625	289.5764922898936	39.44595781496083	261.80933611543196
R18	352.6918302827425	263.228140764406	20.678097062961605	5
352.6918302827425	263.228140764406	366.1089993099063	275.06290714360523	365.4350844412182	254.28403562594343	352.6918302827425	263.228140764406
365.9509119291416	270.18858617801004	377.71536900038393	281.56678114969765	373.2158942757217	261.31546720238583
360.27741202435357	257.9040500894785	368.94835222987126	267.1630231211893	380.18048154899066	254.35229873485522
353.58599037310637	262.60055680826935	361.8770186415356	271.15973190341236	353.5142561940613	239.7071106661454
365.8051935129521	265.6956384950885	373.71405915503396	272.8378002751259	369.1211730295159	253.4520298439159
R17	384.4207535725042	152.77966745985066	151.72646442924807	5
384.4207535725042	152.77966745985066	391.22219315150073	161.27580793235603	407.3881011422995	155.616427949052	384.4207535725042	152.77966745985066
399.4772222107957	154.63933345785972	414.1227284450131	167.65538094108047	409.4879585826397	140.94964338311487
386.7353064855017	155.67093282381853	400.541430272859	165.75458064764328	408.5714669302929	158.04394884362236
384.510728735411	152.8920615514564	392.7544084688313	161.87107246926743	393.5778613040548	142.35811621169654
403.05709721265646	155.08149369994678	414.510371484064	166.63492163920444	406.3534500630647	132.89709488435
R16	23.5421939011356	203.84558354526567	133.3646328673241	5
23.5421939011356	203.84558354526567	33.656127065583185	213.76494697096106	29.58881040950085	186.41840549701473	23.5421939011356	203.84558354526567
27.150392306945793	193.4462608886235	37.97398222112885	200.76484004552432	27.621551197595366	177.72835180904886
26.493001828338187	206.73962444443194	32.63767636643431	215.13248189128646	49.09136775006948	206.20825218740603
26.097440601306136	196.48101211271802	32.50124878028529	206.66013749144489	39.23966561373014	198.13000957309953
31.37413008320304	198.42197508094162	45.329434422073405	212.39225638697812	27.868449856876232	177.00570196177534
R15	118.87928172874129	401.38725703429037	155.9251177365147	5
118.87928172874129	401.38725703429037	130.49306911756793	412.33221800937395	132.63998118362366	393.13146761504385	118.87928172874129	401.38725703429037
129.78873035037782	411.6684414081637	143.61253356343167	420.6723777381875	136.81760411343694	402.07303280940306
129.75015749886967	411.6320899286402	136.81907876529294	420.9845823504355	144.94845974211123	411.9705653102166
120.55334007356964	400.38289870092586	131.53618695889574	410.3020415395827	119.92083464709465	380.84167861899124
130.61550832763405	411.23719192603835	138.49193074946518	420.00472124329144	132.37148969921245	386.40053071457635
R14	365.9841071514383	212.38041913030264	112.07143376509896	5
365.9841071514383	212.38041913030264	374.48305919975803	220.87906155531627	364.44408440247156	187.59227014372883	365.9841071514383	212.38041913030264
365.84911791557215	210.20763740192925	374.6517103951865	224.5455154613139	373.191958354304	184.32665048546133
373.2010790225628	219.59712808163678	385.88164609797514	233.04326803415486	397.8417965024652	219.02216783741764
365.8228816469795	209.78533939681014	378.70637288943567	223.79528299508908	372.5895134665248	201.8331470878378
373.9115214421342	220.30754461924886	381.1335687955453	231.24212989713143	394.47772608635637	216.82602273559158
R13	266.8515639413046	144.49377980054	29.44439758881111	5
266.8515639413046	144.49377980054	273.8502454475483	155.96458015546906	270.3696904130802	129.57714839717903	266.8515639413046	144.49377980054
267.66720162129644	145.83060545560045	275.8557565267994	156.04656910192531	289.37793288838463	149.7949933833584
271.01433006979795	134.46441056711242	282.08121453282865	146.88329269211133	267.76210008084746	112.37489687657049
271.5611838355443	138.61032013684883	281.4244404314802	153.19507538286535	274.44000080449564	120.9745516719912
267.5777372717947	141.41485128765885	274.52825473089007	153.50919564730845	281.0041999607666	126.76924926718422
R12	446.62885610280074	129.22683542140666	46.551952984177774	5
446.62885610280074	129.22683542140666	456.94145679972445	144.21602535793497	455.16731349463674	115.77783706035014	446.62885610280074	129.22683542140666
452.884708730041	119.37318764057802	462.44945783835004	125.61969201878624	457.32181417560145	103.33057173151148
447.5385283342202	127.7940027927451	456.9227840392769	140.03308677112423	459.90429059002196	113.13662289529587
455.48398305632617	120.85381293987014	464.3510179455192	131.23740210033662	469.16525699003773	121.42827968341595
447.8501245926395	127.3032048211116	463.681278579409	137.52053061113153	459.48319545855696	113.5215031106328
R11	291.648702327719	470.8767100602273	12.867164694474399	5
291.648702327719	470.8767100602273	299.5232672590388	480.62711562545917	313.88620088371044	478.31401549843457	291.648702327719	470.8767100602273
309.98628747199	477.0096940095542	323.37496487472595	488.392982476208	310.1282146862644	463.0640906631044
307.9270385327929	479.27371771185915	321.1483692157219	489.583786026548	319.7970362975554	469.74915332827914
299.316573811396	473.4412207286118	311.84726703409143	483.61064205356723	311.2330362189457	463.5632934597815
298.19501599713516	473.0661170266256	307.29786528061624	478.49612735618166	296.83128174955107	450.17189018056126
R10	301.82234927686835	343.5659965305221	27.027073853463932	5
301.82234927686835	343.5659965305221	311.5985134953592	351.54532547435343	301.58408789806714	323.82182448997054	301.82234927686835	343.5659965305221
303.12050731444543	344.6255562690251	314.21862257407963	358.21736897097304	310.148916656992	324.3526752074104
306.696255527928	337.97412737962406	322.0899545734495	348.97717202834394	330.5404735091113	338.9886839216165
309.0247709516274	344.4202883714773	315.65149178388583	354.23871365058363	326.44588917121814	339.66158322952236
301.6612222429456	330.21377010523577	309.2627224353622	339.5226378860756	316.6109634517926	318.6902657120122
R9	254.35015748767387	128.827569887559	102.28617120938011	5
254.35015748767387	128.827569887559	263.13616650386945	143.06001422754338	273.05667743391604	130.13384807382292	254.35015748767387	128.827569887559
260.1401085805068	138.20670397541116	273.2113140619456	149.87463090611612	277.8120134971913	127.93324544314697
268.21492975432386	136.44251860723716	276.1106907859746	146.27022513778766	269.63712403897074	110.78087235287653
270.67046760760377	133.24301703800734	279.2151635684728	140.68030851769817	281.2292670204763	120.57175393448392
258.6791451301679	129.1298635339586	270.09859808130216	141.68790816449234	267.2852838101321	119.97244821321554
R8	65.40315975791844	410.18035284601785	69.73908963860298	5
65.40315975791844	410.18035284601785	72.8566171401309	417.01868553882605	86.98530608924062	414.3250525189294	65.40315975791844	410.18035284601785
74.9037997655643	412.0048840547138	91.38440134044676	422.85229673247545	92.9780529499734	410.70308708012146
69.76135483522107	411.0173136113689	79.05851441837285	421.0029252042521	91.65662854280208	408.5055670428413
70.66467245296556	411.1907894175896	81.21602029783614	421.60196900372296	68.7042561000205	393.15575172487
79.83633817123098	412.9521434237655	92.20820012862964	424.46633451858054	76.42623511092586	391.570996746201
R7	200.5935389433963	48.50826892771759	8.301005290664856	5
200.5935389433963	48.50826892771759	212.83500520265986	60.45939067798793	218.42962297082795	40.537105875361895	200.5935389433963	48.50826892771759
204.3216524337008	46.84212963036964	218.27742022522364	56.97761806906297	215.90010784620907	40.013432697170465
210.74097568592418	43.97325593306293	218.9737021043726	51.47179460758985	216.0199633038159	31.010972913338662
215.22557245205576	51.94664440007907	221.36653106321307	61.09347449007032	230.0933081830269	45.057892402254
216.02018359283278	49.11705530036076	225.65829707856622	60.95014843197721	237.57686575950285	54.443405672831126
R6	248.96558796840114	326.3567579457174	66.0254909469602	5
248.96558796840114	326.3567579457174	259.13776947809765	343.05512706413805	249.94587430478344	303.78639144777367	248.96558796840114	326.3567579457174
249.839108970453	306.2445841570661	265.0907367339438	317.07494806536965	265.8931714631337	303.32072269220697
249.76875824884027	307.86435739194894	258.62309674903787	315.6238418314443	247.2216273782382	289.12747999563277
252.8737609829802	316.2946289453657	265.8351535223618	329.5653102082001	269.5304732525423	313.12669081146385
251.45058730635097	310.21468245011295	260.7464299663052	320.324401628208	251.3838407013191	286.07953100477636
R5	319.52538810727157	32.70648397861336	11.36547082808517	5
319.52538810727157	32.70648397861336	330.65826745748757	45.50268885883933	339.09916701166094	28.763721571822476	319.52538810727157	32.70648397861336
323.02907183430517	32.0007340796434	336.3045892002686	40.92275251767779	346.46492152290955	29.15456873490639
319.9145376059776	33.15377497655122	331.7871530911275	43.35949783234462	345.97062061284333	32.223517768956604
334.4444751242996	37.99434145227842	340.34461091371435	47.44681559554078	346.4052053898316	24.80235390924223
330.6146226169206	30.472770337609283	344.72565939812523	41.384096851555995	334.1680525809693	8.95090164795212
R4	109.40328781037661	396.1455058307311	71.24824046456774	5
109.40328781037661	396.1455058307311	117.87437860004127	402.69965990400055	119.85647683567494	387.5346059736404	109.40328781037661	396.1455058307311
110.48046799856876	395.2581698506664	126.42116081153596	405.33859921193994	105.70795515586587	373.0121242887893
117.8797503905464	389.1629505317145	126.69239367931954	399.99201563909435	118.48846142106844	373.743324529068
118.00337506979174	401.71270659087855	128.82399185928926	416.9851977421972	126.75247998933295	381.9769971190194
115.33704788704438	400.7365058261207	130.0210160027007	412.5788572405069	111.64176613344516	383.5662702452936
R3	453.7249356410273	399.9781811857013	152.16586670899392	5
453.7249356410273	399.9781811857013	466.823276099196	409.5134623976656	450.98767974572206	381.6212334562877	453.7249356410273	399.9781811857013
465.81845655607594	408.78197760067735	476.3033573298013	415.90247571274415	473.95705789444776	393.88646366864793
453.58071295847213	399.01097594573775	469.9236705409803	409.2666971971409	461.5502019922867	387.4682470171701
456.0228954066157	390.4900745689274	468.2481103804467	402.83814611341484	482.87084292700456	390.4276835854756
459.61005908869896	404.2624114834165	470.85346241573336	415.06429413900815	479.57984060303346	398.41269678294213
R2	248.47982997405882	180.55683715569154	118.96331491849458	5
248.47982997405882	180.55683715569154	255.63898466792068	191.33176537013605	266.117428830211	183.888510179131	248.47982997405882	180.55683715569154
252.34506122636446	186.3742263666732	263.2356966930895	195.2177353517628	276.85831640129754	187.51147148702933
264.35773390806594	185.1384913939928	273.3585764446127	195.14873343913231	277.90275297236127	183.80374119827923
260.46998717617623	182.82173067225764	267.6194962227989	192.74127786708496	283.05707008019306	190.43446428406148
256.4625399507821	182.06473965989852	269.712943843426	195.00532179623022	262.31439722996777	171.89762574652337
R1	445.2792325461123	330.4839483955471	131.99178673782984	5
445.2792325461123	330.4839483955471	455.62806311584694	347.2971528831592	465.3725051924116	335.8866917945484	445.2792325461123	330.4839483955471
454.754670922263	333.03173456460706	468.11146482492495	343.9652228157382	473.0073516828916	324.9649686840664
458.95447422749857	343.4020212526365	474.0526382988466	356.194231267531	458.89390225384705	321.52508322352196
449.7912745143982	337.81442730891706	457.81409171443596	345.3023898144621	455.0807970885093	324.7266110502805
449.0966430935072	336.68589592131116	458.8683329643518	344.63914662739836	446.71323949703884	319.3575682256765
