R100	354.661651285295	162.36667405885302	54.1558895554769	1
354.661651285295	162.36667405885302	367.2705100010309	172.50245694855283	355.2458600507464	141.92222546603665	354.661651285295	162.36667405885302
R99	92.87276822211155	10.323261810025352	126.15266107258651	1
92.87276822211155	10.323261810025352	103.68932923925719	22.334369552056653	94.30705878976117	-8.538884127164565	92.87276822211155	10.323261810025352
R98	112.56431417539692	448.16215347666963	160.51791498097356	1
112.56431417539692	448.16215347666963	123.21220667375448	461.6330847308905	112.72817956198462	423.34453069633855	112.56431417539692	448.16215347666963
R97	108.05432762567413	478.1251280089388	153.77020643551535	1
108.05432762567413	478.1251280089388	124.64403784793501	487.758982973432	130.21661834134952	476.58600393910086	108.05432762567413	478.1251280089388
R96	297.18457006963354	314.0368993072443	54.433606328399264	1
297.18457006963354	314.0368993072443	308.28569748903294	328.6107798704636	318.9522708894168	312.18909810865875	297.18457006963354	314.0368993072443
R95	153.25278769666028	247.73626485090566	191.2807950874785	1
153.25278769666028	247.73626485090566	162.3706348959775	259.89343721753835	164.37728540053442	242.8304443695047	153.25278769666028	247.73626485090566
R94	340.2662964430684	196.71012231713985	200.95283422078506	1
340.2662964430684	196.71012231713985	354.8179114830002	210.22245740148117	339.3588928942112	176.62484077703235	340.2662964430684	196.71012231713985
R93	385.1517999860199	110.89541968316713	120.87213967762958	1
385.1517999860199	110.89541968316713	395.75516161568027	118.95758422020288	384.6003292496387	86.7091190372055	385.1517999860199	110.89541968316713
R92	108.17558871072103	406.4714332449717	221.13200233817494	1
108.17558871072103	406.4714332449717	120.41277040289052	414.7346066810194	121.12356207687465	391.0903807569492	108.17558871072103	406.4714332449717
R91	194.03806198501138	327.76458171117207	88.46084339110001	1
194.03806198501138	327.76458171117207	200.00735508848342	337.0980839543249	199.00799772855075	316.93226384675165	194.03806198501138	327.76458171117207
R90	406.78482470258444	480.22902357670256	236.22414906836838	1
406.78482470258444	480.22902357670256	416.8501200004519	487.906426302607	404.36404580074907	457.21062804890283	406.78482470258444	480.22902357670256
R89	286.14820741014717	4.504514148598259	134.8162838815781	1
286.14820741014717	4.504514148598259	297.285584740093	19.671989670429987	296.03384177015874	-8.946986117511528	286.14820741014717	4.504514148598259
R88	378.6552887555471	244.4279812645204	137.9751133519189	1
378.6552887555471	244.4279812645204	385.3265397157154	253.72109774135444	391.41307564382384	228.03488726429615	378.6552887555471	244.4279812645204
R87	198.36768381186948	47.78642171842845	74.3194898127517	1
198.36768381186948	47.78642171842845	208.54012637025292	59.85083474663025	221.1519289854427	48.38171157522688	198.36768381186948	47.78642171842845
R86	372.26489536769265	362.5384149541943	177.5777177883833	1
372.26489536769265	362.5384149541943	382.02303109128746	369.1998713198952	381.49487141102856	354.51831974476124	372.26489536769265	362.5384149541943
R85	220.69687071905958	428.78008323128523	57.804734823056506	1
220.69687071905958	428.78008323128523	234.43123991638734	438.0119578972523	219.9604337260826	415.13891184175975	220.69687071905958	428.78008323128523
R84	306.1828229864719	150.65727527464261	136.21729228770042	1
306.1828229864719	150.65727527464261	318.90262113007265	164.2437756730377	310.6764167842762	126.7793125350829	306.1828229864719	150.65727527464261
R83	80.58719787689994	189.7606441168219	80.52469539621187	1
80.58719787689994	189.7606441168219	87.75761497403553	197.26575068927264	85.38289497438743	172.72006980343355	80.58719787689994	189.7606441168219
R82	13.382962007816413	447.1119867622386	41.547245331706364	1
13.382962007816413	447.1119867622386	19.955019392133885	456.3225996696367	15.802138825402908	429.69733586806063	13.382962007816413	447.1119867622386
R81	178.42452608434633	367.69648999067397	132.54569564802574	1
178.42452608434633	367.69648999067397	185.9673093291171	378.2312433869036	178.84390725436845	344.89397786264476	178.42452608434633	367.69648999067397
R80	378.50340509502826	417.89543574890513	144.9198045671401	1
378.50340509502826	417.89543574890513	385.39018551446566	425.7115452295374	391.0444234626194	412.8240943218141	378.50340509502826	417.89543574890513
R79	59.885405758335565	43.461595844750065	176.95108392976013	1
59.885405758335565	43.461595844750065	68.37499995413481	55.435573710177515	73.06032852313533	37.650676206531585	59.885405758335565	43.461595844750065
R78	143.43017434088034	430.33610732482265	214.30308754694377	1
143.43017434088034	430.33610732482265	155.15892807526117	443.17945857559516	147.29131441016213	406.6260461197789	143.43017434088034	430.33610732482265
R77	159.33583363601662	328.5356471258933	166.46816334072327	1
159.33583363601662	328.5356471258933	170.18071507839187	336.3982329492684	164.72043202353467	319.5464970303902	159.33583363601662	328.5356471258933
R76	72.1748260381852	179.5864862358368	207.41396352740458	1
72.1748260381852	179.5864862358368	80.7902796953657	190.5020439192201	70.733217836833	157.75817995560203	72.1748260381852	179.5864862358368
R75	350.54192331354534	197.53081525172783	154.88419112951107	1
350.54192331354534	197.53081525172783	359.43610468496814	206.91760854736964	354.17430776629647	185.8794545221224	350.54192331354534	197.53081525172783
R74	26.132881714624688	464.20737754844095	127.97190758038914	1
26.132881714624688	464.20737754844095	33.86088362626632	470.6100270571175	28.70488349765224	442.9452085904388	26.132881714624688	464.20737754844095
R73	34.31585240265228	362.3692368991463	209.50172707531758	1
34.31585240265228	362.3692368991463	45.71872165161348	370.81324286887536	48.37225274064162	352.49565174023246	34.31585240265228	362.3692368991463
R72	95.39331278463375	72.18377635789791	199.35433352684691	1
95.39331278463375	72.18377635789791	105.31876553118981	83.13897848178354	97.7509430387247	46.35700307016905	95.39331278463375	72.18377635789791
R71	375.8625879732448	458.6212022744415	26.95772313885341	1
375.8625879732448	458.6212022744415	388.9479975306172	473.2617630592284	396.5241747488417	455.6795803729768	375.8625879732448	458.6212022744415
R70	474.19829651331935	311.91377198421844	67.92464013318049	1
474.19829651331935	311.91377198421844	484.23171888892597	320.4788559099604	493.13730898471334	313.48676316199936	474.19829651331935	311.91377198421844
R69	461.9971299562737	296.03014523285987	147.42110002736808	1
461.9971299562737	296.03014523285987	474.01287124683665	309.1067044299047	479.2451680865298	298.7272691286479	461.9971299562737	296.03014523285987
R68	120.74343046498348	44.7887247068523	146.3682671982467	1
120.74343046498348	44.7887247068523	132.57918866688232	60.18625058373968	136.75590698870752	46.30147414140542	120.74343046498348	44.7887247068523
R67	375.4774319229428	81.66246044697672	38.169958808031005	1
375.4774319229428	81.66246044697672	385.47592134491856	91.63801497583835	383.36301368692546	62.78684932949899	375.4774319229428	81.66246044697672
R66	38.51505993247206	98.59085495585146	57.96306355225208	1
38.51505993247206	98.59085495585146	45.45538223089928	106.78826485023284	43.79589027477276	74.21837296731516	38.51505993247206	98.59085495585146
R65	111.7929612732675	396.9323593484751	207.44149794636195	1
111.7929612732675	396.9323593484751	122.1807012900007	406.61382559458934	133.40946843055806	390.5692686490152	111.7929612732675	396.9323593484751
R64	291.97524974590107	451.67081804592505	34.62159883546788	1
291.97524974590107	451.67081804592505	303.326725703903	459.0485019879283	289.23732838589734	433.540731097677	291.97524974590107	451.67081804592505
R63	485.1484679849897	238.90627360555783	115.67948131877934	1
485.1484679849897	238.90627360555783	498.2369613879224	251.92807244221	495.50766357614197	224.1557147719067	485.1484679849897	238.90627360555783
R62	180.7546697629192	325.26795588098196	205.74009946789997	1
180.7546697629192	325.26795588098196	189.06314531610937	336.62196071870915	187.64992898380214	313.68060480729093	180.7546697629192	325.26795588098196
R61	363.30852123536863	85.16492636436857	214.94884541495685	1
363.30852123536863	85.16492636436857	377.8233275550202	95.23679222962201	360.3902002681859	64.6781160099497	363.30852123536863	85.16492636436857
R60	49.166266879598744	139.8730057615006	211.69936204490378	1
49.166266879598744	139.8730057615006	60.61884476278814	152.7174415241783	72.81701362738859	144.0440096785405	49.166266879598744	139.8730057615006
R59	124.58235803681339	321.91289198801445	169.86477100624253	1
124.58235803681339	321.91289198801445	141.55518483723776	332.2293743030598	136.173217653205	310.2665564945737	124.58235803681339	321.91289198801445
R58	480.81103247332703	226.6161918376388	228.93648659663128	1
480.81103247332703	226.6161918376388	495.3446059872633	239.39213975992266	490.27793661755965	221.15237130851244	480.81103247332703	226.6161918376388
R57	369.62705083739894	372.2271527804745	87.04502017397095	1
369.62705083739894	372.2271527804745	379.1121429573729	386.1308461645106	380.91287515003086	368.54730509428924	369.62705083739894	372.2271527804745
R56	498.75405441824114	117.64126269987685	234.9947013285345	1
498.75405441824114	117.64126269987685	510.31964070950875	124.7488922824895	510.59048204836404	106.32841803124492	498.75405441824114	117.64126269987685
R55	331.96556788032825	259.0201614246557	141.82659217362627	1
331.96556788032825	259.0201614246557	343.88155878796545	270.2829082052912	343.2364663197664	246.12290623270482	331.96556788032825	259.0201614246557
R54	261.0820358457763	12.58338582121027	44.57472130931268	1
261.0820358457763	12.58338582121027	275.5758216216015	23.731968044062377	272.609644639294	5.171519100266536	261.0820358457763	12.58338582121027
R53	386.1279088000929	442.5884158989348	193.64713054307322	1
386.1279088000929	442.5884158989348	393.97251352602035	455.97422692917894	394.7512471188472	430.5405158645191	386.1279088000929	442.5884158989348
R52	158.92999005668057	59.827910264198756	108.38159355693469	1
158.92999005668057	59.827910264198756	171.1705789013831	68.11467254936048	165.8256717823101	42.59472714817694	158.92999005668057	59.827910264198756
R51	34.037349352384894	41.08981438615855	18.65511456620198	1
34.037349352384894	41.08981438615855	46.031833249443224	47.140566208674	38.562986793895654	26.189582997001107	34.037349352384894	41.08981438615855
R50	12.038310798760332	40.348271597183796	60.039935765999665	1
12.038310798760332	40.348271597183796	21.868137399922446	51.91485900685098	19.07190683277323	31.42612497224757	12.038310798760332	40.348271597183796
R49	77.52905486016421	202.94752537335563	90.0118034159839	1
77.52905486016421	202.94752537335563	87.17758543696884	210.74442230721968	76.8326834783273	188.51244864723625	77.52905486016421	202.94752537335563
R48	436.7628936888504	373.703154067084	180.20392364187637	1
436.7628936888504	373.703154067084	447.306619096996	381.6787051690446	458.4477329503817	374.73015035418985	436.7628936888504	373.703154067084
R47	137.4885097615441	80.45466374307169	130.85033973917464	1
137.4885097615441	80.45466374307169	147.64695101498876	94.89877565038712	156.14688397853712	85.59649122007882	137.4885097615441	80.45466374307169
R46	177.84073121216747	16.249122475835765	230.95155098012248	1
177.84073121216747	16.249122475835765	188.60094198460834	27.793530310876413	175.34635116027857	-6.720639170960444	177.84073121216747	16.249122475835765
R45	123.7560913952171	204.6328680434799	33.271883384721264	1
123.7560913952171	204.6328680434799	137.6480877616619	215.18339732464372	126.20271431180345	186.3518050804365	123.7560913952171	204.6328680434799
R44	141.17559295739395	312.7691404076326	169.92094707578067	1
141.17559295739395	312.7691404076326	155.08125773623746	326.0046147024541	160.39340012383147	309.05835673893506	141.17559295739395	312.7691404076326
R43	271.3215794640025	381.9943705639663	214.02125346220973	1
271.3215794640025	381.9943705639663	282.4141289122681	393.52548861316194	288.5719091320062	380.74954675400863	271.3215794640025	381.9943705639663
R42	206.95969600023585	427.4397191881309	124.98438334138898	1
206.95969600023585	427.4397191881309	218.61374513914762	442.8169041787071	210.44306828128913	412.17171880229415	206.95969600023585	427.4397191881309
R41	350.02565101701134	97.02608373560545	180.01785980329186	1
350.02565101701134	97.02608373560545	360.6760381169486	110.515137118249	367.9867554040082	91.71704318023423	350.02565101701134	97.02608373560545
R40	205.52624755790794	187.20664429468547	232.7903753480597	1
205.52624755790794	187.20664429468547	218.56817856647007	199.0177394390875	205.34976068138033	168.97349532765685	205.52624755790794	187.20664429468547
R39	0.5306034959604022	281.1462043967912	35.685808776241835	1
0.5306034959604022	281.1462043967912	10.839557615221384	296.1336865146946	11.278940315016614	272.6208402745084	0.5306034959604022	281.1462043967912
R38	290.8156546459498	49.997964094794675	75.78360887476578	1
290.8156546459498	49.997964094794675	299.5190550844116	61.452476505208715	293.06954970499925	31.3456826872174	290.8156546459498	49.997964094794675
R37	308.19075708315046	194.20832165823177	188.7917102913559	1
308.19075708315046	194.20832165823177	316.4750480011555	202.85599706589312	319.5473804587924	188.15315876353344	308.19075708315046	194.20832165823177
R36	85.05013936338135	77.4940956512632	46.95721917212964	1
85.05013936338135	77.4940956512632	94.32959156873726	90.50560302035477	102.53744074067315	67.61860185873482	85.05013936338135	77.4940956512632
R35	369.05665323373347	201.41140094694697	89.57814148908132	1
369.05665323373347	201.41140094694697	378.58241307383287	211.5979658548066	387.76553791263694	199.82442648331934	369.05665323373347	201.41140094694697
R34	403.40148219881223	74.06046104123054	180.77529768789066	1
403.40148219881223	74.06046104123054	411.4948411524661	84.10622421362018	420.4157066658314	76.83674424200822	403.40148219881223	74.06046104123054
R33	234.93109068492885	333.2196112779551	122.70300335933652	1
234.93109068492885	333.2196112779551	245.7015833868557	342.69348335630247	242.31135021336345	317.4310129862088	234.93109068492885	333.2196112779551
R32	7.796586511585546	112.5241138706336	74.87045917782683	1
7.796586511585546	112.5241138706336	16.11583348196068	124.95736931399689	25.100459621579567	109.67474806898925	7.796586511585546	112.5241138706336
R31	214.44741478913426	3.546222848306191	174.1506220510038	1
214.44741478913426	3.546222848306191	228.4685112354221	16.456283500592228	229.32692141229586	-2.293159655133474	214.44741478913426	3.546222848306191
R30	116.66425523097456	127.27858176818779	236.24605235711675	1
116.66425523097456	127.27858176818779	124.38407897374519	135.4779486410177	135.98048475103417	120.9791342102737	116.66425523097456	127.27858176818779
R29	107.78112650977751	470.38822774760496	139.51640375506693	1
107.78112650977751	470.38822774760496	116.49661095295048	476.2743654980857	115.52296714352968	459.1005246408591	107.78112650977751	470.38822774760496
R28	392.9495233872887	325.20267569501766	105.9104476232054	1
392.9495233872887	325.20267569501766	405.3732640764961	338.6623224771534	413.47003052443	318.81934513904787	392.9495233872887	325.20267569501766
R27	327.99727787638363	40.13115678772722	60.204763286478986	1
327.99727787638363	40.13115678772722	344.4679150302482	49.28468075421959	335.31715761171745	29.1474256114908	327.99727787638363	40.13115678772722
R26	200.1147743922181	265.48973394235924	98.70564520057609	1
200.1147743922181	265.48973394235924	216.47704941955504	275.7219041143836	215.17968770230942	262.41447865966205	200.1147743922181	265.48973394235924
R25	112.27443964636547	402.12841574849335	238.03908365355565	1
112.27443964636547	402.12841574849335	122.84553129375057	413.16297114364176	121.90933805929846	385.353456823721	112.27443964636547	402.12841574849335
R24	307.5491719874572	347.0514411278658	157.40699251604462	1
307.5491719874572	347.0514411278658	318.4535889104832	358.3869341124824	333.4552780150189	346.8508345585935	307.5491719874572	347.0514411278658
R23	212.3667916966004	492.5902997699532	70.19758526130032	1
212.3667916966004	492.5902997699532	221.83663463028873	500.79357256950414	231.1080247969791	482.94923979520416	212.3667916966004	492.5902997699532
R22	218.6999379671518	333.9696389692417	27.57195509877584	1
218.6999379671518	333.9696389692417	230.35548180483966	349.4699109741584	237.51387374319367	329.2590292713844	218.6999379671518	333.9696389692417
R21	222.6425249513285	108.42110682415095	70.64553839678572	1
222.6425249513285	108.42110682415095	232.74624523516832	119.31980320726528	243.2765052242956	110.8182049457616	222.6425249513285	108.42110682415095
R20	311.6363146467396	248.74366799676235	184.42549347566643	1
311.6363146467396	248.74366799676235	319.8113816626285	260.63578423214057	321.63696243102777	237.68986747811138	311.6363146467396	248.74366799676235
R19	413.7779403865423	452.9869120770961	83.3475277248592	1
413.7779403865423	452.9869120770961	425.7994508109117	466.7204825026528	437.6908419463312	450.3787075297171	413.7779403865423	452.9869120770961
R18	220.41452761951797	483.97967731855874	147.1077486033983	1
220.41452761951797	483.97967731855874	232.89999893449834	493.1269582630213	225.2560106491625	468.46832806309675	220.41452761951797	483.97967731855874
R17	284.54149315087665	0.8838901681769151	147.1041284668616	1
284.54149315087665	0.8838901681769151	291.37694383965146	11.59195451289531	302.17531457787226	4.446381456294052	284.54149315087665	0.8838901681769151
R16	442.7191886621265	175.7894668271796	129.95579409060585	1
442.7191886621265	175.7894668271796	458.0607668609456	185.83249184484268	441.56614781245014	162.38636385237496	442.7191886621265	175.7894668271796
R15	177.8546507377488	20.050337034611676	15.690041640353149	1
177.8546507377488	20.050337034611676	189.740966209004	29.663581674931766	186.62435903772058	4.54228995530876	177.8546507377488	20.050337034611676
R14	154.44514466041798	57.54532879045754	34.307657733134235	1
154.44514466041798	57.54532879045754	160.39823061737238	67.29474909033945	167.48333208062553	40.99889423147039	154.44514466041798	57.54532879045754
R13	471.19050514649194	312.902603665893	183.71674560696255	1
471.19050514649194	312.902603665893	486.4063667683322	324.7627528661147	492.2237382665254	306.41140795039206	471.19050514649194	312.902603665893
R12	413.21736069889147	67.74622076583303	99.60408654523204	1
413.21736069889147	67.74622076583303	422.8247909634084	77.3810428248437	429.0797715939319	57.089277209080585	413.21736069889147	67.74622076583303
R11	497.02515417288095	407.89279359913417	49.89271276919858	1
497.02515417288095	407.89279359913417	509.32223685738614	421.20210639815014	520.641166002539	404.2614772525376	497.02515417288095	407.89279359913417
R10	381.8304691413949	28.50017424280282	132.8137737252987	1
381.8304691413949	28.50017424280282	390.1563592752526	36.99702071533274	384.1505105369756	6.040768906428912	381.8304691413949	28.50017424280282
R9	264.09072004912866	496.7386630689566	46.26025939325365	1
264.09072004912866	496.7386630689566	279.1985868855268	508.73932381177997	267.54212409175375	486.61544133282536	264.09072004912866	496.7386630689566
R8	339.1657171767564	185.36521528705157	175.60344372081065	1
339.1657171767564	185.36521528705157	351.80756799502296	199.04609899851332	349.59875334529806	180.7778431491958	339.1657171767564	185.36521528705157
R7	483.12594484735126	216.75416475635316	35.50858855701533	1
483.12594484735126	216.75416475635316	494.7365067973618	227.50444432043383	496.56558468769094	206.20726237149503	483.12594484735126	216.75416475635316
R6	33.68876445427521	209.80174924581962	211.40024351546313	1
33.68876445427521	209.80174924581962	45.282239153488966	220.29265314567792	33.78042383920041	188.6159189829823	33.68876445427521	209.80174924581962
R5	186.15356363533792	291.8423088500073	236.41083609649507	1
186.15356363533792	291.8423088500073	196.2579674066729	306.0212920766662	202.4000809522775	284.0121183509069	186.15356363533792	291.8423088500073
R4	484.96525395123166	402.99564345722	132.42104448874016	1
484.96525395123166	402.99564345722	496.0046791195006	411.1916216676886	488.2015331371894	383.91442746393614	484.96525395123166	402.99564345722
R3	411.44445964796483	87.86621015491718	162.1521355796352	1
411.44445964796483	87.86621015491718	418.42108799010407	95.05005588794926	416.68500939784815	68.56675622191428	411.44445964796483	87.86621015491718
R2	37.00435776936506	5.974079339624128	196.47819722238094	1
37.00435776936506	5.974079339624128	45.68161949694794	13.517915477925847	37.19094804462364	-9.684897589574131	37.00435776936506	5.974079339624128
R1	388.60274903872784	99.79369344764038	100.12675970711842	1
388.60274903872784	99.79369344764038	404.24655874425423	109.38675564515518	380.285813371746	80.24310548877553	388.60274903872784	99.79369344764038
