R100	434.9500773333773	47.05117360593047	90.94794299278577	5
434.9500773333773	47.05117360593047	443.2275907379587	58.0070573954805	446.56837048881624	42.62497470932517	434.9500773333773	47.05117360593047
440.16293331320145	53.950763076242254	450.78771337430004	63.527061842618956	442.1606990944102	42.285320339952804
443.3755503618341	57.32580112048058	450.9157649080893	65.85114585141076	441.1096838374862	32.73557118137779
446.33629079136074	43.69354832454852	461.19363276045476	53.97708996488221	469.9829634325086	39.66141887819483
444.90894056213915	50.26555273230759	454.1471097081463	59.448070862710665	453.77129707717035	43.86430855348207
R99	366.43268072682747	385.13558871874585	90.94794299278577	5
366.43268072682747	385.13558871874585	379.5560362217302	396.91567427641564	372.7933313307328	374.3248933453453	366.43268072682747	385.13558871874585
376.4464878653621	386.5282439736684	383.878499763017	395.95902320168676	400.52669739093636	386.06488274213206
376.73987119774785	387.50828948764286	391.2170851952852	400.2146198966066	383.3887077262587	367.4697584178027
374.757340061794	392.60815922424274	381.7422565428631	402.03865106769905	380.4828837453143	369.65355924158507
377.83684398988976	395.37245374954443	385.38806856142253	405.7289359461662	387.40236268764727	385.1026977054896
R98	317.2992109138161	325.4530608196888	90.94794299278577	5
317.2992109138161	325.4530608196888	326.5046553476573	333.1612208351711	321.691467599641	309.23789157056774	317.2992109138161	325.4530608196888
324.46221192376004	323.0095190748657	331.19642111395484	330.788862857902	334.0050578584459	316.4626220882501
325.62993945584134	332.42877927727994	334.4917617504453	344.3191774055931	329.32918026579733	311.5534856089964
323.39796441578136	330.55983955546736	328.49372590645515	339.5025668963961	323.6724672343586	308.1119831322043
323.52209696819534	318.3367988723717	331.151811026964	325.0478507139799	323.62977531990015	293.213096560108
R97	249.13225085268465	153.6850305385622	90.94794299278577	5
249.13225085268465	153.6850305385622	259.9315822372383	168.20480511437165	254.47553366921923	134.4740534365163	249.13225085268465	153.6850305385622
251.26376261577184	146.0214976357751	258.00789972973683	154.83539701152648	269.02459082503157	142.12226012299502
256.44995249663054	163.52373022279423	264.54409396272763	173.6915740349397	265.8003140434551	145.61739421829898
252.20799634276972	142.62664598161905	261.04039352873957	153.5406817602275	250.0060052810578	119.82229253249288
254.96939163947945	137.52721551000306	263.83709422176196	147.19025353817827	256.9382746105362	123.48433556554866
R96	118.3126117189094	246.70451692917234	90.94794299278577	5
118.3126117189094	246.70451692917234	128.6498361677199	260.0027638600745	122.5335371016853	228.42087889205303	118.3126117189094	246.70451692917234
122.58122009939554	228.66709297222738	132.85971168112854	242.7744747074448	142.3064987520855	236.42496359750794
126.00753438106815	246.35907669306744	135.1699481002109	261.40329301174177	130.74069314833744	234.49644936438813
127.20545898973	252.5446338057364	138.4449069859928	261.6291078310291	146.637109525818	254.14864480810647
122.49577480020298	228.58445256112776	131.3863534876276	234.71462829038288	139.28023903119714	217.8395983238799
R95	271.47749253578706	481.76246116821056	90.94794299278577	5
271.47749253578706	481.76246116821056	282.43129401681983	496.3917480481745	278.2860276286815	464.77052763111806	271.47749253578706	481.76246116821056
274.39068832291133	474.49205299376877	283.7487906458342	484.41526886911237	272.6175368207538	449.25082072115515
274.0383320694903	475.37142189733186	284.2542401218431	485.399971028252	275.3180392988152	455.02261769767443
276.53615187964783	469.1376597704208	284.6585276130497	477.411588119206	286.58471727996584	457.7610003504213
274.2262828981968	485.43359240554435	285.05576087420934	499.5139318833407	285.9614962650457	473.07921604210077
R94	141.44817949203042	12.106774453714998	90.94794299278577	5
141.44817949203042	12.106774453714998	157.73241552803924	23.046647220837755	152.2092212729369	-0.6901223191282035	141.44817949203042	12.106774453714998
157.63072599707002	22.60962095492037	166.31312380897575	37.51318463743991	170.96780832622278	8.863177458221783
142.42650294843702	12.764019541204096	152.03705347141596	19.90792199406985	139.92299975499344	-6.867914554482711
153.52591206729528	4.968557151036583	163.94078222227967	18.590690160081135	176.33076806912368	11.788392503179772
152.28998576244044	19.390381796534477	164.02949739360926	34.38901037612808	165.5695631745845	15.804684087953088
R93	141.6323309457438	55.38952876005043	90.94794299278577	5
141.6323309457438	55.38952876005043	150.99822119107884	68.15120527817422	169.10805654510602	59.685872095328605	141.6323309457438	55.38952876005043
162.0791888847555	58.586777237291436	176.4627631482984	72.36347502153096	187.509352280091	55.69120967699026
145.3297827397776	60.4275638534382	158.8146669624329	69.8966436558178	167.2868345449452	52.79190328237815
145.75514978728214	61.00715602455357	161.32968696814376	71.54393582565508	151.09300645860125	45.67751314636656
149.3731244777669	65.93689803959828	162.81186585399408	78.86684107313151	167.63416195037337	57.063582936881765
R92	401.9358639690463	330.12786550293987	90.94794299278577	5
401.9358639690463	330.12786550293987	410.4310460763504	340.64970585932855	409.8817164133429	319.8353881455585	401.9358639690463	330.12786550293987
409.9151679471355	321.1028799619677	420.62587768050645	329.8527941260132	435.14591410295816	320.13983041532
406.892870735193	336.26744358144754	418.828192624431	347.43127662139574	408.3984702326068	319.0019054003909
403.9200950616719	332.5854658843182	411.0359857835092	344.4318664368806	418.29988119990793	333.31994674266133
408.6863970895402	321.3837175616062	421.49277313764986	331.83704931349763	434.3668331936104	319.5013869019076
R91	155.74780860785813	183.4724572723454	90.94794299278577	5
155.74780860785813	183.4724572723454	168.28591985052313	198.84408197673764	171.64232296741304	186.2152829134281	155.74780860785813	183.4724572723454
167.79229726371995	198.238904609661	179.76657318098856	212.10226047251177	184.34292989654477	200.4212727872242
171.3338653070374	187.37588540268806	181.2491986460867	199.25539081252063	178.61456543735338	172.81889379887102
169.05553703744894	185.76889602697176	179.20992063163916	194.11448072719517	166.68852351303718	170.40980898108518
158.70519568419124	187.09819031643582	166.64506601056888	196.2397438257871	177.66801124209798	186.35048595415498
R90	19.75707628730039	488.8188492204797	90.94794299278577	5
19.75707628730039	488.8188492204797	27.565922099602265	495.09782230886486	18.90556653151623	468.8261294184195	19.75707628730039	488.8188492204797
26.734593891906684	494.4293640540594	42.342665115722745	505.34914953056546	45.738514776742925	490.3565306485905
18.928782916666563	468.8965576746153	24.09130103556564	477.66980230627973	30.936939523478685	459.05573311028644
27.23158298902485	494.0835851490509	36.24302470866275	501.98363138086796	33.987685423819435	476.01445460056505
23.90469484955703	483.9912762601354	38.35482161882971	496.64647135927447	19.654128305069428	463.5247399925125
R89	421.3339846881841	326.8864175097548	90.94794299278577	5
421.3339846881841	326.8864175097548	429.7884862225269	333.7645473186133	423.77819711706866	308.71393737287843	421.3339846881841	326.8864175097548
429.5363516398154	332.7136619161789	439.83236572299666	341.1676450285113	447.85986815850094	322.25116690695256
428.7962903688334	332.9573498925092	439.1174981158267	346.14893233911954	438.4191234164049	318.5972551812595
429.7590013792206	333.64165584101255	434.83392503016853	342.5121670815296	445.2296406021975	338.28060838359374
425.88790574297775	317.5071063801406	436.9534185180272	324.70789419905424	431.740577575182	299.2902589364183
R88	369.69337225609775	2.2025591191702776	90.94794299278577	5
369.69337225609775	2.2025591191702776	377.2934672133505	12.887392168903677	382.79060772405563	-5.191582493844789	369.69337225609775	2.2025591191702776
382.35908382343257	-4.9479624689614266	391.81903719336196	9.618605811575355	400.91821643358435	0.4286538691645063
373.4261874138892	7.450454966636457	382.1568829457382	16.631279949501817	396.69547369222425	10.591646475423074
381.0671203478211	-4.218574887827524	394.788242771586	7.504158010196017	393.5045352923876	-13.833503013452555
373.4329066237857	7.459901379658146	387.3000240319619	19.867868009285942	389.92923002591937	6.973372407698159
R87	385.47186950410713	136.0272151736893	90.94794299278577	5
385.47186950410713	136.0272151736893	399.4103391489371	148.8377235024097	383.9679622366526	108.34156803700989	385.47186950410713	136.0272151736893
384.08203922465054	110.44162786415039	398.96364076353717	122.82770771243128	392.27763911474807	103.21163211807946
398.3896507242133	146.16106579847377	412.226777653902	159.37104900697548	416.3398125439046	148.96399300098557
391.6554047232971	128.50115019452247	401.58658892754335	137.17185702361448	401.3878075261813	114.08373524273381
384.47910361791673	117.75124390258814	394.33622360402455	131.42109756497211	391.6561292587468	108.26487055993685
R86	328.92659000299705	465.4732430341208	90.94794299278577	5
328.92659000299705	465.4732430341208	338.8746068921344	475.94324356475835	338.6999503744296	459.7627774601866	328.92659000299705	465.4732430341208
338.8367690522882	472.43788405600736	345.85425144539386	480.48727326159275	359.6947541696728	470.9536292609304
337.0258334924346	460.74094530195765	345.8801087900581	467.96862245660895	349.7704277745886	456.560182182808
332.7587090681775	469.50643769925216	343.0583707359137	479.2521580640003	338.29679283236743	449.2803871545575
335.7960287562732	461.4595065072763	343.0523271950487	471.546537883387	345.96486642495216	452.6023780763981
R85	246.8817461294071	324.7087487241015	90.94794299278577	5
246.8817461294071	324.7087487241015	255.53333640322515	331.5822353511818	265.9065037386007	319.62932930467406	246.8817461294071	324.7087487241015
255.5446757865665	322.39583341481807	264.15787652530275	333.0626806938021	277.7898286945987	320.46874931371667
247.59183129716106	325.2728948232777	261.33044065976685	339.3412340195938	250.6504267219273	305.0461254142147
257.38850829961507	329.4445377067942	267.1717696390088	336.2510292580993	283.8820998082045	325.20572720830546
250.5387524480413	323.7323647252398	262.7977926218556	333.73437018894754	267.1130318919006	313.7829988164583
R84	46.574720010678696	353.63234338627916	90.94794299278577	5
46.574720010678696	353.63234338627916	54.53139710430344	364.305479624779	57.61794588529115	346.98298228430514	46.574720010678696	353.63234338627916
48.127533186443	355.71529665720544	57.30620230693923	367.36185320384465	65.29623152895428	356.7775104849568
54.89056088549633	362.28976107115307	68.87728687399385	373.5622408408456	66.21872507425553	354.68685511618
54.98615278575368	361.75327499706975	63.01257312123572	371.10260505180037	78.59698536673103	363.19519390388626
56.166961712863554	355.12627476125203	68.68805866989031	367.2360876990914	63.497529665068214	340.3126582429527
R83	489.82418462310244	337.59705633931657	90.94794299278577	5
489.82418462310244	337.59705633931657	500.0633243002147	349.6649286877439	489.59655330138474	319.0598671985612	489.82418462310244	337.59705633931657
489.7767908117049	333.7375345505441	497.56521757870155	342.219262458701	500.2315553674963	320.2906149092759
492.5885412700426	340.8551331106854	499.94097045649676	351.8583119324481	514.2774070625873	342.95498726757506
489.7258396281707	319.43790317369036	498.61594547576766	326.70841676345066	483.2036466801651	298.7809586503379
497.8098149091087	347.0089376059308	511.05084311983137	361.5461501269409	502.9097995689147	324.5871084814319
R82	270.15350215264027	261.1497948681995	90.94794299278577	5
270.15350215264027	261.1497948681995	276.84511704942076	271.9850341044883	278.6578876784035	251.1399049303298	270.15350215264027	261.1497948681995
272.2591769361872	258.671359152368	288.697239751245	267.30333880469857	283.3957544025407	246.13344848028143
274.65207805279	255.85485033620046	283.1980594059476	261.8170778322137	276.43188777854374	237.2782144134349
277.5164581470815	264.2652533021526	284.00644098900864	272.6353615839824	277.83181171362185	242.98940228152122
278.4732271617192	253.26332433160906	290.77329889579755	266.539849038804	278.49421598396793	233.20513267885906
R81	496.920604526322	197.82463752999828	90.94794299278577	5
496.920604526322	197.82463752999828	502.3426896560519	207.10474988682574	521.889422584339	201.89225972019582	496.920604526322	197.82463752999828
502.25312471557487	198.69334815142545	510.04894893256204	209.66110001798734	516.2394017532393	199.85830707472073
520.897079292454	202.15688602218952	533.3188750197234	211.46890540255887	516.4545648808236	177.49536358982348
513.1699251337598	200.47178313876793	523.7077160166258	210.40854621621588	514.1478840572522	176.36696283475717
514.1821467109584	200.63668221165327	523.8207267460785	208.17654147247393	518.4393462771121	186.95180168586285
R80	67.76516882468442	239.29241448131944	90.94794299278577	5
67.76516882468442	239.29241448131944	76.84981304856964	248.51585913595315	80.01108743114798	228.80263191203787	67.76516882468442	239.29241448131944
78.0504207493303	241.02905174513947	86.69067912786117	251.3029303740701	81.62389108317461	215.14840269669136
78.48825140703202	238.29880621870382	84.30605277774967	247.52717574268414	98.60608317795675	232.81133067120078
68.61063544577425	240.1507986287646	78.8818731497135	247.58511207617167	72.28923373099472	219.71904763519228
70.97594727653727	236.54208035609554	84.02917660942045	251.08148794478757	83.10810304368032	230.03621669735261
R79	358.58878059220115	442.5261640859889	90.94794299278577	5
358.58878059220115	442.5261640859889	371.04642662730276	452.9154199330543	354.42717013149127	417.1515107416367	358.58878059220115	442.5261640859889
355.2068339162588	418.82931292281677	363.2643880144821	426.83978775725126	362.39281462105026	406.86353986571487
360.04524782462954	429.2413668972574	367.6555823459028	437.2915350323807	375.6381275549256	420.22720229102174
357.940343138054	424.7117045693278	372.60188904833416	435.39154895187045	375.8884291177338	419.11083906246574
369.88306695302464	450.411921069653	381.79301324480923	461.9652963590794	367.25893700558953	432.00449676004564
R78	284.2765943726202	449.24764365795147	90.94794299278577	5
284.2765943726202	449.24764365795147	295.77107560667525	461.1180526760641	282.51424348672845	425.320183051271	284.2765943726202	449.24764365795147
289.7463319871782	444.8492348572845	301.5627232340041	456.4096372621602	289.5421538787463	430.6130985429808
285.4668993729635	450.4768776636165	291.6617843801639	458.90443423912336	305.64059462014455	445.8748013055752
282.5678885937504	426.0485233581221	292.5764755007844	432.3696812843731	298.5648124801467	416.0844460056438
295.5893545766857	460.93038844753175	302.7253083879231	474.35841404095027	309.03910348266373	450.23744071989745
R77	378.67960030432124	294.2192459971397	90.94794299278577	5
378.67960030432124	294.2192459971397	387.8026120893896	304.8952724188154	401.99896907159376	299.58120708202614	378.67960030432124	294.2192459971397
396.210751838	298.2502878848926	407.8535254478872	308.2370609928499	417.51040567707844	303.02907163855775
382.50921372932186	298.7007763374849	391.1070174512795	306.5090119949245	390.98964942271243	289.6471940560079
381.2838301492476	297.2667951275766	392.0813600424742	307.019558491436	404.942372282952	294.39954025900175
390.89137364697416	297.02717163587545	398.74512142796095	311.7708571578607	410.3797407240091	297.5676442590238
R76	228.23596915379517	217.87916547876057	90.94794299278577	5
228.23596915379517	217.87916547876057	240.8926248873862	230.26875645395344	249.60937790994316	219.58732276110922	228.23596915379517	217.87916547876057
235.4549817381344	218.4561070914904	243.90104432435055	224.6843784797681	261.7580569853581	214.6327849405941
246.96723703939244	222.82497931084853	257.2952369149806	233.97947678086317	244.43347623808222	203.4748224803198
230.4777532077933	220.07364623800504	243.09520304887883	233.12267464144878	241.46253054800343	208.4353435812614
246.50740737143147	223.38845060521896	262.12429539030796	233.75257327250802	255.09295538258507	212.92539548430392
R75	182.29841812354513	263.6016426918007	90.94794299278577	5
182.29841812354513	263.6016426918007	193.40183733268958	278.44472342369596	186.8609020523754	238.8420075373377	182.29841812354513	263.6016426918007
183.39069030779208	257.67411260223025	191.35690146746202	265.5561257606252	181.9653327034732	237.03180587076147
189.0392532571472	252.03104246372226	200.7077414382653	262.75814300621414	215.11667128702922	251.05906724346775
191.3420548278943	265.9735739887513	203.2881286402255	275.19046335007846	190.29320230065673	248.96842170360145
185.48736966687378	246.29587724260125	193.86161631002687	255.58803455020598	203.8106638202531	249.8643318880447
R74	453.108106043886	187.1011891754742	90.94794299278577	5
453.108106043886	187.1011891754742	460.70690282906554	197.40631192051669	477.3417798715615	189.44849028275715	453.108106043886	187.1011891754742
468.5182221308572	188.59383048159742	479.81009302469334	202.267410158468	481.1367720491225	186.8484208162802
465.6817908732521	188.31909053588996	480.25600684692813	201.66020780577176	480.56054634756896	175.19911352099572
476.1375491728782	189.33184713271132	489.3643455126683	197.533812278506	477.50587404833885	177.5173155429448
468.15915319312427	188.55905065741044	481.58600483107955	198.32077172466325	481.6622423470811	183.87458345986536
R73	214.3571003033599	408.764746644021	90.94794299278577	5
214.3571003033599	408.764746644021	221.71775757548804	415.73564674928616	213.1759259040673	389.61512303555406	214.3571003033599	408.764746644021
221.1324993681359	413.94595438916326	232.87902547712477	420.62064542812016	219.07209602324735	391.23852556441597
213.4510496103718	394.075527379445	224.65509477855585	405.4377009530991	235.31080449361295	398.9025521519994
218.08513122442645	412.2953730784971	229.59264638549385	423.6287415539309	229.68440577293768	405.2408399439984
214.35279890254355	408.6950107890349	223.61224391030123	417.8781612252828	237.87453137370107	408.39403303619565
R72	331.8367560550877	164.1124822123976	90.94794299278577	5
331.8367560550877	164.1124822123976	340.1257896300714	179.7985819772425	332.8503442158493	143.05566593657824	331.8367560550877	164.1124822123976
332.69683190328914	146.24481187059044	341.3086865791744	158.70393537295314	347.86375305101865	142.21541583064618
332.67773737217766	146.64149175405055	347.3423672664972	159.62038379009778	344.3660832480367	143.00944587582234
332.43328158187984	151.71994557102596	343.438680187577	161.6544446853353	343.7800899790125	140.57961543947533
331.88086572351415	163.1961246423322	345.0202383918548	178.08791524740943	341.98475876949817	146.47459646256704
R71	1.22856625451373	372.28635908930454	90.94794299278577	5
1.22856625451373	372.28635908930454	6.441670487058047	381.01180599425965	9.46462681777632	360.7367852861167	1.22856625451373	372.28635908930454
2.6952212211676088	374.7411766928999	15.193837950790323	381.6260901512897	-4.47134141309553	348.7256170381021
7.4081265415951965	374.5297684205991	18.338616928477034	389.29733805156303	12.645893662885468	351.1737483959305
5.1045046440149475	378.77372115149836	13.734482298086117	384.52259662171684	10.632825688530858	368.24903844688976
8.271630992723267	368.73822904231264	23.849780566856772	376.92489077707336	32.7742695555598	362.48278722718555
R70	23.959416728806694	358.1862236120188	90.94794299278577	5
23.959416728806694	358.1862236120188	31.976366831568328	370.1687646572635	28.641904180350867	335.3758935770162	23.959416728806694	358.1862236120188
30.60965841094235	355.90808314512657	44.38538065926252	365.8860014294278	23.58781621825231	334.0603599789976
31.859202756297595	368.9462364743065	40.00738807964004	376.73839952069994	43.627053303094605	354.80049795592004
30.057869424884878	350.1505368585042	38.23090143415717	357.1586618239013	50.305608709319294	349.0213956595399
24.391006491275967	356.08377165170316	35.22067956737375	364.8906623166919	40.61298539706166	350.0491283249862
R69	456.5008083840461	302.35587547885103	90.94794299278577	5
456.5008083840461	302.35587547885103	464.58890484266044	309.581948748421	480.4158266968886	298.8460304327947	456.5008083840461	302.35587547885103
471.2799465193031	300.18684160689463	477.797551294638	311.987716681912	493.36095840143065	309.2324509850518
476.1987958772641	301.70658024980617	486.7839350615638	314.47754907454976	480.10305444703175	288.65888958199207
461.0349611930645	306.40678171878557	469.68915997328423	314.8999435916374	478.304304206096	298.1211708148739
473.3092148454075	299.8890196571756	484.1073870507963	310.50046722932365	479.9652839193439	283.96354553036207
R68	456.6346401876527	178.90266430497508	90.94794299278577	5
456.6346401876527	178.90266430497508	468.17912160013975	186.42541695844875	481.08683128669117	172.01362293873882	456.6346401876527	178.90266430497508
471.10190354705327	183.1620547968925	482.05288479703904	192.9203300051837	478.71853154184623	164.2021759363458
459.06574855368586	180.4868521310022	471.6999126417671	190.4630087221562	470.93191477329543	167.62048478853367
476.5939308417966	173.27943085320737	487.27137638611737	189.17612019129388	485.70127649986404	156.26334112629104
470.6570128413646	183.65878685605475	479.0344582719133	194.70686074129776	485.69760347147434	183.4367361413767
R67	392.2226085445247	19.129441399868607	90.94794299278577	5
392.2226085445247	19.129441399868607	401.2342290105731	25.338291958125147	412.1164603857654	17.601297286591993	392.2226085445247	19.129441399868607
393.8416221121612	19.00507704486874	405.90800292030843	27.791895177569415	386.1792240345909	-3.2527190774997408
410.5652800058506	18.704147788497977	425.4035364427241	32.107446621256585	431.3968871682433	22.982497625017146
393.9087883753631	18.99991767550469	407.4027404012997	32.68296897844875	389.79974422598673	-2.880523187858257
402.6773977227856	24.31223505384299	411.62999725634666	31.560133540077707	410.77493221551504	10.392340712368787
R66	228.06106282485595	442.6114160058911	90.94794299278577	5
228.06106282485595	442.6114160058911	235.15168998249845	454.2014077110087	246.11665967937734	447.60585333618036	228.06106282485595	442.6114160058911
229.8163915255692	443.0969651273301	240.79421713299695	453.3674063809741	257.03226689993113	443.24064992140615
231.7420873875467	443.62964025168833	243.6787194283859	454.58501401524006	234.46762071693288	427.7418491309224
236.64877730501624	453.3008926058605	249.7506327224429	463.362968241948	237.81637477716575	441.14807767971195
237.17078828026715	452.9868970484897	247.78993641947986	464.760455393154	232.00742355257546	432.2909157946856
R65	44.61113205266742	80.97977838793629	90.94794299278577	5
44.61113205266742	80.97977838793629	56.384087769079805	93.10057804055143	55.517498663135655	70.71517435687647	44.61113205266742	80.97977838793629
52.28773178600365	73.75489228407069	58.06601351450158	83.10126389587799	71.13206957167517	78.31680626597432
55.16029784462545	71.05135643222121	66.68911437189476	84.9495147413916	56.41053656287934	48.38485636190518
46.37413035232296	79.32052007582102	56.69237387858856	95.76004492075914	60.55857084950452	76.73691433295117
51.30781314177595	87.87431972264845	61.29622406926043	98.2789271236114	59.38711370972368	68.90913875424155
R64	247.8742208112696	108.92906210381037	90.94794299278577	5
247.8742208112696	108.92906210381037	257.02468379628095	117.79410049008567	255.7560582222219	100.16054250548834	247.8742208112696	108.92906210381037
252.76120563108486	113.66361030008979	260.2683068070799	123.42639872455644	277.3088723593358	112.80378603770765
256.45455642497296	109.86948170095059	268.3187207706869	124.20018373551142	270.9703727104785	96.93664154713339
256.98867058984126	117.75921062079449	269.9683083997285	131.36518538388003	256.14706799759983	101.57319204668532
255.7809927490441	100.50712579493836	261.71497083013423	109.70078714417693	274.6892031177679	94.15977012162226
R63	406.79735926300077	216.19688385753162	90.94794299278577	5
406.79735926300077	216.19688385753162	417.9948606608666	226.740098498916	420.98759710841284	203.1294116507838	406.79735926300077	216.19688385753162
418.16607163057273	225.38935857859653	428.9986258341228	238.5969666790782	424.0924537166187	215.60072219700186
407.0069676296597	216.00386020736758	415.48135895004117	222.2313010201673	432.06136352730624	212.16650968899688
408.1817902953359	214.92199232757412	421.4274690134185	222.38003075977414	406.95041939307333	200.38772888697773
420.1296525102824	209.89802011148237	434.83126612493953	222.535927590914	420.29707303254014	189.80044341821423
R62	144.14344064693296	241.06279541901128	90.94794299278577	5
144.14344064693296	241.06279541901128	153.80691820691536	253.00926295745617	155.15333478420197	228.14523693537592	144.14344064693296	241.06279541901128
154.33165918118408	243.31896839396882	167.5575331656254	256.6610852422992	177.6142654545208	247.09305854127126
146.88789358545867	244.45562349124276	160.23070570818638	258.07583044724794	149.695639580802	228.6396496728303
144.30611263993057	241.26389855933502	152.34914167131151	252.28499558107455	164.25193794080522	247.02077772750087
149.49801582239397	247.6823853253104	160.36442535660223	260.0146405026065	167.48817765680468	240.45841251356754
R61	448.1062370237881	228.95539738014347	90.94794299278577	5
448.1062370237881	228.95539738014347	454.7406311120844	238.06698673256355	452.31545054249057	209.74178062620476	448.1062370237881	228.95539738014347
448.7342342998243	226.08880509855322	461.5872812604186	240.6345479671739	468.9392473323854	222.23449395065586
453.6006233679509	224.7521207303035	468.3248029274422	234.8104470972093	451.83657723290315	209.6019180655441
453.6322199099725	225.12115657704922	463.21461526855967	238.65970637630016	461.14273124526267	217.25352060393575
454.25157922145615	237.39532931515296	460.5736347288481	247.91280185826994	465.5037173046973	229.40696994462056
R60	141.43616983697348	344.98770276963097	90.94794299278577	5
141.43616983697348	344.98770276963097	152.44642855886138	352.50752473543736	135.13206808632546	327.15214560686866	141.43616983697348	344.98770276963097
135.81352183702177	329.08011374651255	149.2012925591218	340.8034964356293	138.4579639390705	312.7853863092
140.67288092451102	342.82820668780977	151.46275080249916	354.1721408415478	137.63478752517042	321.85646561264304
141.0440814470824	335.80977638756826	150.42538402797504	342.2946785274	145.2252676813313	317.4816748733016
150.81272542573825	351.3917329074357	159.16006039812956	360.70568911572667	163.71474272043528	349.4063221536786
R59	380.3256229874832	239.86895886649785	90.94794299278577	5
380.3256229874832	239.86895886649785	390.42125146993766	253.3143699596887	403.25388830081533	246.69618539703964	380.3256229874832	239.86895886649785
395.02084979637596	244.24467769960398	408.03426990442625	254.44710274129653	416.4084151522718	241.37179348202181
401.02494916626773	247.8457177001632	411.663286582305	261.6126274106621	417.28622221580747	250.28006294534086
385.85337037324086	247.23084189834583	400.11473992223455	256.53719915403684	408.46203200103764	240.3819753787063
396.7923331981438	244.772162806466	404.78223920494173	257.30524901320985	417.82730753910846	255.05792911844068
R58	485.88623962495154	208.71708735494877	90.94794299278577	5
485.88623962495154	208.71708735494877	498.71919324381906	223.33937734685978	491.78206245068606	193.7687953939924	485.88623962495154	208.71708735494877
496.0141937263444	211.80890281794808	503.7189222567376	220.70703957189426	518.641471371546	214.45917246139078
493.9620511275092	203.0613308451235	502.4633738445057	210.31504064539408	501.1691056482801	190.4680491572826
493.0214762232579	216.847210925873	508.27745363165167	228.18497696996184	509.1924635448043	206.75920382430277
492.68164999877604	197.6034250280347	505.3499649679167	210.6594695342598	514.4639974954537	202.69985564666348
R57	145.57267085624292	343.0191130160861	90.94794299278577	5
145.57267085624292	343.0191130160861	154.91688608541912	351.17117816617343	167.73699010328372	339.39423347048813	145.57267085624292	343.0191130160861
164.5901965958733	342.284975468671	174.54876312387032	351.6296363887729	177.55949958610194	327.38764086524003
152.382571213399	348.960195280951	167.66759500514434	361.1609974442683	165.0603942813598	340.6518049733521
147.10871184008383	344.35918340898303	157.6154877453798	355.0326738052697	171.47707977176665	345.8868463480829
155.2990907823844	350.82007309149395	169.1481377689862	364.5566670254655	154.94199935659202	334.4966710774645
R56	9.051096956586957	98.25038711897255	90.94794299278577	5
9.051096956586957	98.25038711897255	22.953823536242894	110.03419211215756	3.8501858676325176	77.79881573439518	9.051096956586957	98.25038711897255
14.508257906435214	95.78318968410807	26.74497692200209	108.24403377030357	36.865567405271506	90.78847984331209
15.45268357887463	103.67630468786189	28.50017996741677	118.67285772229243	29.263530022866227	91.10623421704894
9.053864326291706	86.5794750294233	19.91372966109698	95.62340937764147	17.595641456879985	74.49173916164207
8.312849282237096	85.32909019376798	16.713998250207798	95.76814051781675	19.919089965000133	82.4107207287844
R55	160.31526068800733	25.72988684791122	90.94794299278577	5
160.31526068800733	25.72988684791122	172.34831612940582	37.55418623900605	167.1041830943274	10.361291643368574	160.31526068800733	25.72988684791122
170.5020556612486	27.980598770712433	184.132202256691	41.85066135290633	176.51963725323643	17.907471491029646
167.33160305402603	32.62450585554922	180.23797817489702	44.23153637920446	187.3196302753632	25.484961886581665
166.636439412833	11.420158260208662	173.48975658801965	21.974829234028974	173.42410030036473	-4.40129548355928
166.2802527037577	31.59139490820528	176.53351221257373	42.663109301117714	185.783019634234	29.834528980505663
R54	366.2607910649881	208.86178907645774	90.94794299278577	5
366.2607910649881	208.86178907645774	374.1326157548387	217.12598228394992	389.9501485655424	206.75049087576954	366.2607910649881	208.86178907645774
372.4518565874973	215.36144622764243	381.69368342979953	223.4275670304146	394.7461973306843	211.0387295431119
374.47355908566425	216.90234092078722	387.64287022709686	230.4763530467755	395.45345948716226	222.9225186379793
386.2377807247671	209.18561404554129	396.3737333197621	225.53370351670637	402.5573613269735	203.984828005486
373.3992850894438	208.22557555360876	382.5899200365939	225.10210140264124	380.8609133846935	192.86865775627763
R53	366.8852966040175	413.24954767847873	90.94794299278577	5
366.8852966040175	413.24954767847873	378.26403521380104	427.4308533385504	368.4868537509735	389.51723386305173	366.8852966040175	413.24954767847873
367.88680649387254	398.4088989757652	380.6123037808505	406.6017256038964	382.55397250322596	389.54560772814756
370.68873375218686	398.05560873254825	384.53374907959227	409.5346452012307	366.7247409739102	380.6859210729589
375.27264395129987	415.8309387353493	388.17792213953936	425.18543063295647	391.70292696897485	414.455254516529
372.00119234264105	419.625481222826	379.46288530983924	429.6326514531454	384.9002402449104	404.94433151602294
R52	101.7793604479263	55.23787616027226	90.94794299278577	5
101.7793604479263	55.23787616027226	107.32151899587618	64.76571938087483	126.23658649807207	58.556841477108904	101.7793604479263	55.23787616027226
107.01034880087339	64.23076881833497	121.88880051798697	74.10683923035714	115.92890473702948	55.35404692477335
117.8512467418185	61.30933235360874	129.13789787737213	77.7357101709899	140.90204782325426	60.28732813481363
115.64254340035336	57.11917796063699	123.97767271819588	64.61847946533784	129.62964617396227	49.09857602419429
108.01578692779738	64.53782567543082	115.4315722490997	73.44399612644328	121.05395938371474	59.99696152892787
R51	151.90170892900278	437.52902940279756	90.94794299278577	5
151.90170892900278	437.52902940279756	160.37393671663008	446.15834249167546	158.89833137242655	425.19386690828344	151.90170892900278	437.52902940279756
156.78900874935823	428.912638003808	171.3659162649749	440.49207769535167	180.5202749593852	423.63385735590816
154.5436540242161	440.2199593402002	163.00335480475496	452.1890977037454	160.60903856755016	415.83121718192393
155.4715617525822	431.23531911380786	163.5556442680194	438.8060217838391	155.26367342463766	416.0473762710757
154.5430779339656	432.87225162928576	162.2495187221305	439.5300909272978	164.18528021621225	424.2403924989038
R50	312.98104874395545	471.0577944825807	90.94794299278577	5
312.98104874395545	471.0577944825807	322.9365193687493	485.74668193836345	312.3537855373863	452.1877200554421	312.98104874395545	471.0577944825807
319.50012901228115	474.84952673960146	330.25867960600294	490.2846313372311	339.93575195592484	471.4499130900908
312.9547430327149	470.26643493244273	322.80484048811843	480.28348139403596	337.38323176780636	468.7176596700309
313.49008444433144	455.79104338506863	325.1542540775704	462.78449126152105	328.2758673167726	449.653833400121
312.65766780785543	461.3294662965534	321.5210437269121	471.1716020578123	329.7820989963632	460.73380634537835
R49	173.3156175587766	343.0161160360255	90.94794299278577	5
173.3156175587766	343.0161160360255	182.439381436385	352.63902342264475	185.17737654153456	337.0860463951404	173.3156175587766	343.0161160360255
184.68874867760454	339.86166054010687	198.47357042958436	350.7326698011603	187.99548950250434	323.41135156957137
184.63435799192857	340.1706227742751	193.31948148360817	347.75875544487457	183.4591594984942	316.63069455829753
184.984702349575	337.18237033647006	195.83370176274303	350.09463769362435	200.47150736033248	337.5465695549389
182.73582556540345	350.95509465305315	190.97084355893932	364.9577180655047	197.26399552125838	338.6487729452883
R48	350.3963960230638	185.8450090524221	90.94794299278577	5
350.3963960230638	185.8450090524221	360.771342861152	195.2934121359614	349.56750018155395	168.77270727318398	350.3963960230638	185.8450090524221
353.304590173799	177.61880263209574	363.5724957929406	186.70812123363007	371.95929173363925	167.5814438412832
358.20401783392913	189.21627670297426	364.086838680292	198.54261285651233	382.8004863535396	193.9510137315706
355.90238040544995	183.76805249209946	364.46845857314696	190.47007732814598	371.0736434388335	171.3217348171514
350.6436293000696	171.3200210442319	360.13687596605286	182.69267036188796	357.70007000345163	159.86320898968998
R47	350.6438738806152	199.32204917228552	90.94794299278577	5
350.6438738806152	199.32204917228552	362.6499864038753	210.86571391358927	372.8579553453935	194.08953252038899	350.6438738806152	199.32204917228552
372.277434674119	195.04358323700052	380.66346935221077	204.2641297927892	383.19887653975235	187.40964146496398
359.2751306148422	207.62084979097085	366.536326662412	217.31737611998372	362.01090315091005	193.61126523543913
358.5427455450042	197.46147359185284	372.07167243031915	207.74420611548956	374.24666461370646	189.3658024271501
360.89859697636405	209.18178397011377	374.9205235401965	217.60332920306269	369.3219616680317	193.56207234730275
R46	77.34535320170139	435.65331142518875	90.94794299278577	5
77.34535320170139	435.65331142518875	86.89526853582645	445.6084867720848	92.58129209875433	432.2353997500641	77.34535320170139	435.65331142518875
89.2447218760792	440.0827544873599	103.52742760550477	452.32204576198995	96.97724780873145	427.1297284826748
87.42492211855395	444.3627825686199	100.20114108928959	451.899367449844	91.03667983440548	429.32491587348323
90.44787037040652	437.2530424158243	98.71523765770515	449.5853439626033	110.66621325416313	445.6514630840015
82.63982593430057	441.172460294922	96.81719942962074	454.57465389577993	94.29200127213204	434.2081951539808
R45	371.1577017217051	293.20208573947394	90.94794299278577	5
371.1577017217051	293.20208573947394	379.6074647700207	307.9866350972983	391.6287219744067	296.10604483996434	371.1577017217051	293.20208573947394
379.6828523730112	307.9121296436353	391.30354772661127	320.12092187193144	388.7827060944889	290.0918264231959
379.3244596094868	307.4914610030061	390.17686075956203	314.92274301476226	394.6311592793803	295.3541227342973
384.6841458851719	302.96935885315884	392.5575458159261	317.59626080629795	401.79288920180215	311.09139486370447
387.74342369393196	295.5548877818194	398.9503372333472	311.5670926801871	401.54965891483414	283.2474224727356
R44	60.32684059655363	24.165418164288965	90.94794299278577	5
60.32684059655363	24.165418164288965	73.87036104862895	33.43193832050511	76.94879263084232	13.034563417380218	60.32684059655363	24.165418164288965
74.63378114275527	28.373594338314824	82.3433877755112	34.97215862436084	73.72345092252169	1.9964943292752402
62.9346308907097	25.94967665228639	75.71161665085938	35.28642852857138	70.17627608056752	12.795371929988447
71.5033210652359	16.68111184323006	83.2341385453183	31.80954366415653	74.34345195818842	-3.7214441075564277
60.665238348741326	23.938810830895658	67.55027660406766	33.27477977915546	78.44829710323324	15.66133201314191
R43	226.56055905167182	383.90402223561017	90.94794299278577	5
226.56055905167182	383.90402223561017	238.91095073887328	393.2583913269835	222.0891341377992	363.8562079382054	226.56055905167182	383.90402223561017
238.08917007650942	392.6359625147968	249.8860526161334	406.2820122100914	246.71610658555443	373.3520177448651
235.40368071537068	387.1281737131258	243.88184949396987	394.10977424165293	232.96298637715302	362.02104842694496
233.22730184807614	383.3241677548413	242.90502739871803	395.7719972371739	236.38981404366504	365.96431141146155
234.4361046784216	385.4369860872217	242.60221830503954	399.83576262107886	254.00208537599403	389.92707111169403
R42	93.69246451005758	485.30486716327874	90.94794299278577	5
93.69246451005758	485.30486716327874	105.25186643131886	500.0498095396799	96.45951890345714	464.23854229228755	93.69246451005758	485.30486716327874
98.33175434749833	471.8641648719384	112.41274899305124	484.40635450944234	97.96630556399474	446.4492882037326
103.3850142551458	497.6684901642976	118.11240956724923	509.98648505067115	109.15388452027813	485.3509729637769
101.07244323035198	483.02700184065617	108.87070874079015	491.5879018748688	121.398242399192	479.2834574987067
97.03007935152164	489.56226203952156	113.38653169171995	499.6905977299375	115.74919193306229	481.22769366593667
R41	346.6858966840706	375.89443988182717	90.94794299278577	5
346.6858966840706	375.89443988182717	360.641641118942	387.5606487527119	365.2179663961941	373.56615295138965	346.6858966840706	375.89443988182717
348.6306566492265	377.52014864019	357.0144658929975	383.9371543014868	361.06279052941625	364.85483167944153
352.2187875713808	375.19931204448505	363.09279236786887	389.8382048269475	361.7730756190262	354.9143858450332
363.6695283329914	378.3013080510091	372.5629614154485	393.700930304108	383.41798868665296	377.83892811747006
363.16790067476177	373.82371410348406	373.86432980548847	383.3422577417624	376.6930859589218	370.14387206355883
R40	314.64996670637686	459.1492954808025	90.94794299278577	5
314.64996670637686	459.1492954808025	323.835773433606	466.69867413882093	324.76600388669516	450.07232955340106	314.64996670637686	459.1492954808025
322.54132139534465	452.068503234194	334.9950592567554	465.1602700525918	324.9745334869342	431.8189451481645
324.6021854629979	450.2193213273215	338.2707450675066	463.78473153433777	326.62249687666537	425.9476963097213
324.7369909596496	450.0983624104925	334.7748989119412	460.33657154495876	343.51995877595135	443.46142357231497
321.11066178156966	464.4590341858468	333.1435949996086	477.92213902275245	328.66221906918435	444.4000273317429
R39	439.06759005380775	251.52578920954676	90.94794299278577	5
439.06759005380775	251.52578920954676	448.4544495156813	264.5731517446982	439.53229428097455	234.1266684805143	439.06759005380775	251.52578920954676
448.4428174147367	264.5334576845276	463.66032095307304	276.6284723690088	445.2378566268572	248.73282405049974
445.2048070542977	260.05627754672963	457.2136231714764	268.0191527515828	449.9940261096354	248.42037171325262
439.10470319393653	250.13622576685708	448.0893049996936	255.9222556515272	440.5311807956753	236.6753908373808
447.6836471105428	261.9428206295487	455.47234950992737	275.63785465741415	462.62301910187915	255.17165885219669
R38	308.51169029438125	304.88438272722414	90.94794299278577	5
308.51169029438125	304.88438272722414	320.37245137914425	318.7125208226825	308.3480119428197	283.55426870782776	308.51169029438125	304.88438272722414
308.9767684406986	285.3926894997774	318.3773777716299	295.958714072833	333.7989183049932	289.0290847933505
319.9736719416335	318.24759474482636	327.8684280070687	330.86984734203173	318.21838083214294	296.12461180882275
308.4572989037344	297.79624582272595	322.3121650620064	307.076096796151	324.80963319728073	287.92774416407406
314.40104218219017	301.25272062665385	324.57847954575095	313.9346433637158	334.43457094199573	297.66235810010403
R37	174.41896561554094	209.54922876743655	90.94794299278577	5
174.41896561554094	209.54922876743655	185.1094401890162	217.91618991515995	196.0695975591249	210.5734227378749	174.41896561554094	209.54922876743655
187.3106206516031	216.44150710667725	195.3834224907523	225.74665721627423	192.6480892242263	195.03741479596104
185.7491190139663	217.4876365175	202.0031922036672	228.8821889814956	212.4588065979714	213.8265552150528
181.87923190398615	209.9021403946999	194.48143871096102	223.3478646929817	194.61840056942762	196.38268586809883
182.5497941664617	209.9338616778394	189.2073656001361	221.58644210923512	197.03228025817404	213.91746910547107
R36	471.45255423196863	461.28716771032657	90.94794299278577	5
471.45255423196863	461.28716771032657	479.25344313547333	468.7619453583976	478.52740364409283	451.4232339874908	471.45255423196863	461.28716771032657
479.0912436051441	464.8884221213525	488.1365401104607	473.1473328299004	492.6972567126714	460.4995117443712
475.04974252367197	464.7339778073973	487.117627926303	478.8710367328315	490.28262672541376	452.0650841880255
473.2295475014572	462.9898748935526	483.64371303267006	472.08977151084576	468.5830622847162	439.781909230725
477.8083841593652	452.4257091116435	485.95964269952816	460.87125762887314	490.982770952223	448.31617174689006
R35	400.0733791876436	430.6383843825247	90.94794299278577	5
400.0733791876436	430.6383843825247	411.662009308438	446.10823846525324	414.3565583153031	428.73105739496464	400.0733791876436	430.6383843825247
402.56463243228416	430.30571092769503	414.4429360401641	441.5835873490576	410.91635356742506	419.91594026397036
412.43457478509765	441.12595380746274	423.00662540830007	453.36765844578395	418.14647387017135	431.94617357203396
400.36015020009256	430.6000899603652	411.67610858520095	438.38099897309945	404.9666445370888	416.36938120549894
406.7790021147675	439.58983137281786	419.83203439875376	454.43836047294775	408.67166496292066	417.4880502785573
R34	6.938666839156005	273.74872929758186	90.94794299278577	5
6.938666839156005	273.74872929758186	16.753454265427827	281.51473301163026	28.803625439630473	270.4676125633208	6.938666839156005	273.74872929758186
24.133880785733993	274.7486498123918	35.30038215359479	289.70867860565374	47.18655176854027	274.2567963596835
17.238814194568647	272.2030604275541	28.48437621503329	283.1951773661663	32.18089569912578	263.9071523657077
10.29995324680602	276.40836537445875	16.91034661070576	287.54716853809583	13.494031557635411	251.71153883351957
17.76498737730337	280.5873994523971	25.642218338955985	287.9900759637293	24.369686675377373	270.45348488434894
R33	286.7002789871163	381.3324291220122	90.94794299278577	5
286.7002789871163	381.3324291220122	297.23245870777674	390.85829920393354	301.9883769836207	376.8261687346285	286.7002789871163	381.3324291220122
301.7568399067062	377.50930883151534	313.67391678058544	388.5868949185135	300.28572635782615	355.4033383920523
298.70448707633653	386.51514338751366	307.9804250551816	400.232402948922	305.77524948667974	363.0576493665099
300.41291072860776	381.47451354589543	314.5148603972649	394.5880217512904	298.94182747458694	359.7978269547871
292.8112329692219	386.8595047373235	303.30935632578894	397.6870997055334	296.1581886790965	362.0547002982338
R32	11.434396805812707	232.54809772391766	90.94794299278577	5
11.434396805812707	232.54809772391766	21.758671893587582	239.68672567800562	30.698117732929703	223.21219045017466	11.434396805812707	232.54809772391766
23.312142103734207	226.7917057401428	34.10918237297991	233.68370082830404	19.740563597653757	205.85688186462198
25.430234749586404	232.92038996778223	34.570468711026464	243.00229755871868	40.02387131822976	233.40818428704787
12.232932320577902	233.10023798554096	23.6626738022034	239.2232594081702	8.20731961314969	214.22185188300546
30.563148998784484	223.4609247906799	44.26968243850506	237.59407381967017	51.57655732871958	223.72229251815068
R31	161.96302837302486	427.03958149131194	90.94794299278577	5
161.96302837302486	427.03958149131194	170.61819322089738	433.9020958516406	174.71000164379248	412.298451173124	161.96302837302486	427.03958149131194
172.00700613290456	415.424307659138	182.1922561015243	425.76012224465984	183.10079323105856	399.2624725036127
173.78152463003153	417.2005593425162	181.64858398675963	426.111643562933	178.53228428159275	397.89679738301726
166.4534518387921	421.84666893970837	178.87756584264093	436.9042976675391	167.87512382711384	404.42214879703357
173.12653610100446	414.1296366180742	183.260990685391	427.1242411906852	172.69562993191812	390.4031787186774
R30	219.93419717596564	378.82081296830535	90.94794299278577	5
219.93419717596564	378.82081296830535	227.72211749551977	392.9690278127382	230.25559435761298	372.8650343639955	219.93419717596564	378.82081296830535
220.64251050290017	380.10759669431275	236.24223248672712	390.44496542741024	222.25222707958687	367.38699800298707
221.15349650425162	378.11723798481694	233.20954310426634	392.35598024456374	222.224609934544	354.0429650671248
230.13300461258675	373.8378253406038	236.8103319687908	381.3376598634727	230.0288314155215	348.81468994804584
224.56287301108284	387.2296689238607	235.95153714565228	401.37749440491115	224.37477522838168	361.82564918829576
R29	100.51373387814594	442.9028622583973	90.94794299278577	5
100.51373387814594	442.9028622583973	106.2135165679698	451.419533437267	119.77063025703245	446.1711016823951	100.51373387814594	442.9028622583973
104.22071514459273	448.4418700119601	112.33247028483885	458.73662523502526	117.18604258545237	446.9708831723524
109.31924034465624	450.217199395872	122.95268842095074	459.470208211086	130.53697076635908	444.4810837385498
108.56039371022284	450.51097540635504	119.80053028885315	459.679198019138	109.7808668841562	425.697713922595
100.64128872194203	443.0934559566137	107.43108240697377	451.30524596291406	127.41500576750573	444.64330582323356
R28	158.1755227072264	499.7110968678755	90.94794299278577	5
158.1755227072264	499.7110968678755	166.87719710049961	508.0873525545912	163.53844991930697	486.46308988993604	158.1755227072264	499.7110968678755
161.495392458099	491.5100425022043	171.58369799139672	499.85421994100557	168.52737770214367	475.6645319273205
165.3328562083267	498.0850279448596	174.7369531433499	504.6954128419738	176.5989583052713	488.32090454659397
166.62852380926455	506.47675544270385	176.60026084093823	518.4526470155564	169.83526330400457	491.79495040486006
164.7832735070239	494.5255129399896	178.972467148709	507.9977163018855	176.01595376499031	489.68759112124377
R27	488.5493110627188	239.3001660785597	90.94794299278577	5
488.5493110627188	239.3001660785597	497.87309872070296	249.96464087249615	502.6536422851859	229.31559376502645	488.5493110627188	239.3001660785597
493.103485625846	236.07622837199443	505.8333579721814	250.68158800860076	512.8840167415946	236.69158216932993
491.6259011286353	242.81914553334653	501.40435405457185	252.3175418897034	500.5359433354882	230.56966357943804
502.05168682158103	231.91567606883063	508.9467622632467	241.1219571272284	515.2032036948976	220.4218531532922
489.0540161246701	238.94288120566677	502.4422860473116	249.5028024618434	504.2342286049665	233.8309514241401
R26	297.88559729219327	143.27897160476306	90.94794299278577	5
297.88559729219327	143.27897160476306	307.5044542979376	153.58587539976017	321.0885461904551	146.96602225204174	297.88559729219327	143.27897160476306
312.80007790009574	145.64894818059872	321.5472070422547	161.78351036135464	323.2323320575416	127.96356909898448
307.4317057183843	153.50792303907625	316.1972976306467	162.30713355136487	326.8266162662599	152.26841970788823
320.7955919645422	147.10878585890566	330.2933564867066	158.74907860595016	339.60900482209627	140.0558897857801
320.46524908194897	147.26976985315895	333.63005986265097	158.39230418275642	317.2029927628183	128.60175830984298
R25	277.24047105983647	193.34493735060866	90.94794299278577	5
277.24047105983647	193.34493735060866	287.3405367011695	209.2443758241442	285.00336109748133	186.41521702953222	277.24047105983647	193.34493735060866
285.8436372857818	194.62290091249423	298.765158425594	203.35984501494923	299.3086353591976	188.9618052880211
283.15320258562105	202.652709640724	294.0780239019207	209.83388853596477	304.6526624148649	197.9205649599861
284.4106265634409	186.94433499019186	294.3160830690252	198.20921640678222	285.0345665639588	169.41712156639156
282.9619741193585	202.3516793958029	293.4091704999793	211.28363167728793	297.1772744614476	189.49682695884215
R24	156.8530307189722	76.01309098096476	90.94794299278577	5
156.8530307189722	76.01309098096476	171.5349639804661	85.05170323430724	176.8869026328857	68.0953675752305	156.8530307189722	76.01309098096476
163.03997784438883	73.56790533360467	169.08475233545454	81.60194176552129	176.59471957974773	61.70445803279517
172.6482583830091	81.52449658959803	183.44540069864223	93.7634425271759	188.19417431395442	83.12558230911256
176.8291973959885	68.27819279608259	188.22821841969326	79.28791678107996	192.15663185290188	61.09781367207842
174.17264086963957	76.69485581925045	181.17758251564968	84.42358884670837	182.16096003337088	56.613322373413
R23	270.2909459223613	446.72690336595286	90.94794299278577	5
270.2909459223613	446.72690336595286	276.29087230129454	454.8723752145928	290.5736485864464	448.81441513177845	270.2909459223613	446.72690336595286
280.73718404566887	447.80203843804725	296.4978831337313	459.4448057407319	283.13989255208463	434.63718368664104
281.36595139644277	452.7198086573826	290.40523336369023	459.74719868338235	291.9121771548852	448.11279554818054
286.8482115658968	448.4309902134114	297.6139122218246	455.70093522755593	295.4280906856956	441.250901226694
287.0705068516089	450.3002532048811	294.8280426324266	459.00761426754315	300.0928061531086	447.2206965049813
R22	285.68586582633424	493.87412265829175	90.94794299278577	5
285.68586582633424	493.87412265829175	301.83785180023955	505.21728418904104	302.65448705970675	493.3208325023552	285.68586582633424	493.87412265829175
288.71967546679167	496.00469612838083	301.40993594116463	509.0807863771053	296.69324971651093	487.1018091149875
295.34371134367024	500.65660141472154	308.762612570408	509.3617647313633	312.994362325665	496.7917483042169
294.7965407319434	493.5770539294961	304.6367553527012	503.5399482560673	294.3950721079596	474.88766522932957
302.0539580947866	502.06912463743845	318.074890384298	511.68226817579705	319.4401208118177	495.4904562123923
R21	242.72155640925158	177.2757610296591	90.94794299278577	5
242.72155640925158	177.2757610296591	254.17790127471164	185.3825047435184	263.71136649467985	173.684907929454	242.72155640925158	177.2757610296591
246.53714908722998	176.62300463305166	255.6651804531043	189.0445883333167	260.7860377488496	177.8178624517884
259.5043960075243	174.40461968267095	268.61328665695754	184.39062145999782	266.4659897899887	153.5414736288339
258.79422252264095	174.52611333361384	265.7985501836787	182.83274633818763	266.07935169080514	156.32235738160733
263.0436372323464	173.79914039187216	274.58597892385615	181.31512613281356	280.1713359355704	169.91370346548703
R20	357.44944628838556	392.6976262299877	90.94794299278577	5
357.44944628838556	392.6976262299877	365.4862554713781	403.2058249411011	381.08522934368244	396.5308742368709	357.44944628838556	392.6976262299877
369.77899093007386	394.69723006426545	382.5834755402383	406.56414754897617	383.04913803501967	383.80306384938297
360.70146691011354	396.94967180275967	370.95550147188914	407.5146152424046	377.99688957756223	397.6708910152866
360.5794595154528	396.79014606087276	369.74198275906775	405.26192029197415	361.1393560732618	372.493172670477
362.22079481081516	398.9362063993128	370.68425028027866	409.3646824315189	372.53323428725537	389.6620140243466
R19	170.17651123736582	21.37261850787253	90.94794299278577	5
170.17651123736582	21.37261850787253	178.7708000816814	31.553173236885918	173.5906301835919	-4.44646997742799	170.17651123736582	21.37261850787253
170.47969616279636	19.079799030755776	180.50318170147372	25.815250920710287	178.50714785115517	4.787540806034878
176.20322470331314	13.709782119308075	184.0499726952158	27.31721931106759	188.53082345343375	5.11371602221384
177.02672722740192	19.432721257697434	188.07389472191878	25.157676482085325	196.6592053841542	11.093744295527225
177.85556809387975	25.192759260630652	192.2586542313141	38.58692687041622	180.76090933023042	12.932613295775736
R18	330.53775999341696	339.99163650822334	90.94794299278577	5
330.53775999341696	339.99163650822334	338.0747687621606	347.538384070066	341.671071719788	328.9776175156817	330.53775999341696	339.99163650822334
340.4822525392456	335.113194953234	351.8308317350236	347.8955691287661	347.0028753580413	326.07629293951527
338.17626248922784	347.0145679741959	347.65839359881664	356.1082341603512	360.76486997518344	351.2383324751136
340.2576920690244	330.37585289252013	350.73790393469153	336.8014025049031	332.444715027167	309.7113737119516
341.48502976511844	329.937792820885	353.9931695082122	342.065577642707	356.64541773781195	327.252688014783
R17	218.52663974211623	47.34192537713028	90.94794299278577	5
218.52663974211623	47.34192537713028	227.54418173067063	62.4499886147962	228.98673676946567	33.12120544133184	218.52663974211623	47.34192537713028
228.91753732387653	34.52810880434172	240.31156207008243	45.416716278269845	239.02141014830744	21.12629626424281
224.01064775946776	39.88630217052689	238.06514135862417	52.755099079808154	245.61350664365784	44.04193579236244
222.1597655342478	53.428893897774614	235.1778179667195	66.72293158702843	229.50467747471063	40.62448545090177
223.2169819365963	55.20016286251597	235.55826047260578	64.537022378467	218.40521866497724	35.566403774677795
R16	305.6233794404165	450.5831853615671	90.94794299278577	5
305.6233794404165	450.5831853615671	317.572161530817	460.26751694650255	316.27198916592266	443.986578320344	305.6233794404165	450.5831853615671
306.4134239644575	450.0937681132586	320.7791107001583	459.47603894156276	327.82516493616856	448.4742728615607
316.4480293566109	446.19097799666366	327.9474558344104	458.1313796664962	314.26537680293677	423.6734588158803
307.7422732634259	452.3005210883421	319.4440202293189	466.8188121275584	316.201815535841	437.70977038410035
306.91311139711655	451.62849624177846	316.5876127544436	459.0786555521236	311.60558326901884	436.87253493266763
R15	33.645113589236885	297.7329895326291	90.94794299278577	5
33.645113589236885	297.7329895326291	45.624950438595235	310.58050719463176	56.37315043616231	299.8947584873022	33.645113589236885	297.7329895326291
37.98923156507504	298.1461787332122	46.36088793259014	307.50416158858303	52.57688839402108	298.9323973917903
50.432206769379285	305.8011829232091	59.07672473716204	316.4008585620193	62.85587321285688	293.82773595450345
43.391689454778344	298.6600315496058	52.515684077391896	307.44362246342877	40.27728472763971	280.30116016271637
48.36642172685399	307.8549649381308	59.85421442206742	321.839356126589	66.55972379178391	308.12756374079277
R14	496.796055796738	409.54779555599373	90.94794299278577	5
496.796055796738	409.54779555599373	503.7779184327984	417.33902538306336	517.8557934360865	405.7983146949909	496.796055796738	409.54779555599373
504.83444312686345	416.47291129793615	511.40282536408324	424.0987811614581	518.4243265709268	414.1295032619978
516.0716943989848	407.2608771073755	524.8587751764501	423.4355621398073	531.8335431563121	403.55268625319593
510.08094743174615	412.17195051427836	524.7739119219498	421.37571419827145	522.1272753472493	406.1254911360894
497.39282954075395	410.21374984881726	505.3031327923128	417.4933727847272	508.6688374255081	403.5692453647197
R13	310.73937805150274	208.3884670444584	90.94794299278577	5
310.73937805150274	208.3884670444584	318.6715479957879	216.5271485725597	314.8700067774461	186.14548286498882	310.73937805150274	208.3884670444584
316.36770657164317	198.11500045381584	325.051211861975	210.8194235548395	319.5604221254893	178.24881157532096
311.99061054838415	201.65071681816207	327.04666481890877	213.45309441555784	330.49881557453153	200.08565586230856
318.5950005954023	215.9153868170702	325.1136801946494	227.26776567988475	335.7877399968872	218.40185546200576
317.3309411507876	205.813107432202	329.9103182410818	218.15188358349278	333.5171923586606	197.20436574395154
R12	398.4171995048599	62.18020193587015	90.94794299278577	5
398.4171995048599	62.18020193587015	407.1610461056628	71.67506334514626	404.7866880097106	50.808037196293434	398.4171995048599	62.18020193587015
402.3829050857081	66.48652461045693	419.6092146938557	76.2143180777368	409.2501522607857	49.03133058412805
406.69152626808625	67.54869220306071	415.27295720673067	77.16392493364467	410.0105172153603	54.508619047941
400.90585757979704	64.8826125104603	412.3511966198903	72.93713466231614	391.8103273843611	45.181269106699354
406.1949107411576	63.1841908230818	418.32284363238824	76.98033524098177	421.0014594192525	57.91238519253334
R11	164.762264009541	12.77349934888161	90.94794299278577	5
164.762264009541	12.77349934888161	172.52711469238778	26.534604551038157	186.89890982499284	18.256342289506527	164.762264009541	12.77349934888161
186.52401174649953	18.472286406888998	200.83152334648656	30.834231321099903	196.37443012597726	12.687542326294476
181.20866104825038	21.533968450511736	188.69709870362624	29.8748278179024	197.71461759149753	13.821007787929839
175.80194410581032	24.648278139065752	190.75546241408261	33.50808291154003	171.67316181333126	8.847969865925448
170.72588524582864	23.342410789723615	180.20031691894206	34.431838081464136	187.68249639045717	15.374716929030415
R10	52.1027878996112	80.65807807729509	90.94794299278577	5
52.1027878996112	80.65807807729509	62.862074767434144	94.20712311750269	51.821795805747904	59.81315171149853	52.1027878996112	80.65807807729509
54.63603898874244	83.8481717634707	69.1783437524536	93.34119007694315	76.9263120134341	85.68749271609127
51.96519027794798	70.45062970305733	60.190584099492234	76.40646561533806	47.6544269061518	47.22321170114067
53.81133744714143	82.80963468669678	63.130995244698944	88.4674621721022	61.156642939457114	69.84039037951382
56.84681511349508	75.46768100238504	63.82499863296322	83.38304626644779	79.81813608399497	74.23127310160837
R9	169.85488367909846	475.52326434797453	90.94794299278577	5
169.85488367909846	475.52326434797453	183.45162858464778	487.69057376632173	184.30447486897486	471.9447351439068	169.85488367909846	475.52326434797453
170.72672201877734	475.30734827680203	186.40694834901248	486.17051225781876	175.58836298823786	458.3748512828112
182.03150258038954	472.5076505653783	194.12487400427028	483.65309237086893	191.83738655526665	466.582289887488
184.08708097008662	475.958411831368	195.0833821398297	491.5800437333982	202.9685463411683	473.10614080007525
180.74201671357255	472.8269995886136	197.09676921360432	483.6006171828392	185.66282604497655	463.9850408987434
R8	312.85522422783623	347.17137859155054	90.94794299278577	5
312.85522422783623	347.17137859155054	321.70951242591053	356.838752930775	313.38980278514936	327.36043917531356	312.85522422783623	347.17137859155054
313.1065298731167	337.85824613327816	321.2268343890125	348.0479875748796	323.18961332364466	321.62878550902207
319.68843551229475	349.6776929952705	328.72985807499225	358.08842730546473	338.23978432579656	345.8553007009399
313.127051046014	337.0977522686117	329.40498218697246	347.5923115723324	320.436110353353	323.9793980590926
313.242985858314	332.80132565125433	324.85932627312144	347.52156376500346	316.42745555582513	310.36702349483886
R7	61.59235774979233	104.80888932400123	90.94794299278577	5
61.59235774979233	104.80888932400123	72.86642211549099	116.72666832605377	85.10357455013083	103.5602056229773	61.59235774979233	104.80888932400123
76.52120826629952	104.016016182926	85.18445692288088	112.4049340405418	89.605963026073	89.49920779645082
73.88747636671094	115.62807347007647	85.96487884834792	126.85237097926742	83.84159070718316	107.01244797910483
68.1222106414799	111.71157686903757	79.55262895633729	122.51203719088785	75.24698562033922	100.25107895406825
71.3860398046335	115.16176070737582	78.84747324080134	124.15837662842536	91.04279164493668	118.16734334579269
R6	25.886619565363144	63.73736867450103	90.94794299278577	5
25.886619565363144	63.73736867450103	36.06594264959977	73.58506685685009	30.580761401472678	54.220461542429355	25.886619565363144	63.73736867450103
32.046880040113976	59.39637232771079	41.04620915668697	70.06573737432016	34.08551637976366	36.528687293004694
33.12900415128965	63.2166483343223	46.970398862538076	72.96091642262189	59.09806473891919	59.85156378918591
35.989312942494855	73.51093361428315	47.65139215361309	83.54867773308537	51.67018157369245	70.376363814286
33.23889878332804	63.60461476229104	46.747254643924144	72.50066610387725	46.11443323270578	58.98978615733905
R5	374.54511962015056	340.1168835171129	90.94794299278577	5
374.54511962015056	340.1168835171129	389.2746221562385	350.28905674759676	383.8263672428877	324.0404361852398	374.54511962015056	340.1168835171129
384.321414070327	326.42547442972625	396.41713316852235	339.14979810234865	381.94087692293994	307.17459282385283
388.9963561247644	350.0968866271614	401.8873069012003	364.5068257082498	405.67450555226657	341.29849864716584
387.07646705568146	348.77101400205567	399.44064896851285	364.2372052190152	404.5868630181557	348.60153023799836
385.77054669498625	347.86914728241175	395.0819637728283	357.0451915575813	410.17458279551073	350.60747470710794
R4	363.23999182254283	208.22943898939593	90.94794299278577	5
363.23999182254283	208.22943898939593	376.2682116549057	221.59751237012114	379.5167170837824	199.3888972792643	363.23999182254283	208.22943898939593
376.8142278007705	217.86463807380287	385.86022989823545	228.08357396596827	384.9147105256041	201.14546075421438
368.67112401214894	213.80224744559968	377.7443836925254	223.46921883162125	377.2440087719848	196.43095160108217
375.83600697707743	221.1540332207788	391.81408070557546	232.94651785480087	379.0210463456676	206.55863818825136
378.3868495159554	207.11330915632493	392.18108672549494	219.8366547678001	392.37266165108116	195.84453735580593
R3	116.30663456668961	32.51126156783663	90.94794299278577	5
116.30663456668961	32.51126156783663	132.3426763956003	42.07125337621037	124.25824424287934	23.82285107708686	116.30663456668961	32.51126156783663
129.8480672655245	36.44035313179818	137.8527395220787	42.899720496956235	138.08166053492403	21.48220538041718
126.98221849076484	29.97148056507592	138.5395857185585	42.91314184242661	145.56213173331236	27.193963556997733
118.21025345341769	33.64611648761967	125.6053736044928	47.65243332788376	142.6983716227475	40.7100752085155
122.56448655720733	25.673553342949642	135.7174292031359	38.90526459345231	119.59262437789668	5.795584733745031
R2	124.98899129919072	326.2898139058668	90.94794299278577	5
124.98899129919072	326.2898139058668	131.4702215617315	334.0028106085192	134.66559072986436	315.06106380127363	124.98899129919072	326.2898139058668
133.69997616739258	320.78510556087326	141.9264389665685	329.71435262052387	150.6649900038758	317.4145252001762
128.33865248880076	330.27608266409743	136.14646813669492	343.84273632670016	144.94033818417375	336.6984191218886
126.24335312956927	327.7825688720898	135.37077906345579	337.55905580855085	136.0486956349056	311.6876964042617
133.1804842795566	316.78438502880783	142.51477689563453	326.8261500399993	137.38794598110482	303.0776361295915
R1	3.083047019074636	346.4691394920643	90.94794299278577	5
3.083047019074636	346.4691394920643	14.646665223659863	357.8233075328622	5.489493386345302	331.44916313288064	3.083047019074636	346.4691394920643
5.144129588443184	333.6047715646161	15.871778138956998	345.8940580166591	8.18424326537389	317.93955719420603
12.93286237086387	356.14054654619036	19.212258987432776	364.1242417360453	31.85482650646559	359.5551493457412
9.453719386836728	342.86677883657194	17.174518593481533	349.8941282562354	27.64440503298275	336.6242197286014
3.725919588158879	342.4566125889343	15.5629958759433	356.66769576204854	28.479489096972383	344.728059640978
