R100	44.27751528699192	401.08674974316125	122.96040292223236	5
44.27751528699192	401.08674974316125	52.11609343895256	410.1081975326592	61.91862677750055	400.64112402559255	44.27751528699192	401.08674974316125
51.06629450271994	408.89998016095075	64.97096270408684	419.7193786053471	60.924813410836755	394.9862551500842
58.81961948164326	403.63407787288475	69.94689433554427	414.5705726924125	57.035477590242095	379.49938118527524
49.670595775882	407.29366547607543	61.210233468994275	420.8816636332466	49.89449874846303	390.76207149566596
59.3566041503852	403.11546975847443	68.55112652529763	413.75829526683026	70.26727538700706	400.13194311661016
R99	241.03129105031567	8.840544148635665	152.4937327390371	5
241.03129105031567	8.840544148635665	253.72902648832604	23.120614901949402	249.62377830032284	-6.363601654263173	241.03129105031567	8.840544148635665
252.085303589538	11.315267286694755	265.3470131765604	20.93224868717165	269.83798719238297	3.0753082048839246
251.44245374405185	20.549099632140734	260.66832390853517	28.24662030818932	258.44525089464076	0.8265073635999762
242.106036512639	6.938814622047823	250.56318962179031	17.39047043701247	259.6738974798256	2.920848513599088
247.5378843899765	-2.6726755906535447	256.3484638957117	6.69153718199635	263.66399283186246	-14.278099884860035
R98	54.53353180055315	345.8338500962087	157.47049631685044	5
54.53353180055315	345.8338500962087	65.57138038869121	358.61778530377353	56.027871552103214	326.3615164844282	54.53353180055315	345.8338500962087
58.29083806488592	334.01015572345176	67.42429946254028	345.09329510105835	75.3020882471424	323.7454659120687
54.85725316397772	341.6155253281464	68.14621428061955	356.153804200096	71.04448253195561	333.3690990527742
64.31193746793103	354.36097262509566	78.43738549291362	366.090602235841	86.8497359631268	349.5938194835724
55.15371514872868	337.7524100865869	62.76096382802979	346.12882305014006	66.91746414580658	335.5677975889555
R97	105.89031819205225	133.15287317069198	119.80346257828772	5
105.89031819205225	133.15287317069198	116.07732942086426	140.80193348236423	98.72854320295845	113.41505793322801	105.89031819205225	133.15287317069198
107.25728405957778	126.87856837697262	118.54431243426684	134.91432300001142	111.38120077459018	117.25523737074951
99.35601164889565	115.14435776072986	108.18274963354138	120.64199985254447	108.84709667829068	97.93072573679696
102.6396737940415	124.19411383682021	112.24972721696842	137.41694369041494	117.73404860140319	118.04421244442364
115.36860625703697	139.68313976142397	129.03473952999713	151.427257308628	137.7686612439346	134.44066730887488
R96	27.393649942560494	24.073818754796584	119.95971999711867	5
27.393649942560494	24.073818754796584	38.84863893696368	33.3501019272446	26.302275070925916	6.718742016601347	27.393649942560494	24.073818754796584
27.51078561199031	9.283969640998004	42.42266791023592	20.646107156833423	32.53283788307026	-8.46079783045634
29.389204558894946	13.271168766746548	39.5615568101704	24.03253242528431	25.537707697729722	-7.295213000001799
27.164782545436044	20.434362374408366	40.758556365538865	27.741010590918034	42.36662554109194	16.456224250576383
30.08219453918974	26.25100993431437	42.43811987489453	39.55623074240026	55.21157235583111	26.95565803491464
R95	63.870691342666206	494.4860907252918	150.7902560683356	5
63.870691342666206	494.4860907252918	75.3729435139944	502.6002815787271	59.702545498030325	473.42780723730624	63.870691342666206	494.4860907252918
73.69485390628883	499.47630055581214	90.98906814509878	509.301628254084	76.52293004860623	488.4890090297331
70.01551454401911	492.62673406555155	83.92011724920431	502.1474629135963	90.63420065282644	486.1179730500879
62.52316930198354	487.6781472903174	74.74118456397105	498.3653945281752	75.25753959641956	476.2582379658591
61.85132007124001	484.2838343057107	76.87864542606539	493.5130701617212	73.88882549815607	473.5213214507801
R94	151.2892295967352	485.8824428441053	106.66126332963563	5
151.2892295967352	485.8824428441053	161.57045307455425	496.2022780397449	146.15414515374962	465.46944255768796	151.2892295967352	485.8824428441053
150.1402657407029	473.41588400396654	165.05000670083	482.2552095179086	146.16042635887712	454.40723295732784
149.95564800322254	473.0478434470316	156.78361466627044	480.64438787673254	158.81973887520516	466.17779603165883
160.8235415611972	495.452561457842	170.64564608541514	509.31377480523554	178.3035411286801	496.284151881508
148.023247856024	472.89950420915454	159.52671059837596	486.28184806869615	168.44451887729628	467.68687920941767
R93	39.12223425954009	494.5461770633809	139.0565303177902	5
39.12223425954009	494.5461770633809	48.28322268881891	504.88265080035166	48.85048655549812	487.26421060736413	39.12223425954009	494.5461770633809
43.922604079823316	499.96250270969665	57.66262136021759	512.5848476997378	62.97260029265938	501.54062217310656
45.36834646357087	501.5937544349222	57.24172133372134	515.6599992310827	60.92341881800702	493.1778530890323
47.17539116446877	503.63266871110073	54.79935421330537	511.3568190557141	48.708626861277274	490.8682773951812
41.473007454476374	497.1985879444354	53.72946198608763	510.3065940669525	42.026352153604094	475.1542851135973
R92	187.50696229277963	262.9938847746576	131.55364950785557	5
187.50696229277963	262.9938847746576	197.6970535898544	271.09775943923046	210.24703727410218	256.32192478838766	187.50696229277963	262.9938847746576
201.8995398445246	266.14992495723135	214.44604917759375	273.08583643382724	214.66839151052608	251.44837014439975
202.481497436572	265.46475202233046	209.52768654788426	278.68601958459595	213.77671579950362	252.50870491634825
193.27102849004547	261.3027021792635	205.0763099276156	268.8035084883041	204.1438774025735	256.2991517739601
197.8842513550769	259.94917813026564	208.3075976600781	274.618746861533	209.30606317340553	247.24081202073094
R91	286.7209235174876	277.9257747027195	83.13784436017157	5
286.7209235174876	277.9257747027195	294.97625077982127	287.5083554770123	293.8986037576489	268.63912280766556	286.7209235174876	277.9257747027195
290.2857358661148	273.31353645230854	304.4970324740661	285.3172718868236	305.1472129759525	270.04101393163785
294.7334859600497	283.2576260879322	305.41682166454376	290.36477901505833	311.8015956356411	272.45433656538603
289.37230844298927	274.4953503846846	296.57450240284396	284.0395127185559	313.8140488561504	278.25189011711944
288.40964347538255	279.8859992810379	296.7939323794019	286.83217574393024	300.09109416692326	265.71860574233324
R90	18.971513022838728	156.75450944965368	122.23923331644329	5
18.971513022838728	156.75450944965368	27.737744113607384	164.5847247282553	26.040003475778803	146.60076899255662	18.971513022838728	156.75450944965368
22.464201524267672	159.87426554370472	34.587345762845764	172.3760201549846	41.09489821219544	162.20602373648245
21.526962122170985	153.08365962978166	30.4906701878812	166.21276586976612	45.029379566127375	153.0797953704769
27.60776468074967	163.20786873801757	41.229602854049865	177.1483124614869	41.05190586620617	150.40185024863212
26.81522385858976	154.81258223377995	35.49529018666493	161.29731726740974	30.565643884577998	134.62030843719637
R89	266.40036159390536	469.6039984097519	104.39477576804778	5
266.40036159390536	469.6039984097519	275.3374506938089	478.02370006764767	268.9043279429521	446.1252516927485	266.40036159390536	469.6039984097519
266.9773528014856	464.1937697835276	276.30179545260313	481.1025688273328	278.9607891138683	453.8757772715047
274.8415402220261	475.56474270038325	283.6097250760094	483.7095913357858	294.63334756158696	471.6607768634464
266.92585812152254	464.6766159482081	272.7106253496888	475.3829630317604	274.9271062839988	444.1490153220913
270.6895535649418	454.9772399954747	281.03459433643536	471.9579418032469	276.70711461527355	433.31778571719144
R88	314.32036128523663	264.24142412192913	137.54255533266615	5
314.32036128523663	264.24142412192913	322.3222834578381	272.1704700738099	315.8893593653989	250.91785693781844	314.32036128523663	264.24142412192913
322.1570581450447	272.00674952401016	334.702645948847	283.082286085099	343.4673684988735	267.8361407486335
314.5777077488654	262.056097740015	325.49879171548025	273.0579887783363	324.0578032610151	253.94390773965358
317.7876798606264	257.18938610767316	326.0715232982834	263.6940429710908	342.8970444104681	252.29214592483495
319.2036773222648	261.8674525392539	332.92251371161444	273.5015717979631	314.9571520894531	236.11235840710964
R87	348.47482745140724	312.3397876958039	113.84963511830452	5
348.47482745140724	312.3397876958039	362.6487469111941	323.94421943721994	357.05446479819165	296.4182398421734	348.47482745140724	312.3397876958039
352.7598195992004	315.8479844957536	360.529144606303	323.9997959910184	377.1906091715251	313.4798227086976
361.1631008254196	316.6342799281908	369.7727227639113	327.21722942082386	360.3375401366059	299.06056717909445
355.7910318612402	318.32969013041463	363.437678379207	325.36353799484186	355.0305551983671	296.13948697117195
356.4487278945238	318.8681571893317	367.84737854376374	328.34260006321375	382.14889521951596	317.3187550198378
R86	298.99816785282627	445.62127793473746	103.91267814863012	5
298.99816785282627	445.62127793473746	313.2119267189418	459.05319608431194	323.96313150336704	443.0344226869075	298.99816785282627	445.62127793473746
309.7887327414486	444.5031657756365	316.4552893041164	456.9657459987059	332.7438895615987	453.94968743913915
320.02974045335395	448.8949844729517	328.4125976733569	460.23650833713083	341.00314325833114	449.68332424880447
319.3854035047741	449.8550152581367	332.10123058679204	461.3673076865905	339.86876127607303	453.1843190988973
309.60868898060016	455.64815771052605	322.995186715723	469.32921663535075	316.5903901802928	438.7492840987999
R85	63.660310303886526	151.8321541400297	159.01435992177224	5
63.660310303886526	151.8321541400297	74.22170689172212	163.58646208742897	74.13092427681211	142.49375842083577	63.660310303886526	151.8321541400297
72.70126418395374	143.768825167215	82.04296688106047	153.4360410931204	84.2303795733229	139.12344323909778
70.86599318327534	159.85172000248315	81.73146903636467	171.14962849111313	78.37350747322904	139.35309380954743
74.19726912369708	157.9085181359776	83.26484176726032	167.7036562642745	82.7256601279502	139.36267001527747
73.07748880870062	162.31300439696514	83.7368153507526	173.15500437864245	92.28276621411271	158.96631262130617
R84	164.0782381579995	318.81529087990856	90.76918573925272	5
164.0782381579995	318.81529087990856	176.83471258982732	327.716628761778	177.15269599877897	304.3874059596251	164.0782381579995	318.81529087990856
174.42248222993905	326.03339899504124	186.75925481048876	339.6204544529477	192.4615390556078	318.02371512112046
168.28637313732781	314.17154289814533	178.33607241134823	324.34584979238036	193.2039437297477	314.33212266187184
176.88204093063652	324.24432996721487	189.19076517462267	332.0296376114358	203.44388605721466	318.6979665526881
177.07103638139188	310.378458808082	191.66873474754166	322.0642833971203	197.0580341700505	312.03760171233444
R83	19.413770318537637	301.91141474823877	117.19515156050383	5
19.413770318537637	301.91141474823877	33.75313629866454	312.78715453105855	38.015713030937235	301.9183315596962	19.413770318537637	301.91141474823877
33.875772236803	312.4744544002991	42.25893317084143	320.9806340146965	45.87594017584773	308.09937399519174
32.65336857500755	301.91633766442703	43.0141801378066	313.7404512843594	58.018569207226136	300.82769759760663
30.039258158406575	301.91536565257	42.148957258580594	313.7852506252776	26.81376457449042	282.1370940994386
23.047588114277346	304.6674959319826	33.240987377463455	319.9402951596977	39.92928222865443	307.0784743920467
R82	427.9523226307276	382.45321423240983	117.21574692707134	5
427.9523226307276	382.45321423240983	441.9371744232163	395.17660068649957	427.95153039870786	365.8967692648062	427.9523226307276	382.45321423240983
438.21032516154946	391.78592167781716	446.959044673893	401.03568169022685	434.3166945671978	369.5466321585251
436.2832152260461	383.33967906400056	452.22233216401474	393.4642717941737	439.93525311637484	364.75180781331653
427.9517398484672	370.27395085652375	438.80183487453144	384.5697648428681	436.6009749862371	350.85275477255567
429.27211852995634	368.6615041452798	438.76643150362867	377.35971087417926	442.9313362037102	364.5566472097692
R81	45.22392756714289	425.30665695318305	139.38799791848444	5
45.22392756714289	425.30665695318305	53.87198619684152	438.20612281813726	56.97000324812438	413.44449818994565	45.22392756714289	425.30665695318305
56.427735385144146	417.7787006971553	70.57028381614245	428.15067975685827	57.659469216161355	400.7403625799895
56.86736713193779	414.2648413127363	69.3321425618514	422.32543213093305	61.48932449943787	404.35633872219006
45.22988765366984	425.3006379648379	59.668560699321354	435.24912575858986	39.335294803119496	404.98712832319893
49.17128424580826	431.19454404016244	59.006256937253326	444.1326746440619	67.25134994287401	436.3429039103246
R80	262.41986852615616	247.85453875459118	86.84875734019919	5
262.41986852615616	247.85453875459118	274.68429845066237	259.9137085819763	286.74721299656534	249.92502370763384	262.41986852615616	247.85453875459118
285.12774996627843	249.7871922299608	293.84257621585505	262.7387000606235	295.1973247950867	237.6728211981012
281.16884578110967	249.45025239027134	289.01250663214176	259.1636791573333	308.154668847268	251.15415787336343
278.29281529071767	256.9256796572989	285.11284369569535	269.644085704672	302.72557895174424	263.7579712918894
264.1863118338155	249.59141849287786	278.1177890977773	263.23448709491447	274.81614229023637	232.21390845171263
R79	479.3488004214103	479.2097252309451	164.1242020870904	5
479.3488004214103	479.2097252309451	488.27406921471226	490.45781636216753	483.3198374037838	463.73673982540896	479.3488004214103	479.2097252309451
482.4529002571445	467.11472544402943	491.5768211750948	475.02128704006407	501.65074868549	467.1651092277465
483.9299317816042	484.98310687545444	492.7871214938915	496.6038665026764	494.9253079217862	467.7370969566779
487.0324641080411	483.7611121404139	503.3667705255021	494.93786392685575	488.2022085447806	461.47192752711334
482.28237725561803	467.7791614403798	495.7126353250801	479.9620629287899	501.0136822556651	465.71871420792263
R78	405.49633650331833	211.71512371177036	88.852790400559	5
405.49633650331833	211.71512371177036	415.78402635985344	226.33196850378266	428.7516497312191	214.77298190438205	405.49633650331833	211.71512371177036
408.53916630378956	216.03840440376604	418.63052776517645	230.28460340962638	428.8585824432869	220.0188733065826
415.73707342849264	213.06168572098272	424.3541365227067	218.99772261471077	432.2284062779806	211.51875376343315
413.440618201274	212.7597231388537	421.03429532042543	221.95180117998532	437.364566420232	210.82315194363127
414.90627716272326	225.0848543353267	427.83332334134275	235.42586772265523	416.7243758649577	212.19904286031183
R77	49.58933877203897	126.3673231273752	162.08850952233072	5
49.58933877203897	126.3673231273752	56.30713572593682	133.93266547360318	45.68023173508584	105.50072295850923	49.58933877203897	126.3673231273752
54.42356839585021	128.89324118799402	68.20391544604664	140.32316848554908	75.30256985959988	121.20657171960147
55.93938629757227	133.51851923752304	71.23738291067556	145.05910470360166	79.20750421459557	128.79116693445297
55.22321077586069	132.71198801323635	69.15866724100415	140.93997278790422	57.49329552670917	119.11043833538372
48.59944448136446	113.3109835069229	57.6887095350011	129.969241682942	57.79332240568218	101.77524934398146
R76	271.82564742016274	428.08841677559093	113.28557455662391	5
271.82564742016274	428.08841677559093	284.72061476460283	441.1603279548715	288.9633126887147	428.5441370084557	271.82564742016274	428.08841677559093
276.84293550526013	433.1745517348651	288.4672494478683	443.65776883534943	301.5233813637377	430.2402775742854
277.4512355649754	433.7911988452106	284.8633641492805	441.28566612808436	277.85896408885947	407.07107069237077
275.84902288137897	428.19540530485415	281.9724469221617	436.1178208863569	282.4858750102157	411.75538142805533
285.9984378402085	437.3605618140963	301.9857922171961	447.46721903511855	286.84534950238793	425.07703176591116
R75	334.03850740829245	390.1582119349427	98.38863010155698	5
334.03850740829245	390.1582119349427	339.2876285072226	399.16901967024137	353.1368850709406	385.2281379845925	334.03850740829245	390.1582119349427
337.28163925913736	389.3210266966032	345.5253590550945	402.586183723998	351.323159556022	382.36331043239977
351.67777407623106	386.6969022933399	364.66898113672283	398.04419722476246	371.55023117496927	390.73495311606587
353.1200631994414	385.23248039900795	364.6233251798993	393.3920638388873	354.1583545339623	371.7284271789899
342.2869362915989	396.1498688033005	351.60447151287576	403.30802633752245	339.2632935589142	379.9582026052258
R74	287.24069821687516	169.35454936125643	114.45526990766132	5
287.24069821687516	169.35454936125643	297.8148478369055	179.27816174998497	302.9691172661232	170.0238702353466	287.24069821687516	169.35454936125643
287.76817923150395	169.37699624880895	295.1883026697342	176.33581188298805	284.292181516475	149.72286896298056
292.36933863374475	174.16766827928012	299.09090658027856	183.05701083303063	296.6815001620672	152.1400063790281
289.39795427856916	169.44635111884747	303.15072083819234	182.30960061496833	293.80658625805273	156.62237441113396
299.73638597417744	175.82811430426798	307.18546484658634	182.9873727340208	313.7308221715009	174.19309738879082
R73	266.01092111661274	410.3690314181347	103.99458470623864	5
266.01092111661274	410.3690314181347	274.73022479948395	417.911429717085	267.3659320024565	392.87774967668975	266.01092111661274	410.3690314181347
271.2307061022244	406.0154019820204	282.31811652453393	418.5664447635875	277.06137233823614	396.73899094370137
266.8655335384333	399.33718893925067	271.6917755096638	408.20580750522504	273.92162366334935	383.94234591820407
266.4919411550949	404.1597403310502	274.9080829187074	413.4232054099092	278.7089343004212	394.6290462925285
270.1684359742023	402.40439258379126	277.23820292062396	410.44186214838845	271.8089930697556	379.0172751311267
R72	77.02223738452857	177.8270727073677	122.84604066123694	5
77.02223738452857	177.8270727073677	86.12253965865067	187.32911673331955	91.44932957882202	169.0645046681778	77.02223738452857	177.8270727073677
78.65395025632583	179.53081914111192	89.6722144062681	190.32228376276942	75.55643211696363	157.41164211351742
79.19529452123673	180.09606157849856	88.24287576292971	193.88408219424636	78.12683328230875	157.51150760597505
87.47945920214461	171.47568072596715	99.73020788496272	185.51517824543214	100.27854122206327	169.57096832349677
89.43612735078241	170.28726121969018	95.99933605650179	181.93639939669166	103.42832081302478	165.73861627442628
R71	295.6375219188002	320.42428105215515	102.02484439659075	5
295.6375219188002	320.42428105215515	308.258960766116	331.8766254304471	313.9518215899556	320.28883948892957	295.6375219188002	320.42428105215515
303.1175836138151	327.21148206294953	312.05065277882255	342.2233829710611	328.5060517180862	333.21619978625466
298.9914905000065	320.3994771144778	313.9782486276404	333.33355017829683	304.5182100183072	309.30571924298624
298.9787021934624	320.399571689114	308.52247816353844	331.4221945042012	314.8114010442603	323.03858675712735
300.25483037890604	324.61389898919236	314.5505761494336	335.5172913077681	318.7472006159655	315.5857639428842
R70	23.951749318447234	252.55614262913807	149.65148561337568	5
23.951749318447234	252.55614262913807	32.33068506928372	260.1352005944046	46.31041368131255	256.67624999904376	23.951749318447234	252.55614262913807
39.0607718948784	255.3403337712805	46.29439686671934	266.52496012992947	48.90645960236009	238.5502402009486
33.817791040339294	259.76725167159634	40.98963877855399	267.3743840743872	51.15887895789988	249.82727148788905
29.550620097208274	253.58786565088687	42.388262459373436	264.3185334653151	44.330831996889344	240.65251535828517
25.08915651449047	252.76573653398617	35.92093204622344	268.0942086878437	39.74408722199111	241.1441616021678
R69	262.43726457548104	237.84294177541483	127.37810982380729	5
262.43726457548104	237.84294177541483	272.30416507746145	247.7570783129416	279.0588923816531	237.5484042114641	262.43726457548104	237.84294177541483
271.10425231709587	246.55142118312688	283.86084020886426	260.6183805033682	284.4237039336249	232.2691977346649
274.3489785723032	244.66667456648855	284.3044092451186	260.25174619287225	277.3686440812409	223.77445625777963
268.46903207709454	237.73605801367023	278.9541825686236	248.72126157887553	267.67015850119134	221.83738969218578
270.38517182227014	237.70210375002563	281.2852284518673	248.75562369407655	270.8297743240011	215.62489338741324
R68	439.4666354439979	238.280232356289	162.07806174744442	5
439.4666354439979	238.280232356289	453.0609149576194	246.22294846912712	436.667050808715	219.68715952067245	439.4666354439979	238.280232356289
437.84719533098996	227.52493401860067	450.39076722729476	236.79825215952897	445.0523017282179	211.22774229788558
443.11340682513367	230.12149892867092	457.51207314274353	238.3524739440623	437.2438251182013	205.10080368374565
452.3548174762114	245.81039759894722	462.03367050840103	251.54668927511463	478.32530154873587	239.0629124334317
448.20371786628294	238.3608876562488	461.97014102710034	249.04799462560462	464.53317079499357	227.04970022666112
R67	415.52695297690417	319.8183636942609	107.8895707403228	5
415.52695297690417	319.8183636942609	430.64601461274555	330.73155211676254	435.39932859914256	311.1032360587909	415.52695297690417	319.8183636942609
434.9341192199032	313.0242698375346	443.4272383485242	319.92668159229765	452.405267610121	312.9233882042355
420.7677390981539	323.6012496828758	427.6197924136385	331.10507862621785	417.5506053141099	301.449228438437
422.1585109714969	324.605131793557	428.369001924754	335.07013188576065	429.5186714173855	301.3897055844228
416.4358388972501	320.47441256436935	426.93126817633276	327.30393468616097	424.5033564072916	311.7457984881276
R66	302.1732187272054	257.3320649609892	114.5336269638745	5
302.1732187272054	257.3320649609892	315.8826338338843	267.817243946923	321.14734503075283	248.84095351129162	302.1732187272054	257.3320649609892
307.7020147007297	261.5605761635474	315.39005320212215	272.56032737660763	317.2870981073038	256.96989098230983
303.68165407646734	256.6570250429271	317.523052121709	270.1991921845051	310.99126373469267	242.02351740926122
304.75020646453567	256.1788371531779	317.11066964125814	271.42676940857694	323.5893090100149	249.97939059566247
319.70632065093764	254.03502705752226	333.3437385019462	267.32479963493927	337.6519864141926	247.38425499179215
R65	136.4108365870022	53.111702490862335	86.44598094396837	5
136.4108365870022	53.111702490862335	149.86706610214318	60.2188017980574	129.00385162896558	33.05728554284221	136.4108365870022	53.111702490862335
144.3887485440583	53.08665964439002	154.41876957247456	66.66193471874618	161.54193121145067	57.36276096640184
134.1416780455895	46.9679541548708	145.45613538233724	58.71877789343279	149.11445221545586	35.83157046338989
135.94492471019547	42.0937678915638	145.6766447243971	51.01216411145124	143.85701437783635	27.15260940683958
136.15297198895962	52.413533911531225	147.29220156752362	65.16362421127151	140.53406816336008	39.06465771045616
R64	66.65811069929039	271.02584749010936	132.4978778692961	5
66.65811069929039	271.02584749010936	72.93972709086424	279.8861178025142	87.00414631599077	267.66156717653314	66.65811069929039	271.02584749010936
73.66528023199635	279.255479525623	84.06115839654483	290.9992540087168	79.9873496339575	267.097359679757
86.07212439663138	268.4716645545591	99.07315059026142	276.4092830949015	108.04343121506727	261.490379536512
84.50819525653594	269.83100479054895	96.94845910008817	281.32363450976584	85.17336106490934	247.33763146780672
69.16098753434785	274.55617534441967	82.83598245332499	284.49064887881383	74.15729627444526	261.1793188169677
R63	342.35091078250656	400.92025565854334	116.37662815688674	5
342.35091078250656	400.92025565854334	356.3185578879016	408.9566036704411	330.8440918401734	382.7425887845761	342.35091078250656	400.92025565854334
331.487822195736	383.40500726634474	346.21119118559585	396.4723724836404	340.64441979427477	375.863379512545
341.75556642032586	399.97977232033753	352.1052697054417	406.5929493306391	356.89796045559217	389.2482753317056
346.695390460157	399.05406621480074	355.6385789094586	404.6988018623187	338.93682806120074	380.74128397722563
340.1870972490027	392.3568308419719	348.2815645866171	399.50736093302436	345.3644199717825	374.0966800124556
R62	121.90299981727205	68.49139632386664	136.8798926308458	5
121.90299981727205	68.49139632386664	131.6899986590935	78.42256680782724	142.18136998705842	67.10141555368855	121.90299981727205	68.49139632386664
129.46630283074944	67.97296976099489	140.7370565892343	76.66858640561789	145.09080899714078	62.260385191019964
131.1501878556162	77.87480408658233	139.58187587507814	85.21781623911075	156.64328296751916	77.72662250370679
130.20356273261154	67.92243428513407	140.51060806208363	81.87654480870346	149.35014944221064	69.47209301569978
126.19967446936943	68.19688078380487	135.0850361120621	81.23989906157144	143.5639301449292	58.56668816570741
R61	243.4425694564676	433.9686433879431	116.24742738181105	5
243.4425694564676	433.9686433879431	249.64118236060193	442.2623928970386	265.30429191846656	432.05859267516684	243.4425694564676	433.9686433879431
254.0717798433709	433.0399731557121	268.5126095744678	445.7662381861374	274.68850332058724	435.4261240956653
248.7250543429825	441.03661280495834	263.7625000387662	449.6201418799334	260.48237848686256	428.3953758098863
244.4385622485189	433.88162386120246	257.90302714850196	445.2564039402913	261.5180554763659	425.0286231364665
247.8749215674289	433.5813904016547	262.62107672852017	443.82874523282726	244.1574519457061	416.6664237231973
R60	233.53070700821	150.36099190350922	130.81792595317808	5
233.53070700821	150.36099190350922	243.47433911741973	157.34803854177105	229.87321645870838	135.28509284575043	233.53070700821	150.36099190350922
243.00138383010733	156.58083813615337	248.21423334686486	166.548339424437	256.7656383264863	156.01843771076335
238.66481972763688	149.54631747922525	247.67540342211214	158.90846410354789	236.3844805587058	132.22802528356533
239.68225579982163	154.68347264620732	247.2340495165904	168.29425477563305	264.4733603044634	159.47752126489118
231.97355658577803	138.6921417585128	239.9982315089723	145.59424751886152	257.6127672323933	136.17021438177403
R59	84.43091048635293	404.65416336595456	118.62695833568242	5
84.43091048635293	404.65416336595456	99.00146824198421	413.4314926406475	94.0827271384349	394.5373866866014	84.43091048635293	404.65416336595456
91.31717109774635	397.4361687362839	97.90159237733458	407.4655251874794	97.32227353482364	375.09148929589554
98.86865628723942	412.92132894386305	108.96690360590159	424.832096269974	106.22003915546028	395.6514608964813
89.55791194656955	399.2801772369764	95.56453344643508	407.67871215110495	98.2811028501931	392.8346402179356
94.84876928866404	397.47994480197985	103.70095546780311	402.5415391271752	107.24655705053685	389.7008876119658
R58	474.40817341896036	317.8788713293486	91.3214946416689	5
474.40817341896036	317.8788713293486	485.83783490181185	325.5428441588127	477.0066583490788	296.81119641686007	474.40817341896036	317.8788713293486
484.6101967956898	321.54880492643196	497.0520023423715	334.17855027200204	493.15494322350776	307.0698273360256
481.1482796929703	310.28568702665484	492.82064395888386	320.6093542427274	482.92334883513007	287.7477335787828
475.29853509325807	310.66010700586725	484.73672548123665	318.1528693272309	487.98792898493156	302.99928807134387
485.31195704342434	323.83193539232394	496.7223533305628	334.6559242101848	488.4341242817101	309.9783692084645
R57	362.1603175022214	243.47271306025792	84.97014346544877	5
362.1603175022214	243.47271306025792	373.3297648022354	251.12520949432454	359.92904845028966	224.36963437627924	362.1603175022214	243.47271306025792
360.3088556788516	227.62136565704165	368.16163802758473	234.66300526140907	363.14563548618315	210.82956978932077
367.07729685330605	246.84147123959124	380.3953565127064	255.50064665979585	358.75518698530266	224.37140715808826
361.61370521311494	238.79287511808297	372.4416337730096	253.8832911474736	367.4115130824858	215.21018558737768
368.3076623380307	241.09819032590224	378.414432246492	249.36614959753643	387.41453029982785	243.55151092536988
R56	181.55811088465552	359.052575472854	160.88162927210738	5
181.55811088465552	359.052575472854	190.7718132471576	376.2281853691199	197.52146789804794	348.39009460520765	181.55811088465552	359.052575472854
193.51561541915635	364.9117228457751	201.170263604048	371.41364836844764	218.74428320064933	362.00753191137267
183.16146567174474	362.04144957198173	194.1818418713821	378.048018552976	200.67073048851483	352.3994334023841
194.46206774150997	350.4335742823328	201.77832535876536	359.3588357853077	208.71805539022395	343.9515317870459
186.78733176438897	368.80056323695186	198.3398861780802	380.4705843137954	209.7562904620778	370.1497150767765
R55	183.95248847508066	238.9131755464256	155.48465677471603	5
183.95248847508066	238.9131755464256	191.22313066068176	250.62537274612893	197.17915383300493	232.8960874780394	183.95248847508066	238.9131755464256
194.5924354157373	240.59596832153028	201.93026537392072	249.9748777334833	198.13404390059227	222.97945611929
184.07793302277747	238.85610818509417	198.7092113976799	249.52432775664337	192.471778756364	222.54314152924593
188.8236620625535	246.7600952811713	196.2521544604066	258.7701941331362	207.37523026309137	254.96161760097016
188.82759046641166	246.7664235035611	197.27093084265144	257.5361330468222	186.42007855476558	227.2157357993509
R54	157.5775038634003	79.99637506697738	158.3742582123695	5
157.5775038634003	79.99637506697738	166.40250890301738	86.86042787502966	159.82323697574816	68.07464683288379	157.5775038634003	79.99637506697738
164.57445952703927	85.43857855073907	175.90700197170258	96.48571533590888	166.443730039597	61.10311086742181
162.79921248673807	76.57194333533263	169.9405067213962	86.163232708272	186.07161862907705	82.37311945860439
164.18345416456626	80.52436563320322	174.4740839918454	88.17937574196107	161.6795835945683	61.34564817792893
161.11818439653226	71.77210742987093	169.22271623267306	80.98272993799439	169.14488115037028	60.362606016886595
R53	232.1898715679797	114.2272629533676	163.53213838547356	5
232.1898715679797	114.2272629533676	238.89308579491882	122.10108023103231	238.49172925467653	106.18057118366664	232.1898715679797	114.2272629533676
237.32629106525434	107.66869140997946	244.6380058740685	116.45464692744058	253.3689025020389	106.60820443670744
234.01008493323195	111.90307592258236	241.0918663682616	120.26415776639152	255.3164383161277	113.30168131978333
235.49707777905496	110.00437022515811	246.60324569216507	123.27071427431991	242.300226362993	101.39443137077912
238.78144571920626	121.9699441033083	246.21037588998485	133.22408362810108	258.5890774486451	118.7886212976634
R52	406.45654246015215	497.66538966802705	107.62917147167796	5
406.45654246015215	497.66538966802705	421.7652044602865	507.53573760289345	414.5009154693959	483.74351340156187	406.45654246015215	497.66538966802705
416.23915858604033	489.43666107224055	423.48015664778654	496.7323382251483	430.88833504948104	475.9435691010493
413.4069670569801	485.6367391908246	421.72262994115596	493.74401117643504	414.4102183517131	460.4435661020684
409.3823913329204	492.60181219166566	419.9177160218809	503.45972153663814	422.31855616832286	477.7867770550837
419.2157296508622	499.1856187767379	430.5881401567356	507.7039720043253	436.34545675890536	490.3301285532423
R51	60.41616662331772	206.58718847822615	110.81939228639183	5
60.41616662331772	206.58718847822615	74.58579792154333	219.27598315263884	82.36106911597224	208.17467263056747	60.41616662331772	206.58718847822615
82.11252195181855	208.15669284303658	90.084270098045	215.57572719361585	83.52163029771853	188.26709796864117
68.9495502617692	207.20448952553886	80.66787320845036	215.14363259743203	87.27690724730726	206.48953942576586
65.18800060232583	206.93238075337138	78.9737319826942	216.15137363563667	69.338967041444	190.27800971527148
62.48130685653199	208.4365055028975	71.25423848609299	220.28437021573868	72.158676416478	189.52337129591473
R50	487.40209151139595	249.21773619783062	152.82500125669344	5
487.40209151139595	249.21773619783062	495.62894857569916	256.54799101985435	489.22931468769355	226.3414840295053	487.40209151139595	249.21773619783062
489.66640620150855	228.4045720277453	500.91687397043484	240.90299675539626	494.5060314029286	216.86584297719693
488.99782245608117	229.23969303542663	502.80181946766845	242.15867096088598	509.33812543240344	230.41401386631364
487.68632678112647	249.47099414801085	498.11208291873476	256.9665006037671	498.689668828733	237.5393457215018
489.3707109703088	227.0088796765018	500.1192034077069	241.25355501129096	487.77528333917434	203.17453999700436
R49	149.26275237498965	441.70191143840856	89.63139824935169	5
149.26275237498965	441.70191143840856	160.8112556294251	452.24380986259933	148.70767600971723	423.69944282784496	149.26275237498965	441.70191143840856
149.0167091357927	433.72213429853605	163.47118466995528	444.1726129454448	159.79931288623834	423.55494127762216
153.10298853494058	434.0650881901594	162.57778301291128	443.26975511950883	150.8672355330553	410.61250538119515
148.73537041119235	424.597639228262	157.33228108850318	434.5198013672843	172.59370545433018	429.8681337006012
148.76939792057328	425.7012336304937	162.76912673038802	438.24878574506477	147.2360664696791	409.97549329686984
R48	127.50004140810245	291.1802878330438	100.12697047098891	5
127.50004140810245	291.1802878330438	134.3393990482239	299.75185996158746	130.72978018200567	278.5580053414383	127.50004140810245	291.1802878330438
130.12090569797346	280.9375741788577	137.6800623602772	290.16122000335815	135.86848029828698	262.39626472989664
131.46683568975732	282.88562215008903	147.2124842412806	293.3267478605309	124.52143278661069	262.9148963983895
131.0378865012678	280.3670496699416	138.34141199136727	290.82158007013965	134.74604394571986	256.81493256495077
132.4806675593402	288.8383296379366	146.72243945527947	301.2711094506821	138.181095099679	272.47548637251884
R47	52.817420544965465	446.47789277374716	111.71080972029881	5
52.817420544965465	446.47789277374716	63.00745680034028	455.7579706888552	55.2016562686253	426.84544498578043	52.817420544965465	446.47789277374716
59.41616983961709	442.4559171535193	68.93642534898493	456.8546890194143	76.20016333223319	434.33570932562674
59.193542330360444	441.63130940733845	67.22996951917409	448.78915637844676	83.4001843579376	442.1001288976451
58.26601075062434	451.4399302355215	68.97721468675407	460.81765747893854	52.60198568607515	428.31054704226
53.67840614723764	447.26199336697687	65.14630928560366	463.41735422928133	66.18597177300558	444.13900706791674
R46	432.24129335071365	139.78046589167724	155.12254160843437	5
432.24129335071365	139.78046589167724	440.5986213686351	149.01158346555832	449.7823384779393	130.68477202704213	432.24129335071365	139.78046589167724
449.6114771835317	130.7733700561775	459.62412096155845	144.51036933125607	453.62069227516525	104.52543987309973
434.1073953496822	141.84167575688687	444.6328884537086	156.8919908218641	435.87865723648014	117.66755782038547
433.93035586433757	141.64612613852438	444.3236888908203	148.55524497666676	448.98880182757017	135.37226474284014
441.7187659430083	146.7762491064876	451.0475333446036	152.51200480771095	442.63362597288847	131.0349561168629
R45	222.45468471373482	456.22364277010297	129.15658317054667	5
222.45468471373482	456.22364277010297	233.29028435775433	468.80473488573705	237.20784781775487	455.62841364181617	222.45468471373482	456.22364277010297
236.86690818734135	456.77512897673796	253.19644634532088	466.59648738371345	230.0782103544475	430.55554328651647
228.67215653549525	455.97279349076393	239.35418793980014	470.94584757533704	237.03147003152432	447.41983323423943
227.0711269832197	456.0373884130897	235.74010609716612	465.80406771087746	240.26433399414407	453.0964800912891
233.36537023998537	455.78344172379093	241.46792744723507	463.9583956416134	237.1489836766267	437.29230852525563
R44	210.46674578112118	22.025447871864223	164.79143821505457	5
210.46674578112118	22.025447871864223	222.8142638906345	32.82153502876227	220.54023485113956	13.338369723944853	210.46674578112118	22.025447871864223
212.7417412712284	20.06355924803616	218.37665009030366	28.779831489985607	234.19596834863873	25.94750305046306
220.70711940019862	14.76818403135562	229.60221611662175	20.390365205553273	244.62189067461145	13.150225735819957
222.78931614344748	32.60779058047885	230.75403757772844	43.18827981244112	236.8757046086297	24.481221991948267
218.3938408339983	28.956525707331334	229.15028680393806	41.70978176334849	232.73027433595124	29.287831394964872
R43	383.8681038896665	114.58772629431834	97.27954271872636	5
383.8681038896665	114.58772629431834	390.49957475723403	122.89832816015668	397.6554673547995	103.31011070172738	383.8681038896665	114.58772629431834
393.9683961943004	113.40293290271053	406.460268376281	124.69848895855354	417.96818338442057	110.22627264040177
384.5380523684336	114.03973019415868	393.94336740576927	126.03043677880852	392.9530085468567	95.54388024453138
390.8145301657252	122.0361834385698	403.9521457980234	134.09117248128126	410.66243970888354	120.20253207639897
390.49606811868546	109.1662667871871	403.84274865358793	123.21945959883037	403.28349443643464	99.41791641128569
R42	11.472520074396808	168.58549418691678	162.47375614484298	5
11.472520074396808	168.58549418691678	20.533591367860655	177.47198396694733	13.400695256912194	151.29637844609144	11.472520074396808	168.58549418691678
12.50836212484348	159.29754501000454	20.903030185179	166.23534324534498	16.77011382983168	143.91518462236215
17.841577624879744	167.59309484576238	26.64665540541975	180.19334483192472	23.00078658669033	150.97755427795548
15.519318907228213	159.0710966047797	26.767363954626248	171.53801305664018	30.276545556466516	150.76359508688788
13.274158966259847	152.43097482215785	24.342130237162564	161.38749672043502	35.367924419642975	145.346392498093
R41	490.7443666735371	383.2040420041677	102.12912922465189	5
490.7443666735371	383.2040420041677	502.18686970548447	398.1729995148728	495.01986498225244	370.1111866034742	490.7443666735371	383.2040420041677
501.54949840260554	395.67742501099303	512.4959682540228	409.0298144610267	500.6901120527921	373.5932799239522
495.13695867133197	370.56965723701575	508.5663360221041	382.10309637470334	501.68277542036003	362.68817811890375
494.6711497414459	371.1790570349959	508.1947415605055	384.1681626298479	507.89301993515045	357.8291688250894
496.10443194036804	374.3577186267991	509.55984837298587	388.62010401441614	497.9017194601671	348.30143413155827
R40	92.11343432354275	35.92872338601555	102.98546927641446	5
92.11343432354275	35.92872338601555	103.84009302522149	50.46314690067028	99.88452200153903	27.370501797270553	92.11343432354275	35.92872338601555
100.1074426026055	28.671913476101253	107.73970013659681	36.95081492606954	96.94862789033311	9.389826609699673
100.61350083110676	31.626284160502582	112.73565927903796	39.22814027705533	109.27612069249858	20.054165811561006
102.49771340863856	42.62632741387757	111.81641885638442	52.6288372605045	105.77298510879375	26.049102626476184
93.54515772165409	37.703250534231444	108.60129626659575	50.603972196558445	117.16648915510396	35.32796729686488
R39	385.2942635871151	334.14907260561705	154.39700557784607	5
385.2942635871151	334.14907260561705	395.94663269804295	346.99088706604095	396.8856539640556	318.53613468739934	385.2942635871151	334.14907260561705
386.1417797496382	333.0075169509578	401.5273188509259	343.067650064183	409.9119381045542	329.580648667671
396.5958137468318	327.31903653316226	405.78234425830465	340.8123438227703	405.73366956533255	315.99168308653776
396.6593648351044	325.39327558861424	410.14951778413575	338.4239045815579	396.7360782492656	309.66133253536157
394.98482876981257	321.0964371865835	405.5227760717375	326.8703679669751	408.2749235146845	315.6325389637531
R38	161.93961417956254	221.55870829270108	87.17940417996806	5
161.93961417956254	221.55870829270108	167.64229591413726	230.5046286867366	171.83719709456363	211.7253592102982	161.93961417956254	221.55870829270108
171.7929898696827	211.9232612235131	179.43063622606647	221.10457763814742	168.34837753181074	191.27677343931376
167.9872357613929	228.9604401430349	179.96198741978594	242.3382914564007	167.0955629176525	208.28426076140056
165.72115123575946	227.49088740533327	178.24075549148458	238.0598539875931	163.69617430486554	205.4081571709356
161.99853244485962	221.65113465202367	169.20544000287336	229.79581876258797	162.60458163954394	200.4616977771217
R37	360.24180581706634	187.98674527281622	111.36199501602124	5
360.24180581706634	187.98674527281622	371.1214223379781	199.0358665120239	357.7609864343547	171.1388214669612	360.24180581706634	187.98674527281622
363.70458144811914	183.54925021529485	371.7985049001562	191.69715840720463	374.3101112023187	170.97259002754305
368.495684231863	193.55323594882762	378.6654832668581	208.0173526773164	376.8110268026348	182.99764698716348
366.8711814895668	190.16121891401107	373.7232580912672	198.18965955970089	364.445659820948	166.73370407424846
365.12667182537837	192.9477176250477	375.00962336404365	201.39633165721372	364.4428230022477	168.59843203039705
R36	326.8295117560193	356.1594492365199	112.77092267781123	5
326.8295117560193	356.1594492365199	340.2919606152352	366.653067014506	319.12063407756915	334.6586488673397	326.8295117560193	356.1594492365199
332.93306603930523	360.9170060826614	340.6868553878888	374.3002143327463	353.7644586803943	371.88200920572757
332.0939508936965	354.2641148844257	342.5729204077936	360.6993917660102	324.7249345351713	334.9531228701268
323.7178397678782	347.4806971506724	333.9032885011984	359.72478795551046	328.62807082556367	335.93429542234423
328.95625522298855	357.81718872267044	342.45155490024035	367.18221001816454	339.310469413748	345.66660838346525
R35	360.84318824878403	140.5136046100564	106.62592631637833	5
360.84318824878403	140.5136046100564	373.2652643623056	147.87635245374784	363.05404917128556	121.42202295866124	360.84318824878403	140.5136046100564
368.70111950143234	145.1711164347775	376.69228920455055	152.33256577366103	378.1406461949684	134.2123576358296
366.6780040778833	130.810650598081	380.15339734933406	142.18511185465061	379.67531950877503	118.25287173664756
367.47614381568417	144.4450552670312	378.3331497990081	153.8651730438248	376.7428096294667	134.89928665934866
362.16727851717513	129.07960746644414	374.8281767610084	140.96472448595983	378.87844016947514	120.71035193862932
R34	184.30637879260942	466.92575320246186	153.44632072738784	5
184.30637879260942	466.92575320246186	198.69703895856327	477.42985540609834	182.11878700648694	442.26860455674756	184.30637879260942	466.92575320246186
185.16280294896768	448.72473807748247	190.99307066724094	457.22289515517167	202.57549241271252	450.4038196665999
193.92828713302043	467.3156841616921	203.8550682666084	479.9733518120249	215.44830414818904	464.31498675857745
183.8363876939451	461.628311305192	196.3368818820508	474.18251199250005	184.4533732190088	440.1117856058039
183.60264377696444	458.9936979634409	194.80634384089996	473.0183234217392	189.78447967744677	438.50613574809665
R33	259.47099732349557	435.38977779688634	84.83291304942765	5
259.47099732349557	435.38977779688634	268.59055393907255	446.8371982540141	270.2857282490964	424.10284230313727	259.47099732349557	435.38977779688634
265.3551391567321	429.2487161500732	278.08866218612485	441.59394280891814	266.2688909186132	406.4400178625867
267.2915822608402	445.2066502362269	280.5486618617079	455.9906667574537	278.2505556083565	429.3547867570271
269.2311822276517	438.24559120886386	276.21389374377367	447.92157654386153	281.1560007226865	434.104671736085
268.6102760702698	446.5727004096946	278.4755772601578	457.19796657885104	285.55893551070994	445.6347446909523
R32	245.7507543364768	2.762961534385655	143.56779667571715	5
245.7507543364768	2.762961534385655	254.4007129531398	16.97772045529788	248.727239537592	-17.587047079051818	245.7507543364768	2.762961534385655
254.00477992136493	14.565559121296635	261.03357691364084	27.719677572557313	261.45743164857157	-11.791202056410933
248.2386820178388	-14.246815543073682	256.8768663216314	-4.387605364148616	266.7397896115302	-21.401112087933853
247.08610291185772	-6.366717659302807	259.09287147152634	0.24189868958867677	263.43342733658994	-9.391322067870478
249.37846220718325	8.724492115381842	262.07516479327546	19.572442771752804	246.4352698566455	-15.696184749492796
R31	423.10484296427967	141.6507083544074	153.13932437586885	5
423.10484296427967	141.6507083544074	438.9406844166971	151.87983585354388	416.75763533068704	121.28331974234172	423.10484296427967	141.6507083544074
434.3248522454416	145.51333579095817	446.3610677431344	155.2706846250255	441.11720140600977	127.37034561610486
428.95898587890844	138.1123326151716	439.6122753524095	152.368724375745	437.73820880869266	123.46525035870228
422.6616335091836	129.4265544567616	433.13971461972835	138.1801103599219	434.4060360372661	115.78090908676985
429.173336756339	145.570638780158	438.8544048749619	156.06869097561702	451.16430019517503	143.43852427546614
R30	336.98780710396335	463.2241211980892	129.05572675111105	5
336.98780710396335	463.2241211980892	345.43362236045044	472.9399144550377	347.8221498674174	447.58046127860337	336.98780710396335	463.2241211980892
337.26687494488044	463.5451518345255	344.3973530414391	476.3897762964981	344.81039141291814	449.83519867159936
345.2354709730486	472.71196749490315	354.8047997471633	482.89134180344286	351.86725502004987	463.1739555205316
337.6056288377538	462.33205111083976	345.688646210788	470.33171782030666	338.06102421646193	443.28581747765674
346.79753390185647	458.45900486944674	357.6036317377649	473.1345745418039	360.81641646628105	455.77866285311916
R29	18.00167439026318	374.5845665412195	141.29013191188815	5
18.00167439026318	374.5845665412195	28.52892163098273	389.8362489635558	30.364906447464087	358.2557626447944	18.00167439026318	374.5845665412195
21.618561805872694	379.82464658862705	33.04488383925373	388.84766953615565	40.834001519344135	377.83845541615716
29.2892298148925	376.75830736814464	38.301301616981604	390.67373763348326	49.85174862155148	384.31824162066215
25.9277802938062	364.1161203968418	39.085955852804304	378.5901500559762	40.72877384284535	353.54925271303875
27.343137395464336	362.24678004559223	39.124930831457895	369.95299112532865	40.719277977047234	352.67859666279196
R28	385.1166577659647	346.3014366229788	91.14303453461447	5
385.1166577659647	346.3014366229788	399.9372556161653	356.7125684418396	407.23170220351795	341.11006669446107	385.1166577659647	346.3014366229788
393.0137184698888	344.44765045592885	402.45414354802836	351.21396868375086	386.5371568236143	326.2952060039271
407.07786082297173	341.4391266690661	414.699017845453	348.05496633410803	406.98223861041913	321.5820149533
397.3241106182203	354.8768937065566	412.707286092674	365.9698043601701	388.65719942474465	334.0036689344924
402.14337612755685	342.3045197760195	417.87124444285604	353.8397278691249	425.312222057764	338.0254397879582
R27	21.60086978008602	406.50782116685167	110.51076881646188	5
21.60086978008602	406.50782116685167	34.79305437000141	419.1924735404797	20.470227043500103	382.62311345836696	21.60086978008602	406.50782116685167
32.343098506234625	412.93719194523226	45.528161887629146	427.03029442081663	52.187428877195444	410.2316374860703
25.679832318924795	395.9243930772435	39.10613609538133	403.58147706432453	44.50456485886577	385.5719662214156
24.629974761644917	409.4203898496513	36.03768199189022	418.2943655136729	22.04758786755738	393.5422391536604
25.447720223816326	395.3317593330853	40.303058654421676	406.7963158418669	27.285136051973858	372.7918947657288
R26	147.7731923030142	416.2244282750058	160.15412085877242	5
147.7731923030142	416.2244282750058	156.2929898804197	426.5912265815676	166.43580070528208	411.1355248856514	147.7731923030142	416.2244282750058
159.62063154471707	421.5205378146813	169.3677185996145	428.2382273345831	157.31490347059002	397.6126725053299
148.9512245981122	417.6578453357919	159.3485006660391	430.153481004721	173.63094282258587	416.6424594426813
158.38559777973137	423.4024928058178	167.92039164826366	435.7685199187025	173.58295595810858	415.5304226564703
160.64827676823387	419.9546032529348	171.66021979949704	430.23685620777223	156.18391546824745	399.4677259356978
R25	253.5101179653097	487.39432358377064	99.1110585579385	5
253.5101179653097	487.39432358377064	261.5080748342261	495.3167919607109	250.36508080973115	465.0948920196624	253.5101179653097	487.39432358377064
259.5262449140005	489.94169569685465	271.89659173115217	504.0287269855073	270.35063894560466	473.62969173712526
256.6322199555927	482.09255456587744	266.60623045532094	498.1275821535445	273.9365766414262	490.43450375892047
259.1875124212924	489.0229893349109	268.39546378020356	500.69721700884486	271.58696984078114	486.3155761459544
256.96554538539704	490.81713704890046	269.676575707022	501.7199649092482	262.96315475826555	472.6937973507978
R24	304.03457174059065	230.39980050143492	145.70875745215324	5
304.03457174059065	230.39980050143492	317.51714878726364	243.20948240844274	302.16718823219645	210.08662888406093	304.03457174059065	230.39980050143492
312.0339267670813	237.9999197513268	324.7270836473007	247.6503846171192	308.2773182154829	221.6875462730508
303.10936515874283	220.33551536979638	311.13313035085076	226.3542491416727	316.1655982417698	214.02972212495757
303.3350047654314	222.7899956807435	314.3537109250433	236.14500202367265	316.95668344715483	220.60106667745106
310.7613216576428	228.63144674198583	316.25871471767834	237.36649973151899	333.0040105842272	231.12094763586538
R23	182.81669586449627	181.86428867825705	131.34095731765527	5
182.81669586449627	181.86428867825705	192.33672513186497	193.130438769711	193.28372410655174	171.7160041677133	182.81669586449627	181.86428867825705
183.33063184761872	182.47248848107728	192.6029635676607	192.16421355659628	188.734840469628	163.66758622303945
187.99730601842234	187.99510297727375	201.27950253457152	202.5451466442849	209.35044189055316	193.69167407165276
192.81812947593835	182.24446938765672	203.7715888652519	195.5143693320082	202.48922911184874	167.99903017172682
192.8598015253932	181.30214167491812	201.71487614871208	191.4399877116079	201.55713223758383	161.40943348009884
R22	62.571787980202295	367.1550879430064	129.30138552568488	5
62.571787980202295	367.1550879430064	70.77414977319927	374.57692681288546	67.32853622706563	356.3045081449046	62.571787980202295	367.1550879430064
69.42423268986666	367.41818722022526	85.13005339371648	378.9489091082621	90.40101459279471	359.93530443197767
63.932511318127126	364.05115298680414	74.63013285840988	375.9140682847743	74.45794812984124	350.1694120593554
67.91449780276231	359.41191850625927	82.42452815259621	368.36675017583315	70.0728330146339	339.52225675789305
67.43552647774705	356.87188769216607	81.95867781966807	370.300653351465	68.57284658983792	337.31074584253656
R21	4.0091241444100145	412.4111670218129	132.2783801838816	5
4.0091241444100145	412.4111670218129	14.851691394514267	424.01326867622396	28.846227952285613	415.92007967065047	4.0091241444100145	412.4111670218129
12.83724502896864	421.8577080076752	20.737538749734018	428.5566972206024	8.235034573028692	400.0405146248038
21.232881637462526	420.3229586396245	29.495194716636853	429.6893098047036	25.923645854239716	396.31683755308484
23.31091784937995	415.13806741247544	29.28982652963976	425.1026717507468	38.37556771011674	417.9294585582175
28.82165198009219	415.9166076499046	38.95968530391975	432.2469447769381	51.33816203172193	418.3838750528866
R20	172.06734092520543	174.05548385670184	160.50162369635237	5
172.06734092520543	174.05548385670184	181.94003168695886	183.95303266106148	187.9873225412811	164.23726264260432	172.06734092520543	174.05548385670184
181.35460274469736	183.36612969130928	190.7547784440344	193.790485839863	198.3695082708814	175.14627705109478
182.18542926944139	183.15297154016253	195.39892397993074	196.1480620796196	198.1324634735209	172.99030282238962
176.4161110421395	171.373496650498	185.86757429069218	180.36186671790404	190.5558759684423	169.91779558987457
172.78750899214646	174.77746520524195	181.61029896317274	187.68340111846132	191.94543926561005	167.46887227356115
R19	207.95012323232393	423.56449356719736	149.75205450748086	5
207.95012323232393	423.56449356719736	218.73587273071158	433.16434984239385	213.34949570914014	402.5687196621541	207.95012323232393	423.56449356719736
208.78961693619428	424.3116849332023	219.72777639235014	435.5680795027697	214.30731135475438	407.62930388448245
209.01110492773455	419.4388045376148	219.98885475328785	432.669623900941	207.83370062195178	397.978437850995
215.69466924944288	415.88974454775564	226.0133233782405	428.90774813843336	236.51870566203627	419.51237724038566
217.1393830236083	424.0959893341202	227.3265074504893	436.2108443430173	222.89417545391177	405.9701707297419
R18	146.90267402985575	444.72259050293553	96.5123960630178	5
146.90267402985575	444.72259050293553	156.45552140141768	456.1137136853133	155.01329467675757	426.9853447857146	146.90267402985575	444.72259050293553
148.99714761862336	440.14215278928265	161.78274296441495	451.4543826833249	146.58661557553773	414.71649216109995
148.37572621935658	441.5011491636161	156.28480016159614	447.9871682038786	153.54902171774174	430.51436844262855
156.22214114453558	451.4001786355817	164.23197936412976	458.60353899286724	180.5152487923224	451.0560028675689
149.30998800540394	439.4579971553094	158.01902430278795	452.8163595820673	160.61204178034976	421.19696031616417
R17	465.5223870269203	378.5227056969188	86.67140858248649	5
465.5223870269203	378.5227056969188	473.74001644885936	387.4532229192907	467.6977321737017	354.9939660441854	465.5223870269203	378.5227056969188
465.94484474781154	373.9533628761512	482.00097657805577	383.56435695632626	462.76319530252886	353.58494016439255
467.85351922979385	381.05606601489666	475.89745234288614	387.7796531689911	480.39783439361753	375.50857477922943
466.6644448959841	379.7638382602089	475.63790187646555	386.9547511102344	488.5319466062645	381.29893690612096
469.8973116090239	383.2771594841322	485.07026140992775	394.8893551926545	481.62317861736517	367.5986126628099
R16	64.19021214298792	213.206100754181	135.26341070467433	5
64.19021214298792	213.206100754181	79.999887929717	223.75824907583876	66.22563459704216	200.7221320709598	64.19021214298792	213.206100754181
64.93328442167683	208.6485746062087	76.9307188474647	223.75805415384812	71.24507854593882	186.56917997854586
64.67177691232925	210.2524930215822	75.58341741402003	221.53641133383184	67.60065852851663	195.02390580272564
66.97930450180037	201.9825726690633	77.43453567359077	215.13979431923977	72.7501955583593	186.7754823260797
67.16840883975092	215.1938944129032	79.92901906955844	228.18428305818287	85.73358259987924	214.38994596351247
R15	221.12235222019848	310.1447378249803	154.48957957561666	5
221.12235222019848	310.1447378249803	232.7102699446823	319.628776156652	232.23402723122422	295.10041688759935	221.12235222019848	310.1447378249803
232.37850373020282	302.5415207044956	240.4530631039264	309.1255388771637	242.37707837632826	294.7848492306372
232.52998124048761	310.343203939643	244.99740261856397	321.09382036886694	245.3688183498925	303.6226861078939
232.52591970587991	310.1340190487754	242.86912559735578	318.3321783003845	231.44537641262474	286.97732656335546
224.63992364912724	305.3822269124081	236.95476816874302	315.6709384936581	238.92865117181213	297.4935135997865
R14	198.81756501918497	85.39210157333655	90.71568317103667	5
198.81756501918497	85.39210157333655	206.92970177469013	93.06893855936947	215.11110350425935	83.41249323075851	198.81756501918497	85.39210157333655
214.92595462509217	83.43498817660186	224.41582234925437	91.84465612310862	222.39911660961855	75.36265644450128
205.13181503280748	84.62494212448257	218.34983288710976	97.85577851124643	217.81911983013146	70.33321322319205
214.47928784471245	83.4892566392567	228.42571025310872	96.09872047815803	236.39114166079796	76.84735252457678
202.12542620696212	84.99020792639102	210.4306100062148	93.15818670595634	213.2772977066921	72.61255714027213
R13	490.88878482964117	49.505122954467964	85.48154884153799	5
490.88878482964117	49.505122954467964	502.67480438530475	62.65937688258869	502.8443623566401	46.91195093478336	490.88878482964117	49.505122954467964
498.52594052184975	58.028873045789396	508.25024957067154	65.27770004357596	493.9368538390884	32.19407377180267
502.70154803071756	60.17560350174604	517.6217684015687	71.02037802782124	504.37807933708905	38.975315853734514
500.3323563897621	60.04499502098905	513.3487906401131	68.19737340041658	494.1805949571008	40.05104007610756
491.0336106383476	49.666761534318695	497.36217502068644	59.936425306816176	500.71201690482536	35.87773490819776
R12	254.66689490504834	361.4592342460884	140.0745654535509	5
254.66689490504834	361.4592342460884	263.52393480276356	369.9817279146045	253.90827264380172	341.77950839066665	254.66689490504834	361.4592342460884
254.17672889166818	348.7436401227168	269.144270689275	360.4703782951548	260.5917333737408	340.7369107031517
260.7202861061771	367.2839780409063	273.34488766043654	381.35494158227624	264.56623100575484	344.9670269507543
256.6799001940351	349.90854280536115	265.5806375811237	358.0538670859853	279.7443149989496	351.1963289644971
259.3134068309794	365.9302391107776	268.6366412071755	375.4126288261862	270.44420220215915	362.64710494068817
R11	29.645065845191166	385.8722734627244	107.91982246169444	5
29.645065845191166	385.8722734627244	41.74336804765129	398.6445368452768	44.20963528288528	379.8476101296408	29.645065845191166	385.8722734627244
42.598725934975114	380.5139660094211	51.39189459386462	393.3158299577348	46.857370844784725	358.21994362769334
42.49423586262355	392.921715291503	53.44711645398304	406.5509126582111	62.650956425334066	392.716964433318
36.378538056011884	383.0869591898645	42.81293649667211	391.2476690015787	51.469480985599674	381.0569103083273
35.938702731570814	383.26889795318266	46.667976088935156	397.6899468164476	56.05235264682949	392.9267756874314
R10	321.8859510389811	320.24068848939794	83.19806958802035	5
321.8859510389811	320.24068848939794	330.11742342376	326.5067551657423	329.3220906081517	308.68126348269533	321.8859510389811	320.24068848939794
324.9125647234531	322.5446460639269	335.2922530788482	333.2272074240293	332.14204416648386	302.6425167465715
327.6426124137612	324.6228478797653	334.40934345798155	332.1997886437155	339.8929930064984	308.9159106155609
324.00244324323387	316.95061671428476	335.49614398893164	330.8554404909704	335.114412199381	314.2419024869695
324.6357645043731	322.33393666131883	335.6340333841841	336.23933066924917	326.99712339562603	308.068468232255
R9	472.6670670399213	496.28132128414717	91.53007999513108	5
472.6670670399213	496.28132128414717	482.5782162365281	502.7519038352778	469.9798319051968	480.14506156907504	472.6670670399213	496.28132128414717
469.9926065669013	480.22177062083347	478.86831322651705	490.58679913867064	472.79531326241624	466.7751340030645
470.7103140602379	484.53144727036886	477.4441418812369	493.0024618151146	487.9388019067459	489.2915925485186
476.9017246139124	492.5658714550184	485.3017906082503	501.19232438050943	495.27747280507117	482.8216150673028
470.8505183908195	485.37334363522643	479.5781416618984	500.8488315965125	478.8966023516683	467.8403491891345
R8	452.27308728409025	262.17358360537236	141.41693682063615	5
452.27308728409025	262.17358360537236	460.47583108133705	268.66939725637104	457.120303116203	249.8865372222112	452.27308728409025	262.17358360537236
452.2802290486203	262.1792392216726	461.7348818974124	272.54593611822474	462.89213956008535	244.34807690394632
458.0491314777863	255.0857348723732	474.59206246851437	264.263815759659	459.6367685622645	237.37787741617228
454.5534760677383	256.39310183464175	462.0267382840898	263.8984331531237	468.59745572021507	243.73858709265272
454.89867695405843	255.51806357584923	463.3799734337837	270.5085867731162	472.75877671481874	248.61837106139012
R7	248.659884339196	256.0937876128337	145.8135861511413	5
248.659884339196	256.0937876128337	260.4413977094843	265.0282141074696	270.73337187055824	254.50144570376278	248.659884339196	256.0937876128337
253.12909867110483	259.4829843723868	262.761971495795	270.2145181397442	266.8035236135816	255.26077057252402
269.83543367960146	254.56622135877356	279.15608796980644	259.7721120767502	270.98972124796575	236.7498707332852
262.9389548264031	255.06372100795068	276.82586057613406	269.21441955407187	286.26571470580933	254.55973394319045
256.9412502267851	262.3739022697879	267.9025398996107	275.71959932176475	275.603574688894	262.4202318335595
R6	243.68904624300208	342.41827152698147	140.24143426527542	5
243.68904624300208	342.41827152698147	256.1617033745385	350.6452240227335	242.34673822815523	321.48835684627517	243.68904624300208	342.41827152698147
255.32227209236174	348.8735810153967	262.088818950575	361.6442449683244	270.3911541850367	345.2681319195586
246.1321896774849	329.4776571406687	253.14307550760236	340.5050167935792	262.34073241499505	335.4919827344424
242.8020604870483	328.58796135243256	256.39843092023136	339.2430146308507	238.46523773872934	303.6604408142501
253.42598961767743	348.8407498932583	265.48890708566864	362.7033313001621	258.07362823504405	330.01041303284427
R5	372.2716848310099	375.25898698044585	160.60428287188066	5
372.2716848310099	375.25898698044585	378.5541587149583	383.84272452743534	389.6787434708663	370.82199467111315	372.2716848310099	375.25898698044585
387.83217054612095	372.9833092496496	397.5756552992606	381.5108990482187	410.8309696748228	374.4712111865713
376.7308141397276	381.3514907267671	385.55898831243036	392.5769252903566	381.855940865777	356.07140571830905
380.14332682840376	381.98268847616015	394.0763698740158	395.2663506466928	405.91304730850925	379.90564401029576
383.1614301573482	372.483232772729	395.5611963783997	379.3296466502082	408.1839129150357	366.9943358536722
R4	367.0501555949327	368.24105615393984	129.42747291502613	5
367.0501555949327	368.24105615393984	378.9424386886639	382.7943541079218	387.6152051841116	375.14081745543587	367.0501555949327	368.24105615393984
369.61509104703407	371.3799210441341	381.6658332353698	383.5433237662122	397.5200624680753	371.56944340399144
374.7064268028413	377.6104930591142	383.0208863128825	384.23786428371477	394.49899474026085	374.89820508399004
381.9631134272155	380.12867126740286	391.04620072033435	388.42394423273015	393.59001959243324	375.75718846799106
372.9174638862812	375.4212321621006	385.8701657468079	386.8000936179375	369.93736778158484	358.8320844989199
R3	55.06403951731925	330.544802781204	90.22621686644591	5
55.06403951731925	330.544802781204	62.65389184585589	341.4152879411669	56.04125125622217	308.5490083503077	55.06403951731925	330.544802781204
57.16652091800912	333.55605937434825	63.34552032813599	341.58753126191107	61.883537008262465	316.79706705603274
58.77690393615917	322.1458044597532	68.64287074702526	332.0779102673119	60.521295581795655	302.0089990067089
61.79933564420995	337.16795547712417	76.04205273557164	348.59738424036516	72.17651931818098	332.51769417924703
56.17969194164993	309.2370890364336	68.79419492549324	324.70401371696056	70.59003731222973	305.230221587887
R2	448.9598926596361	106.84894658356431	158.1455935132261	5
448.9598926596361	106.84894658356431	459.8522290366262	121.56323264554638	458.807933800138	101.04804705583062	448.9598926596361	106.84894658356431
459.1090332562438	106.96314750553208	468.27746120395045	115.58709494287517	465.6460728389301	91.62167224426388
451.2217013297344	109.90438837653015	465.6662800462594	121.32800600140003	462.6857326227752	97.44138769056069
459.43837075351394	121.00415799378486	471.40335133825243	133.13353333913767	462.9382557290005	97.0226642922398
458.0082508182818	119.07223144454584	468.2475385666607	135.61677875331213	473.21235858976024	107.15770799498426
R1	468.50578469932964	299.8550011054	86.87233767706924	5
468.50578469932964	299.8550011054	477.7144375631181	309.98514971246783	488.48537970780967	303.75693534575646	468.50578469932964	299.8550011054
473.03630345689913	300.73979312742216	480.09879908382794	309.2431604338095	472.9516556946487	274.87766420259896
485.95339435646684	303.2624488291733	500.9411322292489	314.92907106337685	484.64639503691546	282.39410567554467
481.2616369855648	307.9340089573054	487.2071892606984	318.4349200532736	487.8752196879579	298.1546108043017
469.9198542870404	301.41057446408036	475.8330762430517	311.49599361354984	482.2860446263304	284.9178388810269
