R100	359.709748940722	379.36100798595766	48.50239948296473	5
359.709748940722	379.36100798595766	369.11951490195526	388.36671623836975	379.9653636469605	376.2685202835907	359.709748940722	379.36100798595766
366.27648865674917	378.3584434076433	373.95624085050827	387.66122708422597	377.56385103920053	364.83677154596705
374.1225353857696	377.160563048366	386.73710753831483	389.1635577787141	378.2561940358193	363.21300351541333
377.2883155463215	379.25468146501186	387.89531323251197	390.15110789676635	386.0882057210982	365.9932867565637
361.5553172428751	381.1273271226466	368.8064550996512	388.4739876665802	379.7085648598178	378.18235641627234
R99	486.86006510578704	17.45876194737528	48.50239948296473	5
486.86006510578704	17.45876194737528	501.54785312503503	28.51173363067779	486.02648363618886	-0.7346213391114258	486.86006510578704	17.45876194737528
496.9155734823785	25.02581351443397	506.5513806999523	32.942228481402054	510.82358959174485	13.122248119440378
486.74114790406577	14.863327296800103	494.33500763952105	26.150436295224857	495.1142479927917	8.465901307919548
486.7511314887042	15.081224633203274	499.55508258254537	28.631537255305584	492.42107816439636	-7.506785593827647
497.68123091726807	25.601992169508158	512.1207240057834	34.686589088837664	491.3463072266914	0.8384094506095465
R98	185.38486234186635	467.1324167492204	48.50239948296473	5
185.38486234186635	467.1324167492204	195.16315565139698	480.39122472780497	210.4156189649769	470.6001962881108	185.38486234186635	467.1324167492204
194.80819657782556	479.90992047073667	200.65350221325548	489.60060088458937	202.65292785166764	459.7889546343634
209.3050333157439	471.3131156017193	218.8886517702346	481.4811001414965	216.5310327850703	460.69446866665663
204.7849304275129	474.2147095947112	212.49810936580644	481.6825504761475	218.61992062578622	466.7772175927281
200.93318341727934	476.6872652563352	213.60742052255833	486.89076495924877	200.29185430474053	462.38763818000257
R97	295.2280801934576	102.98733680662563	48.50239948296473	5
295.2280801934576	102.98733680662563	309.25338199802735	116.9394643489734	300.165812584915	89.99860260037454	295.2280801934576	102.98733680662563
304.13390846639084	111.84670066671218	316.2459939367287	120.51986696153853	307.83481014377196	101.13247261743012
303.602736779108	100.18765264741631	313.83491453710366	113.30715609254926	323.64282164868155	97.01495216420008
297.34879325550924	97.40878857700329	312.1786408006347	109.06142264156149	321.06674192193583	95.1834807609739
303.1957114903011	98.98099203934358	312.40095169931845	111.60854641474283	321.11446938840254	94.08459322080641
R96	392.6856595982762	397.1790133627279	48.50239948296473	5
392.6856595982762	397.1790133627279	401.30813321307437	404.8598216393393	402.58147413762777	381.63339699242704	392.6856595982762	397.1790133627279
401.87815559504514	394.4623062162476	407.38143886151323	403.24623384851907	416.4883693923762	383.7652643527205
402.3783772903608	385.3379929322192	412.6452962370098	392.0613999866959	409.93757176572	366.4009829309809
402.15929859152516	389.3341064569872	408.5463536374352	400.4710695529663	420.0304717690723	400.08076294968123
393.0374869556	397.4924174505564	406.75644904560767	407.0342021650589	398.4900917861063	387.55662306680915
R95	398.4639653599332	283.37429663455265	48.50239948296473	5
398.4639653599332	283.37429663455265	411.28257497189156	297.2431207017745	400.7650060268138	260.7052223982767	398.4639653599332	283.37429663455265
400.09736494532376	267.28259647832795	414.85385051019466	277.9978772192712	420.98350896696485	265.5658674649951
402.2926783223975	287.5166917996861	414.2840270203754	298.2772844966594	429.53645244570623	286.82640594388914
407.8007012101597	285.1471363468237	420.4099071432877	300.61578094932753	422.5739695866363	276.2284949627877
408.32974709925526	286.98503491393535	421.03837048372657	300.3976962453186	422.34707860817264	285.7088490952291
R94	247.5617273334722	395.47429060047824	48.50239948296473	5
247.5617273334722	395.47429060047824	262.96786119858143	407.50009720055397	242.28521047218982	374.3548961040317	247.5617273334722	395.47429060047824
250.56567685583605	387.624845255604	259.9406546859002	395.92918000943615	243.3051178038859	367.2252120698119
254.49549539926647	393.92261760683533	266.4739802982944	409.8186064759439	258.9696389906222	369.1720336671601
259.3304934034542	401.6709948951292	266.87909567878	410.37502094718843	264.7562391323224	389.80902584447216
258.42566195192467	403.95452177211945	269.167398723645	417.5727515509181	255.2193361315429	381.8815901516213
R93	360.3540313231392	87.68144878052364	48.50239948296473	5
360.3540313231392	87.68144878052364	370.2219503121551	93.73249225880811	377.8956799941636	80.42813710261449	360.3540313231392	87.68144878052364
369.1646259386722	84.03834829363896	383.1151445861191	96.58775001598724	367.7978533489583	66.99429955339926
372.95583841576456	88.99260438225298	387.60761838004123	102.39636592229796	390.390447974976	78.12131979857547
365.0793184413219	90.57901186665434	373.8838201321393	99.63344732218297	376.46946706195223	80.23615245115703
369.1032293212445	84.06373523477112	384.4779467685884	95.28771844319905	364.94875142992674	64.84738102510316
R92	16.809928373384242	330.7141407846249	48.50239948296473	5
16.809928373384242	330.7141407846249	26.967110997030176	339.378527027176	37.389590238069424	322.0987812080647	16.809928373384242	330.7141407846249
21.79180839088638	334.96383622528754	36.05981442831205	348.16981530086	29.9907455863148	323.7841416189745
26.427021155233113	338.9178139369029	33.508815937410844	346.14373192817123	38.202777324406526	324.3525287925453
23.59602753478606	327.8732445258775	36.07035285037527	340.7854357056737	47.853291663333486	324.43371494151165
27.192196581227023	339.00535078066906	40.51227250982291	347.5712180609369	30.521993637720023	318.55309317821644
R91	170.46162045560297	127.92040817045041	48.50239948296473	5
170.46162045560297	127.92040817045041	180.03676780959373	133.2229500089966	182.6964360498476	119.75247331151802	170.46162045560297	127.92040817045041
176.71437841211443	123.7460812846834	185.38205226747286	133.17404833113005	194.51265851874322	124.92076769413478
173.85365305764506	129.7988539139036	187.32278991725957	142.0715484550139	194.74510598098294	128.64745632677617
176.91621009726111	123.61133891410594	188.482834844843	136.64932860062132	183.87160969628664	105.97890415324403
171.60213304266722	128.55200322447078	182.8597877220981	140.0925008987406	192.0974859894643	124.62420945103075
R90	1.8409659775753262	484.42026755160236	48.50239948296473	5
1.8409659775753262	484.42026755160236	10.547474227147122	491.6067875821618	26.614899257522765	483.85966035931443	1.8409659775753262	484.42026755160236
10.565284183398754	484.22284570991394	22.247315149483327	495.76833407343383	35.69032278300411	481.31688664571294
10.465475448024693	491.5391042064901	24.59960222062588	504.2204675987529	15.26326720490868	476.532001433703
24.472389535764336	484.89270052345216	35.07045866795682	495.000238392974	48.1517811758459	480.9947713625525
7.583713416259931	484.2903154167823	22.554722539642327	495.8122524559386	19.367799463451718	468.721996685648
R89	345.453431836568	376.8342552496791	48.50239948296473	5
345.453431836568	376.8342552496791	356.18512793939937	386.6265474737449	371.4002690295661	375.8264545823814	345.453431836568	376.8342552496791
346.3273068745859	376.80031308401556	358.2971697699713	387.06585234247524	359.87331262348266	367.51239951292195
346.74946818190074	376.7839159237738	355.40758198860016	383.47097269406214	359.73160723826265	367.1938912299355
351.0828796307462	381.97092678160703	362.8431728694391	389.836452812206	368.0180397475369	371.80167296625666
357.5382961824883	385.66603434827357	369.189552721281	393.6270744358032	376.90927783083674	382.4214170444388
R88	196.0618689589545	241.7873233028991	48.50239948296473	5
196.0618689589545	241.7873233028991	205.53114408340312	258.25774330043436	214.37774429209094	243.4068054230354	196.0618689589545	241.7873233028991
205.2318861142812	257.73722780434093	213.70385276159718	270.2599042596965	221.1048245344316	254.344428799215
210.2193663303422	250.38754506582245	222.62389473702913	261.28490567476877	216.5266233563794	242.2903747572784
201.26745192987858	250.84167400412332	212.960008212606	266.94426623759705	203.65736951055334	232.82941519505297
197.2531161370177	243.85932364988682	209.3196993545039	253.70520313212361	209.15629042284334	237.09906811215473
R87	141.509890088766	94.13064960176776	48.50239948296473	5
141.509890088766	94.13064960176776	155.412288785273	106.14125744483405	134.75149310142595	73.21120486372332	141.509890088766	94.13064960176776
148.96299394650728	95.86209775508019	160.42853008798386	102.01094992270724	170.6741450529391	91.04745463840365
143.0518679446831	95.46280038627701	150.57540005645222	103.08932142420653	146.8404081700526	79.17111543547865
142.8977120369269	95.32962148706902	157.56306663842872	105.40045314919959	150.77830341065393	83.63676339708107
138.78255815760863	79.63608734594808	153.2128326617969	87.93328979314244	152.33268714894078	67.63970799907976
R86	135.3603182434195	133.5223229191998	48.50239948296473	5
135.3603182434195	133.5223229191998	142.6611638374769	141.72084902281395	146.27049746414275	119.01463878946855	135.3603182434195	133.5223229191998
143.9466041819635	133.63418214095543	156.7178852847922	144.77898621108477	147.47033114244715	117.42691972340074
142.9874046421427	139.6684778475063	154.109588195992	154.57280199553674	147.21701689541345	123.5043043322401
143.46968874353382	122.73898166270119	152.03713214201053	133.4406640427769	159.4390418311994	115.98741434024971
144.91502926935328	127.54184878970715	155.29935530481666	138.08262974587245	159.5978431856708	127.14397985190823
R85	400.6833817824188	83.0487484066943	48.50239948296473	5
400.6833817824188	83.0487484066943	408.4521901891194	90.56951302354088	402.98097158112586	62.56587740407618	400.6833817824188	83.0487484066943
407.3311485608523	84.83162471719953	418.81830776124025	97.6623448075096	418.0989102304625	68.04807180961181
401.74967123519275	73.54284386058619	411.52127980743666	81.02260815748396	408.4707961912006	55.94482076553625
406.5780106093863	80.97679779925645	417.18768280722765	95.21653672789701	428.2220883586602	87.01903124374499
403.629018074924	65.88280900141346	413.55621868973697	75.30907365815625	402.7551908762835	45.3610287707393
R84	431.01684675762436	32.149226570129805	48.50239948296473	5
431.01684675762436	32.149226570129805	442.8128063330579	43.34399014479068	449.0148921629108	26.042613256089528	431.01684675762436	32.149226570129805
443.7325679580787	40.77821744205672	456.0516358840713	52.32848221475551	454.7984735488624	27.59139715416015
431.2792591942729	32.39826482501237	440.019400674805	43.67701076765763	453.7510148033082	35.56316090148876
433.17646580706213	34.198777902955634	441.703508114343	42.687533953782385	458.5326977810208	35.89521871929527
447.35267721509604	30.679538327934	454.8799445648241	43.269211128528546	464.8447478737278	28.130777483597953
R83	111.46591147312563	424.3921024298215	48.50239948296473	5
111.46591147312563	424.3921024298215	123.86686820754151	433.86301275137464	131.64931983340318	419.16558539337484	111.46591147312563	424.3921024298215
124.71332521104847	432.26444960973276	134.7268263206917	439.6681531184442	120.36119105786217	414.3961761018402
125.96192707416223	420.63834235387105	136.02952968488157	430.5443433362991	123.07356491380081	398.45855985723756
123.3396691877654	421.3173790791143	132.85500095403575	427.6733462613343	135.87897413967954	408.9416315908387
127.55120774396418	420.22679627859253	142.6401169308464	431.53703338152206	128.13646042982236	398.9276496846503
R82	45.913464380849476	467.65339163711536	48.50239948296473	5
45.913464380849476	467.65339163711536	57.07073774670073	475.9664606973818	65.42702960192409	461.96911802262724	45.913464380849476	467.65339163711536
55.467808336800836	464.87022492015353	62.32437173605475	475.4651068709907	77.58997759797928	471.70425792406746
65.04408334834537	462.0806697180926	75.23964559642513	473.5813679411442	66.9672337656627	438.43707475072057
64.6676843445583	462.1903142090663	78.27721019284243	471.286535330247	59.96953370941314	443.1249018804583
49.744264642114665	466.5374850049451	60.87582782319842	478.2393953183619	64.51751883350491	457.58223036854355
R81	6.375668611440732	225.55025837582272	48.50239948296473	5
6.375668611440732	225.55025837582272	14.958614481814022	230.93677561647007	1.0115069875264293	207.53680141404175	6.375668611440732	225.55025837582272
7.040361889782855	225.96740906715948	15.611652184427044	231.54756759857065	16.487940950828605	219.51934876289846
7.1482410032136485	217.83280133467477	16.452269832664683	228.84385112723658	24.18898890369247	208.99781536529042
12.01145837068409	225.9921391031848	21.67123319809386	232.282108549624	33.89221912983259	219.86913383708782
3.7495596856276245	212.1306114586477	10.834993614402354	222.8259114897037	24.318206020760176	207.4217664350828
R80	264.6567782530518	209.8297187046795	48.50239948296473	5
264.6567782530518	209.8297187046795	272.6474366261912	217.47656660608	262.7269347777935	189.75091762067268	264.6567782530518	209.8297187046795
269.4083947778857	208.42414781643288	277.5201029877628	216.35484856457407	292.1139164561197	212.44873467023
266.9969188177363	201.68459602464043	278.77245729149087	210.18312878626972	280.04802626802785	186.55064270167105
270.9170459678447	215.82062869001797	279.12343406387964	228.40477686486082	282.0273523709899	205.46339620758556
271.6469512287724	216.51912864485377	283.4945665181708	225.75429229664417	290.3986999224794	210.4102955117488
R79	328.4180534614064	29.06645536445612	48.50239948296473	5
328.4180534614064	29.06645536445612	341.0999365970779	43.088622593101476	328.0429890215772	8.584356515937388	328.4180534614064	29.06645536445612
328.20535915295955	17.451315704428865	343.41281820972586	28.014883670870034	323.1493936523902	-0.13455495347176694
328.7131978771043	10.35544922689899	336.76681569017256	16.88040469398012	326.637448611875	-11.453273768081955
334.6482783264947	26.039482101426987	347.41272944249135	38.624796248732025	347.15955531841956	12.981610354680198
328.1101233178013	12.25052996606222	340.3959048667926	25.287195259404484	330.0339085529261	-14.305880231509029
R78	18.631639738605156	474.62349498415983	48.50239948296473	5
18.631639738605156	474.62349498415983	31.717160254246984	487.18733384290795	32.088689132739454	473.4065681554655	18.631639738605156	474.62349498415983
27.068484256315646	473.86054746554555	35.851604093815325	481.269812187213	19.208831206620637	453.10119098290795
27.92459972368718	473.78312857153753	38.283438099659165	487.4395191852881	32.47749733507479	456.57010805439364
31.6709477265584	487.1429636743357	39.37289113789133	493.84389001519907	34.64104847716981	466.6794155171164
31.833373912237192	482.8767316713029	45.271705753774114	494.74973827469347	39.36660138652731	469.3695516716505
R77	53.605135746608354	476.4290254943881	48.50239948296473	5
53.605135746608354	476.4290254943881	67.16757194435576	487.5406038576656	55.29295461976004	461.02887625499164	53.605135746608354	476.4290254943881
56.7662203239729	464.3181459610184	69.67573268743446	472.9709693374952	75.05561321243229	460.2829365218713
57.84079099158522	466.71727378558865	71.06099413860738	477.81971764005897	55.74672539456321	443.42418518845693
55.22507367649184	461.64824168185714	61.99113869980486	470.22564163842986	64.76544373983484	441.69955575792477
59.38629271479553	481.16547385409274	73.18007848632972	495.5088670663575	70.52202469685638	475.6714030197646
R76	221.42587314143552	253.89749190696241	48.50239948296473	5
221.42587314143552	253.89749190696241	235.27645026432953	262.2945478246352	226.23705254157755	243.1117190122203	221.42587314143552	253.89749190696241
226.56370635355623	243.80492273533318	237.41385266066555	251.17992370681432	242.36253737576416	242.39415712462394
224.1281407015539	247.83950865998457	231.44916045852554	255.35069814463924	238.3216907805305	245.77441414473344
230.54804222203938	252.2602242101097	236.76910594720223	261.90291327063903	237.28353354594282	226.13235698392126
224.67657663682928	246.61001689648447	239.7095545981032	256.7144256691453	238.53123117195378	242.3815453109344
R75	161.55211468356285	206.34940196527901	48.50239948296473	5
161.55211468356285	206.34940196527901	171.94603983808886	218.11403852713167	183.1244821229006	208.37415371406502	161.55211468356285	206.34940196527901
173.16747195580743	217.04979291665666	179.13715024556	226.37152212359376	191.6883859082582	217.60197838624373
181.75645382282994	209.56612999521536	197.71399667637706	219.78576575641733	182.42249044442607	194.10828438324802
173.92353569577273	216.3910272719475	181.9335695718005	229.12376401581182	194.5711987433421	220.1803892470358
173.74220140527893	216.54902559202367	182.7131287880047	226.40723016620592	190.7348725870458	208.3158953950953
R74	97.83511944878586	270.64776679337245	48.50239948296473	5
97.83511944878586	270.64776679337245	111.84702715815213	284.2363315413254	121.53330177499059	265.95851803961796	97.83511944878586	270.64776679337245
112.11293765125522	283.7345635661912	120.92626668643149	289.74181166973057	127.3512521937941	275.25456236447474
116.05504617476002	276.2958807653901	126.2032328936088	286.5367427417469	140.39223278151604	274.36162675366273
105.8752681071677	278.4449977553319	118.66842188859518	286.99762424214003	108.68228078863663	263.29143340890977
117.69743000000385	273.1967341436494	132.45171597831984	284.27491195692113	115.54391532409703	247.66305922961848
R73	452.1692560506991	457.1552060155657	48.50239948296473	5
452.1692560506991	457.1552060155657	463.4393081287858	466.52764124275853	462.7888094640933	441.7535256918892	452.1692560506991	457.1552060155657
463.0328040715691	451.0460130212094	471.9893831400885	459.51552311235446	464.1826256686551	425.600973109859
463.3677537351406	463.8025060310241	471.4834161543513	476.5437190387283	477.08632005876734	456.14594754402486
459.2885817071999	463.075801423158	468.74525623139726	471.0432355158342	467.7975452477062	447.8520849491758
462.32952260248874	465.6047180043185	468.9404373553954	473.24155380014616	468.7292650456702	452.0813897999378
R72	411.02263995997606	1.3816102095541294	48.50239948296473	5
411.02263995997606	1.3816102095541294	420.04315821847126	10.694292944862212	418.05202242556317	-7.403253409622789	411.02263995997606	1.3816102095541294
419.0947626297037	2.074271552427987	431.01518229313837	17.42506721840289	420.8686611000536	-15.245560036271355
418.6259716629869	-2.186596179918421	429.3699373687536	9.50915189434095	425.0044732672466	-21.286720770295
413.65723707670196	-1.9109373897861697	422.67164773222004	10.525392131510422	436.7854118222029	-0.8786383637815618
411.20672832834714	1.5716609938630917	425.54606785342105	12.14198312127228	418.47670383735476	-17.170481570645375
R71	138.73179397155732	325.328230294207	48.50239948296473	5
138.73179397155732	325.328230294207	148.631898681442	331.5766544849409	143.42430371839612	308.1557409050345	138.73179397155732	325.328230294207
142.0435601713675	313.2086454677775	153.92692586607419	325.34870755513487	151.5518502185742	302.3023855747014
147.06269386878026	324.5192295954621	156.18537989360883	338.31622474409164	156.23468963396996	307.06550319596806
142.23131370442704	312.5215514118905	153.23220546860696	324.7623659915713	163.57065309780248	308.78164684426645
144.94261364893777	314.98426845432965	156.15990115721436	324.06646889798	159.7711052045608	309.56002638041485
R70	103.56326331617377	434.2639864565654	48.50239948296473	5
103.56326331617377	434.2639864565654	117.22515739150306	445.76903195410245	108.65753314810624	416.8498990027948	103.56326331617377	434.2639864565654
112.61901321322874	430.22146682984175	120.98403238216395	437.33977869625386	109.35756375332559	414.0613499515491
111.78000796764303	441.1835263487322	119.86835075967693	448.4050866727125	120.83243788121885	426.0919043105537
116.1717055895185	442.21321392871863	126.72051202955542	452.04699447896627	134.24178130492777	433.16979408590163
103.71071263451718	433.7599504692026	112.8887753315753	447.03045852136535	114.56219968922186	422.34907809428813
R69	129.67174368010976	327.8438399886522	48.50239948296473	5
129.67174368010976	327.8438399886522	143.18784765563237	342.44208670179677	139.1587527700468	315.7548341584459	129.67174368010976	327.8438399886522
135.9550297547263	319.83724051469744	144.1353853311104	331.883967331588	155.23849271140188	322.08784401190434
141.3589453611263	330.3281060692697	151.66025038074235	341.140119235299	147.82345817926603	312.33018501296755
134.70751796233776	321.426906676969	141.35149849092667	329.77863679597147	134.45779120237762	303.59126441698135
141.98632053169084	334.4836099955195	151.64733204424545	349.62343847049533	163.3528095903713	343.36041080296377
R68	226.17314635110887	494.26705247646817	48.50239948296473	5
226.17314635110887	494.26705247646817	237.4174535994483	509.15795327959046	238.70199080931067	487.36431432697185	226.17314635110887	494.26705247646817
229.8661722527326	492.232388317035	243.88368132603281	502.5138560959083	249.85591890711115	483.32213047881993
237.4328140146315	508.89734631539	242.80578692358264	517.4412447828374	258.61361794739213	505.9191443704331
238.24612957980855	495.0985200564659	253.40953005858862	507.9714809740718	231.98090432308956	475.13614557452365
234.9533132256364	505.89467800073146	246.52010166584057	514.2133476777242	249.64999915369253	494.9400906788746
R67	190.26969250708476	6.951353110528413	48.50239948296473	5
190.26969250708476	6.951353110528413	198.5685361476982	13.326740771481152	196.12827830260755	-4.572648726597486	190.26969250708476	6.951353110528413
192.66840284602688	8.7941048190015	200.65685812506862	15.544840625845776	194.50028192946192	-7.913011696907068
192.1856311307402	3.1826483429547983	206.23950105484644	14.446885273324387	198.46918140542692	-5.05203445043794
190.71076693364932	6.083747398255019	204.9495456645255	17.312867872572163	189.2881993099473	-13.740416275406478
196.4049193592466	11.664594046771334	204.31894978295009	19.433153438607793	212.8157345514129	12.540497544609675
R66	275.98330575119576	136.89483904688328	48.50239948296473	5
275.98330575119576	136.89483904688328	287.7616071966755	148.53297057963408	289.3493800413848	133.4605623358607	275.98330575119576	136.89483904688328
277.4608285939226	138.35477834847913	286.04020621316005	150.165131249357	284.51104387934913	121.15546175399889
283.79119526053756	144.60980928461467	295.72980519806885	159.37837839427047	293.2923788865997	125.99747984636889
276.2038688604968	136.83816760146573	291.10142697951653	148.05093600938798	292.29041946929954	126.5201565285192
280.11589909999964	135.8330112591729	287.6005128061393	145.67687926133448	301.34710333655397	143.08463347216787
R65	346.4388557174805	70.43841155491381	48.50239948296473	5
346.4388557174805	70.43841155491381	354.0284542085806	77.83641081981514	365.8977503324464	70.24257827731294	346.4388557174805	70.43841155491381
362.64564201847696	70.27530732193955	372.9983049912787	81.37639330226172	367.82943280236896	59.38552443498611
363.9000796711723	70.26268272830593	378.0079344387283	79.1552831405499	363.37737636399703	49.38060189346386
358.35014766904965	70.31853694797994	365.5174182404433	78.05945272536873	375.7586819411018	71.43453346917045
362.5711686433276	72.37088513076893	372.6580671717786	79.75795030044628	355.7481433422642	48.19491606839605
R64	58.25943380333642	410.5113125188851	48.50239948296473	5
58.25943380333642	410.5113125188851	70.21050733093132	422.6605427746309	59.82635122802395	389.13571371873894	58.25943380333642	410.5113125188851
63.27831848924726	415.61341364271937	74.22786972211533	428.2758506997549	79.59828310192486	410.57883678542635
63.944722970706565	402.4317107447654	76.6519413249039	415.79859979349493	87.7617189220339	402.60909714256354
64.00051776573503	402.61184198961575	75.80736761963814	416.7197075486586	81.47385837719776	399.01186435132394
59.43332621992903	394.4972884635834	66.71514293562223	403.61341934032396	64.34937117465238	370.6437102247204
R63	24.83792665838347	457.2524079020042	48.50239948296473	5
24.83792665838347	457.2524079020042	35.5658289259671	464.44970770740133	49.73489268220009	454.69305534590796	24.83792665838347	457.2524079020042
42.59259466808406	459.6111586154525	54.235793165769735	473.8683047246968	48.75802081057226	435.57891412711905
37.29672541595745	463.2578325336351	47.56213359310743	474.40614284141645	46.873704540736696	445.90505865601926
35.173564564240934	464.1865393689978	45.48950250793729	472.1780273869531	45.430487640638745	451.64170266738324
36.07327562762991	456.0974390967463	42.1662237941519	464.18006544678786	40.999020369718906	443.2611037592107
R62	111.44421408733845	7.722653701874693	48.50239948296473	5
111.44421408733845	7.722653701874693	123.47007071908921	22.16918208990092	119.54487283515	1.4384867663760508	111.44421408733845	7.722653701874693
117.46412945410691	3.052644227328374	130.04923881499533	13.198403179568366	124.61865149793486	-7.447696740680759
121.62234482328319	12.410529476723509	132.83688050256148	23.378299057510162	141.40185436949147	16.08781513735817
122.56702456798018	17.399798437086062	133.01157718041844	29.78306712364033	147.19355440129175	21.759469521128572
112.64834436463089	9.169162068510243	122.59712214108505	19.149732246717484	118.86496278497226	-7.71172687914464
R61	483.9068877964382	72.54843536345562	48.50239948296473	5
483.9068877964382	72.54843536345562	491.803097301206	81.37916409470071	497.30384661656046	70.78648890866575	483.9068877964382	72.54843536345562
493.97498797082415	77.19680073219891	505.83618139568665	84.4117585104571	492.74240109115044	59.49851110648777
484.66504855361495	72.44872328131785	492.55636883844755	84.06107741686347	488.1399025011101	56.6741251863776
495.10648707074637	71.07548209836119	506.505032586284	83.25047936823273	520.5117560308278	73.5437911397625
488.8721534832701	71.89541161444902	501.51374070926295	86.605782681753	508.3627127671055	78.12491098815923
R60	246.1809231183324	60.93939011051569	48.50239948296473	5
246.1809231183324	60.93939011051569	258.09765460147634	75.30370935889495	264.9102102528204	54.80270568778915	246.1809231183324	60.93939011051569
253.97363497948447	70.33265378709963	264.1160368083001	82.60037146857418	269.61302053504556	60.61643334828138
254.5920149528854	71.0780433569913	267.925233205007	82.9445269911189	264.4593991683869	61.69897743146235
264.8438914933006	55.00227853562487	275.6242572783385	64.98775365550887	284.3351273645103	48.26326833516052
264.19378551993117	55.03744353268458	276.5188948561417	67.61690474656368	261.8366444315982	31.390647960927758
R59	69.81535407733847	23.675501767601247	48.50239948296473	5
69.81535407733847	23.675501767601247	81.58745847682711	35.3818334792067	69.08633167700594	4.7482486496313125	69.81535407733847	23.675501767601247
73.04385441615764	26.885963942816886	81.24505771508792	37.18810345297387	91.71019529179435	26.86026105023116
69.75641062795728	22.145181731378415	80.49631474396166	33.397589064324364	66.58345086750523	-1.7419012454395375
71.18090439150131	9.88092764398612	83.37009083811388	20.364261325819008	80.0166088020286	-2.080973565474764
72.2792107454236	12.572289902804338	87.41137174171301	23.977170149974558	74.7847530360022	-7.806271436559617
R58	81.38365245038676	301.89222982205894	48.50239948296473	5
81.38365245038676	301.89222982205894	93.50578620844041	310.86025437972245	89.48776636159329	286.6643303704255	81.38365245038676	301.89222982205894
90.85425977508147	294.8931525396115	99.79351594330329	309.7418314841272	111.30616023825553	292.728543213728
81.72680921754694	301.24742684869045	94.30133792828107	316.63335771208153	92.48047333969042	293.9889275813631
92.61119466901722	305.4731558256354	107.125211715976	315.13433370637756	118.3106306595776	300.8213571281318
88.29243197433178	288.910403421685	99.67487155309905	300.1141410601862	87.71142675928598	262.6461174806719
R57	368.9044999164488	371.1176075531481	48.50239948296473	5
368.9044999164488	371.1176075531481	374.869215691808	380.1151676045699	386.0492227768725	366.92632222199944	368.9044999164488	371.1176075531481
380.2496171603845	368.3441230313053	389.710162403076	376.9625158833096	379.74517687987935	345.58915885989995
385.98558604969895	366.9418791769468	402.93717151897016	375.96825253482314	395.43388523319663	353.67802471967855
373.87145422183113	369.90336087852324	385.8964963002666	385.84097797623787	388.11954027680486	356.1639252080773
375.1729781690298	379.7568246880919	389.77077103586015	390.9373499865968	378.41801985264516	364.07384613847546
R56	62.20556626619717	463.6596479836872	48.50239948296473	5
62.20556626619717	463.6596479836872	71.78558138376654	473.57902665818966	83.61574859977998	469.6657334484613	62.20556626619717	463.6596479836872
79.66058223728832	470.97406032052226	91.13132621896195	479.52776895170126	81.42944350071828	456.2206672489211
64.62001055880586	464.3369592996491	74.00331155894888	477.6613600298754	80.75409528091717	463.2417785494583
62.873724850567534	463.84708298537123	70.99416389696597	473.12361368256256	78.2095118061007	451.09625569366375
67.9649363935052	465.2752936923004	74.4190868314588	473.89752263645346	66.41994620943024	444.72417606990916
R55	336.59047473296124	258.7270303870797	48.50239948296473	5
336.59047473296124	258.7270303870797	346.3329719514565	268.7271555922088	361.44883449523104	260.37751356408626	336.59047473296124	258.7270303870797
342.88941333746953	265.19253643669117	349.8292602675314	273.3794574293814	361.22713189645987	256.2417741934698
340.16309902052546	262.39412819427264	352.95130333160716	276.37527130278704	358.86608808672065	259.83326974892486
355.19057764352175	259.96199348352127	364.735142848502	273.82740078892823	368.3085763569146	261.09546455430376
351.0265688626204	259.6855220466481	362.75519292169827	272.5985647667111	376.1443257705337	263.67379494207574
R54	99.61217050387816	494.27980903768594	48.50239948296473	5
99.61217050387816	494.27980903768594	114.537012464158	506.52769105411477	96.33216775029605	476.3006934075852	99.61217050387816	494.27980903768594
106.81849278447424	500.19358590044936	116.74230706056257	516.479603041996	110.94372186988967	487.49263375708153
97.44233794847109	478.1440000929716	106.68930770661987	490.8762733143605	116.5882479238761	485.0560120766216
104.10489567116826	489.20639143819903	112.87721635124713	495.4844734921896	126.34209991780126	483.0374537463342
106.91718764837641	500.27457858713353	119.4161494675559	514.1667952467686	109.32859249144124	480.08954664852257
R53	272.91372607929765	214.4154641412781	48.50239948296473	5
272.91372607929765	214.4154641412781	282.5520365158903	224.35628500700744	283.0530496679827	204.08729863602986	272.91372607929765	214.4154641412781
280.46213769321423	222.200792095631	288.7133032078046	229.20280553682554	304.98539362579754	217.23251196642872
278.50010928169877	208.7250361965062	287.22087904914036	217.57440951322283	286.49313308007316	191.27334121563007
281.58395157952606	205.58375824384396	295.8136531601795	217.9867529789897	299.1417656936058	207.39417490542377
273.96127623016247	213.34840367727898	282.35686916016175	221.70317763470294	275.5285960128757	195.8668668724033
R52	423.82114193599375	209.3031323258676	48.50239948296473	5
423.82114193599375	209.3031323258676	430.14782645699273	220.0181143419493	434.0718743974022	200.06137977681084	423.82114193599375	209.3031323258676
433.4256969365849	203.34767807472622	440.41039348487755	211.70119244138778	445.64578676805246	193.99606017672178
431.21764302200893	214.5772926329288	444.15890975331655	227.728700665513	433.56240972665887	188.62509258136367
432.50130895499865	208.04888607826442	443.01424621014746	219.88699173679376	451.57983093353766	206.76996201981245
424.553730326285	208.6426526334288	434.05540561474106	214.53400085924093	448.0929390821409	206.61478412385034
R51	421.43728226937884	285.43354615190145	48.50239948296473	5
421.43728226937884	285.43354615190145	432.10550183496173	299.90453564018344	432.91405202080784	280.81073736414845	421.43728226937884	285.43354615190145
424.92990617215463	290.1711430370129	433.45129962790065	299.41931387795125	445.6047442460849	296.86091327788466
431.3345359303841	298.85875293648286	439.26724042484807	307.38856570351385	448.3707612463179	294.5946620254013
432.89087628458594	281.3580290970121	445.69556667192467	293.48244770083693	446.2926175687346	273.5840830859472
424.44907687137544	284.2204042265541	434.6705725365781	297.7636379536436	432.1522166405801	275.9717998723885
R50	324.6905503388955	396.16409394204965	48.50239948296473	5
324.6905503388955	396.16409394204965	335.4424327318229	405.4158258586716	342.819685125031	396.0666727623101	324.6905503388955	396.16409394204965
334.45087181253814	404.56261193119633	347.04459900236014	416.41646148555697	350.04382036269686	392.354574463306
330.6498142355629	401.29189482170193	342.6067370551453	409.5861144561418	349.75478978663057	393.36981639462334
339.4151499831688	400.3812222133383	351.31019466562606	409.7415645522879	350.0265429533755	394.9981420013806
340.1376042088266	399.4656597788734	354.76449621483385	409.88949991426057	355.87564450560495	386.14764166980757
R49	473.9288913163159	447.0372533119045	48.50239948296473	5
473.9288913163159	447.0372533119045	484.9483883744734	457.68088579215953	483.1483350856532	441.0141276788931	473.9288913163159	447.0372533119045
482.54659276068384	455.36101314543646	493.4295440233982	461.8601550100108	485.33856792447904	439.3238372916697
483.366544785604	443.0345391353967	498.2207262446333	454.4816170910877	482.3954697985169	421.6622639523619
479.12679722572955	452.0578635879233	489.15653055635704	462.63869528642897	486.11982935044915	440.86612706347853
482.95223668434994	441.1422401048738	490.78157973547013	449.00769431842986	502.0616841376703	439.6049101875941
R48	202.72658845523594	203.92407277684538	48.50239948296473	5
202.72658845523594	203.92407277684538	213.3092099850597	212.749898016146	204.2377853637284	181.86863358498834	202.72658845523594	203.92407277684538
207.23940534855595	192.0868544645776	220.12668789661467	202.37966297336226	225.0373118930223	190.89659519817528
203.2920304365163	195.67162654394951	219.18955993565638	207.18498488560724	203.96412801687282	173.78338791073355
208.28715721546646	195.65364841491453	217.95087388287385	202.61310518220262	221.99167218998207	186.73585475241478
203.62056658007566	190.87674581339732	215.086862329454	205.26425869806198	204.61933471050085	165.4405700909974
R47	124.55384675051995	66.21377704318488	48.50239948296473	5
124.55384675051995	66.21377704318488	132.61320254917274	72.52923481022675	134.57139125566982	57.74007215815447	124.55384675051995	66.21377704318488
133.81237240142147	63.472539746300576	141.76768664775184	72.65094365901305	158.8146145767302	62.02194391841412
132.26673503539868	59.68954956371904	138.96036463170395	68.82263830421095	138.2262704418758	38.72522649627277
130.6567796158797	70.99614622121699	142.71791977334198	82.26313028604308	146.57952031284316	69.83569349331621
128.9755308093493	69.67868908211074	137.40461263580784	78.05936610602146	131.66782836238767	55.0137014090373
R46	152.18210667555437	289.1077668299008	48.50239948296473	5
152.18210667555437	289.1077668299008	159.12923357579265	297.76218649988823	171.15799664004078	282.7366355816541	152.18210667555437	289.1077668299008
157.060210860093	287.46994947005726	166.205003452067	297.9238623500926	180.74777580480625	284.62050948858644
165.45205166607946	289.8641320902286	172.61326295851234	297.1435293253497	179.7520455565695	285.9124778116525
158.899493932153	297.47598713726785	166.16173726752857	309.04060627256007	168.11090685825386	291.1425586972664
164.25785705408947	291.3558425722537	173.72228465411547	306.16194598453177	172.15856128152515	284.4599027481274
R45	188.94228804747	115.66261421051738	48.50239948296473	5
188.94228804747	115.66261421051738	195.20740296247092	125.11917192028415	199.43541627632533	102.54524261407578	188.94228804747	115.66261421051738
198.66980883908442	106.63292325310098	206.588172617363	115.90550206050644	212.7560312189598	96.1597219979005
198.013524508511	104.32273758807706	212.167589277158	116.72846367197313	223.40614354922758	101.50404448376909
195.2475411110442	124.90486896967471	203.56918199994792	139.5968775770642	213.17841796213366	128.83200253477864
198.06858351156205	104.25390879012497	204.7928023905826	113.76360835394648	205.77355437447255	95.78825205848426
R44	481.106487973784	421.8095936148431	48.50239948296473	5
481.106487973784	421.8095936148431	488.24724729840176	429.7280052769682	489.2329276908615	414.9782679930449	481.106487973784	421.8095936148431
483.7466539791559	424.73728244126943	493.7501201010597	436.8119629129519	492.00711618721107	409.6727931482042
488.61914560981984	424.1629129491566	499.70683153897306	435.97092536000235	487.78088084315385	404.60557321484777
484.35117904830116	425.407642292366	490.8374709131482	437.93147455591463	491.1590371209245	405.6579207231315
485.425285359825	418.1790847738537	490.921092624641	428.12973777213404	509.2079421003588	424.7798794096611
R43	363.70077373388057	280.7771481069839	48.50239948296473	5
363.70077373388057	280.7771481069839	373.5625679683409	287.68752796160777	363.2962951653377	263.4777737229193	363.70077373388057	280.7771481069839
363.4362261894709	269.4625634316726	375.2184595233023	276.3657030468424	365.811857789202	255.37551346587946
363.6106444099067	276.9223556910976	374.2321100985607	286.7775097338074	380.23477219812037	266.70881036503033
372.14712165964784	286.6956930658121	379.3634412171024	295.48950715050194	382.75955969253556	277.1201879468997
369.19936160244276	277.3982870814926	380.17210340897157	285.66765117939786	377.2011888417402	267.4400811284867
R42	66.50382096780261	389.205573291504	48.50239948296473	5
66.50382096780261	389.205573291504	76.65231670264141	400.278563658996	88.35595941723373	386.6702785358913	66.50382096780261	389.205573291504
68.08038101426904	389.02266009850166	83.53274989431927	398.37337819275507	81.29727611145661	381.0353202066101
72.85031148192931	388.4692506586301	82.11365172996807	401.5892914192806	98.44923903864434	394.84270840896846
69.09097961695709	388.90541000220765	82.33926676171933	402.5624166483355	70.41124098278229	367.17856413616107
81.02200565155002	395.1977546693396	95.68254514376856	407.97385658450094	83.8044157278085	379.8930766350609
R41	277.37116846149456	133.26545901644533	48.50239948296473	5
277.37116846149456	133.26545901644533	285.6638214070743	140.5473013870888	285.31015323112496	118.18952910117382	277.37116846149456	133.26545901644533
283.5071359807374	121.61341294673173	291.0311102198645	130.19899984000068	300.6949854823373	123.48728254672197
285.61215210015956	137.28093286221298	298.3945507072192	150.85044614814166	302.6581582003258	134.0600993211413
285.5218104262167	131.56982083320162	296.46392029599286	141.33644709837915	277.96299386101424	110.04604150062917
283.04689149917203	122.48740549733002	296.27484576032043	131.58633023686832	308.95840187236115	118.9291344377852
R40	381.2111291692604	17.73165172423369	48.50239948296473	5
381.2111291692604	17.73165172423369	392.2311583576467	27.71119295758797	396.9941352851636	13.613902415578622	381.2111291692604	17.73165172423369
395.1341788025239	14.099160703149149	405.2578370053528	23.033402635200098	416.64529268672436	8.938847041037373
395.7109692928061	17.41177170681621	405.5226736760254	24.694859000271	410.87110655097973	4.86577415119352
390.50245597431444	26.14571101377944	399.38146325187785	32.88737515723399	407.65568974132094	21.58546782290781
394.5943724701077	20.71663546480013	409.46913320783295	30.147385054115695	388.9818168716811	-6.128730888169764
R39	174.5997933211782	419.5397945986349	48.50239948296473	5
174.5997933211782	419.5397945986349	183.7252730305266	428.81021076357564	190.60066644474716	409.40620272146407	174.5997933211782	419.5397945986349
188.84171964302186	414.3703721631328	197.00152929909012	421.37190823492574	209.06601052880697	414.6822690133238
184.83749836298523	425.67124430806643	198.84922868976972	436.50395870845404	196.26419991981012	420.0242046399058
181.6676802238569	426.7199380082403	191.1340168012973	432.86160818823953	192.5751625882141	419.44508090306124
180.88528584136256	425.92511715916163	187.87155176990996	434.96840390299695	188.70416750499155	410.26193770836073
R38	383.9158316445941	195.57781825540826	48.50239948296473	5
383.9158316445941	195.57781825540826	393.6665048289094	201.21386657692727	377.443526382642	170.24683639054356	383.9158316445941	195.57781825540826
383.1528976934735	181.14509864943673	392.08744673910775	188.39583934807484	394.9196277055564	174.40087046518929
380.53207266836966	182.33463305435004	390.84126624085434	191.93134848599956	395.32523813608475	174.9475865242228
383.6519951287598	194.54522820790604	390.7184512031234	202.62742878692939	402.0486623030138	191.79631786327775
387.2007903247304	197.47657801337277	398.9132977611097	206.07049984368462	384.9915804194387	178.8637974368974
R37	379.90054298639586	326.28371696673264	48.50239948296473	5
379.90054298639586	326.28371696673264	390.5729597327469	341.94369390659426	382.4799898811926	305.1583663111934	379.90054298639586	326.28371696673264
385.5690790894962	319.1993377448188	398.38519574820543	331.09270392765967	392.7590401766231	309.17987361138756
381.6383095759095	312.05162378621037	392.0078085110677	322.87911716042123	399.9089784772255	314.7596328870074
387.7111650829627	337.74449148718327	397.0898146736105	354.8981734744612	404.1793927060219	335.08216917852434
386.37101982433904	322.84443382010267	395.7178536906332	334.06402496865695	397.41750786035067	314.92501031105587
R36	167.0185368199903	37.33440550005662	48.50239948296473	5
167.0185368199903	37.33440550005662	174.4222155008477	49.07770963648957	182.72491998334667	38.778609044771926	167.0185368199903	37.33440550005662
168.5284439571274	39.729336384215166	177.9454359927578	48.51068777180152	167.58368070896748	17.966321478321326
180.16649058145404	41.952216129360046	190.96021334808108	58.63737465653024	203.21412559821866	50.71464193487047
167.55669099320747	38.18799577602577	177.85166442488077	51.34378028208892	169.92896893156848	19.251015629939033
182.2292218794305	39.393498403548605	197.1711459621776	51.60967814048628	190.57537682810514	24.797078140696488
R35	127.85002919300969	396.8031231275828	48.50239948296473	5
127.85002919300969	396.8031231275828	136.62519472076568	407.681830153489	126.5001531486337	374.01980191939197	127.85002919300969	396.8031231275828
128.45389560651353	380.5152748822211	139.18270202709758	392.5076071402717	127.75377246236515	363.8879366404551
126.74679790283692	374.8398047431465	133.27197218143132	383.0069631101539	136.24574874541636	363.65729108037993
134.50215325909159	400.6235004551959	144.82522923367696	409.3033583714665	139.84550412046596	390.2709671225063
135.53465402732812	404.0561846337742	141.96830325124608	414.7831020709117	142.19247532263634	382.12713686216256
R34	326.8809733607749	439.58571831817744	48.50239948296473	5
326.8809733607749	439.58571831817744	339.29989341359277	452.81464265966224	347.61209830426657	434.439483929013	326.8809733607749	439.58571831817744
332.9370587355644	438.0823732317719	344.5301387916933	448.3636806692173	341.2597946217228	421.0162102446912
345.0668295567029	435.07131406819167	354.1447467392193	442.8026372912691	365.196751345636	428.8738078980365
343.63433581003846	443.23282073742985	351.9193847054101	451.81803071808605	355.1827285024789	427.2072054712392
344.88904168116585	440.45913796066014	358.89632677129646	454.4297493214807	351.0263238184849	427.4619569205652
R33	93.25127884747292	222.94898174658894	48.50239948296473	5
93.25127884747292	222.94898174658894	103.25009205312402	237.90333842752997	111.3937857393954	226.83870335632457	93.25127884747292	222.94898174658894
95.85848366270116	226.84835159631814	109.30708595101449	239.11587758342674	113.75737831299105	218.6071566703433
106.20744318251184	233.88525863662917	120.01476519225535	245.21948032314702	116.86520917335297	216.9033271304537
106.85227657988526	233.00913945797072	119.08381377210586	242.11459226786508	126.26192871216506	222.76202910679493
109.17670959650067	229.8509898434208	121.93914947630455	243.11025621777014	128.48755552136134	230.28800042971412
R32	186.38340580295525	25.3854630535833	48.50239948296473	5
186.38340580295525	25.3854630535833	194.37695746999736	33.951320504351685	183.32634307671242	7.210159676853874	186.38340580295525	25.3854630535833
193.81877900970377	32.600595608347156	203.91061013107287	49.333803269095185	220.10743060549956	39.47242648093277
184.1916855814055	12.354922462570444	196.5768765695878	20.50054626551553	182.37355512480545	-4.8799273796967055
185.3888219147932	19.4723151990186	198.4367226854065	29.947629280842744	195.46648945805518	14.490998521676119
189.9504681062597	29.20791250794727	206.1519448372344	40.14556743041703	189.01268162969058	12.85829680117056
R31	451.5924121592969	482.5687219233208	48.50239948296473	5
451.5924121592969	482.5687219233208	461.3649037049288	489.02918539745804	446.1350160740459	461.56725985103435	451.5924121592969	482.5687219233208
449.2576546203769	467.1978770522963	459.4027017840888	484.02675755477475	457.9340537850612	450.7601006377162
456.35698853345355	479.9991126277166	464.8274832472582	489.8553655467485	461.730795279122	470.49091290750425
451.3522137066811	481.6443765737016	459.85168942739347	489.9986853851442	456.81821310411044	467.18608454100547
458.5067159268695	483.87541526723084	465.891123109835	491.7805131032733	470.62283441509976	475.2800021059601
R30	325.59178498848127	435.7176725634148	48.50239948296473	5
325.59178498848127	435.7176725634148	338.9765712276569	447.4942170579091	331.0547458836782	422.3101709474961	325.59178498848127	435.7176725634148
331.2184516806767	440.6682701652193	343.7762083284299	454.24525193086646	336.2993527251295	421.10023188436486
334.69263837910876	433.8752898906051	347.571749263267	447.25881000430405	344.89263711370717	429.2406581415325
336.44610341308663	445.2677962337236	349.4640691905023	454.62945324292315	346.4095503893812	434.0365244984558
325.9804710948793	436.0596563011148	339.24965617694585	449.9707670844822	321.8374615248214	416.268623315617
R29	389.2934248133929	21.54253273619261	48.50239948296473	5
389.2934248133929	21.54253273619261	396.64625023864085	29.367287392272747	389.4091741577858	-3.673241526281455	389.2934248133929	21.54253273619261
393.3619401643783	14.372924921324485	403.40896465756674	24.771113670037934	393.73066043486335	-3.5041512037608076
391.6319839523503	24.031188518532105	402.51917364558955	40.6868033983196	415.02306689648464	26.300142325033192
394.82990168355826	21.074833880676056	407.36235983635765	32.42811544711169	406.4259961347317	11.425789611324026
389.403433657707	-2.422684515357852	401.68389794777266	10.463968995262825	408.4513062054647	-3.149326656304928
R28	388.5821692483173	64.52960147656329	48.50239948296473	5
388.5821692483173	64.52960147656329	396.94590656779104	75.14446398916829	399.01259749669515	46.89897884243091	388.5821692483173	64.52960147656329
397.848521877296	62.80841172258227	405.9225058781647	74.03500536571272	403.5981735360188	39.843770865816836
393.39790155165406	70.64150269306954	407.0773736921973	81.24601108885528	390.110878676521	54.555427965184194
390.8817505688593	67.4481220639176	397.15978338644095	75.37208889318008	390.6204912529854	44.37560961895927
392.18296071709705	69.09955685867027	402.9010339383142	78.27088119235061	418.07796668937726	68.04881826419621
R27	30.50011040965944	143.3675738187612	48.50239948296473	5
30.50011040965944	143.3675738187612	39.28989174004769	151.78342106258955	46.981279549627516	144.68050041492174	30.50011040965944	143.3675738187612
38.512292986195064	151.03890284496444	50.26128765520105	158.50280123122178	38.575152303012395	137.2744561057297
45.741019273517836	145.8258685255622	58.99018486081399	155.95513559157786	63.12751833122188	134.45717419674062
31.12542033869437	143.41738739871425	40.27129069687439	151.785829259366	28.86007730412966	116.60491081390573
30.991599835090604	143.8381543452739	40.516339951577756	154.33636072440626	37.35548808538771	132.71465388077291
R26	444.9043564623361	141.44320670948161	48.50239948296473	5
444.9043564623361	141.44320670948161	457.2178413031708	152.66308201260227	460.7026390361057	135.85410643458954	444.9043564623361	141.44320670948161
458.3432705658114	147.23455661736395	471.2257511960962	161.72395871449945	474.8786378779647	142.2590182162856
459.89541522797754	139.7477629153029	468.69045492066715	153.0019761028386	470.77364077521213	135.40743503811234
458.69649143289166	145.5307903206049	468.96006602881346	151.60989659567292	475.3251635753029	134.33480634837477
457.93777886851353	149.19045206935795	465.8544604831929	155.7915206969658	457.69563834032834	130.40168087145508
R25	266.70971404475773	304.78568346218725	48.50239948296473	5
266.70971404475773	304.78568346218725	282.7448862799144	315.58966711566524	272.8455976894355	286.4084613562726	266.70971404475773	304.78568346218725
271.01520029050243	291.890576319691	281.9678958016667	299.67568071478104	292.96066583257084	289.2437349589896
269.3857850554479	306.58873409557265	277.9723791845102	318.34905576589944	283.5440919832324	299.6703334586338
272.2100888120475	288.31183639829624	284.8313650521438	296.93077769682	295.6190589849707	286.95603358873694
278.89792252843245	304.2495551717735	285.5608400526603	312.2197240241129	281.33386987977707	283.4616819967787
R24	115.54196815202027	181.96850954310983	48.50239948296473	5
115.54196815202027	181.96850954310983	125.81661438861603	195.6660187036494	131.5829829179451	172.89495582121563	115.54196815202027	181.96850954310983
128.95934323937354	183.25556038502987	136.1183396327248	192.4380127857299	135.57334486626382	163.36371530811488
127.63867345833671	175.12604308718818	138.27473414391096	185.95208192185888	145.76967225744608	168.7143058708399
128.80481756540823	183.86577352366595	141.26277823880545	197.56980585073055	130.0680412044741	156.10067250554448
120.64203107588114	188.7675911864364	129.0031005247312	196.3169629204114	132.73401396473994	178.61796801638212
R23	254.8957403551192	470.86015438691686	48.50239948296473	5
254.8957403551192	470.86015438691686	267.76453553885796	481.34996716247605	282.1608962742287	468.14861954567016	254.8957403551192	470.86015438691686
279.962588798027	470.1644499138729	292.9049156629514	482.41882898621253	291.1992070439265	456.8490411615935
258.24878446103776	473.5933399258182	269.8097362205204	484.7697037801755	267.78224893309056	468.8755064282287
267.2453242823679	469.6319814326531	275.77643322554303	479.9860457401342	290.4729941424128	471.70615275594423
256.04208094555213	471.7945773844839	265.48532142579836	480.6690923967172	262.9380881315568	454.69915894605964
R22	384.23440528146176	161.5540303789606	48.50239948296473	5
384.23440528146176	161.5540303789606	397.121071360615	171.74673674456014	383.1207522585189	140.19920146268544	384.23440528146176	161.5540303789606
383.7441472385572	141.6039248110523	394.4754486801466	150.23210088961113	382.28173368931556	122.03158700583188
383.36511082254503	144.88489370389703	390.66754326796513	152.29180813315395	401.13800683556565	146.14557754272533
394.45318464754246	165.7350701821815	403.45307928930333	172.28536787322906	404.65755173180395	159.69426341279927
385.98360617959736	162.93756053483088	395.34225366586645	169.6636249655256	388.4880067003716	143.93355226796058
R21	75.07421136481052	240.88864922142355	48.50239948296473	5
75.07421136481052	240.88864922142355	88.86397571299709	254.78118431541498	94.37035148031457	233.4357701099143	75.07421136481052	240.88864922142355
82.90246363475602	248.7752429759526	89.31412432535922	257.42108162447755	91.48422282762931	235.28418408340522
80.46556359270912	246.3201814897759	86.78765799769032	254.1894657581181	100.23879957684925	247.25468046905144
90.39781747089312	248.83526107452184	101.17577439460965	264.94870847338234	105.98822363771777	238.6425269642576
78.66638157206098	244.50759073541542	90.11412311055867	258.3516782196222	80.43499101338173	217.34702539442924
R20	125.29569694038412	138.15059933319534	48.50239948296473	5
125.29569694038412	138.15059933319534	133.62784353041033	149.41126295746702	130.37880561998173	112.45913138676991	125.29569694038412	138.15059933319534
128.74391062880554	120.72235275564682	137.61103704937085	127.50517380976453	147.53838009033316	121.95247031926083
126.12914400396889	133.9381223100156	140.31434632506807	142.64586471607876	144.32678321939855	128.54503099838504
130.69800801308406	116.08950110013616	140.54561377686633	124.42589813012536	145.71131378959248	111.13924319671439
131.22103620942127	122.03803333000077	140.64042216872068	135.54037912929948	139.80505747628513	109.5283670887283
R19	418.89366324968626	262.2181385009255	48.50239948296473	5
418.89366324968626	262.2181385009255	426.5728981986058	270.1419482683417	434.2831958567286	255.27388826750757	418.89366324968626	262.2181385009255
427.9760263763632	267.43624287786554	440.94559358096427	280.47166937957957	436.8770805123152	248.40751462081556
432.73663552986886	258.2561793221771	442.78399720352377	267.24465802413243	436.38365086568035	247.7362140531513
425.03233275525884	268.55231758396553	436.4180350429727	282.696165383954	438.8243534584182	260.91819911573054
421.0486837221622	261.24572421121775	433.57755418298007	270.80440775221876	413.1480925430386	242.6268297142305
R18	94.1626067384812	282.6092425967722	48.50239948296473	5
94.1626067384812	282.6092425967722	106.89352141710184	296.64842363457984	90.3546388778431	262.43632244590015	94.1626067384812	282.6092425967722
92.72984548995946	275.0191107155515	104.85769218614513	289.7519242348041	107.50201679768163	274.0795383630351
105.87009079140203	294.53136935095927	115.38993565701979	309.3714458224269	126.64921856855456	299.0989879076334
98.95455289562005	280.2259843466804	106.7677219405571	287.8040465376906	104.781550719037	271.2651851131838
100.07529149698755	282.54432854829304	108.0131419940896	291.9893353061422	120.4984700372365	277.59623502683206
R17	74.74665541371873	232.9737609742961	48.50239948296473	5
74.74665541371873	232.9737609742961	86.43533902458142	240.61167085133573	77.0212805338913	212.2927866601834	74.74665541371873	232.9737609742961
80.30803733772845	236.60781724115475	89.11911014956323	245.22248159028794	87.92953677000953	221.01242662350333
83.1352701797735	230.684574314665	95.86165720111829	238.63418075448467	91.95599361047735	213.8286834903073
78.20265123167023	215.84652493473385	91.3870161039875	229.0779333302943	90.64016351965127	200.8913400113897
82.15250292882237	237.81307374608605	89.93404984280758	244.329167225486	90.99470762318947	219.33705118554445
R16	363.3335795398644	360.0897806586817	48.50239948296473	5
363.3335795398644	360.0897806586817	373.5595575036044	373.83035453306326	367.6635234858557	334.4692146674561	363.3335795398644	360.0897806586817
366.49222923676484	341.3998405550634	378.0421978382029	353.6283746600004	377.73841704727624	325.41736529374003
370.97210536411046	356.5568677703336	383.88591304301633	368.8983655752771	375.6487018998607	342.360606906747
368.78282295869417	341.9415092589173	380.694016954699	352.6141179238385	370.35239167100923	319.5879772723437
369.7400041713114	348.33152388114377	380.0952074584082	362.65427941683396	377.7268153248368	334.28340340841095
R15	13.438206394109697	498.4271079395405	48.50239948296473	5
13.438206394109697	498.4271079395405	23.723870560066487	507.7713443885706	29.62332548327037	492.0750606811117	13.438206394109697	498.4271079395405
25.428811662370887	493.72124875484235	37.70803039407659	509.2004781646855	42.45359830272953	494.0271615509532
23.746089757156845	494.38165347635413	35.289978641702106	504.14854977487096	26.87779472238226	472.89196793746925
23.2633743906375	507.3529965773268	30.979338938945574	518.6607246935173	35.850683093783644	494.2347653487556
16.855599750853443	497.08591026387967	25.884150653580548	505.294158141601	12.591872814384997	475.68970229169946
R14	196.56253136884234	395.0744423647437	48.50239948296473	5
196.56253136884234	395.0744423647437	210.5718962183897	406.73925843317534	195.9190847381269	372.0360857526313	196.56253136884234	395.0744423647437
209.53721677970802	404.28876220738647	220.6325793012845	419.31876177164946	218.86876029893912	394.41775642180664
196.10249967159982	378.6031861827592	203.5426655088597	386.94768688886126	212.52362054407513	380.09081996739525
201.05169627112383	384.1919716433129	211.39093665074296	392.93754029902067	197.90422486822956	358.12373417272727
197.05579851294212	395.485158380089	205.22013215976042	405.48142043619436	217.6755540920018	392.292560761665
R13	91.39259815142037	246.65494547225657	48.50239948296473	5
91.39259815142037	246.65494547225657	98.49561233353462	255.0027925896254	104.63290855650794	246.00124493068893	91.39259815142037	246.65494547225657
99.06706181714176	254.1646499329113	112.35022860270286	265.67886496975325	101.72112131120879	236.37928956863948
98.45604407426953	254.9562898274773	107.40496939797937	264.4109949766319	105.16387666934007	235.74070186161842
99.87023221511892	252.98664314409513	107.0125638068104	261.9951065964359	118.32588509707345	256.43828650716443
101.16411686495157	246.17250609738215	111.1921460902784	256.275303512421	112.40717382120205	231.8855325660265
R12	351.52613350660624	202.3423910970656	48.50239948296473	5
351.52613350660624	202.3423910970656	361.4814443641678	212.91052929510423	369.6724807674765	197.69208966408937	351.52613350660624	202.3423910970656
356.7592169854106	207.89761184277148	371.2768841292899	218.70771149462018	383.54206025981694	203.89786635422422
359.7375053303673	211.05923715748511	369.79437233550976	220.43245188399356	383.5645465898662	211.04047232501608
367.8588191678602	201.061760876111	377.3015456346553	210.9694187552812	363.5971068582324	181.10370102110014
358.68799885635485	209.94512534161194	367.8338263967568	219.3826232096738	369.96633743274367	206.4202866378479
R11	328.95669519504395	445.6538861609631	48.50239948296473	5
328.95669519504395	445.6538861609631	346.570653173429	454.61029028804785	316.58486848086744	428.0455962768907	328.95669519504395	445.6538861609631
335.9824905149312	449.22638600888547	347.10963102068524	456.3349456802192	345.8821346121953	437.3752782477103
344.3822382356804	453.4975177582009	354.88741508121535	466.14339814653806	354.7904989726155	450.1341547346914
316.81745357878754	428.3766246627151	325.86822044785146	442.78283669075336	328.160236080668	424.9851879461447
324.71731294923336	435.25020676415465	335.6207940311825	446.06121602573256	335.6283291627263	428.532804809651
R10	85.0058592656166	354.59207365688496	48.50239948296473	5
85.0058592656166	354.59207365688496	96.62362888572088	367.6055941615586	102.52227806741215	352.84847602522603	85.0058592656166	354.59207365688496
94.81445595234088	365.5790684311552	104.67110466153107	376.9867972002616	108.08124849677243	362.23548142599907
94.5182972718355	365.2473294496277	107.4358414276249	377.3437651926957	111.82446227297226	358.2381389147924
94.90988972052989	353.606218943061	106.52423154395822	363.1362685434905	104.1487367111554	336.52596215685253
94.73586754371546	365.4910384649466	107.89985999449944	378.2271673879224	112.08828323962399	364.3798764708319
R9	91.22513215827738	360.49720878744347	48.50239948296473	5
91.22513215827738	360.49720878744347	97.63652875384041	372.3795014059104	101.74611624786822	338.8505340135225	91.22513215827738	360.49720878744347
98.70865761863493	363.63230383428703	106.91614030130395	377.03849400891517	102.52064318372774	338.86520691384476
93.47733600062583	364.67123619197804	102.30433208953689	371.2226531365052	102.3814258456633	350.71170491625253
99.74244439265695	355.19792858683525	108.26930666297443	361.6107965078739	101.70701600695773	333.777661324023
99.82064851952101	354.55988313254426	108.68054780429398	368.0112836751517	118.17694748343334	346.0865279619217
R8	215.1721026735639	310.956702349024	48.50239948296473	5
215.1721026735639	310.956702349024	227.21034515974912	318.892743825103	236.56317231867848	311.9484061026908	215.1721026735639	310.956702349024
221.35564305659784	315.03311408479703	234.79162066833567	326.4614963222751	230.15990158275926	298.505561494646
228.2140412137581	311.5613350120922	243.33908397071792	324.33469097937507	240.36745225894583	305.41220773448043
215.82806916406838	311.38913900093024	223.79278172534728	320.39518617835796	232.05384536922054	301.83490239491715
232.52388570105356	314.9475174894149	242.1203645666908	325.83670336431436	249.04878255606346	308.32026166247107
R7	273.06831316959904	380.70064996799766	48.50239948296473	5
273.06831316959904	380.70064996799766	287.00869270569393	392.66326143952307	294.2227137384156	376.65167431489476	273.06831316959904	380.70064996799766
294.04031358717947	376.68658590546784	306.69228485466493	391.1780351118752	319.67061078973114	376.3032075036874
284.6067247106893	390.6020686422337	298.2256286541412	404.5752119807303	300.630848355379	386.6800513081554
288.2662837866973	389.8720262782577	299.2057684608577	399.8058191049856	306.4750800142659	390.34848636286443
291.74791947510704	382.14450331868625	300.3018628956672	396.67162963524146	311.7758494014517	378.66646581235517
R6	319.0161939626828	449.54305545485767	48.50239948296473	5
319.0161939626828	449.54305545485767	328.08716027920735	456.9167827750002	331.84301745992605	440.5632054022391	319.0161939626828	449.54305545485767
330.8579820335198	444.8522005065637	340.57299286464195	460.8962230542818	352.2573443600713	448.7665503526997
328.104611268477	443.1804026406831	334.54187904967927	451.84855896181887	345.91847978214713	435.4988403907229
330.4611801396945	441.53060718612255	338.2660878399462	452.4822028345816	330.5428538304771	419.8772698752505
329.59568439146153	450.3484377604266	336.70796508597374	457.6040830555384	337.78605816845936	431.2549901699519
R5	142.2239277002777	445.8958298793613	48.50239948296473	5
142.2239277002777	445.8958298793613	158.44947343228267	456.2685430870461	150.62671785261924	438.9830661829004	142.2239277002777	445.8958298793613
156.88931605402703	452.8211562865716	164.02636120099862	464.71924287015247	163.4878390515252	441.5408844994401
145.20084605559725	443.4467941708774	154.94176597443519	451.0569355189686	160.00078771826622	433.8298725117096
151.38324221136395	451.75122261447785	168.63870368957276	461.6923338854217	175.56695897854277	443.1003390702829
151.46393062928271	451.80280533669116	162.91296895561828	462.73826238632256	163.12067015590202	440.76626546012614
R4	316.4788234934004	129.86932721366662	48.50239948296473	5
316.4788234934004	129.86932721366662	323.1598563675699	138.33599150846868	328.94710393692355	124.61954264956043	316.4788234934004	129.86932721366662
328.51824243344436	124.8001153044107	335.3330673368669	133.35917849502292	336.8627033690823	106.58231795237201
319.6469001306996	128.53540471298706	329.04407389468827	143.66109195287333	323.9326699555777	110.6832273221063
328.6582322513749	125.30420209329966	337.1151652217719	133.35818936528776	337.10418310308404	116.66256167181406
320.7196183602174	135.2435540969496	332.9186694237022	145.2771416525968	320.19950203911344	110.12077038322465
R3	221.38784653996902	14.322159844408766	48.50239948296473	5
221.38784653996902	14.322159844408766	233.98494012228107	27.208423688818584	219.91992246613813	-3.397659968892187	221.38784653996902	14.322159844408766
224.2781533486798	6.086037972463157	233.80265487605703	16.137749810835736	240.94221236628312	-2.021735732605741
232.58147837744795	25.772745036335632	239.87743777436773	33.195002321191005	244.51683899070804	23.299038986270503
220.4817321811344	3.3841396463395466	230.1126597787782	13.656804203152488	227.86600010114128	-7.9326689455989605
224.51465645735584	17.52074667108282	237.92846139282585	28.206635663308838	233.45486303293757	11.550932665574454
R2	209.4339019338142	179.65743123262268	48.50239948296473	5
209.4339019338142	179.65743123262268	218.8067100900801	187.43965673082016	226.55684347878557	170.36576393957074	209.4339019338142	179.65743123262268
216.59702441784157	175.770403368505	225.09681657175074	182.90662625556413	237.9404550634956	177.94601948965226
209.89017678911225	179.40983626545653	223.06561931653292	192.28624177149098	234.49304207798906	178.56993542506984
220.6799010028493	183.31293281291005	228.79562930022237	193.86145875182038	228.5576016923769	161.28405313747507
225.95629733346018	171.6887941362415	237.13098915818534	185.10398346588985	248.06330245513143	177.24847923501775
R1	37.62236319535434	291.60675404362564	48.50239948296473	5
37.62236319535434	291.60675404362564	51.34929601585709	303.08391671671706	49.16161054812587	279.7284278336542	37.62236319535434	291.60675404362564
51.34082311507264	302.9934609619947	61.461770765783356	311.25807543698346	46.72186567972057	283.05286432327586
50.40740513361792	293.02839349197814	58.23541871069466	300.906250442663	53.968723023223106	278.1147514941107
47.52229869979891	281.41591058699186	58.003519734406794	292.995437930716	67.44650184790329	278.43209499203164
45.5466854266112	298.23232266200534	56.129381170900146	306.80954414547483	46.39063631743224	283.07644630693545
