R100	456.98157211588193	464.29901789080844	4.115913661281388	5
456.98157211588193	464.29901789080844	468.3649183763475	478.1914896204947	479.871106163477	463.36832188355453	456.98157211588193	464.29901789080844
475.3979481053483	469.1309926687172	483.4975765854042	479.6318005945872	475.47612876765294	445.68151350632104
459.37178941614957	464.20183086667754	466.7576099215205	472.48741034304146	464.2712559832773	447.18536165106514
458.7229616314407	464.22821241849806	468.44479591608786	475.27914037127636	466.54278869431687	447.8199886162271
467.1142074162866	476.66509604016414	480.7421178158443	486.1886168809059	463.5690588227772	450.06754143469334
R99	298.23989527435623	357.40332286178926	19.278599252935148	5
298.23989527435623	357.40332286178926	308.8216342864208	368.89189711532975	301.08880682408255	336.6261024585064	298.23989527435623	357.40332286178926
302.36782778096637	341.96291202235363	311.34010216579804	349.1255223874978	302.4070222563196	322.4261947959122
298.68356621603067	354.16761379157	307.1646761213428	361.2378371927701	310.83003295059495	343.54320601522517
299.9688928948203	344.79367738487554	308.63992773126984	352.32898916262394	317.7039496183406	338.9705656829456
308.2080688933742	366.331750121621	323.1112145814705	376.6878219352175	327.6075969245284	362.42609919176994
R98	108.67359823902916	403.70098634886165	17.74445316138765	5
108.67359823902916	403.70098634886165	122.1046216325649	418.22548775633436	126.31793369934203	402.6620728020033	108.67359823902916	403.70098634886165
124.20092339121051	402.78672417767586	132.4132071599177	409.18484096681976	128.70191220375887	387.1035273257665
113.47291263484172	408.89103379754926	127.25335715381446	419.94953288062186	123.5020884396579	392.45737851747526
116.38107182604939	403.2471637189519	128.0864920963023	417.23862091247116	133.4494924058609	392.5959325806671
124.40984310100333	409.71030594536944	135.0977860962216	422.72470231472226	125.52414080258319	383.6353807722119
R97	488.3134433562805	487.18178043558567	21.35816714399647	5
488.3134433562805	487.18178043558567	497.68940234682304	497.92421770936573	498.2625043919134	473.84959867028	488.3134433562805	487.18178043558567
494.28333945175484	479.18185566079615	502.01574001239595	488.1824362795365	507.48732042925843	466.4573512395835
488.6758905883316	486.69608511612483	495.40743102659997	494.1684094702987	508.1675378591751	481.7714339212899
497.79256712473205	493.5905170225716	511.2585880883582	503.0584137861366	517.9157498309404	492.99221465045656
493.44101325835	493.0566566051023	505.9468667875036	504.7640296808344	505.96408521773395	482.4053389314408
R96	297.6966338399329	93.69018609988255	6.086077045244463	5
297.6966338399329	93.69018609988255	309.31668354306	106.04252759504197	302.97465225752734	73.77089111613388	297.6966338399329	93.69018609988255
301.7001696901649	97.94602349073911	308.5106602351779	107.94976064573224	305.7334235992608	71.12706807358161
305.76165960785556	87.95267042696919	313.1109477864012	98.93811343882444	310.44967001167845	71.20054687657701
298.23732726764933	91.64960362549115	309.81099260782054	106.39596260961426	309.91764616901446	75.43562577042945
303.5982649895208	76.94416517998489	312.22788705451694	87.22022894297785	302.7770992010943	55.46670609528448
R95	308.41308243296515	92.61224691021347	5.990008658482369	5
308.41308243296515	92.61224691021347	321.0611369302001	107.43379390612895	320.4102295499617	90.60791974134915	308.41308243296515	92.61224691021347
312.16106060217624	97.00429270561793	321.7257502907859	106.53163168636019	331.58276093104485	91.62187884225814
320.90581358915614	103.41870501544487	334.3851973980082	111.4213291523433	342.8383510579655	100.86359894047888
320.8251631221687	101.333900556224	332.8312115535436	107.74001922754226	343.64243247682964	98.82138087869166
309.4931829916004	92.43179776895795	323.2233777229802	104.9459985529064	315.7251099146334	78.1147975708195
R94	497.07999011454734	369.9006123865486	16.373099390965468	5
497.07999011454734	369.9006123865486	505.04693577482414	378.4123247554357	498.65600659510403	355.87073283673556	497.07999011454734	369.9006123865486
501.0717811744033	364.3914663956263	513.1145608659504	374.97760199748586	509.9577391959114	351.30188510522015
498.46753190770494	357.54855613047613	511.74096567907253	366.5803829000932	488.8805333777525	337.05246436502574
502.97358942905464	371.0993776208047	510.48155411875337	379.2256590573557	513.4701747463914	358.078343901266
502.70675052110505	370.1582040290022	512.0634690094279	381.87261048288116	523.4776637446564	368.2873843313191
R93	418.2004622503057	265.1495676069935	13.077370945346614	5
418.2004622503057	265.1495676069935	425.37498286531167	278.161283954569	438.0852265335294	266.20598301770656	418.2004622503057	265.1495676069935
423.5799568165879	265.43536334893565	430.7728611406683	274.54847635452217	422.08827034251067	246.0375586577174
419.0586424266924	266.70596386389474	427.0452254454185	274.82624908968364	425.78502954100514	256.50554337540814
431.64788987576173	265.86398742991116	443.0419524653795	273.13273719158747	426.51137157610196	248.751515458506
422.13340923598463	272.28236341786226	430.4847789827621	283.1329616517467	431.1078773478301	263.87236049922626
R92	497.051845582155	412.6827691062495	22.351001215630752	5
497.051845582155	412.6827691062495	505.17385551067355	420.437180819199	492.9947061114622	391.46865566458814	497.051845582155	412.6827691062495
496.0096136939163	407.23311038257816	503.777518993711	417.43747665792387	502.59569013120694	394.4970280416268
499.36399199909624	414.89026890191326	508.23569574976915	422.84215601331834	508.969691176915	404.50430187447995
496.91913418088774	400.8030426172579	506.1034300252956	408.2513649388982	497.02136136073796	385.15516201582517
498.21534668276513	403.8861285730627	508.28075044145845	412.8459812558651	508.5762622251032	389.4167149601701
R91	11.8895455611851	190.41996953446872	21.710864723021565	5
11.8895455611851	190.41996953446872	20.060645385435866	199.4417644709483	29.016365955541985	189.5282878451856	11.8895455611851	190.41996953446872
20.075707786250494	199.42509124435142	28.654211440861484	206.2914735286886	19.908025923947918	183.96709124454907
27.180157040078853	189.62388725184232	39.324311683490194	201.1344035447863	28.738730220610513	164.44920312684383
27.716072765839364	189.59598561986064	37.2590010217809	199.0618353810453	43.422631642294455	180.38012976267436
25.44449368775758	193.48214861604157	32.52185042505536	203.72169001188058	25.985873117731344	172.79111732190773
R90	197.67596850899966	406.08972576511815	19.673230585710385	5
197.67596850899966	406.08972576511815	209.1218545009864	416.0061126876981	202.01159497073553	393.0460288219761	197.67596850899966	406.08972576511815
205.78229369454658	405.2221749334835	213.9169032486742	413.82842223631235	210.92273571463855	387.72458596859667
199.6350222734547	400.1959284501525	210.48513133268585	415.2401893712373	205.10183370050376	375.41190075595836
200.71444821153034	408.7221773208819	209.26419184452928	414.48329203620364	221.8921972824155	402.64561275632855
199.9090970690554	399.3713766569756	208.56346850945445	410.9108287652268	215.8012711378808	400.8760427593948
R89	7.964272429472674	488.82792593732864	6.082163362191426	5
7.964272429472674	488.82792593732864	16.354446631887136	502.289530615771	27.090219832248074	483.4529064366682	7.964272429472674	488.82792593732864
24.944736923855974	484.0558576122668	32.985309195494565	493.75411350932825	34.98130236181397	471.0010913486857
9.757359631271738	488.32400953135465	20.45429395838893	498.44782233405346	30.123193229945294	487.18581061696284
16.530947188530657	486.42040891785433	30.848161831267618	496.9880600267155	11.980132986805657	461.95569252491015
8.303853525145215	489.3727664085671	19.602402179221023	497.72075466969346	10.164424409545127	469.2183406986125
R88	442.7525587725222	150.3675428273364	6.394067718630077	5
442.7525587725222	150.3675428273364	451.39316467309993	162.33979428109714	450.08196919279317	135.68917808224472	442.7525587725222	150.3675428273364
450.9868118733809	154.0804975787418	463.35825640782394	166.85607853806448	467.6797608748395	155.9642213847644
447.52632260676904	140.80728589695534	461.5628819509559	153.58947143369312	445.66240365895135	119.85279541075457
450.84440695251374	151.18605586668542	459.2229575567645	161.92144781265162	471.90120699369345	146.40203946211017
447.01151352155347	141.83827680803634	458.05322626895173	150.80517240115745	460.858341297167	129.89098351095788
R87	362.4772192800309	8.981583805629633	12.063007781564457	5
362.4772192800309	8.981583805629633	371.75046765219446	22.059979083879227	377.8792632519122	7.862653571369669	362.4772192800309	8.981583805629633
376.5054153258482	7.962461102406121	390.3045690950724	18.20892986373139	370.14570028680856	-11.677460667656106
374.91327338498843	14.73335482455909	388.3440669482842	26.66193119112485	371.48118779865473	-6.65023612527545
376.0232984676869	7.997486007543904	389.63320027559286	20.518846660602833	397.12195264511917	10.356162436794298
369.6030185743309	19.031354512092946	378.27946545753383	26.551172282007553	375.76443721511197	7.2647230738617985
R86	328.9713526387883	455.9035708541466	18.295461804835643	5
328.9713526387883	455.9035708541466	337.7606798617359	463.89816373438674	336.9185148223455	439.34685699995885	328.9713526387883	455.9035708541466
337.4045938916761	453.51732925912427	344.3800501038439	464.65060657076305	358.59255325866405	450.8711094684853
337.0522480964978	443.245530633679	349.41895073820547	453.09708076886227	360.7295262157004	441.25966777185755
334.0606328584578	460.53267640200806	350.0408296645012	470.15150259488	329.457977309307	442.68806541994917
336.9655928966856	440.71930561695143	345.9345387143751	450.8715808487197	335.1410047902936	417.083411657526
R85	0.7167900823651374	432.8208877760637	12.153400786575173	5
0.7167900823651374	432.8208877760637	12.962414697704812	446.21702016394124	19.131467450286827	434.0256496991386	0.7167900823651374	432.8208877760637
6.423347540182645	433.1942336131727	19.483868429595212	443.01552040705576	7.481680813635034	419.536501202572
7.844285206375853	440.6180293081987	18.304597028414875	450.91333730780184	24.47426659520171	437.0202108852711
3.2421870934081145	435.5835522994808	14.640108055272956	448.8026045627475	7.723767426104667	413.8323540428509
17.094072537594247	438.0519787256401	28.37233425048909	447.7167071829578	15.732308286755035	418.93072321833347
R84	262.1135043972436	406.5296182313791	9.39235018228479	5
262.1135043972436	406.5296182313791	269.72291816265755	414.0086764530612	267.2600395833425	386.46917706263207	262.1135043972436	406.5296182313791
269.64032152124616	413.0850945213721	281.23165225124023	422.5389902325907	289.2515522143831	403.4255539690066
269.2098566958055	408.2717083084301	278.4587591710698	419.53503464100686	274.34157732912263	386.3901637721721
268.24091838491177	412.552064555748	277.563058216712	421.33617916661797	274.58435714019106	403.5210438980624
262.8532568510533	403.64617139919426	271.24008517156636	418.5816065662828	274.7771462181667	399.5467371097076
R83	118.64727891602666	434.551570193932	20.56442135273695	5
118.64727891602666	434.551570193932	131.238600089156	444.0852013730954	116.49001640101139	414.49826269353747	118.64727891602666	434.551570193932
117.99743108091002	428.5107669187832	131.58193652227627	442.664080925509	126.82229158800057	414.1625828459358
129.1914277379776	442.5351665603892	143.81543261431895	453.65522690290675	149.89700934796653	433.9819045712886
120.27643728862628	422.09415155891446	129.01836603837327	432.04362849477116	139.71063596568752	415.3384568095179
118.80173738178114	419.1357755794196	128.0883575852379	426.44747673952804	122.92652154502845	399.9382148860993
R82	334.1102837688947	440.69684976701524	7.084670408820977	5
334.1102837688947	440.69684976701524	342.00992794952003	448.42104301226306	349.9717304529036	430.86667497583505	334.1102837688947	440.69684976701524
346.45340107590346	433.0471691916448	356.896339282651	441.18802674775714	373.61605000777746	429.2582344739575
346.6364780489625	432.93370673886454	355.48998297500566	441.0005573279909	357.467525822485	423.72517883721616
346.2065768756941	439.16817348448564	356.0301698695142	444.3085486630756	356.3521835404718	431.4200639241662
339.1467370981624	437.5754940962089	347.84899259611404	445.5606025302064	365.14605921243515	438.56272097463886
R81	359.79256079828605	256.34688155475686	16.296330014721693	5
359.79256079828605	256.34688155475686	369.86942653882846	269.55270847350596	366.91022991685287	242.85285466364394	359.79256079828605	256.34688155475686
362.9753905454288	260.51800974429955	370.3637407841271	268.24345462776427	377.9338568459172	247.86581921936656
369.6849775814511	267.8884864475736	379.7716643875078	285.008310367881	387.7760077399856	269.90368970349095
360.2694542399512	256.97185487597307	370.84529760006035	265.4019043950874	374.9980944048575	244.2006737646353
368.446293015376	256.71224469833186	381.68950162585884	263.92296735082374	370.29369751623966	242.6083722495378
R80	27.4849514499364	393.2481037345892	22.534135450045675	5
27.4849514499364	393.2481037345892	41.64445644426037	402.31450441067454	22.58700186154951	376.7235068210055	27.4849514499364	393.2481037345892
27.50181641836992	393.25890245680927	38.82306657108126	402.9943054869607	32.174086485023864	379.4968794820119
37.447817885403154	396.67911555124846	46.082965926970154	407.5416341468898	55.96444465439683	398.7795100884338
22.627767547003057	376.8610412132792	35.133924544450515	391.07050921299395	23.48831592013791	355.2680021731187
35.37165620524955	393.89117509876144	50.24744845102875	406.73289034712155	50.88699466044115	390.38711900186206
R79	6.4988827605748085	213.78286129298118	10.327702354155676	5
6.4988827605748085	213.78286129298118	13.530513947925495	221.02489312534308	29.679784922558262	212.6057482507338	6.4988827605748085	213.78286129298118
10.11159787075848	217.5036761554374	23.57738421648401	226.12729316648765	27.898773770063368	213.1129178961936
25.009819929718226	215.04035423981117	33.872338066214844	225.0325143880927	47.01525919232927	220.48628645415417
27.742785842388404	212.70410796357658	36.365037129644556	224.09924173185829	43.609216625556606	207.27967878261398
9.722270081214337	213.61917951611045	19.04044321188534	225.45595396031075	29.728761511153685	211.44335193314848
R78	319.5706886616861	174.65615317561878	10.855829685603101	5
319.5706886616861	174.65615317561878	334.63537322876755	185.33367513503538	315.10692051014234	155.67017755316377	319.5706886616861	174.65615317561878
326.99753201457054	173.7318811960836	342.8116552093916	183.4551444960599	324.49759046248397	157.91289533697156
317.7730275880163	159.71996388273283	327.59846764718134	171.3264976232784	328.6990665868641	149.87181980663104
320.21381187455086	163.42748745486074	330.1728054254152	176.23424202433034	336.4103272535464	160.4098500803388
315.3856417898952	156.85567716765814	326.01000840985876	166.54211106743395	335.5943825205976	159.3641053030558
R77	116.55974401301201	450.5616341889465	5.332124394712188	5
116.55974401301201	450.5616341889465	123.4202555632893	459.23260054898975	121.07420796482091	427.3474946318172	116.55974401301201	450.5616341889465
121.13310269233678	456.3418794330835	129.8651154167477	464.6107243191148	123.40126779319252	441.31141346624327
122.74234424549437	450.0191156288828	133.08899155945105	466.64140477742114	125.58254925432698	424.94324213324944
122.2924592678807	457.80718443143013	132.14682870782474	471.03814341317917	133.5545388583601	454.7431808787652
121.68970304910789	435.71268124047816	129.78156727254907	445.0424870897513	145.3126222656017	432.60618815675815
R76	421.2909510391236	43.46073011940887	22.212731186587295	5
421.2909510391236	43.46073011940887	431.06054433886624	49.880724660218355	437.81971935158117	30.786457381251147	421.2909510391236	43.46073011940887
424.1484413161801	45.338502449972694	434.2413865460155	53.63054534820295	439.4107107506472	41.41176188658193
433.09397793647315	34.41015967127258	443.8199732521657	44.26204878047942	443.39182463580465	19.691393537953086
423.5029240536878	44.91430697181422	438.0756164546562	56.82511729696962	442.35174198955224	41.54478203506437
436.2011104072318	35.35893135113572	445.566268399537	47.07656474496977	458.8576296240866	42.46608240375437
R75	290.23895258454434	313.63134772415344	10.558838508427716	5
290.23895258454434	313.63134772415344	298.8524535657187	322.6274408051469	295.1053126985091	300.47807002637023	290.23895258454434	313.63134772415344
293.23206715278445	305.5412626964617	305.72592091507744	315.47971975947064	308.0066115769764	303.1490809809744
292.6521119522326	316.15169413596	300.1122729238421	326.06915853010037	306.0276251773136	310.50862871688423
295.45700713513116	302.55693782281236	302.7039800857317	314.41767888945026	300.00091488704777	288.6031347640274
297.1227186755193	312.40296812324766	310.16330576248436	321.16572526977524	313.57768211830705	302.92456170291496
R74	193.52568698881666	379.44407366903613	19.59999537063862	5
193.52568698881666	379.44407366903613	207.1981897104466	391.20111647432	185.57270469066407	358.1720894313152	193.52568698881666	379.44407366903613
204.94908912069204	389.26710538319026	214.97043169881434	396.77510242182245	213.2025055189723	382.79558608981836
204.6058882104311	387.2418435946916	216.74078682591303	399.6893810674083	224.00246610647062	387.7746455771117
199.08691117349986	378.81260181649463	206.9734140067132	390.68717385447474	215.67707361539934	377.5925157321384
194.34241532999994	371.56624034173325	204.9590698137663	381.8227149928798	209.85315584407047	366.6333725223242
R73	420.4466553762013	190.64566668001027	4.617051801063376	5
420.4466553762013	190.64566668001027	429.17038279948054	197.25626124109502	425.39872424049656	171.5693056608796	420.4466553762013	190.64566668001027
429.0965786503795	196.75361661673512	435.97769893160375	207.2484068811505	450.2680894125308	195.90655609715776
424.0213476407233	176.87523617126152	434.71269766431317	186.73785355574032	427.29966994244694	160.2400215015103
421.2043299502773	187.72695248071824	427.44202953238727	197.50207968169406	437.7915938289007	178.2408414862462
421.5386434906046	186.4391097702	431.24962950776967	195.57040134349916	440.28990312096516	180.95037433505072
R72	498.4213392802315	66.49493715005967	12.136142998310323	5
498.4213392802315	66.49493715005967	506.1457292895424	77.76144630558315	514.3379138323978	55.809242862177825	498.4213392802315	66.49493715005967
504.8838554293356	75.92092383299979	512.0530328575538	84.44306039728737	520.3600059148052	66.31276317289993
500.0012487936175	68.7993346463029	511.3394412167438	78.6303437848304	506.9930914663667	58.53162680034232
502.77270716740264	63.573618443950984	515.3231568874183	78.36504988532495	516.4193200487468	55.59126453576937
505.6386886676204	61.64952340417473	512.9877240645308	68.50343653274659	524.6095909884225	59.12270260114041
R71	85.30581997771253	427.0758664489014	10.202356534185606	5
85.30581997771253	427.0758664489014	94.61018915209074	438.2086147508439	91.83266930609025	409.9225571909278	85.30581997771253	427.0758664489014
94.19714980786432	434.0022524877183	107.10711112828075	443.36788386278823	103.64723510454806	420.6618142278214
94.05638929213825	432.5687577619383	105.84497271294705	442.15664338412887	91.22118759291158	412.3095268860511
93.33874537711111	425.26032498252505	107.31375029421613	439.43930433814165	99.73352246911018	404.7039171616348
89.80729666995578	415.24546897306436	99.72102609042804	421.4669632610073	108.86722816547632	408.98833168653533
R70	459.62598741315185	395.2223859181536	14.79356599813254	5
459.62598741315185	395.2223859181536	469.50627617788996	408.2189744519433	460.6972329950169	372.66594905039	459.62598741315185	395.2223859181536
467.87919082454994	401.65210836934034	482.62341123860466	410.1673925134672	483.39685302247767	394.2217314356436
460.0495870892913	386.30295650458356	468.78704606343763	392.15810617605	450.8552693394551	366.23195510382413
469.40702840372546	407.8184135098903	477.4098701517079	413.9521177668761	480.0914337220499	391.0596034037534
463.5926353598405	400.44013738767563	479.47364368509295	409.25514897878656	473.5264590850699	392.97711407480074
R69	311.1272076344114	241.38398291929104	6.3351159416873895	5
311.1272076344114	241.38398291929104	320.66774687151224	249.44771412884248	327.67235217942573	241.6117811406313	311.1272076344114	241.38398291929104
321.3184803410656	241.52429923925143	328.50275936902557	249.19503225934554	344.57244589270897	239.53064664567455
322.8661411407287	246.98840779850778	335.4390246562513	256.3603286037634	346.3833075376916	248.51995366893703
321.74519627422757	248.24238978196922	335.19052723252065	262.8983312084748	336.6287702828568	245.24976642947206
317.0029737589884	241.4648821262184	327.11158577433565	256.15676925652457	330.53970223032223	238.152219903022
R68	381.47190570600264	44.72778203901628	20.590366630224548	5
381.47190570600264	44.72778203901628	392.65567684821593	54.36833987937148	379.17630583451734	27.969400213418197	381.47190570600264	44.72778203901628
389.69192795024924	48.5639274729657	400.2431717712784	60.178946112552964	402.23750217011406	39.80561339291748
389.14760328608236	47.49788411282466	398.24206197832797	57.544184121931224	400.38527283866927	33.83768565852368
379.23592677210905	28.08616601300269	393.0313308663457	40.30222623490105	399.4536200669136	22.88550682869046
388.71676444406893	50.97294557297864	396.9740095699719	62.533699200323	395.7011076773285	27.03151627364913
R67	411.8631101738054	65.61726774892645	19.166670064771576	5
411.8631101738054	65.61726774892645	425.454382996564	79.08894736410693	432.72737803207974	58.64609028118441	411.8631101738054	65.61726774892645
426.6508460428854	75.72594176029368	434.941923319121	81.43428347544139	450.8137894222068	68.24681236110914
426.73194276602874	60.649287494712574	441.9815057102229	68.84621719437028	436.4911477875781	51.33458120673061
429.25759745690453	59.80541474576552	439.041845497103	71.76357454644238	441.453626309988	47.27641110554026
431.18350979542925	62.985578698623115	441.57948927444704	78.96774174051386	439.928299678901	42.83580295346779
R66	55.65289512632188	472.4997528532135	11.407105877529823	5
55.65289512632188	472.4997528532135	63.097178020310345	480.4482803117954	57.0180502351993	454.0222598614679	55.65289512632188	472.4997528532135
59.577330286608884	476.690012825219	72.81841876821494	487.976162218527	57.948741956469505	455.6204712414646
57.11108934294659	474.0567190426831	65.85527253181387	485.3870462619312	81.92975034033314	475.81662558695035
60.565102728719445	469.4413273733768	73.62445044221454	483.63741832244517	62.834232028812934	451.5529223011834
58.07024884082248	458.5961761950092	67.02517331118301	467.03124144372487	60.57852935939052	438.5660528414264
R65	293.84380503040876	223.6564892659829	7.719947799328739	5
293.84380503040876	223.6564892659829	303.9551708303539	234.0224650692064	315.3809201399724	226.97867111713944	293.84380503040876	223.6564892659829
306.44887483183925	232.48513594636972	314.0635908195187	242.5429059559687	319.95047169970405	228.97633500592056
311.8289982353719	229.16837486013839	320.678344867462	236.89858956102992	330.7298742548356	226.28845998512375
295.4759869353151	225.32977044950118	308.1057005897839	238.82443526147836	320.2090265290846	223.74598765926436
302.72509860884327	225.02646255121488	312.62196582478407	234.1854588223346	297.74610189936027	201.49159940142235
R64	218.95714531716354	351.57150112935335	13.827924706728341	5
218.95714531716354	351.57150112935335	229.0960798376853	361.60885368677725	221.97408205375672	334.26949950863366	218.95714531716354	351.57150112935335
219.2720041435839	351.8832053858708	231.21190400111658	359.154115895363	236.4056638092818	340.3770197486562
225.83799463718498	349.10197739427826	236.23893418717975	360.2652501957968	250.33204114401448	346.77117672549264
221.9164568400258	334.59997761554047	234.5669986610191	344.42549960432865	237.2717286013296	328.48172558094757
226.5416518402043	351.8031202585401	233.41913523868223	359.5130528201486	248.84077627591338	348.88032313353193
R63	70.86303219990842	299.1492316115961	18.221302698380562	5
70.86303219990842	299.1492316115961	82.90074152734901	307.0367909951181	88.69997829031433	288.86951404052434	70.86303219990842	299.1492316115961
81.84820032026718	292.81830336997467	95.21370747396571	307.3326744168482	79.32769402821735	271.1330943393698
71.68966240531117	298.67283139127886	84.60588596508288	306.3602933909538	67.63292566272392	283.4985395771586
83.97190804068454	303.6811461908694	93.3677378514204	309.57508475626946	78.28549416461937	283.07311279089606
86.1806954934384	296.76167471071324	94.98495709998195	307.8569779693216	89.54501671186023	278.9642397970945
R62	207.0588693212791	238.72154554967574	6.834631777020024	5
207.0588693212791	238.72154554967574	215.78700414153369	248.97703991857176	224.06651374908694	242.25553684788088	207.0588693212791	238.72154554967574
208.57181048251047	239.0359171795145	224.46536809025287	250.40457011587893	207.28997499951973	225.15576567358812
219.17800640208202	246.22414352888683	233.69489525402258	255.50009458094755	242.00610552017199	241.491952415872
218.00948870080194	240.9969572777053	234.93447040199464	251.4406820810504	238.98238123044834	231.5151610133505
212.80255289735265	239.91501639530912	224.61594966737695	253.00518678404276	225.65245479022235	227.97663053669902
R61	31.75589042393773	254.82469455288165	20.230279967657136	5
31.75589042393773	254.82469455288165	39.140072868377295	262.07910044237406	53.23784143715617	248.2208268344247	31.75589042393773	254.82469455288165
52.43751489964763	248.46685898401972	66.50230206852227	259.1625684161136	75.36877239301327	242.2583900661653
49.36610618187749	249.4110552010667	59.53210598219475	264.3189155857267	56.008484663971586	233.10379654218448
44.21118928177086	250.9957524795865	58.012686686352374	261.76964850741876	51.827307791686486	243.82770901913722
42.77364578100176	251.43767449648175	56.89125374385006	263.1409535593595	65.03979467338506	252.89472713610388
R60	28.123039833201304	28.892200602839036	16.32572230649524	5
28.123039833201304	28.892200602839036	40.67572152246203	40.27237848136722	28.34337189427899	7.7362869947504755	28.123039833201304	28.892200602839036
30.498157703971287	31.045466695371122	40.98192797268822	39.1858528873162	51.20047596599944	25.49154081997701
34.52094190226944	24.034396357918936	45.670260965334016	33.4449607302158	45.99823225848008	17.454166958170568
28.27599243265739	14.205949476251895	36.05414949212873	22.634294591229036	34.29776844056996	-0.4507603775797371
28.293595469553125	12.51573550564445	36.4810345934399	22.70329041613481	47.84788198579348	7.91616013899584
R59	431.22578036388734	120.29742017773309	15.325448785508353	5
431.22578036388734	120.29742017773309	437.1603646389618	129.32608149741498	444.05845158011084	118.66127889587825	431.22578036388734	120.29742017773309
442.1162927947222	118.90890046360563	455.65238435760955	129.3539409888684	439.4022404579602	96.64094149174328
440.6549689030603	123.92324083085603	450.4894964928905	134.7235979926878	439.9959952279533	99.69986826349015
434.02865241004076	124.56160807264774	443.52367079750275	135.3425868599316	443.69008928084105	109.98388019344868
432.1068454247449	121.63784061265696	444.39822401559275	135.12971159555715	438.5025351644417	102.52891194208263
R58	392.85317276928214	64.86740919477485	12.233131732985061	5
392.85317276928214	64.86740919477485	401.923919360034	71.06946455476896	405.97189272462	52.35009231022648	392.85317276928214	64.86740919477485
403.80456212010546	62.37265538285839	413.4818116407841	76.57328207072823	405.4954196525079	37.56667366214513
403.28776362875635	64.7625286511996	412.0608529330028	73.20180690090335	409.48063964736014	42.9921836715976
402.81625750310945	66.94295275151195	413.5320108753267	75.82554745680856	400.4538153283993	41.31335593324232
395.63315727926306	62.21486785201919	406.75771880573336	71.96991171137378	412.04675895320133	50.79339252065978
R57	373.98822883243673	228.44103944189126	7.23326845827241	5
373.98822883243673	228.44103944189126	386.27482058506706	242.62254908836752	387.59481872902046	227.95557669103422	373.98822883243673	228.44103944189126
378.0512231638137	233.1306551192141	393.214032546308	244.12700379648777	376.0110215962178	214.92532405190158
375.23922861048726	229.88497652203114	384.00198831641325	238.69868778181635	383.6612739974811	217.1861397239048
386.70421485382093	237.8513954952851	397.07566839928	248.10254049735832	389.07671655627377	215.88637603527386
387.3510879784355	230.66375640142726	395.7386649990689	240.4940678481665	403.91775830931994	221.76619990380794
R56	132.36675465594905	291.75406980413953	13.901630105245367	5
132.36675465594905	291.75406980413953	146.03834068129706	301.89237340780846	131.89348253057125	267.0440102728293	132.36675465594905	291.75406980413953
137.09146455417223	295.25772646099233	147.26357227209735	306.1573503079329	158.51611522251733	297.7879186145952
132.07893609744775	267.5009079790009	140.7088552760615	273.5856083733732	133.42068322587778	252.84465172869872
136.3514203509432	278.02692960238846	146.2576000859647	286.3316549717578	140.40450739769372	262.56774506164123
143.623103083714	295.94200784309544	150.30105438051046	303.64236722938784	169.76266059769966	296.6939984204971
R55	144.90442214595245	123.7024443814303	14.505168307252577	5
144.90442214595245	123.7024443814303	155.40775369362055	134.08330357139909	155.20605237081642	108.68103038749898	144.90442214595245	123.7024443814303
151.07505252341903	114.70468465989283	162.3349193686384	122.73211105888376	145.320335334223	97.37341781607124
155.34041574392825	125.6027593193985	169.79102289632715	133.89658542830372	153.76470035041373	109.5930355730234
152.794681369659	112.19719252016033	164.7104833052742	125.23325925132669	167.15838176020327	100.07227143939706
155.25191829333176	114.45738662239307	164.2751255040579	130.5021961653103	172.78325045757364	124.55756428851788
R54	195.6070648421956	110.54474531184422	4.246692405755278	5
195.6070648421956	110.54474531184422	212.0256391002676	121.48389824519668	214.29756259873983	107.8550078454283	195.6070648421956	110.54474531184422
206.62439020470973	117.88522476899274	213.1079252630632	127.85555053091679	228.01486195386138	121.00584190834533
196.05425583635613	110.48039034456058	207.78784585646366	123.71901000052058	215.5901118226159	110.87690369136449
198.32272811727313	110.15393596303551	205.11705520633294	117.52392209018947	221.84429360900165	110.529573993332
214.12798252217226	108.87229046039216	224.01489704693216	118.90484789468455	219.9880966031247	88.95046577764685
R53	14.712468564496096	298.0241225358708	13.889885296585504	5
14.712468564496096	298.0241225358708	23.739596334667517	307.32150057343813	36.92196574074684	293.76475070532456	14.712468564496096	298.0241225358708
34.67808439764987	294.1950857510948	47.336906585760545	306.6777298507524	62.63772572167335	294.00129862813276
18.511838363391874	297.2954735004235	28.357998171248248	305.6261806146595	34.6563870554837	293.16389810043853
26.930101230832143	304.04038505483123	39.194773428383975	318.2558035143544	32.314429009095136	292.86051808824647
26.367619709703423	304.61884110112146	35.23234196393966	310.48478107404793	48.97082071014894	301.7111722796398
R52	288.52385420973735	30.04176732057512	11.64306216811696	5
288.52385420973735	30.04176732057512	295.2772806537557	37.91193625655673	294.12128546072313	16.60126992045707	288.52385420973735	30.04176732057512
294.31066391939464	20.092444596890047	301.5798026212892	28.414281654789605	295.6710683091552	5.280685667203302
294.28374954202684	19.596280495874346	304.21720663279274	30.54550039680884	302.0624773120355	10.50353047021629
293.01403738040756	19.259983226162376	301.11858893780214	26.944569963591473	300.03318470502853	1.4189499329447273
293.17216411895026	35.45871893107284	306.29232015245645	48.71675208206625	314.21772610815526	39.44389088234616
R51	156.70246639177242	200.9759526839599	18.05002445443341	5
156.70246639177242	200.9759526839599	172.12736933208762	212.54093474344194	180.77852651157264	200.6174210946288	156.70246639177242	200.9759526839599
176.52911052119083	206.47420632111323	186.7177816287173	219.21002367476473	196.7734614598383	212.5838933751366
177.25641125186883	205.4717993587712	188.05378781945575	221.4695240387671	192.9211019422151	204.2301740298288
173.49377658538285	210.65767505962327	183.63158040783193	221.3074916273338	175.51487605509453	190.65603660306593
162.20491864911344	200.89401224423568	174.87841825358592	212.17354622064028	164.7774944567109	177.42707470996456
R50	28.544184866536927	301.16387014539566	9.778486846318442	5
28.544184866536927	301.16387014539566	35.15705024743515	310.55154875802634	37.06899586756988	279.71636789860787	28.544184866536927	301.16387014539566
36.59694972291098	287.3293607009465	50.15663091830544	301.1519929216052	50.231929596454876	283.13555670656206
34.80897749878333	285.40232962098014	47.66549343447207	295.1947422875977	48.840605006063136	277.52422766700124
32.56047874689258	306.8654342920913	40.05378605405759	315.1506565260756	53.0563439095187	314.0546023173778
36.14084759392058	294.68521407338375	50.117474822888695	308.3908573155838	38.6935722994657	276.31654924642766
R49	327.1312337831602	475.83409434649883	9.852303593148292	5
327.1312337831602	475.83409434649883	334.8486897143362	483.3299221582919	329.8400499899403	451.97292960984464	327.1312337831602	475.83409434649883
332.45112513198376	468.3197759149791	341.1011612481449	476.65362526184936	335.7632293461182	453.58335654731036
334.6286973020929	481.9526419363132	344.4497791109975	488.8739924005115	356.1616329272579	475.2042495378348
332.6766866065075	481.2202941347363	342.71216195163555	493.6223222808008	338.84212736815846	469.306275250419
334.8388766411153	483.2684866227379	343.75111443560917	496.88996087823904	359.12352358538317	485.020691642396
R48	281.41249393848	50.04865903040334	13.054724683294376	5
281.41249393848	50.04865903040334	292.3065779769379	60.824179248753374	285.08318665128445	35.22921561215131	281.41249393848	50.04865903040334
286.81038836690425	41.349286242599526	300.82189538562994	55.22079837581161	292.1030655752253	29.95305793404303
284.5097001621489	37.54451445131355	290.97777118716425	48.60586723335572	300.175316813159	32.96942153461614
289.46620683037474	50.75976588206357	299.3055638681679	60.02561365763127	310.1233785991168	55.315630695747615
290.3934091330406	54.04516302456985	300.4889074604346	70.32580213899429	300.8138173990724	47.75093140326182
R47	147.6836996198911	259.18819354761024	21.280647354469195	5
147.6836996198911	259.18819354761024	153.17493487327337	267.9203175789934	160.59072144188127	250.06407395228962	147.6836996198911	259.18819354761024
157.53776319170078	252.22224464250328	167.34176314836162	258.2963803356143	177.2752883597287	252.49547460631294
152.54452665744287	266.9178468275092	163.44689032457472	277.7763600681638	168.52638115921948	266.6049709453972
148.38272823239487	258.69404232132433	163.8000598712338	269.298073396741	151.3728016937498	244.90014966715103
158.320084266038	255.53147113593303	170.7258135263113	268.38079228318304	175.52205575925697	246.26823937547522
R46	0.7483349495120417	387.7533327134845	7.549921325105148	5
0.7483349495120417	387.7533327134845	10.064793496766072	399.59507444587257	18.79598415846654	378.57459680186537	0.7483349495120417	387.7533327134845
3.5834773092192016	386.31142619755525	11.49560315584154	395.73737276477436	22.729755163907534	385.55110182907686
17.82380299740062	380.91513810418195	26.88130797081516	389.0967266493974	17.6077068199298	354.03664618861643
5.639633670555779	393.97044792918325	12.771312382071322	401.8615120097308	11.996933393706042	379.22333853608836
4.567282718736205	392.607429679972	16.94136126334077	407.4775342625411	8.514390217449087	370.9436814032581
R45	336.64376481862405	150.6492182470569	10.148809261030289	5
336.64376481862405	150.6492182470569	346.0615819461148	158.11372979531995	350.794152388067	140.54082479749277	336.64376481862405	150.6492182470569
350.44998487739207	141.81878210264273	359.07785200560716	153.40743563777235	347.98143319538156	120.78139133899393
336.884910328904	150.47695485960242	348.9939849933879	164.1495059970632	335.5174512565881	127.31175836659571
339.7217765840925	153.0888339306065	351.5827050129104	163.23449105967399	342.1500169932716	134.494198671586
346.3131534547887	143.74184668062958	357.18249998718426	156.8521212105389	353.1576242594699	120.74355192969584
R44	242.02810937745295	344.528984977052	9.559427700699516	5
242.02810937745295	344.528984977052	253.07657008010708	356.20152642702084	255.51666137471912	338.02225883058503	242.02810937745295	344.528984977052
255.39846810539325	338.90282714207274	264.7657860765312	346.58963103726524	266.02457319453913	322.12047191395317
246.2924461408689	342.4719167668036	258.59330503909575	350.89426394535815	252.53924986657321	323.94815470720874
250.0966174266545	340.6368272200623	265.8413453132583	352.2712402202726	259.70601487677135	326.3318889938848
253.79881766891134	338.8509273606385	261.287371779438	347.01462203314736	265.2409072652848	335.60975881538917
R43	244.86170407239345	74.74916927210312	16.62366070841108	5
244.86170407239345	74.74916927210312	252.41619446539974	84.7734648593546	267.37356448272345	80.09808910827493	244.86170407239345	74.74916927210312
249.60809819257054	81.04731185473119	258.5272552045655	92.33974248794965	260.53000593373605	72.19657668679731
253.98114159309944	84.28429357830086	267.641993703621	98.17285484301027	266.9143137684911	75.0137592890287
253.92030432427697	76.90153365656852	264.086017309205	82.26609917670226	260.30504968597904	59.86116575345406
251.21164786597143	83.17511334480818	258.42019562521773	94.20750003235081	275.3798453944562	84.37410068845458
R42	496.4619435625783	58.8215770528564	20.757944334511798	5
496.4619435625783	58.8215770528564	503.6682581438723	68.17608921254164	495.3551602610431	40.19447844485028	496.4619435625783	58.8215770528564
497.22294512372224	46.48138012240952	508.008768558745	53.58745456902631	499.3941681004204	32.03691769511546
503.1492955777604	66.42927848895584	514.8357426663044	78.70805390196549	507.12641475430064	51.44512681294135
496.50088509295085	44.05095009298755	507.7152848645646	52.85596965165324	518.4728334725613	48.41044291019935
495.67337941243215	45.550088259035434	504.46286400142844	55.112521374468024	520.0295456396515	49.11621521249895
R41	389.7576186816841	268.4857386022095	20.590360036828624	5
389.7576186816841	268.4857386022095	404.76133183706446	279.73067007658824	404.63947925195856	264.8759841738481	389.7576186816841	268.4857386022095
398.5048771885074	266.3639975079476	408.58224477143506	275.3594089828282	423.71200999057794	262.68077919899065
392.7511763650703	270.72933994713435	399.45769439059194	281.1976202140488	406.6415602918419	264.932421802014
404.72385531380684	275.16201869151837	417.3989807322054	284.8545180420548	404.8646445246055	257.91603812156256
393.91635841363785	267.47699180654286	407.04817426719313	279.23980729240003	404.7867473527457	251.7997726293652
R40	221.66086983505755	396.99685936892377	5.285476028304209	5
221.66086983505755	396.99685936892377	230.42935438771505	405.54887136258424	248.39337425077372	396.75080002173394	221.66086983505755	396.99685936892377
225.9766641770861	401.206107244489	237.9507563922892	411.3991438032025	249.5490864377573	402.86730527961134
245.93360414108474	397.9554988069784	256.14682163049304	407.8354672424505	259.05209917459405	386.3284171144989
242.1938180848246	399.7870991265793	255.6223948516262	410.4242051780493	253.52546471240322	389.12863961067245
238.73687784693726	396.839683246602	249.18324447081326	405.34800198530746	248.8992834284229	387.343603947366
R39	445.5791626106782	295.42452346789685	18.39108177131459	5
445.5791626106782	295.42452346789685	456.2130608017507	301.0299169538199	470.14183021841205	290.54422797127694	445.5791626106782	295.42452346789685
451.5055340910593	298.54846197985074	463.6253416118566	310.615796882531	474.93534806038366	300.84095472792245
463.9508616806973	295.20483858555946	477.4182814583173	307.93016648677246	461.92671369410743	273.11851341230386
464.629027981827	294.6943095718778	474.8974710116302	301.67244777513724	486.6299890223092	287.02705790253856
447.4454234082333	295.0537207394929	461.6008502282429	303.36652540330317	441.69745128100124	275.7451067539649
R38	406.2653994082236	314.39360300051015	17.231882928799152	5
406.2653994082236	314.39360300051015	418.7210783479189	330.0006888358081	414.63746593011075	303.47730294460615	406.2653994082236	314.39360300051015
417.9352085167116	324.89640207674483	429.5904889628275	336.6576345437211	430.8247252000281	311.59595086545045
417.3814165115794	321.299479168114	427.41040700005345	335.48353596903104	423.48910359014343	304.5334605837204
417.6848842703895	323.2705262825167	429.20982227697016	336.83706456296443	443.4783507839768	323.5285442455469
413.6921197728939	304.70993556665906	426.35330899527384	317.8468004616999	430.0448602155383	299.5290672492738
R37	339.4706371908667	407.01985304990166	10.109978953129566	5
339.4706371908667	407.01985304990166	348.80228617740806	418.7711746708288	343.73178856621746	394.6573110090952	339.4706371908667	407.01985304990166
345.02349915802847	414.0125578748308	355.49284513697546	427.03703532523474	365.6794346403442	413.9455423706096
345.3573996674905	414.4330379295069	358.7096665516719	427.5094347897273	368.49834949017696	416.1893681328962
347.91610978663437	414.5567684515652	362.0945870326646	427.5931935840983	365.3600696260681	411.3289429762339
343.9110755761324	395.50994971340464	352.5903817630247	405.36906623790594	358.9986435908215	385.0047107884856
R36	126.96219981455725	415.2155020407268	7.929441771470118	5
126.96219981455725	415.2155020407268	135.44646343799735	426.01386476082115	147.21180439245023	413.5618955288027	126.96219981455725	415.2155020407268
141.3794200154266	414.03817489261905	153.67656266839555	425.6578648300401	140.53347083810186	388.2432380585882
143.98949751113278	413.82503289634326	153.58750289167625	429.027134344025	150.56204426920777	391.7479210057181
134.38843314098708	414.6090670982362	144.84002321050477	423.9209184177151	147.05738707499904	405.1983049210954
135.00167457950175	414.55898908154165	143.41677401475525	430.3255921445139	153.26185298212866	412.1731044708216
R35	242.58454563259784	300.9811034794497	13.920546778593492	5
242.58454563259784	300.9811034794497	252.42343823684615	313.09605660956476	249.63939704040823	278.76147681109273	242.58454563259784	300.9811034794497
249.73715808757868	279.9671286813132	258.59061219023437	291.9790727817141	262.99398154716874	269.1932522741697
248.85137121932587	281.243405704746	261.7585738574333	292.9063420151465	262.88007034460924	267.8663507834323
244.2784225254683	303.06682999266013	258.38449278144907	316.19453874277946	252.86868379077086	290.63674979866494
250.2805050266454	286.6680312618894	257.6392603057432	294.37420097458096	269.1235099885988	280.74022056793814
R34	356.6183714889639	474.949278431841	14.482853895717248	5
356.6183714889639	474.949278431841	363.86706926362814	482.2715465665529	367.3354619396462	459.75981460722085	356.6183714889639	474.949278431841
359.09719657346	477.45326224962	369.03121293569376	485.6959464480986	364.7493610440822	465.776359547684
362.7623411912644	481.1556061020375	371.27892563392925	492.6413335420321	382.22564097285056	477.08678546247495
357.9663847709235	473.038722663402	370.2976018510837	481.63848754678065	371.4809237984974	468.13199645006
362.46500812272575	466.6627685761207	370.7049710193762	472.7293849276938	368.34736546868	455.1956262136548
R33	3.883109309719912	8.161707881561341	19.916114868361202	5
3.883109309719912	8.161707881561341	14.03881372515129	24.028130638400743	21.033418777194598	-1.0179505166435057	3.883109309719912	8.161707881561341
12.76056016488946	22.031094239159717	23.707383714801473	27.993757310616623	22.45188601676606	11.532868178769203
18.536297769680125	7.923668766049638	29.79981083499034	17.795263400596024	22.183807691151834	-9.044718739862125
19.06153407332639	6.042917674484172	28.681484639091913	14.557935273147518	24.83737667650145	-6.271425747909985
14.908394382213224	2.2604528109017745	23.417492338826094	16.96675416413186	19.57207027289185	-14.533258188669858
R32	490.6154812875816	449.85497884288696	17.857030752560007	5
490.6154812875816	449.85497884288696	498.1756606456195	458.19537078991425	506.2599136749728	438.8898891596557	490.6154812875816	449.85497884288696
500.6496355967065	442.8220997220303	514.9835931947185	454.2045953852253	523.4278346129037	446.2528918166857
500.29309659404373	443.07199579003463	507.925419009226	451.22996907386596	519.4105306304491	434.57458585287327
491.3517164036985	449.33895602555083	498.6384568053246	456.5423205864138	488.9872099738062	425.68259438955687
496.0369787075946	446.05508352193164	504.05934292356824	457.94069742992673	503.5611908961214	421.6035282841712
R31	395.28655560144296	127.58615208164126	10.304798979946629	5
395.28655560144296	127.58615208164126	408.1363751225147	140.26278717479028	411.13986984324265	118.70164234787075	395.28655560144296	127.58615208164126
408.9090115281697	134.71627320028287	423.73099044586155	146.70095206465643	405.2856735628156	114.35682256298634
401.9637202270347	123.84413743377394	415.57785836030064	131.80041618758244	404.4776404270341	113.2514584253644
408.61981751269525	136.7923061653788	423.62645685011637	149.4387871386349	431.0780282269831	139.45051253562033
397.1382219637936	129.41286246860705	411.35428852883877	143.47489088108756	395.6680648181658	113.46711228989996
R30	239.81097143398483	282.4621272047811	6.817747299686942	5
239.81097143398483	282.4621272047811	249.23680748090885	291.59714918089446	240.377580536808	264.281308282067	239.81097143398483	282.4621272047811
246.65985555275512	283.6515790631489	252.76341822789956	293.13477245970114	248.32269699236605	266.49037712328254
245.53878186300244	288.01321825745885	260.4832656122317	298.1908252643069	260.79723947491624	281.2666315156889
239.9979163589026	276.4636146296825	251.12991313157104	286.268641324354	255.9100281459436	272.2658653922379
240.15006785395968	271.5815208428549	252.97174700742505	285.97375434694675	261.16986804593546	273.2592467711001
R29	262.70979349014345	113.79801041062592	16.398243141110356	5
262.70979349014345	113.79801041062592	272.7844383746612	128.04029138642073	283.1905719630155	110.01200017214072	262.70979349014345	113.79801041062592
268.815624731788	122.42967585701052	275.3684556222702	131.62047523197512	285.184366296432	121.4260299058807
269.19029633072194	112.60004568787572	279.64047162003726	124.40206071920734	269.806975680348	89.79124831173611
269.1291253524231	122.87286407618367	279.5861231583925	131.11735998466187	291.6622811955756	125.02645750095915
263.8605737475234	113.58528090708394	271.07329623373556	121.04071967310908	265.2390120709723	89.12063312264101
R28	218.76995467506816	87.20704318233558	6.302901051001429	5
218.76995467506816	87.20704318233558	225.0040783667332	95.92368764768639	220.70854582403447	62.46965220156596	218.76995467506816	87.20704318233558
223.4397830246558	83.74079965839404	234.15882340729522	98.27412122796203	244.66188180044418	91.09192535545232
220.58540620476163	64.04097522591775	228.32257556040386	72.22416522402145	240.17180339922913	57.0151361675304
219.7449654084046	74.76541941145928	229.94999001894664	85.06354771204732	217.44984678182615	57.20854093019236
224.02997491428607	88.33727290110383	236.43986427499107	94.95865468395118	246.06933175594645	85.62901005664148
R27	174.01441045283028	452.58789252152474	20.606709007834013	5
174.01441045283028	452.58789252152474	185.29694160477757	464.3410412235866	188.52691815901974	442.76458674008643	174.01441045283028	452.58789252152474
185.83700385721318	460.7333900805377	199.8828074043516	472.19865276014764	211.75163967927654	456.39202253133305
176.73269831701293	455.41956575623453	188.51577920007932	467.4228121734894	182.17005270190253	439.8968257994285
187.65880851824338	448.56361587740264	195.5320964449541	456.47472885752785	209.61013186071392	450.10824688096886
187.2061968569928	451.587091355839	194.9422218925448	459.58912602030404	199.026886474995	436.21042722018086
R26	348.8137971115387	57.08558653357765	15.215737148212968	5
348.8137971115387	57.08558653357765	363.2122281643705	64.81577253612787	338.7237888911675	35.254194985853076	348.8137971115387	57.08558653357765
354.4416772614697	60.10706576276566	365.7108933755602	67.19807043303746	346.9801946411657	40.12009165205325
359.5137383787094	60.35108651028705	372.0096782921559	72.10320106563157	377.3193313324767	62.258583317941415
356.317780147896	56.49303879913655	365.9249752886412	67.05308326479305	375.56177672239573	48.38398558239659
343.7664020119913	41.341459150147365	357.2428426053104	51.442527708362356	356.559663690989	37.97823620152315
R25	436.1467225995336	77.16113391230029	3.858599317373589	5
436.1467225995336	77.16113391230029	450.09703104856965	89.62873350349238	460.58991469091984	79.38460944495378	436.1467225995336	77.16113391230029
438.6546266534175	79.40248532550952	449.9814825768682	86.72702726979152	457.13804534783606	73.92781623646775
445.8555418733421	85.83805110386655	453.85856334304975	94.80874290693845	444.9569049063316	66.22847151222742
455.88803061288866	83.97502381015397	464.3981407051232	92.27079793213434	459.7310575736764	70.23277254371891
459.8984214482129	80.05970914160345	466.8802080429486	87.61092406610143	470.0943177570689	69.00317214050425
R24	419.7759476559713	309.6308327249687	8.95847758837207	5
419.7759476559713	309.6308327249687	430.55259759632827	315.8825525433957	440.8233275913822	301.1884810023804	419.7759476559713	309.6308327249687
436.76148293137487	306.9996585965125	444.26782855149924	316.1445540600542	445.1044185714029	301.1940403423934
422.1103598049336	310.9850653275692	434.30121309676406	325.13454146988175	435.0952370127977	305.1775954903779
438.77643346495177	302.0095143189859	454.1416549494208	312.2453373190505	438.60046343923744	289.3062689651397
424.0007738192346	312.0817269825033	433.64694376139823	328.9742405098647	433.25093775075084	306.270128010565
R23	207.33444711449584	224.6842648955965	8.956755835641133	5
207.33444711449584	224.6842648955965	221.03193841573147	237.33034262240426	226.03016519599123	219.09330786368508	207.33444711449584	224.6842648955965
224.1094481792445	219.6676985484548	234.02783204884184	228.15427406024563	239.8631218378603	214.6630231107088
218.9523534865262	235.41038574301163	225.49456233226482	243.46013154888723	231.86446998017522	227.0679850085259
219.08331351469297	235.53129333542256	226.28292226511815	246.30520978091926	236.47870915311262	231.90886949810027
224.28151536299697	219.6162418337799	236.09755819362752	234.45894821238213	232.0185732073591	198.69731601497105
R22	470.8324834890655	301.2560473910503	21.172798116646558	5
470.8324834890655	301.2560473910503	480.4525503122247	311.4229468506123	467.9109425550934	279.49077169283123	470.8324834890655	301.2560473910503
479.88006408293563	309.9653402260804	490.26981788985694	325.48578150710097	498.5927758222224	314.7960211797623
468.7388442813897	285.65858167089294	478.49782804692643	292.70021872895666	495.4703122160867	282.2080512543493
469.00438916694605	287.636872502687	482.3540588116738	301.4773039143902	471.45412450323016	261.9473531520907
471.2962667476972	301.7461934418225	481.65759334271576	310.40418050383556	474.10509522392226	280.7517860303909
R21	42.20800408621284	396.5989559965311	21.512496510283373	5
42.20800408621284	396.5989559965311	54.01279893374539	410.14301059522325	38.61711271686014	375.32975476293024	42.20800408621284	396.5989559965311
53.53761251332473	409.59781257138127	66.18058580712108	416.90297854674867	73.8986250256036	398.81781648351847
49.31479753745019	399.519728059735	60.23184731657928	414.59645338623136	70.21346863854914	403.347068247589
39.10738904795502	378.23370948434757	49.684783914840565	392.3794655572888	44.0472889546314	366.5000661958152
44.7170101351771	389.12305285845184	59.043666537957975	401.32924495743515	65.76911162310917	390.23785983039556
R20	179.013021892736	194.06316173560413	21.852116503280385	5
179.013021892736	194.06316173560413	189.3790175067231	206.34730378983645	199.16375356274614	191.84888909662575	179.013021892736	194.06316173560413
186.4550673144613	202.88229947584864	196.66926144790665	208.8289000905412	186.69897531591477	180.59846867160124
196.8689550886721	192.10105410762006	212.16525536387107	202.88881260425998	195.9925083134381	175.88288284011256
184.30238603381378	200.3312813552853	196.26721572164126	209.57314275685704	180.44211712060203	183.607510033383
191.74802298775003	202.83705847736576	205.28555568776866	211.93948593246049	192.95106601041599	184.48661217848752
R19	287.5715892117839	409.7403848613717	20.54912751860304	5
287.5715892117839	409.7403848613717	295.32411863494923	419.3023527294828	290.0678068789709	384.6855533137458	287.5715892117839	409.7403848613717
291.7376029523659	395.68242686717554	304.68445529985996	407.5838387794729	289.142162502343	378.3540584946517
294.0163735772159	410.68985970165085	301.7734261544024	422.36312252817646	315.2785885934817	420.317732665094
292.0969278808471	398.048854041165	304.24319924694015	409.2278385514618	290.78182781347334	380.6541817925148
288.1095109116252	404.3412012274682	298.96398664206527	415.64603816303037	297.2568564488323	398.67292923343126
R18	389.5636921446132	493.0796911601547	19.04852568514051	5
389.5636921446132	493.0796911601547	402.41834028790976	502.33280545985014	401.0658691103058	486.65924868146124	389.5636921446132	493.0796911601547
396.13119588934575	497.80715333074534	407.1520878588798	511.5120434974055	407.72269147856343	494.25229424697034
402.0638473202643	498.22464718783897	411.7175751784714	510.2369775782708	411.9396348166969	490.7651152456623
390.4176762785714	493.69441143204034	397.96861698876745	506.1061531429293	391.9816769510649	474.55257394883677
391.16384123483823	494.23152062007864	404.4166190458317	506.6994161395286	386.4746740319606	471.5251061834991
R17	152.18280123179267	39.711120141469266	19.338208426197284	5
152.18280123179267	39.711120141469266	166.4559840427686	50.44399399695797	158.24124033465367	23.60461846283679	152.18280123179267	39.711120141469266
153.26460643391212	40.52459523839235	163.9604444173707	46.83611351811914	162.92522320436817	28.664587157260897
159.91653041150323	29.078159829286818	173.04270717122	41.33945219237124	161.03788356383782	15.623048836777022
163.89105410022216	42.06380340395001	171.94365122842746	52.26652980203571	183.07640554453357	42.184449785040826
164.00665521155693	42.441497675313734	175.517572222363	51.23571866706905	165.29660698697023	30.404248129338786
R16	201.73219677223742	367.46258652408693	6.834137529863071	5
201.73219677223742	367.46258652408693	214.62325040863257	377.633464128046	206.49916684840713	351.31489804523176	201.73219677223742	367.46258652408693
212.11140536365212	375.65165028774993	221.83678295133925	383.8529970697435	227.74052534143823	367.96594068716064
211.05951241702877	366.0884728513613	223.00928115897483	379.8111368775965	215.31224524083194	352.8892522946857
203.52984179294262	361.37322340116236	217.14751832209592	373.4685354983635	199.3013025590015	338.3999346824382
209.91453318911843	362.3792284486152	218.5267677410021	371.25585421995964	217.62849107061672	348.56548490189493
R15	136.656458622132	4.6442779585370015	20.861874474556	5
136.656458622132	4.6442779585370015	147.49994539788534	18.160977346589817	155.11943052421748	1.6352233037635688	136.656458622132	4.6442779585370015
146.5820738961326	17.016825707672865	157.90570684319613	29.95702410361615	159.03394819658317	15.986837895974556
148.98564920386067	14.938663073255404	157.7510819651812	26.914083915189003	170.61288811913334	19.870592954271757
140.7430625184097	3.978252221103005	152.2797184596074	14.37783979562279	151.9742639414943	-3.4093230243781303
148.7105305864297	15.535362525893529	160.75916137471503	26.427114138370158	143.87917315707404	-3.284503095096447
R14	389.21580025629487	82.84288729889595	9.95421089192719	5
389.21580025629487	82.84288729889595	395.33200983482817	91.18317296644443	395.70982927288065	63.80086243128148	389.21580025629487	82.84288729889595
395.4011676116004	86.17099114419482	406.1758351080921	101.1495208170773	412.79560736981193	80.302807211038
395.3235799288644	64.9334366152085	409.4589167006915	76.28511589627026	395.6117751777387	46.50396165204637
395.58091506795955	73.14386714734046	404.40090604064926	81.59097453138257	408.5510605483846	58.6864573291366
395.43304498381787	83.86069152170029	405.3028294003979	94.32341967874362	413.6260148341322	87.6118557640747
R13	359.2729858513085	393.8839798190788	18.00874290927802	5
359.2729858513085	393.8839798190788	366.4656671475425	402.993716655299	369.40458438376737	387.350887453541	359.2729858513085	393.8839798190788
367.7495081973541	396.1602794911395	375.66566539911076	403.1949403022612	391.0622591833523	394.7452900732853
368.9591829952219	389.7216033625717	375.61487075644317	398.5301388894746	369.17818093185804	367.9567756321047
367.80454738341143	395.8673251417325	375.12588383819246	403.7372445331031	374.51714208968406	384.5571873619107
366.568972604103	402.443857818627	378.611935327998	416.106902860749	371.9671827523255	378.86928842311
R12	99.8364711578365	58.466258454448415	21.38026273862056	5
99.8364711578365	58.466258454448415	115.30631921046351	67.20745975790855	124.33551136659418	55.0736704481979	99.8364711578365	58.466258454448415
102.57216513887215	58.08742391604411	108.92202619933084	66.10475569078858	122.5116026633513	63.45098950692758
112.48540693478989	56.71465400614905	122.60343386986709	65.44937036378737	113.33040682260919	38.95036568772907
114.41238649619791	66.70234517756094	125.68495809276	74.85468375574025	122.09779499367808	51.85133459595037
110.01845180183443	64.2195626998645	118.79084867119644	72.0349279689956	130.945745791424	68.76377286252531
R11	203.26685370469073	450.59432613840744	7.614316433080831	5
203.26685370469073	450.59432613840744	218.10497226473387	460.55085375813593	220.76996989524847	447.2449064779099	203.26685370469073	450.59432613840744
205.59924527548262	452.15938447114956	213.6809733991327	462.39934822162144	210.9611917634544	440.8125686060125
208.92236306243657	454.3892301146879	218.0098289294249	462.3592264956578	229.78457957411757	456.7691260699451
218.41041798139457	459.0258075230766	227.50261558238722	473.8519565095167	227.1631635077139	443.3120720424207
217.23017856108618	459.9638583357252	226.23280648948636	473.5597183878402	232.57555018840233	454.59377322192506
R10	43.299201324467795	400.33366064243927	4.564253471386815	5
43.299201324467795	400.33366064243927	54.13598430016386	412.7597055166261	54.62844029769445	387.4949548255518	43.299201324467795	400.33366064243927
54.56525660586596	390.7365037756981	68.012581994698	404.0852238822018	72.33604560663929	385.03907187341593
50.59323208871447	392.0677995883301	58.50261271751644	399.57680917666573	49.23884208420078	366.1179707118778
53.302913975467625	388.99708948294835	64.94614144395483	403.68402276988	61.737512708095785	372.9007227483308
54.293927616519305	404.65664954603886	63.31122229965221	417.769112717228	63.88921821954039	397.10256085985174
R9	342.7569553328077	294.1974599323051	18.947847153411594	5
342.7569553328077	294.1974599323051	353.6589801383276	305.82933657513456	347.52260283310375	272.982255923269	342.7569553328077	294.1974599323051
346.1652152343884	279.0249300455772	353.13851226391245	290.2580473539732	348.2136778252519	261.4472655271705
345.35558039875195	282.62917652200707	354.5023895822971	290.9155550105166	348.81812775563304	272.0478109720459
344.2249222653375	287.66252046181256	354.1216998227692	302.18683794281924	366.44737272104766	292.6745571038449
348.9380341240032	280.5588411716648	358.5977224444169	287.8554075321513	342.6779814432676	261.5347733866614
R8	249.40365248436697	176.8240304023509	14.575204267502212	5
249.40365248436697	176.8240304023509	255.89652613733514	184.43578670377008	258.8669264504089	168.10190280090478	249.40365248436697	176.8240304023509
256.1970263399747	170.56270120216487	267.0097911448263	180.4226222881819	262.0237769454287	159.82343280168644
257.6460825988505	174.81518035043715	268.20273271723437	185.4562552508839	264.6696994743107	163.89123387315013
252.05913660285404	179.93712008383153	266.99673162267834	192.52912753296235	257.16976001234485	162.04766747954523
249.54003184418593	176.98391129746287	260.1237204413234	189.8673439508917	259.53925185144203	165.1592208946366
R7	52.954850179286304	353.0907815813012	18.904180704406834	5
52.954850179286304	353.0907815813012	59.75677458024834	364.49998391955546	75.73108915665475	353.60468567739434	52.954850179286304	353.0907815813012
75.28037934073365	353.5945162363035	86.54436870315845	363.9970193116406	98.98068424661965	349.6087516572139
56.903907633499834	353.17988482628573	65.47025010047709	367.9111427806969	79.28663187923554	354.62313542012527
70.50745576635785	357.1674703854816	82.34636235739723	367.9857520157883	94.78532673417655	360.03763243904166
73.50606393277384	355.12226649718855	87.72501359687179	366.61243709543004	92.04309171964678	347.6935078064961
R6	308.0072688490107	296.38395905260126	6.620470772858913	5
308.0072688490107	296.38395905260126	315.458146251907	307.50797031416397	317.580786664306	286.240665349213	308.0072688490107	296.38395905260126
316.14964533455657	300.57965509516237	326.39860385234647	311.6574002199805	338.42862775345475	296.4051417223235
310.725670476354	293.5037694878146	318.9480724236345	303.0510543450473	333.19470698583086	297.02582335320153
314.1150736637936	289.912643146098	321.49462360012626	297.2593918213829	325.31022061954013	281.72386787711287
316.4162977829752	287.4744597564054	327.11768795702477	295.84182285333213	334.1145120775531	284.48060376158435
R5	149.1854556580845	441.4940232268429	16.78962732324572	5
149.1854556580845	441.4940232268429	160.0394399270717	457.4169601921209	155.4623648581002	425.3943705011854	149.1854556580845	441.4940232268429
159.39070745879684	452.8782333113702	168.38644055440253	462.0830628467238	161.45792429655742	428.2117875458004
159.8975357087634	457.2087848468068	171.70876574213065	465.5891878706069	163.09158041587747	444.9552611617584
150.55593445397483	437.97888034702294	164.74734418358247	451.9539465261235	165.10804498884778	437.6581824007042
155.48939784049495	450.741988906145	164.2415914113027	465.97551892961565	156.63126951651907	428.39268753510237
R4	93.5087464983832	116.3341935744482	19.31339783965102	5
93.5087464983832	116.3341935744482	101.68670816113207	127.55138101982389	98.30745098388729	89.22821287990323	93.5087464983832	116.3341935744482
101.58118242243815	126.35464445467318	109.54998505318068	132.48575969122416	96.00596632629403	106.23784184991044
95.98365095327371	119.72886187013822	103.07461293890505	128.8775909577568	104.79147957488442	108.38410953852105
93.7165368629115	115.16046811866516	109.00919273843144	127.11955148020077	103.32025159928972	105.88875801363905
98.35327259464935	122.97912045804594	107.01256780250617	135.03537692704467	109.44346112398358	104.2138380471149
R3	325.5484923581159	488.6575149587245	10.849042255163166	5
325.5484923581159	488.6575149587245	334.2409725559876	495.49420784964167	347.64922439289893	483.8535305034459	325.5484923581159	488.6575149587245
330.2106698868171	492.32434827224404	338.5161365181524	499.72015735084227	351.54822103904746	490.86387256473637
327.9675430254483	488.1316915704265	333.31496269153786	497.7914886203258	349.72488757262073	494.76656211886615
329.13848482770896	491.4810676659625	342.49387227241795	502.0726602867035	325.95715053791974	463.98483211928726
333.6245682399475	495.0094017978046	341.79047142399327	503.01877225056825	347.7916734038235	483.91854466004804
R2	223.70059946468712	379.6407319608501	20.62202390215652	5
223.70059946468712	379.6407319608501	231.49838233671227	388.25017451945894	236.5108403291741	367.3747445221281	223.70059946468712	379.6407319608501
229.42669858243204	374.157910787218	239.95367268898025	384.71884891569965	236.9125600064745	355.66064443735246
226.07588117524077	382.2632532317219	238.79041270431784	394.7050606349232	246.4693128678091	376.96010211415734
228.93856953455048	374.6253012783983	236.78450200668908	381.5621029371001	246.05007164111356	365.0798331215889
225.01996039704852	378.3774251429159	233.80425220645202	387.2801035808166	243.87032354084687	372.5735443706585
R1	123.1502392102729	432.0909227890892	21.705444697047504	5
123.1502392102729	432.0909227890892	132.21831212521388	442.0267739625114	144.37670421309315	430.25065661343115	123.1502392102729	432.0909227890892
138.70947726704821	430.74198694362036	145.8426022904864	438.70634118372493	152.660344077119	424.42322241474756
124.35217347446277	431.98671895809525	131.12907687625903	440.11570798022825	128.08250763883842	417.4942382066036
128.6803872446416	438.150283840978	137.13775013384972	444.2536015536964	150.3036036805963	438.71193297711454
130.37871029345308	440.011129603431	138.52029321034416	448.41057643800127	130.9828436841991	421.43433312760504
