R100	426.91050269598804	428.475490782545	156.79723495441	5
426.91050269598804	428.475490782545	435.4609441149669	438.4506446071998	443.85730322766983	419.91139781776303	426.91050269598804	428.475490782545
429.8874860636246	431.94851229927036	441.2212113155545	443.4014351395878	425.40679659785303	411.6904779308245
429.8935700020391	431.95560997043975	436.5201976559922	440.2748848986468	429.83094209209753	410.4279275962079
435.76002108792284	437.79027959228756	444.7031863751879	449.1718274470809	441.0526227196983	422.41795960986536
436.1469364065075	436.9359666119147	446.49816529156215	443.62365666075556	428.47823067886003	417.88614068954007
R99	271.8015659881729	24.319343452297915	139.7197373027771	5
271.8015659881729	24.319343452297915	279.435163244041	32.35427348883837	286.3130174528967	12.094620675943231	271.8015659881729	24.319343452297915
277.7386271960536	30.56854285711439	288.05243855303496	42.42470201236229	293.13524628625663	26.66039821809983
278.74462254683056	31.62742793968331	294.1048086985532	41.58255694754838	272.163237860529	14.483870627968727
283.400741197411	20.673125546751734	293.21984527040667	27.95768153544918	291.8659092282249	9.372869419168746
284.93867945880856	16.14291971838958	294.8877279108381	28.738153239211595	289.9710790618524	-6.355520583485189
R98	355.43174365728805	377.24865989947284	242.3748340185923	5
355.43174365728805	377.24865989947284	367.4333981771036	384.8431677142074	380.44594000655655	369.6071995740098	355.43174365728805	377.24865989947284
377.9172459276297	370.37967753850455	394.4756099282196	380.79289391195766	371.5593471077552	347.09761130035764
366.3917706921099	384.18403791991403	374.1684247422181	390.7580805549359	382.0318133470733	380.251509966439
368.15888910660397	373.36070860775806	378.75347520961776	383.59348388588364	384.4122812585525	368.9754418592166
356.17625579053123	377.0212226534959	363.54654505827307	387.08173279621417	365.6576006467902	362.19230729594244
R97	494.36620433485746	228.79471015757562	234.5003760189285	5
494.36620433485746	228.79471015757562	507.4907061212756	237.42785551479002	497.90867037011395	207.54009989385793	494.36620433485746	228.79471015757562
504.5415977997375	228.22916004936116	514.6110003342915	241.19823164226293	511.044080708266	220.04778798306722
495.0739684428475	224.54816266092843	503.25335450660515	231.75704678453403	496.2981334011923	208.57694260736034
502.9291457451109	234.42731390003004	516.0834414839777	246.2279548126868	508.98032357682	224.3466795470541
503.73447118520016	225.7116153817243	515.7714066138556	239.7416736544215	518.4484264529615	215.0278903991133
R96	3.1535480922797454	435.44314369625187	113.92748159835394	5
3.1535480922797454	435.44314369625187	12.069934687686072	446.41293729163925	21.30710646801313	441.54319819995453	3.1535480922797454	435.44314369625187
3.214799639629194	435.51850122193025	13.65716460945396	452.49214556725843	12.651677735072901	421.93218889420103
17.764932820720556	443.4105946163006	26.584516252911286	456.0183955999255	26.371348142215247	423.51146264675083
10.086086172056	443.9722166579927	24.94369141807738	454.22472684236004	26.83151439438032	437.52734421191366
9.9156891064154	437.7153940118203	17.95096533083338	444.3444634181478	5.170014709779572	414.9657873661747
R95	159.8340487754204	154.86306084647316	52.75131505920426	5
159.8340487754204	154.86306084647316	167.54199829752778	162.27287386028928	180.77898586570458	147.9348675544763	159.8340487754204	154.86306084647316
163.36830854089962	153.6939938450389	172.289986310995	164.11145105118106	161.4354924374134	130.08090706335432
169.52193906886347	160.12824668448104	182.50451450130672	171.64831728953425	185.49479333064056	152.04873998801548
164.3023105354019	159.15849428740154	173.24019702025097	170.09717732734902	162.13907625810464	138.22791505221537
169.80027367147943	151.566420127345	179.02152814313	162.61369181763644	195.7876283733999	153.5224065964535
R94	262.16743711754987	165.3042153250594	38.074607527847235	5
262.16743711754987	165.3042153250594	270.51165722128695	174.4245511189344	277.96443974397164	166.77976504169712	262.16743711754987	165.3042153250594
263.58545612964474	166.85412764659702	269.34049275954806	176.2078736911682	274.55334129695143	149.09380617991326
270.92034782780246	166.12179795283376	283.46558445300764	180.76058941234012	292.6796718828922	165.5554513810898
263.7855255615254	165.4553560193712	276.79942306445776	178.42781236051462	275.00529863288847	157.6489676608188
262.1797179072661	165.30536243607875	272.6907016441473	172.67772211537107	276.2769518582817	153.86080982611784
R93	404.771993216842	241.05384636276244	169.71136188841655	5
404.771993216842	241.05384636276244	413.14733706355867	249.90797373600012	415.2966034186341	231.0465979918508	404.771993216842	241.05384636276244
413.9988879939109	242.43499486359343	425.2460532530594	253.5217203618128	439.0220435797062	242.91971507047847
413.4677962506901	247.0957112516984	426.71003990451055	260.12212656894894	438.4044072280379	249.36957840114155
412.2218055196197	233.97024700837738	424.95017133162867	243.20390618503254	419.6966490805187	222.87701971081088
404.8227983273977	241.00553869624613	416.5767726578561	248.34163612446548	415.84225132059987	228.81362119145638
R92	338.13654908098846	494.6178680348485	55.11460225283576	5
338.13654908098846	494.6178680348485	347.43344648451176	509.75801779429173	357.97185960804103	504.93691785392366	338.13654908098846	494.6178680348485
351.9954995833662	501.82779804724163	362.55259376549066	509.32452407229727	344.65626620525416	480.4384582882232
349.73720936330574	500.6529533552489	357.93974269292374	511.8827831989288	363.7645528572012	489.37208299116895
341.78732769896146	496.51713582729866	352.7917532289781	507.1268974646357	352.9645571331612	489.54931652446555
343.04812427309787	502.6164487156593	354.535046732878	513.0144202809927	346.77059833920225	487.3233755961165
R91	127.87581195490255	199.00439742940918	245.7279669029076	5
127.87581195490255	199.00439742940918	139.68709321550247	211.2854284126237	139.43492443878003	187.11137476347366	127.87581195490255	199.00439742940918
139.5630429398672	199.39340094841606	148.7712980642667	209.67069779106703	140.41678200519448	180.63816410141285
139.48383031893425	191.79971638123183	148.71708865146798	209.04695540298414	146.79923416257736	167.68343521467105
130.84462599100212	195.9498227229577	141.50716792127992	208.61900911673473	128.89360272249385	176.05073765648356
137.63420637413398	209.15089564284025	144.52035571363547	216.59202953584017	144.79476772579147	194.044152508008
R90	64.62221788923084	179.2585808347107	45.04114685895789	5
64.62221788923084	179.2585808347107	73.14888688460466	190.55245789235408	62.461626078466495	158.53142161757228	64.62221788923084	179.2585808347107
63.537708699042085	168.85458201110137	72.71668715504156	177.09775016329084	72.64538404847568	155.83272273094607
65.94459022405185	168.96703494007093	73.26509655602567	180.676761824609	65.98554397987921	149.54840327213464
64.22982627995825	163.82928079964864	75.45783895096025	178.9823062369273	77.86773141695981	154.60183905209382
62.69605781918463	160.7803906228268	70.51247227749056	171.24892169849002	66.68978291248088	141.4564891750861
R89	73.16186294871157	462.5487009588926	49.371291151286115	5
73.16186294871157	462.5487009588926	83.71643529271199	477.3186999941673	83.73886748876791	447.9635780518474	73.16186294871157	462.5487009588926
83.71898855385673	473.9774626018134	97.0866745361888	486.9879512092815	87.07034171655283	451.97459735137977
75.48708431464118	465.8026004265581	83.90570341735258	472.3342125869375	71.47816820485941	449.14837222701715
83.73260120544184	456.1637342337632	92.32682929705797	462.79226342483815	88.22054042101468	435.5896063650372
78.78968643039906	454.7882337237022	85.64068733401287	462.70829549659163	87.60015953620028	441.6468817502083
R88	24.429431636815767	455.516128717693	162.420419661355	5
24.429431636815767	455.516128717693	38.722598912468406	468.7368134271822	46.65257922781361	455.50613704724924	24.429431636815767	455.516128717693
45.394696572500834	455.5067025994015	56.722307142884205	470.5828350566892	68.69465623631585	453.8054955575316
31.489622861836942	455.5129544101967	42.79453050130963	468.31564556899644	31.768314232301712	436.3048150050436
38.933153808509886	455.50960775068984	47.1016983051097	467.39634473785486	53.30885094279075	445.22365495383275
42.86734729907004	455.5078389119302	57.07657209767632	468.28714017187855	44.687734989297525	436.74573215134717
R87	467.2284406816066	341.7074986705825	144.4015569347633	5
467.2284406816066	341.7074986705825	476.8810306012124	352.8748709961026	489.8343392344251	340.28930793099994	467.2284406816066	341.7074986705825
471.23100941670543	346.33819112676423	482.05796521860594	357.1088254362882	474.81756959148305	329.13952111764416
468.8111333889072	343.53856358544135	474.1817404316903	352.05325978053384	472.6515846252056	330.6905824611085
477.05487596940077	341.09103303902634	489.7838441557808	353.9004432029566	477.6452414397514	327.42303480745915
485.7461923134799	344.2613920023265	494.3679032561018	349.7692922717537	488.8389907427413	322.7035332359218
R86	355.1965321582846	437.5720184876938	238.69302119794932	5
355.1965321582846	437.5720184876938	369.10055527554056	449.00479551375156	364.6259980863471	420.89572523373283	355.1965321582846	437.5720184876938
360.6869628864648	427.8620271040668	371.427788485977	444.10898977529797	365.99550940249634	405.56242642049466
364.770516050281	421.80358391855486	379.62810369817555	430.9377857166958	375.57570338210337	405.0535807983198
356.84187588832657	438.924925328984	366.3146351218437	445.10047017201776	367.7121127776202	425.31273893518215
364.8519926315039	445.51135559489626	374.4388497233848	452.7511292000051	387.19324261051247	446.67404650781936
R85	200.3694073593616	402.45130213641744	134.52896195907408	5
200.3694073593616	402.45130213641744	212.26354477762288	415.87941971112065	221.7329758417211	406.307143614751	200.3694073593616	402.45130213641744
211.0767939670669	404.3838437640315	226.04658609894304	415.06233603377973	225.76072287974696	396.0025700613958
203.53384623061638	406.02385689401854	214.6755818168557	414.0670281994004	211.2175831300361	388.1055915806318
204.26414167700895	403.1542501547447	219.3105118536783	416.1347733521146	207.9147061099948	385.2390464536244
214.10690956892552	404.9307395427699	230.73557589570296	415.1266675619536	237.37723891779302	398.9518716595422
R84	237.46612140474394	311.7675930450525	235.8258918011709	5
237.46612140474394	311.7675930450525	245.76867294081697	317.6046927377178	241.48956341443778	301.53010302964276	237.46612140474394	311.7675930450525
239.84061376633872	305.72579058215507	249.4038763120479	312.5725533594962	248.09966841486056	293.5607391223263
238.08769357630632	310.1860270911019	250.0512547193798	322.44434323755786	253.7231805057928	299.25961359976355
240.38962674721765	304.3288486362946	246.34510863061436	314.27181212903434	258.3591362571842	312.43452518002505
240.67458201179448	314.02329773318036	252.8109582039737	327.07689105960037	246.30938123922456	301.2032426875852
R83	253.01754039033696	259.52971268462	62.62756560111666	5
253.01754039033696	259.52971268462	260.30552017925004	267.0249026343253	269.79763688884924	251.09567313691477	253.01754039033696	259.52971268462
256.86595209500945	263.4875415434582	268.822090440449	279.0572533951968	267.82459848308525	254.0093403492838
261.9171784618808	264.3202925414611	270.6867455321476	276.101314658029	287.6521340468115	269.03127093042724
253.78632592503783	259.14330444173856	267.44738727427404	269.24534695507964	248.01622251328746	236.0556016203308
265.74211188623	257.90146687877615	272.6578798409123	268.43936278917215	274.453417417394	248.13765523225655
R82	117.43873781134067	195.00399747385705	37.881515754363186	5
117.43873781134067	195.00399747385705	126.31655673479257	206.1390312057581	116.2129264533332	174.70183975341783	117.43873781134067	195.00399747385705
119.06526664346501	197.04407663832058	131.22075406718017	206.93851584104618	114.95349345706556	176.48083328077487
125.34971753311568	204.92636994100116	136.62833623483775	218.992062696233	143.58261096928672	201.48004738440306
116.24054357902398	175.159240672325	124.8325124439767	184.27335822668604	114.50996997777159	152.33206923339904
125.24896328359662	202.81724103890093	134.76508373197436	216.40380981264474	134.18282346721372	188.4967088999482
R81	497.089881412611	342.47272542449184	92.39678255488758	5
497.089881412611	342.47272542449184	510.1092683096788	355.59420661177717	515.9271052907256	338.29602968288606	497.089881412611	342.47272542449184
512.1212446996229	349.6119964392702	520.5448998278248	357.2194963167267	517.1963897625486	334.87642817966235
498.68255687006206	344.0778901851383	509.6160378253632	358.2379176345411	519.5058096491522	352.0429664861925
513.3298370696384	346.0184882815919	528.0057495210759	357.0007087453646	524.3770271808462	338.983016093113
510.3854256100855	354.77310800447646	521.270211900362	364.89253456976746	508.37414257171724	338.51672249754137
R80	370.0324864753849	392.6508294075083	51.79929791337602	5
370.0324864753849	392.6508294075083	379.2476645440025	405.36895146684736	375.37086218446575	372.2150585393872	370.0324864753849	392.6508294075083
374.9521933060332	399.4406528382058	385.1111123321414	413.36084260795496	391.71627285591313	396.0641501007954
374.699717095982	374.7842608576481	386.30020567859776	387.5273901014005	391.66981924482525	369.7074960768974
376.25256025086856	401.23532521493036	389.8102991022444	414.995075566847	379.09351893308957	385.9357609239963
375.5306746980303	373.5817536844604	389.74153250573244	382.5281721333652	374.790117989433	355.28195976626006
R79	27.6500228604869	65.57626396011318	172.97015050692227	5
27.6500228604869	65.57626396011318	35.16770033523095	72.6381701036814	28.532149360913706	51.82699453749013	27.6500228604869	65.57626396011318
30.34939921042391	68.11198626177683	42.05995632296223	83.4334844347822	51.496858972774724	67.72137759628482
30.13017010303966	56.83889036219523	39.87704293779815	64.45400545426777	36.33677329184445	47.16837549317452
27.986569270264347	60.33068154193643	36.66329874393391	72.01517350779031	36.0269877719503	54.25346307487554
28.28882076043126	55.61963707191603	39.90367355625641	66.55005323286335	32.62855744514137	35.06826866729227
R78	363.19110498798403	218.0619119234447	147.64666163867236	5
363.19110498798403	218.0619119234447	370.5984382992593	225.69524107921646	361.00064260897915	193.2515111026527	363.19110498798403	218.0619119234447
366.7966609692187	212.84397386045595	377.54158730899536	223.89917945516942	374.44738844384926	196.6114968489763
361.27047989025846	196.30783892142762	374.075357748004	210.48143626815158	385.076750670517	193.91844643177706
362.7418651815534	212.9735708640281	369.04529241527655	222.7061571544208	381.08739665725926	220.64950163436578
363.0436123111303	216.39132745418004	374.3524494354235	228.43198919890966	385.85277879917925	213.2256609565934
R77	83.67782251678652	328.7264221380291	184.2316781988032	5
83.67782251678652	328.7264221380291	93.95824494260957	340.8476939062886	87.36774491628368	305.20592048564276	83.67782251678652	328.7264221380291
86.51573189214163	310.6368676906351	97.4971998341469	326.3074481346647	99.75162451548624	301.24772487337225
93.27387888133781	340.04078280146757	101.72759865299393	346.73420286381645	112.08361895679785	338.3816066587153
87.19313131783083	306.31895186849766	94.00515488362736	315.51525413368387	91.55032726342404	287.4595885661696
84.66134282425985	322.4572141405291	96.37050991283724	333.64080224712734	87.3745450293939	298.7167898868372
R76	204.97986043411115	425.9881828039069	51.123965061988486	5
204.97986043411115	425.9881828039069	215.03980950086225	438.64688815268477	223.35900087734672	430.01157058757667	204.97986043411115	425.9881828039069
223.00443113424814	430.3796138494843	234.81809316448286	444.479372233723	220.6644999750266	409.0551591328054
215.74271376325632	437.91727378886594	225.43423155244244	448.9612398553496	212.871062381444	418.674046241046
205.87173659105045	427.11045463683394	217.49683985956904	440.823960096933	222.90936309676422	426.6551439369706
206.98261854259948	426.4266076873896	221.73531434710966	435.69649384082675	201.7440412551862	399.8026062731004
R75	200.86851304515213	485.67377534175904	83.09604807911438	5
200.86851304515213	485.67377534175904	215.37161372909165	497.48054238407667	197.17669533267377	464.5763207388754	200.86851304515213	485.67377534175904
199.42929938272744	477.4491696673714	210.5127772941115	488.0390796887103	221.54398300823038	471.0251256333028
207.5638986512625	483.36084248401835	216.21039528709557	491.1353586771189	218.40860541462564	467.8190095578414
200.6267248881562	484.2920400928884	208.71581868583024	490.73950883089344	210.6144104326444	474.80688383690165
208.5799464899092	491.9515431259548	220.91292493334984	506.6725532458819	213.3281844460198	475.23594038700986
R74	390.1987984036702	94.06351347857766	205.49795651360085	5
390.1987984036702	94.06351347857766	401.9641099075933	109.59445447402837	398.86163467697344	79.24711494845293	390.1987984036702	94.06351347857766
399.7614428287002	88.04872703509541	414.8950406556516	99.9209277730832	391.9047615405264	66.32404479317104
397.43641623961656	81.68472356694167	409.2964985954398	95.42445513438493	404.916440747864	65.62181134439548
401.3563676186074	103.64972962791907	410.43330470318034	112.68245974790406	404.1168546850738	78.26310780289225
401.83741201532774	108.35513951808238	411.3166539513477	117.5887912190039	414.41323598708584	100.52258573047426
R73	455.92982658416724	14.156934825746259	152.85568497936913	5
455.92982658416724	14.156934825746259	464.9140631941876	24.07877285408198	464.7055279745269	-3.9033449525919153	455.92982658416724	14.156934825746259
461.63377778059566	2.4182771541612715	475.01691555087075	14.073510314407454	472.22341612271333	-8.693795231040855
458.45233495373043	8.965645278501968	467.8048745184142	20.243956111097113	479.4120389791919	4.407361569944451
456.29252788330285	13.410500250664773	462.63489793830576	22.950281104139805	472.0568172145819	16.986997966592515
464.88670905206595	20.408280988999508	475.6326039623489	31.46300997057179	479.14817903665465	11.245287594323264
R72	373.280400415477	36.77703857300252	28.626034786482933	5
373.280400415477	36.77703857300252	386.00970831254745	51.915860233602835	397.49749297114624	42.22704431479718	373.280400415477	36.77703857300252
387.1712770126677	50.936191337730236	403.2371337452263	60.181370500674774	401.4480009934206	43.951376094931476
381.2403425910964	46.243707617367946	394.9549024374408	60.674073967522105	390.3296650362216	34.14025553826242
389.3117940464377	40.38486998946429	400.05716692346533	56.074628240426605	407.764876734287	44.485486266065315
385.96792536579153	51.866168248421374	395.13942555602824	59.02920915762031	390.5234154388755	32.23492432356687
R71	235.9065708222594	493.3473654050027	104.5483908158748	5
235.9065708222594	493.3473654050027	248.04696477275021	502.41301144076596	255.07504848407666	490.4218064064372	235.9065708222594	493.3473654050027
239.51597116308295	496.0426276860053	249.48995954951533	501.29721709714005	250.44360716039503	484.1873124477266
253.4918225745509	493.1230813594076	267.0220527476487	504.1858621151551	276.01278948696785	495.4257316552063
244.60243483687148	492.0201727261117	258.02620816255956	504.1448253357078	262.28356934498896	491.51009630702345
237.57622066533884	493.09253770250837	246.52847291545362	501.44522275756765	250.79222839179414	478.50595791853243
R70	375.3153597201211	405.03550319152464	77.32245050131486	5
375.3153597201211	405.03550319152464	385.8191742867894	414.7038055023944	391.8209111308325	404.4023422455303	375.3153597201211	405.03550319152464
388.7584141336754	404.51982111355323	395.07720756947214	412.89565239897723	409.95423305894695	411.4797675496044
386.1979006159343	404.61804365218785	395.1127652369862	418.4879115549662	398.51373678240145	390.7635029113752
387.1469316103842	412.42482466093685	395.84605554650096	420.0015498725506	387.3847926847729	398.2926793042416
375.8372510763501	405.0154831863401	384.68676499986987	414.11979321088546	397.69044123085314	407.03489406243966
R69	21.170808956865795	359.63646072160907	202.4822422286853	5
21.170808956865795	359.63646072160907	35.09131016514668	372.42336288868546	29.39920510933056	352.59709496966457	21.170808956865795	359.63646072160907
26.502409630045797	364.533888995335	37.2745179785131	376.64583132894103	40.72668697801765	355.7544434921355
24.285048802585145	362.4970962430036	39.62772537569426	374.1712025149982	33.75851434533014	346.56433310723884
23.849503179529314	362.097018746656	33.36214368056504	371.344511157931	30.308495060467173	347.82458679535836
33.71606525860135	367.6332239674832	44.09383390564991	379.9800377113539	34.654908989053	345.9404354191911
R68	42.29405081114124	260.0940640558217	22.45091680334919	5
42.29405081114124	260.0940640558217	54.84521573230128	269.02079375952854	65.39613078009522	256.3446738266405	42.29405081114124	260.0940640558217
56.08807688186624	267.5275908552831	66.37359843284011	277.9218860363308	75.86337463152219	259.5345524335434
60.40376261809061	257.15491846401727	68.98877145612158	267.68931102614135	74.63324096449418	255.39995474110623
52.34236076520473	258.4632569937658	67.59957544404273	269.5361517719132	56.79666510906544	242.8426962632961
49.08944974385814	258.9911935612188	60.91793982591984	272.1786267476267	49.23221975186969	242.91262852206543
R67	353.8462490385611	453.940251595117	261.3543460824042	5
353.8462490385611	453.940251595117	363.2221259450112	461.68344488239154	374.93025578803173	455.55513409094004	353.8462490385611	453.940251595117
362.28163500135423	460.90672786335114	372.3240974920251	472.7214642171751	388.1239119040503	464.98968487937555
357.13884016531654	456.65948199509086	369.5733006328493	464.8101295795847	370.8536243154971	445.00043092658535
359.8138407708133	454.3973259806995	368.50731780884246	466.3152043208237	363.4621237681211	429.0052163070971
373.01932708195653	455.4087707666025	381.0160895622379	466.1294534559931	387.7579969955821	445.81871067689025
R66	52.1298070482607	385.26855639071596	54.27463592958162	5
52.1298070482607	385.26855639071596	61.457700252069046	395.26466897457396	67.72593267316805	375.543261397482	52.1298070482607	385.26855639071596
62.22560682690673	378.97310626410535	71.36825908362961	387.0066664284122	57.81278806105804	359.8747457376435
53.12571619549405	386.33580917133037	63.36640096267372	393.14649875067556	55.37601738807612	371.6511234565701
67.45761482165071	376.3874556382973	77.08006414524692	385.15280133522765	77.27855809843425	371.2206869235582
62.15662756946897	393.065670984836	73.52325956997039	404.6676633383164	74.16503446522651	383.7508834571223
R65	269.99707120503143	360.5231386084339	53.56446792131373	5
269.99707120503143	360.5231386084339	283.56221570801506	372.9464021023572	273.22868601006223	343.5004204778539	269.99707120503143	360.5231386084339
276.51715810489844	352.87110907193835	292.62587080745357	362.0423802632321	299.93072697360634	346.2368370168489
279.3012625872862	360.80457341813633	287.10665458433107	369.76068157983724	280.11684672497364	335.53610829467425
281.499937629662	367.069823220329	295.08093354462096	376.03304873612853	282.8740059771426	355.6665892234895
271.4927902905787	352.6443517071723	280.51082221957074	361.1144383462638	282.8333597613284	338.2602120071603
R64	273.7462688186576	332.84494943089607	32.30015760103021	5
273.7462688186576	332.84494943089607	281.77205221983695	339.7923851216787	289.41923216958384	330.0779975340473	273.7462688186576	332.84494943089607
289.10742178507036	330.4740973968618	303.8322480108028	343.8066746161982	306.75203246779057	326.2131855110617
280.3130878800708	338.5294478582358	289.5581336802578	344.1872838864172	275.2370241879536	313.2294366690348
286.23380475388376	334.12451883362803	296.0453533467062	343.1826452251835	308.1425792097398	337.02325737578445
287.48081105071753	332.5404182146723	293.5789171120443	341.714138410308	292.2388047913854	310.82628474158605
R63	72.75203817446818	447.8433126371074	127.83906327040744	5
72.75203817446818	447.8433126371074	85.47964257531376	462.36535282746985	76.49032554061588	436.4832382468428	72.75203817446818	447.8433126371074
76.46232669621341	436.56832238406935	85.78767681509748	447.88562291702146	97.76340984295364	433.52969019946465
75.68827636603434	438.9205410530435	85.24094595059753	447.0964814817485	79.84937417721119	427.2934501307877
77.37516900534392	439.0308867335535	87.33584231286187	450.574201170441	96.59905631428866	434.08820177864004
75.02431516311415	440.9382159717044	85.18142742370469	447.1539999288819	82.47120714788102	425.2659359217899
R62	302.4069424469181	390.82165948102005	75.27262570541524	5
302.4069424469181	390.82165948102005	309.83088191437787	399.1999561546339	317.9638863322987	386.5291837822647	302.4069424469181	390.82165948102005
309.347887861325	398.6548725792889	321.2926854397525	407.1864143154638	306.30607892968817	379.9418636430114
305.50057910268475	389.9680625108506	314.7726397937097	403.5285442549347	313.2116453878489	366.4334072845001
314.37537757452935	392.119882531396	326.81733307302954	406.5495266683114	314.8114896396413	373.91653104069565
310.50973252236287	398.14234434396417	326.0909783031566	408.0119810267437	309.62428189744236	378.5352744338485
R61	381.93980210941885	171.04118662579322	162.80988462532056	5
381.93980210941885	171.04118662579322	390.47368276460736	179.50195423694106	394.0151651096783	167.83047657012966	381.93980210941885	171.04118662579322
392.9174170263266	171.44826736794545	400.9662242684777	181.39922087913334	415.8506753216221	173.0229453482929
392.15620442886416	173.95695581117428	402.8282566993904	185.2949181600879	414.6493558137704	171.73219256683768
384.9830648933885	174.05837660479378	392.095857799814	187.03145463850078	409.7300445427536	179.49969324411654
392.66217763328626	172.2894464520955	404.12164743610816	180.18677304348972	415.0813078639103	172.38348511615132
R60	282.41914249134766	386.84156171189335	152.49158639825976	5
282.41914249134766	386.84156171189335	290.96149198736737	396.22552662225695	290.1758195122357	372.8228643374255	282.41914249134766	386.84156171189335
290.37183433995745	378.6615171618381	304.3924503669957	390.3065611355319	302.83501640374806	365.34188427138
290.3982733643602	379.4490508719047	301.2954732512033	386.0422282391328	308.7257406811033	371.8516815262916
290.2944243695659	395.4927376956033	297.0045993242444	408.5745119164127	305.85578029517455	398.7547977540459
288.55502383863217	393.5819667121689	298.57187666357856	407.4732535836086	301.72982349933716	393.75205846592297
R59	404.5030001994022	359.30627766580034	160.14288116169385	5
404.5030001994022	359.30627766580034	412.13326256462176	367.268106989265	421.78869072950584	353.76857338959314	404.5030001994022	359.30627766580034
404.6304631972334	359.4392794664219	411.98983689109474	369.94117932959847	419.19116619726174	347.48745005248344
414.36674029919095	364.14541711916775	425.2833587928138	378.279023321639	441.470306078548	366.960364261039
405.19627793312105	359.08417678623596	419.1182832615911	369.6244463	427.89518696286495	357.65352633104555
407.616210784807	362.55477033126624	418.56307292814296	372.9832661568634	402.889959902714	339.70638577551705
R58	118.17353135714409	140.61607882477517	160.68409360810003	5
118.17353135714409	140.61607882477517	125.00844982463866	148.80316801577592	126.17756436016029	119.49609653795822	118.17353135714409	140.61607882477517
123.60762809058343	126.2773040206433	134.61575594266512	135.97709587909713	126.0714802337168	110.34190621106315
124.28918244466351	147.94160599129248	134.74930551476868	164.04515745636655	139.69877318399193	140.8593035637415
124.50916434498546	148.20510751613244	139.77833328303927	159.49001696254595	143.88117704097758	140.2919564070432
121.04706875533192	133.0337688908502	135.4882354099643	142.15417432457133	125.0468439778057	118.62935236376775
R57	468.0975868605319	251.28457778138136	107.26404122918444	5
468.0975868605319	251.28457778138136	476.7704994212674	263.70830672525796	479.53296727228224	234.42594744660704	468.0975868605319	251.28457778138136
479.3385039922391	236.48727229809285	494.4487574212196	248.43801615940973	476.56938245854656	220.3750273450168
476.44971040284224	238.9714444845221	486.93396527678533	245.73339358462655	483.77254427704844	227.3552170392806
477.6332187003511	254.56341988884887	487.4498135109805	262.27969533667664	497.32231253239837	252.57935432031837
477.6982730581551	253.87383898489003	494.2770104941378	263.49668045009753	488.2041308541721	246.33021992003114
R56	414.937637626191	195.47432715430668	160.0193491275019	5
414.937637626191	195.47432715430668	426.0154176704196	206.35115737918048	429.1020199988807	194.0483794864285	414.937637626191	195.47432715430668
427.97865441100527	198.52596222928966	442.0326709749573	212.00441096982635	439.799065931426	188.10288780315835
422.8415995994953	194.67862453584576	432.9739685021566	204.55597745863327	423.7913366839926	181.45209172013094
426.07984029849763	206.0943775286623	437.1564057273953	216.65768248976988	450.7088623786083	204.67885370332954
428.5806261073203	194.10086891972352	439.5107941640831	204.6748893081801	440.8858639797214	187.91817168704677
R55	460.4673779753241	30.681063745103376	138.8792521102469	5
460.4673779753241	30.681063745103376	471.1076282997091	41.73946184461056	487.26208541083855	30.96378586010217	460.4673779753241	30.681063745103376
472.259122246119	30.805483348780232	485.5882345932602	42.39820474064959	489.9314512430369	23.11605041522672
476.34332147122046	38.247042830935314	491.1766118194342	46.66770789068105	495.99408340388374	32.52391636142942
470.3313070719057	40.93263221857496	482.6934096738291	54.30308632436177	489.375831726999	38.097389278858884
478.9685545916877	30.876277363148397	491.91688601765543	43.97547536179764	488.10892150843154	19.126222684751344
R54	65.59987492939506	241.9823411953939	195.87916469877095	5
65.59987492939506	241.9823411953939	76.4461589834324	258.7522660897558	84.56771362857577	249.1871149901581	65.59987492939506	241.9823411953939
73.37246176374197	244.93469284861894	89.5199967283096	256.3511683030441	97.46488546947437	243.46971780811037
66.8274720011356	242.44863360504982	76.5481768670433	255.60500594948914	75.90613157797884	233.15364494527128
72.29549823893973	252.3347438673677	82.59004210080853	267.34721152981274	91.10039489678667	249.72107481368442
79.79094266705309	254.81295117688595	92.40483760692896	266.43416848381554	79.00491453868337	234.87164268720045
R53	230.4469320069157	460.9623666713683	106.55910540740868	5
230.4469320069157	460.9623666713683	239.98551971484648	471.5413009107087	230.5758705371885	440.95042092967645	230.4469320069157	460.9623666713683
230.56908902813421	442.00294720676726	242.82975011177834	452.7510057248019	246.9788256020825	435.0158379223564
230.8983557741799	441.998824222318	240.8408644345592	453.6474192467489	245.6883497830301	439.6657500214789
232.69056957744806	447.82533234403434	244.75853876975117	460.3853305631678	234.25220392232094	430.8586868389082
239.37152528149545	470.8603398572876	250.5827543148465	479.7667561076274	258.3121866625677	462.2460408042781
R52	53.286642044563735	327.90722096294235	225.17233520825067	5
53.286642044563735	327.90722096294235	62.47935157003694	342.6349678959786	62.066944024158055	318.7316612165403	53.286642044563735	327.90722096294235
53.43675314663703	328.1477157068531	66.23714991940122	343.39186401196986	56.881659873217046	314.16559118172
55.74359364509299	331.8435317208362	63.4741941565869	338.80674198469364	65.90492291125213	322.31170567129277
62.20874526196974	326.9505178034472	73.6124213350959	339.886104156683	83.75461692126157	323.46271173838545
59.46552961618569	337.806488663109	68.4934098394435	350.3391488978318	67.9682388715156	329.43175502109517
R51	67.26196421130453	292.2013971509938	162.91312915981578	5
67.26196421130453	292.2013971509938	78.7796558532899	308.1203657667608	82.31043644070188	292.01351862128956	67.26196421130453	292.2013971509938
76.66070883774499	305.1917015788803	85.31606362866093	316.73206413738194	88.7399282341545	296.97516597722876
78.64424029640381	307.93320361073484	86.41103285399566	314.94743627610353	97.61266953422825	305.74434364078405
79.7512259542143	303.68822088568515	88.43226098562444	308.7754248902636	96.96939226789661	292.41206719705855
80.9664206852874	298.144700040703	93.95446130209845	306.602710403311	91.2326669034136	289.00411336764716
R50	103.01735763592629	488.6209491521195	230.77075818953	5
103.01735763592629	488.6209491521195	113.13380303236019	504.9489567992328	118.23321812694525	480.64672460720794	103.01735763592629	488.6209491521195
118.23117320356911	480.65647007836094	130.98332432392039	488.40150421713145	116.24240399352732	459.49609553573964
115.539422632747	482.0584706048455	121.94817430131707	493.10823620089286	131.2771317103764	487.89255399281006
118.074238278739	481.4043733008912	126.86663775439868	487.2342491252756	112.04722536467531	461.1224239012393
114.83754526188271	482.4263057175273	128.02387743176962	495.81245237672147	133.41980145781454	476.0690661863208
R49	66.07473658793484	370.1949485211362	110.36010778249836	5
66.07473658793484	370.1949485211362	78.73835238331725	384.35803649900186	74.42171671059246	361.7838494411785	66.07473658793484	370.1949485211362
76.02503972007239	370.16855370491953	87.41035555101536	383.9077748552257	92.87729745043775	370.4411288131296
76.1604684782439	370.8767890881578	85.90271686698038	378.73944643841253	75.68034410601982	346.66776856180655
75.47907280624517	367.3133766238437	88.0567363269069	374.3621973769209	91.33153547571756	362.0659138651598
68.33472866948398	367.91759586921955	77.01162956489547	383.9818006401546	80.42695578152419	353.6472990512512
R48	329.82339849248825	438.25817459683464	44.52236033072871	5
329.82339849248825	438.25817459683464	336.489127815506	448.00033933894275	334.024998691722	426.253339089885	329.82339849248825	438.25817459683464
336.24380660022194	445.8352740108366	343.9881713432487	454.38884336644963	349.7393225444163	440.8367886333304
335.30961522795394	437.5906330099698	347.5498081132522	446.8556167519467	338.9568792325155	426.05814390080803
335.0012838263498	434.8694756636453	342.804425721384	441.8266376410389	332.27125055194796	415.2022256691667
336.36061296195	446.8661404346261	346.63637957959105	459.88914977938856	339.6290576976935	424.8324699464974
R47	265.81069927109246	484.532344571402	103.32625922205663	5
265.81069927109246	484.532344571402	275.0809060457776	497.999779341539	269.2715325841913	466.68150340388434	265.81069927109246	484.532344571402
266.04550856577356	483.3212075287295	272.59042681995226	492.8255522612439	270.76316686928095	461.82671756574973
271.0500547882399	476.26949934113145	278.03511734889463	485.5637414116099	269.93914180056305	458.0003319346944
271.1218509877353	476.6565519556584	279.5780212575664	484.90558234209436	285.8823672230024	469.7398716431873
273.4440811980628	489.17567247677846	282.2769018405951	496.68129432905874	284.5503715612766	482.79085828527303
R46	373.47901050641866	315.9102112328268	141.5536104981065	5
373.47901050641866	315.9102112328268	382.2688290445257	326.39718128026647	384.3148473892343	308.4541383898826	373.47901050641866	315.9102112328268
380.7980820416844	310.87400303775837	391.30774958163323	318.12304838625863	383.6805234155772	297.43251661960784
380.55401202534716	324.3512647873376	391.8462714647485	333.2511867707666	401.403379972494	315.9015304027215
374.11566104525673	316.66978722436016	385.83451572234	332.8293697321145	378.60897446992914	299.0701368330422
383.98946586956805	311.30764875952747	397.27743449959513	322.9789191365403	393.96842165536987	303.554954825404
R45	64.98692390946754	450.73725223643993	157.92647676479442	5
64.98692390946754	450.73725223643993	79.88939613155193	459.75915913342965	88.29808554177633	441.9137900576689	64.98692390946754	450.73725223643993
71.13279477472453	448.410990680257	85.46349794280576	461.9932331743532	84.17183204723935	445.0419645289081
81.76423875647868	455.7802681352553	93.9948132829916	467.0038341903984	91.92564490724783	439.9255169722127
76.89445621015187	457.9460325105256	90.78892086398768	471.5459134731652	85.13971992308412	438.74802967142216
80.9062629896437	444.7116543490191	91.29575354489816	458.3300239323249	95.30090777120338	443.2008740591659
R44	19.553495236714625	462.6379074469865	78.50527001239669	5
19.553495236714625	462.6379074469865	35.52046103098254	471.6387936346335	39.731075090030366	456.8924750558158	19.553495236714625	462.6379074469865
21.73654845922386	463.8685366003624	29.179217315814302	471.8619815623862	30.363548638831197	451.5964933179832
38.269720471473896	462.0103985842271	50.972738201325456	476.4278409348806	38.22011596314782	436.18296663034084
30.233349901002118	459.59688947717734	42.26522734886279	473.69282748229347	42.452939218485625	448.5649219924663
39.45907493985708	456.9699252993321	48.15060865205793	472.2581653976436	42.996006795417166	440.64241503251685
R43	260.7650760738924	195.32660246058498	32.84417177220321	5
260.7650760738924	195.32660246058498	272.7576437559121	207.25339997393178	279.40619572389204	191.16850340042095	260.7650760738924	195.32660246058498
268.375771277232	202.89555875358326	278.7891148887706	218.07667359720142	278.0351445867538	187.3107362675714
277.1754165147079	191.66610231654303	284.45473742455357	200.19018135098298	293.7695526265374	192.43433649468577
276.49598778871234	198.20919344394005	285.3786343106011	205.56931560485415	279.5694562400836	181.85646241251507
267.0330242396657	193.92847027396715	279.7155939834353	206.39337230887193	273.5906594878751	185.751752580666
R42	407.21180596719245	117.34248394756452	227.2603014560232	5
407.21180596719245	117.34248394756452	419.9957148944933	129.5045535146414	401.4382342475148	95.47084792487159	407.21180596719245	117.34248394756452
404.61216639807856	107.49444304559344	414.65345170145446	116.40252576324959	422.27854553348266	108.13819711779055
404.6842906680342	101.42399052247556	410.7707070096508	110.69714726961575	404.65602559516236	77.60200062917951
408.0724316780727	107.63771079118304	416.79182728066894	115.12426412428637	419.62539993365726	92.68283391888414
413.5715764055055	123.39290021235976	426.8440523293089	133.00943742582274	421.9242090440498	106.60238347838748
R41	442.4325198696578	250.94609962516816	79.45800303180637	5
442.4325198696578	250.94609962516816	453.68995091468946	265.7830304869605	463.2334148965305	251.71105854263675	442.4325198696578	250.94609962516816
443.7236135802853	250.99357996896856	454.74011841595905	260.39355065821104	441.2608802848814	226.11076854626015
457.4110219597435	260.29625886520233	467.1350646546775	269.7656082032054	457.25240279863937	236.61182730257337
452.62607334078496	251.3209704957897	467.48789344243363	260.513831570195	452.60760441057477	232.15072750682583
455.052996070965	251.410221279569	461.5024139054316	259.2453825943748	464.5301968726749	242.67978873889683
R40	251.31809796028327	214.20521081963005	104.47289661993584	5
251.31809796028327	214.20521081963005	260.74671133631824	229.56176395858517	256.2265684259607	189.63173270513613	251.31809796028327	214.20521081963005
255.43349088846867	220.90802571603808	265.92692678238666	235.849604310481	266.38583509811406	212.5969686945091
257.3658472834876	199.69589246504194	268.2775107125065	211.86561085698764	257.2905075287404	179.6708511686215
254.08311990073935	200.36256745139377	269.13079323802197	209.60357846113587	270.0767455617627	188.9798132730717
258.7155942155166	211.61928476679142	265.4703389619037	220.65014021979752	269.7033012739648	193.3597928989722
R39	3.071271624184968	331.9038197685951	17.893183593776367	5
3.071271624184968	331.9038197685951	14.756922370049502	343.54573729419894	18.297144201184736	322.54604607233176	3.071271624184968	331.9038197685951
4.763014927459476	333.5892317699921	15.994547017220606	344.56792834062765	20.020631758648037	329.5638358197691
12.949266809315251	325.83283480219905	25.372371533800546	332.84141198400397	15.238896704489974	313.76326983605367
16.565449457009784	332.8180167715642	24.714285794311092	339.9734707348271	34.157679731713074	333.204153927135
3.2783321837342854	332.11010540980607	16.399025092529882	343.8545689122895	16.039852530752086	325.92861094255585
R38	31.125354830187526	366.59252531845056	171.78240828780517	5
31.125354830187526	366.59252531845056	39.28955249036263	373.74292007747613	32.31617932904858	351.4410831176777	31.125354830187526	366.59252531845056
38.4928087761605	371.1948206137251	53.42113110690667	379.8486225036504	36.344639774937136	350.2149490109917
32.93365751660907	368.1762789939395	42.228410915416674	382.64595914621975	37.900823018144465	341.8137297438798
33.383781072856834	368.57050770464406	44.317425772153314	375.17922110256364	47.516828066797785	359.9311082092285
32.181659803926756	353.1526407919682	45.18583598914097	361.66963194129926	39.16112093649942	338.96168741371844
R37	210.84271749697714	144.6253589626153	137.40438525185212	5
210.84271749697714	144.6253589626153	216.53315802675718	153.04709001381968	228.4376023538193	140.87326270179247	210.84271749697714	144.6253589626153
212.17965281996103	144.34025848783844	220.40046703412423	155.56647641308246	225.15798882579924	137.70366725367214
211.03545309805415	144.9106035562049	220.14594667380382	153.88941351515936	228.06153686439026	143.50468461650144
220.44813770808724	149.04351914052305	227.69214122161182	156.73914754802664	244.91199341871274	147.97288788652284
213.875894247283	149.11439609219397	227.5834640053293	163.09676593064538	221.465726781345	133.009055392199
R36	252.29344180134265	255.55689326964625	180.03134369170988	5
252.29344180134265	255.55689326964625	261.11457505853474	268.682904716204	265.4228077962538	247.066860176419	252.29344180134265	255.55689326964625
261.08144866162337	268.6336120173677	270.76388258096654	283.5818256020439	268.26533483956234	250.51996033771138
263.4031674818623	257.20016486258714	271.18370879939806	264.5748652638265	271.5018015051028	238.64118274225183
264.95988819363293	249.3895041368959	273.57207538533123	257.2648873781093	284.67695109877536	242.01972551803055
263.16309466724107	258.4047016110805	276.1268399734086	270.88223194713277	257.9040269915224	238.7034768962525
R35	126.06672025463361	349.92292399708566	36.31402342751404	5
126.06672025463361	349.92292399708566	137.86968202265126	357.05100426557254	147.26195401295718	344.64274038410093	126.06672025463361	349.92292399708566
143.01763260993997	350.24997365212937	152.66788055733164	357.43386027566623	168.99249956527987	346.5910619764689
132.97481334432547	348.2019710533683	143.89912004531303	360.7287851743696	155.0252462970354	343.3290344283519
146.7957287776609	344.7588870081694	152.87215460779942	355.2170997314138	155.5075372235119	326.2729906003657
145.5883851028829	345.05966200124067	156.7972509835882	360.1579499697848	147.67001166159412	318.7227672603546
R34	191.23351879262523	152.31933046251112	29.93779970627666	5
191.23351879262523	152.31933046251112	201.92064833538103	166.04362363791074	208.7981384482124	152.85452072938835	191.23351879262523	152.31933046251112
206.5497545718023	157.1662922968253	216.73453613313717	173.4792155837827	210.56409279295264	131.5756116510866
197.5999390115658	160.49501666646086	208.12381339129095	177.4036605021468	210.0169382031341	142.68418394171024
201.47612029968224	152.63142037630183	210.98187326824097	162.513589885491	214.45719281041775	144.49331114822306
207.10384964391324	156.10369288813388	219.27164523268465	165.99557120619386	205.4783554183084	139.1685886118266
R33	332.51956069764174	277.57392616629284	168.91393330678102	5
332.51956069764174	277.57392616629284	341.6828644991333	285.20032689530143	328.5573365011259	251.56607553751755	332.51956069764174	277.57392616629284
330.2264096674424	262.5217921868245	341.5122261623673	277.6144812344575	334.4880379159479	248.72111380562626
334.1080023041388	265.78969296836925	341.85474402598885	274.2801875503999	348.4540363136639	257.53905277870746
329.5986896552218	258.40146796870454	340.3363004036291	270.5394463778971	335.63591782516795	236.32487128878515
335.291960271039	268.82359300361486	343.36387015664366	278.2261836231211	334.82002789595265	252.62571705692437
R32	209.83274763692688	488.80580328493534	85.59560368400496	5
209.83274763692688	488.80580328493534	218.8849612735624	496.6530542549537	218.17119859666673	475.55341666159865	209.83274763692688	488.80580328493534
210.68319692537028	487.4541754072384	219.22932896948848	495.7370428493053	233.59532111531323	492.0595080041886
214.12162354755256	481.9894483022708	223.67644838150778	486.7908201618601	234.38804465417815	474.222649731204
218.2990458647771	479.33272750503136	229.52263508157262	489.02541803746817	217.07568582901615	455.83931420699815
215.96760463905463	494.12403421643205	225.36453907520095	502.72971252253734	234.3340572485672	493.02694732784994
R31	414.9615495745294	452.54629198179	30.425740589087347	5
414.9615495745294	452.54629198179	424.9265746726595	458.1552448308849	410.5583379127857	428.9561043262839	414.9615495745294	452.54629198179
416.38502245270803	440.79709660672245	429.9196899663366	452.02506073134816	427.5813934356665	426.08097551948214
413.9173404260605	446.9519459325194	421.9607353831462	455.38891965231863	430.52292459825225	435.8682485791668
418.3670807204628	454.463142510069	428.69421897347274	467.6643594009421	434.33527273677277	453.17635911338357
411.15218713588695	432.1376490005382	419.0671663681712	442.7424196715255	420.70780238737683	414.22496648120864
R30	349.4115958982362	317.2757212002113	171.62153619769998	5
349.4115958982362	317.2757212002113	361.5654659993125	324.79251438744063	356.84319779518756	304.94751621302265	349.4115958982362	317.2757212002113
354.75193745382	320.5785574728267	362.7508221020803	331.705017429326	374.7157820239684	323.11566271795215
349.60724379081347	316.95116300152824	357.3344578549388	326.6021673571933	359.80002594071834	300.4440883940606
360.90672005057337	322.0241811236262	373.4626691639408	330.00833553015406	381.9312691609505	321.7482582461189
357.20027944657363	306.44812660056584	368.2375188007677	312.90600337797525	354.4315939908772	291.99109398074125
R29	202.11899193784566	416.22814493260097	172.8557968868998	5
202.11899193784566	416.22814493260097	211.95887695788616	430.47735044264914	221.69738316578952	413.13916555721914	202.11899193784566	416.22814493260097
218.1382559581302	413.70070661597214	225.21627803715808	422.59654224955483	233.63862105873744	413.35136794999823
211.40934535125044	429.68156992475974	221.00405914670688	443.46514749248036	213.99869797965746	411.54792048288436
221.1907541912118	414.0411546962121	229.7529906911469	430.05759181867995	227.71776461705903	388.43413049530056
221.10063914143865	413.233316806019	235.74442307691118	425.64901813083924	216.55063104333993	392.3968842975966
R28	1.184758117145135	136.61054086997206	109.44646346927178	5
1.184758117145135	136.61054086997206	9.727133079464036	146.3253698763693	7.631840470945981	114.86694048861698	1.184758117145135	136.61054086997206
1.420002312867389	135.81715007656882	12.001236668457324	143.45348429065896	5.219835654285025	115.95721700351541
7.759755250611678	144.08796642796233	18.031847930347826	153.65601654508865	26.12719157269699	142.70113988157027
3.5644945514897355	139.31689977389863	13.045457020433476	148.5442843197277	15.23608017271096	136.06709236518896
8.107197620508895	122.0038860697235	16.88077786215503	129.3516462417637	8.864616263043365	100.15656771785225
R27	370.90774502148753	366.09870712362795	25.170752818660763	5
370.90774502148753	366.09870712362795	380.24684839186864	372.8492465764585	382.13544025418804	351.03781039605883	370.90774502148753	366.09870712362795
371.77431338389306	364.93628720190117	383.4781172533883	375.56514619417766	393.6445387892981	368.7125189817208
380.4157786541928	353.3445746274624	390.76718332650324	360.35907172489385	398.84666881855134	343.06616504358317
379.64924009800035	354.37281397607705	390.0955406535551	362.4560879798632	385.9150741522926	341.8367331880989
376.653987361938	358.39066369463876	388.324501724616	370.1896344149926	376.18015654381645	332.14022896859905
R26	118.35318015394775	399.6472594287128	256.42928090582035	5
118.35318015394775	399.6472594287128	132.4545481484903	408.3214653548342	120.55929656080981	378.0979043687101	118.35318015394775	399.6472594287128
129.1938354746317	400.0366176044379	137.28335144910824	412.6907569657724	152.65318243538636	407.11219259654086
131.43462352814825	407.6940768497337	140.40041782019253	417.5650797722438	135.88846420746128	392.6630650493727
118.98436542447291	400.035521831069	130.37390159550185	407.8484073799697	118.42113267762367	378.6310930618206
131.16470599745548	405.044222950424	139.09092658610993	416.9887447903875	151.8959114427875	413.2442502641037
R25	87.75831752224195	30.231462023015798	59.54607394995174	5
87.75831752224195	30.231462023015798	98.43665150457537	40.40932228223426	86.92274158435995	3.5589540691843684	87.75831752224195	30.231462023015798
88.77428798643601	9.484844331731605	97.24638104371539	17.618076713665133	106.26234239574205	9.605790980571848
93.79871719464563	25.565573438170762	109.06564716356685	37.9951061388004	117.56827214543495	19.38262673360697
96.47905164497877	34.14400701228469	107.15136929870035	40.62937123818755	116.17489475051	33.11607081893365
87.25133263696495	14.047943838780142	96.88965428447486	28.863983884383558	113.24026566739413	18.57853212748202
R24	5.001708481572775	192.2054450992731	260.7119221752693	5
5.001708481572775	192.2054450992731	14.49154422952763	203.6643997036671	22.423376076755943	192.37421077431276	5.001708481572775	192.2054450992731
5.585572442886084	192.21110105585845	13.8495975603603	200.82326904640422	13.256518485998605	180.70274650986113
18.245756602032856	198.32064459351372	33.923001758894515	210.54505071321583	27.93395875386614	188.3078403621376
14.040358113709438	192.2930035260586	24.01721817278885	204.99895390149916	22.988100423751074	175.87672333420568
16.07501557167805	192.31271348421802	30.29381796407761	205.44235997760666	13.545144827503336	172.88336232022016
R23	234.0818155225331	386.60255442066864	73.96723237121938	5
234.0818155225331	386.60255442066864	247.6668994062468	398.9227387114807	258.510283097625	383.5104840289692	234.0818155225331	386.60255442066864
256.1219560001558	383.81279015935075	268.92679379575105	395.94624405394234	280.06537149913476	382.4283599667968
238.12292401725904	386.09104497425017	248.20667598732504	399.9370798365528	253.5534363582449	373.6113019740653
244.30998426217045	395.8783840665145	253.24979911942918	408.55337237533706	264.2036355576421	393.79989950177935
241.94937727524103	385.6067058404974	251.55994745029858	399.0030348000981	249.57849358903073	373.8812999831741
R22	347.90730147339485	2.764992272289213	172.223259051676	5
347.90730147339485	2.764992272289213	357.9268095732145	14.505671621803467	347.7491678374155	-14.397294099365844	347.90730147339485	2.764992272289213
353.5491011435064	9.375951634871804	361.3663944273214	18.12696846302987	360.9243852757215	0.7864005649090222
347.9023260133566	2.2250042458445374	356.14083951562765	13.065549441517215	360.42468497429826	-4.473342116081746
354.00109606779796	3.357238043218854	363.7359440597488	11.761281430194366	368.54395678623985	-10.487903618717777
354.9250853514551	5.981228087821636	366.53284241151954	18.21908577962123	379.35938145876236	7.340505735110444
R21	111.23809148008374	115.08060582639973	221.76212774443346	5
111.23809148008374	115.08060582639973	123.30390477669728	128.18788562427727	123.55908679328166	104.93683850368438	111.23809148008374	115.08060582639973
123.32432575141716	126.32721749485461	134.50898164390404	137.4367112803545	127.16868637558512	103.23766828555603
123.48926458636181	111.29872655867693	129.96502833435628	120.07575391227171	141.55724410017015	107.36615539662915
113.29103301425772	117.31074800045896	119.72289597360127	125.12466974408215	120.84723828626362	105.50337810551824
115.41898537054243	111.63851257437597	124.31591661769097	120.48439858608454	126.0897452835176	99.3686750858125
R20	468.8036638093974	493.13981860722066	221.49433050100833	5
468.8036638093974	493.13981860722066	477.5982106256379	502.5894633834315	477.74568562846946	479.7422077559462	468.8036638093974	493.13981860722066
477.00405972553017	480.85336756363233	485.9610062323808	490.3400514531117	489.751521913261	477.41475801189534
469.3039692213712	492.39022334207436	481.9294263006022	501.4756681771348	478.97245513265136	486.1120855105258
470.08130602113783	494.512631249453	477.44653206122297	501.2865195083388	488.7530963085859	498.07869592750865
477.6522195152844	494.2222493863481	489.58217138663787	508.33640225991445	498.0878380992159	490.4819712307133
R19	55.30422936437568	276.8252552692588	47.65632114319184	5
55.30422936437568	276.8252552692588	65.0452015403357	290.2663660742266	78.15035327002923	280.7311883254319	55.30422936437568	276.8252552692588
65.63908537169803	278.59217450144416	71.07796013234858	287.25332700463866	78.54546660375676	263.4348543716575
71.71454641027475	285.4138172358342	83.10465113802827	294.25046381023293	89.44617494158493	277.2787450816286
61.674336537981254	285.6150674988081	71.1785285879974	292.53620101899554	84.27147282470334	277.6453370129582
62.33700694485091	278.02762808933676	73.08105896462064	285.05317344201745	71.10803567952195	269.862591525293
R18	472.1677948131285	69.4341025338629	89.28584664360936	5
472.1677948131285	69.4341025338629	484.9374400332657	81.41545492400853	469.41488847626454	43.548258139804396	472.1677948131285	69.4341025338629
471.4224882237784	48.44578896286913	477.5648663305264	57.00210691450025	495.05095345027615	53.32633517212406
479.8230268398195	68.93886625746222	490.35175953331884	81.87514568875437	499.79792852511787	63.40827112886658
482.69944926968327	79.31561929646209	492.76400774042594	87.36492727053592	503.18459591426483	80.16803903737946
478.7444430592706	66.30766583166178	486.6913100471065	74.79321071159119	477.3465084632245	49.36126802495399
R17	471.403787145392	482.18900283758427	200.0578526485504	5
471.403787145392	482.18900283758427	481.2066299796964	488.71990131779756	490.47232065005	478.9788886612901	471.403787145392	482.18900283758427
478.7230958478332	480.9568254066014	487.1927722783175	488.2100150762477	474.13406925926347	463.7112204035645
482.8058665292243	480.26950668648647	492.6988602929679	494.38135609408795	490.3026676853448	469.2236216823178
484.2478624673624	485.5226562113401	497.32181178199767	492.69024481214035	497.59464769085196	478.3939484074306
472.4119652295369	482.01927993994497	481.50436526636514	490.88148305721086	485.1692868601172	473.92052447551447
R16	463.69501555941787	321.97035483983774	73.02658005420798	5
463.69501555941787	321.97035483983774	474.31649140441806	330.4752975434016	460.8634731146461	302.4127359564729	463.69501555941787	321.97035483983774
463.23603207267547	318.80013073670256	472.1577376349165	330.6600478645984	473.8530738437261	315.98675017677084
466.0396513360987	313.21007652315217	475.85758044614084	322.9332628672032	476.97777797102736	305.9613044265426
473.0241648365917	327.77954606823835	486.2662160106791	342.3010975645734	495.42859731896186	323.92591082966277
463.6090547174051	321.3766185919201	471.9122199064209	327.60687146306606	488.0724959562968	321.3229643823406
R15	52.69163160266477	275.603039660019	208.06352659727773	5
52.69163160266477	275.603039660019	65.81958021213484	287.75254975155764	58.59785654636873	262.3471811051994	52.69163160266477	275.603039660019
52.69498661207638	275.5955097181976	63.35419395180867	282.1634788858122	60.688116605325064	262.080430246181
59.112879549375755	264.15898530296636	71.64032553215603	277.9395210767347	61.10656856696579	246.8114921799205
63.69364000881259	280.27368499776674	71.49182633319457	287.5068930290014	85.75805808697413	281.3946082477869
54.055365419987304	272.54229226872263	68.56342958135059	284.24517330885715	65.23632315972678	261.14591090365195
R14	69.75311718591298	309.0931479538109	102.26321559829131	5
69.75311718591298	309.0931479538109	81.2222382090843	317.6493636156004	66.76485864586647	284.68009071812855	69.75311718591298	309.0931479538109
76.51803559361925	306.9216837399986	84.50503013542077	313.3035610879128	75.47403337920919	292.1170974944914
69.3154737867	305.5177500387299	77.12112087137888	312.92073668451474	74.78034470736316	285.087773101538
78.31641434624348	315.4815553245021	88.35946754603891	324.46390065056215	103.9170388115055	311.5508988710762
71.74440668065967	296.0356809443719	80.53074542952089	302.62244972580083	75.14160090691013	282.2209171367612
R13	410.0826394570617	11.774559934570327	30.62031751718658	5
410.0826394570617	11.774559934570327	422.3641621992904	22.66953624547307	433.0866634548612	15.799169567556852	410.0826394570617	11.774559934570327
429.3948194338079	18.16469245608351	439.81228833775424	25.31982603342201	440.7135280356413	13.352306647493116
412.0438357339089	12.117675966301633	426.35585484243177	24.54335837603201	418.21779277182236	0.9815787639039826
425.00652851599574	20.976458757260218	433.2551491067291	29.212158610373876	423.5876678373887	-1.2340966852657083
412.54192846573056	13.9562027205241	424.2059959372949	27.382825048406765	408.2863659653284	-7.913668454742099
R12	311.6328191673902	357.56096576313837	164.3962894580267	5
311.6328191673902	357.56096576313837	318.5387654190873	364.91968013645635	314.9708321909882	338.02511207842133	311.6328191673902	357.56096576313837
315.6700817935052	343.29595511896395	329.7459073625698	353.37480183974344	307.1382783011543	323.6278090431732
316.65369342400686	350.7102782713333	329.33288107429865	365.0911667584154	331.7340213454483	338.201936306807
312.4166668969033	352.9734658203254	321.48692640042896	365.1855337931542	331.5372436933599	354.8483060441952
317.8122310937082	359.4431687750544	330.0246898206267	370.1072019834721	331.8006162834749	350.8702026283018
R11	58.68533556685629	460.2099158863757	37.113290252516286	5
58.68533556685629	460.2099158863757	65.1693468612039	469.05386274873604	77.23408789986213	465.18845412340136	58.68533556685629	460.2099158863757
66.74256370998191	468.54982159631487	77.33736666233997	477.97831684485146	66.46384373757667	445.52825890215644
59.052035064048994	460.71008017055175	70.33601096480166	473.6524480949826	76.58242908906054	458.6518773721174
63.3330695510128	466.54924975245	76.35404419583311	480.0465172475099	67.66523757553924	449.3294002228926
66.04275093445015	468.7740338135512	73.80167918084439	476.8311800704854	80.32178119883177	458.17949143757374
R10	279.65663167505954	219.86627193851055	186.84358699705405	5
279.65663167505954	219.86627193851055	288.81808266131185	231.6066472985432	283.8289239157816	199.0500257959396	279.65663167505954	219.86627193851055
283.26646626243576	201.85621871851254	296.62060533431907	211.36356068644776	294.7675024599854	193.99271922362885
280.513516218725	220.96436722908615	294.39662875035435	234.38398928504822	284.9793905428221	206.71889867992354
280.0015715759511	218.14531054197369	288.79248513361404	227.3672431466263	299.12060360307817	214.93893756052924
286.8653833079951	218.8643600720108	298.94258930925093	228.8571316638882	283.0186169180979	201.83788343489394
R9	387.3161776461117	178.9202732523147	247.9864882218804	5
387.3161776461117	178.9202732523147	395.4962702273757	186.37684258945737	402.3896459478474	175.30643988834927	387.3161776461117	178.9202732523147
388.11111793470184	178.72968793513616	400.14470783262635	187.45523818502755	405.7262511026366	176.4282744156828
393.7875525286396	184.8192597294037	405.9024363592321	193.35223363083492	389.1108740128764	163.1056371031059
387.90099516112	179.45336408312303	396.98857463440254	188.59259456277576	398.8672754549176	173.91496020024394
394.6709183770745	185.62449251051007	402.2065428668386	194.98917117515558	414.3306331094007	187.47869651817217
R8	21.425451877159773	392.9293760289374	224.57287934542236	5
21.425451877159773	392.9293760289374	30.924291383255117	405.4645107026729	29.30533674852015	382.12217363665474	21.425451877159773	392.9293760289374
30.79442759160465	403.59211456979875	40.47741977178958	417.2314143332168	44.08602620320843	392.83084930793456
30.760188568908337	403.09845107148885	36.838841017634124	412.6687809645082	48.86702923682778	404.1522052919075
23.086935529312793	395.12195137717686	37.38963767005161	403.1818294974357	28.912659383087764	380.57384826278155
30.864061860791193	404.59611217901175	40.87516972679067	418.84744534218663	45.18852182867343	406.28240558369816
R7	353.52262080487395	478.4188117014778	135.39049382454306	5
353.52262080487395	478.4188117014778	361.5063400389863	488.6941830911047	355.4638078588657	460.28219803949287	353.52262080487395	478.4188117014778
360.7063125511196	484.93245400988786	367.7276553504916	494.35970087000555	370.15091108974934	464.4282784441584
357.50928192511435	469.90001667269985	367.40864827282314	478.0173115236206	354.6044063578239	450.43572976849333
357.0607388224232	482.97251350192585	366.76476132682103	498.5322708902998	377.5905108341047	491.75188335493397
355.20891730193347	462.6636540396565	363.42770884614004	474.93587549651164	360.31329273422034	442.3178762271086
R6	451.8632557711228	263.29340773994295	161.56968309675054	5
451.8632557711228	263.29340773994295	464.93136214525464	275.2541625106932	463.76968272899336	259.8143200847712	451.8632557711228	263.29340773994295
460.29899362929444	260.82846409660846	467.8190695720954	271.9580131465797	486.3646137703993	266.2743417498556
463.655599867115	274.0865044493228	476.6052550393168	286.4316398106345	470.0447301840442	257.3145738571997
464.1191832021597	264.4595192317448	478.99946943652	274.9233143474361	464.256121445028	249.86121331730385
464.818834745318	273.7585645864289	471.36887602845104	282.6624478334385	475.5978208807159	267.271971108937
R5	71.76932417787546	24.97265271160243	106.82462796068363	5
71.76932417787546	24.97265271160243	86.66814624688801	33.59143824636061	75.88355136563649	11.619018695612816	71.76932417787546	24.97265271160243
72.63973035855481	22.147557000645193	77.64259719867651	30.978526683107198	79.12318704440897	8.371663819085573
74.53204960802498	16.00561647436412	86.45922005475842	31.885100853379942	88.7410877277511	4.124441339075775
75.81530805035341	11.840517464333985	89.20320617962932	20.179293354644525	96.36761887009632	6.502722148912779
72.69068209920138	21.982181860668465	81.5705309340108	29.26806807437009	89.70845321580185	18.084759995378583
R4	217.39431978091545	499.7398574849515	160.6622238323651	5
217.39431978091545	499.7398574849515	224.76670721485866	513.5229714562405	240.98521656135148	508.94666971391763	217.39431978091545	499.7398574849515
221.30690700439231	507.0546705094952	229.8944325703305	519.5657924788934	222.85988870799991	487.5936232558532
220.4941199191478	500.9496155575524	234.71508514221517	513.6975389773512	234.76073630789531	494.28117759297146
238.7196630998213	508.06249284225714	246.7992472096581	516.5756405306804	242.37851823171565	485.5546501072651
221.63611854462	501.3953030194712	232.47847097634045	515.4396042583296	246.12992413837645	504.1222378541577
R3	93.8144854944809	239.6562987853987	247.0463794030624	5
93.8144854944809	239.6562987853987	106.28623307553211	253.48610201301958	95.49056052119809	214.0661208524374	93.8144854944809	239.6562987853987
97.06296262499933	243.25850442759383	110.50216824034756	253.50663167565196	117.22337636915441	237.4247028290553
94.56128738968155	228.2541878570541	104.45174181804293	240.40615446653666	102.49478271042709	221.3012969657906
98.35637941779001	224.53054781099132	109.10182971272339	235.76835434541084	95.851348697164	203.91989750491578
102.9813416763728	241.4184187781915	111.40850905755315	253.87025459950866	119.42287509311724	233.31472080643397
R2	195.6202048537879	287.12124146181446	59.403355263999856	5
195.6202048537879	287.12124146181446	202.81460905944053	297.6870235961506	216.07431768584377	290.28528823301474	195.6202048537879	287.12124146181446
198.12734250683877	290.8032517389286	206.9505146904418	299.9935104469403	201.63258563015478	272.6779658428275
216.05127759327522	290.29814950114206	226.65901708005904	304.0799996497663	235.9621951418238	293.54906447122085
201.91954489477075	296.37252239635393	211.66493299331307	306.78711478588235	205.99496803767366	283.9153285085836
197.2725257614229	287.37683898763805	208.09551097618856	303.69318287745136	214.68618069497592	282.67376618271874
R1	63.23179632108039	155.13419057921274	260.53070769646797	5
63.23179632108039	155.13419057921274	74.21605345338511	167.60522929456124	69.67232320134528	132.7004312077003	63.23179632108039	155.13419057921274
65.13205234218982	157.29165704443537	76.2127492536741	166.81342516128967	75.14887113912818	146.27618294864953
72.76026209118673	156.4218841716155	81.71203737038886	167.03143817966773	98.4921238006558	157.52367470834082
63.86299617614953	155.85082691928338	72.62040941806413	163.4502316277194	74.45703688420956	139.07520974921937
69.97411691081707	162.7891225507711	78.54809711844798	173.30641001801388	69.11153604941964	144.41103957084783
