R100	321.1579087024688	470.8563698104744	12.91214109777338	5
321.1579087024688	470.8563698104744	334.6605951999711	485.07288100101044	330.32559319640967	459.87023054803785	321.1579087024688	470.8563698104744
330.78584851216283	480.9932943455765	339.5930679743377	488.60412759093964	347.925808096147	479.46865493505373
326.4408192325927	476.41856342905544	334.30286148848313	488.2787875943019	337.85067654670576	467.1977814929813
331.4464970370056	466.3868936690065	343.2700160530024	480.6724648214439	336.5685081166658	454.911877168273
321.89143603844497	471.6286753499978	329.1260205465755	480.5474829930761	324.2143044807225	445.4523391961535
R99	475.23989902622435	352.41929347910326	12.91214109777338	5
475.23989902622435	352.41929347910326	489.4152988625206	365.6642762110856	474.26600055995004	336.80121278551104	475.23989902622435	352.41929347910326
485.6770733242431	358.5420558510775	493.280106631228	368.28933943785603	501.6462058852314	348.2471921050924
474.7586499861352	344.7016652025335	485.24043170757943	352.69322303023694	498.5259448281758	342.46626036252786
481.69683388057774	358.45242070197463	491.53508856997337	369.9834729915703	486.4919931303038	344.1869571770045
482.0314334733764	351.59623353371546	492.5164503044482	362.4707299276049	494.6233873266448	348.7752320387032
R98	52.43676577719864	88.25446735886966	12.91214109777338	5
52.43676577719864	88.25446735886966	60.807330869452514	98.22097032046891	70.80586732229007	80.18127188138159	52.43676577719864	88.25446735886966
68.43954549476013	84.45066994577084	84.01797486934558	95.93731465230373	64.25552442333245	62.68283918918212
69.11874810131845	83.22522957665792	80.38183996613814	94.82100124685593	66.35803964230792	63.69921695041495
63.38888637888331	83.44102505232138	72.09627173660583	89.57572031873812	61.89636550741555	68.42038276293997
69.96152382363053	81.70466504663824	77.45882527565786	89.69620981335612	73.4475022035314	63.82458246544146
R97	46.07442963626829	71.78850606485432	12.91214109777338	5
46.07442963626829	71.78850606485432	58.786985039843955	86.50460763363333	43.70802793934841	49.25631429532151	46.07442963626829	71.78850606485432
58.369935406393424	85.47440461761106	68.87958912598485	100.17649978758504	67.62900740386979	73.8545751602372
44.4871449826271	51.180902314208375	52.021556930112524	59.427676494354785	68.89780579142803	51.06191694053367
48.62380048119188	74.73966726725325	54.60777508506662	84.99558809387199	67.76811958830119	70.44846810190647
45.71474393452762	68.36368295940751	57.22646791628063	77.84021127348677	71.67452740094868	64.03066824880047
R96	232.22463219897222	199.1909031091897	12.91214109777338	5
232.22463219897222	199.1909031091897	242.34303549765684	210.1677695580692	254.33781256897615	197.4400573593413	232.22463219897222	199.1909031091897
247.78330681828788	204.3950730552263	256.4531259831574	213.20245205818406	252.46298454008001	189.4970760886411
233.92614539435826	199.05618313238827	244.34683461403736	209.08693035240043	241.41500004521444	182.90219447768726
233.4609509209983	199.09301563467454	244.29996819405227	210.04373700314073	247.01418242991102	197.37076432344088
234.9074982156326	202.10138820212396	248.78274908949146	211.1021858056933	249.99842160871427	199.31232791332047
R95	320.19765151462923	195.67854737606405	12.91214109777338	5
320.19765151462923	195.67854737606405	332.754777528436	209.56590179251694	321.79624393357403	179.61316462049854	320.19765151462923	195.67854737606405
321.87762109934295	179.83559117392204	331.1677871128682	194.48748631313632	336.5467028907076	179.191498113674
328.38757684972217	197.62912092903463	337.9185656757744	212.59743675958205	338.8354824782215	192.79943349833846
321.3781364205055	183.81502192372358	330.3597343430089	192.91947335801555	324.29219822862404	159.89965581857024
329.66772302556825	201.1281184559355	343.6429104701726	214.96184588258944	340.9544227200438	187.3404548924557
R94	295.3531215340838	84.67642331079728	12.91214109777338	5
295.3531215340838	84.67642331079728	302.89113275217863	92.78707141141285	301.8845561768659	69.27483074373738	295.3531215340838	84.67642331079728
298.64025152304714	76.925134417334	308.46861455841474	86.58275835920855	316.37042383151163	70.6419418700203
296.63885405749926	86.05982852833085	307.6059679127649	101.49295823883422	317.82629890411994	83.12745262063127
302.5160215313004	84.02499059337352	318.7576457714423	95.65074767368695	302.1583907014823	61.27457312319049
301.64113930638325	91.44212024676276	315.97128238938177	99.87218241225085	320.78642736597703	86.55487674933477
R93	269.355912559209	76.01927326541464	12.91214109777338	5
269.355912559209	76.01927326541464	279.68231784990974	83.78545318512799	288.2535463928614	75.92827434096444	269.355912559209	76.01927326541464
275.96756135508394	80.99169616275731	287.69009526243303	93.42703468327684	285.6833752498534	70.83563492502219
284.44192095615375	79.42236186798556	299.63508325450465	91.99467714747435	304.73886512697993	79.77229065829138
287.3129000531032	75.93280389243948	299.6307589775147	89.45531994342254	308.28876486070317	80.21464775104086
281.0417567175023	82.5392661004112	292.7660252123622	96.7729947088828	295.898746184095	73.04903997329204
R92	258.0803234228991	161.90994877742781	12.91214109777338	5
258.0803234228991	161.90994877742781	267.6861333951256	177.62287354176635	268.97501727100064	146.7238618021018	258.0803234228991	161.90994877742781
262.1586003843527	168.581084189094	272.33757363899656	180.18590985631448	281.33079003698055	162.82709693222887
268.87666238760664	149.0817690996698	280.6382682253021	160.77244729116777	278.7768092979699	138.71635609488703
268.03685401645987	169.21488520488583	281.5960198897962	179.33250384948727	265.60294396673856	149.6126552145093
267.1152836345555	149.31613994665162	273.79005977190576	157.144213071692	273.04086725157094	137.66358664284834
R91	135.2101471044192	24.25945759961773	12.91214109777338	5
135.2101471044192	24.25945759961773	145.50199986937872	31.194249386117313	152.76420365297577	15.70138228555379	135.2101471044192	24.25945759961773
145.60929070693177	30.965359818039936	161.6627083421215	41.07382360840362	162.5049118208013	21.523574192285913
152.07596402268217	16.036917640238542	158.9491942835465	26.570074253805636	152.85205989452902	-2.092881151164957
141.4827152446312	28.48600018746947	155.84539886573288	39.13505783101582	158.61990138722246	27.16257182636921
144.86366585300422	19.55310723167886	157.75519115601386	31.71281816067367	169.8659964814136	18.03289775520302
R90	228.58194787374492	225.50661591127212	12.91214109777338	5
228.58194787374492	225.50661591127212	243.49345133928512	235.84880532425984	237.87606144435304	213.3093971723386	228.58194787374492	225.50661591127212
230.22602451580002	223.3489962228132	241.27598648193168	237.21936628697034	252.55172978470125	223.80012579708003
241.79179590411297	229.0210246103232	256.70857803654224	238.8177459459995	260.04488624760916	224.40465792770183
238.61610548496603	216.27877529879228	246.71808303729884	223.04720073699158	260.4925115967896	217.09426955652148
241.41286111600147	234.40576785793482	249.352004981304	248.67820652997983	253.9445191578116	226.75942776110512
R89	307.05414804435657	173.78329845557755	12.91214109777338	5
307.05414804435657	173.78329845557755	321.88934073904596	186.55488921975535	327.7843269837992	166.85700238561225	307.05414804435657	173.78329845557755
322.90387944010865	183.16484424040044	332.8963059609305	194.34123397128258	323.6142003357299	164.62126307899877
323.8034591485555	168.18707625148895	334.8769454085608	178.9928961442255	327.81748629184716	153.58093487039025
327.46272965420656	167.9316084222449	338.3601495120314	177.25647017380928	337.91234619163026	157.0954335547168
309.4148743932289	175.8156435322143	315.38228979980687	184.34210244091187	323.79722381613874	176.2700340858701
R88	32.60504133491909	81.24084047449371	12.91214109777338	5
32.60504133491909	81.24084047449371	42.31705577703243	98.00049817586572	57.67399194029541	87.2697024868407	32.60504133491909	81.24084047449371
39.904440967803254	93.83713962559327	49.97406561412917	107.29621302134792	51.45769756771196	91.67209154124065
54.24802375777388	86.44578728766663	68.15304870846272	99.80292422712623	77.71661404150993	83.92949957215144
42.89871043720062	97.59406181033823	50.77796343974836	104.93444436798914	54.72532387333211	93.65679924028217
55.99957034026909	88.43971946784214	66.23364065320085	96.32360405113901	67.25334624313453	79.76324089412114
R87	241.8609006129966	255.7624087624004	12.91214109777338	5
241.8609006129966	255.7624087624004	251.4371824633142	266.8476210324479	244.61842380308227	238.45979249040315	241.8609006129966	255.7624087624004
249.82494463552425	260.13555901282757	261.5283049078305	266.50438086360674	274.6517686965054	252.74471565013053
244.12409522022483	241.56155345191178	255.41239371368286	251.3253025760212	245.86211059043072	219.7900570695317
243.1992307665443	247.3647955799126	258.280209465922	259.3342296087557	261.7347664295617	247.49827507801425
246.67010333676552	247.00133644694506	258.42506361018644	260.06232821994234	266.84417365732196	244.80390854278855
R86	252.77416410139574	297.96302823109335	12.91214109777338	5
252.77416410139574	297.96302823109335	261.3189921792204	308.83099235415887	277.0316940350729	298.96307572145895	252.77416410139574	297.96302823109335
257.6086610362461	304.1119101936664	267.86266711264665	316.1688091979868	263.9900054254141	285.7921119705487
270.13782088658655	298.678867042344	276.04454563321366	307.4704987245634	286.3236994191781	295.58575455268
270.7365363499017	302.9165709126015	279.75245049665114	311.01160261729734	274.2792008557121	282.7212075528945
275.33174377801464	298.8929931123489	291.90688706464556	307.4652517056851	271.38545325953856	283.5345134565997
R85	393.36816175887986	324.32970082754093	12.91214109777338	5
393.36816175887986	324.32970082754093	403.42244712488434	333.07919992738624	408.0132367269243	311.8922883053064	393.36816175887986	324.32970082754093
404.954633719522	326.0080194152806	412.5569103187967	333.46931300445254	413.3820176087547	311.2698734164748
407.0958117131595	312.67141667298677	414.4296859017091	321.0616781342895	414.41722821005567	291.30478714175445
402.1018062818247	331.92994411785463	416.33550121414976	342.3349205791114	407.518741452188	321.4964008500857
394.4759154331912	325.29369671818955	403.02378531315316	334.5067849447059	397.62463948347624	299.51667782128123
R84	235.8173081783684	450.0104629803834	12.91214109777338	5
235.8173081783684	450.0104629803834	244.90424649179684	463.6953766311338	244.81689066451315	431.3532378718084	235.8173081783684	450.0104629803834
244.87267117396289	452.00510544361964	257.2107938553328	464.68676630120154	258.0418335449513	450.9879881733767
244.82118811792407	432.94430327463976	258.1472350248244	444.70077727562153	254.26398776455875	417.6280676732628
243.17170142672936	461.0861667087505	254.1595878229871	471.4972676498905	268.3703240568219	459.48377437744546
244.8698086112504	450.9452860436573	259.5570003862767	460.72130167451263	259.09490481946654	441.65192736596947
R83	72.75026253224087	268.14865359022747	12.91214109777338	5
72.75026253224087	268.14865359022747	87.6740794760796	280.32070771589423	68.97139775725684	246.01188301788528	72.75026253224087	268.14865359022747
71.61786445806808	261.51501151590077	85.35366377136029	273.3991991366222	83.39567299967082	257.19119907131534
74.97956701427128	257.03346959535554	89.30116796452369	266.2567183485205	80.69245241629272	240.494175923512
86.96497499710964	279.01990274967017	99.33110665970678	286.8561093851454	81.79795383281765	262.8853586072408
82.4742781309015	276.0796838776628	93.51389221006563	289.2565494313511	86.70792127820447	259.17269267662516
R82	154.45905934610494	282.27227569610807	12.91214109777338	5
154.45905934610494	282.27227569610807	162.8955399165033	290.6994417454057	161.06084869327933	272.2735453981014	154.45905934610494	282.27227569610807
158.4751924986374	276.1896471659744	171.8768322920934	289.20976237561615	173.54509691485543	271.08344666383346
162.46201439682426	286.3455231195342	171.17166371396547	300.3329934658145	173.72638474601735	272.7000508255172
162.85539501511494	290.2962644791214	175.4353951105611	303.5614132354728	160.45051660104718	272.67451651140556
162.709232404212	288.82834601728007	174.00263801447238	305.0514800575356	178.88417302062757	289.5730413966442
R81	429.4082528653593	296.779690010997	12.91214109777338	5
429.4082528653593	296.779690010997	442.5224259965856	305.8927796842981	441.69710762858614	286.87399727122914	429.4082528653593	296.779690010997
441.80267624285653	289.3067390861542	448.2235009242208	298.94856587108063	446.03410540702964	275.3163296519208
442.2991821568223	300.7483091646275	453.40248939319514	311.7171344847086	462.037664683665	305.88139702417874
441.5649184128286	305.22740395787383	452.91580823607967	319.5777975833047	452.64391135014534	288.00028512875434
442.28476098904406	300.41598522425403	450.58553041481537	311.65642849573317	460.8902651283672	302.50226437022445
R80	186.41564295691936	435.995121095502	12.91214109777338	5
186.41564295691936	435.995121095502	194.77929595825455	444.14435798468367	183.18131195432437	416.8191325907754	186.41564295691936	435.995121095502
187.24325173931268	436.8015127545311	197.14112339787556	452.8499143162705	203.45705629577458	425.1359545932716
192.82718674368408	439.54512554363293	204.99181247635295	455.25118710906645	193.94546855765392	419.5260314804012
190.1034820527339	433.12798920671105	199.7145033193613	441.5393354601298	216.9466392780865	432.0563424511968
185.29258497577806	429.33663533160563	195.33877516186945	441.8915734360411	198.30814912751705	418.5207250052325
R79	197.89392614289486	283.21731053121397	12.91214109777338	5
197.89392614289486	283.21731053121397	210.61226763037786	291.7426972479881	193.60779363790883	261.34673284560404	197.89392614289486	283.21731053121397
210.55617148546574	291.64242384790435	217.71619269016085	300.62348793430584	220.91793654642746	282.5764383550298
195.13762643047266	269.1529140350188	202.21772831296622	277.0141202711126	216.33536102893873	267.02322588790474
205.1962074633824	282.0613409114102	218.19214363390884	296.26038176058506	203.08853139194247	260.09223518122803
206.27097185793815	283.98251179222274	214.8213797990007	297.37597536093415	225.12977348520405	279.7125867929147
R78	294.2615143018251	231.7783028046755	12.91214109777338	5
294.2615143018251	231.7783028046755	306.4557969164122	241.7482418788778	304.6642551505841	223.8284833713928	294.2615143018251	231.7783028046755
306.1408645603558	238.5981552471464	313.2216671046939	248.1590020041363	323.4499161084516	234.83681189831236
298.19017286596886	234.9903397703435	311.79003886017097	248.772700550064	305.5749062748984	214.34137287277403
299.6867660559501	236.2139413051423	314.1358911498711	245.26206200006607	320.3314794877161	231.56293201090148
306.2419361112681	239.60911564944988	316.63169225411406	256.44427948605835	324.0631979168552	235.65347856345034
R77	285.749444400209	6.029738059535883	12.91214109777338	5
285.749444400209	6.029738059535883	294.2528008673088	18.28979013431903	295.0850039444194	-7.264970341800351	285.749444400209	6.029738059535883
286.8895235630634	7.673492494628698	294.5080170924383	19.6884236471642	311.6403641955047	13.315802716201894
291.0002729413964	-1.4479320243953446	303.3160111699931	13.487968716743264	296.45196759450937	-17.92231140618722
294.4887651794715	11.043948771695334	303.3817241749377	19.482264104904623	296.69625113194337	-2.6330915595295963
286.5866625212059	7.236830553080979	298.48347740335987	18.37961004031488	286.2604409387126	-16.219180292358658
R76	420.2996269616986	421.79012222609884	12.91214109777338	5
420.2996269616986	421.79012222609884	432.6745341920188	434.0118502758587	437.3496300810383	423.23854938967224	420.2996269616986	421.79012222609884
427.56598467143976	428.9665354458393	441.52333797881244	439.9685851115636	449.5267088588407	433.3654041173821
435.4467444527246	427.62356306906497	444.37157813655284	433.74356904968886	446.2037622495356	412.92331758267585
420.4322241944801	421.80138658965535	428.7593854845172	431.8634211267696	422.8020375300875	399.8332316904841
434.9533640727567	428.7605098635083	446.87772183124895	437.99458713969955	436.29105744943587	406.8073771120189
R75	480.31633417769416	54.055081300147634	12.91214109777338	5
480.31633417769416	54.055081300147634	488.039231122186	65.12549666192862	495.8290180010635	53.69692497329688	480.31633417769416	54.055081300147634
481.6307679602379	54.02473369680545	489.10393641071516	60.78556679607362	479.41234226984784	30.01081786775353
483.09266429892796	58.03482204308267	500.44149939743875	67.10787680375574	503.3627340747003	50.88983965554347
492.14534859003084	59.10131929059986	507.5236860606552	67.46266729519297	488.02235591939507	36.90654385852511
495.2385901707703	54.56315493444843	505.4350010592912	65.45263949760876	520.4249916175382	57.399133651297454
R74	199.2734645458586	224.26251564919676	12.91214109777338	5
199.2734645458586	224.26251564919676	214.81533793344425	236.2929029892023	198.0016145807061	209.0126122363747	199.2734645458586	224.26251564919676
207.75831636546576	230.83032452054942	222.08287275376563	241.87164934732397	204.18368496926834	203.59705233058222
206.5947198347783	222.9549380902471	219.5094411661484	237.33623179895264	212.7161158366485	206.5094986099899
210.02984856078626	228.52843947675748	222.86390846323286	240.9031534462877	211.7655244675203	210.3516081808933
213.76213348652445	234.58407723232648	224.26071850531628	241.20917027209867	231.42133515090634	228.40036769876514
R73	482.0050606648187	107.91168322954908	12.91214109777338	5
482.0050606648187	107.91168322954908	493.6503315520473	117.65208718504003	491.07011104190303	101.43322179799581	482.0050606648187	107.91168322954908
488.5921798459135	113.42131905924813	502.9858974466969	123.37459587218378	501.502135416498	107.55933037581345
493.6040443684192	117.36113313771799	505.6979608977842	126.5745551462555	511.53472962497597	114.96383083760652
483.1912213171596	107.06397740132309	491.8949375748629	115.26781214025544	495.47178303315263	100.52241086113521
493.465708244261	116.49157374654766	504.9004324076488	125.97869401805454	491.7249117547449	100.2671234823758
R72	299.06159007111313	416.4505201432225	12.91214109777338	5
299.06159007111313	416.4505201432225	307.70956504960975	430.6929918962992	303.51038248177105	398.0694840322258	299.06159007111313	416.4505201432225
301.89392064012054	421.1151252357173	310.1058939401231	428.62535983432815	311.61839442415396	412.950140127395
299.56159325599157	414.3846614228097	311.7357884421679	423.3445134406201	296.81570911429213	388.77508491411595
302.1410590097353	403.7271056660933	309.71368309001514	412.8540980411397	322.54808664523176	405.4952673673468
304.75018298738155	407.7015114307116	315.4639872113004	415.9414439857972	300.7513206826069	384.3810728801365
R71	352.2174554406653	380.9186071169084	12.91214109777338	5
352.2174554406653	380.9186071169084	369.0266426195214	390.16395004741383	347.118418310405	358.18336509245347	352.2174554406653	380.9186071169084
350.82463245674234	374.708382161144	359.95857904955665	390.62506697202576	353.99608691488504	351.22998837495805
347.6991785028721	360.7728193750183	360.72188717956686	371.2969689888955	360.1664603019534	352.804617623525
364.3511492702484	387.5923480464736	379.46561352926386	399.0810614654126	377.30296990415405	381.66186375565087
359.6090739343879	376.4166307231927	371.89449400162147	387.96667327389576	375.0339448569627	375.3524576021781
R70	321.58844571638434	137.5727275187844	12.91214109777338	5
321.58844571638434	137.5727275187844	334.0758338242106	147.28851332200472	331.86425308468694	121.10768291726666	321.58844571638434	137.5727275187844
329.08242346875267	143.40340099729002	342.3928958685926	156.89335833171182	349.7735863681241	137.93789346273124
333.58049843974095	141.4247022196076	347.9399582627092	153.5099447036412	349.1971550468164	140.41944210647276
326.2825991673982	130.05123133195212	334.4456097090701	138.38306466292292	345.93586192618494	130.1064802069484
322.9780113678957	138.6538761235223	336.3064142769464	151.5683204471114	336.1157551534627	124.69302020898326
R69	419.6141154157398	408.58701211701833	12.91214109777338	5
419.6141154157398	408.58701211701833	428.4053841172712	423.3211317222903	422.3379093328166	393.54049062866187	419.6141154157398	408.58701211701833
421.33346682643264	399.08913572305477	428.93154396423773	406.5064620300467	442.15799842087455	394.60144663011425
426.2832172823716	412.9050210508677	432.0579022863273	422.1963778149689	431.47362355236083	396.75154812576613
424.150376798196	416.18976207712853	434.37517467623803	427.01045531970226	423.41536425842855	396.333268622066
421.39802210832283	398.7325256175475	434.45261196573375	411.2176746567374	446.80772424062815	396.26014702470576
R68	390.1939396958608	89.31524642403777	12.91214109777338	5
390.1939396958608	89.31524642403777	399.8202874237589	103.63576713151278	394.47519627932564	75.72923654910956	390.1939396958608	89.31524642403777
398.12857473330763	101.1191110435038	410.42259890664576	114.18375423911367	406.3060227437622	85.92458057865551
396.28453434173275	85.17572616136928	405.1567457607629	95.44012600849888	399.19433165480797	66.70575596494797
397.25026048081463	90.21774795412817	413.1214328249453	100.53407377410501	419.15935922000097	88.85042246169374
396.71462142542975	87.4211955144576	408.4587947210326	103.46767219317726	414.2820902903361	81.61695342253563
R67	365.6896015322252	302.76301193578354	12.91214109777338	5
365.6896015322252	302.76301193578354	376.0563372137798	310.491130252351	368.0608879321541	291.8644394610639	365.6896015322252	302.76301193578354
369.0696757196805	294.2145735849165	379.046062332328	303.62869691373476	390.18461926297726	298.95708184536545
374.4752259155507	306.8076760496705	388.43420144902547	317.71464675779515	369.12411279825636	287.5061592087175
366.29477004563296	299.98162167310153	378.0957783395357	309.5639021832135	383.09410657222526	291.3525200117375
372.9178741272913	308.15149173839546	382.46973859094135	323.3377088139605	381.36920556862816	287.1023987573246
R66	258.6990561418596	290.2562058923499	12.91214109777338	5
258.6990561418596	290.2562058923499	266.5809240872975	303.01861494595425	264.1999207096699	271.1286722518859	258.6990561418596	290.2562058923499
262.47637525443844	277.12176175071204	270.22632377524786	285.2977326973504	281.7476814625481	278.5556889357468
265.7148153267388	291.41839673518933	278.3784039013373	300.31106464635417	259.65274147954347	267.34111518746994
260.8096432438414	293.67369221985723	266.36137297692784	302.53295824881667	265.3167047448362	279.3450799911121
263.1903896798554	297.5286235736499	278.63539322273283	308.4242530469664	284.0365002763241	294.8844255382381
R65	405.0705522301978	301.84424934482666	12.91214109777338	5
405.0705522301978	301.84424934482666	421.5007181811686	312.9031732805642	403.89337934403363	287.9755726777959	405.0705522301978	301.84424934482666
404.27991993262947	292.5295396480918	416.43801680347366	305.13897190886956	421.7074762959104	282.1375701974536
412.3740711848855	299.98211727828084	423.3238308055359	314.59214919420145	410.65620838408006	280.13138858208976
421.23960540633215	312.53350271173997	431.56325708575645	325.04762814704617	427.521610901591	298.11930957873943
413.6045960220696	301.7242335604085	424.59131182462386	312.4231704453218	421.8935953776125	286.3625590041326
R64	355.3861001964999	362.4617445281763	12.91214109777338	5
355.3861001964999	362.4617445281763	365.6451864549938	368.6517426858985	358.36438845726053	351.4660312116577	355.3861001964999	362.4617445281763
358.5732191279596	351.95895845050205	366.13379027207003	361.79802021614535	377.52799809210524	359.5891746731475
359.54331204931486	354.2487812219628	365.8710577139065	362.3964366903596	383.0541741074298	357.32009286175344
356.5432450206764	358.18961515776783	368.0568226422666	365.8099608806159	366.52314113027694	352.45832412605864
359.1289065900844	364.7200318743635	367.1200440067512	370.7807668003402	364.946918397641	355.96319807613537
R63	256.4333114234811	431.25950130910496	12.91214109777338	5
256.4333114234811	431.25950130910496	266.4111151848656	438.772760031923	269.1346552669267	424.4193408107809	256.4333114234811	431.25950130910496
268.94797730260524	425.40315856286907	280.7215601894805	433.1006123901447	282.0830732268085	415.6266166418913
268.6146412420324	427.15988402853765	280.14505973066304	437.59679092372147	289.46754253746235	430.73771312015646
267.7655407419827	431.63475683043566	277.08782022031943	440.5393476250951	287.9627186352467	434.01340307774115
267.4880032258675	433.09741653008007	281.2471763317478	447.41949983800197	266.03533006918207	410.31631163785295
R62	312.0240188223017	197.36460269825335	12.91214109777338	5
312.0240188223017	197.36460269825335	318.8290707234039	205.3305192901352	314.3300769741922	182.96140440177902	312.0240188223017	197.36460269825335
315.51049576724347	188.83047759237095	324.369593490874	199.38885928114155	327.7767152951084	177.74734560720125
313.9011076741165	185.64066463076554	323.3626719918423	194.84170499365916	309.69380119062214	165.84079587584847
315.6107871361452	189.3291289082714	326.9068148579359	200.9901381492535	322.7867773960354	180.23560526155035
317.6852712448931	199.64351829162678	328.9042719502304	210.2995845052607	333.81711655314433	191.2310022749591
R61	433.73307315956305	153.53465846835795	12.91214109777338	5
433.73307315956305	153.53465846835795	447.32712650483813	167.93639954861268	439.30924350476124	144.40458335877176	433.73307315956305	153.53465846835795
439.40668801677634	159.54536992338348	446.27167680613184	166.89434103639636	455.12080131097423	152.02387779265314
443.106313896373	155.54866746606527	452.8441969894508	164.18616601895613	467.7474468929453	154.33204808007545
445.33189980812534	162.08057602466516	458.1430281127466	172.4555077738742	457.68950957103533	149.30832765981236
435.7443542191099	155.6654393564057	445.59660027946785	165.53517383675467	457.63287199529697	160.32569318562645
R60	374.78868388773583	356.1482996625932	12.91214109777338	5
374.78868388773583	356.1482996625932	387.26779152195337	370.10120330513365	374.7436980964458	331.71477787928353	374.78868388773583	356.1482996625932
377.3772298681877	339.7865693876961	384.28012056583515	347.48618760286405	404.3894537758132	340.0740046663295
383.87291319778507	359.6958798064199	396.3423377353153	370.1671882552121	386.94305091831546	341.15461328729145
385.69961622757256	365.29473612645467	393.4137339996687	375.57674977183035	386.0296462120232	346.5892519990752
378.7959948062035	360.6288783025086	391.3888115439194	374.04962279775657	390.81460145498596	346.36416231001135
R59	265.26899445787257	310.64839911702813	12.91214109777338	5
265.26899445787257	310.64839911702813	272.32835853467	320.33922259519625	272.7254226308692	292.99294769749895	265.26899445787257	310.64839911702813
267.8001829465745	314.12311731644843	278.91827646264073	325.26915700080826	271.74925486408716	289.979073285798
272.53146155785726	306.35127667463246	284.99044736802233	313.2984227611356	268.1457873042707	288.99453203357854
272.43530274795603	293.6798982561006	281.6006083361811	301.3871118253531	287.4394998926746	288.1151772126879
266.09083647829897	311.7765922319108	279.7261364755442	325.022990593714	263.9820030109781	293.3057953823887
R58	387.27261264024213	322.94632617275533	12.91214109777338	5
387.27261264024213	322.94632617275533	398.03161650742777	335.1949307310122	409.67546982038823	319.65608285986156	387.27261264024213	322.94632617275533
393.62510555070776	330.1783315312382	403.1581223059576	335.6553071115435	384.5042387998462	312.8270232110093
394.8422760073418	321.834591447395	408.6448634566808	334.7738316761615	411.84085932965934	314.0879963389599
408.7944838570237	320.83176813288907	418.1069768285514	329.4625684957993	421.10352922992143	305.0164590684508
392.4852969707486	328.8807146941806	404.04247930746874	342.89228082920687	403.50718205612304	314.37244017251516
R57	109.13922260241566	304.82288288371177	12.91214109777338	5
109.13922260241566	304.82288288371177	115.74596740314423	314.9307527206315	110.17561750420714	281.4378607492411	109.13922260241566	304.82288288371177
110.03826997812742	306.1983641721546	117.1673559121193	313.8341340619197	110.4474297692404	279.95324860660224
109.64720318094692	293.3609034275213	120.57698896222615	305.5554389869112	129.72563970029515	294.1253373875672
109.25485183769811	302.21384628791424	121.56085835587115	315.27029500954427	114.73885833218779	279.2132831657645
109.602633982581	294.3665545441959	121.41693900885036	309.7770130915881	125.11731302582015	294.299642731731
R56	223.50185138830398	11.386629854309716	12.91214109777338	5
223.50185138830398	11.386629854309716	234.17111654347897	27.22304835544793	237.76262117437741	4.516481788236209	223.50185138830398	11.386629854309716
232.17428003145952	24.2591386369464	244.00227101039917	38.65705791736247	235.93875895903832	4.35833906887153
226.93000855919064	9.735109795360081	236.43432786634853	19.650143241407932	226.13643531788458	-11.676355782561203
225.5094806931323	14.366559343735634	234.36491704827077	24.02264222517337	227.95636147350365	-9.385846060850502
234.62876978048826	24.329627697863693	243.47234939217336	38.410619563600385	243.0123501546588	2.4268388959106026
R55	390.4638265212394	400.1532534956731	12.91214109777338	5
390.4638265212394	400.1532534956731	400.7936065615755	409.78567631930974	408.0713531699741	394.88938850206995	390.4638265212394	400.1532534956731
402.64768560998675	405.99069737497877	413.6421831627604	418.40180245733245	406.40660514342255	391.196638094151
407.83465205748433	394.96015157543275	419.404891692671	404.4130030320808	426.9402943166472	397.5814667782188
403.6641649559423	403.91014006618775	413.9405715771976	410.5094267192487	425.19224138432725	395.6269585415083
395.16296625568975	398.74842034439115	403.10653626242436	405.20566257634437	413.88195989240256	392.4993243768231
R54	414.6708314756469	263.9644504541951	12.91214109777338	5
414.6708314756469	263.9644504541951	424.55503437900205	272.79805872976186	440.21057748714367	263.0930570641812	414.6708314756469	263.9644504541951
435.98596867810784	265.71192727806715	446.0953081142626	276.17639601987713	447.5471902261254	250.98162768423109
418.4491228097384	263.83553851855595	431.8445195850541	272.2590920768815	439.97715822429916	257.34644918606057
433.1526897788597	267.468300483795	444.2448864804625	281.92974120903773	437.5764384974384	248.0166242213499
421.87444552260274	270.40239039547026	438.05896388091713	280.51734735056544	431.5405907272038	261.20007218401486
R53	149.4075586083033	165.24558226923108	12.91214109777338	5
149.4075586083033	165.24558226923108	157.38956655369984	178.05559577373185	171.43881059540232	165.40029248947366	149.4075586083033	165.24558226923108
151.70941967954982	165.26174664488747	163.3135535777223	181.51662590090194	173.22690935087405	168.71660954373002
154.79170584146408	165.28339140530508	165.86244417708298	173.95973968440828	169.8591258526069	158.12757876116234
154.42815860210902	173.30294755391984	161.68600451235898	186.39503453696318	163.9090387133034	167.39216303523563
163.22590497145214	165.3426189428837	172.26065394199168	172.4802421341343	183.8193656975444	160.88830046524123
R52	1.7982670054798033	415.44732178091664	12.91214109777338	5
1.7982670054798033	415.44732178091664	13.506364293794139	427.2053007132271	24.195707898881906	410.33464359577493	1.7982670054798033	415.44732178091664
19.44461341878084	417.83314760758856	31.29770511896372	425.18740372971047	14.474848867158727	401.1834737122003
24.106000899735644	410.4762253504218	29.029721175710886	419.7988560883985	39.56181996064995	401.92157178907934
3.1826971137805233	416.8376501703897	9.49746783756487	427.39031420782914	21.38569089652927	413.35449832905664
2.9374582120193784	416.59136644304414	14.867219244089181	431.5855401283231	18.41302264909336	410.28900304720923
R51	93.9909372811894	285.9351750450329	12.91214109777338	5
93.9909372811894	285.9351750450329	111.32804503661453	295.4432823830693	109.24321346682866	280.8905089758754	93.9909372811894	285.9351750450329
95.40558327286031	286.7110026008097	109.67504791007926	298.1073527792095	92.383333062228	267.9978800385811
109.52180308980766	294.4526937248584	117.2639034511796	302.707479669397	131.3359435694732	289.4240945383901
109.40058229175587	281.9889923659544	117.6507716838545	290.66966696140906	134.73909855882383	282.45559392373195
110.92962312208077	292.6621733828513	118.30037796355744	300.0188045762797	126.74418842767267	282.9973554207045
R50	188.26488504928156	275.4760052379341	12.91214109777338	5
188.26488504928156	275.4760052379341	203.54981172896234	287.66552534921715	199.85980949890487	263.41978640996354	188.26488504928156	275.4760052379341
202.10159059622973	278.1497610430265	211.04797395333014	288.9157754844109	216.6234904531179	274.3127789285687
201.8261182203771	286.2909033357194	209.23908252216626	295.27792961716113	213.17394452905603	276.26147993037097
203.04498214596688	287.2629306568348	213.48889335905378	294.5414111571348	212.022276806222	279.7949161063977
195.73260455661347	267.7111887514219	206.8686251916151	278.5964824623504	214.42097855039646	262.45758004467217
R49	180.8469871010213	212.7624963131644	12.91214109777338	5
180.8469871010213	212.7624963131644	189.45134337131742	226.19902730629087	196.91641430260873	203.28725423275546	180.8469871010213	212.7624963131644
186.08769001968747	209.67234703759084	195.96303033598002	222.63089451544417	199.797905513771	210.1615474956029
196.19709894775514	205.49497473941966	205.48491538431097	213.53498221402887	209.48016386375718	201.46996833526384
192.68618546152072	216.27065976877867	201.65717715476563	226.14993343426775	196.29396049695916	193.1975829461997
181.1242882335747	212.59898735126092	192.97627396809966	227.14860170761818	194.99908566825044	199.54160387497197
R48	202.7203053406318	229.63583574096074	12.91214109777338	5
202.7203053406318	229.63583574096074	212.49387862775615	237.50376196829862	196.8869392531375	211.18733593336984	202.7203053406318	229.63583574096074
205.50010744031425	225.71086281352584	214.20082148022163	236.9996865875624	221.399005215299	215.27979361658984
199.69581043161784	220.07062195014043	208.90571294250287	228.6873204831713	197.24448188052526	198.35954464594298
198.01309955123048	214.74891045673547	209.78938264865462	230.04263238263127	199.92191912987258	188.09903590239193
206.8239598420261	227.94314314566265	219.12973212190724	241.1077301843284	213.614114223571	213.79526955850565
R47	256.8106183352133	36.695919615629066	12.91214109777338	5
256.8106183352133	36.695919615629066	267.2852942586636	49.350421498847325	282.43318267150113	36.399017692749084	256.8106183352133	36.695919615629066
275.12715415833185	42.64565239945391	284.61415124655144	54.697157154747266	286.3063501234164	32.74977596230756
277.06326516197197	40.990282704472364	286.54643902973226	50.322514846228444	278.09743563325344	22.508053836220398
279.68068232191166	38.75239808032498	293.0204404223135	46.23995930492241	276.13821218893634	16.900616213903817
281.6610047356767	37.05922774872924	292.8315790863814	44.40491495970319	293.6934533651907	27.60528002030412
R46	291.5843069797792	443.88121142063966	12.91214109777338	5
291.5843069797792	443.88121142063966	305.2599915803791	455.1264861092456	300.72735540987344	430.072889862115	291.5843069797792	443.88121142063966
296.263670461508	447.7289696321418	307.7392198846266	457.79020163934865	296.2688450626062	429.27533148105687
293.6137185494558	440.81628534670045	303.2108240556751	450.5661505609267	302.21772724274973	421.566869939311
305.2178470101269	455.09183137107635	321.5053967059836	465.8399338982151	309.5057534783665	437.04141803274496
293.95674425089385	440.2982295555155	303.92471352272094	445.7390121427066	310.1970622309563	429.6007993165074
R45	439.30231305953015	111.05080493686536	12.91214109777338	5
439.30231305953015	111.05080493686536	449.9990599800963	121.78287839063829	448.3857802082871	99.66047146108255	439.30231305953015	111.05080493686536
449.43998968781193	114.11652025222901	461.81427831245026	122.76877301517	472.6198263140419	111.79492264916645
447.59431912971604	119.37019576523653	456.68787507043123	129.1832192628974	471.15763692134936	121.98486528291542
448.55563614473687	101.98965342394094	457.0952026891496	109.98952323468428	455.864369535732	89.1226669783267
448.71939111518174	104.2351747254674	464.8678299515327	113.98342276593625	441.52614436835864	78.44125597053184
R44	279.69485491059436	164.08709003207196	12.91214109777338	5
279.69485491059436	164.08709003207196	288.5673340957952	172.36644944246171	293.3497938020324	156.7563386925894	279.69485491059436	164.08709003207196
288.41032837482487	172.21993945734175	299.2394251257505	183.10459779270042	291.5680440822563	154.9715725209243
288.81284740087335	171.56508568442763	301.04042487019416	185.82465547539874	316.0129265298675	172.73876254778938
292.22916314280735	157.35795725503718	300.42996650039936	169.5041979893801	296.2853654290877	142.5165106474632
289.10724161829023	159.0339830929824	296.85386776758367	173.5891943782268	299.85023117435856	151.73446238005724
R43	372.1107949988001	221.0416586735825	12.91214109777338	5
372.1107949988001	221.0416586735825	380.16854415217404	230.2946734252816	386.35096452043143	220.45643693599584	372.1107949988001	221.0416586735825
379.88628271406407	220.7221130091578	389.7622833535191	231.71843527421916	391.2718303520365	215.44094082732605
385.174629448062	222.32836765944387	394.6129970600167	236.60233657673894	400.0929911659742	213.4521074812338
385.48879495266465	221.82842842093362	399.05516445782723	235.99484238884128	381.07264734988325	198.56482425783426
379.3297762744678	229.3314848973268	387.86408536645376	238.56171771076362	401.0385576933675	229.49645939679357
R42	91.8879406297406	133.89855715242615	12.91214109777338	5
91.8879406297406	133.89855715242615	101.8779451110907	144.2280431144323	95.47888623666897	115.47151042554081	91.8879406297406	133.89855715242615
92.56251459272964	130.43696032045068	104.48469761927663	143.89135684970384	92.04221452476705	110.77324547926607
100.06051831148886	136.06076505088416	110.79326262120227	145.37025606958628	115.76484563760617	131.9330580083632
94.9725303933328	118.06989085424584	109.97801096512548	128.58074932512312	87.96161630659972	94.3579302139334
100.8376038405769	139.5528856670278	113.90634989826887	147.40102859056358	119.34390018974146	137.0880446286626
R41	92.0505290241116	94.23501135294393	12.91214109777338	5
92.0505290241116	94.23501135294393	106.39922993860222	107.2696299103012	93.55643351034425	79.70907017507707	92.0505290241116	94.23501135294393
98.68933873104109	90.72425224547044	107.4787814037883	101.54542888257996	116.50807339920533	95.96541967275962
100.50707184406396	94.6250959849174	111.51820387027303	100.65341545333854	105.2874933420164	76.79137762707698
92.84907372104207	86.53225636313138	103.17653670435666	97.5168349017492	94.86526068047094	66.68947601502079
92.25930892114663	92.22112233728743	108.04302138935665	104.45797279932754	91.5910648231103	67.14110141351952
R40	152.6881991273588	161.61157420559775	12.91214109777338	5
152.6881991273588	161.61157420559775	159.34678220364273	171.67283662558106	153.77603571547846	141.7668118696694	152.6881991273588	161.61157420559775
153.89242880866806	142.3916571635167	163.96913626135077	152.17399733517834	178.47785640289808	138.7209823425204
156.69582951672135	157.44144827390141	167.74995276253105	166.5059283248975	182.67949438658275	154.93528246688086
153.10315428578662	154.04179158475304	165.9053674817108	166.32962892463613	177.3613322856633	156.15729830233394
153.47973981380068	147.17196353869804	164.62191992116635	158.23838591010374	177.75334090866244	145.7991671949827
R39	81.16714297255307	5.598769973873264	12.91214109777338	5
81.16714297255307	5.598769973873264	94.2187348183229	15.904369832776705	102.5956631081702	-0.3691198998241898	81.16714297255307	5.598769973873264
94.83586983982647	14.705488800425185	108.04438714436746	29.61628552538557	95.91908505220626	-6.839738574811207
102.42093723910723	-0.02968764759134529	115.46229786229952	14.038477380334912	113.38180110749016	-12.432246935239656
94.89967458400102	1.774229789786021	108.93293390503342	9.973278012881174	101.78239097472668	-15.33541115948145
92.10600460303229	2.552273009026537	99.98368967234067	10.518149889065864	88.9430678905117	-17.877123253723674
R38	147.03292195169993	75.64479378924122	12.91214109777338	5
147.03292195169993	75.64479378924122	156.31755278546385	88.88441323749717	150.59016411347307	53.14502996913919	147.03292195169993	75.64479378924122
147.20739858004723	74.54121895474508	154.9255300272926	83.00750400683995	158.40414374524354	71.49615093599158
151.58004621765448	59.32197690567941	161.37835725016987	68.99857226970836	158.80709658033132	51.61133064631299
148.60631289931572	65.69300442317912	157.56076565132133	79.56204259546354	157.9525971528613	47.69858270475408
155.50512591750493	87.72591563496471	169.086807584672	98.38519215722803	171.83462573847683	86.946787403906
R37	157.22214566389553	256.0611193221212	12.91214109777338	5
157.22214566389553	256.0611193221212	167.5754005412135	263.2812040626985	149.18617417153658	236.77276466062094	157.22214566389553	256.0611193221212
164.6613838371324	259.08059041730064	177.78972642426476	269.0223884514363	175.1660248185638	249.96996818458186
162.7751554940965	256.36155435103643	178.13094964297827	266.4874807604357	183.49792909687906	252.72382131398146
154.7136883127009	244.74078738814558	166.0556786123709	255.45699219188032	180.29924606003405	243.5854002170157
153.58655954601613	247.33479736954055	166.1922229239894	261.9568492943572	154.0521715978995	224.33492033241538
R36	164.17702118670297	341.78638999936123	12.91214109777338	5
164.17702118670297	341.78638999936123	176.62085437245403	353.59118499143324	176.92745245431416	335.4875652706128	164.17702118670297	341.78638999936123
176.68926313079436	349.55187026691317	191.36469731270262	362.7813889887589	180.28668671174768	336.95686042800156
169.13176959710972	346.48669322177346	181.25779563592008	357.7743814929837	175.2212457888862	329.89069751012744
176.78587598781786	343.8471952308428	186.96828705805422	354.2489623784503	191.17895506579612	333.87799129036995
176.76728575217874	344.9448881925495	190.9118024359498	355.9675516926089	186.97515768422087	339.2339742777812
R35	194.08007300119957	450.6264226824603	12.91214109777338	5
194.08007300119957	450.6264226824603	211.08794915542188	460.8350847287181	192.29393983269796	430.79800421960414	194.08007300119957	450.6264226824603
192.40198046032447	431.9973967471867	206.46352072005706	439.66511720263264	196.0618351635265	418.11324803298805
195.8007058950169	436.4026100666995	209.13496376306026	448.7267580039404	194.31436779253295	411.057455530048
206.3419098496575	453.2498397563056	221.00132432819015	465.0414508066146	201.5255988014923	431.04859684808986
193.26100757606983	441.5337232777715	199.45964765525116	450.58775974557926	196.46101465068787	427.93158362885475
R34	277.69794335668485	120.79603574474518	12.91214109777338	5
277.69794335668485	120.79603574474518	286.1003888798107	129.2369910619473	287.27036429796357	104.05497073920239	277.69794335668485	120.79603574474518
284.2986550577012	109.25214895294681	294.4089732626692	118.39336717159364	279.11768884593084	88.50838692069362
285.90766078136545	106.43818270768938	294.3175411939235	117.52778877726374	294.6401637830807	87.92783897362932
286.5613625091048	105.29493345178504	293.89653422648763	114.92165579769615	291.98038461659917	89.39164687434476
280.66660271391424	115.60419142620104	292.25543117452304	123.22686988925531	288.69111679272004	98.4284881573301
R33	433.7573424562937	414.21499049302207	12.91214109777338	5
433.7573424562937	414.21499049302207	441.18811145349355	422.15664855034186	452.001385359535	408.1647060653528	433.7573424562937	414.21499049302207
445.2262299804652	416.9314852308971	455.9042564401513	426.30711657809144	446.7048583591661	404.1303613576309
434.67681653655404	413.91006467482765	445.72190590154224	423.9901646041995	447.0992455418483	403.51515930642773
447.2376615246524	414.3287735338379	462.45622375717556	425.6350101683174	460.32501670361125	403.15906135591445
442.24542393428356	420.7885286313959	456.93556008721373	434.21148674557816	439.93981159669585	395.3301764785202
R32	365.8408438836004	317.51947552901737	12.91214109777338	5
365.8408438836004	317.51947552901737	376.34637703957895	327.46384402338504	389.2931209639914	318.1234785587535	365.8408438836004	317.51947552901737
368.1428827873627	319.69854848109827	377.6665487775764	334.9817136446634	373.65321746724993	307.74777541071177
377.7196345626304	326.47311405936927	384.1706553174157	335.0703281586403	393.7563281516736	320.91975081092863
368.19034670712523	319.7434770631415	380.2061814260472	333.7698652074639	384.76294815565694	320.0995507083106
368.4440269146683	317.58651935731314	376.57207733218223	331.5154672682524	388.2653493639061	316.9665955515336
R31	297.11936936256546	114.49996761547521	12.91214109777338	5
297.11936936256546	114.49996761547521	310.9057336755443	123.11368563068363	318.8325478815514	115.920479940305	297.11936936256546	114.49996761547521
310.6966443727186	122.98304667079182	318.475166905258	131.54541260206832	334.6230698036687	127.91281848124488
303.3281630320546	118.37922081591779	314.06743617466634	128.1328871095735	327.09951204985947	114.5488832599711
303.24265087505154	118.32579283515545	310.1140883798611	127.1031365884357	315.21335291607795	112.42024282825062
306.17291689837725	115.09226578346602	315.5784193560701	120.98379955162102	326.190893168033	110.97715419691114
R30	13.258480037811381	281.27921363985786	12.91214109777338	5
13.258480037811381	281.27921363985786	22.88212064536132	298.3608244733358	27.050050611447034	272.1880639839685	13.258480037811381	281.27921363985786
16.589744436170214	287.19208636201085	28.5340299590241	300.41739152102673	24.621917020477156	276.14519451831757
24.65848914187879	273.76453731708307	36.74588174403176	285.09450649117747	40.03449499761766	269.6109669522352
24.411680682258286	288.7558625796482	35.47923028553656	299.09303378734586	22.90195117395871	261.4262407363884
14.14206464315622	282.8475440651557	24.857543973977734	295.1771108910942	17.116729790580806	259.05643673914705
R29	462.8166494433584	301.05156186226446	12.91214109777338	5
462.8166494433584	301.05156186226446	474.39718996623384	310.4189696170417	480.1077239874674	297.91426507511676	462.8166494433584	301.05156186226446
479.5219399865234	299.1969920197343	485.3494038343026	307.728265556792	484.29637956645087	284.33109357825714
477.68973486369975	298.35298561212	484.91463010280955	307.38219107030227	486.65347048725465	279.88197196358965
474.80556487133276	309.52472618698573	487.1538624424489	321.48852497733543	499.45689636351386	310.6119146890361
468.08120303257886	305.3100176761093	478.2751265058762	315.8391978749214	473.7121786994001	282.9060830854731
R28	183.38485934580623	229.22568738334908	12.91214109777338	5
183.38485934580623	229.22568738334908	192.07761132074333	236.1032857117752	196.28400558541642	222.3091423554293	183.38485934580623	229.22568738334908
185.15276971153594	228.2777307184074	192.06644876117238	236.8992031343814	188.61392295461917	216.52270111255157
188.31967196267618	233.13005036330475	196.4139537523366	242.02157119629067	202.41198460594092	233.08858660195665
194.12862032301524	223.46486374527865	204.84738135725772	235.3435188111037	203.10673117181588	206.8897968865025
188.4367299619691	226.51686542390667	197.21342893785663	233.43808884884484	188.14167668354074	203.23695149979258
R27	429.75413923514026	369.9429977161619	12.91214109777338	5
429.75413923514026	369.9429977161619	438.8356142586037	379.9130709834616	447.02321990747174	364.4333530950022	429.75413923514026	369.9429977161619
437.6969646939957	378.6630075790488	449.06062713322706	394.8034731852041	445.5423222605302	365.1132304831017
435.9702779544015	376.76736912175517	442.3153303093994	386.2142384400779	446.29198407346416	370.28450510607377
444.05521684213704	365.38028492274606	455.2282430428538	377.6272503582518	465.1473244389364	366.37606975029513
437.4052683275934	378.34276949687353	450.8223214828157	389.594663807731	437.76492136225795	354.67765789249415
R26	122.05305177030107	170.29056946546655	12.91214109777338	5
122.05305177030107	170.29056946546655	134.03250976968624	180.8568722909315	140.28765385878322	172.44342468121627	122.05305177030107	170.29056946546655
122.51361395509909	170.69680149322468	135.58855250798808	184.0353156252835	125.92080270058513	156.27636844218054
123.90384173929768	171.92303124126263	133.43845688453894	181.31358328727978	126.01591003058446	154.50567130899185
130.42677100204997	177.67648401874766	140.75230688662893	184.58686252620015	147.42239195261507	170.65857068111063
127.86907448073165	170.9772340148936	142.68938943683858	184.3555969245367	138.2501399630679	154.85783132531333
R25	321.35111291082853	459.44267646883327	12.91214109777338	5
321.35111291082853	459.44267646883327	332.69753111715744	472.2715636109735	323.95364942101656	434.80484004308266	321.35111291082853	459.44267646883327
330.48049084245724	462.7717512853179	341.96651672231366	473.2528442356519	345.67408734720493	456.1933385767023
324.2112484873642	435.9086281941109	340.1817645390101	445.00731727484373	322.6064767821428	417.0909304701454
332.5070816113451	471.45550511019786	348.3888465306379	481.88190289410073	338.52002647178716	457.0018279210692
331.2143137259353	465.91611440441187	342.7200237263328	480.09254439687595	346.42278911190834	458.73913835377954
R24	470.2812670957376	246.53825668088197	12.91214109777338	5
470.2812670957376	246.53825668088197	477.7487530637405	259.38490624260703	476.5201499485188	233.07210185050909	470.2812670957376	246.53825668088197
477.1275351844698	246.08037824686494	487.48590411801234	256.16783917022923	491.8569050556852	234.15192645192022
477.0012511353007	243.37577214383572	485.44673240949106	258.34959404891146	496.3517634421738	251.94635406196466
471.7952756260602	249.14287316169722	486.80191262718085	261.9428255114507	477.4627826448281	235.83002006929212
470.72540534118326	247.30232753694364	483.8884105753343	256.2754087737825	462.2823559521848	226.9853320986005
R23	117.66897932798997	423.26462488386375	12.91214109777338	5
117.66897932798997	423.26462488386375	131.32390722395897	435.45380040900596	115.35784992017973	400.38852281976307	117.66897932798997	423.26462488386375
116.15864043954272	408.3149355905084	131.32889548883028	418.0262135785492	132.71457560347952	402.08285332682266
125.48479737019946	422.6297196732005	135.38933329139502	430.22877074702023	138.4588955756069	409.73377046766495
124.12356115588071	419.6401196228287	135.2608627924506	427.15762805288165	119.65861536579129	402.0902225658858
118.10849887015048	406.4296052953003	133.28417707995402	418.3248349621445	144.62547774192817	402.47580559279174
R22	486.0962844512905	393.6606940873164	12.91214109777338	5
486.0962844512905	393.6606940873164	493.7221062292855	407.73060876366304	499.46335145501814	393.71195548266144	486.0962844512905	393.6606940873164
491.5419929587616	403.7082215909711	497.0664493329391	413.2019312760771	502.8652086363809	389.786780835227
490.25337400791807	393.67663611941566	500.1478853767428	405.9649550958138	504.38773283436444	381.94725245405414
492.79552656047787	393.6863850259625	503.1322405083307	404.91719182012866	509.11368708565004	388.9929358894308
493.78020838877427	393.6901611845226	506.3638789169187	403.86554377317145	512.6096728422256	388.75109834658934
R21	0.19718046173383685	396.7679064861261	12.91214109777338	5
0.19718046173383685	396.7679064861261	12.546648287031323	405.1135256620604	2.9477684610736294	384.38827071603407	0.19718046173383685	396.7679064861261
8.2752172488258	395.8909393961315	16.808610964596717	402.1636674056121	18.964294988567097	384.9126738969976
0.5259062423214419	396.9900553444337	8.72964124902316	404.23378663345153	-1.804184021835571	378.6403062331897
7.720842553496698	401.8523052241546	19.303417336924912	414.7580868819729	14.016122337635124	383.4712344415276
5.095283192967883	389.0250399147166	14.86744604247303	396.839615344636	10.02744636241798	372.48744636022786
R20	221.47071472060054	364.1397772618182	12.91214109777338	5
221.47071472060054	364.1397772618182	229.67024710256112	378.8357192249671	236.84659936395423	365.1051913875171	221.47071472060054	364.1397772618182
224.5553468292916	369.66833332273717	234.88188886597692	376.39307273598746	223.51382242333239	355.31017456060255
223.9934991987962	364.2981767183592	236.3357434967478	379.3936172125443	227.61396498385778	351.72946261299086
231.7310451206636	374.89279062778235	240.71190671918433	382.77862778061416	246.43689901722198	372.77658281910334
229.56464210939902	364.6479751323651	240.3536839349785	379.9524857114929	244.53099564731457	367.6842934165293
R19	273.1645317824404	413.1127718622149	12.91214109777338	5
273.1645317824404	413.1127718622149	284.8848737650337	424.0543877261891	280.36761460097955	395.36908854560477	273.1645317824404	413.1127718622149
277.1652340035939	416.84765834889095	284.7179016988645	425.2831021362288	298.7289385234778	413.75461342201305
282.99565710623443	412.0575677283824	292.68043420823204	421.6375179080094	287.01449094572047	390.70655828413175
283.79834950989016	417.15478949773967	295.59309584457327	431.82854417342384	293.37444952452074	403.8770819403462
279.011073545857	398.710718163707	290.16921296277013	408.366951018029	300.8745625927236	392.7958824488002
R18	176.4854313024774	289.682927064474	12.91214109777338	5
176.4854313024774	289.682927064474	185.06170202458682	297.0037824669243	174.5734764845098	272.6728700330255	176.4854313024774	289.682927064474
175.88792228341032	275.72216235706526	185.76049645486512	284.73339730687053	179.27410023749187	252.82067032708713
176.2165081055852	276.4844259864856	186.82829907540665	286.1576807653851	190.56260252013598	265.343796999106
184.19975515148627	295.0042112513792	193.5025373216398	299.88459346712835	183.6893518011238	282.9144361039442
176.33940499074777	288.38377717491056	184.82881540428158	300.5942805849358	196.46250267389073	293.49942742816955
R17	242.59642474364367	271.2639061677022	12.91214109777338	5
242.59642474364367	271.2639061677022	248.24208288178636	280.5230985757959	254.33668206912108	259.34134822055097	242.59642474364367	271.2639061677022
243.47201201430482	272.69991784441993	252.11420631066795	281.31281698955394	252.9826319403356	259.4344495094143
244.65839130815044	269.16992175416885	257.4366693657306	278.42380754617795	255.05202371126396	256.5640726437042
246.67111751705642	277.94662826488354	253.9503706808613	287.13599826779466	264.92607510043337	273.38406943221463
251.29375657293912	269.91702124326264	264.1286429777344	284.04952546650134	269.23704948723434	265.5660277621938
R16	275.19494483576966	66.83136750779833	12.91214109777338	5
275.19494483576966	66.83136750779833	289.61492383047914	79.42939255324308	290.8901669261576	66.28692144952853	275.19494483576966	66.83136750779833
288.44825172870014	78.41012863036036	299.7829575655174	93.57389534448296	305.42995833447804	76.32179415405153
288.0029648579781	66.38707459017198	298.0102349831599	81.47343711467443	297.5040371978174	46.15483589820893
281.87030828483535	72.66330359797087	291.0077640917797	84.46334985758395	289.0644518123984	51.994444653339116
289.2852270473505	79.14135272095335	302.9060660029851	92.02955537577499	299.40929838923796	65.08942150706726
R15	121.31343299190955	147.3828801905674	12.91214109777338	5
121.31343299190955	147.3828801905674	131.29911439749992	157.89505359149481	123.64350941969424	128.96639634147223	121.31343299190955	147.3828801905674
127.85697134215616	144.88803756307283	137.7593752221937	155.5348152921942	131.48288005148956	129.39224636816425
127.12375219372414	153.4995466936684	134.94197668058376	164.6919593501175	146.86004144661555	162.8306473309248
121.32715904407735	147.2743920675832	131.0814619404419	155.56713255229985	118.26364851514795	120.06635191552287
123.34900404851176	131.29411115253123	132.3537377289024	141.6389727987726	126.75606996945396	106.90185119224064
R14	228.8140136340658	187.4952490895178	12.91214109777338	5
228.8140136340658	187.4952490895178	240.86944887793783	200.27595394394558	252.85194463392176	186.04279719285302	228.8140136340658	187.4952490895178
242.36195309911722	198.5031140477908	252.0389350023086	207.533906045764	267.15309151999116	197.17966580926847
238.63182999351557	197.90371719264024	251.29176455457582	207.251248023696	260.3613055743909	191.33993866514987
250.95873201431453	186.15719140840153	259.82778082677936	193.26221936650072	269.44430563975226	181.60557920745066
236.1230389305244	187.05361342400752	244.1800981149337	194.10748697209382	256.978949952776	187.79105204126697
R13	14.450581754897108	153.01472218211697	12.91214109777338	5
14.450581754897108	153.01472218211697	23.385728547113274	163.6618924997836	23.445071630600424	135.5713469251358	14.450581754897108	153.01472218211697
23.39262044468619	160.39955506310838	30.9749395632401	168.04266908111856	38.67094292656358	154.74451639348342
23.385918395609625	163.57202612402975	31.90275359556241	170.8115920037504	27.57568423413519	146.1936095205806
17.166641034377385	147.74735939813522	29.948556559247265	160.5069405502555	20.956265672843557	128.56724822784204
23.42391688124165	145.58512470787676	31.287824019595156	158.9386026256033	34.31689132071212	138.43097484384387
R12	185.13505234195608	359.36957950560287	12.91214109777338	5
185.13505234195608	359.36957950560287	193.31687630198917	370.1512723563175	189.47201605089617	341.97798086919994	185.13505234195608	359.36957950560287
191.338129773366	355.65196702677423	196.6348157791719	364.93781770781806	207.15010985378848	359.6369453913101
188.23425729454345	363.4535925622802	198.6097447637564	376.73119038475096	198.1482404000481	345.3394367185618
191.72637113081606	358.4968134493938	206.2722814696295	366.29527068620985	214.18866970832167	351.0581378980314
190.19155648813881	347.2504280197672	198.8186288901405	354.19138535604475	199.82101912552758	340.5818258849958
R11	379.0903488293668	15.925512261235008	12.91214109777338	5
379.0903488293668	15.925512261235008	388.68408066994095	29.546818578232497	382.2739755170333	-2.2586633086429906	379.0903488293668	15.925512261235008
380.8865207168989	5.666173412526224	392.6863858222423	13.536315427609404	376.5454615125098	-21.021742103669943
382.7237513110626	21.084264767408392	394.66238533645765	34.93117466488104	401.9786724014382	18.818853073374953
380.3487672045016	17.712231178075612	393.45236080524285	31.333951364801166	399.56386233101216	9.426321363261083
388.0458503501828	28.640650797989302	395.70898362172267	40.64239240179243	405.1121333647865	21.69038799319896
R10	307.84705058080834	47.952609895841604	12.91214109777338	5
307.84705058080834	47.952609895841604	316.7843136788932	60.23790315176256	318.8775661929889	38.274841177278574	307.84705058080834	47.952609895841604
310.496990376997	51.59525610077313	325.5890155765755	63.8742158773541	332.3454073975906	56.300561981997916
309.9483098879256	50.841031833448	320.30325270759994	61.18806762361704	313.8171417775533	37.43680587282414
318.1461571699436	45.94901407026133	329.77965072929203	58.54683310681258	339.11861940959	53.7924862500737
317.0411101217702	57.54351432301178	328.4914210469793	66.29990754704336	339.41850153626467	60.37769218341002
R9	244.9075609999327	216.80612143327266	12.91214109777338	5
244.9075609999327	216.80612143327266	252.68241534767128	223.78704256702477	253.27616392279938	207.9772006105023	244.9075609999327	216.80612143327266
247.62437887556388	213.9398640501803	261.20589130543704	224.36804985592414	259.2564270835138	203.83772088012546
248.3676979599797	219.912924744269	255.47236788402017	230.77408807680547	250.51674613982453	195.84758296367153
250.10169315451998	211.3262842419834	258.04630273692453	222.08930178200694	267.2859879340365	205.0837306997023
251.02477001294952	222.2986685304371	262.47415813268185	232.5319780800266	273.3077651908112	225.15087724775424
R8	95.90914943209522	248.88503761794783	12.91214109777338	5
95.90914943209522	248.88503761794783	103.51204261278208	258.5631899616699	114.7589011863364	254.1749469224714	95.90914943209522	248.88503761794783
98.46329176605562	252.13634972087357	113.55645789878392	263.7068720677832	121.73911397297113	252.20291998270798
103.44601097082827	251.0001484427723	115.5863935163057	261.9316675078145	104.71789482296847	229.2906269325163
108.07850224271364	252.30018989699238	119.67090354101141	260.88820456453675	119.38647215786335	237.79635005442253
102.85704283523864	257.7294037329915	109.44580246177546	266.0175119115436	106.41433013122563	237.5799199565578
R7	405.4172856670636	392.5752216542799	12.91214109777338	5
405.4172856670636	392.5752216542799	420.5505751744977	401.2243580474019	421.14271847087286	388.4065298953229	405.4172856670636	392.5752216542799
416.1387830476175	398.70288432387713	426.7777498688021	411.61680017012145	425.7642032621592	394.1289872276766
413.52386262449807	390.42623020982046	425.65797629982524	401.1396350463852	425.7349202669654	380.0573052020649
410.0878690115798	391.3370857924109	421.26055609546637	399.8892461929649	433.9906544592094	391.919295368189
411.5658918378905	390.9452732647393	423.1350232483279	398.234163395265	409.4840055348883	376.6514941279416
R6	187.52922379612025	466.6500039531983	12.91214109777338	5
187.52922379612025	466.6500039531983	199.1846044099485	481.98000155490433	192.40058248100817	450.06847160767234	187.52922379612025	466.6500039531983
190.75331495450706	455.6755766350947	199.4240999824296	468.4107433263429	208.0328388988746	458.753341217247
193.57760056584328	455.60507633213797	201.07368079499096	462.6795899716152	194.36973234752566	433.02034317082524
190.09725912588857	457.90871355774743	203.73643214207394	471.4340159869779	183.85354580220277	437.4580913423241
189.2823050551046	460.68272141858176	204.20644022590983	470.82933948961465	199.77560422789048	445.92167119628937
R5	115.03401628132931	85.8843070342114	12.91214109777338	5
115.03401628132931	85.8843070342114	126.94973420050698	93.45874117030758	126.87536373063362	71.26842688737393	115.03401628132931	85.8843070342114
121.14124932480205	78.34609513946229	131.708162936248	87.6416826898765	144.71056033574018	78.29325768692266
121.61209296142076	77.76492866409426	133.9019488248837	84.60026950882255	124.63188573419367	67.10437181909114
119.6848933719456	80.14368820471209	129.7862084416563	91.40873941164148	122.94599197421475	57.69596544402711
126.92955895480108	87.43894536006701	133.81861985072854	98.2867979159364	143.21241638847138	88.07534244948664
R4	402.7367777976202	31.857548919114464	12.91214109777338	5
402.7367777976202	31.857548919114464	416.97708915475573	41.361037858044426	402.31326713355776	14.019848506989234	402.7367777976202	31.857548919114464
415.9405214954478	39.428322594087426	422.7703794640479	50.24943211566773	421.0913701756752	25.073046899463474
412.8012975527874	38.57425965458206	425.6779545286766	51.763498331709044	413.03375901519007	22.428971580316155
402.4273142045542	18.823357976622447	413.3209590958823	32.1751595410343	411.80964225771925	6.07076352198311
405.51240498015676	33.709906045745115	412.70259485236994	42.85359839210089	411.9410112415802	21.663481453169094
R3	452.66314535758556	412.7768332953649	12.91214109777338	5
452.66314535758556	412.7768332953649	465.65290939489034	427.91545257393506	453.4570648618287	385.74928006311075	452.66314535758556	412.7768332953649
456.8254401133213	417.6276831992825	465.512512815868	425.61313473550626	455.69451500721885	394.19689798772606
459.4106833254949	420.6405949518908	467.69590517459716	428.4835217727863	463.0060928283191	398.8791759692454
463.2400442685724	419.5731613217084	471.0937574365357	428.2360528810457	466.85084291472907	402.85419954197874
452.83160628409644	407.0418858170704	460.65862789560543	416.5123108879977	460.1884049824579	392.1051902396203
R2	256.0885530947177	56.353932434247355	12.91214109777338	5
256.0885530947177	56.353932434247355	265.9007750253025	63.015057141580854	282.18596008822607	52.061846631415804	256.0885530947177	56.353932434247355
280.45681048178335	52.34622961546593	293.5507358569904	63.4660490359429	291.11678367351254	45.814854972417464
263.907167368998	61.66167670337998	273.9013842075324	76.68379323598779	285.72439161117484	65.45823042302182
281.57492658202466	52.16233968950675	290.8654767297526	63.61359476358359	289.24349249789674	37.83328132256954
265.59561172878966	54.790362865817144	272.8307330946274	65.05196531542774	280.9175629861614	46.29133397553748
R1	483.36551501619	454.34999912063114	12.91214109777338	5
483.36551501619	454.34999912063114	494.5638626241501	465.54770654252246	505.379422638999	459.47508456750205	483.36551501619	454.34999912063114
504.7373854730452	459.3256110895553	513.4926743908119	470.85990259088595	528.0265752746976	465.89290997978605
496.8031665972633	464.29040257516357	512.4886750296689	474.8611061432991	500.1901492644052	449.5389372952136
498.9368262592834	463.0924148118846	509.84226503908144	474.863854189395	501.64488649311625	438.5613358165904
493.8683786143263	464.8522622920623	504.09113687264005	473.3325035772281	506.90134818199175	455.83526850779526
