R100	290.0492766158122	164.05917302572365	89.19635043225807	1
290.0492766158122	164.05917302572365	295.39928223619364	173.33035303739308	298.786597692334	146.4827922369551	290.0492766158122	164.05917302572365
R99	141.1506356582825	237.80901127525433	89.19635043225807	1
141.1506356582825	237.80901127525433	152.41624917459333	253.11255834538935	151.14609623670532	220.865433212678	141.1506356582825	237.80901127525433
R98	250.5171902990167	322.3442397010288	89.19635043225807	1
250.5171902990167	322.3442397010288	259.6914705420363	334.01114697630203	258.25327962001705	311.05323492511735	250.5171902990167	322.3442397010288
R97	335.4339576996038	21.105466213551804	89.19635043225807	1
335.4339576996038	21.105466213551804	347.697094162411	30.45812003461916	337.5015632041175	0.8044349891179383	335.4339576996038	21.105466213551804
R96	391.87865034661496	321.8902602527425	89.19635043225807	1
391.87865034661496	321.8902602527425	403.00883147812533	329.94662166805756	398.7414035603743	303.9451969507113	391.87865034661496	321.8902602527425
R95	499.5170835034297	215.51256235668305	89.19635043225807	1
499.5170835034297	215.51256235668305	508.2379035270818	221.48025034038886	508.4676148346281	204.5072129223979	499.5170835034297	215.51256235668305
R94	224.5883681341263	458.46357597320196	89.19635043225807	1
224.5883681341263	458.46357597320196	234.08856566677687	469.8042447854029	230.5404838489355	448.5124067077521	224.5883681341263	458.46357597320196
R93	453.5969048541091	243.63072211814602	89.19635043225807	1
453.5969048541091	243.63072211814602	463.47123614266314	251.27890487976205	465.0329880897577	238.25106169530144	453.5969048541091	243.63072211814602
R92	236.42837684361518	320.0164314306925	89.19635043225807	1
236.42837684361518	320.0164314306925	246.70890111039287	332.0425246156364	256.6440903544761	324.96689363880097	236.42837684361518	320.0164314306925
R91	275.87022569189924	248.68659678191517	89.19635043225807	1
275.87022569189924	248.68659678191517	284.10919568474	256.8693684454958	282.1595828189641	240.02075890618863	275.87022569189924	248.68659678191517
R90	377.9519071998233	81.35346597228893	89.19635043225807	1
377.9519071998233	81.35346597228893	385.6313363293208	89.57702474910302	391.4291524285872	78.73341819111738	377.9519071998233	81.35346597228893
R89	129.15907982861015	223.8095491754632	89.19635043225807	1
129.15907982861015	223.8095491754632	139.03379194508219	236.13804078969795	141.30322614823854	207.31857347408214	129.15907982861015	223.8095491754632
R88	167.51485222189666	234.38590487582854	89.19635043225807	1
167.51485222189666	234.38590487582854	174.87746589320332	241.43640157058175	181.2088672480415	233.11406014747706	167.51485222189666	234.38590487582854
R87	87.86004205634661	364.1122322248157	89.19635043225807	1
87.86004205634661	364.1122322248157	101.75220097139082	377.4172580454442	113.0016839730602	365.2133223456325	87.86004205634661	364.1122322248157
R86	111.21163586681348	22.90526810047688	89.19635043225807	1
111.21163586681348	22.90526810047688	118.87994224014345	30.828922489360956	116.48660195947956	13.331315886965712	111.21163586681348	22.90526810047688
R85	33.00975129013717	58.04560739932929	89.19635043225807	1
33.00975129013717	58.04560739932929	46.39319651415324	68.30283955963901	36.539841595762596	39.035323020401265	33.00975129013717	58.04560739932929
R84	348.16012889476264	166.7816137133179	89.19635043225807	1
348.16012889476264	166.7816137133179	358.26208177822417	174.9681414255185	345.38448085376723	146.08947320581032	348.16012889476264	166.7816137133179
R83	111.26241377212365	63.322328581652044	89.19635043225807	1
111.26241377212365	63.322328581652044	127.15504231909168	75.22554121987154	133.0353605361264	58.338386329503344	111.26241377212365	63.322328581652044
R82	376.7800116232291	418.4018213874474	89.19635043225807	1
376.7800116232291	418.4018213874474	384.7487547471171	424.57753673536473	393.3204900259894	407.362640006047	376.7800116232291	418.4018213874474
R81	11.503596633715752	293.083423988717	89.19635043225807	1
11.503596633715752	293.083423988717	23.594371271112898	302.528906034988	7.668672501273042	271.38164817384506	11.503596633715752	293.083423988717
R80	364.17282040056307	319.1089785909048	89.19635043225807	1
364.17282040056307	319.1089785909048	373.51287602690235	329.92020514779324	389.2422948075189	322.61419485140095	364.17282040056307	319.1089785909048
R79	430.46442359826284	147.3613845706247	89.19635043225807	1
430.46442359826284	147.3613845706247	438.03448539895044	155.9545750738729	436.6289750733604	130.75101167463953	430.46442359826284	147.3613845706247
R78	383.06711709677217	401.4194466592695	89.19635043225807	1
383.06711709677217	401.4194466592695	395.3553354177835	416.2894412081778	390.15524426607044	385.7104592438426	383.06711709677217	401.4194466592695
R77	191.77289684444466	364.14810505301955	89.19635043225807	1
191.77289684444466	364.14810505301955	200.25399683606645	372.139951643977	202.95912829192326	355.761665274365	191.77289684444466	364.14810505301955
R76	102.10722661665011	285.8522807512209	89.19635043225807	1
102.10722661665011	285.8522807512209	108.59627687106884	295.4412398366931	112.39794166838792	270.4931024201295	102.10722661665011	285.8522807512209
R75	378.045905291443	482.8243610327346	89.19635043225807	1
378.045905291443	482.8243610327346	387.1453988280214	491.60063591225224	385.4506378535244	474.47544002823463	378.045905291443	482.8243610327346
R74	392.0405292877798	132.21698068164633	89.19635043225807	1
392.0405292877798	132.21698068164633	405.0461734646028	145.84901976923751	400.45628889253913	122.40394646945958	392.0405292877798	132.21698068164633
R73	195.48243732383176	33.10252514385409	89.19635043225807	1
195.48243732383176	33.10252514385409	202.5945611232637	43.86163397331289	213.5589837406937	24.95091104720573	195.48243732383176	33.10252514385409
R72	317.5401422188929	43.01711908001526	89.19635043225807	1
317.5401422188929	43.01711908001526	333.50140265112026	52.38397925496977	314.6640232786803	25.92595607247554	317.5401422188929	43.01711908001526
R71	238.5029749787287	206.16842982153355	89.19635043225807	1
238.5029749787287	206.16842982153355	245.91900726472585	217.31855692769977	248.58566844340342	188.462624957644	238.5029749787287	206.16842982153355
R70	400.3630906311546	61.02476168611199	89.19635043225807	1
400.3630906311546	61.02476168611199	411.79809225961714	69.87727396287289	404.61834989412864	42.227491488532884	400.3630906311546	61.02476168611199
R69	67.7625036813474	276.00879044128186	89.19635043225807	1
67.7625036813474	276.00879044128186	76.8519563800566	286.0650627886163	78.91714348611241	261.7898187008959	67.7625036813474	276.00879044128186
R68	351.10858746654674	219.78624845277	89.19635043225807	1
351.10858746654674	219.78624845277	359.44836275808166	233.11755560215084	359.78252713177636	214.5323243013444	351.10858746654674	219.78624845277
R67	478.7567934263128	311.04568090135825	89.19635043225807	1
478.7567934263128	311.04568090135825	491.54905000731526	325.7072798267758	483.3519983225385	292.7512307103566	478.7567934263128	311.04568090135825
R66	434.2567366671132	271.494284426934	89.19635043225807	1
434.2567366671132	271.494284426934	443.27052731604635	285.3182727254024	452.79482812808095	281.3298451455694	434.2567366671132	271.494284426934
R65	276.5901800867907	415.67203590574303	89.19635043225807	1
276.5901800867907	415.67203590574303	284.98538325935004	426.7806413351018	296.79099762914194	419.66542594698757	276.5901800867907	415.67203590574303
R64	413.13042422673567	143.90140750078427	89.19635043225807	1
413.13042422673567	143.90140750078427	423.67193710961925	154.25834457639462	427.3878783964358	135.87721905987112	413.13042422673567	143.90140750078427
R63	2.5639517715121407	433.0333992874539	89.19635043225807	1
2.5639517715121407	433.0333992874539	10.66969016474472	440.3878231139845	5.076869875986393	411.10557910625886	2.5639517715121407	433.0333992874539
R62	300.0572459004661	240.29176116338908	89.19635043225807	1
300.0572459004661	240.29176116338908	307.48674799908383	252.420756383839	323.5133112385621	246.9824870986881	300.0572459004661	240.29176116338908
R61	183.29968208337928	312.8107431018505	89.19635043225807	1
183.29968208337928	312.8107431018505	194.52143920356392	325.28008403544993	190.38698593366428	302.31697238876245	183.29968208337928	312.8107431018505
R60	242.88416215263658	353.4438663564329	89.19635043225807	1
242.88416215263658	353.4438663564329	254.3392494867622	366.43825907833366	246.1777893833721	340.562615296518	242.88416215263658	353.4438663564329
R59	307.29193076033357	437.6429590591382	89.19635043225807	1
307.29193076033357	437.6429590591382	315.9780623615801	449.2585694471337	328.2864021400298	436.850853194643	307.29193076033357	437.6429590591382
R58	416.1159254762316	386.41644169635566	89.19635043225807	1
416.1159254762316	386.41644169635566	424.48435195315085	395.48117406048857	416.51526769794395	360.1378567345965	416.1159254762316	386.41644169635566
R57	227.18724036283427	119.4396254443837	89.19635043225807	1
227.18724036283427	119.4396254443837	238.2181146603112	131.17391578982196	222.4260132167398	98.03319737644173	227.18724036283427	119.4396254443837
R56	255.75270762677104	266.2215750827782	89.19635043225807	1
255.75270762677104	266.2215750827782	263.5904691884879	275.70273471011467	264.61729329779695	247.35026417680214	255.75270762677104	266.2215750827782
R55	349.746282576644	130.86663239975522	89.19635043225807	1
349.746282576644	130.86663239975522	362.8080330778224	144.49010492316094	359.547098173265	119.13814889590314	349.746282576644	130.86663239975522
R54	307.2709044794207	368.29738001909	89.19635043225807	1
307.2709044794207	368.29738001909	317.2899739387398	379.57375255479224	323.9314909774245	357.6487315809665	307.2709044794207	368.29738001909
R53	206.33657211709726	459.86714923787764	89.19635043225807	1
206.33657211709726	459.86714923787764	213.04863240321993	468.8240950328425	207.78285097966102	438.52981084630113	206.33657211709726	459.86714923787764
R52	20.439978251627966	493.3809340921287	89.19635043225807	1
20.439978251627966	493.3809340921287	31.21601360800399	499.3509869777745	46.7156889117286	485.85952218466934	20.439978251627966	493.3809340921287
R51	402.83340154586466	46.776218112605235	89.19635043225807	1
402.83340154586466	46.776218112605235	412.1374603689971	57.88498510921891	420.96125147998936	39.170726145218744	402.83340154586466	46.776218112605235
R50	470.55176484229355	218.0699029818934	89.19635043225807	1
470.55176484229355	218.0699029818934	479.91267250941087	229.37932675214526	492.41016265621425	213.88541723676957	470.55176484229355	218.0699029818934
R49	472.8257718928849	438.4013427882612	89.19635043225807	1
472.8257718928849	438.4013427882612	482.3710896143391	449.27935568689907	478.37817650464535	427.7525332422347	472.8257718928849	438.4013427882612
R48	59.3482446398157	376.14648047252876	89.19635043225807	1
59.3482446398157	376.14648047252876	67.94163967980968	391.45177804739626	65.37464927256094	353.32212021638554	59.3482446398157	376.14648047252876
R47	206.81566172681204	323.8155847143291	89.19635043225807	1
206.81566172681204	323.8155847143291	217.877604136866	340.3898625041387	223.29516502699002	322.14365323619035	206.81566172681204	323.8155847143291
R46	120.0980838212719	80.65559093887131	89.19635043225807	1
120.0980838212719	80.65559093887131	133.1682688853509	89.96518885640158	112.0919041871268	61.88128840240934	120.0980838212719	80.65559093887131
R45	93.38690274247679	78.4241034621887	89.19635043225807	1
93.38690274247679	78.4241034621887	103.12576467684593	86.93877674968704	115.03354042208254	83.34290779296222	93.38690274247679	78.4241034621887
R44	37.957709420454066	213.75164487814396	89.19635043225807	1
37.957709420454066	213.75164487814396	46.31169001632442	220.96238402438826	50.78846469534223	202.2765611715875	37.957709420454066	213.75164487814396
R43	287.76344140246647	160.4338068852603	89.19635043225807	1
287.76344140246647	160.4338068852603	294.7082617339009	168.74269693257523	287.22946035031197	143.94938711711978	287.76344140246647	160.4338068852603
R42	290.4635346166597	50.36740476419016	89.19635043225807	1
290.4635346166597	50.36740476419016	302.3963274097416	64.13207563141229	291.584262339632	25.43723113340272	290.4635346166597	50.36740476419016
R41	56.3746129044887	174.935080755372	89.19635043225807	1
56.3746129044887	174.935080755372	68.37721259578026	190.87924890677488	77.04649539225964	181.6114568243076	56.3746129044887	174.935080755372
R40	403.6790773566383	336.65933733907326	89.19635043225807	1
403.6790773566383	336.65933733907326	413.2183145917619	345.67343323736554	413.76398663444513	330.26102421206764	403.6790773566383	336.65933733907326
R39	431.5307095115593	241.58400266146703	89.19635043225807	1
431.5307095115593	241.58400266146703	438.87033751913333	249.6774426409794	446.8804014919704	238.03741199592986	431.5307095115593	241.58400266146703
R38	420.5436254396111	369.734099299299	89.19635043225807	1
420.5436254396111	369.734099299299	429.9361951848573	381.10406692665674	429.50282027956564	352.3336513675651	420.5436254396111	369.734099299299
R37	432.56020519791457	91.98340386210086	89.19635043225807	1
432.56020519791457	91.98340386210086	446.6497472557009	102.3582280066848	446.41139855799656	77.68973704732275	432.56020519791457	91.98340386210086
R36	451.15339895836536	162.08083533111684	89.19635043225807	1
451.15339895836536	162.08083533111684	462.0359648903058	172.88785602734978	459.28444392087016	152.05125994071236	451.15339895836536	162.08083533111684
R35	464.1792797730718	350.3669584685516	89.19635043225807	1
464.1792797730718	350.3669584685516	479.46263614233715	362.4418493848479	481.3572866618634	344.1559516599535	464.1792797730718	350.3669584685516
R34	355.30683297311964	74.08593567490007	89.19635043225807	1
355.30683297311964	74.08593567490007	364.5920178542224	79.5981217174853	354.1673766324535	50.41419825205352	355.30683297311964	74.08593567490007
R33	20.802753221995097	257.5961217372364	89.19635043225807	1
20.802753221995097	257.5961217372364	34.66365463856151	268.64100011057445	16.90868092048847	241.00940980414313	20.802753221995097	257.5961217372364
R32	129.3528401476462	148.5869053936113	89.19635043225807	1
129.3528401476462	148.5869053936113	140.99633655976663	157.37259923596986	146.57191356075472	146.02463833237312	129.3528401476462	148.5869053936113
R31	199.24872087499523	123.72795875707621	89.19635043225807	1
199.24872087499523	123.72795875707621	208.8679755444135	135.62460189616127	222.7018314773167	121.8803894783682	199.24872087499523	123.72795875707621
R30	189.32489475633702	31.16601271946673	89.19635043225807	1
189.32489475633702	31.16601271946673	198.86487376147272	40.52565740350327	204.56628509976295	26.451483454454277	189.32489475633702	31.16601271946673
R29	430.05925423627554	1.8793465519597041	89.19635043225807	1
430.05925423627554	1.8793465519597041	443.15081381548646	14.23158421836223	437.3756523961812	-11.172442438308636	430.05925423627554	1.8793465519597041
R28	166.08940954480977	143.26506859839333	89.19635043225807	1
166.08940954480977	143.26506859839333	180.8810998332689	153.70346691158775	179.36136699867697	140.08401670556847	166.08940954480977	143.26506859839333
R27	168.6171290016969	77.61833708065463	89.19635043225807	1
168.6171290016969	77.61833708065463	178.72771032807674	87.54138035912743	170.2210906756333	58.55713786744881	168.6171290016969	77.61833708065463
R26	34.789856660391806	237.62960702314746	89.19635043225807	1
34.789856660391806	237.62960702314746	43.13060720900427	248.09775435861397	51.81596642606709	240.34930150867598	34.789856660391806	237.62960702314746
R25	266.4805019269596	448.90888419308635	89.19635043225807	1
266.4805019269596	448.90888419308635	276.1827676390867	459.2101420751239	285.4061438417352	442.5876165390022	266.4805019269596	448.90888419308635
R24	267.66808190458187	488.4122472697112	89.19635043225807	1
267.66808190458187	488.4122472697112	280.8129234674793	499.2669746449372	286.2885181198716	479.2225261259968	267.66808190458187	488.4122472697112
R23	56.92032423969889	115.41307893963082	89.19635043225807	1
56.92032423969889	115.41307893963082	69.19177395042973	122.2795947809786	47.70982974528876	97.2156331983452	56.92032423969889	115.41307893963082
R22	127.27140523494911	193.76616264889412	89.19635043225807	1
127.27140523494911	193.76616264889412	137.37021952532885	203.59835554130302	133.3772390633562	173.17389188097056	127.27140523494911	193.76616264889412
R21	108.49996992335636	409.8440567344193	89.19635043225807	1
108.49996992335636	409.8440567344193	116.3547934353558	421.1134331913429	117.04104032059175	400.0717842242516	108.49996992335636	409.8440567344193
R20	255.42420928294774	425.1618934201944	89.19635043225807	1
255.42420928294774	425.1618934201944	264.8611911298032	434.0014601058617	253.42187520728845	405.4128005760846	255.42420928294774	425.1618934201944
R19	109.59481398004556	243.6289808345803	89.19635043225807	1
109.59481398004556	243.6289808345803	118.08952419046652	251.0115892806218	105.74478306347997	218.22557636053796	109.59481398004556	243.6289808345803
R18	184.90989058143498	184.12668880280737	89.19635043225807	1
184.90989058143498	184.12668880280737	196.0266239008544	199.71210517023079	193.39713990883962	174.37678758773075	184.90989058143498	184.12668880280737
R17	263.8579393887525	133.3894376088971	89.19635043225807	1
263.8579393887525	133.3894376088971	275.8465016251171	140.29804806070555	258.2967910785446	115.00578313000719	263.8579393887525	133.3894376088971
R16	26.764510559142085	298.73029049469966	89.19635043225807	1
26.764510559142085	298.73029049469966	38.769642828157004	308.6885094473811	28.452791024351846	286.9569396898492	26.764510559142085	298.73029049469966
R15	181.58244102736364	151.11724340583427	89.19635043225807	1
181.58244102736364	151.11724340583427	193.18013420649055	167.08610004984746	188.02300166053067	134.75350247623192	181.58244102736364	151.11724340583427
R14	111.05661697283675	344.96131768799523	89.19635043225807	1
111.05661697283675	344.96131768799523	122.57330534682373	356.7945803181756	123.91103964164705	330.5850209222695	111.05661697283675	344.96131768799523
R13	410.4131933867166	350.2958206483284	89.19635043225807	1
410.4131933867166	350.2958206483284	422.04621880563224	362.1455424800163	410.3983989289777	322.86566354333553	410.4131933867166	350.2958206483284
R12	176.08422606168378	334.1264522283205	89.19635043225807	1
176.08422606168378	334.1264522283205	185.76537139084053	344.8919188390576	179.04886760513241	319.3515305577724	176.08422606168378	334.1264522283205
R11	37.58240406255731	161.90798977513572	89.19635043225807	1
37.58240406255731	161.90798977513572	47.055233169096546	175.97342563479893	41.215730792443175	146.37197824459392	37.58240406255731	161.90798977513572
R10	476.56416839759976	499.4703274797037	89.19635043225807	1
476.56416839759976	499.4703274797037	482.11473715782506	508.10709446253964	493.39261854139954	495.99574198867407	476.56416839759976	499.4703274797037
R9	127.37996367652083	301.0331692740621	89.19635043225807	1
127.37996367652083	301.0331692740621	134.38043585116782	308.83210351370275	138.90017707619072	284.12948167066247	127.37996367652083	301.0331692740621
R8	480.5625939883988	312.2054654478304	89.19635043225807	1
480.5625939883988	312.2054654478304	495.0417882639934	319.71316380473996	475.06019544217804	295.0675033623599	480.5625939883988	312.2054654478304
R7	5.458871254152287	347.76331240151853	89.19635043225807	1
5.458871254152287	347.76331240151853	14.172843210921553	353.0588942296917	16.378458436329225	336.2994410485176	5.458871254152287	347.76331240151853
R6	235.9965343179107	388.8436270576038	89.19635043225807	1
235.9965343179107	388.8436270576038	244.42139707417704	396.8334892650049	255.58231724258047	386.70650432978914	235.9965343179107	388.8436270576038
R5	25.287789018380636	360.0845791699269	89.19635043225807	1
25.287789018380636	360.0845791699269	37.07393515982806	370.2069756202732	32.910136511292	345.5280551019954	25.287789018380636	360.0845791699269
R4	247.3421978268346	333.8551571431514	89.19635043225807	1
247.3421978268346	333.8551571431514	255.8557925371508	342.8989114433756	252.33094676316662	322.03933900921345	247.3421978268346	333.8551571431514
R3	122.01015120744869	284.2492806045868	89.19635043225807	1
122.01015120744869	284.2492806045868	128.27651051077112	292.28698131079807	139.03623291875226	283.2501534667402	122.01015120744869	284.2492806045868
R2	321.96959554383596	120.91216569724334	89.19635043225807	1
321.96959554383596	120.91216569724334	332.11395989491416	129.9068378930146	337.7638685436231	113.59216464636395	321.96959554383596	120.91216569724334
R1	181.4971985228109	466.50179437606033	89.19635043225807	1
181.4971985228109	466.50179437606033	195.24278592597193	478.15599053701874	188.06596353401918	456.9437164177385	181.4971985228109	466.50179437606033
