R100	230.45390841243236	82.16054333658457	30.19163166930586	1
230.45390841243236	82.16054333658457	244.5377563655026	93.99318742271947	245.24853087787048	71.50361665368443	230.45390841243236	82.16054333658457
R99	373.07780984583115	415.64452520115555	6.465268094015883	1
373.07780984583115	415.64452520115555	384.6453680098724	427.01230949340703	375.21030983944763	399.1940825446649	373.07780984583115	415.64452520115555
R98	83.90352091132475	357.3458412578455	15.47201787682693	1
83.90352091132475	357.3458412578455	94.1678283078127	368.23860801901463	92.09580470684486	342.9327971600896	83.90352091132475	357.3458412578455
R97	343.0227331683065	145.34465079956504	15.198709866647475	1
343.0227331683065	145.34465079956504	354.5149984106273	155.84910952914387	362.2686932452146	149.31988972819755	343.0227331683065	145.34465079956504
R96	270.9087093513784	479.55657717539407	25.386887292401433	1
270.9087093513784	479.55657717539407	281.0357380741571	488.90918689109753	269.99173534274814	461.3715074127589	270.9087093513784	479.55657717539407
R95	276.6519610543845	118.08385127150184	18.974104045998494	1
276.6519610543845	118.08385127150184	284.9895616636103	124.8503955792512	287.8437558277385	107.11796145564882	276.6519610543845	118.08385127150184
R94	394.97856640118016	159.2785310438225	17.112207069941203	1
394.97856640118016	159.2785310438225	405.9623982180603	175.18994042833054	401.21716778556123	143.35481346216778	394.97856640118016	159.2785310438225
R93	118.76795936544421	450.4249823451851	26.619652846957525	1
118.76795936544421	450.4249823451851	129.62043009076922	462.18787687515487	131.12262977880346	440.17640141835545	118.76795936544421	450.4249823451851
R92	284.84133837191683	109.05094334711401	8.58280852066373	1
284.84133837191683	109.05094334711401	295.79768710030515	122.74581554868993	304.3878297835611	113.05858518617437	284.84133837191683	109.05094334711401
R91	295.2296732801082	378.3808394844171	20.672117835375932	1
295.2296732801082	378.3808394844171	307.52047333215376	389.66748749494235	301.4763914972519	364.19249293189336	295.2296732801082	378.3808394844171
R90	91.09829714368489	462.75262882487095	2.5801247947797368	1
91.09829714368489	462.75262882487095	104.2412591795595	477.7719053374201	105.55753172198776	454.7058357584547	91.09829714368489	462.75262882487095
R89	328.06724334870654	461.10396868633444	14.93099760183924	1
328.06724334870654	461.10396868633444	340.66109382488645	473.46367049614554	352.7366508427539	461.41625365236905	328.06724334870654	461.10396868633444
R88	340.73536941307964	120.52518215784325	30.267773206931654	1
340.73536941307964	120.52518215784325	357.5869816868187	130.56937266279797	364.4646000997073	115.92340296295436	340.73536941307964	120.52518215784325
R87	111.77709226159332	189.27886141157168	28.108016124397917	1
111.77709226159332	189.27886141157168	128.74906263431987	198.10422717890123	117.3744205987859	180.04757839427165	111.77709226159332	189.27886141157168
R86	430.48444933443767	112.27010485899602	11.299572907467454	1
430.48444933443767	112.27010485899602	438.49516994739565	123.75024830692436	434.49640181603286	95.4660377670654	430.48444933443767	112.27010485899602
R85	419.84059530063575	249.18976847564272	29.853448991762406	1
419.84059530063575	249.18976847564272	427.8172428605114	256.8636572404867	422.9783106573534	224.76296777935445	419.84059530063575	249.18976847564272
R84	485.1344065010642	286.5792960938918	4.923641323035	1
485.1344065010642	286.5792960938918	492.9240759260954	294.1480599773098	484.9650230326139	264.6506472200522	485.1344065010642	286.5792960938918
R83	138.02516123899494	20.991848824837568	20.711975887689043	1
138.02516123899494	20.991848824837568	146.46774232335784	30.90350997341018	161.23034996559116	20.694362279499504	138.02516123899494	20.991848824837568
R82	189.88494605655103	308.13060252960037	8.344654964099204	1
189.88494605655103	308.13060252960037	199.3060191821293	321.96325667032596	195.56905439283508	293.02926488738734	189.88494605655103	308.13060252960037
R81	173.77919205275992	476.63714026581033	13.319549972242209	1
173.77919205275992	476.63714026581033	184.0527863096667	488.2442512392314	191.32966981632995	468.57595273117744	173.77919205275992	476.63714026581033
R80	472.9052083958312	185.09953066744478	5.266544366094205	1
472.9052083958312	185.09953066744478	482.009365096442	193.0644470451911	477.4946750374862	165.60480382732717	472.9052083958312	185.09953066744478
R79	373.8088452226364	241.64061027611217	11.135591527573775	1
373.8088452226364	241.64061027611217	382.4187946882825	252.78479565515502	389.0337205593588	239.66863499450773	373.8088452226364	241.64061027611217
R78	135.03265883451178	410.0408830268922	3.364467338503653	1
135.03265883451178	410.0408830268922	143.0053589995003	420.16825484752735	159.67454513714227	412.30823748875235	135.03265883451178	410.0408830268922
R77	85.44652757068927	471.29465170660245	27.480032915495123	1
85.44652757068927	471.29465170660245	93.02247901480192	480.2318212559653	103.99729822039357	465.44287460016585	85.44652757068927	471.29465170660245
R76	216.093053278203	429.95111246979593	20.84786651367006	1
216.093053278203	429.95111246979593	223.66211087715814	442.51570046337906	219.10772865999638	413.172667354803	216.093053278203	429.95111246979593
R75	423.34931553058397	290.36940811658275	1.3800765736543845	1
423.34931553058397	290.36940811658275	435.9726581248866	303.1024844176574	431.9235647114554	282.66659046779847	423.34931553058397	290.36940811658275
R74	343.14189313275267	421.7454259732378	25.25610115877426	1
343.14189313275267	421.7454259732378	351.9740815750331	431.1855546661027	359.0714599542125	423.7296716837208	343.14189313275267	421.7454259732378
R73	388.9970963317544	53.52393556088969	1.6106446248546424	1
388.9970963317544	53.52393556088969	403.54828755683536	64.30730132190978	412.9537360888975	49.6514345761114	388.9970963317544	53.52393556088969
R72	214.96478654338551	432.01917030400034	15.576088520883296	1
214.96478654338551	432.01917030400034	226.3839695678967	440.51405370034496	209.35053863548438	411.51274459857626	214.96478654338551	432.01917030400034
R71	234.93092633210517	197.7931736565317	9.058023261992759	1
234.93092633210517	197.7931736565317	249.85577187051675	208.79264598498682	232.24461260732843	173.3688491834428	234.93092633210517	197.7931736565317
R70	452.8061011566571	499.4974901995286	17.71098287520634	1
452.8061011566571	499.4974901995286	463.77677981321045	510.8036492492565	460.9762837206781	479.3017259656932	452.8061011566571	499.4974901995286
R69	453.15420464936176	98.23401353295137	15.104094357032675	1
453.15420464936176	98.23401353295137	462.5250805862833	111.81027418940154	471.0743626309878	102.74444824197167	453.15420464936176	98.23401353295137
R68	151.33914910516648	155.73173392810767	2.2740559390204447	1
151.33914910516648	155.73173392810767	160.5591412829032	163.53427857141216	161.2668225000049	146.82742409353077	151.33914910516648	155.73173392810767
R67	293.02277625755096	371.17941985890286	1.5367475003531	1
293.02277625755096	371.17941985890286	301.0620122851334	380.14201287236875	312.437848830884	365.1295028301303	293.02277625755096	371.17941985890286
R66	231.60112923811826	146.03749833756711	21.820157544784266	1
231.60112923811826	146.03749833756711	242.47053986356585	155.62451791137102	251.54995147899277	138.67060962313892	231.60112923811826	146.03749833756711
R65	409.6234185877792	38.06483739257382	27.675371222782292	1
409.6234185877792	38.06483739257382	420.01697552076973	46.165400552488215	401.96846537044644	15.518436114947935	409.6234185877792	38.06483739257382
R64	162.6826757845381	115.98340292850406	2.531833964331116	1
162.6826757845381	115.98340292850406	175.932589479803	129.6928374249014	171.2148160563251	104.03182834089853	162.6826757845381	115.98340292850406
R63	201.3671118997428	306.3979723987495	6.941740042908469	1
201.3671118997428	306.3979723987495	216.18393879263144	315.6581714727597	221.93301013095578	297.79164666801177	201.3671118997428	306.3979723987495
R62	338.5150905306927	117.4681848823873	26.331799425278785	1
338.5150905306927	117.4681848823873	345.7848104601365	125.64048552559233	356.4991854080011	119.59743500152183	338.5150905306927	117.4681848823873
R61	293.5285677940288	406.5206790385419	9.96296432471143	1
293.5285677940288	406.5206790385419	306.0881629651445	416.2246169264179	295.5837731729648	383.22712336400406	293.5285677940288	406.5206790385419
R60	75.70362213032134	437.0388756560231	9.65508811769385	1
75.70362213032134	437.0388756560231	87.26674753074228	448.84789544869176	70.6074510074493	416.8129688223321	75.70362213032134	437.0388756560231
R59	351.9047201093946	55.17555956572262	12.540887182487095	1
351.9047201093946	55.17555956572262	360.5521945152274	64.8036434402255	368.5123351769195	51.50881962442073	351.9047201093946	55.17555956572262
R58	317.01724893644996	483.01377086631265	7.961828673765393	1
317.01724893644996	483.01377086631265	327.7798416903728	495.4112521182649	332.0615170399649	482.6184284690556	317.01724893644996	483.01377086631265
R57	192.74216377446828	84.79553895171193	1.9094789886859969	1
192.74216377446828	84.79553895171193	205.85321748749223	96.99000733236079	196.06824976430084	66.31008086650309	192.74216377446828	84.79553895171193
R56	60.3048983598527	168.53034861477136	12.923703592675572	1
60.3048983598527	168.53034861477136	69.55718036551418	181.82666878879618	77.47314750101074	159.6259686377677	60.3048983598527	168.53034861477136
R55	177.62974419733797	364.5710942390941	22.35865493742498	1
177.62974419733797	364.5710942390941	187.83027268702182	372.8338452468678	174.67575250411713	347.7101793838486	177.62974419733797	364.5710942390941
R54	185.14459887613378	237.12301498567385	14.07426039036243	1
185.14459887613378	237.12301498567385	194.70667030193798	245.25172927439394	199.5820327052671	228.60368274367792	185.14459887613378	237.12301498567385
R53	417.1423635252063	152.84896341193883	14.221634408956165	1
417.1423635252063	152.84896341193883	427.5635035772658	167.5183299379568	430.0438696527579	141.37082199192244	417.1423635252063	152.84896341193883
R52	268.76138838395775	224.07315894779828	6.1047113800036295	1
268.76138838395775	224.07315894779828	278.44116693645606	238.50232702993395	293.01502692131754	227.84478234415937	268.76138838395775	224.07315894779828
R51	337.5644015050068	415.8413779924466	25.710250531814836	1
337.5644015050068	415.8413779924466	347.2721352062867	424.1168672164821	331.96472676420694	395.4589518638344	337.5644015050068	415.8413779924466
R50	491.4265076758439	369.7236091523688	21.646899558056035	1
491.4265076758439	369.7236091523688	502.5729559357678	378.89394070650167	489.12616819890627	349.0304924005762	491.4265076758439	369.7236091523688
R49	9.863760502287933	153.98213858941097	22.325624634317705	1
9.863760502287933	153.98213858941097	18.616921432259176	168.18372785145945	25.41765398956073	159.7669492584891	9.863760502287933	153.98213858941097
R48	50.86538039190474	275.3089632382	13.18675006129967	1
50.86538039190474	275.3089632382	60.888215430927694	285.199063247819	48.03359804165106	249.96866657805455	50.86538039190474	275.3089632382
R47	79.01657989076222	21.99619670667102	19.453844863497775	1
79.01657989076222	21.99619670667102	85.60624234200215	29.636287432860833	92.80157940288588	12.341102383939658	79.01657989076222	21.99619670667102
R46	379.7837875440774	353.65796895061413	2.3396383121568762	1
379.7837875440774	353.65796895061413	386.98774666772687	362.47780341684455	401.48370629350137	350.15836341346	379.7837875440774	353.65796895061413
R45	30.5193593931008	162.73062575085413	28.13050034603684	1
30.5193593931008	162.73062575085413	43.31459483242118	177.10659860794777	38.16723587746447	155.52533140341257	30.5193593931008	162.73062575085413
R44	283.5383609424053	198.3463050731562	23.56139526832228	1
283.5383609424053	198.3463050731562	296.27161313931487	211.13001316245413	301.93953554921507	194.42172469631296	283.5383609424053	198.3463050731562
R43	466.13068063686336	497.34506248427925	24.237615398414114	1
466.13068063686336	497.34506248427925	474.47941384207894	509.7405818860397	485.3923530434798	490.1593704936211	466.13068063686336	497.34506248427925
R42	52.73042462283223	108.42847084973795	3.5513969571429906	1
52.73042462283223	108.42847084973795	66.22074258461919	117.65841558934477	70.42992102800889	107.0183269773149	52.73042462283223	108.42847084973795
R41	445.1564317513883	298.33135557426783	12.087962701696084	1
445.1564317513883	298.33135557426783	459.1353085519487	311.9431605749192	460.750282216005	293.83927557199746	445.1564317513883	298.33135557426783
R40	223.03566079382708	230.60309433274784	8.508264130120931	1
223.03566079382708	230.60309433274784	233.95821872273854	240.49112918631192	250.6358453636822	229.39095505342465	223.03566079382708	230.60309433274784
R39	154.4653758397659	188.21741588885428	26.72603026706648	1
154.4653758397659	188.21741588885428	166.31163623334254	200.61485866106878	161.86973527635755	169.42282186618868	154.4653758397659	188.21741588885428
R38	40.27218488086609	146.3523416579855	16.283672778196788	1
40.27218488086609	146.3523416579855	50.102018431648645	156.895615124186	67.47111206936722	147.30699450491886	40.27218488086609	146.3523416579855
R37	159.36878142424126	250.338017581843	4.190960721036786	1
159.36878142424126	250.338017581843	173.99516009142644	263.4719103141464	181.98811954555535	254.2742383780047	159.36878142424126	250.338017581843
R36	79.37499551381744	353.9660762033618	15.447721269974044	1
79.37499551381744	353.9660762033618	95.3887304371019	365.294889954927	88.2319864392961	342.5537000991273	79.37499551381744	353.9660762033618
R35	428.9288498249665	351.7914917902934	24.086295966213683	1
428.9288498249665	351.7914917902934	437.63160344883306	362.2451359645379	439.92684723899623	344.21349501967876	428.9288498249665	351.7914917902934
R34	371.8380947050184	301.07444758533944	29.96360084905482	1
371.8380947050184	301.07444758533944	380.7115672054723	311.8916077665502	377.66132362806525	284.4819667617012	371.8380947050184	301.07444758533944
R33	229.5235607809047	479.1502861423179	8.688704090038664	1
229.5235607809047	479.1502861423179	241.144902373189	492.3313113098026	244.15644820465184	479.4517133165755	229.5235607809047	479.1502861423179
R32	225.99832129100605	74.96723540456045	26.986564300073724	1
225.99832129100605	74.96723540456045	232.54717554200775	82.63607481970176	245.03108197854894	72.62202754182678	225.99832129100605	74.96723540456045
R31	306.87536814279235	189.59642459713743	26.86293893812444	1
306.87536814279235	189.59642459713743	319.96955559964283	197.80736994390276	320.21112000203993	177.43558674963387	306.87536814279235	189.59642459713743
R30	110.39685291945838	179.10881931078492	17.061375854882336	1
110.39685291945838	179.10881931078492	117.61870771579302	186.17523566847498	120.23399392185489	172.4504668465131	110.39685291945838	179.10881931078492
R29	82.47042016375377	22.288938901899147	20.10822853876906	1
82.47042016375377	22.288938901899147	91.93378744548907	34.98371152691778	91.73135143400944	15.77324336024299	82.47042016375377	22.288938901899147
R28	92.93066778844228	224.33755000891597	24.675794672979844	1
92.93066778844228	224.33755000891597	105.09599985930817	233.66941805227583	107.45368398050198	213.9084646588132	92.93066778844228	224.33755000891597
R27	139.5142651664093	383.7555723496136	13.063979603672482	1
139.5142651664093	383.7555723496136	146.69257041320103	392.0702676252065	142.30740962990257	357.296060310462	139.5142651664093	383.7555723496136
R26	241.60187447442317	262.6771538421748	9.941023534567206	1
241.60187447442317	262.6771538421748	253.72861133146745	277.8369332473802	249.01006449407555	239.99559663087268	241.60187447442317	262.6771538421748
R25	166.38640322405007	277.18995280733975	29.326311127902237	1
166.38640322405007	277.18995280733975	178.23654014298864	286.0238117809824	164.8026345928573	255.9284907812649	166.38640322405007	277.18995280733975
R24	348.82842637948505	146.83318626791325	3.1507047305133886	1
348.82842637948505	146.83318626791325	354.83835454783656	156.75489675557444	360.9709342658015	147.23239621649637	348.82842637948505	146.83318626791325
R23	323.0053162567779	447.4183515773511	11.306895875967394	1
323.0053162567779	447.4183515773511	331.4599967044941	459.79262959858363	344.6654351773563	448.43007243060094	323.0053162567779	447.4183515773511
R22	116.37502992811177	426.5855807293261	3.033731794464202	1
116.37502992811177	426.5855807293261	131.5455044190414	438.7538860881417	125.1369966525424	409.2220974840278	116.37502992811177	426.5855807293261
R21	344.56977213510584	243.10753759729704	21.84763254189816	1
344.56977213510584	243.10753759729704	355.1301057783289	255.76079186965592	356.5874268227235	236.25121953402663	344.56977213510584	243.10753759729704
R20	456.31329896812906	197.64003328340308	19.22682290052412	1
456.31329896812906	197.64003328340308	467.2286833093113	206.24678799297317	472.8889537396282	197.14756261492508	456.31329896812906	197.64003328340308
R19	455.7120539105003	86.08163568026833	23.908068000759805	1
455.7120539105003	86.08163568026833	462.3051566191688	95.5174211942767	462.35730143680524	62.701843216360544	455.7120539105003	86.08163568026833
R18	22.780504769373767	13.228358041010358	2.6354800185454907	1
22.780504769373767	13.228358041010358	29.843062337650778	22.031998385854124	22.519146852668793	-11.888558287993765	22.780504769373767	13.228358041010358
R17	30.03143116575696	488.40708057573346	20.056692241551357	1
30.03143116575696	488.40708057573346	42.00209826105401	500.05236149234685	34.99458690693881	473.9813505932227	30.03143116575696	488.40708057573346
R16	85.86743527063267	303.94697784338786	10.96444565668883	1
85.86743527063267	303.94697784338786	99.32535287174808	314.95658196172735	84.30308177261568	280.67426409672356	85.86743527063267	303.94697784338786
R15	50.05721964042331	73.63059726806503	15.922203244179574	1
50.05721964042331	73.63059726806503	60.80650137086027	82.22786125125819	57.717243962672306	66.61374973037086	50.05721964042331	73.63059726806503
R14	12.356513891210009	38.02982611841188	24.269867115140492	1
12.356513891210009	38.02982611841188	21.069778438357183	50.163856495644474	36.78063299318415	42.87138295315596	12.356513891210009	38.02982611841188
R13	41.64247364307805	65.09556015535173	12.762483407492713	1
41.64247364307805	65.09556015535173	55.70290200773974	76.61824844625798	50.68557452202448	58.16746535340651	41.64247364307805	65.09556015535173
R12	196.31863285130575	489.43893671183054	9.565378657523596	1
196.31863285130575	489.43893671183054	204.00147021814035	498.7370867683483	199.5279845150615	476.63520123418374	196.31863285130575	489.43893671183054
R11	226.2722518084161	375.93294075643325	30.091849423867714	1
226.2722518084161	375.93294075643325	234.3657847688482	386.07549349901257	225.0141309608475	354.3679116449856	226.2722518084161	375.93294075643325
R10	327.26433851244497	72.73379016328934	12.779196602465117	1
327.26433851244497	72.73379016328934	334.5993075677871	79.7537580238566	326.9771327429814	51.08073453026792	327.26433851244497	72.73379016328934
R9	442.38179057737	219.8784759681921	24.24452545427327	1
442.38179057737	219.8784759681921	451.4421594614778	225.56278961532882	435.3726972783807	197.61042133954942	442.38179057737	219.8784759681921
R8	334.573923074408	195.49560798536376	19.815524963849438	1
334.573923074408	195.49560798536376	344.8067410327557	204.23190115999472	351.0006483976208	190.9945316795301	334.573923074408	195.49560798536376
R7	181.055270717486	405.6991944212467	19.79072262174981	1
181.055270717486	405.6991944212467	191.959970029793	418.5714783114452	200.03097011647378	412.1172222080301	181.055270717486	405.6991944212467
R6	167.68013581609887	375.92205682190524	7.8729591090269215	1
167.68013581609887	375.92205682190524	175.01038133690798	385.83231696401504	179.30200123637982	360.6196965556097	167.68013581609887	375.92205682190524
R5	196.88759863275445	50.348419909605205	25.519835202116894	1
196.88759863275445	50.348419909605205	205.4340508822655	58.03649804167695	220.32893077459926	52.92555482535357	196.88759863275445	50.348419909605205
R4	373.76344305243737	465.7920912266401	18.96604162808979	1
373.76344305243737	465.7920912266401	389.1151851801366	477.54825995228384	381.8352902785671	448.75812523401237	373.76344305243737	465.7920912266401
R3	136.74986811002836	365.0758784653947	2.314464512429373	1
136.74986811002836	365.0758784653947	150.17116128339816	377.40230505827634	156.87592787569795	360.21321784786164	136.74986811002836	365.0758784653947
R2	103.79674779815512	408.99132370204757	26.315901895918525	1
103.79674779815512	408.99132370204757	112.3741943104691	419.4520086344157	123.06917101298623	401.17228733047443	103.79674779815512	408.99132370204757
R1	359.0521988833419	226.10233445896583	12.818313988415658	1
359.0521988833419	226.10233445896583	368.9580538297597	235.52111316594184	364.259235177677	215.30934050356896	359.0521988833419	226.10233445896583
