R100	280.5959661424503	65.26770670463917	47.46237918102923	1
280.5959661424503	65.26770670463917	291.6216582205449	72.43727688809435	274.19917998436944	47.99994208496859	280.5959661424503	65.26770670463917
R99	365.6285090392889	144.00327691003278	47.46237918102923	1
365.6285090392889	144.00327691003278	381.9479073313995	155.2921931352087	367.0619238448365	122.26417946610437	365.6285090392889	144.00327691003278
R98	41.77667353529691	493.3558280763741	47.46237918102923	1
41.77667353529691	493.3558280763741	52.11919759341625	499.5698804732266	52.929431932846214	485.69656590798354	41.77667353529691	493.3558280763741
R97	388.28886868408546	440.51796553482086	47.46237918102923	1
388.28886868408546	440.51796553482086	397.416976487948	450.12908280377184	388.77295589350734	416.75216113974693	388.28886868408546	440.51796553482086
R96	362.91292476846536	123.34544075689519	47.46237918102923	1
362.91292476846536	123.34544075689519	369.73681543403825	134.05441539520788	379.87972480841955	128.60186095233527	362.91292476846536	123.34544075689519
R95	39.084538681426025	497.26009067101523	47.46237918102923	1
39.084538681426025	497.26009067101523	51.76551575109834	510.7620887100568	39.115619635999074	481.3338466007711	39.084538681426025	497.26009067101523
R94	343.5994847184587	149.08514878270174	47.46237918102923	1
343.5994847184587	149.08514878270174	352.299523123364	159.14070688173456	347.6640897394605	124.19318103286842	343.5994847184587	149.08514878270174
R93	262.9033721670168	34.4095507005488	47.46237918102923	1
262.9033721670168	34.4095507005488	273.6914648020687	45.28555737507024	278.5555918399385	31.74647484898954	262.9033721670168	34.4095507005488
R92	421.8580255553567	449.46614835222897	47.46237918102923	1
421.8580255553567	449.46614835222897	428.5083276181357	457.8386136504359	432.69709633801324	437.40257181984	421.8580255553567	449.46614835222897
R91	173.6216225364362	339.4125160595777	47.46237918102923	1
173.6216225364362	339.4125160595777	181.5564077858045	348.21067925855493	180.0000993049183	319.1558325612117	173.6216225364362	339.4125160595777
R90	71.60802531759592	435.23800932129564	47.46237918102923	1
71.60802531759592	435.23800932129564	80.039592265085	446.48178366341347	96.96403973245836	438.8178984962456	71.60802531759592	435.23800932129564
R89	31.74775124202772	360.87883601363086	47.46237918102923	1
31.74775124202772	360.87883601363086	44.59318016847354	371.16666759420076	29.92436214163868	335.1367491990145	31.74775124202772	360.87883601363086
R88	66.70870615485441	42.00635207004749	47.46237918102923	1
66.70870615485441	42.00635207004749	76.30423324433038	54.46084537770445	88.74834526656825	43.69687174961558	66.70870615485441	42.00635207004749
R87	260.2551241464711	434.6694571894161	47.46237918102923	1
260.2551241464711	434.6694571894161	267.7303327854038	445.23034156552455	270.1907103576804	419.6726839097217	260.2551241464711	434.6694571894161
R86	88.55366261272441	275.6733006052911	47.46237918102923	1
88.55366261272441	275.6733006052911	98.66783624290838	292.39636985847585	98.47556563853976	262.7304028024139	88.55366261272441	275.6733006052911
R85	295.52149230524185	179.3713658469003	47.46237918102923	1
295.52149230524185	179.3713658469003	307.3556319188156	194.6270542225894	296.92070660153337	156.42965329967086	295.52149230524185	179.3713658469003
R84	3.3123303841359197	100.91422576713033	47.46237918102923	1
3.3123303841359197	100.91422576713033	12.786012859086558	110.39585372927499	10.308244526218699	91.29364689148376	3.3123303841359197	100.91422576713033
R83	347.90645156679756	436.16612261134753	47.46237918102923	1
347.90645156679756	436.16612261134753	358.40595947591555	446.1875544423854	361.53839506758237	425.7727262648516	347.90645156679756	436.16612261134753
R82	320.3465577021228	145.8041554649308	47.46237918102923	1
320.3465577021228	145.8041554649308	333.06620915938004	155.38407098439643	331.43606082439163	140.7744642742653	320.3465577021228	145.8041554649308
R81	410.2859723626882	123.71297944161303	47.46237918102923	1
410.2859723626882	123.71297944161303	424.06378128025295	136.5735810669028	422.22874849066886	113.94304362131544	410.2859723626882	123.71297944161303
R80	136.27849989803752	401.5120942399956	47.46237918102923	1
136.27849989803752	401.5120942399956	147.55204305029295	412.95891435582524	159.91578033776327	399.14534830124114	136.27849989803752	401.5120942399956
R79	132.6121434180989	409.5306758481271	47.46237918102923	1
132.6121434180989	409.5306758481271	146.40049739341865	422.4923150091831	153.80064892617295	411.6556766039002	132.6121434180989	409.5306758481271
R78	264.2760187920802	11.106489003343489	47.46237918102923	1
264.2760187920802	11.106489003343489	270.7217129608153	21.91270171266686	274.23687394681775	-2.3683271192118793	264.2760187920802	11.106489003343489
R77	91.99841236029049	66.35107774578563	47.46237918102923	1
91.99841236029049	66.35107774578563	100.39334528067018	73.45156137699983	96.53761549197333	54.986940735972276	91.99841236029049	66.35107774578563
R76	388.4207548461697	137.93242407863227	47.46237918102923	1
388.4207548461697	137.93242407863227	404.99564132443066	148.83701930222264	385.4562254208283	122.49978363446249	388.4207548461697	137.93242407863227
R75	357.60656013629756	334.3509025316211	47.46237918102923	1
357.60656013629756	334.3509025316211	369.2221354662838	350.497675825065	357.80062905085316	314.90903145009895	357.60656013629756	334.3509025316211
R74	385.03535636488533	264.64194983729664	47.46237918102923	1
385.03535636488533	264.64194983729664	397.94341675999567	279.7748682666201	388.10065789475436	244.27901167536845	385.03535636488533	264.64194983729664
R73	240.32844477313347	370.79715644820476	47.46237918102923	1
240.32844477313347	370.79715644820476	247.3913271879817	378.1045057498344	256.4780218218122	359.81295584508405	240.32844477313347	370.79715644820476
R72	231.51205210039382	417.6297541714473	47.46237918102923	1
231.51205210039382	417.6297541714473	242.47334219822724	424.8183468060946	231.7427814941856	404.3421743415786	231.51205210039382	417.6297541714473
R71	352.44876256426585	158.6599677685177	47.46237918102923	1
352.44876256426585	158.6599677685177	368.00218510787147	170.9425088767935	346.4597115663374	137.5418556729429	352.44876256426585	158.6599677685177
R70	16.883183394156898	18.133191551125417	47.46237918102923	1
16.883183394156898	18.133191551125417	25.74597848938152	26.45555864682366	31.949817433057245	17.58494238725047	16.883183394156898	18.133191551125417
R69	291.617567341154	309.7822038484403	47.46237918102923	1
291.617567341154	309.7822038484403	299.6949207341339	317.6630145815755	292.1404807898499	283.89037729601637	291.617567341154	309.7822038484403
R68	463.9221411559933	196.32082057588514	47.46237918102923	1
463.9221411559933	196.32082057588514	474.2266387001275	207.48539165544665	481.7398103136088	186.14413312227475	463.9221411559933	196.32082057588514
R67	326.9621753701273	429.3140581684279	47.46237918102923	1
326.9621753701273	429.3140581684279	337.65750888849294	438.09683183693323	331.7339532540664	420.26445400213885	326.9621753701273	429.3140581684279
R66	330.21441620313385	44.97709147481099	47.46237918102923	1
330.21441620313385	44.97709147481099	341.1633364593398	52.71534227578989	340.61591255857024	35.87755081660506	330.21441620313385	44.97709147481099
R65	159.3768267527772	272.82783411718594	47.46237918102923	1
159.3768267527772	272.82783411718594	169.3580057074644	281.73909948459476	162.17505656705208	256.793397478686	159.3768267527772	272.82783411718594
R64	234.08409142627528	347.4905679276636	47.46237918102923	1
234.08409142627528	347.4905679276636	246.22172036816565	360.0648902455813	242.47867486792057	341.7879345657165	234.08409142627528	347.4905679276636
R63	370.22797919474846	390.763930182546	47.46237918102923	1
370.22797919474846	390.763930182546	376.3677205799703	398.68594094412856	374.35895032645783	375.58372632252525	370.22797919474846	390.763930182546
R62	32.630763547374876	164.30426330977187	47.46237918102923	1
32.630763547374876	164.30426330977187	43.12086955150003	174.8213763880202	42.69776265125927	150.9343005358822	32.630763547374876	164.30426330977187
R61	366.12826510620897	405.00278619544684	47.46237918102923	1
366.12826510620897	405.00278619544684	382.05250546862874	415.6808745794849	368.8336956468136	387.128775460033	366.12826510620897	405.00278619544684
R60	193.99096315313375	262.26160868045747	47.46237918102923	1
193.99096315313375	262.26160868045747	200.365934262475	271.1170649933159	212.73774965641866	264.04827265045	193.99096315313375	262.26160868045747
R59	486.2211791298242	236.2259130279515	47.46237918102923	1
486.2211791298242	236.2259130279515	496.50545456968325	246.2506506545454	499.69537773621033	232.45543864917988	486.2211791298242	236.2259130279515
R58	258.2917736618545	392.7906480462696	47.46237918102923	1
258.2917736618545	392.7906480462696	272.4310518794305	403.49449016952997	256.78051937307725	379.0460044718511	258.2917736618545	392.7906480462696
R57	312.6808861637107	8.575354753298182	47.46237918102923	1
312.6808861637107	8.575354753298182	327.83059680196146	19.55294105644122	304.25030812624243	-12.261419615228718	312.6808861637107	8.575354753298182
R56	474.05258339407044	373.9602811975816	47.46237918102923	1
474.05258339407044	373.9602811975816	483.91114005698876	384.03245358442894	475.6714515737571	356.6787840800326	474.05258339407044	373.9602811975816
R55	425.90046799155175	408.6371635730319	47.46237918102923	1
425.90046799155175	408.6371635730319	440.89023667871135	420.7614014681522	440.84570124620586	401.9806254899128	425.90046799155175	408.6371635730319
R54	54.894018180866034	275.39997341061144	47.46237918102923	1
54.894018180866034	275.39997341061144	64.83384869789387	284.21625365012596	70.93880786460866	275.9690697294262	54.894018180866034	275.39997341061144
R53	270.0919491409705	401.0892427702444	47.46237918102923	1
270.0919491409705	401.0892427702444	281.97898961941945	408.94686364310667	291.5443349739514	397.1680827627178	270.0919491409705	401.0892427702444
R52	399.6462904960795	297.12208422658733	47.46237918102923	1
399.6462904960795	297.12208422658733	409.49653674404294	308.05010620621255	399.0632572041811	278.2483173461307	399.6462904960795	297.12208422658733
R51	50.66125568248253	484.03355632540166	47.46237918102923	1
50.66125568248253	484.03355632540166	61.96048920251769	494.5800654596588	54.00197242422457	471.8240640299215	50.66125568248253	484.03355632540166
R50	5.067295883763978	437.58311209462437	47.46237918102923	1
5.067295883763978	437.58311209462437	13.631363921654856	447.78424906773483	7.488179271660983	409.7660915529847	5.067295883763978	437.58311209462437
R49	115.59955071312322	457.0812014011094	47.46237918102923	1
115.59955071312322	457.0812014011094	129.84602413239992	469.66033288844034	108.7248459449598	435.5883411364408	115.59955071312322	457.0812014011094
R48	20.574449436783272	362.9648061229706	47.46237918102923	1
20.574449436783272	362.9648061229706	31.68876743218657	371.8928054024586	28.608941509815146	349.6744523617404	20.574449436783272	362.9648061229706
R47	484.03329829864936	227.11792225481653	47.46237918102923	1
484.03329829864936	227.11792225481653	499.27782151051036	238.11050499551806	498.95100756855953	218.90482151074062	484.03329829864936	227.11792225481653
R46	318.2932851752415	79.68343022784885	47.46237918102923	1
318.2932851752415	79.68343022784885	332.59893043580854	93.39989723538454	329.1216839699659	75.00576273622491	318.2932851752415	79.68343022784885
R45	66.72286753325679	266.2257082141276	47.46237918102923	1
66.72286753325679	266.2257082141276	77.24014075856967	274.6839989252058	71.38479291262063	252.7029343337715	66.72286753325679	266.2257082141276
R44	97.39533013874463	222.51775889417485	47.46237918102923	1
97.39533013874463	222.51775889417485	105.1596371580011	230.86677240186762	119.99884723764778	225.73182983351163	97.39533013874463	222.51775889417485
R43	377.3524975170016	387.7896598123331	47.46237918102923	1
377.3524975170016	387.7896598123331	392.1688078702776	396.63158991885143	401.9189244526818	383.6374940212782	377.3524975170016	387.7896598123331
R42	200.643318183155	359.3945502337882	47.46237918102923	1
200.643318183155	359.3945502337882	209.15295057331122	365.65558113959213	199.82320250736186	344.7386410293754	200.643318183155	359.3945502337882
R41	197.51102896476473	218.13294463459715	47.46237918102923	1
197.51102896476473	218.13294463459715	204.24782524801532	226.16396611278424	219.1237384058031	225.29418739343453	197.51102896476473	218.13294463459715
R40	183.2230507305555	374.63051243644486	47.46237918102923	1
183.2230507305555	374.63051243644486	191.16641272649355	385.45834186047693	197.6138862537472	372.7918075797918	183.2230507305555	374.63051243644486
R39	230.85877464322235	208.28629514984652	47.46237918102923	1
230.85877464322235	208.28629514984652	240.79483142722174	221.07857336975417	246.02032114624694	209.58096564286961	230.85877464322235	208.28629514984652
R38	452.69852464923116	380.0898006123156	47.46237918102923	1
452.69852464923116	380.0898006123156	463.12923552626313	396.71972183174046	476.15227863103104	382.5492454863017	452.69852464923116	380.0898006123156
R37	347.58251869288137	373.34310662582493	47.46237918102923	1
347.58251869288137	373.34310662582493	354.9892165045342	383.4108259725047	357.7489273609903	368.76397045569604	347.58251869288137	373.34310662582493
R36	356.0959428777289	458.99484281911623	47.46237918102923	1
356.0959428777289	458.99484281911623	369.7387634904878	469.856713756549	366.79716417301745	444.1261339320651	356.0959428777289	458.99484281911623
R35	374.2698105178217	433.3409671141927	47.46237918102923	1
374.2698105178217	433.3409671141927	385.86938407724676	443.8816267807401	379.6725031470871	421.17609768703414	374.2698105178217	433.3409671141927
R34	60.956747889682084	321.6902666046621	47.46237918102923	1
60.956747889682084	321.6902666046621	71.03477025622821	335.3945105736644	67.67178620259193	302.6950253970767	60.956747889682084	321.6902666046621
R33	158.13135867672662	201.25109937070405	47.46237918102923	1
158.13135867672662	201.25109937070405	169.46189040854387	211.19612167300795	176.20493416098796	191.70900293775537	158.13135867672662	201.25109937070405
R32	495.39187276365755	434.0987162412193	47.46237918102923	1
495.39187276365755	434.0987162412193	506.27197493402537	442.81282038821973	493.7349389970251	412.3669471132231	495.39187276365755	434.0987162412193
R31	420.3528391877164	360.389060293421	47.46237918102923	1
420.3528391877164	360.389060293421	435.43482722001335	371.6611714621324	445.523652287716	356.3821116296299	420.3528391877164	360.389060293421
R30	34.847455798573456	116.46077522412813	47.46237918102923	1
34.847455798573456	116.46077522412813	40.961032448063676	124.89475901139144	49.94851907826455	105.92386063764096	34.847455798573456	116.46077522412813
R29	389.4871642692447	158.7624543511336	47.46237918102923	1
389.4871642692447	158.7624543511336	398.2207344609191	169.29349730973706	397.8190827250295	144.62744363370732	389.4871642692447	158.7624543511336
R28	256.0226165777031	336.69137752112454	47.46237918102923	1
256.0226165777031	336.69137752112454	266.45477105972435	347.01367241926215	251.67605806470132	317.57839776347475	256.0226165777031	336.69137752112454
R27	261.3646701855052	133.36077886058922	47.46237918102923	1
261.3646701855052	133.36077886058922	273.8107423325007	145.43176984716584	259.42622892641805	107.17300059265075	261.3646701855052	133.36077886058922
R26	400.1667627324998	484.7213218008361	47.46237918102923	1
400.1667627324998	484.7213218008361	410.82848670829424	494.56573401209374	416.89025193142703	479.15206372489496	400.1667627324998	484.7213218008361
R25	392.1008154112671	148.4223607413414	47.46237918102923	1
392.1008154112671	148.4223607413414	403.6912926670417	155.01591722395017	392.72414678738124	135.26360862312583	392.1008154112671	148.4223607413414
R24	76.26876652473096	192.8734771407244	47.46237918102923	1
76.26876652473096	192.8734771407244	88.06950476053919	200.84809594181496	88.59131568977656	181.45264258342337	76.26876652473096	192.8734771407244
R23	481.4524024688821	71.97582040747841	47.46237918102923	1
481.4524024688821	71.97582040747841	490.02557763596	87.05456649564962	487.2455721208023	46.593070187045534	481.4524024688821	71.97582040747841
R22	90.31152814760152	104.93342839093233	47.46237918102923	1
90.31152814760152	104.93342839093233	101.45012132120713	119.7612173983994	106.24955588674634	93.30531950486359	90.31152814760152	104.93342839093233
R21	116.98794745200215	131.5765498040245	47.46237918102923	1
116.98794745200215	131.5765498040245	128.7964967266251	143.38020324000237	138.0114526540339	136.07922151226995	116.98794745200215	131.5765498040245
R20	159.12004426876953	321.336704483182	47.46237918102923	1
159.12004426876953	321.336704483182	167.99662947122746	328.1613236770221	157.22024905627137	299.0049880328406	159.12004426876953	321.336704483182
R19	408.2053428719056	338.70973640168137	47.46237918102923	1
408.2053428719056	338.70973640168137	417.58178219597215	354.0729237219323	421.24589050094653	338.9406037380281	408.2053428719056	338.70973640168137
R18	479.1326733820686	198.96922798532114	47.46237918102923	1
479.1326733820686	198.96922798532114	489.02953946864596	206.51175276169212	484.1432879735477	188.1775624533249	479.1326733820686	198.96922798532114
R17	362.69751191692353	80.81350365644663	47.46237918102923	1
362.69751191692353	80.81350365644663	377.2030828400132	93.40106656578801	368.71432409729266	70.74446302827585	362.69751191692353	80.81350365644663
R16	392.86513385403435	236.5623452800633	47.46237918102923	1
392.86513385403435	236.5623452800633	402.5922358913968	252.8166712147888	408.1327859982805	235.27522295462742	392.86513385403435	236.5623452800633
R15	423.52088868621814	177.7307009139018	47.46237918102923	1
423.52088868621814	177.7307009139018	433.29899365071793	187.94996762039446	426.17733406599945	159.35274569782968	423.52088868621814	177.7307009139018
R14	473.5442158057755	366.59315177228336	47.46237918102923	1
473.5442158057755	366.59315177228336	483.96486226908706	375.885619834107	472.3193571816745	349.39562700924006	473.5442158057755	366.59315177228336
R13	63.78281397592384	36.50471586275533	47.46237918102923	1
63.78281397592384	36.50471586275533	78.07167274093203	48.3689386734607	90.82926995337768	33.687237372508434	63.78281397592384	36.50471586275533
R12	124.42898616351417	123.94825622483712	47.46237918102923	1
124.42898616351417	123.94825622483712	139.5984654805219	136.50307181514827	128.7457671116184	108.56749979577177	124.42898616351417	123.94825622483712
R11	97.79517214805416	314.10946208646743	47.46237918102923	1
97.79517214805416	314.10946208646743	108.8939103457388	324.49179186862574	113.41494988614872	306.77504347047255	97.79517214805416	314.10946208646743
R10	430.2162310569444	103.28430669508532	47.46237918102923	1
430.2162310569444	103.28430669508532	440.10871871589217	115.230305574088	444.9812894256294	105.25879238083246	430.2162310569444	103.28430669508532
R9	330.53755044812397	284.7003815649592	47.46237918102923	1
330.53755044812397	284.7003815649592	338.35765736435263	291.82371353400043	330.9862363861152	267.2769021441756	330.53755044812397	284.7003815649592
R8	68.58437930886224	419.86920998562	47.46237918102923	1
68.58437930886224	419.86920998562	82.05357743947587	428.95990427037503	88.0819864384975	411.47446023942183	68.58437930886224	419.86920998562
R7	202.17157423752707	377.48384891998086	47.46237918102923	1
202.17157423752707	377.48384891998086	212.3364736902168	386.4930193700336	208.15260830503723	356.783649103961	202.17157423752707	377.48384891998086
R6	178.7459314689613	82.499739476324	47.46237918102923	1
178.7459314689613	82.499739476324	194.00580365008773	93.2299070889794	172.81516111204832	63.19595679085607	178.7459314689613	82.499739476324
R5	151.4197255863501	97.95471835479496	47.46237918102923	1
151.4197255863501	97.95471835479496	160.7551661264998	108.04253025679407	153.03511071579487	77.37759912009699	151.4197255863501	97.95471835479496
R4	427.66848555650427	387.5853291264588	47.46237918102923	1
427.66848555650427	387.5853291264588	439.32438094097813	398.96232911258505	442.20835230888207	386.6340435889014	427.66848555650427	387.5853291264588
R3	191.17821191057126	412.11322851121093	47.46237918102923	1
191.17821191057126	412.11322851121093	203.75914447219503	425.58043668276616	189.96144083175716	392.13218418299675	191.17821191057126	412.11322851121093
R2	123.64278217480246	477.3269667248174	47.46237918102923	1
123.64278217480246	477.3269667248174	135.2699987828687	489.99362641632337	126.345648849813	459.3638670903438	123.64278217480246	477.3269667248174
R1	168.12110695131304	76.84644688206139	47.46237918102923	1
168.12110695131304	76.84644688206139	178.21581802909304	83.2500464622719	188.6584649951222	74.23225580552682	168.12110695131304	76.84644688206139
