R100	467.3449874493596	55.96494722635287	14.472593227014949	5
467.3449874493596	55.96494722635287	477.85367049035995	63.95640951706557	492.30603472933126	51.40654185718571	467.3449874493596	55.96494722635287
491.3341057755274	52.250526934184556	502.5410594296577	62.39097979521273	514.1784201388947	48.83402449494957
483.2550512072479	59.266061830229546	489.39773019510073	67.57896079380876	501.13098788764756	65.36927860222156
491.7771458525818	51.86580826510605	499.0781573638015	60.65168084833298	499.9068898947493	43.090792555759464
483.27505199856023	59.24869392558007	491.4207909478279	67.71115820734818	492.6786707534812	40.42789801147384
R99	427.75618271242286	378.62320987600833	9.564261284599286	5
427.75618271242286	378.62320987600833	438.4500656204424	389.53389909728753	438.12303694182964	361.8978072402078	427.75618271242286	378.62320987600833
438.2777493914832	374.9720351281021	448.30737007600413	386.2112310687464	452.9453715279742	364.52956924542343
438.4443798141069	389.05341075958074	445.2622510288823	397.137695571397	443.7623076393558	366.3191302866205
438.2120256656156	369.4179444808463	443.2356399018634	378.13676929621124	455.39775401378824	362.4925234412717
438.2718475271516	374.4732884570493	446.92927379418836	384.08492281150245	460.03847804113826	373.2005401704154
R98	27.688839824566656	334.23015403144	12.578646701004711	5
27.688839824566656	334.23015403144	40.891420627931986	345.0453763928437	44.32974364685177	323.6884765914916	27.688839824566656	334.23015403144
41.67080915495076	325.37285804378007	55.6642162931534	334.2274857471943	32.67247467083465	303.4147221842373
32.37751816271647	338.0710014811493	39.72460481241855	350.1606435189533	43.011999361778095	319.2820958788475
35.55873624417809	329.2447331416054	40.982011732215526	337.66959310504603	59.10066075329855	336.9748409207354
34.46289723663635	329.9389250837611	41.95629294896814	336.5683696256152	60.02634374791175	329.5180288877714
R97	324.39196642703416	232.263778266387	17.929668731412036	5
324.39196642703416	232.263778266387	331.8515265125644	243.00844882536163	347.36291662259987	235.75376122263876	324.39196642703416	232.263778266387
324.74359056448947	232.77025391296962	335.56720721019684	240.3160804195502	331.704572098976	217.4678655596416
333.82397779564235	242.08593203164995	346.69094778860347	252.1253496951101	326.167949912502	220.79480094186496
339.68602033520676	234.58740819972	349.62012464085893	242.84070342325504	353.13816492183804	221.64655304337185
336.82485793478395	240.6824183692218	349.37620831855594	251.98352032426556	355.4207174254734	242.62279620424147
R96	214.36285920780685	397.6232671288974	10.538956242753294	5
214.36285920780685	397.6232671288974	222.64886619030702	412.1785004212293	227.81180982378442	398.35049786015446	214.36285920780685	397.6232671288974
221.98420731776434	411.01095796439705	234.18240265609035	422.25711114949024	232.92911828799748	402.8710220549367
214.42062499850232	397.72473874986804	228.42415396546733	407.70956297192413	223.17851497040422	382.27701207316625
225.97652004039003	403.2659867027082	235.49363988525246	413.99360609612137	237.9415918084541	398.6936599614744
219.34820341804132	406.38054288014763	234.41302957189652	418.1661416460936	223.32700113282212	392.3411032203284
R95	393.87181596870363	388.45061181795506	9.421452259898746	5
393.87181596870363	388.45061181795506	408.05464642352064	397.334989136092	414.52297600558626	383.7760106162313	393.87181596870363	388.45061181795506
406.64181383006735	396.4499656643958	417.033393609479	406.6141278889118	423.1837908416723	387.15506279475744
410.74577334894025	391.69382139517273	421.2084480688902	400.1170203770655	411.205357478827	378.94304358049476
397.25714665285534	387.6843076076296	405.80315095093033	399.85879302969727	408.2641245839324	378.6812178764487
397.1579643860021	387.70675852772285	410.7254944668548	396.3705464802301	418.07569260768224	387.8872099596952
R94	428.94937533639	296.6818328914705	12.712970608108463	5
428.94937533639	296.6818328914705	438.21428405537256	304.80695055976116	447.08439256500316	287.35850612745935	428.94937533639	296.6818328914705
430.2820758608953	297.8505814357505	440.57653006290144	314.7274942030573	450.1801846675807	308.6322838739806
444.1975449442551	293.0372416514335	453.25594246297453	304.093206115785	460.2164057241939	292.58507383705984
442.2257688694294	289.85635522052394	453.7235931973592	303.83487023530535	458.72304243635466	291.5241525349742
437.5492550824033	292.2605804607434	446.5865189208866	298.05927446884124	427.5210339315549	272.25568216111066
R93	474.6782364619873	273.60799015887346	17.8403464756188	5
474.6782364619873	273.60799015887346	485.60523857947754	284.86041639200874	493.89324406109876	273.69051784130977	474.6782364619873	273.60799015887346
485.38658185779946	284.63524771311523	498.43823812721365	295.12455139096113	494.87311064959636	274.75356489780467
486.5758908615032	273.6590901045256	497.76742645603036	289.75276527337275	497.7320550716419	272.13826843961544
479.6726322012448	278.7511272271024	493.5275245995985	291.74950272606213	488.75111535858235	267.93827269116366
474.72372676785875	273.60818553790193	483.4245823492174	284.0080977233644	471.1570329345823	251.77933192150283
R92	231.98388115617036	264.3360188568579	13.760467235530118	5
231.98388115617036	264.3360188568579	241.44031272024213	275.4354512588085	253.2422395077935	260.7507031313725	231.98388115617036	264.3360188568579
240.8552181672152	274.7486998773735	250.56425742251093	283.1986484528872	246.44807370031498	263.9339789132609
241.76777260217696	262.6859224911086	251.86158478698556	274.5851112407223	251.55062578812633	249.57182288985578
245.89075423439635	261.9905634874932	257.4280588565438	274.88180670022444	271.5129175509169	262.2533801302775
238.01917452734	263.31814005955556	250.4014993608018	276.37181410506224	251.11596306853136	257.1962521632858
R91	432.3288061824106	437.3646014490333	9.636425480658898	5
432.3288061824106	437.3646014490333	439.86451741014605	446.3236979859255	437.5726202493835	424.71356277806046	432.3288061824106	437.3646014490333
433.3758332270597	438.60939654351927	442.4949632641879	446.0162448881579	450.5826038056107	434.7633691328469
439.3323804910271	441.3062168492802	452.3655401571996	451.5111173059253	451.9928869174921	433.96461523940405
432.52076484491715	437.59281828703513	444.7273812319439	449.5585151931364	447.01739099975237	432.0355603163126
436.0705776399886	441.8131386466964	448.51087511825517	452.29202185516743	448.2114670310958	427.4370899002259
R90	437.1459397398351	16.845783540725357	17.926333216698094	5
437.1459397398351	16.845783540725357	448.4355021884744	28.00405328632287	446.9941407040166	1.7246593632543448	437.1459397398351	16.845783540725357
447.96204015621737	19.37173211813289	454.6870610644163	28.159292193484628	455.538369977966	11.525223628483712
448.2202594348256	24.079674028784357	463.4900477730155	35.49318339009055	472.2518071092793	22.269397478651555
439.6620335046658	12.982522992068532	451.41759217148063	23.441051428993127	453.9538897706926	11.419635459277131
446.6751991113925	2.214368645687799	458.4430849386917	16.310796180886417	458.43038020345745	-1.1151727655722743
R89	368.14302438336966	159.19220596874	10.946404063293885	5
368.14302438336966	159.19220596874	376.3917909741808	170.6009319418488	384.33375273443033	160.5829531272521	368.14302438336966	159.19220596874
381.46490373940037	160.33652544953884	390.64057368919134	167.5190456188218	386.1890849819167	139.60758694894326
371.16622430663176	163.37354133648364	380.764797684258	171.97605984724964	374.9568644436941	148.7267576683629
370.301104567743	159.37758020386897	380.5401023942645	165.0855065957576	390.0931426364747	154.69565410471995
374.09467267785567	167.42382747634213	383.6363533898164	177.54066278178644	371.4559744811434	148.69951456796193
R88	451.63214670947565	114.46642331065776	9.282845198995588	5
451.63214670947565	114.46642331065776	466.6639752846915	125.39042619415147	461.75442847317635	101.07832725155927	451.63214670947565	114.46642331065776
459.5134363697435	104.04234448095826	465.58110190303233	112.22295599155393	462.46947794642045	85.09072775091956
462.4927352749122	104.73442601238395	473.0304567893319	113.4588532170776	479.2513437213098	94.4747813676379
460.4070809100421	120.84338576933717	469.86867813883754	133.72587240905995	465.93480441036655	103.43261371620994
459.1080404236181	104.57853582549875	467.46245550895486	111.68441562019659	476.51702672310125	102.38965959340145
R87	360.1823101408063	406.1399737007444	10.389505410830605	5
360.1823101408063	406.1399737007444	371.72817806624846	422.18381855690933	363.88380175202224	390.9720329649524	360.1823101408063	406.1399737007444
366.66633011174025	402.0433629328372	374.0425171620201	410.2491509554344	368.8688040877637	383.66265597521846
363.44568609360977	392.76733957110196	379.98281788106596	403.27354495337664	371.22448828304965	379.8302856822424
363.1252581947063	394.0803862806866	379.11175194685825	404.4127190993264	377.92958329170773	382.3061245999132
365.78567391422933	398.53934281499926	375.81960342418745	405.95940747142896	378.18323869406436	389.9371621743248
R86	41.450255016313996	471.14868122033255	15.24806645818809	5
41.450255016313996	471.14868122033255	49.54453948274841	484.489762288459	65.99182166679692	473.8672685293582	41.450255016313996	471.14868122033255
51.63845082267754	483.1374075412365	60.9367821173979	491.31507808416416	59.68223146226171	465.7534657669129
49.39365130772628	484.2410668807871	56.15324022500138	491.79348896095644	66.21293531468949	483.4607411388094
56.146320918130115	472.77663508417015	63.89920483930711	482.3763799093716	57.08083245269128	456.33797483269944
43.15363424922374	473.95620800423154	58.45497040394621	486.665228379873	59.9106940956157	472.15005819718044
R85	279.6127634039849	151.55001414112635	10.970714947685293	5
279.6127634039849	151.55001414112635	288.0237469188304	157.98014165669184	292.91566280999336	140.98586994524908	279.6127634039849	151.55001414112635
292.5995408509211	142.08406185736533	303.4265959140367	152.7301632656992	314.9498159281766	141.87921780763403
279.73853968736006	151.4501322467029	292.585197393765	162.6898616519656	280.63156211354874	129.78524907460758
292.2834215857443	143.18224441102296	299.35376741302684	154.9551813519102	303.2518165583506	140.07499731765208
283.50032629115157	148.4628093403428	291.34924491536606	156.4456219678255	295.0129167412742	137.98243622530984
R84	247.16625150862737	305.88206963656535	9.348212756327447	5
247.16625150862737	305.88206963656535	253.96667599081314	317.9066421222206	270.91365387064855	311.1680522656345	247.16625150862737	305.88206963656535
252.54060050480086	315.3850424637741	260.66132251913615	327.1018008866383	266.4614353098362	316.29704760321545
251.6675260324628	306.8840174950696	266.6007397280614	319.97696707381584	250.82517590558686	285.72395972027954
256.92413301096263	316.73067493688654	266.71139406041465	322.31904479816217	266.2033067754843	307.2510449385684
257.33863104794295	308.1463603038728	267.1796656441642	320.73851730860116	268.18486067531666	291.6642175975054
R83	331.9661798786589	156.84216780593053	10.12848059680106	5
331.9661798786589	156.84216780593053	343.6357612468473	170.94707807829437	333.57703709080346	129.60477055411565	331.9661798786589	156.84216780593053
333.0314822643796	138.82935819473522	347.49505448615884	150.29732007453012	342.44964961402746	131.14082611374903
337.3025101779762	144.91681725642061	348.90771287236544	157.0583177286707	337.49149269380223	117.13084425870088
341.68302833579486	168.58682867197288	353.7949815775131	177.22329001174418	344.65074560395175	147.3301794001729
332.0383536416602	155.62180796323133	345.6896885373889	167.2804328781107	346.8475644460037	144.2264230684021
R82	342.88222832999475	38.51992097348755	9.813104918448962	5
342.88222832999475	38.51992097348755	352.5555038602902	51.12374560094703	362.9465742967296	46.13450509202515	342.88222832999475	38.51992097348755
357.41766032709796	44.0362368217453	368.5777466402126	56.99018144358495	381.6643346817515	46.987841553115274
361.38601235687895	46.88380410742596	372.76631266425494	54.58063973707001	362.4153854296187	32.46363409217243
352.76718777253967	51.022106221583535	361.930965171425	61.320109488936716	360.64454029733844	43.05896388719951
345.2899715463963	39.43367930318962	358.5873019647133	46.48416481459333	365.1288475008695	37.19698069294905
R81	482.90077370576086	304.55001764095306	9.251642728257567	5
482.90077370576086	304.55001764095306	492.09989800493224	311.12385878553135	491.95166556918247	296.44249233145155	482.90077370576086	304.55001764095306
485.2179449608287	302.474363121995	494.120278480614	315.3162369767128	493.39327562295506	284.55663111774527
485.2515161907471	306.22989576473304	498.66507783999134	315.14677866875064	511.56123978543434	301.5335678117505
485.1339789681034	302.549577412634	495.24635899567875	315.66868324439275	499.11962870153803	295.72654512986713
483.85116317268375	305.22918113280787	492.8688276444097	312.5811290246349	484.258930997205	286.7504098680946
R80	185.42558082792382	82.99217912890627	17.015778065254157	5
185.42558082792382	82.99217912890627	196.58145580333533	93.67181044505475	184.94646790728254	57.15558868008535	185.42558082792382	82.99217912890627
191.22355585438723	76.85612791248575	197.61390964118394	85.12823854417577	205.08419431923087	75.15196793400153
187.876544906937	66.35158806261299	197.80934567253925	79.26952259561403	206.69549134877317	66.67042292499322
190.70821269860306	75.23873173383926	198.6524461016418	83.86137295761141	197.273253251536	56.12535979174774
192.31777283711102	80.29031025604391	201.4566897866701	88.01719630354863	191.66280045057437	64.3846270932189
R79	223.43714708617972	242.27781813962866	11.799694266860225	5
223.43714708617972	242.27781813962866	232.66047397120505	249.78801902781836	221.99984222044625	228.20081852403888	223.43714708617972	242.27781813962866
228.22254217721115	246.17438159346793	235.48544837525375	256.16381096601646	226.48633724387605	225.79641552047497
232.1624957382682	249.38253447610273	243.80809170224634	259.7170186075189	239.16403044581133	237.63302414271882
230.6359049638622	245.688376706702	239.0495602979746	252.44869964454952	236.46200874113413	225.46744811048268
222.35776046910425	231.7062787565136	233.3304256198405	244.95562572777825	244.06463617149805	239.4693321957306
R78	44.33070440084519	187.06467407737472	13.271422687560403	5
44.33070440084519	187.06467407737472	55.70261071896047	195.72010498828564	66.68751608770916	186.4890616983979	44.33070440084519	187.06467407737472
60.19195217855435	186.6563005268549	74.4547362230696	199.32969376561184	68.55681604436523	176.30332362517348
52.19531851525217	193.05062069037024	63.4805337964308	205.66950593867804	71.82470079464089	198.56343828510157
58.67179605730827	186.6954394118454	72.19643251531613	193.84057366978172	59.44425860662729	171.28254117581716
63.517764945488274	186.57067208279858	69.09488728123486	196.4665436245975	73.23715760798967	176.32013673399135
R77	490.05192967683377	81.57140385977662	17.236875674137394	5
490.05192967683377	81.57140385977662	499.4082749104791	91.59867127634162	495.1831960590635	71.84365263604613	490.05192967683377	81.57140385977662
492.08708272050615	83.75249308777514	502.8006839484189	93.22784950672654	502.0584511669897	68.14988491056533
494.7920352958625	86.65141164463742	505.825292603577	98.7310516134887	514.2113777969662	86.09167722540363
495.3053041086295	72.4145879677023	503.69216156805794	80.0480251948739	500.53547355887787	50.50688456666387
496.59754770336815	78.4566755120122	503.53420403641354	90.03195767406116	499.2466523683709	61.2436139189715
R76	499.5725138688764	315.02716998277594	13.540900781928519	5
499.5725138688764	315.02716998277594	506.7681551618514	324.7058371924964	511.87989676207553	308.3323125928599	499.5725138688764	315.02716998277594
508.80862535482356	318.1699651722853	518.1725483008944	327.1717673991249	521.6760756553988	314.96007040543924
509.7844773900603	315.04419345803143	518.434717148755	323.3996369299753	516.6349770914791	298.1464268481412
508.422271488427	310.21315991155655	515.6538245989493	320.27492486864145	516.8518806965377	289.6032771955591
500.7549380439473	316.61761753640985	510.6758026483003	326.7576468515827	524.9633417326584	313.16241412201236
R75	283.6738162314597	281.2344265958403	16.24805717585717	5
283.6738162314597	281.2344265958403	291.876779949075	289.60513395087617	300.4811397221068	274.05968332073866	283.6738162314597	281.2344265958403
288.633454057907	286.2954848013038	295.15628934842204	296.05031493881575	310.25440528837834	291.5915638220597
289.2942150761131	278.8351796939463	297.4006023755717	288.44349841543357	307.95421354640183	275.5492149112768
294.1999809985144	276.74099669803036	299.3228434749484	286.353204839747	311.18114251415426	273.5103787173284
296.51713477456366	275.75184554131357	304.1099584022191	283.50245988969283	321.0994759196934	274.8644038865524
R74	292.4824857365857	496.10850737439233	15.480853925177097	5
292.4824857365857	496.10850737439233	307.51110698148955	505.2817918838351	316.1415420711055	490.2278717713417	292.4824857365857	496.10850737439233
311.15693212144436	498.9224415346232	319.390489603506	508.5951338554856	330.87553968739945	498.56001846710444
315.3887548999778	491.5409455408787	326.206516359607	505.6841283095334	322.1422009709206	481.34191379910277
295.2562155427529	497.80155773807235	305.4948413120172	510.0927428021809	303.22834692142595	488.0616217489527
292.6501168597774	496.0668414035572	303.7938564558828	512.3994476428444	305.7113113612202	483.90287789492146
R73	80.20527019865759	305.6902509418439	16.17028460705135	5
80.20527019865759	305.6902509418439	93.82350234181945	317.9059348619892	95.36526905591533	302.02625313826655	80.20527019865759	305.6902509418439
80.50583942185612	305.61760680882037	86.10315658584315	315.98597330504015	103.04883394194319	308.7184944152364
94.46878951093025	311.2596927475391	103.20082649346008	324.2159083791267	111.42962871521573	317.3499754453558
94.84138626346133	307.4220707601193	106.53329842209494	320.5262320823133	114.76451115881424	301.82079046875174
93.7025020111459	317.79739641307725	101.35908545081033	325.8092935991071	110.47181044521946	308.4998948712994
R72	376.09670979921503	143.6871713178995	16.010133932848564	5
376.09670979921503	143.6871713178995	385.38634648416155	158.69513231940246	383.02927487866987	121.56780489515619	376.09670979921503	143.6871713178995
384.28652941841744	141.37140392204816	392.19399629003397	149.75701008672115	403.11904260845614	143.73192328852835
383.3173855261648	126.10596925089112	394.2104567107254	136.44245876803586	405.5570082151205	122.32338640372843
378.5263734591493	147.61243757875886	386.29297299819626	161.1689954310968	387.9359248175747	138.24356759537662
383.249849267581	125.04217433706297	396.1433104056529	138.45158469217648	394.9760232241593	115.11682467301964
R71	218.78448418967267	70.8439278772131	12.763239291245695	5
218.78448418967267	70.8439278772131	229.53690749522124	80.60737574119722	217.8592882319372	50.87537456903563	218.78448418967267	70.8439278772131
226.0003845983769	71.60315146023002	234.7985831491075	78.90189353073355	224.68263758853587	45.87838461051526
225.02630929173262	69.12309045584539	236.26217398577484	80.08771293083318	223.13940204963828	50.10153820757401
219.43620801150823	54.890317998645735	230.9246478617883	69.2642809645912	246.25322505167983	58.50499301559263
225.81455760905493	71.13002349298152	231.32300301377623	81.08175042313432	238.2899137676698	60.65816517568199
R70	430.5432428428631	438.5859760745367	14.514351471375393	5
430.5432428428631	438.5859760745367	440.24771537630096	445.7800335097643	447.7956856496096	430.7647870939485	430.5432428428631	438.5859760745367
441.52179528122315	443.2454946823532	450.6651011257475	450.46790004241694	444.57382350989025	428.2865404248177
442.8852595676681	440.53314268587906	452.3402248496848	446.69766855573084	454.22298859869227	425.80039181913264
446.05198000630764	434.2335567052192	452.7894553372322	444.89164221555234	461.3264687880097	438.0467091956527
436.273588085337	435.98819246977797	446.8675598836593	450.15636329358887	439.6633936010595	417.56267323940926
R69	216.14293751340819	293.72895656028754	15.011456120258252	5
216.14293751340819	293.72895656028754	223.61574043540463	305.8956214434325	236.15544721064575	292.3446898930863	216.14293751340819	293.72895656028754
227.48241239536242	301.7171340197484	238.2415343613321	308.4275709220429	228.37526644589101	289.7514187714847
222.23238838600884	293.30774882612394	234.0458617371963	305.67440910373506	218.4530366697058	271.2164643452674
217.21554989770829	295.4753046930446	227.1320736062192	304.93309820014184	221.65549602514002	276.03521634610405
221.73054619728214	293.3424612847091	233.75530650994364	302.001773924419	229.75782043657173	275.94082928426326
R68	344.10142453356247	212.44642217700778	13.37538003626393	5
344.10142453356247	212.44642217700778	354.67128280528044	219.05433258847015	341.17185458679916	194.1554710254597	344.10142453356247	212.44642217700778
345.77203663613545	202.64022268733095	359.3055405639033	211.95683090865532	346.77264274181874	180.24225588670046
352.7804457510498	217.87224655327122	361.9477140186874	226.1873194382669	367.9409467787633	215.10241371155257
342.9047280615243	197.35164911945668	358.08189908902864	209.9494383399555	346.79047416340165	184.2892700071545
342.2549466108575	196.15316736715437	353.47090515386986	209.14745914403662	360.60540185166224	196.33770392689033
R67	33.0749012275941	330.15909250507053	14.178788049960769	5
33.0749012275941	330.15909250507053	45.078826729005264	339.4888937337037	36.13283035102475	307.7258792357445	33.0749012275941	330.15909250507053
35.621366727245906	332.13827980880137	48.61443735056028	345.3163959794314	49.27694122125929	320.9016406275674
43.47385793691399	333.79040640394743	56.59093830708995	348.7278012809865	61.42751645628061	325.39937611407936
34.33463279826214	320.91760068292035	47.10563191839968	332.45441267074216	53.81644667536907	313.5635505032351
39.87258149752324	321.00397201223706	49.56576602520473	335.40668679063106	46.46742684291462	298.72986124623105
R66	254.32528947001404	136.3434594789426	10.36965081250316	5
254.32528947001404	136.3434594789426	263.5637373088248	144.67978939753834	250.0529602706517	115.7582376823424	254.32528947001404	136.3434594789426
252.22420444020491	126.21987130633809	261.33912431675105	133.0787014206834	265.88182046428483	114.34064450555692
261.88841126677585	141.0935390561971	271.58804288995793	157.39540396062833	268.08473904394987	124.6206082882802
261.5770608050019	142.88710830366298	276.3727070979634	154.93753447010522	261.10071470512054	119.06565289167443
254.42916262564808	136.43718960657435	261.68480414976824	143.61827334824383	268.8303673744112	124.18258665545495
R65	7.628634826745973	184.712746042946	16.508704038146796	5
7.628634826745973	184.712746042946	19.62615996822981	197.33432949704616	9.906724156562047	162.3010161373872	7.628634826745973	184.712746042946
8.097575452749457	180.09933140894557	18.321682172207083	190.87476900254939	20.77179428386078	164.82137988393103
10.853352983131154	165.71310146405506	16.192290173906663	175.30647394992457	25.530495175099574	151.33689167407712
7.828717599300312	182.74434164433305	23.85007912256534	193.71794879164895	27.925114801177717	182.35373081674112
17.382105815947735	189.24572704765643	28.772652959820334	200.1843701654072	37.57220973586851	188.75736529458433
R64	50.12080536122715	335.8359831429555	17.12391779098577	5
50.12080536122715	335.8359831429555	62.109611208400715	347.8939358114207	56.477113407722996	323.55018333190594	50.12080536122715	335.8359831429555
54.21177989103313	327.92873671348025	64.67023703508251	342.22494648654055	65.492308213563	315.9238630764483
55.51720838183192	341.2635105407535	65.61335241659633	351.3307292214399	67.7530179820563	327.88931944894233
58.25779916209237	331.2463378236041	66.69075243977832	340.0013120260352	59.90604331469639	308.63047223995346
50.6484563132482	336.3666773827359	62.82975324189481	343.557525888934	47.143870744853324	317.0162502640384
R63	38.000421811806575	88.66016843645153	9.393004012661375	5
38.000421811806575	88.66016843645153	46.41710450201495	95.03250350574656	51.579363364125555	84.57634846102265	38.000421811806575	88.66016843645153
46.748601920870755	94.36105550186538	58.53220604742491	102.0740537325928	55.57252154957119	82.11684676310655
48.37496016342014	91.06686696994657	56.92300412266616	100.12439139047119	57.618693301170424	83.15160162783414
42.57367963677413	92.12261703901933	55.41443140781758	104.54643332594073	51.46850370062681	78.11128736818092
51.39788309086139	84.94393674465883	61.59337039203179	97.71430422288334	50.345928964474666	60.90816949752286
R62	444.8438579974647	10.399062246085776	15.084166401249956	5
444.8438579974647	10.399062246085776	455.48146002668375	21.054892632359888	447.97935969674336	-13.584337251211707	444.8438579974647	10.399062246085776
446.90567821445086	-5.3717657419711164	457.08645434208034	3.2111241718380166	467.66133348268767	-9.65068588423432
446.85553554565985	-4.988225315967973	457.7136663932309	11.173502696280085	457.40470225012575	-10.15391441803474
446.0952442572253	0.8272298977976931	456.4323420802805	10.476588492652446	450.62524218431486	-16.04957309925454
448.93960078454717	-9.15064397583116	460.8973834048101	0.7549696108240056	470.7314112937719	-9.586756153579238
R61	113.54945773502733	178.84326770500263	18.067353197799388	5
113.54945773502733	178.84326770500263	128.9334771205659	189.7695108574499	109.79572674734412	161.2408940919065	113.54945773502733	178.84326770500263
112.43155614135208	173.60109090034769	125.03394257609307	187.29640894956597	118.25654745392806	152.14831835309
123.45821410785874	181.60754421383433	136.22526155824846	193.09677153429496	144.68541531988052	181.66107430162384
120.39145699714345	177.03593383025338	129.51198621364287	187.1720656390066	127.52601207893245	164.90385266040758
127.94863928671079	189.0700462137336	137.55126499519255	198.95804166437355	150.93719429057398	194.46175849557804
R60	493.2208904732144	324.93664057083816	13.818007559335296	5
493.2208904732144	324.93664057083816	502.3691051374014	334.45650768416095	517.3888383688304	327.34399902324355	493.2208904732144	324.93664057083816
513.6331215748417	329.1224972038438	525.0767293603243	342.2624237743406	522.6736321282281	318.1151490669597
498.3803580947386	325.45057282699145	513.8176364277664	336.45363150784436	517.9254624796454	327.0580046675847
502.5980141702726	334.3481091224973	513.775706900355	345.82120705677136	517.7613138495088	330.62359599944415
513.8756341638807	326.994050327792	526.9645313553382	339.3129815139252	514.0716167814567	302.966573460011
R59	445.5739710902918	149.91352512940637	9.775107162332638	5
445.5739710902918	149.91352512940637	455.1241571221549	159.1791975486544	457.8475973359839	135.25574799929342	445.5739710902918	149.91352512940637
456.3344550602218	148.54760684436258	470.25133173510994	158.8818559289865	473.5182477272898	146.67770724084124
451.09969537356443	143.31442936053438	457.1546630571612	151.75996072120387	463.0970866597175	127.31543471651662
450.74989556103395	143.7321777577553	460.06532457443683	154.97760881352195	449.8798591649528	125.64589090938722
455.9751259164211	151.70405309189957	465.51673850973805	166.30419845731453	460.6596926700218	133.6792086728497
R58	478.0046725404053	379.5500834207031	15.09389245907537	5
478.0046725404053	379.5500834207031	486.6043804113556	387.98255165049636	493.34896729133277	367.063059325487	478.0046725404053	379.5500834207031
483.39145875136126	384.83211209728364	497.10451799656124	395.0858404221227	490.80824059728724	366.87556592697433
490.5991265983258	375.5921615960996	498.82846281814983	387.4595666232837	494.51244560704373	350.98758297957596
484.9019068939347	386.31318635772743	500.4594871410796	398.6817345432944	480.83474013268085	368.2951922771462
479.19990764778595	380.7220746349823	492.56036132533535	390.360373944943	480.5477199238035	368.39161943902457
R57	379.6594607019662	155.54114049587443	11.86066134183046	5
379.6594607019662	155.54114049587443	395.93802760492235	165.45300879584525	405.78802147942343	150.2266865727289	379.6594607019662	155.54114049587443
405.1171453403259	151.26374064563979	419.0153047023389	165.33252174042897	421.96614068625865	143.57075836503282
388.13303871691704	153.81764564638056	402.2684703317631	163.65588658980352	407.20020014363587	150.72200690768463
403.4501682022838	150.70219739884192	415.4018723557322	160.9900496810015	414.2159666154447	141.9186203846813
383.627962868139	154.73396163571218	391.9315622728221	163.06173563571593	383.49015129231356	137.38469181082417
R56	383.51612376553726	215.09989644720324	14.968320519682685	5
383.51612376553726	215.09989644720324	390.4566466574154	225.82925105450641	390.3828971130103	189.3562179130634	383.51612376553726	215.09989644720324
387.52135745471844	200.08419062281746	394.85082602152414	208.21520519563413	392.386662329788	182.6397823089531
386.0905927270413	205.44815785218015	396.0703704220827	216.3832740642656	391.77322742239136	195.68126353192423
390.0058787468367	225.1324089240883	397.98492340918506	233.1809847752161	411.6500419764313	230.09219174347015
388.2429813146287	197.37880750733567	397.6733062392653	206.64420186171762	405.92422164866946	198.6086466492307
R55	391.1244966443074	273.9826275447776	12.614631552213089	5
391.1244966443074	273.9826275447776	400.68959202241814	286.3948826328977	408.47467279469095	270.18459230264796	391.1244966443074	273.9826275447776
400.4635194639152	286.1015169994526	407.28630924769476	299.0801210484367	418.0111854763118	285.56458601652463
395.91848476896337	280.20360090055	407.9070849106389	291.27234356838585	403.3957042870905	262.1798483348822
399.00961573400537	284.2148422454811	410.86758575864906	294.7831386712893	408.5398250324911	278.2822030591774
391.4854713448852	274.4510504811744	398.88006404624804	286.95258066360384	394.88693687483845	259.50008230229906
R54	486.28210185175107	113.94117520655622	12.688704305624938	5
486.28210185175107	113.94117520655622	499.469201406485	122.79601986060614	499.21883343919325	98.57894407624862	486.28210185175107	113.94117520655622
486.8509028014439	114.32311241933763	497.3633244194114	123.13365874729996	494.66950669725156	100.87224653581896
487.15291556092063	112.90709319122794	498.72355826836684	122.72837072985101	509.6186249597236	106.22955863408558
492.52514028092315	106.52763348961807	500.4453436708279	114.96876751209656	490.2422810352359	83.40905596343643
499.4548648475312	121.40930278802361	512.4793196770158	132.24800254881765	519.3372494884404	124.31611925672902
R53	85.38408858623764	438.42535093337915	14.861690527609053	5
85.38408858623764	438.42535093337915	96.2452345926618	453.1037875808605	105.86863535343244	434.18675293300646	85.38408858623764	438.42535093337915
104.56345019800533	436.7523982200372	117.85077298334414	447.6300825784533	100.45111087623673	413.31524154910653
94.15712615069503	450.2817863426531	101.86851234844558	458.0564974902808	110.54908773326918	449.8686639101462
96.11799129957059	452.93182298197274	105.78753864803686	468.9106252234615	115.63279647461042	450.21785688364963
100.14948358782925	435.3701418316241	111.55304768122572	448.4454046935534	118.12452280818742	434.03370402108703
R52	172.48694124928517	343.5743440713369	12.561682255790624	5
172.48694124928517	343.5743440713369	183.69786038939395	352.6226296467695	178.2632397275055	335.20841276338876	172.48694124928517	343.5743440713369
178.236737448309	348.2149803438058	193.41302195371156	360.0546073853287	185.45138313521656	339.721175238474
176.1956980316413	338.2028757173266	187.2403991963884	352.85728017750455	184.95745334331403	328.38118069154575
174.60070944677713	340.5129303289862	186.07727175299857	352.3573282129958	188.6010690618649	327.9579104729863
178.28104788788983	348.2507431127893	187.8601988882507	357.7412865952536	201.4012665418096	343.90025355296837
R51	80.3977978922683	232.44581772007172	11.204270547477774	5
80.3977978922683	232.44581772007172	89.20205305656546	237.83471142746208	105.36111913116736	228.0560922008873	80.3977978922683	232.44581772007172
86.09283999645204	235.93162952196184	97.06871550537414	248.61641056205613	82.4101589735196	214.16627914340572
99.20550806155765	231.78114515126862	109.37101498713594	240.8758382539045	112.6456812469843	222.63831807048552
101.64661372171936	230.3039160445644	108.89155791216419	237.6587202590171	124.13761627973668	234.46904580934148
85.2950805449737	235.44333825735646	101.54090380837584	244.22182207949345	107.39639219447902	225.4714310648366
R50	268.4786229576831	425.30413415808306	9.565648435931783	5
268.4786229576831	425.30413415808306	282.48972706168485	435.5933374360708	262.26090863016515	400.56556381698124	268.4786229576831	425.30413415808306
274.70704667882165	422.1170205902044	281.57551363991087	430.29490359215026	282.63694631654033	404.971346562408
280.09948652497275	431.45444990299245	291.2912457633301	442.0705344461405	291.90453967457944	416.74950790466113
262.8066148892208	401.5104966794433	272.1572215675166	409.0967011665478	275.80073574961136	390.50201987134477
275.2495975000646	423.05648956649117	291.1799514204135	435.1433695975804	280.91772416636417	410.6549848941111
R49	421.6793473103455	321.2890183894945	9.197854442136872	5
421.6793473103455	321.2890183894945	432.8294774122044	334.68475119924966	420.93904070772027	300.4251827635466	421.6793473103455	321.2890183894945
422.4280025012304	322.1884504868885	429.1743100288986	329.83816765574204	444.50371787267255	325.09912153527307
431.2650987643849	330.1773526338031	442.4925849634434	340.04023365264044	433.9130911790608	318.45394434801517
421.3754810171614	312.72524714825744	430.12779054197387	320.5600268732484	424.2729995082992	298.56963455427405
421.14532383553757	306.2387973604235	431.4243115851126	313.6405928167946	433.9636061760363	298.6772859861369
R48	485.6129900261326	98.25026546662762	9.690293940916463	5
485.6129900261326	98.25026546662762	499.477655796165	111.47347698351992	493.8164972295124	84.04902764356073	485.6129900261326	98.25026546662762
498.63747078025597	107.40335403364911	506.07927577494723	116.4256781439995	506.36404617993713	91.4912038933185
498.4371947495117	106.43315335926685	510.7015442826986	119.9829323022073	522.8592468563454	103.94645032174134
497.9983707946987	110.06263168853745	508.7186639758661	126.87521178594793	517.7975245257318	106.77231020737509
498.85806937396603	108.47200365482487	512.6776807579085	120.1260897847668	500.0630413740349	84.08694676005291
R47	27.964548433928815	197.0041123704116	12.283643052055792	5
27.964548433928815	197.0041123704116	37.89314489336135	206.26228643616923	43.30165278746231	187.48161967998968	27.964548433928815	197.0041123704116
35.9643658043225	204.46374697354958	49.54759955461386	218.32377610115864	36.416426598313066	180.15050500301604
42.30608377662938	190.9386636912642	51.16551451798118	200.08757598683897	40.90165057512834	172.49280360269228
29.011352041025685	197.98023120521012	36.51806227518656	208.05682093978766	54.28155339164712	202.69341781000026
30.684611355205128	195.31528123982247	38.381523334371806	206.49730890857217	42.9809897793058	191.62608307702735
R46	411.7227248060989	272.5526259910745	12.033661999857243	5
411.7227248060989	272.5526259910745	420.044379613177	284.2983815411833	414.8172422205267	247.96498984264556	411.7227248060989	272.5526259910745
415.7021769037878	254.11609628185198	422.46900561386053	261.47955917889067	434.8131084462052	259.88616793153346
416.6952613685778	261.0189427422649	429.009162796632	273.6167892679463	418.66989381333775	237.22406122146666
418.0360352851633	270.33854929383125	427.189594675339	278.9108194509115	426.340523346074	252.24058129528763
415.88230015946954	255.36811785907366	425.3027788134252	264.4524645222542	439.20236762722504	254.14728747827155
R45	242.3499462899737	362.1973362369911	14.70629040182289	5
242.3499462899737	362.1973362369911	255.49896050951364	373.8874188508283	254.20211189231745	356.64625168188655	242.3499462899737	362.1973362369911
255.48989837888712	373.7669408652202	264.7014073950244	386.5364014548274	261.3471609687366	358.8845174448226
250.14198426416823	369.12481887010955	260.5549069520661	378.97878250211835	272.34704035082905	369.31798285306064
246.99453887066198	360.02199318117744	255.19660469270454	367.08884469067266	251.72697568979788	344.8108891057772
246.461361818491	360.27171217758234	258.51245710435404	373.9754303182613	271.63981250226374	360.34768020962736
R44	166.8403645067823	204.1455425134191	15.846448865294484	5
166.8403645067823	204.1455425134191	179.78952643699876	215.51934784883304	173.31376472053788	187.08157044017364	166.8403645067823	204.1455425134191
177.81984053995694	206.86963348972245	191.0038145325497	218.41092970598558	181.10669578753922	188.61311148860182
177.27177318186904	213.3078969795974	184.52803242245844	220.56694036254262	197.92363460006084	213.82696322462255
179.58589006028507	214.62509537216	192.30971384474478	227.15817033700753	189.6008892473307	205.95927378163827
170.01016528999926	206.92971474438212	179.73985167574818	216.08655013289498	173.29053540902882	194.3507526396211
R43	47.747854416123005	26.66614741056661	13.032108534619251	5
47.747854416123005	26.66614741056661	55.80945606981932	34.23902863827929	71.9199831917858	22.37639655990074	47.747854416123005	26.66614741056661
59.565304630112195	31.473492211348038	67.48471145876694	37.63616862225202	76.11793477184679	21.168344904138458
48.57344705214912	27.441689944627853	55.53044624589607	34.97593379469747	63.94592666186668	26.867439622474315
58.36256674729162	32.35910178095515	74.99417427640944	43.431689022310564	74.44913928591015	21.251922319602023
58.390491231234286	32.33854020177884	70.72348659508312	45.440541085040955	66.18141466584876	17.34663155442189
R42	304.8036843206016	180.2630622983133	17.15402664948252	5
304.8036843206016	180.2630622983133	316.76529509064693	187.5455043751417	306.66581211968503	159.13862254914164	304.8036843206016	180.2630622983133
314.6709537720535	181.65473684658105	323.0552338794604	187.11445154677057	326.7833252575648	173.98302341913006
308.8697008865368	165.33751490210767	319.2522249559235	171.84583617946348	310.0183368273193	146.12009063609133
315.35070913634934	183.5666892068812	328.5936749320631	194.99228237977107	313.32300911340974	163.8563740556431
306.4380535632632	161.7223721203895	315.20288486584366	174.73722653236825	314.2655231811408	145.96883579336708
R41	223.5157613952375	392.77493545261916	13.998940613308937	5
223.5157613952375	392.77493545261916	233.2483112455134	403.6685606236347	235.08256216991515	385.6670856355283	223.5157613952375	392.77493545261916
234.903087189846	387.42846643775397	243.65288791578774	400.427422377224	244.26983337562487	376.93263741100856
229.02857196566927	389.3872891735821	242.77992549568742	400.42977909925514	242.17495889074098	379.62012234010564
233.60048332470794	400.2123176468471	246.97522841348217	412.7439236535	240.98108965904117	388.2369283232707
228.30469780548816	389.83211302049267	239.42718736891553	399.312995705104	235.05977147317387	379.3168334575569
R40	420.2802598882687	131.54069692883903	10.703778591653588	5
420.2802598882687	131.54069692883903	431.51142737688764	146.38943393286712	443.40757738170157	138.01146127915845	420.2802598882687	131.54069692883903
421.3462811430953	132.95008462336546	432.65684597944716	140.2580932371046	420.98074132024516	111.78703385608644
441.16341471192794	137.3835697044433	455.16326429063463	151.45057145219945	438.45136815873843	115.20619178456371
433.215345020311	145.18943431828623	440.53671149018277	152.340982321413	433.0394755051472	120.88232379380476
436.75632571005707	142.69566621902743	448.3986289583618	149.6908996697114	451.63185438405975	138.06827397374818
R39	272.2053834742382	419.3765218012625	14.34201253320691	5
272.2053834742382	419.3765218012625	278.97580568298497	426.82572513739797	272.91085809184176	395.75327445625635	272.2053834742382	419.3765218012625
272.8253818543329	398.615498341294	283.3982263112223	405.8975982405356	287.1707380576747	387.6564805625588
272.4750781253449	410.34563211119723	282.85188543346464	416.805472006399	287.1349053991419	400.97483250146746
277.3302284507574	425.0151675340122	285.29581552284714	432.1267197559543	277.524731467277	400.4919729055005
274.47224909590483	403.75272444962116	281.57404456290334	412.3406492773071	278.5038242772666	383.54571241197016
R38	183.75820531551295	8.295451384706054	17.74621180430859	5
183.75820531551295	8.295451384706054	196.89176553312748	19.397120631468646	192.0879838996136	-10.650516932505582	183.75820531551295	8.295451384706054
188.22296993691185	12.06947299576472	195.47644295890586	21.900506615420937	198.4279656446371	5.123599147348301
193.59789922112097	-1.206001799589722	202.45853888949225	9.297407580821986	192.40076104526014	-18.424497147157314
184.7553276620355	9.13830909474289	190.34588230312875	18.328038997962757	192.17009873725488	-15.457886464399094
185.0807240278284	9.413363441567006	197.2132938793189	18.612216817419842	204.5931320291076	6.672778749743799
R37	330.0759900023619	176.56646229686885	12.586546503338942	5
330.0759900023619	176.56646229686885	344.3107405039937	187.41128660684657	333.7696249175086	155.97568260326227	330.0759900023619	176.56646229686885
330.72305091584957	172.95931404750272	340.07009179098793	186.62369409831499	342.0598237060245	154.1803148385796
336.6387681908299	164.5320114879692	348.5285214100698	174.95532480886692	342.2399800605211	146.5982978053128
333.70938925522097	156.31147628086072	342.942422982439	163.9983972977223	355.29150491947917	157.4502031816895
336.93071316166163	165.40264670855908	346.23682491798195	178.65932261627174	350.14778047421646	153.94200083878886
R36	107.29024008216942	98.83155451993586	16.31247452697203	5
107.29024008216942	98.83155451993586	118.50837135871667	109.96884099181204	110.24451281154478	86.1857016272593	107.29024008216942	98.83155451993586
107.40608807712478	98.3356637081127	119.99868724944838	107.29553376288553	126.35439587692224	95.45184566633188
108.17214814545395	99.70710700729099	121.1127591213961	112.1418917684833	111.8962231222552	83.3900164708619
108.33887899677109	94.34282424133617	119.00711944694632	105.1479441732403	119.4039409859837	83.51865038525833
115.48313002079847	101.26228630668408	127.32505612540982	111.92747841600037	135.46615889233613	98.05919761959291
R35	14.298752790769143	91.70738354548169	14.278293291717697	5
14.298752790769143	91.70738354548169	26.163409914605385	100.87479607766971	22.329787646154408	75.95809073048747	14.298752790769143	91.70738354548169
23.767966184487882	85.30556118191924	33.89902751932239	99.71307152887333	37.89672408812649	79.6333521507039
19.241683416823903	82.01402980019967	28.984613529863196	97.81759075440884	35.831818865651215	77.82751176664637
14.747128062257794	90.82809543768047	25.90909979800785	102.8676028787193	28.692857160374658	77.26427774124684
23.87548470032388	86.00437994674618	34.624096315317	93.32119888653304	45.99922656577579	78.97972741075476
R34	259.3151872980038	373.4055671758073	14.859181970779039	5
259.3151872980038	373.4055671758073	267.6539703211118	382.40813195930684	279.6620159480024	367.4109959871084	259.3151872980038	373.4055671758073
278.4783539712941	368.889299797852	291.34283759220995	382.08297413575826	285.02712143018607	348.47140651890425
270.03874389183534	379.4297310925618	277.4816706192759	386.54642904347065	280.0610973586752	362.7959436260973
272.8967390796911	375.860312406795	288.5599674780125	385.22610596089515	267.8658712348145	352.16947475466606
259.7850842147169	373.26712641105513	269.7583863671171	389.19834429452254	279.1970865651347	381.3318691132468
R33	424.05582065697564	184.04528366138183	17.879078112198222	5
424.05582065697564	184.04528366138183	436.25991542603794	196.03285522862305	425.84167371689097	158.5296408007284	424.05582065697564	184.04528366138183
432.3232213137644	181.86168435820642	440.92288349910757	190.62487138092237	444.40758827364874	168.56684007544868
425.5655607560693	162.47464605096798	435.00894341734517	169.5670770386185	432.01256022125943	149.84360972771861
427.87356757972975	165.84397976119445	439.24906455300817	174.8542062447984	439.9316115285166	152.7415221761089
425.4566438627528	164.03081246450662	439.60917733769446	173.53152213827883	426.3301937581894	148.00072051784255
R32	126.71832098267089	204.20266984847868	12.615397536676618	5
126.71832098267089	204.20266984847868	142.32514519586647	213.6084225729091	120.66341550375276	179.2762595662332	126.71832098267089	204.20266984847868
137.24289623340982	205.55345178804632	145.97999851948214	215.85853901511183	133.73190595911456	183.00463950705108
134.21424537343316	200.7532748634453	147.0025946933184	212.66307314546495	150.4359792222106	196.30771827060474
124.57702153336896	185.47902186003145	131.80133436338886	192.3962088825926	125.9319939868397	167.61238535271303
134.93686003735831	209.15573044866827	143.1127004576348	215.5991677739319	158.53541790410833	208.2963496374166
R31	245.8555334678097	144.8622254292989	16.690171131437516	5
245.8555334678097	144.8622254292989	255.14597127422076	154.18026189581047	267.97871816080885	143.72979043357387	245.8555334678097	144.8622254292989
249.57446318126966	148.59220278973072	261.2961029419333	158.2346315606257	261.33122075514757	143.69706027260963
246.65037178849892	145.65942493824477	254.17187732114536	155.20994544132682	250.1384851642508	126.30229299197049
259.22351774932343	150.8596725122125	267.29840822740675	157.6417507258057	284.0112482809992	146.8874504691426
253.0787269162757	144.49248675218504	260.52873211945325	151.29733630831657	251.68996264292497	122.69667979275114
R30	431.37145250591726	8.172607133980547	12.448417651430196	5
431.37145250591726	8.172607133980547	437.4777741624397	17.817999447063485	446.67318630834296	9.774410941819077	431.37145250591726	8.172607133980547
442.86696543752106	13.103861972309758	453.32931598027454	22.06411439841593	450.28300406146343	-1.816041785567995
434.62139773362253	13.306138985150799	443.89872511376313	19.211572549152034	457.60226238375026	8.73487770201436
439.9840447807072	15.625666007707014	451.1154442479474	24.41778559556041	434.69238392156984	-5.473743085426987
434.32699771530577	12.841112110811352	440.77189135178867	21.556552666681835	443.584685788949	1.5589422130073327
R29	457.6302386742423	32.411878816611114	13.550126429095416	5
457.6302386742423	32.411878816611114	472.68160993387494	44.52010945541228	476.59863531739256	24.07058092269692	457.6302386742423	32.411878816611114
474.89063767300274	32.9874867741962	486.0866038625144	46.13389062519669	493.09501417699704	32.97879068303263
473.53108211011715	25.41952862706475	483.43314083750914	36.84539256436421	478.5919226271084	3.9029523097060217
462.60805874758125	30.222896749483166	473.1168102132069	44.36101404381983	482.56716382404534	36.52000952627762
473.4766255887158	40.3695886581679	484.95262322312834	51.242255736144486	495.900721100065	40.47541480656934
R28	472.5938480474407	453.1353347315433	10.528744309859146	5
472.5938480474407	453.1353347315433	483.1092433862576	464.1974051082072	470.85548584283976	427.7525966242455	472.5938480474407	453.1353347315433
471.39711668861537	435.6612326224106	479.6325214314054	443.385428050085	470.1977019103512	420.5638377081102
477.5756944826737	447.73966720102317	490.73289989609964	461.33528713364274	490.9007740899962	436.21965137259883
470.98997060148884	429.71627910605395	482.4543034069051	441.86822964378376	473.17435866384557	411.7453551265033
476.93985074040694	445.8485572022712	486.7130190522725	459.4230003421731	486.3353823881509	434.8081178054813
R27	347.27691918475915	66.74469020251378	14.434346420518905	5
347.27691918475915	66.74469020251378	361.767078325271	76.26875456825385	353.6704418235548	56.266014197762786	347.27691918475915	66.74469020251378
360.23869680249874	72.49288803644293	368.41696612944753	81.39184433720209	360.2314154622294	50.64784850148807
359.5393019265035	70.7650330045394	370.5438427065282	86.69151462655687	375.2545836895061	72.03342529280425
354.87210682401667	71.73684075411958	361.550340632056	80.55135852831259	373.99233627823185	71.5504867531101
359.469018119016	70.59139685907027	368.805879327339	77.54314130677578	369.7593918156055	55.67791041015481
R26	98.11238289790735	348.91406864305776	17.84965595348451	5
98.11238289790735	348.91406864305776	107.37413979775074	359.4179841070625	120.98443838431523	346.0945889313395	98.11238289790735	348.91406864305776
108.49832405385638	347.63377486300374	119.86457101751715	361.71765739020833	130.21048506374348	352.01310116071863
98.94570449011496	349.8591527835222	113.13373166128618	362.9073230566288	101.44027914114237	328.3984986859808
115.62673923066853	346.7550422112895	130.2348577326074	355.493473217999	133.61195748505145	344.66139123480485
115.39221101953626	351.5689328349327	121.48173444326838	359.7966347861238	115.6064703797182	332.28006307671797
R25	473.40509165211245	265.764795238108	9.273162394908507	5
473.40509165211245	265.764795238108	480.9654790976529	274.50653116872405	493.10165884394826	272.3759100833534	473.40509165211245	265.764795238108
492.7485492569163	272.25738953050336	504.06612108600314	280.6636230287507	510.6662288326958	270.69264050908066
492.5073782302437	272.4802416631961	501.49083559119924	287.86259897683135	503.07749994842715	257.08684333626485
473.758223555117	266.17310577337855	485.57149831116106	276.7761341474587	476.1093446266183	253.0219600098714
491.17219311425083	271.72828862704796	502.97877767717563	286.63031735178606	516.3966752691124	274.92069237847215
R24	26.92822117601551	353.5486715012709	17.5828601264442	5
26.92822117601551	353.5486715012709	42.541178235867235	363.230915078221	42.65079250080001	342.49963470336127	26.92822117601551	353.5486715012709
29.93273445316215	351.4372498340866	39.33689870930181	362.9317370330272	31.657436682078874	327.1607535946769
30.026947866906642	355.4703207112566	42.45124727139848	369.0249693844225	47.19661496591404	354.3857887316747
31.41463616999887	350.3958434214851	37.93909932671219	358.37054726567885	36.01152007532237	331.1375993431661
32.44971238900578	349.6684436217831	44.83987720998601	363.3248487977667	48.425103690687486	344.1735888483781
R23	86.76655178494569	408.22409685596847	9.646772183899984	5
86.76655178494569	408.22409685596847	99.21474255692054	422.7420434840182	109.06910002544447	404.725751117708	86.76655178494569	408.22409685596847
106.16409507045606	405.1814260295755	115.25422148931862	411.7020739318411	118.65457830242617	398.75916378629915
109.06569397163899	404.7319782574653	117.70275231795097	412.05627381388905	116.22013681156085	385.3471675349172
106.28952870948372	405.16175068881194	114.76356501875512	414.0755894271742	106.57157432026226	382.1302855185835
96.3222162634043	419.3685779645115	107.23182887522988	431.63170837397485	110.74000161385264	407.31320852522094
R22	116.70822926378766	72.4822210231022	10.676674818758565	5
116.70822926378766	72.4822210231022	124.27241172347215	79.30343308517168	123.38690438502097	58.12897538652773	116.70822926378766	72.4822210231022
123.6278483708843	63.89048408879202	130.44696021042952	71.48100991198243	131.2796819445596	55.55710977840188
123.51880380142015	61.282984948893535	135.32598180451743	76.75033500750068	143.59696812850703	70.03001224490913
122.41171051137741	77.62549397945932	135.60652238709716	86.11237219205408	120.2701465095547	63.598282217978884
119.511690444058	66.45725855336154	131.17436845495826	75.65449167075114	129.05049987493592	55.408127558145395
R21	86.19535211351447	325.5434785241254	14.689891228428829	5
86.19535211351447	325.5434785241254	99.23758028986092	339.4622541564208	91.2236162782668	311.4668580652214	86.19535211351447	325.5434785241254
92.37514988475868	332.1386106953986	102.39737788484902	340.73899098309647	97.24562758263242	313.16269017950754
91.67632873359051	313.04833066528187	101.48922166987782	322.7592675444643	108.14061734822916	301.64271762541614
90.23067954219282	314.2465834566189	97.14303796585962	325.04659321124205	104.94833626776034	303.4364375471876
98.76788093241878	337.82144075417057	112.36874498235346	347.4276224845317	104.12297232214483	324.3600034419723
R20	405.54227141172566	327.03270074406794	18.067462154330514	5
405.54227141172566	327.03270074406794	414.2216420298529	334.8282713641079	411.30598611981225	312.2276455770499	405.54227141172566	327.03270074406794
412.83946387402375	324.1143557873877	428.3464418644247	335.6408487924702	434.05896144438736	321.44505170927465
411.9157559634608	316.9542595801207	421.1857000050944	326.0880262028004	421.1959037981066	305.62652166077197
413.8090286469677	331.629910189455	427.3849957053862	345.271567914328	437.9452032184451	334.09560967907737
410.57529139157316	331.55322007792705	423.7659136602084	343.5405804923137	430.51352441627586	324.9228822344767
R19	12.354074173820784	56.983279716265876	15.430037299969264	5
12.354074173820784	56.983279716265876	20.152455839453875	67.54607489452121	17.330033215014332	32.39930350324957	12.354074173820784	56.983279716265876
13.826967528804598	49.70637592677115	20.529244805445895	59.34528930672227	20.99281169685475	39.988102355648905
17.499141113690573	34.505152784560664	30.163225666175485	44.45680151075917	20.73905850991979	24.013300442493048
19.98293346208784	67.31645928617782	33.353223279366766	75.39188151917818	10.077928679359228	45.095940394436255
16.840637349344995	63.06026464843613	26.224669888471908	76.07652479477372	21.149611835921576	39.499092892271435
R18	68.70786204136658	151.93433936583733	17.04233089609564	5
68.70786204136658	151.93433936583733	82.28963611779224	165.72701807845408	95.05896872845341	150.53379961927675	68.70786204136658	151.93433936583733
89.80710979352934	150.8129316219298	101.98543033268568	164.11006578655878	92.53710349868358	135.50038755719896
91.12390412904168	155.21582161155547	99.18556649464087	162.7938259918613	110.52134969188319	156.21311579550613
88.81256425833854	150.86579090288294	101.20166643850061	162.7813829283881	100.14672746621264	146.80543903543975
73.83761024337926	157.1437448845017	85.54025316661833	169.31736731231572	73.75322569574938	133.57959839481134
R17	244.07603903044617	282.333675677864	10.7552016621702	5
244.07603903044617	282.333675677864	256.68683766321254	296.1892576919991	255.72956332172433	274.8982506102616	244.07603903044617	282.333675677864
254.1494979490549	293.40146291935974	264.93239930319135	304.1152446280071	263.97976204626383	279.16630600895553
247.1675607258555	285.73035448042015	255.7398698004919	293.78510858494434	256.2608343323307	267.92134314131715
253.50867912224805	276.3152655523754	262.52956358680603	281.8263297963194	277.1460482501857	270.6468028963661
245.51280896501913	281.4169577030367	254.8415204449165	289.728641382749	246.01608465794286	267.01528263410546
R16	231.96611911049692	433.16752396782545	17.16965105109111	5
231.96611911049692	433.16752396782545	245.58831169397763	441.46279963415725	246.76302560741564	428.8431616985063	231.96611911049692	433.16752396782545
241.4864261679361	430.3852358834819	254.2060932163611	442.03563828301697	254.18524057503296	416.42057077605534
234.2532449542215	434.56027621684984	245.52174559324322	445.9781269471366	256.65396066514205	429.49931120571205
246.59992460296849	430.5953122430081	262.68918449738004	442.1538112144105	237.9683615109645	408.5566329008019
238.40722631672344	437.0898558203967	249.4712700358468	446.97804824401413	243.21603625560823	414.94084810388745
R15	86.95914944666299	214.46335905857177	16.496509516940808	5
86.95914944666299	214.46335905857177	97.76224015974657	227.23923018191473	108.96631041621265	214.97781445555097	86.95914944666299	214.46335905857177
93.5743199402844	214.61800009414605	102.7017363674195	224.39136028650984	113.59834894920836	210.45032239956038
106.08037867443825	214.91035081669617	112.05224505192737	223.8893576808207	113.21148348406754	193.69490278540144
101.33771883910816	214.79948295183627	115.15194147468925	228.80072539578399	104.29303191280653	192.34861124395263
95.63137268644999	224.71923947344183	108.18214210506657	232.42975405376515	111.0240531138634	213.6080770409011
R14	126.31845027940275	273.04123794490465	9.205568176621485	5
126.31845027940275	273.04123794490465	132.55756742701467	280.8691074362322	142.83736143567984	269.42511590788956	126.31845027940275	273.04123794490465
127.6539646437017	274.7168327286197	135.45185834682857	283.79194258939157	146.90458850470273	270.401239346205
133.33576608850385	280.0027769551017	144.16026716105029	289.9848049881241	134.4302136456735	264.3270058943781
133.9320327380882	271.37456372836454	142.68087795600835	281.2381573151327	143.3173619856221	254.76190166687314
139.9998594334296	272.58396800629106	152.55307996822447	286.3570599865817	163.37940350903085	274.9850688342064
R13	361.8909982509925	168.19238270885216	17.540488658478797	5
361.8909982509925	168.19238270885216	378.58068548135685	178.22992470911635	382.3088595375079	158.2127132535246	361.8909982509925	168.19238270885216
379.69519289382856	172.2459416095445	394.5184526156769	181.06252428530485	373.00188568412676	156.35298821947083
365.3405022568072	166.50636333200418	374.00141427988376	177.8618807982746	370.17371098078644	141.82512093281693
381.38782751771726	163.157893499898	397.339965273625	173.7708570845198	373.9343507531241	144.26161204799624
377.2488772424105	177.4289461796685	385.83294696755763	187.67235119771564	391.6602275685098	178.079130609645
R12	68.46110547139273	324.33265078805584	11.782634168109709	5
68.46110547139273	324.33265078805584	77.37672353595721	332.4096289373724	78.33200867799147	314.4448476268876	68.46110547139273	324.33265078805584
77.59537021983955	328.2978305984551	89.53325414341211	342.2125569959705	83.39923447302874	319.2030271663205
77.88325228568249	314.89437233416066	91.74412647553427	325.09267688355834	77.21635752637106	294.2314311177232
71.6145849246674	321.1737722686187	83.53709017703736	336.35262720603373	85.1077217242812	313.79430060235933
71.87010688521858	327.42098742731787	83.38153039917414	342.43562450953027	78.43050569570275	303.7758593181337
R11	465.58970283237096	160.42372919479965	14.402579672763203	5
465.58970283237096	160.42372919479965	475.1798389622532	168.9222439317087	479.16747937729593	147.55309171890474	465.58970283237096	160.42372919479965
471.0828472759691	155.21667113913412	479.3675572370884	164.18865984027053	496.2478754778959	156.18567196941578
466.31770263513823	159.73364407571268	473.13439093811843	167.67419337737334	469.95451854981997	142.59161648759286
477.9016304019729	154.33658185759873	488.68089204023363	164.23730309198018	490.31344891649155	148.58728380654642
469.3861455560136	163.7880322659704	479.5050832879183	177.81992744682285	488.9727900474748	159.3496116548304
R10	5.700707425356666	147.44672754163096	13.650661665222973	5
5.700707425356666	147.44672754163096	12.271038272889825	155.39892155474357	26.00466274266188	151.1322813674239	5.700707425356666	147.44672754163096
10.719404601354427	153.52095037191336	23.379056142525812	167.3407347378735	31.743290691592357	161.22569702868137
14.457096461890778	149.03617859239367	26.36817624330278	155.67796104056623	6.206978632933546	132.7151066506527
14.430017240098055	154.72818918942053	26.265235509606647	164.71892342435214	22.93029540833269	138.05004535251075
25.01224117375779	151.44059806546446	35.927471615125235	162.57201258019506	43.736369972362205	150.5847394841414
R9	387.69034787816713	63.59108745841024	12.64240059608363	5
387.69034787816713	63.59108745841024	400.70735859389976	75.41707881978483	389.05484685841907	49.29211565797233	387.69034787816713	63.59108745841024
388.0229916538248	60.10521899199205	398.2981407639738	70.42218431151628	402.5672319686017	51.51927753844289
395.15521799174803	62.96916441359244	404.2630168127442	70.0388876017636	402.44087901139983	44.3785448129113
393.988641185431	60.35369602511959	407.4793606225631	69.55996019620744	384.61674907952636	39.573065235774976
400.69422748891316	75.38763884651244	413.8857828542504	86.00196637443221	408.9661357809444	59.2618390368809
R8	384.09255926174154	440.6959367510082	12.474380121522472	5
384.09255926174154	440.6959367510082	396.6774085134159	451.1845528166359	395.2477916570444	425.6356180568536	384.09255926174154	440.6959367510082
384.33077026542935	440.37433577445626	396.91371787937356	452.1326385597287	378.43394600333147	418.49797897022637
395.32320453235076	450.0559158859991	405.97208024842547	458.0882853337841	392.19074207488853	426.78566146223557
386.399096566162	442.6182787467929	401.1851901557916	451.1595213068554	380.8340380154634	422.74622657986697
396.32565866613015	444.8983693122839	407.5685760965875	452.9521597501273	394.81193122657214	423.91268150865136
R7	304.49065383625776	165.51475904801015	10.291086357931203	5
304.49065383625776	165.51475904801015	316.98145911246945	172.84829225876058	301.05320225201274	148.0728318618886	304.49065383625776	165.51475904801015
302.33160902015703	154.55957857460342	313.0914596694617	164.99665862268108	303.99993875156264	139.75419594424199
309.5980465679344	161.36383123496643	322.1998780800504	172.8883627716005	333.4362585122583	156.5701527514803
303.85100992690786	162.26915042822296	312.7056955233147	170.33466412901245	326.129601728215	161.10104790345926
311.02608863303266	163.58506610949593	323.27558252713703	177.562278180818	308.8285594984526	140.99589653972353
R6	230.22595842146964	374.0127686075099	10.734867728766474	5
230.22595842146964	374.0127686075099	239.56300391684456	382.4860696192912	248.293516063776	374.14329648305943	230.22595842146964	374.0127686075099
233.33446771588348	374.03522582737094	247.53933928594566	387.4642638563839	246.4663031298492	362.51403907636285
233.66932386849282	374.0376449735046	243.2095846483996	386.1660992706104	252.9062496019089	379.54371752925573
231.17228960612573	374.8715572884046	243.62514873157295	388.933623921191	234.79823438920968	351.6318489558846
247.720253212408	374.69109961716003	257.5499721744832	381.3788293131357	254.49340718582556	359.68997458345535
R5	1.7272069576833027	454.8920652740401	9.774188799173977	5
1.7272069576833027	454.8920652740401	11.39602483008169	465.0079582077627	3.450186176769538	441.16921076491343	1.7272069576833027	454.8920652740401
9.37327164807125	458.9393851660654	18.117731192676537	472.2637982469111	23.82355632868726	462.2168555051452
2.182798815468868	451.26345460324524	15.853977081647288	460.66126688087064	12.895004346357476	439.0215458414076
7.746587155501513	454.05907957725196	14.608714825746835	462.6163285300924	28.294551027619093	450.7451440724137
3.135638514260936	443.67445967388204	17.13354317277856	451.98236058177065	28.68899035837758	436.15727861949836
R4	387.5356206070388	219.23145678615978	16.271375305796656	5
387.5356206070388	219.23145678615978	396.23149297760705	231.6562593277186	411.04971123159316	221.08449437686798	387.5356206070388	219.23145678615978
387.8166914408394	219.63305532180334	398.5394003580665	228.41439602768398	399.3968243639862	216.1482158843983
392.03526390143276	225.6606196185762	405.3028332186441	239.62458580322078	405.38853261943837	212.40704721489695
389.0428728763079	221.38504311170988	399.4608024113122	235.4006009475864	402.71280792723655	209.795499928429
403.7029607798639	226.325888287863	415.2469577599618	232.70689456489686	423.61995569513954	219.17242045736504
R3	404.657028286969	485.0143260366188	10.714149976450559	5
404.657028286969	485.0143260366188	412.26492093676444	492.2050025588112	409.15859578374386	466.31465317698445	404.657028286969	485.0143260366188
405.40364351853736	481.9128595824669	418.8514669540493	493.6207235557053	416.5576473623199	471.19563906739165
410.79109400235984	479.92106820539124	418.5255677909824	493.1803611458798	418.5056003132787	464.7533061939421
412.1808745270329	491.5044992936842	420.26796067250564	499.995069068765	418.1003720219868	481.3038401741571
411.1626857273093	483.0181810678299	422.9269436872694	493.94311539732865	429.5514301211878	474.98849793958817
R2	210.33263925705066	37.483290064164734	15.525856760133232	5
210.33263925705066	37.483290064164734	226.81406644348664	48.21816524102135	230.26261073248534	32.52551517147468	210.33263925705066	37.483290064164734
228.30540735610577	41.43179710569274	239.45524045752606	55.544125922014054	248.3602711967957	35.61938218253926
228.57071723074424	32.94639019050702	235.61732671996697	41.718150644917515	252.70256653788775	31.9693036975653
218.89681049209386	35.3528688953171	227.97849043902215	44.81123843564227	224.38212050401822	13.900163296185216
224.9980111139211	33.835135701597096	234.48795502115527	41.68212484487687	225.69735976755888	21.430926096412286
R1	458.6795365131968	286.96401504793005	10.772317719650122	5
458.6795365131968	286.96401504793005	466.2510687242405	298.0787604563326	472.6091605378299	286.61936892613727	458.6795365131968	286.96401504793005
471.29687452262476	286.6518374468255	483.96918083588827	300.3459422415877	468.9908711431109	265.2959834956243
466.11898559448247	286.77994853833826	474.7732907251145	295.3877626542558	472.701098022966	271.6355326563513
467.6427191075611	286.7422483933093	478.0186251787687	296.87564328203376	486.5132987888548	290.69243859673435
462.7447885625337	292.9316633772156	471.7191297046646	300.36820247604277	487.0053315866648	287.89532790602243
