BRV	1498.0	532.0	475	1
1670	229	1509	694	1402	582	1412	623
LJG	2080.0	432.0	280	1
1883	459	2074	393	2415	369	1948	510
IUL	1580.0	695.0	389	1
1575	823	1359	530	1720	768	1668	660
JWX	910.0	512.0	421	1
976	700	831	399	861	457	972	495
JTP	2356.0	450.0	295	1
2285	516	2595	399	2468	329	2079	557
JPN	936.0	438.0	401	1
945	242	754	639	962	571	1086	303
OJM	707.0	2270.0	460	1
679	1983	697	2104	1002	2530	453	2466
WSZ	2000.0	2186.0	255	1
1916	2020	2083	2166	1820	2423	2183	2138
WQU	1734.0	1128.0	308	1
1613	1323	1536	1125	1889	938	1901	1129
WYT	1209.0	1581.0	434	1
1276	1828	1311	1352	1118	1731	1132	1415
BBS	1214.0	1691.0	476	1
980	1687	1468	1845	989	1580	1420	1652
TLM	1401.0	2221.0	371	1
1234	2422	1330	2468	1588	1945	1454	2052
KXI	1521.0	1290.0	236	1
1841	1090	1340	1233	1474	1334	1431	1506
QRB	1489.0	1934.0	394	1
1691	1836	1499	1886	1541	2165	1227	1849
XWG	2066.0	435.0	306	1
1979	579	2192	398	1987	304	2108	459
UQB	362.0	1044.0	280	1
203	1079	199	1200	578	869	469	1028
KXH	1916.0	585.0	349	1
1709	751	2110	714	2022	492	1826	386
SAK	2251.0	1022.0	417	1
2394	1292	2018	1051	2477	844	2117	902
RXW	1407.0	698.0	495	1
1190	562	1594	867	1283	664	1562	699
QNA	915.0	1917.0	320	1
879	2037	1195	1846	781	1747	805	2039
LDM	977.0	769.0	440	1
779	887	1153	712	807	765	1170	714
MCA	1029.0	632.0	390	1
1239	694	1043	793	800	712	1036	332
KOD	2253.0	1255.0	449	1
2384	1269	2224	1589	2190	1055	2217	1110
XRD	2019.0	1451.0	217	1
1838	1634	1844	1307	2027	1351	2369	1514
EDA	1325.0	860.0	280	1
1367	785	1102	689	1312	958	1521	1008
YUW	1802.0	2104.0	213	1
1875	1941	1657	1924	1929	2245	1749	2309
KHX	2397.0	622.0	265	1
2125	688	2450	682	2333	581	2683	540
UGS	1794.0	1596.0	382	1
1594	1787	1933	1273	2067	1678	1584	1648
VZK	1137.0	1953.0	385	1
1202	2083	999	1775	1287	1784	1062	2172
VBO	1244.0	2005.0	496	1
1521	2212	1325	1750	1024	1823	1107	2238
XRF	2014.0	1774.0	494	1
1855	1806	2067	1423	1950	1885	2185	1985
YJN	1275.0	1610.0	218	1
1114	1665	1566	1437	1067	1549	1354	1792
SOD	624.0	1512.0	422	1
955	1773	495	1459	557	1444	491	1375
POO	763.0	2356.0	375	1
962	2523	710	2405	855	2301	527	2198
ABP	443.0	2114.0	331	1
374	2015	313	2238	632	2279	453	1927
AVC	1777.0	1154.0	220	1
1614	1082	2035	1142	1765	1212	1695	1182
RSK	1588.0	422.0	210	1
1384	657	1426	321	1871	403	1673	309
CJJ	1165.0	929.0	252	1
989	919	1197	959	1446	782	1028	1058
CQY	1435.0	1988.0	230	1
1505	1868	1203	2156	1584	2074	1451	1854
WFL	1228.0	2066.0	470	1
1433	2268	1268	2132	878	1949	1333	1917
CGR	725.0	1989.0	384	1
768	2001	676	2095	679	1700	777	2162
RXB	824.0	1790.0	376	1
1069	2019	615	1612	963	1508	649	2024
LZS	975.0	1029.0	284	1
1035	826	1306	1082	771	1203	790	1008
FDY	1771.0	951.0	372	1
1532	846	1881	708	1632	1133	2041	1120
RXN	1851.0	435.0	334	1
2206	617	1802	299	1703	667	1694	160
GUW	1297.0	1892.0	296	1
1270	1934	1295	2007	1344	1634	1280	1994
MDY	2290.0	2124.0	419	1
2201	2063	2311	2075	2068	2137	2580	2224
YZH	2128.0	2017.0	495	1
1941	1727	1992	2024	2346	2105	2234	2213
WIW	862.0	1598.0	441	1
694	1605	1023	1548	964	1706	768	1534
KHM	704.0	540.0	266	1
564	533	642	763	732	443	881	424
