ACJ	1218.0	885.0	232	1
1322	891	1014	995	1456	878	1083	776
JSE	2116.0	1135.0	318	1
2104	1289	2139	953	2046	1054	2175	1244
HRP	485.0	666.0	259	1
457	819	260	526	742	579	484	740
GAM	1297.0	385.0	336	1
1496	528	1302	454	1322	396	1068	165
LEX	1083.0	2154.0	365	1
1327	2245	1007	2007	1002	2288	997	2076
SZN	1185.0	1778.0	200	1
895	1579	1236	1844	1246	1751	1363	1938
MRW	579.0	1833.0	444	1
787	1772	434	1758	539	2166	556	1636
IKK	1826.0	410.0	427	1
1813	450	1844	124	1929	682	1719	385
XWS	2248.0	2097.0	292	1
2122	2092	2158	1970	2333	2251	2382	2078
TNC	1455.0	1640.0	220	1
1245	1409	1496	1607	1549	1711	1532	1833
IQP	1551.0	2156.0	242	1
1401	2134	1753	2041	1565	2200	1485	2250
FFD	2176.0	584.0	391	1
2354	510	2086	451	2283	433	1982	944
KGL	1576.0	641.0	365	1
1544	573	1497	687	1654	648	1609	656
RHP	1944.0	1144.0	209	1
2029	1320	2141	1025	1615	1200	1993	1031
CLF	1001.0	1616.0	231	1
985	1742	1066	1278	938	1657	1017	1789
ITD	2271.0	2107.0	339	1
2192	1821	2420	2207	1985	2295	2487	2106
PDW	982.0	1167.0	352	1
822	1250	1101	1395	780	1023	1228	1002
LLY	1702.0	1055.0	340	1
1716	1120	1604	1165	1770	1179	1721	757
GLG	1760.0	1801.0	481	1
1489	1823	1885	1582	1685	1938	1982	1864
NHW	655.0	1256.0	287	1
544	1181	538	1488	941	1141	599	1217
YNG	2312.0	1239.0	485	1
2101	1075	2140	1419	2503	1050	2506	1414
DAO	1073.0	1836.0	495	1
1189	1979	1340	1647	795	1751	970	1969
CIO	1656.0	795.0	304	1
1563	662	1495	949	1588	783	1980	789
MKF	1330.0	1578.0	257	1
1541	1782	1462	1670	1198	1558	1122	1304
RFU	2266.0	529.0	235	1
2274	620	2195	488	2343	400	2255	608
QJC	1769.0	770.0	377	1
1882	594	1665	747	1798	812	1732	928
KTA	2153.0	1059.0	412	1
2414	882	2099	1250	2228	1080	1872	1024
FLS	1008.0	1612.0	381	1
1347	1446	884	1786	988	1570	814	1649
BYK	2017.0	1660.0	457	1
2037	1848	1790	1803	1896	1671	2346	1319
VVT	1459.0	1067.0	375	1
1293	1095	1627	966	1702	1325	1216	883
OGW	2250.0	1536.0	486	1
2261	1732	2519	1651	1991	1427	2232	1337
SUK	1068.0	2020.0	429	1
1322	1968	916	2011	1016	1924	1018	2177
YCZ	1671.0	829.0	482	1
1808	1150	1535	616	1848	766	1495	784
TDM	1594.0	1181.0	438	1
1756	1144	1363	1185	1350	1331	1908	1065
OTN	1360.0	1107.0	477	1
1277	1205	1515	924	1298	1024	1352	1275
SLG	961.0	686.0	425	1
1027	923	851	429	802	482	1164	911
VZY	531.0	1435.0	446	1
269	1608	474	1257	667	1507	715	1371
QNJ	2045.0	1758.0	351	1
2268	1984	1857	1635	1941	1904	2115	1512
PZD	2263.0	1415.0	450	1
2131	1392	2501	1439	2083	1203	2337	1629
PPP	1395.0	1579.0	286	1
1414	1769	1384	1425	1402	1406	1381	1719
WRZ	1543.0	1842.0	471	1
1692	1849	1358	1787	1456	1747	1669	1985
TMN	1264.0	1054.0	245	1
1127	1006	1186	1068	1303	1249	1443	893
UIQ	1587.0	545.0	296	1
1802	280	1372	745	1476	592	1699	565
OKR	419.0	887.0	470	1
203	910	761	612	191	1132	523	896
OLY	724.0	620.0	279	1
545	433	618	551	695	784	1039	714
PFE	2088.0	2311.0	343	1
2006	2205	2191	2446	2003	2095	2153	2500
AYF	981.0	1725.0	475	1
1015	1703	844	1710	945	1556	1123	1931
SKG	1119.0	2414.0	403	1
987	2339	945	2429	1428	2557	1116	2331
KHR	1575.0	1031.0	222	1
1788	1111	1821	949	1338	951	1356	1113
FBM	1306.0	1502.0	414	1
1261	1358	1234	1554	1456	1573	1275	1526
