DKS	1024.0	463.0	267	1
1154	331	1012	286	1096	653	837	582
BGH	2254.0	2090.0	261	1
2393	2027	2209	2121	2404	2209	2012	2005
UZN	1992.0	1744.0	309	1
2173	2022	2119	1727	1821	1570	1857	1657
WSQ	997.0	2364.0	263	1
887	2214	1116	2538	1060	2103	925	2602
PFD	1756.0	2297.0	318	1
1999	2059	1864	2343	1584	2355	1577	2431
GUU	1804.0	2255.0	233	1
1685	2116	1817	2292	1996	2178	1719	2437
BMU	2077.0	1253.0	305	1
2269	1343	1839	1112	2216	1171	1986	1389
RIX	1519.0	708.0	201	1
1775	758	1461	723	1341	735	1502	618
WPO	1784.0	1841.0	494	1
1731	1699	1589	2085	1852	1642	1964	1939
SLW	2123.0	1571.0	311	1
2114	1742	2214	1760	1993	1377	2171	1407
YXL	2113.0	2064.0	429	1
2350	2037	2401	2068	1872	2134	1832	2018
EZW	1856.0	2192.0	446	1
1692	2227	1628	2251	2083	1953	2023	2339
IBZ	1059.0	1748.0	442	1
1087	1586	1006	1864	1142	1534	1002	2010
ZRH	1977.0	2183.0	315	1
1900	2443	1922	2053	1914	2048	2173	2191
WDO	2253.0	2606.0	480	1
2188	2542	2161	2514	2278	2692	2388	2677
SUX	828.0	2306.0	261	1
901	2343	846	2380	913	2247	653	2256
UVC	1331.0	2327.0	398	1
1396	2103	1366	2513	1465	2302	1100	2392
ADQ	727.0	1435.0	381	1
653	1417	790	1496	724	1505	743	1322
RUE	1614.0	1493.0	201	1
1719	1602	1680	1754	1788	1289	1270	1327
OVD	1763.0	504.0	306	1
1641	510	1988	808	1592	346	1832	354
AJM	1058.0	2371.0	366	1
1034	2301	900	2400	1203	2344	1095	2441
YNM	1307.0	1720.0	376	1
1557	1515	1335	1859	1248	1986	1089	1520
VUO	1093.0	2245.0	292	1
871	2132	995	2225	1113	2395	1394	2228
RQM	339.0	2392.0	466	1
485	2276	379	2417	221	2587	274	2291
HXW	379.0	2056.0	300	1
616	1988	404	1887	271	2291	225	2061
TJK	1532.0	1169.0	323	1
1376	1370	1505	937	1738	1437	1510	935
COO	942.0	657.0	225	1
702	450	795	586	1097	811	1176	782
MSU	2079.0	1055.0	227	1
2320	726	1797	1052	2119	1137	2080	1305
LOF	484.0	1483.0	368	1
673	1679	272	1595	484	1438	509	1221
ZSY	1726.0	2099.0	255	1
1862	2151	1826	2198	1576	2038	1640	2010
HYR	1758.0	529.0	275	1
1725	669	1658	327	1632	594	2020	528
CIM	738.0	1076.0	418	1
885	797	727	1055	704	1363	636	1092
EAR	959.0	1521.0	487	1
719	1763	1276	1240	842	1573	1002	1509
YBW	2269.0	902.0	249	1
2574	1084	2261	897	2096	1046	2146	584
JQU	1230.0	1169.0	269	1
1430	1236	1079	1226	1269	1036	1142	1178
YCG	2338.0	519.0	381	1
2245	459	2140	577	2504	474	2465	569
LVC	2074.0	2075.0	375	1
2316	2160	1989	2112	1976	2011	2017	2019
MFY	835.0	945.0	226	1
1016	951	638	855	856	1039	831	937
DIB	1672.0	1168.0	293	1
1616	1226	1707	1349	1654	1090	1711	1010
BZO	1782.0	1433.0	375	1
1833	1262	1422	1696	1958	1373	1916	1404
WWJ	829.0	1563.0	417	1
795	1897	708	1390	947	1442	868	1525
AKO	1445.0	883.0	222	1
1213	1027	1465	734	1513	1009	1592	764
PFS	1965.0	352.0	431	1
1761	364	2022	348	2282	294	1798	404
DRE	722.0	2071.0	207	1
675	2311	1032	1932	605	1924	577	2117
MTQ	1627.0	2071.0	460	1
1607	2083	1776	1750	1560	2220	1565	2232
KLU	1878.0	2334.0	426	1
1903	2528	2030	2172	1532	2351	2047	2287
YFH	1407.0	1851.0	212	1
1324	1943	1504	1783	1141	1993	1662	1685
NMP	737.0	1481.0	208	1
818	1396	553	1398	763	1711	817	1419
XXD	562.0	1981.0	416	1
828	1905	426	2224	567	1937	427	1861
OTD	2131.0	2496.0	215	1
2088	2493	1992	2415	2138	2432	2308	2646
