NXF	903.0	1421.0	198	1
790	1590	1147	1134	768	1564	910	1399
BIM	707.0	1452.0	202	1
670	1662	564	1410	821	1249	775	1490
MQY	774.0	439.0	297	1
776	529	819	407	644	177	859	646
MCO	2144.0	1337.0	197	1
2340	1267	1980	1306	2139	1298	2117	1480
RZV	2378.0	1818.0	7	1
2451	1765	2243	1748	2319	1904	2499	1855
UKK	1714.0	850.0	156	1
1593	808	1851	623	1701	1092	1714	879
IXN	2327.0	1915.0	237	1
2344	1902	2474	1972	2179	1933	2311	1856
BUV	1236.0	1882.0	48	1
1128	1664	1596	1838	1044	2014	1176	2014
CTV	363.0	1712.0	12	1
267	1979	282	1483	365	1433	540	1954
ROR	1385.0	1670.0	106	1
1324	1852	1141	1774	1505	1392	1573	1665
VKA	1252.0	939.0	77	1
1578	1183	1062	841	1239	840	1132	895
XKU	587.0	1604.0	20	1
611	1603	569	1635	394	1505	776	1676
DDN	2003.0	1452.0	221	1
2105	1283	2055	1659	1820	1430	2035	1437
UFU	2010.0	1118.0	161	1
2017	1150	1914	1361	1935	1008	2176	956
FXG	1777.0	1002.0	69	1
1618	753	1715	1102	1851	1191	1924	963
CPY	1355.0	2170.0	246	1
1092	1944	1594	1963	1383	2505	1351	2271
EYA	1304.0	1660.0	64	1
1427	1394	1313	1873	1155	1685	1321	1690
EQX	1082.0	2309.0	138	1
1048	2363	1034	2420	1119	1962	1130	2494
UTV	923.0	1389.0	187	1
876	1467	817	1444	899	1466	1103	1181
IZJ	1765.0	1973.0	58	1
1747	2107	1801	1785	1846	1918	1669	2082
BOF	2288.0	2113.0	211	1
2277	2086	2433	2344	2185	1975	2258	2047
LPP	1280.0	906.0	193	1
1412	656	1229	719	1276	1125	1203	1124
ROE	1052.0	1974.0	262	1
858	2038	962	1955	1207	1984	1182	1919
SRE	998.0	2141.0	108	1
754	2185	1106	2190	1028	2080	1106	2109
ROJ	1463.0	1631.0	23	1
1450	1559	1444	1729	1604	1536	1357	1701
XDP	2143.0	1730.0	58	1
2081	1818	2365	1691	2304	1468	1825	1945
ZBW	804.0	1570.0	29	1
718	1339	642	1716	801	1466	1056	1761
RUQ	1494.0	2479.0	209	1
1464	2284	1558	2456	1559	2557	1396	2622
THZ	1017.0	959.0	152	1
936	882	1041	835	832	979	1262	1143
GJW	424.0	1390.0	91	1
625	1241	162	1307	403	1501	507	1512
LVS	1130.0	1552.0	258	1
911	1421	1059	1296	1248	1747	1305	1747
XLV	773.0	1218.0	273	1
975	1251	625	933	525	1314	970	1375
MUO	1608.0	1930.0	174	1
1695	1927	1604	2032	1755	1941	1381	1820
EBD	439.0	1483.0	87	1
224	1545	543	1407	646	1539	346	1441
TTH	776.0	657.0	121	1
743	497	886	749	813	926	664	456
YQI	954.0	425.0	236	1
818	235	920	259	1045	507	1033	699
RBX	2055.0	1024.0	174	1
2078	1176	2140	732	1997	1195	2006	995
PAA	1239.0	758.0	139	1
1110	782	1434	463	1101	829	1313	958
ULG	547.0	1995.0	183	1
448	1883	793	2155	621	1724	329	2221
MQD	385.0	549.0	110	1
399	561	461	494	454	706	226	438
QTD	866.0	1650.0	117	1
917	1625	808	1738	908	1606	832	1633
XES	1150.0	966.0	161	1
1045	980	1267	776	1007	1191	1284	917
BTH	1486.0	1000.0	277	1
1561	1025	1331	878	1594	1127	1460	973
NRN	640.0	1212.0	184	1
815	1081	619	1447	548	1356	578	967
OCT	2102.0	1513.0	297	1
2356	1605	1955	1282	2075	1860	2023	1307
UTJ	1998.0	1117.0	216	1
2115	1474	2102	1027	1615	980	2163	988
QHU	609.0	1358.0	11	1
612	1107	531	1215	575	1550	718	1562
OZJ	1460.0	1318.0	193	1
1645	1491	1316	1480	1482	1120	1399	1182
ZUI	465.0	1375.0	66	1
323	1230	689	1689	294	1382	554	1202
OLR	1015.0	1683.0	153	1
821	1661	991	1598	1293	1697	958	1777
