EXP	1404.0	418.0	246	1
1243	766	1678	344	1395	320	1302	244
LZD	610.0	1787.0	228	1
731	1580	385	1866	416	1777	908	1925
BOV	640.0	1765.0	99	1
674	1995	569	1436	706	1758	614	1874
KJS	2402.0	1699.0	83	1
2176	1969	2431	1769	2553	1568	2451	1491
KGM	1568.0	1937.0	79	1
1433	1798	1752	1898	1447	2155	1641	1900
PJF	1017.0	2208.0	44	1
928	2206	973	2340	1062	1869	1108	2419
SAY	927.0	1011.0	143	1
907	1075	856	1076	1027	1035	918	859
PTK	944.0	1038.0	86	1
952	860	1149	976	714	1146	964	1170
ZRL	2135.0	2312.0	267	1
1988	2304	2096	2489	2358	2259	2100	2198
EAF	1528.0	442.0	120	1
1504	675	1616	285	1534	423	1460	386
WDO	850.0	1405.0	124	1
1007	1300	687	1590	706	1509	1002	1223
IXR	701.0	1352.0	163	1
592	1456	623	1353	771	1198	821	1402
NNA	1404.0	2216.0	67	1
1275	2012	1653	2413	1068	2009	1623	2433
DPQ	2306.0	1657.0	69	1
2232	1561	2357	1676	2461	1770	2177	1624
VDE	554.0	1684.0	171	1
632	1749	577	1503	591	1657	418	1827
SCG	2169.0	1673.0	200	1
2022	1546	2384	1884	2367	1646	1903	1616
QZU	853.0	1750.0	52	1
809	1513	1007	1909	800	1848	797	1731
VFZ	1431.0	1482.0	227	1
1479	1446	1577	1440	1258	1532	1412	1512
BDX	2052.0	1356.0	31	1
2092	1536	2305	1506	1852	966	1960	1418
XDP	744.0	829.0	254	1
778	503	910	971	617	856	673	987
EFW	1749.0	1644.0	99	1
1629	1353	1655	1829	1901	1822	1813	1573
HRV	1618.0	449.0	132	1
1727	530	1480	428	1467	347	1801	491
HRE	849.0	748.0	253	1
775	813	654	732	947	562	1021	885
OTN	476.0	902.0	8	1
678	942	230	820	521	1140	476	708
NAG	853.0	822.0	69	1
952	610	919	801	719	1101	823	776
YSE	1139.0	1192.0	196	1
1265	1069	1073	1359	941	1224	1278	1119
JIE	604.0	1511.0	265	1
653	1449	468	1289	777	1606	518	1703
HJW	2051.0	850.0	100	1
1929	1067	2113	761	1926	777	2238	795
XKQ	506.0	566.0	6	1
762	453	361	526	485	623	418	663
NNN	998.0	1319.0	286	1
968	1484	913	1229	905	1446	1206	1119
YLV	556.0	1419.0	189	1
599	1523	560	1161	339	1435	728	1560
DRN	499.0	728.0	180	1
773	819	381	910	452	506	393	678
VEF	1443.0	1150.0	243	1
1240	1422	1634	877	1259	1220	1641	1084
WWS	401.0	1064.0	259	1
552	897	203	1003	182	1007	669	1349
XHX	2067.0	1404.0	170	1
2149	1517	2084	1147	2187	1486	1849	1467
YIP	2092.0	931.0	284	1
1769	1031	2223	847	2292	814	2087	1034
WZM	1557.0	689.0	168	1
1360	747	1705	569	1621	743	1545	698
YCL	1784.0	2325.0	148	1
1649	2268	1643	2241	1800	2246	2047	2547
QRS	560.0	733.0	189	1
614	496	729	923	611	675	288	839
NAD	1697.0	1805.0	146	1
1603	1877	1668	1651	1861	1799	1659	1893
CRU	2283.0	1285.0	52	1
2121	1104	2106	1450	2376	1309	2531	1280
QWG	672.0	1932.0	154	1
417	2002	667	1883	703	1832	902	2013
SWC	564.0	2085.0	214	1
528	1841	360	1966	618	2261	752	2274
JOF	831.0	2195.0	261	1
678	2132	1074	2228	859	2453	716	1968
SLT	1413.0	1345.0	38	1
1343	1236	1305	1422	1389	1273	1615	1449
CBS	1708.0	1186.0	31	1
1797	1211	1581	1136	1519	1007	1935	1393
OKA	2204.0	2053.0	126	1
2434	1920	2047	1977	1983	2129	2353	2189
IHW	757.0	1196.0	50	1
869	1010	495	1144	777	1287	890	1346
RDV	802.0	734.0	271	1
828	824	777	734	575	760	1031	621
BUA	1273.0	633.0	101	1
1171	757	1144	575	1456	520	1321	681
