PFP	1980.0	2157.0	42	1
2261	2139	1900	1922	1846	2212	1914	2358
IPS	1655.0	1523.0	138	1
1754	1746	1485	1308	1657	1633	1726	1405
YGE	1412.0	930.0	218	1
1126	996	1444	918	1435	873	1646	935
FXE	1420.0	1185.0	169	1
1303	1081	1508	1127	1290	1365	1581	1169
SHD	1734.0	785.0	47	1
1611	613	1792	634	1831	967	1702	927
FSD	1440.0	562.0	48	1
1370	564	1266	609	1452	675	1672	400
ZWD	1611.0	1515.0	197	1
1333	1534	1619	1467	1749	1730	1743	1330
BHK	2244.0	1655.0	178	1
2529	1740	2150	1548	2134	1673	2164	1662
ZHA	1505.0	1030.0	117	1
1455	1041	1480	928	1357	1196	1731	955
ITO	524.0	1656.0	100	1
756	1629	411	1706	591	1565	341	1727
QRR	2204.0	2051.0	124	1
2537	2024	2203	2374	2069	1963	2010	1845
NAM	2300.0	1085.0	113	1
2303	1032	2324	1099	2235	1106	2338	1104
RDJ	914.0	986.0	75	1
973	1210	750	1189	988	721	947	826
ZYQ	2084.0	1112.0	148	1
2152	898	2018	1151	2025	1188	2142	1213
LRI	1790.0	2080.0	264	1
1801	1838	1630	2099	2052	2082	1678	2302
XTI	1898.0	360.0	226	1
1653	240	1670	403	2054	232	2217	566
JPW	1083.0	1726.0	239	1
1349	1544	1063	1769	1010	1807	910	1785
PTT	2174.0	1053.0	86	1
2367	1299	2095	1115	1846	924	2388	874
THC	1788.0	1559.0	268	1
1831	1766	1546	1662	1881	1301	1896	1507
NBW	748.0	1037.0	41	1
657	1178	958	1279	511	820	869	872
RJX	542.0	1701.0	193	1
502	1943	544	1582	421	1871	703	1409
FXB	1746.0	1854.0	172	1
1709	1793	1733	1672	1671	2018	1873	1936
GJC	1347.0	2169.0	242	1
1355	2273	1164	2273	1376	1934	1495	2199
SVL	2218.0	919.0	69	1
2268	1183	2315	785	2087	883	2203	826
UAH	1753.0	1362.0	55	1
1962	1440	1464	1484	1900	1516	1688	1009
KAZ	346.0	1857.0	8	1
291	1664	134	1948	598	1965	364	1851
MHT	1072.0	2158.0	26	1
1041	2103	1182	2368	1159	2220	906	1943
FHL	1579.0	2287.0	251	1
1612	2525	1675	2316	1623	2302	1406	2006
GCH	916.0	377.0	7	1
792	589	1090	268	839	280	944	373
XHW	800.0	2111.0	281	1
898	2284	614	1836	870	1995	819	2329
JEK	943.0	1557.0	291	1
764	1368	1018	1412	1207	1892	785	1558
QNG	1863.0	390.0	153	1
1697	305	2023	505	1968	378	1764	374
YUH	1565.0	898.0	163	1
1759	1155	1510	836	1614	820	1380	783
TXG	2438.0	2330.0	79	1
2517	2181	2557	2528	2177	2543	2502	2071
TLI	506.0	1935.0	148	1
640	2028	370	1801	539	1864	475	2049
DWA	1214.0	801.0	37	1
1191	658	1185	1054	1122	728	1358	765
KDF	2314.0	1921.0	44	1
2278	1745	2195	2143	2289	1785	2497	2013
FJD	1441.0	1662.0	266	1
1512	1709	1440	1771	1259	1487	1556	1683
ZLV	548.0	1824.0	283	1
497	2120	698	1576	255	1687	742	1915
EDX	1697.0	1668.0	256	1
1659	1672	1522	1643	1801	1826	1808	1533
WGP	506.0	2374.0	243	1
544	2368	423	2098	340	2641	717	2390
NHK	1985.0	1696.0	293	1
1809	1504	2176	1836	1946	1818	2012	1629
PRW	1348.0	735.0	28	1
1441	726	1239	867	1368	615	1344	735
CWH	1817.0	795.0	36	1
1864	949	1914	1017	1761	777	1731	437
HKM	1894.0	2084.0	134	1
1946	2027	1918	1906	1809	2128	1905	2277
JEV	818.0	2347.0	254	1
780	2178	860	2421	546	2334	1087	2457
GEN	1403.0	1478.0	104	1
1575	1575	1315	1258	1258	1376	1466	1703
PND	2499.0	1524.0	256	1
2521	1716	2348	1769	2559	1349	2569	1262
CGU	1156.0	1754.0	155	1
1089	1851	1042	1785	1037	1460	1457	1921
OMF	1105.0	1588.0	41	1
1184	1554	1128	1562	1039	1564	1069	1675
