QAD	1601.0	705.0	471	1
1622	595	1871	771	1491	559	1422	896
GBP	1461.0	1737.0	324	1
1360	1537	1528	1902	1531	1977	1427	1534
FPY	1185.0	2275.0	209	1
1101	2425	1401	2127	1214	2353	1025	2195
TXV	2140.0	1202.0	253	1
2049	1378	2299	1264	2231	1178	1981	990
YCA	1762.0	979.0	430	1
1773	1084	1570	1040	1636	793	2070	1002
JEE	1386.0	1451.0	471	1
1279	1320	1514	1785	1421	1464	1332	1238
YCW	1427.0	806.0	471	1
1634	779	1496	761	1287	701	1292	985
EYR	2245.0	468.0	299	1
2187	285	2234	338	2206	669	2354	580
JZX	472.0	1764.0	203	1
696	1649	421	1860	382	1908	392	1640
FKK	1078.0	1002.0	442	1
922	982	874	1184	1150	882	1368	962
HJV	1802.0	1807.0	438	1
1930	2078	1797	1609	1931	1552	1553	1991
GVN	1197.0	580.0	327	1
1392	651	1325	325	823	733	1249	611
GGR	1548.0	1593.0	407	1
1411	1346	1836	1749	1625	1429	1322	1848
PTE	494.0	512.0	310	1
751	433	603	835	237	394	385	389
CJI	1829.0	1275.0	214	1
2093	1500	1839	1047	1776	1019	1611	1537
CRE	402.0	1826.0	407	1
273	1921	539	1717	295	1765	503	1903
VNF	1554.0	2079.0	494	1
1573	1849	1415	2414	1504	1988	1727	2068
XBS	1888.0	1022.0	456	1
1822	890	1912	948	1993	1095	1826	1157
CCF	1628.0	1758.0	385	1
1857	1699	1584	1752	1578	1778	1493	1806
RWR	298.0	1413.0	249	1
441	1331	311	1556	293	1383	149	1385
QAF	1978.0	1899.0	409	1
1976	2014	2122	1850	1938	1984	1877	1750
QDJ	2277.0	1716.0	454	1
2271	1659	2226	1801	2085	1855	2526	1549
EZA	2125.0	1584.0	411	1
2311	1424	2206	1630	1989	1751	1995	1534
DNJ	2097.0	1888.0	453	1
2172	1679	2226	1993	2136	1793	1854	2088
HRJ	2132.0	1268.0	417	1
2384	1301	2139	1461	1830	1294	2176	1019
QBG	2364.0	2184.0	258	1
2338	2026	2316	2267	2301	2241	2504	2202
MGD	1314.0	1695.0	306	1
1481	1815	1292	1900	1039	1660	1447	1407
KOZ	662.0	1528.0	231	1
611	1299	668	1800	737	1575	634	1438
BHM	986.0	2475.0	306	1
1143	2331	867	2312	998	2674	939	2584
UMW	1576.0	2196.0	361	1
1523	2037	1743	2429	1375	2082	1664	2238
RGD	1828.0	825.0	262	1
1620	858	1953	819	1817	935	1923	688
RIS	2471.0	2154.0	396	1
2597	2366	2657	2219	2253	1810	2380	2222
YNI	2137.0	1804.0	491	1
2102	1789	2114	2007	2212	1672	2121	1751
AOE	846.0	1505.0	279	1
801	1473	731	1604	1062	1711	790	1234
WAF	1279.0	534.0	294	1
1500	547	1174	615	1275	458	1169	517
XXJ	2024.0	924.0	388	1
1805	924	1937	971	2160	993	2196	810
LLR	1540.0	706.0	344	1
1804	492	1481	801	1435	674	1442	859
DSO	1708.0	402.0	463	1
1498	365	1628	623	1755	361	1954	261
XKJ	2152.0	897.0	230	1
1937	738	1981	1079	2377	774	2313	999
EZA	1272.0	2091.0	210	1
1458	2315	1154	1973	1314	2147	1163	1929
OBE	1116.0	408.0	491	1
1090	338	1000	521	998	448	1378	327
CXK	1332.0	1668.0	436	1
1677	1756	1179	1989	1214	1482	1258	1448
IHE	942.0	909.0	486	1
924	1055	754	1046	1113	897	979	641
BAU	781.0	1928.0	237	1
757	1989	907	1979	795	2076	666	1670
OSP	1743.0	702.0	329	1
1890	639	1884	551	1756	923	1443	697
TNI	1830.0	1498.0	446	1
1596	1319	1877	1371	2063	1668	1787	1636
ETB	1070.0	743.0	366	1
1114	447	1107	937	1055	799	1007	789
TVI	420.0	2460.0	451	1
736	2625	257	2369	410	2381	278	2468
IAW	1630.0	734.0	255	1
1655	773	1762	641	1616	819	1490	703
QYZ	1530.0	1855.0	403	1
1546	1893	1848	1706	1357	1840	1370	1982
