CWK	1489.0	1853.0	266	1
1657	1911	1357	2023	1227	1527	1718	1951
NLX	2266.0	1539.0	47	1
2135	1450	2074	1439	2443	1654	2412	1614
GLW	1669.0	952.0	83	1
1712	1120	1867	1116	1335	646	1764	926
NEK	1335.0	481.0	227	1
1080	373	1597	703	1510	483	1154	368
WFE	1793.0	1692.0	47	1
1942	1774	1716	1639	1583	1527	1932	1830
FAJ	1333.0	2269.0	190	1
1235	2198	1486	2091	1369	2395	1244	2394
ATF	1231.0	1308.0	180	1
1118	1422	1346	1004	1238	1296	1224	1511
MKI	1487.0	324.0	15	1
1381	386	1571	236	1678	349	1319	328
FWQ	2384.0	1490.0	95	1
2507	1302	2204	1674	2476	1626	2352	1361
VIH	1869.0	1273.0	179	1
2062	1492	1733	1394	1756	1154	1928	1052
SOJ	2079.0	2463.0	272	1
2291	2180	1930	2510	2154	2567	1944	2596
XII	932.0	2211.0	247	1
1276	2206	805	2263	747	2394	900	1984
CKB	1087.0	690.0	280	1
1238	740	867	857	1195	642	1051	522
NOA	532.0	1537.0	240	1
526	1736	546	1609	491	1369	568	1437
YBW	1050.0	1848.0	243	1
1059	1694	973	1797	1079	1994	1089	1908
ASO	1182.0	1672.0	284	1
1169	1421	1028	1793	1340	1971	1193	1505
BJA	1158.0	2058.0	40	1
1240	2243	1010	2096	1030	1961	1354	1935
ASX	2333.0	1028.0	73	1
2561	1000	2421	802	2025	1146	2326	1166
PEQ	1748.0	1336.0	95	1
1847	1288	1869	1299	1514	1599	1763	1161
VSV	1960.0	753.0	52	1
1978	901	2197	668	2035	854	1633	591
WVO	654.0	1359.0	111	1
812	1344	609	1541	700	1046	495	1508
NDM	1240.0	1759.0	213	1
920	1513	1397	1781	1344	1879	1299	1863
EJA	797.0	889.0	221	1
812	673	623	1081	986	845	767	959
ZIK	1910.0	2114.0	239	1
1844	2328	1834	2175	1887	2190	2075	1764
IUC	2045.0	634.0	25	1
2108	480	2183	835	1999	412	1892	812
QZV	893.0	1324.0	75	1
1289	1052	745	1390	766	1436	772	1420
WAD	1935.0	558.0	84	1
2194	556	1736	314	2092	715	1718	648
JJZ	993.0	1608.0	149	1
1069	1571	800	1597	1012	1800	1094	1466
GKO	2151.0	632.0	183	1
2269	314	1920	711	2383	849	2033	655
ESO	580.0	603.0	32	1
398	603	476	596	704	585	744	628
HST	377.0	1802.0	55	1
310	1974	249	1650	629	2042	320	1543
YUH	729.0	448.0	136	1
632	437	559	549	844	179	884	627
CGJ	1570.0	1397.0	54	1
1800	1535	1259	1427	1753	1336	1470	1290
SVO	1777.0	1781.0	287	1
1707	1736	1739	1815	1875	1850	1790	1723
WNS	847.0	1164.0	181	1
769	1060	1061	1419	855	1105	703	1073
YCN	1860.0	2259.0	166	1
1713	2436	1661	2165	2102	2121	1966	2315
KQS	948.0	934.0	271	1
687	919	1188	779	1101	1015	819	1023
XHV	1688.0	2216.0	114	1
1646	2080	1639	2182	1759	2100	1708	2502
IOK	1341.0	2046.0	154	1
1546	1984	1013	1926	1473	2192	1334	2083
WPJ	916.0	649.0	84	1
1041	311	996	747	718	785	909	755
ZOO	1114.0	1949.0	93	1
1071	2032	1292	1999	972	2143	1122	1625
CLS	1277.0	1040.0	159	1
1166	1066	1216	1037	1260	1050	1466	1010
DAP	2145.0	789.0	85	1
2293	1050	1945	1059	2019	567	2324	481
GRM	1651.0	1620.0	14	1
1667	1748	1303	1889	1846	1533	1791	1313
VSJ	579.0	2389.0	14	1
600	2360	376	2386	653	2476	687	2337
IQR	1466.0	396.0	116	1
1363	614	1652	455	1129	289	1720	229
ZSV	2009.0	1632.0	222	1
1867	1446	2034	1660	1849	1643	2287	1780
TLD	985.0	1416.0	80	1
948	1323	1113	1578	933	1316	947	1448
DQU	2316.0	474.0	28	1
2483	445	2296	316	2501	774	1986	362
ARH	1870.0	2291.0	215	1
1852	2008	2073	2459	1953	2331	1605	2366
