BXI	2152.0	1637.0	206	1
1962	1389	2070	1751	2376	1724	2203	1684
BIS	832.0	1746.0	37	1
658	1758	557	1827	1095	1832	1019	1570
DIV	957.0	407.0	151	1
672	341	996	436	1056	416	1104	437
CJX	2158.0	823.0	282	1
2138	843	2388	826	2184	1046	1924	578
BPF	1314.0	990.0	127	1
1337	1113	1066	958	1638	951	1217	939
PYU	1259.0	966.0	78	1
1404	1108	1268	780	974	888	1390	1088
CIV	1225.0	1069.0	48	1
1334	1043	935	1344	1429	958	1202	933
ERG	1159.0	910.0	101	1
1469	989	1223	949	922	997	1022	705
AFT	2131.0	1712.0	293	1
2117	1971	1946	1830	2324	1514	2138	1535
URD	1942.0	1502.0	108	1
1875	1699	1794	1320	2035	1479	2067	1510
XXC	1407.0	1261.0	25	1
1506	1586	1171	1293	1509	1081	1442	1086
HYY	2332.0	1957.0	169	1
2319	2024	2484	1824	2075	1914	2453	2068
GHR	720.0	2027.0	131	1
868	2090	602	1774	674	2177	737	2070
MRK	1940.0	2172.0	61	1
2205	2063	1821	2201	2010	2244	1727	2182
IPR	889.0	2136.0	233	1
1055	2213	814	2043	710	2108	978	2182
ZZF	2294.0	777.0	75	1
2572	692	2072	866	2091	767	2442	786
PLK	1058.0	1606.0	4	1
1221	1742	1021	1481	1156	1501	837	1702
LQF	370.0	792.0	132	1
433	897	584	872	133	596	332	806
KHU	1256.0	1275.0	253	1
1143	1213	1274	1294	1259	1186	1350	1408
RFK	976.0	364.0	204	1
1210	564	990	465	742	164	962	264
JNN	1498.0	2411.0	68	1
1407	2321	1368	2553	1415	2151	1802	2621
RXT	702.0	756.0	156	1
645	831	896	790	886	659	381	745
OWG	2425.0	1097.0	226	1
2612	1220	2469	1002	2357	977	2263	1190
JSI	621.0	418.0	222	1
670	827	885	291	474	283	458	272
EQR	529.0	866.0	192	1
732	1000	424	921	452	842	509	702
EJA	1988.0	923.0	110	1
2021	740	1871	930	2010	1008	2050	1014
FGA	1279.0	843.0	289	1
1061	923	1275	761	1302	907	1478	782
QOI	1260.0	1647.0	103	1
1241	1364	1516	1714	1355	1629	929	1882
TUH	1105.0	468.0	6	1
1011	435	1004	742	1245	339	1161	358
WYP	1933.0	2104.0	175	1
1892	2073	1964	2255	1978	2090	1901	2001
ZXE	2219.0	2534.0	60	1
2046	2378	2488	2644	2319	2649	2023	2467
FAI	783.0	2116.0	131	1
592	2043	1079	2019	691	2158	771	2247
FKV	1443.0	1811.0	45	1
1686	1920	1438	1946	1479	1834	1171	1544
BLS	962.0	1280.0	16	1
878	1291	846	1384	842	1255	1285	1190
UMZ	923.0	1614.0	132	1
1048	1674	1030	1694	643	1499	973	1591
ATW	1686.0	1517.0	245	1
1837	1666	1462	1458	1705	1403	1743	1543
KXT	883.0	2060.0	43	1
908	2160	1069	1942	894	2065	663	2074
KXP	2173.0	2182.0	75	1
2079	2328	2241	2245	2053	2160	2321	1996
HAA	1877.0	2319.0	183	1
1785	2451	1984	2272	1756	2391	1986	2164
CNG	904.0	833.0	283	1
559	696	1015	1082	992	1005	1052	552
GYD	2009.0	2293.0	148	1
2002	2120	1790	2343	2238	2297	2006	2414
GIY	1476.0	1004.0	60	1
1709	1022	1749	1378	1199	784	1248	832
KHE	1612.0	2218.0	259	1
1569	2146	1594	2487	1629	2019	1657	2222
CKX	1419.0	601.0	178	1
1601	582	1219	444	1486	466	1370	913
JYO	2264.0	1530.0	236	1
1980	1628	2470	1534	2365	1358	2243	1602
WMH	1137.0	1549.0	36	1
1269	1629	1164	1620	1168	1617	950	1332
XCQ	1640.0	1659.0	245	1
1544	1458	1864	1850	1569	1592	1586	1736
MDT	1839.0	1356.0	216	1
1684	1512	2188	1298	1619	1089	1867	1526
UHY	788.0	869.0	150	1
691	578	709	948	1080	991	673	960
VAI	2036.0	1034.0	255	1
1918	915	1966	1362	2037	866	2223	994
