LKI	991.0	1781.0	143	1
835	1889	910	1576	1109	1788	1113	1872
DFV	525.0	408.0	5	1
377	459	490	292	750	368	486	513
UWU	1299.0	1521.0	284	1
1125	1307	1608	1764	1314	1545	1152	1471
IVB	1941.0	2288.0	1	1
1973	2221	2139	2367	1819	2035	1834	2531
SRG	2165.0	1218.0	145	1
2114	1116	2045	1380	2164	972	2340	1404
QPN	728.0	1357.0	290	1
833	1343	622	1577	798	1320	661	1189
ASG	1500.0	1733.0	151	1
1538	1717	1297	1620	1672	1791	1494	1805
BAH	692.0	1525.0	50	1
522	1470	791	1533	628	1398	827	1699
QVY	944.0	566.0	105	1
983	695	1012	439	714	342	1068	789
DUN	1038.0	2153.0	1	1
1022	2188	702	2163	1202	2162	1227	2102
NUS	2459.0	339.0	279	1
2470	173	2311	658	2603	335	2454	190
PTH	1133.0	1185.0	202	1
1294	1020	1134	1431	1144	1396	962	896
UHK	429.0	664.0	37	1
251	885	519	886	232	342	717	546
BHR	541.0	992.0	67	1
703	868	360	900	429	1103	672	1099
CRU	1912.0	665.0	169	1
1862	785	2134	558	1842	805	1812	514
XGF	2067.0	868.0	148	1
2113	585	2077	1001	2275	1037	1806	851
JNY	1737.0	1184.0	222	1
1997	1102	1584	1322	1659	1014	1711	1301
GQO	1194.0	2223.0	181	1
1240	2055	1359	2344	1057	2214	1123	2279
GAB	435.0	1710.0	168	1
468	1665	621	1881	304	1831	347	1463
UDN	1485.0	1129.0	109	1
1488	967	1430	1463	1577	975	1447	1114
MOF	1891.0	1761.0	127	1
1958	1922	1733	1603	2067	1672	1807	1848
KDZ	1633.0	1852.0	49	1
1884	2056	1566	1505	1559	1887	1525	1963
MSK	816.0	1107.0	46	1
737	1260	1093	1289	649	887	786	993
DDZ	1670.0	373.0	184	1
1574	534	1758	179	1395	408	1956	372
OQU	2228.0	674.0	35	1
2196	614	1873	517	2444	686	2400	879
AJN	1913.0	1631.0	130	1
1700	1775	1919	1597	2053	1483	1981	1669
AIE	1325.0	1078.0	73	1
1462	981	1064	937	1378	1275	1397	1119
ZTV	2149.0	922.0	271	1
2177	1017	2213	549	2042	1012	2164	1112
LMF	888.0	992.0	118	1
693	855	808	993	1129	908	922	1215
SCO	1435.0	1141.0	262	1
1439	904	1485	1396	1444	1125	1373	1140
JCV	878.0	2219.0	23	1
702	2272	718	2316	832	2254	1260	2037
MJN	2057.0	2022.0	154	1
1848	2105	1961	2262	2242	1988	2180	1736
HDT	1484.0	810.0	219	1
1550	890	1452	913	1464	653	1470	786
TZC	938.0	873.0	134	1
1099	900	1023	792	1053	701	578	1101
RPQ	1027.0	1363.0	270	1
800	1090	1155	1492	1160	1512	993	1358
LAF	1770.0	2477.0	268	1
1815	2482	1530	2492	1815	2497	1923	2439
YYC	1473.0	1504.0	5	1
1653	1485	1475	1574	1401	1621	1364	1339
ZXU	2150.0	2493.0	101	1
2228	2489	2263	2638	1885	2316	2226	2531
VHR	1515.0	1869.0	200	1
1675	2048	1259	1922	1559	1792	1569	1715
XMF	897.0	1672.0	133	1
1155	1885	700	1432	731	1716	1003	1658
ROO	1963.0	1115.0	239	1
1598	1107	2133	999	2010	984	2114	1371
NBS	550.0	1774.0	275	1
371	1882	637	1798	599	1933	593	1483
ESR	840.0	1806.0	291	1
689	1968	961	1987	748	1598	965	1673
KBR	2364.0	1194.0	48	1
2560	1076	2275	1175	2049	1053	2574	1474
RCJ	2003.0	1325.0	209	1
2008	1166	2080	1525	1935	1225	1992	1385
OKG	2365.0	2064.0	108	1
2202	2223	2521	1916	2574	1826	2164	2294
ERL	2164.0	330.0	204	1
2111	315	2252	274	2266	359	2027	375
DFS	1025.0	1482.0	179	1
794	1700	1050	1285	1099	1399	1157	1545
ONP	2279.0	2259.0	70	1
2341	2440	2139	2059	2073	2204	2563	2335
OGE	543.0	1372.0	3	1
708	1189	389	1437	629	1597	446	1267
