AVA	582.0	945.0	115	1
578	787	657	1046	306	990	789	958
NMP	1290.0	313.0	255	1
1396	291	1077	292	1447	429	1242	241
PWZ	2379.0	998.0	75	1
2384	959	2327	1152	2251	787	2557	1095
SUF	1254.0	2065.0	40	1
1550	2004	1024	2346	1413	1946	1029	1964
QUK	2286.0	1894.0	280	1
2342	1821	2331	1914	2333	1993	2140	1850
XKJ	1636.0	1031.0	99	1
1529	1211	1607	1104	1680	1000	1729	810
WVE	905.0	472.0	219	1
846	462	881	403	666	638	1227	388
EZP	710.0	758.0	299	1
903	1129	682	639	619	696	639	568
ANW	1312.0	1353.0	117	1
1222	1238	1408	1284	1473	1292	1147	1601
VHO	517.0	2190.0	103	1
837	2237	365	2056	519	2175	349	2292
FCV	528.0	1067.0	18	1
492	1179	364	1343	480	856	777	890
ITN	473.0	1173.0	76	1
302	1353	405	1283	597	904	589	1153
HCY	2147.0	423.0	46	1
2218	361	2223	371	1936	269	2213	694
DVQ	781.0	1211.0	243	1
885	1439	869	1060	883	926	490	1420
SYV	859.0	1184.0	171	1
1047	1001	947	1314	669	1299	776	1125
VJI	648.0	411.0	205	1
777	494	571	308	442	332	804	511
UPJ	486.0	863.0	279	1
681	746	470	763	488	1134	308	811
MSH	444.0	1124.0	242	1
338	1144	681	1222	414	1066	343	1064
FDG	2096.0	2416.0	151	1
1968	2099	2191	2621	2147	2621	2078	2325
VMM	1072.0	974.0	243	1
976	760	999	976	1207	1090	1106	1072
EFE	2132.0	2309.0	56	1
2266	2000	1995	2301	2077	2440	2190	2496
SSC	1919.0	1175.0	226	1
1658	869	1914	1348	2049	1447	2056	1036
HNI	463.0	2313.0	188	1
313	2153	429	2530	440	2081	671	2489
HIY	1989.0	2245.0	44	1
2035	2387	1990	2188	1946	2157	1987	2248
IQM	999.0	1546.0	276	1
817	1622	1002	1478	1039	1531	1140	1553
FJE	1984.0	2195.0	105	1
1904	2417	2311	1882	1898	2390	1825	2092
CHF	1393.0	1829.0	95	1
1170	1489	1633	2007	1408	2059	1362	1761
HRA	1280.0	648.0	239	1
1235	783	1428	479	1482	622	976	711
KVD	845.0	2270.0	207	1
1010	2054	782	2157	877	2599	714	2270
QGU	1788.0	657.0	222	1
1850	515	1754	691	2020	547	1529	878
INJ	788.0	558.0	168	1
1015	831	724	257	536	423	878	724
UGM	600.0	1135.0	97	1
348	1156	826	1112	504	1165	722	1109
QIU	1118.0	2388.0	288	1
981	2330	1057	2574	1011	2067	1425	2582
LCV	1886.0	622.0	30	1
1783	583	1974	328	1860	717	1928	862
MPU	797.0	717.0	209	1
890	840	580	676	844	624	875	731
JZP	2247.0	980.0	87	1
1984	644	2111	1181	2315	1069	2581	1028
GBY	756.0	2201.0	142	1
940	2518	584	2166	904	2150	598	1970
VVL	1471.0	2059.0	88	1
1440	2279	1727	2306	1340	1726	1378	1928
WWW	1950.0	1258.0	277	1
1910	1384	1698	1114	2101	1257	2092	1278
DKV	1910.0	1501.0	172	1
2102	1644	1703	1522	2023	1227	1815	1612
IVK	814.0	1789.0	184	1
763	1853	830	2010	757	1740	907	1556
PJD	2009.0	2374.0	136	1
1822	2425	2068	2122	2060	2334	2086	2616
JGS	1853.0	1345.0	3	1
1866	1411	1714	1187	1908	1380	1924	1402
VPM	865.0	508.0	155	1
946	581	647	557	967	549	901	347
ZFH	1838.0	408.0	113	1
2053	332	1850	316	1712	382	1738	603
PSC	1046.0	1481.0	133	1
1160	1363	934	1624	952	1531	1139	1408
BTX	901.0	755.0	294	1
644	654	1017	1051	790	569	1154	749
OWK	2318.0	800.0	101	1
2149	866	2565	658	2329	871	2229	806
IVD	1642.0	2290.0	265	1
1739	2277	1598	2276	1679	2226	1553	2381
MZY	1630.0	1786.0	235	1
1816	1887	1437	1654	1439	1755	1829	1850
