LEQ	1708.0	1679.0	243	1
1640	1542	1483	1640	1819	1702	1892	1832
YHI	2464.0	709.0	411	1
2548	886	2328	473	2357	494	2625	984
PAC	2081.0	1200.0	290	1
2182	1366	1927	1114	1964	977	2254	1346
EII	1391.0	1901.0	240	1
1302	1947	1202	1861	1412	1861	1649	1935
BVJ	2113.0	1781.0	289	1
2091	1857	1827	1569	2381	1618	2156	2081
SDC	614.0	994.0	378	1
572	1209	748	921	713	975	426	871
QGG	645.0	2217.0	435	1
437	2322	825	1963	561	2039	760	2546
UPF	1689.0	2114.0	238	1
1883	2187	1631	2109	1439	2213	1804	1948
KSZ	1942.0	2189.0	345	1
1876	2379	2066	2207	2065	2293	1762	1879
RQG	997.0	1103.0	404	1
932	843	838	1286	956	1079	1262	1207
PRB	2337.0	603.0	354	1
2540	357	2091	888	2310	630	2407	539
ZPN	1564.0	643.0	247	1
1328	652	1689	776	1704	568	1537	576
AZO	2201.0	637.0	486	1
2319	561	2140	571	2254	686	2092	733
ZOE	428.0	1813.0	345	1
280	2114	632	1635	497	1724	303	1780
SSF	654.0	2087.0	287	1
490	1999	1052	2023	481	1988	596	2338
FSP	1002.0	1497.0	439	1
809	1492	1040	1513	1295	1434	866	1549
GKW	959.0	1501.0	363	1
1212	1605	1078	1303	689	1606	860	1493
BQL	281.0	1701.0	442	1
360	1422	220	1800	244	1860	303	1723
HJL	1579.0	908.0	385	1
1613	873	1677	871	1608	1139	1418	751
WQK	1978.0	1502.0	245	1
2060	1507	2052	1247	1815	1584	1988	1673
NWH	1975.0	2326.0	230	1
2019	2406	2021	2111	2100	2293	1761	2496
SLA	1309.0	1697.0	298	1
1562	1734	1168	1744	1288	1771	1218	1539
OFP	822.0	1776.0	290	1
1012	1813	816	1873	747	1497	715	1924
HSS	1787.0	1048.0	418	1
1565	1160	1869	1027	1908	813	1807	1193
PKK	918.0	2200.0	221	1
727	2104	854	2138	1069	2221	1024	2340
TXF	1521.0	1061.0	411	1
1488	825	1781	966	1464	1164	1352	1291
HYV	2207.0	1085.0	460	1
1956	1295	2315	1188	2347	1117	2211	742
AVB	681.0	2422.0	272	1
773	2566	655	2531	742	2421	556	2170
SEP	1061.0	581.0	272	1
977	535	1129	692	1021	352	1118	746
ARH	1442.0	2381.0	241	1
1624	2386	1395	2330	1277	2382	1475	2429
HQL	974.0	1306.0	438	1
1073	1235	951	1210	1074	1424	801	1357
LLZ	2387.0	2376.0	333	1
2291	2549	2522	2172	2613	2361	2123	2423
IQJ	1574.0	680.0	241	1
1324	486	1754	859	1647	876	1573	499
OVN	1897.0	627.0	323	1
1972	444	2072	432	1851	952	1693	683
FIP	516.0	1184.0	272	1
605	1215	556	1264	507	1134	396	1123
LLO	810.0	2228.0	218	1
653	2326	709	2322	1003	2080	875	2185
FVT	1237.0	1935.0	372	1
1129	2111	1405	1868	1058	1746	1359	2018
PGN	1184.0	2306.0	350	1
1029	2289	1157	2267	1314	2435	1239	2234
OGG	1766.0	1752.0	312	1
1886	1999	1906	1669	1896	1609	1379	1733
BMH	2251.0	689.0	478	1
2112	592	2278	707	2421	602	2196	858
DFR	466.0	1355.0	203	1
395	1251	633	1489	205	1506	631	1174
FZI	902.0	455.0	251	1
1054	465	720	364	805	430	1031	562
RJB	1667.0	1713.0	357	1
1493	1744	1661	1852	1617	1779	1900	1477
DPO	1747.0	2106.0	354	1
1831	2258	1761	1990	1965	2317	1432	1862
ZQS	2430.0	1068.0	444	1
2655	815	2245	1352	2583	992	2240	1114
LXS	428.0	2315.0	485	1
670	2447	577	2483	220	2068	245	2262
POQ	1171.0	1531.0	360	1
1085	1519	1093	1298	1118	1637	1390	1670
TMS	1660.0	1275.0	214	1
1700	1201	1669	1213	1739	1161	1534	1527
BMO	367.0	539.0	298	1
234	721	349	582	506	575	380	281
FTC	1366.0	894.0	303	1
1533	607	1468	809	1312	1029	1152	1131
