WAF	1369.0	441.0	35	1
1246	369	1514	336	1364	539	1354	520
OHD	473.0	2172.0	151	1
378	2037	592	2179	570	2412	355	2061
XCO	1681.0	2133.0	36	1
1595	2280	1657	2067	1909	2064	1563	2123
OPF	1649.0	2175.0	54	1
1795	2275	1566	1993	1683	2179	1553	2255
IDM	654.0	1214.0	288	1
672	1486	541	946	427	1214	976	1211
IBF	1965.0	1789.0	299	1
1992	1850	1741	1799	2019	1768	2111	1741
ONF	1305.0	470.0	273	1
1195	456	1553	413	1117	615	1358	399
SAS	2005.0	1611.0	163	1
2350	1629	1931	1790	1892	1535	1849	1490
HLQ	622.0	444.0	159	1
613	407	613	384	685	709	579	277
BEF	1945.0	1007.0	154	1
1889	1074	1979	886	1927	1311	1988	759
LOI	2186.0	1332.0	124	1
2423	1301	1856	1243	2361	1169	2105	1617
CWY	2485.0	956.0	1	1
2563	1105	2233	761	2616	752	2529	1209
OYM	636.0	2281.0	6	1
695	2043	449	2515	810	2170	593	2396
IPG	1095.0	2160.0	297	1
1322	1940	1004	2359	1140	2126	915	2215
BND	1351.0	2052.0	136	1
1457	2081	1185	2103	1432	1843	1331	2184
ORA	2275.0	995.0	296	1
2310	1039	2204	1093	2102	1119	2487	731
CLN	623.0	2311.0	205	1
605	2383	702	2454	462	2087	724	2323
KBF	2265.0	1642.0	5	1
2228	1597	2429	1382	2136	1906	2270	1685
RFL	2049.0	991.0	179	1
2115	1139	2123	724	1914	1052	2047	1051
NBI	1497.0	1715.0	4	1
1207	1601	1731	1828	1661	1721	1389	1712
XOO	2300.0	1160.0	131	1
2313	1155	2344	912	2256	1184	2289	1392
ZNS	881.0	1099.0	285	1
928	903	1093	1414	817	1128	687	954
COP	554.0	2068.0	155	1
793	2098	648	2066	341	2099	434	2012
VWU	1326.0	1330.0	64	1
1407	1285	1309	1283	1300	1464	1289	1288
ZRC	1446.0	2367.0	122	1
1604	2168	1583	2282	1254	2542	1345	2477
TUA	1748.0	656.0	89	1
2031	754	1573	406	1708	956	1681	508
WVB	587.0	2006.0	277	1
613	1763	743	2155	550	2098	444	2010
QFS	669.0	1334.0	235	1
604	1200	621	1529	721	1507	731	1103
SDA	1798.0	964.0	117	1
1870	1063	1656	1193	1887	940	1780	663
UPO	1934.0	836.0	4	1
2072	721	2090	979	2062	930	1514	716
PAI	1152.0	575.0	55	1
1204	511	988	632	1262	524	1154	636
TVC	993.0	1413.0	16	1
1054	1179	1208	1477	1043	1618	668	1381
THE	1800.0	1060.0	142	1
1862	1321	1872	1057	1758	902	1708	960
LYA	992.0	1357.0	119	1
964	1488	994	1521	860	1175	1150	1247
MKO	1773.0	1831.0	120	1
1901	1877	1927	1552	1563	1820	1701	2076
ECT	1026.0	2140.0	31	1
870	2242	1182	1942	1159	2290	893	2088
FXK	886.0	1808.0	266	1
923	1975	1022	1405	657	1927	944	1926
JPU	1949.0	1510.0	35	1
1786	1715	1937	1372	2120	1512	1954	1444
YVC	822.0	1349.0	277	1
721	1261	1224	1126	672	1648	674	1364
VII	1186.0	2108.0	154	1
1176	2343	1143	1925	1180	2292	1247	1875
XDJ	985.0	2085.0	153	1
774	1906	1249	1868	1066	2354	853	2212
WWP	1293.0	1775.0	188	1
1250	1895	1483	1774	1117	1879	1322	1553
BLA	492.0	2334.0	26	1
393	2464	563	2366	634	2345	380	2164
JQZ	398.0	891.0	232	1
654	785	138	905	482	798	321	1079
MRM	2399.0	432.0	103	1
2305	436	2181	387	2615	517	2497	390
XWJ	1973.0	673.0	150	1
2101	398	2132	789	1783	683	1876	823
DSZ	1007.0	1961.0	20	1
1042	2010	1004	1970	1160	1930	822	1936
TUT	2068.0	1067.0	296	1
1934	1287	1930	998	2449	1024	1962	962
FTJ	2173.0	1118.0	190	1
2300	1241	2273	774	1887	1157	2234	1300
JQQ	1597.0	1434.0	169	1
1756	1454	1796	1527	1407	1497	1430	1259
