AQH	2282.0	634.0	242	1
2129	925	2249	449	2175	421	2578	744
STE	2110.0	1495.0	355	1
1904	1557	2261	1328	1949	1763	2328	1333
PFL	2356.0	2368.0	393	1
2566	2531	2169	2502	2468	2167	2221	2275
RMX	457.0	2213.0	283	1
753	2216	256	2287	369	2066	452	2286
PSC	1126.0	766.0	208	1
1017	696	1371	886	1129	673	989	811
JJR	1057.0	1255.0	300	1
1369	970	882	1231	959	1313	1021	1508
RIX	2045.0	1646.0	297	1
1895	1490	1938	1855	2107	1747	2243	1492
UQN	2235.0	1884.0	386	1
1862	1960	2260	1664	2427	1960	2392	1953
YRF	805.0	2027.0	301	1
998	2017	913	1889	642	1841	670	2361
ZBY	1312.0	906.0	256	1
1302	657	1541	1172	1237	628	1169	1169
PEM	1982.0	1800.0	357	1
2114	1563	1757	1672	2141	2026	1919	1940
QYM	2405.0	2183.0	414	1
2410	2307	2346	1807	2353	2328	2512	2292
TVO	1927.0	1215.0	287	1
1897	1417	1845	1007	1805	1108	2161	1330
GAJ	970.0	853.0	232	1
959	723	1127	822	859	969	938	900
MVI	1732.0	697.0	432	1
1491	817	1578	801	1871	492	1991	681
GMI	1896.0	1134.0	369	1
1979	1504	1862	979	1731	985	2012	1070
IGI	748.0	914.0	446	1
918	737	896	669	416	1230	762	1020
OPM	1779.0	994.0	365	1
2005	1157	1584	839	1890	1134	1639	849
VZA	1026.0	2210.0	255	1
1100	2266	988	2155	1121	2047	896	2373
ZML	660.0	1974.0	465	1
788	1783	454	2045	741	2053	659	2018
SZZ	1330.0	941.0	390	1
1501	869	1163	1077	1535	794	1122	1026
AIW	847.0	1468.0	252	1
715	1529	813	1479	1024	1592	839	1274
SFC	1806.0	1733.0	202	1
1652	1645	1750	1995	1679	1451	2146	1841
YBG	2252.0	1586.0	436	1
2141	1613	2405	1702	2222	1431	2241	1601
OIW	2333.0	2332.0	487	1
2169	2178	2485	2395	2370	2235	2308	2521
KGF	1308.0	357.0	261	1
1471	349	1241	302	1373	497	1150	283
JZB	333.0	656.0	221	1
325	501	383	788	340	738	287	599
HAO	1009.0	442.0	453	1
1231	192	891	647	887	381	1029	548
NKP	1736.0	1457.0	480	1
1899	1334	1543	1561	1616	1320	1887	1613
WSW	1958.0	376.0	364	1
1694	203	2002	478	2046	336	2090	488
NWJ	2070.0	1377.0	383	1
2048	1415	2063	1468	1950	1349	2222	1279
VZN	866.0	872.0	386	1
986	620	1029	856	596	1035	853	979
SGF	2147.0	2088.0	381	1
2350	1871	1972	2023	2204	2266	2065	2192
YWN	1868.0	677.0	436	1
1896	860	2079	823	1713	448	1784	579
ANZ	1861.0	1278.0	395	1
1684	1353	1891	1088	1994	1463	1876	1210
UCY	1035.0	2112.0	201	1
1380	2226	1011	2041	855	2144	895	2037
ANA	539.0	1914.0	401	1
680	1876	630	2185	312	1927	536	1668
BHM	822.0	782.0	435	1
925	650	642	771	723	900	1001	810
FYF	1819.0	2202.0	305	1
1600	1969	1929	2365	1892	2093	1855	2383
BUV	818.0	834.0	443	1
784	484	766	846	1136	998	587	1011
MEG	2009.0	2135.0	489	1
2078	1966	2151	2045	1946	2268	1864	2264
MAZ	1623.0	2197.0	381	1
1373	2374	1795	2188	1516	1939	1811	2287
IEY	1147.0	1005.0	472	1
1211	1240	1291	1141	801	873	1285	766
MUA	499.0	563.0	294	1
377	594	723	677	464	369	435	612
OYI	1662.0	1940.0	282	1
1622	1972	1809	2036	1732	2056	1485	1697
LAL	525.0	1343.0	258	1
283	1338	596	1267	397	1357	824	1412
MQJ	671.0	1493.0	344	1
491	1590	769	1496	770	1262	655	1626
QZM	1583.0	565.0	404	1
1394	873	1572	461	1704	460	1662	466
QWA	936.0	1186.0	334	1
749	1261	1003	1260	1142	1156	852	1070
ILL	1074.0	603.0	273	1
957	761	956	504	1067	506	1319	641
