EWB	527.0	527.0	319	1
402	627	304	699	807	473	596	311
FEE	1184.0	679.0	235	1
1378	754	1249	764	1015	738	1094	463
EHT	1907.0	1640.0	373	1
1719	1575	2023	1476	2066	1742	1822	1768
OZD	1708.0	2173.0	489	1
1731	1999	1465	2359	1939	2402	1697	1932
WHC	1967.0	1166.0	312	1
1844	1084	2061	1094	1752	1271	2212	1215
XSO	1256.0	1217.0	365	1
1297	1183	1171	1499	1309	992	1250	1194
PAT	623.0	1259.0	220	1
581	1234	530	1297	660	1181	722	1324
TXT	1646.0	2133.0	228	1
1515	2206	1584	2046	1668	2174	1818	2109
EUJ	2231.0	2461.0	400	1
2181	2508	2098	2315	2338	2487	2309	2535
NRR	886.0	478.0	296	1
1204	522	728	389	765	398	848	606
YKV	1939.0	1277.0	208	1
2167	1357	2138	1251	1739	1162	1713	1338
ZVQ	2109.0	1378.0	439	1
2045	1286	2112	1375	2030	1455	2252	1396
WVU	1251.0	1168.0	207	1
1054	1335	1406	976	1210	1221	1337	1142
AKQ	2142.0	1378.0	370	1
2328	1239	1827	1165	2351	1594	2064	1517
MLS	668.0	2265.0	300	1
599	2272	858	2286	434	2194	783	2310
OGK	1249.0	476.0	454	1
1350	653	1387	553	1021	255	1241	443
MSB	1068.0	1751.0	434	1
1246	1873	1345	1577	827	1961	854	1594
XAZ	478.0	2413.0	459	1
508	2333	452	2146	466	2659	486	2516
IMG	1930.0	1750.0	332	1
1803	1761	1938	1800	2270	1735	1711	1706
WBO	2169.0	2319.0	358	1
2086	2550	2014	2012	2463	2518	2115	2196
IMA	1224.0	1633.0	484	1
1330	1453	1385	1736	1118	1862	1066	1481
VCH	1452.0	1715.0	486	1
1681	1841	1493	1707	1135	1704	1499	1611
BQE	398.0	1081.0	335	1
369	1047	423	1011	492	847	309	1420
NJQ	1110.0	1654.0	297	1
1104	1775	1143	1322	1259	1702	934	1820
VGK	2173.0	1480.0	486	1
2512	1349	2156	1345	2010	1346	2017	1881
TSP	1833.0	1579.0	414	1
1821	1521	1786	1503	1781	1808	1945	1485
PPR	1171.0	1398.0	263	1
1441	1467	943	1317	958	1414	1345	1395
CGP	953.0	1003.0	214	1
1054	882	964	1035	839	974	957	1123
PFJ	2234.0	1840.0	294	1
2195	1805	2339	1581	2206	1947	2198	2029
MFD	1448.0	883.0	362	1
1588	1047	1478	923	1459	609	1268	955
BTP	378.0	1125.0	318	1
229	1000	443	916	601	1234	242	1353
WWE	2072.0	351.0	206	1
2333	592	1981	310	1937	213	2038	292
VXE	1655.0	1805.0	288	1
1387	1915	1463	1599	1867	1958	1906	1748
GRY	1420.0	505.0	415	1
1165	762	1295	388	1563	465	1658	405
JKZ	1931.0	1052.0	221	1
2031	847	1609	1071	1941	1011	2145	1281
UDD	1697.0	627.0	358	1
1622	667	1827	753	1869	790	1472	298
EEW	583.0	2310.0	419	1
450	2372	324	2296	691	2353	869	2221
KLJ	492.0	892.0	248	1
513	738	380	1107	706	857	369	866
HSB	2216.0	2142.0	275	1
2405	2054	2262	2167	2236	2008	1961	2341
JDE	2121.0	1946.0	494	1
2021	1798	2146	2142	2137	1878	2180	1966
NXK	1343.0	1281.0	393	1
1146	1325	1373	1225	1617	1242	1238	1335
SAY	1106.0	2077.0	314	1
1062	1842	1146	2277	945	1960	1272	2229
OOY	1112.0	2221.0	478	1
1319	2179	1141	2238	1038	2281	952	2187
PAG	957.0	2174.0	214	1
875	2207	999	1972	1052	2238	905	2280
HFL	791.0	1967.0	486	1
1001	1800	901	2036	705	2002	558	2033
YRO	903.0	1078.0	285	1
910	931	1057	1216	760	1324	888	844
ZZU	976.0	2077.0	426	1
888	1960	1040	1935	1048	2000	929	2415
NXU	1406.0	809.0	301	1
1112	820	1423	983	1636	480	1455	956
LOP	1274.0	1411.0	352	1
1509	1278	1152	1294	1315	1585	1123	1488
YTD	1886.0	1542.0	210	1
1840	1629	2029	1527	1656	1725	2022	1290
