IFI	1028.0	725.0	251	1
749	826	1076	556	1122	623	1167	898
JSN	1260.0	452.0	186	1
1297	337	1386	496	1394	572	964	404
OTX	1550.0	1119.0	185	1
1643	932	1586	1001	1706	1187	1266	1357
TTO	963.0	1342.0	261	1
860	1320	1109	1052	1060	1546	824	1450
IHE	1939.0	1152.0	50	1
2220	1126	1990	1010	1796	1266	1750	1206
CKF	1544.0	1588.0	48	1
1569	1484	1365	1752	1445	1718	1798	1400
EXU	908.0	672.0	110	1
987	712	935	732	853	655	857	589
AQV	2310.0	438.0	26	1
2312	284	2222	195	2406	610	2302	664
DIG	663.0	784.0	275	1
839	642	379	666	597	727	839	1104
EXS	1980.0	481.0	192	1
1951	401	2100	540	1825	567	2046	417
IWQ	2238.0	1952.0	188	1
2334	2306	2376	1890	1971	1802	2271	1811
VWB	2262.0	1416.0	244	1
2329	1283	1975	1287	2504	1396	2243	1699
IRP	602.0	1141.0	293	1
560	1125	501	933	835	1266	512	1240
FSM	1752.0	2410.0	134	1
1758	2507	1524	2360	1836	2623	1891	2150
RLR	1882.0	1118.0	213	1
2071	1325	1695	951	1734	968	2030	1229
WDS	733.0	698.0	188	1
785	515	457	640	819	646	874	991
AWM	1627.0	1455.0	169	1
1839	1578	1664	1346	1455	1709	1553	1190
UPM	341.0	1630.0	168	1
652	1613	225	1481	222	1553	268	1873
UXL	1324.0	1748.0	31	1
1161	1575	1585	1848	1339	1856	1211	1715
JZI	429.0	1981.0	214	1
641	1966	288	2208	369	1770	421	1982
LBQ	1527.0	1705.0	217	1
1700	1580	1370	1544	1419	2118	1621	1578
UGF	1564.0	935.0	112	1
1701	812	1688	876	1342	1212	1527	841
HDE	1590.0	1065.0	264	1
1681	1372	1320	1013	1706	921	1653	957
NPR	1448.0	1676.0	2	1
1446	1416	1578	1492	1501	1994	1268	1803
CYB	913.0	1198.0	241	1
884	1036	866	1120	1130	1323	774	1315
IIU	1672.0	1075.0	272	1
1853	893	1561	1163	1530	1338	1744	909
GWE	1809.0	1174.0	49	1
1543	840	2042	1251	1850	1410	1801	1195
NBX	2318.0	476.0	132	1
1986	451	2537	435	2253	631	2499	389
UJV	2141.0	1057.0	25	1
2181	1076	2048	1025	1971	1257	2366	873
JMR	1355.0	1262.0	117	1
1349	1287	1309	991	1245	1232	1520	1539
JVC	1099.0	2005.0	129	1
916	2189	1191	1954	1168	1848	1123	2031
FDI	2038.0	988.0	170	1
2075	1085	1866	908	2157	790	2057	1169
QAS	1705.0	906.0	215	1
1758	1087	1476	1071	1751	820	1838	649
WZN	1432.0	2049.0	123	1
1417	1870	1339	2190	1384	2001	1590	2136
BDH	1149.0	483.0	30	1
1200	228	1247	384	1005	685	1144	636
XJR	1142.0	1497.0	138	1
1219	1712	984	1594	1357	1378	1009	1305
TAO	439.0	1802.0	199	1
582	1939	417	1649	160	1874	600	1746
XLE	484.0	1836.0	268	1
346	1887	440	1852	448	1582	704	2025
JFS	2280.0	634.0	126	1
2414	808	2069	462	2187	737	2450	531
KAM	1385.0	1277.0	135	1
1287	1277	1399	1118	1607	1412	1248	1301
BUP	978.0	1248.0	92	1
876	1390	1170	927	994	1417	873	1261
RGX	1568.0	457.0	300	1
1725	547	1415	555	1724	389	1410	337
NAS	2174.0	1200.0	133	1
1890	1217	2361	1168	2182	1260	2264	1157
FRD	587.0	2117.0	152	1
570	2216	511	2256	557	1975	710	2022
ODG	940.0	991.0	12	1
985	942	1037	1005	764	924	974	1095
AYP	1220.0	2311.0	205	1
1226	2515	910	2528	1398	1990	1346	2212
WOM	799.0	2253.0	153	1
587	2481	842	2262	1061	2250	706	2022
OJD	716.0	1836.0	90	1
608	1875	861	1837	529	1698	869	1935
XHM	1616.0	1487.0	70	1
1875	1492	1439	1723	1774	1562	1379	1172
EER	775.0	706.0	273	1
699	789	1047	587	870	643	484	806
