LXN	1074.0	2347.0	274	1
894	2214	1045	2439	1256	2282	1101	2456
YGO	1081.0	898.0	203	1
846	663	1030	1168	1270	1011	1178	750
LKJ	1462.0	1099.0	396	1
1397	1291	1566	1109	1246	1148	1641	850
NYP	1558.0	748.0	216	1
1756	840	1709	667	1358	687	1412	801
QCX	610.0	1849.0	391	1
361	1598	810	2120	621	1754	648	1926
GSJ	677.0	1497.0	252	1
508	1270	909	1384	809	1664	482	1673
XRZ	1448.0	1939.0	382	1
1730	2179	1403	1761	1343	1924	1316	1893
SHI	639.0	602.0	369	1
607	517	700	499	660	721	591	674
QJO	1433.0	2208.0	458	1
1333	2371	1515	2128	1302	2104	1584	2231
CGG	2457.0	2364.0	495	1
2544	2474	2409	2424	2284	2443	2594	2115
FSJ	613.0	1875.0	420	1
593	1806	642	1752	680	2101	538	1841
EHT	1884.0	1026.0	489	1
1796	1151	2192	1044	1735	937	1814	972
GHP	2103.0	611.0	453	1
1901	666	2325	516	2268	705	1918	557
DMV	1940.0	1680.0	445	1
1792	1888	2023	1531	1945	1753	2002	1549
XTW	1481.0	2218.0	254	1
1525	2287	1286	1995	1390	2295	1725	2298
PJX	945.0	2417.0	419	1
772	2668	907	2528	1009	2181	1093	2292
QOY	1363.0	2027.0	233	1
1405	1927	1476	2166	1521	1866	1053	2151
AVJ	2342.0	2266.0	250	1
2574	2304	2434	2379	2085	2073	2276	2311
VZB	2187.0	1894.0	424	1
2155	1923	2167	1898	2317	1859	2111	1896
PVB	1913.0	1168.0	247	1
1809	1017	1881	1434	1901	1202	2061	1020
LDZ	1426.0	2401.0	225	1
1622	2269	1520	2484	1039	2470	1525	2384
OEK	2123.0	2285.0	356	1
2376	2441	2380	1996	1815	2543	1921	2162
YZR	1794.0	1685.0	227	1
1767	1465	1976	1909	1464	1863	1972	1506
FMQ	1315.0	1185.0	335	1
1368	1111	1481	1322	1104	992	1309	1315
OKN	449.0	1545.0	280	1
346	1511	321	1608	621	1600	509	1463
ZXX	1072.0	2196.0	475	1
826	2156	995	2102	1151	2216	1317	2311
VKX	2324.0	683.0	241	1
2542	633	2100	656	2433	675	2223	770
TPJ	1334.0	1876.0	304	1
1398	1584	1174	2114	1393	1753	1371	2055
JBR	1700.0	896.0	385	1
1800	662	1585	1175	1513	620	1902	1130
TJI	1174.0	759.0	473	1
1332	475	996	792	1343	870	1028	899
IDV	636.0	1855.0	264	1
439	1877	795	1996	608	1929	703	1619
GWZ	739.0	907.0	241	1
626	1119	733	696	703	1090	897	725
NBY	2271.0	1212.0	378	1
2406	1021	2150	1202	2263	1161	2266	1466
LKO	1433.0	1066.0	424	1
1321	1000	1400	1337	1564	834	1448	1094
YJW	887.0	1390.0	239	1
874	1214	782	1139	842	1681	1051	1527
SZK	1361.0	2014.0	213	1
1533	2240	1284	1824	1381	1835	1249	2157
AAF	1814.0	1430.0	434	1
1764	1389	2038	1425	1645	1642	1811	1265
LXT	1028.0	732.0	297	1
1239	900	689	606	1110	908	1076	515
XQX	2154.0	347.0	466	1
2048	429	1973	337	2210	261	2386	362
UCX	429.0	2288.0	314	1
550	2163	443	2413	480	2272	243	2307
BBY	1319.0	1824.0	408	1
1654	1655	1210	2104	1097	1724	1315	1814
NJI	795.0	1655.0	374	1
801	1740	838	1724	826	1459	717	1699
GBQ	2220.0	1175.0	467	1
2418	1236	2074	957	2266	1424	2123	1084
WZC	1956.0	2093.0	247	1
2082	2265	1918	2122	1948	2168	1877	1817
FUO	2484.0	1609.0	344	1
2593	1525	2530	1689	2568	1631	2246	1591
VVR	1738.0	845.0	429	1
1542	899	1765	1090	1825	672	1820	722
PQJ	1163.0	1832.0	398	1
1181	1937	1323	1918	1338	1803	812	1672
JGR	655.0	1407.0	248	1
920	1504	521	1250	652	1263	527	1611
XQN	1418.0	2370.0	296	1
1405	2254	1539	2320	1581	2355	1150	2552
TTR	570.0	1914.0	294	1
665	2087	501	2175	360	1611	757	1786
