QBD	495.0	946.0	231	1
421	912	316	1043	460	723	784	1106
VMD	807.0	762.0	228	1
683	675	780	592	933	1051	834	731
FBW	444.0	591.0	274	1
436	439	385	464	551	631	406	833
RHO	2255.0	978.0	25	1
2377	1103	2179	999	2215	657	2252	1154
LKM	809.0	2173.0	170	1
784	2310	744	2178	1004	1915	707	2291
NSB	977.0	394.0	253	1
1170	243	1025	327	1100	261	615	747
BOP	883.0	1480.0	47	1
904	1620	972	1348	1039	1469	620	1483
OWG	684.0	725.0	41	1
552	834	868	813	699	457	618	799
QEJ	1498.0	1982.0	12	1
1518	2095	1633	1820	1344	2162	1499	1854
BRR	820.0	2099.0	63	1
735	2376	685	1942	848	2086	1015	1995
JFM	314.0	1478.0	112	1
538	1623	227	1662	252	1207	240	1421
MMX	440.0	750.0	208	1
457	498	556	946	469	622	278	935
SLG	1382.0	1540.0	6	1
1143	1747	1547	1632	1520	1536	1320	1245
QTZ	1600.0	2184.0	253	1
1327	2320	1762	1939	1447	2109	1865	2370
AHX	987.0	2210.0	106	1
1009	2341	1245	2321	758	2148	936	2033
JXP	514.0	532.0	127	1
507	508	420	736	452	466	678	418
NZU	1758.0	1803.0	275	1
1518	1856	1876	2021	1939	1569	1700	1768
VQJ	716.0	1808.0	275	1
570	1600	710	1827	665	1819	921	1987
CRN	2215.0	1807.0	198	1
2293	1908	2301	1825	1914	1924	2353	1571
AJM	2268.0	695.0	282	1
2208	782	2592	567	2047	705	2226	726
EGR	1458.0	1859.0	239	1
1672	1733	1297	1831	1636	2075	1227	1797
ULX	772.0	333.0	58	1
723	514	729	345	669	320	967	156
FKQ	1606.0	2201.0	166	1
1855	2236	1389	2031	1497	2126	1685	2411
MDM	2020.0	586.0	55	1
1760	624	2210	804	2133	447	1980	469
VYZ	2007.0	2257.0	120	1
1856	2485	2196	2114	1892	2151	2084	2281
YTD	1829.0	1930.0	234	1
1553	1965	1917	1662	2082	2148	1767	1947
AHG	1293.0	1213.0	81	1
1354	1443	1496	1100	1197	1124	1128	1185
NEY	1012.0	2332.0	20	1
1155	2126	1144	2129	1038	2462	712	2613
BYD	1247.0	1587.0	77	1
1109	1200	1587	1722	1246	1723	1049	1704
NZK	1065.0	568.0	38	1
977	401	1068	750	1263	333	952	791
FIC	1283.0	891.0	101	1
1066	701	1370	997	1424	712	1273	1154
ADF	821.0	752.0	109	1
623	704	952	913	720	734	990	659
JBQ	1490.0	1818.0	63	1
1480	1649	1426	1656	1706	2180	1348	1789
HVQ	807.0	389.0	103	1
778	606	802	524	913	186	737	241
NZH	774.0	2335.0	299	1
758	2250	728	2414	993	2482	620	2194
BLO	1857.0	658.0	24	1
2082	635	2072	859	1644	465	1632	675
UGZ	2133.0	1223.0	195	1
2221	1247	2341	1433	2053	1267	1919	945
VVC	2000.0	995.0	95	1
1996	1107	1979	1104	1944	1012	2084	757
FZW	439.0	1205.0	248	1
695	1502	287	1401	627	916	148	1003
VDY	1648.0	1764.0	128	1
1914	1744	1378	1756	1802	1707	1501	1852
XEB	673.0	1363.0	253	1
848	1236	706	1394	635	1520	505	1305
ZMP	790.0	1270.0	291	1
549	1296	737	1545	903	1219	972	1021
QGS	897.0	797.0	9	1
885	672	917	780	1092	696	697	1042
WBQ	430.0	546.0	116	1
229	411	334	751	613	323	547	699
ADR	1157.0	507.0	275	1
945	727	1310	516	1347	419	1029	366
PZK	1545.0	1681.0	281	1
1373	1763	1431	1863	1521	1561	1856	1540
QFF	1066.0	368.0	285	1
1020	352	854	255	1294	477	1098	389
MYP	1661.0	786.0	112	1
1518	667	1974	874	1460	929	1693	675
QLB	498.0	1836.0	35	1
507	1815	707	1920	313	1719	466	1893
IZI	1534.0	1601.0	83	1
1364	1401	1751	1732	1747	1527	1276	1744
