LXN	1889.0	2165.0	229	1
1701	2136	2021	1883	1667	2250	2167	2394
UEY	2185.0	2299.0	343	1
2185	2374	1899	2404	2280	2400	2377	2021
YLQ	1444.0	1359.0	351	1
1462	1202	1485	1399	1392	1332	1437	1506
ITF	2095.0	1447.0	469	1
2046	1408	2124	1262	2022	1582	2188	1539
PLY	2395.0	1160.0	234	1
2591	1321	2483	992	2309	1230	2197	1098
ENR	923.0	1064.0	227	1
701	804	823	1324	942	812	1228	1319
VSG	2512.0	499.0	392	1
2499	327	2608	651	2368	609	2576	412
BXU	2017.0	1935.0	339	1
1969	2070	2367	1964	1841	1775	1894	1934
JBV	1336.0	2078.0	398	1
1380	2015	1388	2103	1168	2184	1411	2011
SKN	577.0	2129.0	357	1
667	2119	384	2093	651	2095	607	2209
PFE	1377.0	542.0	247	1
1400	778	1428	622	1258	262	1423	508
VAC	1994.0	563.0	460	1
2163	612	1891	494	1923	355	1999	792
NPJ	1512.0	2428.0	488	1
1491	2423	1464	2398	1666	2367	1427	2526
HFC	2275.0	1933.0	285	1
2554	1990	2281	1972	2097	1976	2168	1797
RRX	1775.0	787.0	420	1
1598	778	1673	1130	1875	581	1955	660
SPI	1547.0	2063.0	500	1
1359	2117	1428	2049	1730	2034	1674	2052
BZI	1913.0	970.0	310	1
2011	1146	1695	1133	2073	865	1875	739
FTE	1053.0	2324.0	302	1
1027	2545	1030	2490	831	2124	1326	2139
RPN	1252.0	951.0	483	1
1258	869	1372	1000	1263	922	1118	1015
WZK	1818.0	1572.0	467	1
1664	1765	1698	1541	1848	1686	2062	1296
YHY	735.0	1587.0	387	1
667	1711	904	1663	599	1608	772	1366
SGA	1829.0	963.0	232	1
1962	1173	1938	1111	1796	851	1621	718
UMB	1002.0	879.0	285	1
977	837	905	845	973	1025	1153	811
OYH	1715.0	1168.0	296	1
1797	1070	1516	1051	1771	1017	1776	1534
EPI	792.0	2088.0	496	1
893	2192	848	1865	564	2180	864	2115
VLS	1596.0	618.0	418	1
1741	429	1737	550	1514	839	1392	657
XJS	783.0	2229.0	253	1
573	2493	659	2240	911	2175	991	2011
AHI	1714.0	1542.0	385	1
1454	1511	1887	1622	1807	1403	1710	1634
PZB	712.0	1267.0	224	1
815	1180	691	1123	454	1379	889	1387
DTM	2321.0	964.0	398	1
2288	1029	2579	952	2356	1050	2063	828
YUE	580.0	1097.0	293	1
578	1171	517	1230	818	902	410	1086
XMU	1839.0	790.0	271	1
1848	673	2110	747	1679	929	1722	812
PGR	1049.0	2342.0	463	1
1208	2240	1000	2069	1138	2440	853	2621
XSY	2307.0	1204.0	351	1
2438	1262	2393	972	2143	1146	2254	1436
ESP	1674.0	1782.0	352	1
1604	1699	1951	1691	1635	1677	1508	2062
PWI	1884.0	822.0	313	1
2176	720	1755	1130	1908	743	1698	697
RNJ	1124.0	1286.0	371	1
1323	1241	1128	1456	1067	1024	980	1423
KYD	1053.0	534.0	467	1
879	630	1156	402	914	714	1265	391
TGO	1508.0	989.0	283	1
1451	877	1427	1004	1386	1114	1770	963
VAB	809.0	1161.0	275	1
666	1034	955	1288	838	1176	778	1149
YCV	297.0	1110.0	215	1
589	1215	187	1158	194	1057	221	1011
ENW	622.0	1209.0	249	1
617	1273	321	1261	713	1219	839	1085
QFK	2133.0	825.0	399	1
2250	567	2220	914	2086	904	1978	918
ISU	1040.0	1498.0	324	1
998	1197	858	1634	1041	1638	1263	1526
LCM	459.0	1699.0	405	1
664	1619	571	2015	364	1662	239	1501
DSD	1031.0	1588.0	376	1
1364	1756	952	1550	1010	1477	799	1569
JNQ	1368.0	930.0	349	1
1497	1133	1357	879	1447	756	1171	955
IBR	1135.0	998.0	479	1
1473	932	986	932	1126	1074	957	1057
UGF	797.0	2262.0	399	1
928	2274	842	2194	738	2284	683	2296
CNY	1942.0	2326.0	432	1
2254	2350	1757	2397	1724	2467	2035	2090
