OMY	1283.0	2196.0	138	1
1124	2299	1483	1989	1448	2200	1077	2296
CQT	554.0	711.0	274	1
578	444	503	812	583	630	553	960
ARL	2216.0	2044.0	90	1
2055	1975	2271	2151	2338	2093	2203	1959
AIQ	2129.0	1130.0	194	1
1902	1186	1907	1271	2345	1156	2362	910
BMQ	475.0	1618.0	38	1
348	1801	304	1336	679	1555	569	1782
IVU	1379.0	519.0	9	1
1439	490	1206	527	1405	510	1469	550
MCT	1456.0	2221.0	159	1
1284	2115	1396	2569	1647	2176	1498	2024
REJ	1528.0	553.0	220	1
1705	424	1515	395	1609	597	1284	799
CCF	512.0	481.0	127	1
340	380	382	241	764	708	562	595
EQK	1159.0	1223.0	199	1
1157	1148	1257	1222	1203	1491	1020	1033
FQX	1374.0	1805.0	190	1
1288	1678	1395	1827	1321	1642	1494	2076
MBW	2232.0	2028.0	71	1
2303	2146	2187	2012	2201	1963	2240	1991
WIA	2100.0	1128.0	260	1
2282	1092	2288	1136	2066	1232	1767	1053
VYJ	445.0	1646.0	239	1
458	1812	322	1640	652	1484	348	1650
ALR	938.0	1324.0	179	1
1000	1315	942	1234	805	1297	1008	1452
HUI	1755.0	601.0	90	1
1725	452	1892	660	1612	851	1793	441
FIX	334.0	2192.0	206	1
391	2338	396	2350	348	1843	203	2237
FHD	1475.0	973.0	253	1
1329	1113	1738	1266	1418	766	1417	748
XGL	1979.0	1490.0	190	1
1838	1380	2064	1381	2018	1776	1997	1424
ZMP	1620.0	728.0	215	1
1895	563	1660	753	1449	1016	1477	580
HXO	725.0	1958.0	161	1
965	2201	778	1889	504	1768	655	1975
XUI	1377.0	2183.0	226	1
1599	2268	1347	2289	1083	1921	1480	2256
RJR	1831.0	2459.0	203	1
1734	2223	1863	2600	1929	2352	1799	2663
GZS	766.0	1114.0	280	1
480	1008	893	1039	750	1112	944	1299
UDS	1555.0	1159.0	100	1
1542	1023	1453	976	1538	1426	1688	1212
NHS	847.0	1628.0	123	1
725	1449	1059	1415	903	1830	701	1820
ACI	1370.0	2157.0	157	1
1214	2338	1217	1920	1463	2136	1587	2236
GEC	696.0	2343.0	270	1
738	2368	746	2348	632	2559	669	2099
YVV	462.0	1045.0	209	1
664	1015	464	1134	554	942	168	1089
ATF	1430.0	695.0	125	1
1353	707	1511	500	1358	948	1501	625
XFA	1923.0	1836.0	290	1
2188	2083	1864	1615	1853	2030	1790	1618
ZUV	2026.0	667.0	110	1
2014	969	1905	625	1821	545	2366	532
LQJ	902.0	1726.0	241	1
1034	1523	935	1946	837	1831	802	1605
VWP	1112.0	1226.0	181	1
1217	1210	974	1411	1268	880	992	1405
FVR	2462.0	2058.0	225	1
2483	1909	2529	2182	2553	1871	2285	2273
GVI	1490.0	1756.0	66	1
1526	1837	1688	1588	1309	1514	1439	2088
JQI	867.0	2207.0	52	1
929	2366	735	1836	988	2358	816	2269
KSR	1149.0	994.0	233	1
1376	976	831	791	1018	1213	1374	998
TBH	1742.0	932.0	195	1
1481	1178	1845	1059	1739	672	1906	822
IKB	1940.0	2271.0	300	1
1880	2402	2014	2095	1854	2469	2013	2121
IQB	2086.0	777.0	156	1
1978	922	1981	568	2363	888	2022	733
LFP	1654.0	1035.0	62	1
1671	1240	1605	803	1712	1225	1630	874
LPZ	1061.0	1590.0	163	1
729	1588	1253	1792	1026	1409	1237	1572
ZOO	1886.0	1729.0	96	1
2085	1873	1918	1924	1804	1497	1739	1624
GKW	458.0	649.0	150	1
443	320	442	862	280	616	670	800
VKI	1758.0	1370.0	281	1
1621	1413	1601	1172	1752	1434	2059	1461
FMD	1810.0	2311.0	245	1
1918	2179	1920	2295	1861	2277	1543	2493
DKQ	2087.0	1880.0	282	1
2082	1977	1937	1830	2300	1686	2031	2027
RCQ	1059.0	2400.0	233	1
966	2220	1125	2563	1153	2546	992	2273
LVH	516.0	401.0	176	1
471	514	487	386	431	391	676	316
