ZJN	593.0	988.0	257	1
413	1135	913	1047	671	894	378	878
LEU	395.0	1761.0	482	1
287	2053	460	1571	612	1677	221	1745
QIZ	805.0	1955.0	450	1
654	1700	844	1977	635	2209	1088	1935
HBJ	529.0	607.0	265	1
377	518	659	673	270	611	812	629
NYQ	1882.0	661.0	475	1
1771	785	1749	408	1735	702	2275	752
NCP	2146.0	468.0	384	1
2316	436	1953	311	2273	504	2044	623
JQD	2251.0	481.0	345	1
2508	348	2088	497	2159	807	2249	272
FDD	1555.0	819.0	336	1
1338	621	1802	1131	1323	669	1760	858
JSQ	739.0	1914.0	486	1
550	1801	805	2000	630	1816	972	2042
ATZ	2149.0	1893.0	305	1
2322	1772	2263	1937	2132	1884	1882	1980
FSQ	686.0	922.0	463	1
454	882	815	775	1015	1159	461	875
MGE	1762.0	645.0	421	1
1834	529	1845	681	1715	730	1657	642
PKH	1464.0	433.0	364	1
1251	662	1348	227	1673	320	1587	523
CVG	1640.0	2036.0	369	1
1645	1994	1719	1910	1412	1874	1786	2367
MHA	1081.0	1358.0	263	1
936	1720	1126	1238	1032	1254	1233	1222
JAS	2578.0	2312.0	422	1
2566	2477	2486	2521	2609	2142	2652	2110
CHN	1424.0	1341.0	244	1
1752	1369	1177	1466	1551	1289	1216	1243
CIL	737.0	329.0	479	1
605	209	665	305	935	468	745	337
XYI	1308.0	1762.0	400	1
1254	2042	1245	1516	1414	2001	1319	1489
HAI	634.0	434.0	326	1
740	729	357	221	638	579	803	207
KTO	1500.0	1553.0	437	1
1185	1442	1532	1527	1593	1652	1690	1591
TYJ	1501.0	1638.0	382	1
1516	1813	1593	1750	1608	1507	1290	1482
WDP	804.0	1475.0	479	1
909	1701	826	1320	821	1276	662	1603
YUC	724.0	1815.0	333	1
315	1991	882	1673	894	1822	806	1776
JVJ	1354.0	1827.0	491	1
1582	1901	1360	1659	1040	1856	1434	1892
ETG	1400.0	1534.0	216	1
1424	1607	1548	1549	1406	1533	1225	1450
LBU	1777.0	2397.0	385	1
1690	2445	1848	2569	2059	2261	1512	2313
JVL	2374.0	1502.0	313	1
2333	1517	2256	1536	2502	1456	2407	1502
XAE	1052.0	903.0	300	1
1210	865	1042	986	1017	833	939	931
CRZ	1174.0	2169.0	290	1
1320	2227	1100	2116	922	2248	1357	2087
BPU	1177.0	1621.0	226	1
1188	1408	1475	1448	901	1775	1146	1853
KWM	2361.0	1247.0	248	1
2515	1393	2156	1465	2480	929	2296	1201
MID	1462.0	1447.0	228	1
1678	1323	1259	1368	1486	1468	1427	1630
ZVD	1985.0	2067.0	419	1
2203	2125	1846	2008	1968	2307	1923	1831
XGN	2357.0	619.0	346	1
2339	472	2127	869	2589	337	2374	800
DXL	2002.0	1895.0	294	1
1771	2013	2250	1679	2233	1998	1757	1892
YVY	1249.0	1385.0	443	1
1313	1552	1125	1538	1195	1330	1363	1121
RYJ	1285.0	2057.0	237	1
1411	2214	1401	1797	1027	2061	1303	2159
SCA	566.0	777.0	280	1
760	639	521	845	368	639	617	988
DPF	1656.0	1801.0	260	1
1616	1672	1798	2016	1831	1987	1379	1530
HPX	953.0	1193.0	270	1
1161	1082	1144	1051	703	1246	804	1393
GBJ	1305.0	1748.0	229	1
1216	1725	1404	2084	1305	1606	1296	1578
CWV	436.0	745.0	336	1
192	917	577	821	257	360	718	882
MDO	596.0	521.0	363	1
318	336	867	476	611	836	591	439
CLD	1073.0	1029.0	283	1
1204	1248	1027	1032	1147	900	917	936
QBK	1110.0	1208.0	452	1
927	915	894	1355	1216	1226	1404	1339
BHN	597.0	2430.0	436	1
442	2542	877	2432	346	2283	724	2464
ZZE	2404.0	2470.0	340	1
2457	2642	2406	2574	2428	2259	2327	2405
LFQ	962.0	1926.0	436	1
749	1942	1159	1924	1157	1966	784	1875
ANU	1073.0	2083.0	324	1
814	1998	1102	2126	1236	2155	1141	2055
