PEG	814.0	2370.0	290	1
649	2295	680	2530	948	2245	980	2412
DMQ	540.0	985.0	202	1
713	869	670	1289	392	918	386	866
JQN	1525.0	756.0	24	1
1561	907	1661	614	1365	820	1514	683
GXC	2203.0	1944.0	292	1
2129	1947	2341	2114	2164	1762	2178	1954
PXM	1809.0	1169.0	40	1
1774	943	1568	1237	2017	1256	1879	1242
AQF	862.0	1758.0	181	1
688	1828	1114	2004	595	1590	1054	1613
ELZ	1664.0	611.0	60	1
1704	521	1713	592	1662	666	1580	666
RPO	1756.0	1450.0	70	1
1688	1488	1803	1362	1822	1328	1714	1625
PRW	2098.0	1550.0	158	1
1953	1524	2176	1496	2008	1540	2256	1642
SHF	1190.0	2087.0	41	1
1259	2252	887	1893	1361	1890	1256	2313
HFD	2060.0	1396.0	137	1
2268	1499	2173	1157	1767	1507	2032	1423
HOE	1999.0	1072.0	179	1
2226	1228	1689	1030	1844	1043	2239	989
UPE	1896.0	777.0	45	1
2107	930	1730	594	1643	580	2104	1005
WWX	436.0	1277.0	203	1
601	1143	348	1121	532	1347	265	1499
UTP	1622.0	1555.0	292	1
1527	1811	1540	1504	1727	1494	1694	1413
OHT	774.0	575.0	67	1
867	503	684	886	630	575	918	339
SDX	630.0	1650.0	168	1
614	1577	715	1782	347	1857	846	1386
IUO	1841.0	1678.0	220	1
1958	1532	1630	1876	1996	1752	1781	1553
FUE	1523.0	1593.0	232	1
1296	1709	1296	1746	1825	1417	1677	1502
RWE	1363.0	1650.0	210	1
1514	1449	1634	1888	1204	1662	1101	1604
IIS	478.0	1365.0	260	1
301	1357	534	1538	475	1340	603	1225
CQJ	395.0	646.0	104	1
440	514	317	749	615	667	208	654
JPA	607.0	2206.0	156	1
559	1958	495	2338	688	2384	688	2146
IBO	1698.0	1468.0	215	1
1799	1292	1761	1694	1566	1179	1668	1707
VIJ	586.0	1733.0	203	1
395	1903	487	1870	753	1526	710	1633
ALF	2173.0	1129.0	82	1
2022	1353	2345	813	2096	1002	2232	1348
NTX	1273.0	1023.0	141	1
1340	1049	1274	948	1187	1007	1294	1089
LLG	2236.0	1401.0	245	1
2430	1508	2212	1546	1921	1468	2381	1082
GCU	2103.0	1241.0	123	1
2258	1319	2015	1012	2212	1106	1928	1529
AHX	1688.0	1691.0	75	1
1495	1800	1763	1576	1558	1752	1938	1637
RWM	1668.0	1351.0	79	1
1432	1474	1919	1198	1387	1257	1937	1475
KXI	1072.0	1910.0	143	1
1003	1937	1029	1980	1202	1921	1055	1805
SYJ	1576.0	678.0	52	1
1548	580	1383	728	1804	645	1569	759
HGC	1941.0	1937.0	222	1
1930	2230	1945	1814	2042	1662	1848	2044
WLH	1943.0	576.0	228	1
2010	462	1997	788	1791	664	1974	393
ZHL	629.0	795.0	111	1
793	1060	573	647	571	615	580	858
TYK	872.0	786.0	6	1
865	933	842	816	1042	728	740	667
CJG	330.0	2392.0	268	1
480	2563	153	2251	531	2369	158	2386
KVH	522.0	884.0	45	1
416	592	422	898	634	1097	618	952
ILZ	1756.0	825.0	19	1
1577	664	1790	883	1817	725	1840	1029
XKE	1228.0	971.0	61	1
1121	1045	1299	940	1284	797	1209	1105
NMK	1318.0	957.0	53	1
1214	944	1617	1212	1203	804	1239	869
SQH	1663.0	2168.0	103	1
1536	2037	1533	2439	1931	2297	1654	1899
USG	1789.0	1847.0	173	1
1790	1807	1670	2103	1870	1895	1829	1584
TGN	1774.0	1607.0	244	1
1834	1567	1950	1772	1383	1619	1932	1471
ZFD	1096.0	1537.0	9	1
836	1676	1074	1726	1229	1355	1248	1392
BKN	783.0	572.0	194	1
855	709	823	410	444	774	1013	398
KAH	563.0	2027.0	50	1
588	1966	698	1793	414	2179	554	2170
NAH	1522.0	1336.0	295	1
1500	1470	1503	1187	1680	1570	1408	1119
QVL	2503.0	1117.0	43	1
2437	1484	2587	1084	2447	927	2543	974
