SZW	2222.0	669.0	47	1
2044	439	2366	897	2303	763	2175	578
RFR	2113.0	1042.0	23	1
2177	904	2352	891	2058	943	1866	1430
BQG	895.0	2112.0	7	1
657	2085	1017	1943	855	2006	1052	2416
AUS	1547.0	1395.0	217	1
1539	1176	1349	1458	1643	1494	1659	1455
ERE	1120.0	2154.0	172	1
830	2243	1403	1948	1354	2487	894	1940
QBQ	1987.0	1126.0	12	1
2132	1131	1856	1175	2055	1107	1906	1092
WLQ	1850.0	2268.0	284	1
1627	2405	1917	2329	1875	2124	1981	2216
RQU	686.0	1150.0	43	1
773	1269	823	1169	369	1244	780	919
XGI	1564.0	629.0	20	1
1828	603	1394	618	1380	563	1656	734
WBW	692.0	1231.0	191	1
734	1418	842	1143	802	1316	390	1050
THC	1308.0	2053.0	243	1
1491	1948	1162	1941	1158	2148	1422	2177
HHC	895.0	1731.0	186	1
767	1897	882	1569	1183	1833	749	1625
PJR	1051.0	1076.0	98	1
928	1032	951	1063	1157	1196	1170	1016
THX	1048.0	1207.0	211	1
1212	1135	912	1148	1172	1204	896	1341
VDJ	2298.0	2162.0	179	1
2273	2470	2107	2097	2177	2019	2638	2064
MNB	1632.0	510.0	39	1
1548	725	1534	216	1475	330	1972	769
OYV	1276.0	2469.0	34	1
1341	2682	1420	2267	1208	2654	1135	2274
YAL	1004.0	567.0	275	1
1111	696	709	668	1024	385	1173	520
AQN	536.0	1578.0	294	1
754	1767	479	1465	652	1338	260	1744
EAM	2355.0	1256.0	1	1
2243	1549	2499	1129	2257	1191	2421	1158
LKK	1103.0	2059.0	225	1
1101	1918	1212	2183	988	1963	1114	2172
ANU	2472.0	2142.0	155	1
2610	1970	2527	2326	2305	2044	2447	2231
EHR	879.0	589.0	106	1
670	744	850	581	899	336	1099	697
YEB	1181.0	1715.0	35	1
934	1733	1266	1811	1216	1518	1310	1801
FBL	1716.0	1407.0	51	1
1523	1445	1743	1488	1743	1518	1857	1179
VAG	790.0	982.0	62	1
889	930	829	792	629	1225	814	982
TNE	2239.0	1485.0	59	1
2422	1461	2024	1525	2055	1595	2458	1362
KCO	1324.0	823.0	129	1
1233	979	1242	858	1377	584	1445	873
BNP	587.0	2302.0	52	1
737	2271	393	2380	608	2160	612	2397
PVK	1334.0	2220.0	46	1
1447	2249	1366	2190	1177	2089	1348	2355
KXT	1478.0	2020.0	132	1
1543	2005	1818	2194	1278	1990	1275	1892
IFG	613.0	1758.0	235	1
648	1884	466	1413	742	1796	596	1939
PNZ	1190.0	1608.0	145	1
1384	1505	1053	1742	1037	1650	1288	1535
CJW	1335.0	1093.0	208	1
1225	1372	1286	1203	1372	911	1459	887
KCT	698.0	1124.0	40	1
715	1136	836	1042	407	1021	837	1299
GSH	2053.0	1691.0	5	1
1868	1889	1960	1648	2288	1734	2098	1493
DFK	1820.0	531.0	251	1
1940	416	1901	645	1757	595	1684	470
CJI	1306.0	795.0	70	1
1226	931	1151	607	1544	658	1303	985
HMS	1546.0	1243.0	2	1
1365	1367	1461	1434	1574	1141	1785	1031
KKG	2260.0	1294.0	147	1
2302	1138	2219	1426	2336	1138	2183	1476
GLP	2240.0	1381.0	74	1
2278	1366	1950	1365	2249	1497	2485	1296
FAL	560.0	2265.0	36	1
535	2113	332	2277	599	2231	776	2439
RNI	2326.0	1939.0	296	1
2368	2160	2171	2154	2253	1719	2514	1726
UUV	889.0	2296.0	214	1
965	2250	774	2251	967	2328	853	2356
EBP	1453.0	519.0	82	1
1401	533	1557	789	1480	401	1374	353
RAC	1672.0	252.0	202	1
1809	306	1257	228	1814	144	1809	332
PTU	1470.0	1168.0	57	1
1598	1045	1297	1063	1387	1342	1599	1223
DLT	1242.0	1133.0	126	1
1248	1139	1245	1102	1028	1372	1450	920
GSA	2364.0	718.0	67	1
2392	776	2336	741	2174	509	2556	848
MCE	1192.0	2169.0	140	1
1087	2260	1179	2525	1288	1949	1217	1943
