TFH	944.0	611.0	15	1
669	653	987	618	1087	513	1033	663
NDZ	2353.0	2229.0	154	1
2497	2488	2499	2370	2099	2006	2317	2055
UON	1081.0	765.0	208	1
1227	494	1180	899	714	741	1204	926
YCK	1680.0	1148.0	263	1
1917	1344	1595	1098	1579	1274	1629	879
AGZ	863.0	710.0	137	1
878	878	996	889	596	573	983	503
NJS	2315.0	2291.0	140	1
2332	2432	2219	2222	2558	2098	2153	2414
KOI	1079.0	2191.0	113	1
1183	2434	812	2090	1072	2037	1249	2203
VVK	719.0	965.0	244	1
891	643	931	843	574	1188	481	1188
UNE	614.0	1800.0	125	1
729	1954	472	1760	547	1839	710	1648
JHJ	1286.0	616.0	256	1
1329	575	1407	759	1442	700	969	433
IFF	1269.0	1523.0	83	1
1275	1417	1277	1603	1283	1605	1242	1468
DBI	2043.0	1241.0	72	1
1836	1463	2032	1255	2317	1068	1988	1181
UHT	1109.0	1202.0	224	1
902	1190	1281	1340	905	1161	1351	1119
IGK	1715.0	756.0	60	1
1788	948	1680	688	1656	588	1738	801
HEO	1226.0	1326.0	185	1
1352	1247	1168	1001	1308	1548	1078	1508
PCK	1025.0	1896.0	148	1
1330	1983	958	1825	963	1857	850	1920
WSK	946.0	1902.0	74	1
925	1927	999	1872	772	1709	1090	2100
SLH	1038.0	1435.0	198	1
1088	1554	1237	1315	786	1208	1044	1664
XTQ	804.0	1930.0	149	1
939	2002	805	1720	649	1826	824	2173
JSX	1802.0	618.0	210	1
1998	804	1900	547	1666	588	1647	534
LMJ	831.0	1501.0	50	1
686	1365	518	1519	1057	1427	1063	1693
FXV	1867.0	2226.0	278	1
1853	2468	1952	1960	1794	2224	1870	2254
EGM	2047.0	406.0	106	1
2128	226	2046	258	2037	447	1978	696
GMD	1963.0	2146.0	104	1
1937	2198	2016	2190	2042	2038	1857	2161
ALT	1353.0	1084.0	45	1
1175	992	1225	961	1528	1010	1484	1373
FJZ	2132.0	1446.0	134	1
2138	1355	1972	1364	2214	1779	2204	1288
GTF	2308.0	1378.0	287	1
2226	1613	2535	1263	2278	1354	2194	1284
PIH	886.0	1000.0	123	1
885	1085	803	1019	1013	1102	843	796
UYJ	1087.0	2444.0	134	1
921	2420	1281	2423	797	2457	1352	2479
WPS	600.0	1910.0	62	1
562	2080	850	1891	331	1599	657	2071
LPS	1443.0	1093.0	178	1
1511	870	1597	901	1371	1369	1294	1232
HQN	991.0	669.0	239	1
756	961	959	582	1173	595	1077	538
MKY	1434.0	2150.0	81	1
1466	2222	1531	1995	1351	2231	1389	2155
AOJ	882.0	542.0	55	1
686	392	780	860	933	351	1131	567
FQV	2152.0	477.0	224	1
1940	601	2124	632	2220	168	2325	510
QGF	1161.0	1041.0	179	1
1030	1120	903	1244	1385	898	1328	902
ZBB	1355.0	1639.0	150	1
1168	1548	1582	1935	1480	1567	1193	1506
EAR	1694.0	1657.0	275	1
1623	1661	1890	1609	1864	1757	1399	1602
WDP	1694.0	1572.0	36	1
1755	1715	1549	1369	1499	1375	1974	1832
UBA	2414.0	2537.0	30	1
2260	2543	2588	2437	2133	2542	2677	2626
QCY	1905.0	1536.0	294	1
2104	1395	1567	1426	2049	1581	1901	1743
GVF	1092.0	1300.0	297	1
881	1163	1023	1386	1042	1588	1425	1063
WJI	1413.0	1929.0	139	1
1168	2038	1421	1807	1336	1928	1727	1943
ISH	1176.0	1855.0	267	1
1287	1932	1099	1588	1368	2123	950	1779
ZQU	718.0	2192.0	32	1
726	2233	862	2309	780	2394	507	1833
KKV	1864.0	1807.0	88	1
1815	1724	1834	1773	1881	1721	1926	2013
GKD	1213.0	547.0	99	1
953	318	1260	633	1320	445	1319	795
NWE	2040.0	1133.0	78	1
2173	1131	1809	942	1853	1157	2327	1302
DLD	904.0	1915.0	162	1
784	1827	986	1962	772	2015	1076	1859
QXU	1426.0	1962.0	186	1
1298	2045	1594	2035	1349	2059	1463	1711
