VNT	773.0	745.0	268	1
936	703	946	531	615	838	595	910
XZQ	752.0	1743.0	279	1
985	1779	480	1909	809	1369	734	1918
MZB	827.0	1240.0	290	1
698	1328	847	1276	896	1215	870	1142
FOE	1227.0	1289.0	215	1
1394	1540	1416	1162	907	1199	1193	1257
LQV	1555.0	561.0	449	1
1517	570	1761	706	1600	532	1344	437
UFE	621.0	2109.0	489	1
505	1949	619	2150	706	2175	657	2164
HFS	1267.0	743.0	289	1
1278	597	1425	841	1077	581	1290	955
IID	839.0	2082.0	273	1
659	2069	893	2096	878	2337	926	1828
EPH	1176.0	1957.0	319	1
1110	2051	1104	1979	1190	1894	1303	1907
PQD	983.0	1324.0	361	1
892	1472	1065	1275	835	1077	1143	1473
GGL	1949.0	2001.0	251	1
1617	2001	2096	2153	2011	2139	2072	1711
FOP	1168.0	519.0	447	1
1002	587	1167	355	1325	738	1181	396
IYV	2242.0	1396.0	376	1
2375	1288	2071	1157	2296	1494	2227	1647
LBV	2359.0	860.0	233	1
2434	1112	2196	776	2485	607	2322	947
IKR	1464.0	1037.0	222	1
1509	1215	1304	860	1457	1059	1586	1017
HSM	1338.0	2458.0	295	1
1231	2352	1426	2611	1508	2182	1187	2690
SBU	2233.0	1604.0	472	1
2248	1694	2335	1693	2068	1643	2284	1386
HKS	1745.0	1734.0	478	1
1410	1912	1742	1712	1904	1683	1924	1631
AYH	691.0	555.0	266	1
503	849	684	396	860	296	720	682
QER	2183.0	2322.0	212	1
2007	2425	2269	2194	2246	2128	2211	2544
VDX	770.0	587.0	478	1
978	701	871	561	656	298	578	788
CHG	1053.0	1127.0	292	1
859	1030	1066	1082	1238	1342	1052	1054
ZTR	1987.0	1737.0	413	1
1965	1620	2074	1725	2080	1915	1829	1689
XQC	922.0	1817.0	435	1
1072	1790	683	1663	971	1965	963	1851
WRG	2262.0	1923.0	239	1
1970	1879	2524	2106	2361	1791	2196	1918
EXD	1747.0	1079.0	329	1
1759	774	1698	1000	1902	1303	1630	1241
MUQ	815.0	1551.0	292	1
601	1675	1162	1487	830	1359	668	1684
KVK	664.0	2170.0	464	1
557	2295	803	2064	569	2004	727	2318
MNO	2259.0	1352.0	484	1
2389	1512	2389	1363	1980	1287	2278	1248
SJI	1177.0	314.0	444	1
1415	496	1220	363	838	199	1237	199
MYX	2150.0	1797.0	213	1
1982	1721	2399	1913	2272	1834	1947	1722
FCC	665.0	2045.0	317	1
621	2097	922	1820	596	1976	523	2287
BYQ	1231.0	1327.0	487	1
1454	1111	1189	1567	1373	1552	908	1079
HGZ	616.0	1691.0	296	1
523	1733	582	1727	725	1788	635	1519
CMO	2128.0	1845.0	363	1
1918	2126	2183	1784	2350	1647	2063	1825
PEJ	1567.0	1396.0	356	1
1840	1497	1630	1582	1468	1164	1333	1343
DCH	706.0	969.0	278	1
944	1069	654	1135	520	668	709	1007
TEY	1674.0	2027.0	305	1
1684	1955	1622	2201	1615	1821	1777	2134
ZLF	1618.0	642.0	308	1
1338	816	1652	512	1580	834	1902	408
TUA	614.0	1434.0	225	1
782	1219	525	1256	450	1643	699	1618
KVP	822.0	426.0	451	1
1006	212	619	582	850	600	814	311
TXO	1866.0	2250.0	488	1
1973	2405	1836	2179	1819	2305	1837	2112
XUK	2185.0	960.0	279	1
2287	812	1883	884	2162	878	2409	1268
AIF	1222.0	1046.0	299	1
1134	835	1065	1072	1615	1288	1074	991
PEC	833.0	2093.0	334	1
867	1888	817	2152	1067	2120	581	2214
XBG	1851.0	468.0	361	1
1802	593	2130	168	1837	595	1637	516
HTO	2208.0	696.0	265	1
2145	332	2325	809	2336	768	2028	875
XUL	1218.0	1335.0	248	1
972	1437	1328	1490	1387	1242	1186	1172
CSQ	2236.0	1831.0	500	1
2480	1755	2140	1720	2378	2043	1947	1806
HZT	1329.0	603.0	419	1
1346	791	1339	388	1257	628	1377	607
