GSP	2313.0	753.0	225	1
2190	613	2415	725	2221	834	2427	842
LWB	1395.0	1672.0	217	1
1255	1540	1391	1755	1650	1617	1287	1776
ZYS	2369.0	888.0	472	1
2468	945	2024	764	2499	1116	2487	730
LNG	1900.0	1293.0	228	1
2145	1259	2035	1217	1748	1241	1674	1456
BTP	1950.0	1149.0	253	1
2145	1381	1659	1320	1880	959	2117	937
XZU	1657.0	1871.0	224	1
1550	2146	1754	1881	1496	1684	1830	1774
WIT	2088.0	2212.0	311	1
2033	2233	2312	2233	2083	2208	1925	2176
KNU	2279.0	1012.0	461	1
2381	825	2410	1158	2374	767	1954	1301
DMN	2299.0	880.0	356	1
2311	942	2139	878	2462	836	2285	864
GKM	1220.0	2326.0	225	1
1331	2418	971	2248	1405	2249	1173	2389
CKW	2066.0	981.0	450	1
1868	957	2326	950	2210	1050	1860	967
PXL	575.0	1962.0	430	1
513	2181	444	1593	865	2067	480	2008
NPF	1943.0	1641.0	447	1
1667	1641	2098	1897	1983	1499	2024	1529
WJK	2366.0	1001.0	384	1
2223	1204	2347	818	2507	1047	2387	935
HPW	1008.0	1302.0	289	1
978	1315	902	1180	1118	1206	1036	1509
TXX	2120.0	1127.0	470	1
2125	1233	2263	1133	1910	950	2184	1192
YFE	1493.0	631.0	360	1
1520	972	1520	487	1599	485	1336	582
HSA	612.0	522.0	319	1
534	686	626	389	576	598	713	416
OBK	937.0	2309.0	260	1
1031	2128	900	2326	832	2393	986	2389
FVM	1803.0	2436.0	379	1
1573	2510	2107	2268	1840	2498	1695	2471
CEW	1969.0	766.0	214	1
2053	903	1773	522	1898	752	2155	890
VQQ	1427.0	1630.0	498	1
1462	1691	1540	1732	1353	1540	1353	1560
OYR	920.0	1443.0	258	1
969	1192	1065	1497	775	1537	873	1546
BFR	1913.0	990.0	490	1
1945	1163	1967	1004	1877	854	1864	941
HFF	638.0	1659.0	372	1
488	1896	619	1493	569	1772	876	1475
PSU	2364.0	1879.0	305	1
2386	1674	2483	1943	2184	2070	2403	1832
PBM	1679.0	544.0	302	1
1511	663	1788	346	1543	417	1875	752
QVF	795.0	2138.0	402	1
786	2203	858	1898	573	2243	964	2209
PVC	1949.0	2362.0	258	1
1917	2441	1685	2225	1986	2453	2210	2330
IKM	2319.0	1525.0	405	1
2438	1422	2329	1519	2422	1775	2089	1387
TAY	382.0	1098.0	272	1
512	865	253	1395	487	947	276	1185
XGP	1159.0	1154.0	218	1
1165	990	1231	1288	1323	989	920	1349
INT	802.0	434.0	397	1
663	524	690	191	984	469	874	553
JZR	2187.0	2179.0	232	1
1981	2120	2102	2435	2297	2160	2371	2004
SXC	1843.0	1337.0	454	1
1866	1344	1899	1332	1741	1117	1866	1556
OFV	2269.0	1458.0	380	1
2017	1325	2509	1821	2392	1430	2160	1259
JDQ	701.0	915.0	224	1
562	1095	607	880	672	935	964	752
FSZ	845.0	2295.0	209	1
1027	2275	662	2417	1018	2326	676	2162
PJE	756.0	894.0	221	1
642	1240	644	745	814	747	924	845
BAR	808.0	561.0	437	1
652	507	919	765	874	606	788	367
PGN	1979.0	1550.0	309	1
1842	1339	1989	1799	2107	1620	1979	1443
WOU	438.0	974.0	338	1
708	1132	613	1076	272	844	159	847
JLA	956.0	1305.0	289	1
743	1384	1027	1172	913	1143	1143	1524
WBC	1165.0	2029.0	306	1
1198	1953	1430	2127	1123	1971	910	2068
VKL	857.0	2060.0	311	1
875	1961	615	1796	872	2229	1066	2254
SSA	1743.0	1622.0	499	1
1800	1445	1477	1697	1740	1567	1958	1782
JGL	615.0	247.0	424	1
823	402	563	259	521	202	554	127
YXQ	2231.0	1980.0	493	1
2124	2215	1982	2092	2355	1835	2464	1780
JFB	1175.0	458.0	478	1
1009	395	1153	471	1084	490	1457	479
QCA	2377.0	1523.0	346	1
2197	1514	2580	1637	2601	1254	2133	1689
