SBX	553.0	2235.0	405	1
827	2352	664	2112	383	2022	340	2456
QJJ	1511.0	1200.0	282	1
1657	1354	1576	1072	1206	1402	1605	973
BFI	548.0	863.0	335	1
333	671	485	735	565	839	810	1210
MSM	1652.0	1035.0	277	1
1443	1071	1516	1050	1793	861	1858	1158
GLU	1683.0	2185.0	345	1
1710	2120	1753	2438	1645	2241	1624	1941
XWO	794.0	609.0	354	1
769	555	627	686	939	657	841	539
DGV	1085.0	2141.0	408	1
1025	2217	841	2183	1143	2052	1332	2115
KTN	679.0	2186.0	326	1
803	2302	451	2117	907	2022	557	2304
KYE	2107.0	1728.0	476	1
2166	1676	1958	1990	1964	1710	2343	1536
ZBG	587.0	1888.0	446	1
597	1769	526	2022	548	2138	679	1626
UOY	1483.0	1301.0	321	1
1605	1566	1691	1228	1486	1239	1151	1174
MXL	1816.0	1515.0	395	1
1972	1557	1771	1619	1853	1687	1668	1197
KNW	1535.0	2134.0	313	1
1518	2157	1659	2230	1482	1959	1481	2191
IGK	1316.0	1264.0	287	1
1416	1141	1065	1046	1471	1347	1315	1522
KJQ	269.0	2394.0	225	1
248	2279	233	2455	167	2232	430	2612
EGZ	2300.0	659.0	228	1
2377	952	2372	573	2270	421	2182	690
DSR	1423.0	1838.0	227	1
1595	1939	1423	1709	1411	1815	1266	1890
MWL	1771.0	676.0	362	1
1672	420	1841	436	1608	911	1965	939
ZDM	2266.0	1793.0	361	1
2191	1580	2437	1932	2284	1619	2152	2044
YPD	1692.0	487.0	391	1
1855	333	1690	491	1528	511	1696	614
QXB	698.0	1197.0	429	1
580	1293	583	1113	689	1189	941	1194
AUR	835.0	1070.0	396	1
1056	770	625	1256	713	1139	947	1117
NEP	1386.0	1758.0	307	1
1408	1627	1726	1953	1236	1528	1176	1926
TTE	1132.0	1204.0	405	1
1281	1035	983	1279	1048	1198	1216	1307
KPI	1023.0	1493.0	231	1
777	1545	1036	1277	1078	1504	1204	1649
UXQ	899.0	649.0	202	1
1018	840	992	395	866	646	722	717
RMO	496.0	811.0	227	1
412	733	554	827	307	771	713	916
BJF	2322.0	689.0	237	1
2376	510	2357	704	2433	915	2123	629
TBT	2106.0	2019.0	420	1
2056	1937	2145	2095	2195	1896	2030	2149
QJP	758.0	1416.0	465	1
1093	1485	798	1457	571	1574	570	1148
BDZ	1804.0	1369.0	485	1
1880	1269	1874	1375	1773	1453	1691	1382
XUL	1735.0	342.0	417	1
1651	112	1732	436	1611	566	1947	254
SCL	864.0	1711.0	447	1
885	1770	806	1630	999	1911	767	1536
MVJ	439.0	776.0	413	1
279	955	669	564	361	909	447	677
OID	2213.0	1714.0	478	1
2244	1888	2382	1634	2232	1757	1996	1577
CEA	2284.0	686.0	470	1
2257	656	2320	793	2318	863	2243	433
GUG	1856.0	1379.0	466	1
1702	1463	1974	1169	1765	1494	1983	1392
PWM	2315.0	1743.0	330	1
2324	1593	2331	1921	2194	1803	2412	1656
PCY	1225.0	917.0	394	1
1055	996	1526	842	1111	1029	1208	804
GYR	602.0	812.0	348	1
749	678	731	1052	380	505	550	1013
IIU	1985.0	1249.0	352	1
2017	1131	1832	1303	1878	1264	2215	1301
TMW	1824.0	2214.0	371	1
1632	1960	1794	2446	1824	2456	2047	1995
RXS	2285.0	722.0	428	1
2249	846	2068	447	2569	663	2257	932
XMG	1949.0	1845.0	479	1
1902	2069	2117	1928	1758	1843	2019	1540
EET	891.0	1395.0	346	1
953	1278	855	1713	981	1268	776	1323
VPG	1447.0	2021.0	250	1
1460	2227	1400	2008	1472	1790	1458	2060
SFC	794.0	1706.0	448	1
698	1662	920	1553	682	2022	879	1588
CRR	1744.0	2136.0	482	1
1739	2000	1889	1881	1807	2324	1543	2341
OFI	864.0	572.0	434	1
617	550	766	661	1142	571	934	506
ZVO	828.0	2018.0	204	1
708	1955	688	2118	1025	1817	892	2183
