GOB	1896.0	1901.0	93	1
1933	2041	2045	1843	1574	1759	2032	1961
YZE	374.0	1680.0	134	1
485	1597	268	1799	204	1823	541	1502
ISK	1393.0	2030.0	295	1
1322	2124	1460	1879	1568	1834	1224	2283
SWU	570.0	2133.0	217	1
830	2113	579	1874	486	2292	388	2253
TUY	1721.0	587.0	207	1
1906	431	1718	571	1682	772	1578	576
CWU	2153.0	422.0	229	1
2123	381	2170	311	2032	555	2290	441
VFN	2244.0	1227.0	182	1
2035	1143	2430	1475	2423	1153	2090	1137
AHB	547.0	1514.0	58	1
608	1416	389	1602	605	1517	589	1523
CXV	1456.0	763.0	200	1
1417	930	1571	684	1397	588	1441	851
GNH	1898.0	1733.0	239	1
1623	1502	1820	1809	1986	1712	2163	1910
HXW	2033.0	610.0	147	1
2154	645	2063	622	1885	511	2030	664
JGB	2074.0	1820.0	258	1
2166	1893	1983	1630	2104	1955	2043	1803
HJJ	1055.0	1100.0	43	1
1088	944	878	1300	1200	1002	1054	1157
MIK	486.0	1112.0	92	1
593	1080	394	1241	690	1255	269	873
DPD	2102.0	2271.0	72	1
2055	2117	2130	2168	2009	2450	2216	2352
FVI	1129.0	1276.0	112	1
1344	1097	1029	1429	900	1089	1245	1491
VVQ	950.0	486.0	268	1
899	513	1182	557	797	614	923	263
YYD	1151.0	827.0	182	1
1279	635	1190	1044	1247	774	888	856
ZCU	1435.0	2218.0	26	1
1605	2370	1190	2241	1536	2383	1410	1880
EAI	1936.0	341.0	240	1
2223	403	1962	343	1655	176	1906	444
AGR	1509.0	1378.0	252	1
1353	1562	1656	1179	1653	1399	1376	1372
QVS	1771.0	2154.0	69	1
1616	2070	1817	2049	1730	2127	1921	2372
GCV	702.0	1909.0	46	1
956	1943	457	1916	491	1884	905	1895
QZF	2383.0	2255.0	173	1
2583	2170	2384	2350	2404	2247	2161	2255
WKU	671.0	920.0	297	1
918	831	487	1014	683	758	599	1078
FPP	1350.0	2226.0	228	1
1252	2214	1199	2156	1451	2347	1499	2189
MQE	1210.0	2185.0	240	1
1417	2256	981	2061	1319	2019	1125	2404
PVB	1351.0	466.0	74	1
1254	696	1352	322	1412	656	1386	190
QUK	1277.0	1325.0	196	1
1082	1420	1424	1547	1203	1288	1401	1047
HMR	2482.0	1639.0	249	1
2598	1704	2092	1636	2638	1376	2600	1840
LOZ	2245.0	1248.0	28	1
2284	1423	2420	1177	2081	1243	2198	1151
ZWV	1951.0	1951.0	270	1
2152	2045	1915	1847	1931	1918	1807	1994
ONE	2412.0	890.0	162	1
2449	756	2622	1115	2089	958	2491	733
TBD	1369.0	1455.0	237	1
1583	1548	1384	1372	1143	1289	1367	1614
DKD	1158.0	753.0	148	1
1167	713	863	666	1261	939	1341	694
DJE	2152.0	1521.0	42	1
2212	1412	2002	1512	2254	1608	2143	1553
KPW	420.0	1797.0	126	1
457	1790	335	1587	523	1740	366	2074
RBT	2174.0	1942.0	114	1
2292	2225	2356	1842	1898	1892	2153	1812
LAU	1101.0	481.0	183	1
847	421	1207	843	1300	323	1051	339
KEB	1453.0	1946.0	264	1
1348	1675	1341	2038	1389	2073	1734	1999
JHZ	991.0	518.0	6	1
727	191	951	739	1103	669	1185	476
RFO	2046.0	2139.0	271	1
1786	2179	2074	2341	2285	2100	2041	1939
YOS	1018.0	1248.0	1	1
944	1292	760	1059	1185	1464	1184	1178
VYU	1483.0	2408.0	240	1
1426	2520	1307	2645	1674	2300	1526	2168
YEU	1903.0	861.0	22	1
1988	759	2050	1019	1885	954	1691	712
TEF	478.0	2318.0	215	1
331	1985	469	2528	517	2235	597	2527
JJF	1047.0	632.0	252	1
1100	646	1105	676	917	676	1068	531
KGR	867.0	1573.0	77	1
1006	1432	659	1670	1035	1546	769	1644
RHR	1841.0	2013.0	109	1
1908	1885	2065	2305	1706	1899	1687	1963
OKX	808.0	1143.0	174	1
853	1237	939	1270	870	896	570	1170
