XOX	615.0	2080.0	265	1
917	2216	551	1996	614	1867	379	2243
VHK	1240.0	833.0	143	1
1098	631	1420	830	1398	799	1044	1072
YTM	1183.0	1959.0	31	1
1233	1935	1136	1947	1025	1717	1341	2239
ULQ	782.0	2329.0	6	1
657	2501	742	2014	894	2560	836	2244
WFX	1729.0	1646.0	16	1
1830	1548	1397	1506	1899	1834	1793	1698
GGM	2207.0	2072.0	141	1
2318	1659	2120	2197	2455	2217	1938	2217
WZL	1976.0	1236.0	14	1
1679	1101	2062	1234	1995	1208	2169	1402
XGP	963.0	1044.0	75	1
755	884	893	1288	1184	1167	1020	839
XIP	1585.0	921.0	260	1
1739	1141	1830	853	1529	846	1244	847
FHK	1042.0	2081.0	211	1
1241	1906	922	2249	1078	2165	930	2006
JXU	555.0	2094.0	160	1
473	2050	410	1962	420	2464	920	1902
TTP	567.0	1191.0	235	1
314	1240	696	1352	447	1158	811	1014
TEB	2010.0	1673.0	44	1
2136	2006	1721	1697	2109	1528	2074	1462
PJO	2093.0	2083.0	47	1
2064	2075	2088	2246	2152	1782	2068	2232
CUJ	2188.0	1649.0	260	1
2052	1480	2142	1502	2138	1915	2423	1699
EAJ	1978.0	1626.0	17	1
1660	1713	2103	1729	2022	1545	2128	1520
JJK	1459.0	1603.0	139	1
1593	1822	1172	1515	1459	1553	1612	1524
EUX	1494.0	1457.0	65	1
1623	1677	1241	1220	1404	1272	1708	1661
YYZ	2244.0	719.0	148	1
2487	479	2156	835	2266	1047	2068	517
WCW	1089.0	816.0	256	1
806	835	1157	992	1326	534	1067	903
KZX	873.0	1084.0	113	1
838	952	799	992	837	1139	1021	1253
XYV	553.0	479.0	299	1
640	577	251	393	788	712	533	237
YFA	747.0	1193.0	221	1
933	1417	732	1038	703	1197	620	1121
HTP	777.0	1652.0	248	1
897	1801	634	1629	824	1792	754	1389
PJC	564.0	2078.0	110	1
532	2051	516	2184	753	1937	455	2143
WRM	1379.0	1639.0	179	1
1501	1566	1531	1575	1006	1559	1478	1858
DWT	1308.0	2046.0	223	1
1398	1938	1264	2019	1560	2269	1011	1959
QRH	812.0	1465.0	17	1
754	1545	891	1441	967	1370	639	1504
SZV	2504.0	2108.0	129	1
2423	2202	2664	2134	2320	1820	2609	2277
ERU	962.0	1449.0	90	1
1041	1555	840	1350	878	1720	1091	1171
KZT	1032.0	1920.0	75	1
887	1758	1100	2293	945	1813	1197	1818
ZDL	1693.0	517.0	186	1
1525	703	1695	490	1697	357	1858	518
BDV	829.0	1261.0	177	1
758	1208	826	1512	1032	1207	701	1117
EXH	715.0	1370.0	156	1
627	1373	1024	1380	548	1202	662	1526
PZB	928.0	1454.0	59	1
768	1599	1193	1691	827	1164	925	1364
BYL	732.0	1354.0	225	1
780	1136	939	1438	518	1508	691	1337
XTS	1590.0	2048.0	120	1
1647	2060	1735	1948	1778	2260	1202	1926
XFZ	2328.0	1153.0	243	1
2338	1272	2416	1013	2515	961	2046	1369
QMZ	2186.0	1050.0	184	1
2364	1030	2200	1090	2193	1067	1990	1016
BPF	1384.0	2207.0	271	1
1580	2442	1559	2407	1182	1912	1218	2067
RLL	1106.0	1911.0	226	1
861	1775	1198	2104	1220	1691	1146	2074
RDY	2093.0	1407.0	210	1
2347	1237	1868	1270	1993	1694	2164	1428
GBL	683.0	2181.0	217	1
954	2458	738	1981	409	1962	633	2323
BDG	1810.0	983.0	96	1
2038	1014	1558	865	1716	880	1928	1175
HCX	2092.0	1589.0	87	1
1926	1607	2173	1486	2148	1631	2121	1635
ZKW	2029.0	1865.0	66	1
1964	1806	2109	1709	1816	1872	2229	2075
LRP	769.0	405.0	198	1
480	259	805	411	919	503	874	448
XRW	2310.0	431.0	279	1
2535	370	2500	337	2020	635	2187	382
WNH	1416.0	1093.0	275	1
1302	1342	1398	836	1687	1345	1280	849
MXX	2418.0	744.0	267	1
2558	724	2630	711	2429	784	2055	758
