XNL	1058.0	514.0	300	1
959	436	1334	569	940	442	1002	612
XGG	1583.0	1200.0	440	1
1905	1110	1565	999	1354	1396	1508	1296
RAH	1035.0	417.0	204	1
949	374	903	649	976	365	1313	281
EOW	976.0	2281.0	351	1
1125	2107	1010	2371	600	2251	1171	2396
REB	285.0	1233.0	342	1
296	1065	406	1199	268	1548	170	1123
JOZ	2292.0	915.0	465	1
2171	743	2458	927	2430	881	2111	1109
EEG	1177.0	744.0	443	1
1415	629	1377	504	988	907	928	938
BME	952.0	785.0	313	1
1049	894	1059	935	778	450	922	862
HZE	1701.0	1925.0	257	1
1718	1766	1943	1954	1616	2078	1529	1903
WOT	2316.0	988.0	460	1
2274	939	2326	1206	2571	1028	2095	781
TXP	582.0	2084.0	437	1
604	2336	627	1814	287	1856	811	2333
RWP	1268.0	1511.0	304	1
1168	1772	1337	1770	1175	1264	1394	1241
IQV	1617.0	1760.0	393	1
1961	1693	1447	1766	1441	1902	1620	1679
NOP	1527.0	573.0	384	1
1508	683	1648	478	1374	687	1578	447
PLR	2293.0	401.0	221	1
2340	401	2212	262	2289	365	2331	576
SSE	506.0	1009.0	254	1
486	808	539	1042	390	850	609	1339
BTN	699.0	1907.0	322	1
796	1937	766	1815	527	1958	707	1918
MIO	2034.0	1708.0	429	1
2098	1834	1829	1421	1935	1580	2274	2000
CSF	1241.0	1483.0	317	1
1052	1469	1484	1725	1142	1361	1286	1380
YLY	723.0	1964.0	244	1
609	2103	518	1924	911	1723	854	2108
SNB	1442.0	1323.0	258	1
1273	1255	1410	1323	1553	1300	1533	1416
TRF	2019.0	2289.0	249	1
1830	2125	2361	2483	1888	2128	1999	2423
TPE	1455.0	1256.0	350	1
1316	1335	1257	1245	1560	1253	1687	1193
HHP	1133.0	1368.0	358	1
935	1153	1229	1137	1224	1551	1144	1632
HTK	2145.0	736.0	222	1
2476	933	1901	557	2028	637	2178	817
FVA	1690.0	462.0	334	1
1662	754	1701	240	1822	592	1578	264
GUM	1374.0	1940.0	249	1
1430	1769	1184	2042	1538	2051	1346	1899
KOK	1504.0	1884.0	417	1
1371	1647	1685	1989	1396	2182	1567	1720
THN	1367.0	353.0	370	1
1368	573	1248	269	1471	269	1384	301
TVV	1888.0	811.0	331	1
1876	645	1812	865	1848	724	2019	1011
NCI	1458.0	1186.0	302	1
1468	1096	1496	1021	1595	1191	1274	1437
RKL	1582.0	1740.0	497	1
1718	1787	1768	1566	1360	1969	1483	1641
LOC	898.0	1224.0	254	1
776	1013	1060	1511	775	1278	983	1096
SRQ	763.0	1927.0	477	1
687	2170	941	1765	735	2144	691	1629
KOG	642.0	1743.0	201	1
537	1733	793	1575	598	1716	641	1948
NAT	2042.0	1674.0	212	1
2142	1907	2003	1700	2017	1754	2008	1338
JUU	1770.0	1077.0	452	1
1553	1197	1977	1167	2024	1142	1526	802
QLU	1293.0	580.0	220	1
1611	424	1196	507	1143	616	1223	774
PFS	1325.0	440.0	303	1
1358	466	1224	389	1586	430	1133	475
LOO	791.0	1762.0	330	1
830	1787	869	1800	745	1639	722	1824
NHB	1389.0	783.0	354	1
1559	859	1410	653	1229	907	1361	714
BEC	2178.0	1185.0	388	1
1977	1317	2030	1197	2296	1218	2409	1010
ANO	1860.0	1700.0	353	1
1847	1790	1898	1493	1750	1802	1946	1715
GSB	858.0	2057.0	451	1
718	2376	1029	2017	775	1961	913	1876
DNR	2052.0	1299.0	411	1
2086	1239	2209	1380	2185	1326	1731	1254
OOG	1070.0	1207.0	492	1
710	1124	1291	1396	1084	1283	1195	1027
DXP	989.0	1157.0	488	1
1187	1071	878	1049	896	1058	997	1450
UJH	829.0	1564.0	237	1
691	1372	1077	1623	547	1606	1001	1655
NPB	606.0	1122.0	493	1
636	1221	622	1250	502	879	665	1140
PFE	2044.0	1482.0	457	1
2192	1571	2038	1553	1790	1458	2156	1346
