NAM	2080.0	1276.0	142	1
2228	1254	1876	1321	1977	1197	2239	1332
BFI	2367.0	1230.0	160	1
2092	1196	2578	1306	2370	1397	2431	1022
TLF	2246.0	2142.0	287	1
2146	2431	2099	2050	2411	2127	2329	1962
UKI	1537.0	687.0	62	1
1490	357	1627	835	1449	801	1585	757
DDF	1067.0	1878.0	185	1
860	1720	1216	2154	1287	1727	906	1911
IPR	1060.0	448.0	87	1
1193	365	1161	475	961	450	928	502
EFC	2084.0	1017.0	134	1
2000	1010	2143	1086	1984	1142	2210	833
GHN	571.0	1783.0	32	1
748	2063	513	1592	423	1756	600	1723
PWL	444.0	871.0	148	1
601	755	342	904	462	1172	374	654
LVB	1891.0	1379.0	174	1
1715	1387	1954	1358	2069	1480	1829	1291
KWW	602.0	2308.0	276	1
602	2337	657	2411	586	2097	563	2389
XGH	735.0	2346.0	17	1
882	2493	505	2087	677	2330	877	2475
YXD	1142.0	1222.0	159	1
1110	1133	1282	1134	905	1055	1273	1568
PAS	2468.0	2027.0	196	1
2391	1980	2659	2058	2338	2042	2486	2029
LLJ	1496.0	581.0	78	1
1367	690	1462	874	1381	325	1776	435
OIA	925.0	542.0	168	1
1211	402	663	679	757	340	1071	750
ECN	2143.0	1987.0	232	1
2076	2146	2368	1790	2252	1875	1877	2138
PGV	1798.0	933.0	19	1
1830	1160	1888	763	1907	884	1568	925
PWR	1782.0	2010.0	188	1
1906	1920	1511	1750	1966	2239	1746	2134
TAB	914.0	1671.0	12	1
896	1551	883	1864	1102	1593	777	1678
NTT	2233.0	1041.0	212	1
2044	1291	2277	722	2229	941	2383	1211
MYC	656.0	778.0	194	1
748	769	416	644	908	914	555	785
XCW	1297.0	1068.0	290	1
1412	1165	1235	1002	1182	1148	1360	958
HDE	2318.0	973.0	272	1
2393	950	2317	1086	2398	990	2167	866
IWE	470.0	1770.0	112	1
470	1903	518	1858	439	1679	453	1641
DBD	2319.0	454.0	34	1
2204	707	2374	395	2133	561	2567	153
UNV	1444.0	1025.0	264	1
1326	976	1562	1095	1277	1018	1611	1013
DFP	2256.0	517.0	203	1
2138	379	2070	427	2575	694	2242	571
ERI	1948.0	1070.0	220	1
1781	1087	1737	946	2231	1358	2046	890
GEF	1657.0	1959.0	75	1
1552	1922	1491	1842	1835	1918	1753	2156
VFE	563.0	2151.0	191	1
646	2078	613	2334	765	2236	228	1959
SRF	1732.0	1487.0	50	1
1365	1620	1853	1639	1833	1307	1879	1385
URM	1572.0	2322.0	206	1
1720	2194	1548	2475	1559	2087	1463	2534
XKT	1135.0	915.0	114	1
953	1140	1054	872	1200	725	1335	923
YOZ	734.0	560.0	44	1
619	620	705	665	905	313	710	644
KME	1836.0	758.0	209	1
1718	778	1970	757	1738	807	1921	692
BZC	1240.0	2338.0	286	1
1090	2452	1155	2483	1554	2427	1162	1990
ZRP	1230.0	1155.0	40	1
1455	1022	1077	1423	1286	1059	1104	1119
XSV	1908.0	977.0	205	1
1621	825	1987	790	2036	1211	1990	1084
EUY	2333.0	1825.0	130	1
2075	1736	2453	1978	2436	1654	2371	1934
GQL	1696.0	1514.0	151	1
1457	1365	1740	1724	2026	1750	1561	1218
JPP	1298.0	1083.0	226	1
1493	1057	1092	1198	1103	1153	1504	926
AEX	1789.0	788.0	79	1
1813	1001	1821	872	1553	474	1972	805
CDI	812.0	1642.0	136	1
999	1746	893	1610	703	1649	653	1566
GRX	1290.0	2309.0	33	1
1362	2261	1271	2395	1104	2227	1426	2354
VTC	1123.0	926.0	75	1
1254	1037	1212	1030	1232	810	796	827
OGT	1749.0	375.0	198	1
1925	203	1885	270	1567	348	1622	679
CFB	796.0	969.0	263	1
1086	735	634	1291	676	746	791	1104
IJZ	419.0	2128.0	48	1
218	2075	498	2113	679	2375	284	1952
KHL	2268.0	584.0	105	1
2270	706	2306	553	2474	539	2023	541
