ERD	1595.0	1461.0	183	1
1512	1679	1571	1272	1714	1712	1584	1184
OID	1510.0	773.0	193	1
1315	1073	1237	783	1707	630	1781	606
USP	638.0	1679.0	111	1
561	1651	506	1602	823	1554	663	1911
HTP	1377.0	1830.0	108	1
1628	1820	1272	1896	1398	1822	1212	1782
OAO	980.0	1891.0	84	1
1128	1864	769	1945	990	1770	1036	1987
YFA	2123.0	381.0	126	1
2091	705	1957	345	1982	277	2464	197
ULI	1999.0	536.0	224	1
1957	663	1770	608	2265	496	2006	378
HED	1570.0	1279.0	238	1
1699	1234	1405	1290	1516	1429	1660	1165
MCI	1310.0	2272.0	118	1
1158	2174	1139	2286	1417	2301	1528	2327
QFP	1900.0	1149.0	160	1
1861	1241	1608	1268	2024	1191	2109	896
PLX	2311.0	1783.0	85	1
2203	1777	2437	1780	2485	1747	2122	1829
XRQ	676.0	458.0	63	1
720	219	647	321	746	706	594	589
UTU	1918.0	2016.0	240	1
1984	2093	2050	1817	1925	2056	1714	2101
EYO	917.0	1702.0	263	1
867	1840	776	1801	849	1749	1177	1419
REH	2252.0	2279.0	172	1
2256	2378	2141	2457	2116	2091	2496	2193
KIJ	2261.0	1176.0	137	1
2234	1394	2253	897	2428	1415	2132	998
JQM	711.0	1862.0	213	1
522	1692	863	1773	634	2117	828	1867
GIX	632.0	1061.0	291	1
889	1131	609	1030	593	941	439	1145
EWY	1311.0	930.0	291	1
1561	1269	1044	756	1575	891	1067	807
IQY	1250.0	667.0	224	1
1519	764	1125	569	1268	775	1091	563
KLX	1777.0	1870.0	255	1
1559	1865	1986	1940	1718	1945	1848	1731
LEZ	1156.0	1218.0	250	1
1217	1427	1151	1100	876	1348	1383	1000
MWV	1662.0	490.0	171	1
1790	524	1569	756	1855	451	1435	232
PHY	602.0	2142.0	68	1
832	2170	339	2382	737	2177	500	1840
IHM	628.0	2048.0	216	1
767	1875	502	2095	679	2027	565	2195
YWG	745.0	1220.0	44	1
571	1066	930	1303	514	1195	968	1317
YRY	1198.0	1391.0	151	1
1302	1321	1031	1577	1304	1491	1158	1176
VHQ	1319.0	1441.0	287	1
1531	1418	1255	1542	1207	1359	1284	1445
AGF	485.0	1912.0	179	1
356	2293	551	1708	701	1773	335	1877
ZFA	1529.0	665.0	160	1
1345	644	1382	831	1554	738	1836	448
ITZ	518.0	1461.0	223	1
580	1501	626	1342	436	1653	432	1349
OYA	353.0	1936.0	156	1
248	1990	257	1900	658	1825	251	2030
JWQ	2224.0	1234.0	199	1
2225	1323	2348	1288	2307	1220	2019	1106
DNZ	794.0	1490.0	16	1
692	1529	468	1461	1024	1478	995	1493
AGI	1905.0	1388.0	191	1
2074	1295	1604	1331	1981	1449	1964	1477
PZQ	637.0	1353.0	234	1
502	1558	997	1384	560	1196	489	1275
YCE	1626.0	847.0	63	1
1720	852	1624	712	1585	760	1576	1064
KGK	1902.0	1820.0	156	1
1916	1943	1764	1874	2200	1819	1730	1645
PAO	2162.0	585.0	254	1
2293	679	2032	546	2415	426	1910	691
IPT	519.0	2316.0	93	1
648	2222	266	2295	649	2366	515	2383
MWX	644.0	2424.0	133	1
738	2476	723	2204	525	2484	593	2534
JOR	2001.0	1978.0	7	1
2042	1913	1980	1950	1884	1812	2101	2237
JOV	1133.0	1534.0	136	1
1298	1590	866	1308	942	1696	1427	1545
EXV	1874.0	1131.0	261	1
2005	1314	1727	1289	1994	983	1773	938
HTC	870.0	1891.0	74	1
1173	1861	890	1718	837	2091	583	1896
HSS	2058.0	1981.0	72	1
2259	1972	1811	1708	2045	2042	2120	2202
SAC	267.0	1895.0	152	1
136	1926	403	1876	318	1788	211	1991
DYL	2180.0	2336.0	276	1
2368	2478	2252	2194	1903	2575	2197	2099
BFA	1574.0	645.0	246	1
1449	887	1684	638	1471	696	1693	359
GEF	1917.0	806.0	106	1
2170	758	2160	636	1722	769	1616	1063
