PKU	477.0	2306.0	34	1
285	2433	430	2264	498	2313	696	2216
UWL	1938.0	1380.0	16	1
2088	1370	1763	1225	2195	1399	1706	1529
XMB	1728.0	574.0	101	1
1538	761	1688	314	1777	495	1909	728
BEP	457.0	829.0	137	1
744	691	314	602	572	877	201	1149
XZT	1230.0	901.0	111	1
1252	824	1320	1065	985	697	1363	1021
ILR	1242.0	751.0	105	1
1104	569	1491	787	1238	627	1137	1023
AXW	866.0	2023.0	198	1
743	2089	753	2177	693	2159	1278	1667
CGE	1403.0	1234.0	26	1
1468	1269	1249	1184	1616	1198	1282	1286
XKM	590.0	1510.0	37	1
803	1278	491	1346	464	1656	605	1763
PSV	857.0	710.0	85	1
1167	543	754	793	898	600	611	905
GIF	404.0	1583.0	75	1
521	1593	419	1651	176	1431	500	1658
GQX	1117.0	1540.0	84	1
987	1335	1328	1388	980	1658	1174	1781
XTO	1293.0	1563.0	236	1
1228	1680	1492	1630	991	1730	1461	1212
CCK	1057.0	2167.0	101	1
1109	2027	710	2395	1189	2007	1221	2242
JXW	1488.0	820.0	7	1
1267	850	1228	709	1724	774	1735	948
PTK	1395.0	1079.0	214	1
1478	1215	1556	1086	1090	957	1457	1061
CMB	1358.0	514.0	258	1
1408	448	1304	634	1320	671	1402	306
FMF	1840.0	509.0	280	1
1833	569	1885	848	1679	327	1964	293
FRV	1994.0	1839.0	89	1
1757	2039	2235	1788	1997	1942	1988	1588
MWH	1193.0	556.0	90	1
1042	525	1080	386	1158	507	1493	808
DBJ	1069.0	1297.0	212	1
1120	1368	868	1317	1202	1166	1089	1337
QFU	578.0	1193.0	225	1
772	1326	734	1170	236	1168	571	1111
VCB	486.0	1645.0	286	1
182	1611	571	1805	703	1405	489	1759
GQA	812.0	1411.0	275	1
593	1411	832	1438	1090	1304	736	1494
VDO	1135.0	1519.0	233	1
1225	1752	947	1278	1359	1537	1010	1511
ZWQ	2148.0	2048.0	281	1
2060	2039	2321	1991	1910	2150	2301	2012
JUD	1633.0	1991.0	205	1
1617	2049	1656	2001	1592	1841	1670	2075
LFU	2229.0	710.0	103	1
2395	651	2220	669	2011	772	2291	750
LJZ	569.0	2336.0	278	1
690	2196	594	2403	655	2582	340	2164
SYY	738.0	2119.0	214	1
640	2178	858	2152	764	1877	692	2271
JWD	1165.0	1832.0	0	1
1049	2066	1278	2082	1124	1540	1211	1641
AFV	2170.0	2301.0	163	1
2314	2539	2115	2200	2294	2223	1960	2245
MNV	1382.0	433.0	265	1
1153	373	1521	497	1179	482	1677	382
HBK	1582.0	556.0	43	1
1465	348	1342	502	1737	919	1785	455
SWW	1478.0	1950.0	19	1
1679	1769	1356	1847	1640	2025	1237	2160
TEK	950.0	481.0	16	1
750	568	1183	417	1072	489	795	453
RCB	2025.0	701.0	119	1
2148	874	1783	448	1971	801	2200	684
YAA	2518.0	2202.0	72	1
2158	2164	2670	2146	2634	2206	2610	2295
QPU	1500.0	873.0	217	1
1660	781	1370	667	1655	1148	1315	896
DPJ	2102.0	1127.0	101	1
2235	1099	1953	887	2160	1263	2063	1261
LSY	1723.0	2180.0	21	1
1988	2478	1508	1927	1820	1994	1576	2321
HQI	2247.0	2419.0	138	1
2314	2255	2239	2458	2093	2578	2342	2386
CGB	891.0	1652.0	150	1
876	1590	964	1548	1034	1809	692	1662
IIC	827.0	348.0	61	1
1046	429	497	177	739	559	1026	230
OCN	1043.0	927.0	106	1
926	1077	982	1105	1201	803	1065	725
FVD	1267.0	1267.0	159	1
1263	1375	1379	1327	1213	1290	1215	1076
MJW	1821.0	1694.0	198	1
2093	1760	1582	1405	1690	1768	1922	1843
HWU	2048.0	769.0	282	1
2090	652	2179	734	1891	656	2032	1035
RNT	648.0	1786.0	238	1
398	1947	588	1601	833	1782	775	1815
IIE	2286.0	456.0	24	1
2236	219	2089	342	2390	577	2432	686
