HOO	2366.0	1246.0	71	1
2076	964	2527	1386	2631	1270	2233	1367
WRB	1405.0	1676.0	1	1
1695	1673	1240	1622	1404	1634	1283	1776
ADY	2099.0	1631.0	173	1
2085	1830	2108	1619	2020	1379	2186	1696
KHJ	1319.0	510.0	202	1
1145	352	1338	625	1534	749	1260	315
VXB	1617.0	2287.0	138	1
1455	2457	1532	2115	1927	2218	1555	2361
SJD	2134.0	2454.0	32	1
2288	2175	1787	2513	2181	2579	2281	2549
ZOJ	1883.0	1527.0	71	1
2028	1798	1754	1314	2034	1565	1718	1434
DPF	1729.0	1973.0	252	1
1775	1810	1855	1687	1811	2195	1477	2202
BQT	1864.0	1956.0	209	1
1972	1776	1718	2119	1669	2009	2097	1922
GKY	666.0	777.0	93	1
429	707	777	792	764	750	697	860
XZF	669.0	1527.0	209	1
688	1423	601	1531	803	1484	584	1672
CZG	858.0	1017.0	47	1
699	1183	1035	1052	640	997	1060	837
GAD	1009.0	622.0	113	1
923	617	1055	582	1195	442	866	847
LUF	1695.0	2033.0	69	1
1663	1827	1702	2030	1924	2187	1491	2090
FTB	1178.0	919.0	188	1
1148	848	1223	852	1126	981	1218	996
TYI	1712.0	800.0	260	1
1876	756	1606	778	1904	763	1464	905
HCL	1926.0	2172.0	141	1
1749	2114	2011	2297	2200	1881	1747	2398
PMQ	1025.0	1445.0	207	1
800	1287	1052	1462	977	1635	1273	1399
TJJ	1485.0	2198.0	95	1
1339	2147	1769	2262	1478	2230	1357	2154
DLP	1115.0	1361.0	154	1
1005	1080	1140	1398	959	1536	1358	1430
ICY	1143.0	2173.0	157	1
1203	2019	1261	2388	878	2156	1230	2131
AMM	2178.0	1990.0	205	1
2169	2249	2247	1792	2161	1715	2136	2207
AKR	1486.0	1153.0	30	1
1451	1189	1716	1417	1380	964	1400	1045
FYG	897.0	1109.0	294	1
859	1033	1030	1151	1066	860	636	1392
UNV	1389.0	852.0	150	1
1525	877	1242	765	1336	859	1454	907
XRD	560.0	1988.0	191	1
407	2017	724	1938	459	2012	652	1985
KCW	1006.0	1840.0	210	1
1068	2008	729	1481	950	1852	1278	2019
ANJ	1948.0	1337.0	69	1
2018	1464	2077	1467	1785	1096	1915	1324
MPX	379.0	1928.0	202	1
398	1940	366	2052	425	1953	327	1768
LJR	410.0	1207.0	15	1
575	1300	374	1236	289	1340	402	952
ZAC	353.0	2134.0	49	1
430	2124	285	2472	346	1937	351	2005
GWC	2117.0	412.0	57	1
1955	504	2354	247	2257	642	1904	255
QSP	1294.0	1005.0	249	1
1185	1215	1129	1034	1353	842	1511	929
EOQ	750.0	1997.0	296	1
545	1906	785	2226	850	1901	821	1956
VSG	1536.0	1283.0	53	1
1461	1214	1446	1253	1424	1303	1814	1362
WWA	2309.0	1481.0	77	1
2074	1596	2328	1427	2403	1265	2432	1638
CBH	1378.0	1262.0	89	1
1474	1338	1379	1228	1329	1314	1330	1169
NJK	2141.0	1466.0	44	1
2044	1268	2220	1397	2300	1810	2001	1391
ITS	2090.0	1362.0	179	1
2173	1459	1919	1203	2001	1528	2267	1260
VGI	572.0	1981.0	154	1
630	1890	719	2062	477	1976	463	1998
AUC	2118.0	1732.0	116	1
2320	1844	2008	1735	2099	1619	2046	1731
YIE	465.0	973.0	53	1
731	1003	325	964	507	1044	300	881
CBW	1560.0	806.0	15	1
1850	785	1399	952	1403	835	1589	653
NOB	1604.0	759.0	124	1
1525	825	1493	792	1950	498	1448	923
BVM	1006.0	1362.0	83	1
1168	1623	874	1369	839	1118	1145	1341
YCK	853.0	870.0	196	1
1035	1017	745	657	618	1044	1014	763
ZUI	1082.0	865.0	195	1
1387	747	1188	859	923	854	833	1001
HWS	1364.0	2006.0	228	1
1449	2264	1207	2009	1404	1901	1399	1850
PFP	1573.0	1377.0	99	1
1860	1232	1605	1454	1322	1610	1507	1214
JDZ	1711.0	2279.0	232	1
1672	2419	1725	2505	1697	2109	1750	2086
