GHY	2090.0	2170.0	430	1
1956	2249	2254	2037	2209	2114	1943	2281
EWK	2077.0	1919.0	459	1
2275	1887	2159	1708	2089	2038	1785	2045
MIN	804.0	1374.0	487	1
684	1193	885	1365	992	1617	656	1321
BGZ	1851.0	1342.0	285	1
2107	1358	1697	1170	1745	1514	1857	1329
EJT	1442.0	1553.0	462	1
1398	1656	1259	1488	1342	1637	1771	1432
IWS	548.0	1516.0	366	1
934	1460	406	1679	412	1570	441	1356
FZR	2280.0	955.0	232	1
2372	1187	2086	661	2298	904	2364	1071
BQA	598.0	1334.0	471	1
403	1245	789	1294	313	1388	888	1410
KQA	1099.0	858.0	293	1
1283	906	863	611	963	849	1290	1068
PRI	1894.0	1914.0	321	1
1575	1969	2094	1902	2075	1761	1832	2025
ZVY	542.0	1911.0	381	1
883	2210	432	2121	427	1639	428	1677
PTQ	1698.0	1844.0	302	1
1883	1784	1868	2017	1522	1827	1522	1748
VTP	1931.0	1090.0	386	1
1632	871	1993	1301	2079	1088	2022	1100
MJE	1076.0	2352.0	449	1
1295	2178	1168	2605	759	2198	1084	2427
EEN	1667.0	537.0	345	1
1635	664	1613	336	1645	605	1775	543
EVC	1584.0	1876.0	306	1
1735	2105	1697	2010	1388	1682	1518	1709
MFD	1118.0	1592.0	379	1
1130	1577	1061	1347	968	1725	1316	1722
VOT	847.0	1727.0	275	1
855	1820	704	1635	908	1955	922	1500
VHQ	1857.0	2073.0	366	1
2079	2113	1886	2083	1658	1827	1807	2269
OZM	682.0	897.0	281	1
859	840	669	811	400	784	802	1154
PJC	1457.0	2346.0	254	1
1325	2590	1435	2378	1446	2362	1624	2054
HSZ	1915.0	2515.0	251	1
2146	2514	1663	2637	2120	2638	1732	2273
COB	1468.0	1461.0	380	1
1475	1671	1471	1629	1558	1162	1368	1382
HRY	993.0	435.0	323	1
958	433	817	351	996	294	1201	664
IFS	915.0	897.0	235	1
750	1045	859	926	976	731	1078	887
DDK	1016.0	1446.0	463	1
1135	1378	814	1484	1133	1248	985	1675
XEI	1307.0	2113.0	441	1
1421	2341	1319	2022	1303	1938	1187	2154
NJL	1659.0	1327.0	350	1
1607	1576	1563	1124	1708	1279	1760	1330
KQL	2564.0	1189.0	213	1
2617	978	2630	1329	2512	1356	2500	1096
HBP	1569.0	1556.0	493	1
1474	1646	1621	1638	1472	1532	1709	1409
WEI	375.0	839.0	389	1
399	687	276	726	604	779	223	1164
FEN	1752.0	1914.0	422	1
1903	1920	1946	2052	1622	1729	1538	1956
VBQ	1099.0	1875.0	498	1
1038	1936	898	1497	1419	2024	1042	2043
FZO	1725.0	2134.0	364	1
1916	2285	1615	2024	1641	1961	1729	2268
HVP	1925.0	2273.0	241	1
1665	2198	2044	2473	1807	2249	2185	2174
OEQ	1544.0	750.0	272	1
1431	829	1894	616	1412	740	1439	817
JOR	1746.0	2479.0	394	1
1707	2607	1625	2299	2005	2427	1649	2584
GDA	486.0	1064.0	246	1
462	1290	732	739	277	913	473	1316
PQA	267.0	1328.0	240	1
154	1476	252	1335	180	1234	483	1268
XBM	1287.0	1481.0	270	1
1363	1645	992	1267	1463	1534	1330	1481
QKT	1688.0	1306.0	395	1
1647	1274	1806	1402	1773	1494	1528	1055
CGI	1479.0	672.0	335	1
1216	656	1353	739	1644	536	1706	757
JHI	1693.0	1413.0	208	1
1427	1559	1877	1317	1612	1303	1857	1474
JER	2076.0	1190.0	340	1
2238	1441	2183	1306	1989	1000	1895	1014
DVB	2158.0	2310.0	262	1
1979	2194	2347	2444	1903	2377	2406	2228
NPE	428.0	2053.0	392	1
725	2199	148	1821	368	2323	473	1872
TDQ	1576.0	2275.0	243	1
1444	2456	1550	2063	1607	2331	1703	2253
STM	1076.0	1567.0	235	1
802	1399	1080	1539	1260	1828	1162	1502
ZUF	1329.0	877.0	371	1
1434	865	1536	692	1311	797	1038	1156
KKC	1250.0	2329.0	402	1
978	2380	1418	2326	1412	2341	1192	2269
