ITC	589.0	1227.0	203	1
613	1316	558	998	709	1304	477	1292
LKE	1723.0	996.0	220	1
1535	860	1761	1254	1708	1046	1891	826
DWP	1906.0	2032.0	356	1
1984	2258	1857	2177	1789	1930	1994	1763
FNS	773.0	362.0	209	1
681	337	776	484	953	304	682	325
SZJ	2240.0	1216.0	262	1
2298	1349	2190	1002	2331	1046	2141	1468
DOB	317.0	1234.0	201	1
138	1533	243	1097	375	1105	514	1201
ROS	1490.0	969.0	308	1
1312	1354	1325	798	1705	845	1618	880
NWV	1537.0	725.0	482	1
1564	813	1681	866	1617	528	1288	693
XCY	2249.0	2003.0	220	1
2486	2057	2133	1818	2282	2143	2096	1995
ZJY	2128.0	1244.0	338	1
2327	999	2002	1296	2270	1404	1915	1279
VXZ	1080.0	849.0	267	1
917	992	1123	867	1196	671	1084	869
LYJ	2042.0	1945.0	412	1
2000	2242	1787	2058	2231	1737	2150	1744
JZX	2052.0	956.0	360	1
2190	807	2001	1133	1940	715	2080	1170
FFY	1614.0	2067.0	433	1
1806	2113	1625	1856	1490	2003	1536	2298
XWF	699.0	816.0	420	1
671	638	592	954	775	876	759	797
LMG	1048.0	634.0	327	1
1028	822	1038	693	1190	666	936	357
MLI	1376.0	2302.0	439	1
1395	2164	1236	2406	1588	2370	1288	2269
KNW	881.0	1006.0	355	1
900	993	825	1154	1012	726	789	1151
BDM	713.0	1175.0	442	1
994	1136	568	1256	754	1294	536	1015
RIS	1921.0	862.0	494	1
1724	794	1716	807	2093	966	2152	881
UUX	2245.0	2314.0	216	1
2096	2311	2506	2396	2143	2400	2238	2151
XTD	2188.0	1043.0	471	1
2207	1221	2204	1010	2202	789	2141	1153
XGJ	1854.0	924.0	254	1
1936	736	1717	1060	1871	854	1894	1049
OFK	1727.0	2292.0	321	1
1548	2068	1959	2402	1504	2276	1900	2423
QUA	1150.0	967.0	290	1
1100	694	1225	1148	1051	1175	1227	852
YHM	1828.0	2172.0	419	1
2010	2073	1789	2560	1945	2038	1569	2020
PRV	1396.0	2314.0	367	1
1570	2124	1229	2143	1418	2662	1368	2328
KEC	562.0	1639.0	219	1
323	1461	650	1668	565	1526	710	1902
SIO	1131.0	1877.0	201	1
947	1778	1249	2138	1160	1831	1171	1762
GJH	2187.0	1990.0	246	1
2172	1976	2266	1912	2060	2007	2250	2065
VOO	2076.0	1529.0	358	1
2039	1607	1834	1712	2324	1621	2107	1176
KZM	2449.0	1511.0	321	1
2540	1397	2588	1407	2431	1684	2238	1556
TDB	2329.0	1904.0	293	1
2444	1705	2239	2014	2327	2028	2308	1872
IKD	509.0	450.0	410	1
231	218	757	734	546	509	503	341
BDY	1048.0	1046.0	433	1
1111	752	1145	1224	957	1105	980	1105
ZBH	1777.0	1547.0	383	1
1837	1318	1743	1752	1701	1746	1830	1375
LMF	1236.0	1512.0	292	1
1109	1372	1007	1716	1458	1345	1372	1618
RSC	576.0	785.0	377	1
305	786	595	1036	597	556	808	763
MNN	756.0	1781.0	322	1
889	1483	424	1736	763	1975	951	1930
QVI	425.0	578.0	432	1
449	430	597	619	390	684	267	582
LEQ	1703.0	2118.0	269	1
1653	2336	1470	2281	1895	1925	1795	1933
XQY	1632.0	2110.0	296	1
1559	2101	1459	1872	1626	2228	1885	2242
CQN	962.0	744.0	252	1
761	779	818	710	1078	732	1191	758
XWF	2091.0	1878.0	488	1
2149	1634	1986	2106	1877	1688	2352	2085
RYG	2004.0	511.0	491	1
2037	375	2111	515	1831	305	2040	850
LRS	1073.0	905.0	329	1
1241	924	799	650	893	1024	1361	1023
NZA	1412.0	2164.0	304	1
1460	2140	1607	2262	1369	2292	1215	1964
EUW	1640.0	2077.0	447	1
1917	2168	1468	2084	1673	1872	1504	2184
VCQ	2212.0	1110.0	255	1
2385	1051	1843	1250	2373	1017	2248	1125
BTI	1388.0	2221.0	276	1
1208	2073	1334	2432	1542	2096	1470	2283
