WFQ	1914.0	939.0	233	1
1872	741	1830	1199	1940	653	2017	1166
AJL	2607.0	891.0	236	1
2435	693	2661	889	2661	851	2673	1133
ZDF	2205.0	1384.0	269	1
2015	1459	2310	1487	2370	1267	2125	1324
DWC	1290.0	1595.0	269	1
1548	1457	1238	1698	1033	1472	1341	1754
IXC	2154.0	427.0	466	1
2399	349	2092	703	2060	364	2068	292
VBN	1735.0	1951.0	278	1
1647	2110	1856	1852	1785	1818	1653	2026
NBZ	1436.0	771.0	216	1
1605	1108	1234	633	1279	721	1629	624
IRE	736.0	2255.0	388	1
625	2255	615	2014	858	2428	846	2325
MHN	1556.0	1931.0	342	1
1386	1814	1463	1896	1686	1746	1689	2270
IZN	2153.0	2007.0	369	1
2058	1943	2106	1724	2263	2266	2186	2097
BWU	2182.0	500.0	311	1
2249	641	2125	651	2217	216	2137	492
XVC	1956.0	1084.0	210	1
1886	1068	1978	955	1877	1255	2085	1059
QIL	2030.0	1093.0	255	1
1976	908	2242	874	2055	1281	1847	1312
SOD	2026.0	852.0	344	1
1966	635	2166	957	1968	933	2005	883
JFF	825.0	908.0	421	1
793	1201	1064	857	966	743	477	833
RRI	2130.0	1833.0	500	1
2055	1656	2123	1744	2128	1862	2214	2070
PYS	515.0	1648.0	442	1
497	1670	475	1424	646	1712	443	1786
FNV	1350.0	1995.0	419	1
1572	1902	1268	1746	1522	2016	1041	2318
RGO	467.0	806.0	396	1
539	866	445	1016	448	766	438	579
UZC	1420.0	2308.0	299	1
1562	2383	1442	2196	1436	2316	1241	2339
XDK	1617.0	1032.0	292	1
1310	1014	1619	1043	1797	999	1745	1072
LWV	2308.0	1056.0	329	1
2405	1285	2257	1045	2088	845	2482	1049
MGV	1342.0	1122.0	281	1
1297	1372	1259	876	1252	1174	1562	1066
XAM	2380.0	1068.0	294	1
2453	909	2275	1173	2422	1222	2373	969
VXY	983.0	2211.0	450	1
1073	2080	828	2332	787	2197	1247	2238
IFB	1610.0	1121.0	425	1
1457	1273	1480	1179	1873	855	1630	1177
WSU	1576.0	1261.0	204	1
1780	1467	1499	1075	1660	1343	1367	1159
AXX	1382.0	582.0	298	1
1554	538	1563	537	1220	435	1191	821
PJW	2027.0	1329.0	371	1
1853	1304	2332	1106	1921	1357	2005	1551
MWP	2021.0	2366.0	487	1
2078	2480	1986	2432	2209	1997	1814	2555
HFL	1489.0	470.0	232	1
1303	676	1331	246	1674	329	1650	631
BDY	1690.0	1435.0	278	1
1515	1478	1839	1303	1829	1427	1580	1535
WPU	621.0	1610.0	327	1
633	1384	735	1632	480	1635	639	1789
BTR	615.0	1382.0	461	1
276	1186	632	1205	742	1535	812	1603
NVV	975.0	1372.0	343	1
1154	1499	975	1191	1110	1496	663	1303
HZY	2260.0	2154.0	240	1
2572	2401	2179	2003	2122	2251	2170	1961
XWR	517.0	442.0	238	1
362	271	641	659	335	344	733	497
GLX	439.0	374.0	285	1
455	671	424	189	221	270	657	369
EEV	1206.0	2249.0	386	1
1020	2321	1282	1938	1021	2521	1504	2218
ITB	2401.0	606.0	481	1
2403	499	2545	523	2194	690	2465	713
NUP	1847.0	1556.0	306	1
1706	1499	1866	1342	1836	1660	1983	1724
VFR	1711.0	1159.0	253	1
1651	1306	1662	1122	1841	898	1690	1312
WDP	1207.0	2109.0	500	1
1116	1947	1128	2294	1349	2026	1237	2171
IKM	623.0	1665.0	366	1
645	1449	545	1856	658	1700	645	1658
SHJ	982.0	569.0	362	1
936	697	938	617	990	484	1067	479
MKT	1653.0	1095.0	247	1
1416	1132	1501	981	1824	1195	1872	1074
ZWL	1882.0	1797.0	288	1
1757	1640	1926	1773	1943	1998	1904	1777
QEJ	2232.0	1375.0	347	1
2102	1153	2171	1334	2253	1548	2402	1466
QRU	2477.0	1627.0	440	1
2596	1826	2478	1532	2383	1460	2451	1691
CSU	1767.0	978.0	447	1
1752	1242	2019	876	1749	841	1549	955
