NPQ	2290.0	2307.0	299	1
2203	2397	2520	2353	2352	2451	2086	2028
LZX	1944.0	1064.0	212	1
1771	969	1755	924	2269	1285	1981	1080
PVJ	2014.0	466.0	281	1
2017	678	1980	599	1834	343	2228	247
MVV	1529.0	1786.0	441	1
1352	2010	1578	1584	1492	1943	1694	1607
MIP	1742.0	2046.0	448	1
1797	2100	1776	1930	1640	2145	1755	2009
LBJ	1300.0	1723.0	449	1
1513	1555	1241	1847	1237	1723	1212	1768
SLB	1683.0	1750.0	445	1
1697	2002	1860	1479	1512	1839	1665	1683
UUJ	1195.0	1462.0	309	1
1260	1459	1296	1260	1113	1579	1114	1550
EEC	448.0	683.0	475	1
396	757	434	668	457	767	507	541
THL	933.0	1090.0	489	1
903	1259	1214	858	742	1148	874	1098
EHN	1521.0	477.0	328	1
1702	471	1322	414	1606	623	1457	400
LQH	648.0	803.0	421	1
886	947	744	625	459	907	504	736
LQE	1655.0	1732.0	258	1
1513	1829	1809	1943	1703	1667	1598	1490
IJV	1156.0	921.0	348	1
952	1108	1310	639	1426	1072	937	867
WOG	2278.0	1700.0	216	1
2258	1993	2228	1499	2465	1517	2161	1793
KSY	636.0	1448.0	205	1
531	1294	824	1578	789	1423	403	1500
ZZT	2100.0	1341.0	364	1
1955	1106	2128	1505	2047	1447	2271	1307
RWM	2410.0	1056.0	445	1
2460	839	2458	923	2249	1336	2473	1126
VSX	600.0	2165.0	245	1
740	2450	544	2253	732	2029	387	1930
WRK	1960.0	707.0	438	1
1688	511	2179	929	1812	623	2161	767
JXO	1519.0	1938.0	268	1
1283	2030	1612	1778	1717	1909	1464	2036
CUD	738.0	477.0	474	1
806	335	700	854	585	395	863	324
HRR	525.0	965.0	302	1
346	1103	500	1065	884	811	373	883
QDN	482.0	1383.0	330	1
699	1256	634	1321	255	1437	342	1520
LAP	2191.0	1036.0	253	1
2420	1140	2076	992	2223	889	2045	1124
GJM	535.0	876.0	234	1
321	898	649	894	539	816	632	898
FNX	1390.0	2401.0	248	1
1181	2448	1569	2389	1454	2293	1359	2474
QJG	1760.0	2014.0	439	1
1861	1905	1613	2217	1819	2100	1749	1834
QLX	535.0	1197.0	368	1
780	1282	438	1214	326	1150	596	1145
VAX	1738.0	496.0	456	1
1877	703	1540	613	1929	465	1609	205
HGK	1382.0	1632.0	398	1
1218	1672	1471	1640	1378	1614	1463	1602
GZH	726.0	1806.0	441	1
672	1731	988	1881	674	1665	571	1950
UCK	946.0	981.0	478	1
866	1086	721	998	1012	973	1187	869
VWO	802.0	1178.0	436	1
629	1348	809	1039	1082	1396	689	932
BJB	990.0	933.0	301	1
1199	718	1146	763	922	1148	695	1106
WFU	504.0	1007.0	401	1
825	1245	276	1001	448	835	468	948
AZQ	2393.0	2083.0	464	1
2113	2218	2597	1957	2530	2112	2335	2045
KYY	2281.0	1875.0	289	1
2234	1707	2050	2070	2425	2105	2418	1621
EXT	372.0	839.0	404	1
205	850	704	835	443	685	138	989
DXD	820.0	1009.0	379	1
869	1048	697	949	1105	1127	611	914
LKL	1579.0	2169.0	267	1
1424	2062	1776	2326	1277	2368	1842	1920
JRI	1577.0	438.0	335	1
1355	710	1483	255	1709	607	1762	183
ICM	1309.0	2373.0	436	1
1161	2501	1360	2125	1154	2411	1561	2456
JAG	1522.0	1142.0	276	1
1538	918	1262	1437	1698	1238	1590	975
ACQ	1891.0	2173.0	301	1
1694	2150	1818	2391	1862	2099	2191	2054
ZKZ	1493.0	1842.0	266	1
1591	2024	1193	1744	1722	1916	1466	1686
GMT	1248.0	2418.0	456	1
1193	2573	1125	2106	1498	2647	1177	2349
AFO	723.0	1533.0	284	1
605	1258	847	1322	781	1738	661	1814
ISJ	1581.0	1430.0	361	1
1590	1529	1707	1332	1678	1260	1350	1601
WKC	1635.0	1382.0	430	1
1419	1111	1812	1662	1527	1567	1782	1189
