AAG	745.0	758.0	336	1
978	655	905	760	560	564	537	1054
YHT	597.0	859.0	235	1
534	638	822	975	682	978	350	847
UBC	792.0	1783.0	433	1
571	1996	992	1415	733	1916	875	1806
OFQ	475.0	2337.0	382	1
210	2200	496	2586	631	2051	565	2512
NCF	2093.0	1121.0	261	1
2133	1201	2060	1014	2119	1199	2060	1070
AWP	1944.0	2366.0	472	1
1731	2367	2028	2320	1713	2271	2307	2507
VGE	1987.0	560.0	335	1
1805	822	1937	643	2039	472	2169	306
PNQ	973.0	899.0	315	1
1113	970	792	600	812	980	1177	1047
LTH	715.0	2236.0	391	1
615	2234	776	2022	893	2253	576	2436
ZHP	1133.0	711.0	424	1
1434	942	914	556	1005	654	1179	695
VAU	787.0	842.0	346	1
585	677	533	748	984	1022	1049	924
RQR	2073.0	1581.0	464	1
1967	1625	1964	1734	2147	1676	2214	1290
AIG	1671.0	2062.0	265	1
1985	1999	1478	2059	1641	2003	1581	2190
BDS	2419.0	1038.0	467	1
2252	1075	2561	978	2414	1220	2450	881
DXQ	953.0	1399.0	385	1
1128	1570	818	1218	827	1250	1040	1560
MGZ	1249.0	2342.0	301	1
1436	2472	1366	2073	1063	2317	1134	2507
XAN	939.0	358.0	417	1
784	292	821	264	932	528	1221	349
SLN	1843.0	2218.0	264	1
1900	2072	1849	2148	1706	2175	1918	2479
GLJ	921.0	1394.0	216	1
1250	1564	936	1401	766	1239	735	1372
INX	2281.0	463.0	287	1
2145	690	2459	647	2288	269	2235	248
ERW	2465.0	2268.0	481	1
2408	2087	2554	2551	2583	2361	2318	2074
ARX	1249.0	1161.0	439	1
1331	1280	1261	907	1248	1344	1158	1114
NRG	1278.0	1615.0	245	1
1333	1632	1253	1578	1326	1624	1203	1629
NXU	360.0	2165.0	247	1
230	1846	275	2261	569	2364	366	2191
MJG	2080.0	1955.0	410	1
2299	2083	1924	2020	2076	1724	2022	1995
YPB	2446.0	1628.0	459	1
2222	1399	2482	1596	2597	1914	2483	1604
DVK	1822.0	1311.0	460	1
1914	1437	1895	1217	1719	1497	1762	1095
VNR	1144.0	515.0	211	1
1056	324	1029	264	1405	734	1089	740
VKN	497.0	1564.0	249	1
604	1482	213	1353	713	1571	461	1851
WHF	1234.0	1961.0	268	1
1222	1911	1187	2149	1230	2123	1297	1663
KJM	1047.0	501.0	286	1
851	406	919	367	1075	830	1346	402
ZCC	2071.0	914.0	265	1
2072	1024	2156	743	2077	890	1979	1001
ALB	748.0	322.0	285	1
757	256	1021	174	575	375	641	483
PGT	395.0	1409.0	438	1
542	1290	165	1218	279	1681	594	1447
HHX	659.0	1212.0	405	1
464	1331	638	1090	945	1106	592	1324
XGL	1375.0	2257.0	453	1
1387	2481	1566	2408	1242	2070	1307	2072
GKO	977.0	845.0	476	1
983	687	1041	990	1022	984	863	721
CLU	341.0	1588.0	256	1
217	1666	352	1417	282	1576	515	1696
BGA	576.0	967.0	471	1
864	1158	389	951	339	854	714	908
VYD	774.0	592.0	331	1
964	482	685	668	724	781	724	440
DFD	2196.0	952.0	398	1
2346	1240	1813	753	2290	1101	2337	715
IOS	1607.0	1971.0	229	1
1637	2072	1449	2123	1487	1876	1857	1813
JSZ	2388.0	2070.0	373	1
2355	2231	2342	2031	2530	2034	2325	1986
ERY	2289.0	2340.0	484	1
2267	2423	2316	2388	2296	2397	2278	2154
SKB	1369.0	1585.0	300	1
1285	1473	1293	1671	1628	1710	1270	1486
HGL	690.0	992.0	339	1
1102	828	550	848	547	988	564	1305
BQF	1453.0	568.0	407	1
1310	408	1270	652	1625	582	1609	632
HWE	2207.0	1961.0	353	1
2327	1901	2309	2161	2166	1911	2029	1871
IST	1382.0	1574.0	357	1
1330	1635	1289	1342	1308	1802	1604	1517
KKB	1876.0	1598.0	278	1
1984	1798	1939	1624	1590	1522	1992	1449
