GCW	577.0	1084.0	212	1
458	1028	617	1102	364	1179	870	1029
NHJ	1951.0	843.0	411	1
2128	872	1891	934	1916	685	1870	882
KAI	2100.0	358.0	421	1
2087	364	2234	676	1876	146	2205	249
DMA	2258.0	1407.0	261	1
2055	1213	2250	1551	2360	1281	2367	1584
CRJ	2430.0	1531.0	398	1
2453	1578	2576	1532	2322	1781	2370	1236
YTI	2074.0	878.0	337	1
2333	788	2014	834	2173	715	1778	1177
PMX	1137.0	1753.0	414	1
981	1772	1243	1621	905	1659	1421	1960
EUV	911.0	2179.0	407	1
563	2306	1008	2159	1022	2067	1053	2184
PIT	1706.0	1819.0	360	1
1703	1602	1753	2006	1628	1618	1741	2052
CVS	855.0	1830.0	332	1
675	1580	1071	2029	1054	2002	620	1712
TUR	857.0	709.0	208	1
1053	755	610	725	804	576	964	782
BSK	1709.0	810.0	360	1
1629	914	1972	498	1497	924	1739	905
IWS	1212.0	1392.0	385	1
1267	1394	1074	1410	1398	1308	1109	1456
AUD	2516.0	569.0	274	1
2522	826	2561	404	2503	743	2480	306
ULG	1460.0	2277.0	392	1
1305	2433	1391	2442	1444	2075	1702	2161
JTZ	963.0	1103.0	312	1
1173	976	780	1316	820	977	1080	1143
IHS	616.0	1662.0	424	1
582	1720	618	1444	793	1757	472	1727
BGM	1858.0	598.0	442	1
1747	368	2131	908	1766	352	1790	766
AND	1740.0	1873.0	217	1
1446	2170	1801	1798	1772	1778	1944	1747
SOD	2375.0	2284.0	263	1
2179	2263	2323	2267	2507	2440	2493	2169
BHS	1885.0	822.0	218	1
1890	956	2078	635	1672	795	1900	903
LVN	2303.0	1029.0	215	1
2155	983	2528	1159	2218	887	2312	1089
AYB	477.0	706.0	370	1
275	918	365	690	594	684	674	533
LQZ	1580.0	1247.0	408	1
1579	1170	1538	1304	1367	1539	1837	977
OSA	1828.0	2127.0	417	1
1776	2320	1795	1914	1867	2282	1875	1994
NLE	1453.0	2370.0	456	1
1155	2495	1658	2128	1420	2417	1582	2443
SCB	2032.0	926.0	308	1
1788	1252	2333	807	1789	817	2221	831
CCK	1166.0	1676.0	231	1
1402	1547	1125	1505	1190	1822	947	1833
TPV	2163.0	1818.0	442	1
2074	1888	2174	1510	2050	1938	2354	1937
VMO	1386.0	1541.0	387	1
1540	1501	1442	1669	1148	1560	1415	1436
JES	1693.0	865.0	317	1
1705	695	1719	712	1809	985	1542	1071
GFG	1650.0	1590.0	378	1
1587	1467	1861	1610	1544	1628	1610	1657
AEA	1495.0	669.0	357	1
1284	426	1583	720	1462	917	1654	616
LED	1844.0	670.0	220	1
1939	569	1891	532	1800	883	1746	699
KUJ	847.0	1123.0	246	1
668	1318	1046	1024	832	944	842	1206
LWS	1375.0	678.0	213	1
1495	940	1233	742	1344	444	1429	587
IQE	827.0	1794.0	429	1
739	1867	953	1837	763	1753	856	1722
DWK	1327.0	933.0	281	1
1444	684	1467	963	1361	1146	1039	940
RXB	1145.0	1820.0	446	1
1098	1696	1099	1792	1195	2093	1189	1702
ALA	712.0	1740.0	374	1
668	1603	914	1761	627	1820	641	1777
CJO	714.0	1476.0	421	1
653	1622	603	1489	1023	1482	578	1311
BZL	639.0	2254.0	319	1
751	2208	720	2043	767	2415	320	2352
WCX	1275.0	1002.0	214	1
1420	873	1379	1160	1098	908	1204	1067
QLI	992.0	1284.0	408	1
775	1227	1148	1401	916	1145	1131	1365
ABV	1718.0	1817.0	429	1
1955	1853	1766	1550	1511	1920	1640	1945
BIL	1472.0	1829.0	210	1
1461	1636	1376	2098	1425	1675	1626	1908
CQN	1341.0	1871.0	354	1
1380	1851	1217	1892	1298	2097	1469	1644
FHG	1455.0	1415.0	407	1
1386	1551	1358	1484	1563	1138	1513	1487
TAQ	1606.0	2115.0	441	1
1779	2111	1515	2282	1366	1954	1766	2113
JZY	1757.0	1991.0	300	1
1801	1790	1929	2029	1875	2082	1426	2063
