NTG	988.0	1401.0	457	1
802	1442	990	1524	1131	1322	1031	1318
VZB	950.0	1757.0	215	1
1136	1629	1115	1760	889	1664	663	1976
EYW	2041.0	1505.0	206	1
2292	1349	1758	1679	2342	1521	1772	1472
IZH	796.0	1647.0	223	1
653	1735	779	1610	1057	1421	696	1825
IMD	1649.0	2299.0	449	1
1554	2143	1754	2126	1560	2436	1730	2492
JCF	556.0	1081.0	276	1
332	796	654	1082	581	1269	659	1179
JDC	1407.0	2208.0	441	1
1203	2063	1494	2226	1511	2347	1423	2197
DOL	1814.0	1513.0	437	1
1817	1763	1747	1232	1649	1357	2046	1702
RSS	843.0	1532.0	405	1
1039	1603	640	1420	925	1664	769	1442
UYH	1865.0	663.0	337	1
1929	514	1948	745	1561	833	2024	560
NMD	1978.0	1952.0	494	1
1753	1909	2124	2131	2160	1882	1878	1887
LLW	2375.0	519.0	237	1
2583	670	2386	396	2165	724	2369	288
DGF	1359.0	339.0	386	1
1356	404	1615	211	1381	375	1085	367
VGO	1424.0	1545.0	335	1
1259	1721	1275	1443	1532	1613	1632	1403
LVT	443.0	1845.0	383	1
479	1879	600	1741	480	2074	214	1689
CVX	696.0	1308.0	469	1
478	1277	841	1363	676	1361	789	1234
KEY	2440.0	2261.0	431	1
2502	2376	2522	2143	2294	2334	2445	2191
LYT	375.0	1684.0	282	1
315	1768	463	1907	364	1418	359	1646
BER	1442.0	581.0	377	1
1232	237	1280	646	1679	714	1577	730
MLY	1913.0	821.0	248	1
1798	910	1968	657	1999	1001	1890	717
RLM	1278.0	1369.0	379	1
1112	1549	1481	1232	1084	1556	1436	1140
TIK	440.0	604.0	472	1
631	586	282	729	411	551	438	550
PKA	2024.0	791.0	380	1
2035	756	1796	770	2150	874	2115	764
NEE	2261.0	1229.0	204	1
2083	1310	2119	1088	2540	1366	2304	1154
KXI	420.0	2012.0	456	1
275	1961	646	2032	270	1829	490	2229
PMA	820.0	1782.0	359	1
592	1701	840	1773	966	1939	885	1718
YHX	741.0	2364.0	281	1
816	2417	586	2320	628	2389	936	2332
UXR	1023.0	2307.0	468	1
773	2304	1308	2314	1122	2296	892	2316
VGU	1202.0	2072.0	243	1
975	1927	972	2250	1422	1992	1441	2120
BXD	764.0	2133.0	456	1
763	2127	890	1893	759	2401	644	2113
ZYS	1464.0	1225.0	287	1
1636	1293	1436	1211	1336	1110	1450	1288
NDM	1454.0	1132.0	351	1
1220	1146	1562	1171	1229	909	1807	1302
MOG	668.0	1242.0	491	1
599	1274	601	1453	781	979	691	1263
JVD	1387.0	1349.0	282	1
1436	1381	1331	1206	1500	1440	1282	1372
QNM	1969.0	1663.0	245	1
1963	1504	2015	1754	2097	1642	1803	1752
TUK	1297.0	1450.0	371	1
1465	1602	1484	1644	997	1234	1244	1321
RBP	1817.0	681.0	402	1
2052	416	1655	986	1818	579	1744	746
QCB	2142.0	1362.0	379	1
2263	1373	1959	1366	2085	1369	2262	1343
AHD	536.0	569.0	377	1
335	626	696	652	483	404	632	595
HOP	630.0	1585.0	238	1
284	1678	763	1622	764	1266	712	1777
YKS	750.0	1381.0	488	1
944	1181	763	1641	630	1201	665	1502
KNB	597.0	1533.0	325	1
462	1559	514	1475	786	1450	628	1650
DXX	1479.0	506.0	295	1
1792	712	1314	307	1546	217	1264	789
QHF	622.0	1285.0	255	1
817	1491	496	1258	834	1273	343	1119
NXS	519.0	1557.0	469	1
492	1637	733	1231	484	1596	367	1765
XLY	2092.0	2235.0	287	1
2076	2169	1945	2333	2112	2430	2237	2009
SAI	749.0	2003.0	371	1
522	2100	1037	1880	631	2096	809	1939
SVY	1828.0	1510.0	225	1
1923	1706	1698	1317	1773	1518	1920	1499
EYU	2449.0	2313.0	233	1
2166	2175	2589	2210	2526	2194	2518	2675
OCB	873.0	1670.0	271	1
553	1770	1007	1563	1066	1590	868	1759
