JCY	906.0	2236.0	177	1
1104	2368	936	1910	860	2355	727	2314
AYN	1410.0	1529.0	293	1
1294	1380	1453	1465	1417	1646	1479	1625
ATV	882.0	1538.0	16	1
778	1593	1051	1458	731	1544	969	1558
NJN	836.0	2288.0	49	1
860	2579	711	2183	1063	2160	713	2230
PVZ	1133.0	806.0	71	1
1186	933	1109	727	1253	659	987	908
JAX	2101.0	2054.0	274	1
1803	1958	1966	2095	2313	1828	2322	2336
LBR	1774.0	2046.0	235	1
1849	1918	1888	2302	1587	1823	1774	2144
EUK	775.0	1405.0	67	1
767	1482	589	1575	854	1213	892	1351
UAF	2021.0	1414.0	184	1
2052	1647	2160	1157	2081	1458	1791	1394
QMU	461.0	1244.0	155	1
470	1299	408	1207	398	1071	569	1399
MCL	903.0	2159.0	161	1
848	2297	964	1996	929	2231	872	2113
TON	1707.0	2004.0	115	1
1842	2019	1620	2126	1946	2030	1420	1844
RFE	2137.0	1192.0	272	1
2141	1250	2279	1383	2061	1246	2070	891
ORC	399.0	1973.0	50	1
543	1627	323	2030	237	2036	494	2200
YVX	575.0	2018.0	215	1
684	1903	635	1985	352	1821	630	2363
QPJ	1465.0	2423.0	15	1
1567	2608	1282	2490	1568	2057	1444	2538
NIP	1604.0	501.0	273	1
1492	668	1626	191	1712	540	1589	607
ALE	2141.0	667.0	25	1
2294	1014	1901	543	2157	592	2215	521
BLF	666.0	1563.0	149	1
500	1519	819	1512	642	1602	706	1619
MIQ	2115.0	1076.0	206	1
2044	798	2166	1234	1953	1077	2298	1196
JAQ	722.0	618.0	112	1
808	658	748	419	623	563	709	834
YDT	2302.0	433.0	59	1
2396	449	2268	258	2363	636	2181	391
HGT	1360.0	1425.0	126	1
1555	1391	1273	1397	1347	1370	1267	1544
KCK	1418.0	1105.0	56	1
1660	1049	1404	1269	1254	899	1355	1204
YLF	1123.0	1933.0	284	1
1033	2055	1278	1952	1004	1887	1177	1838
MUO	1831.0	1715.0	23	1
1846	1693	1998	1680	1480	1683	2000	1807
ZXE	2144.0	2371.0	7	1
2337	2513	2039	2211	1911	2523	2291	2240
ZHD	902.0	1631.0	28	1
1112	1636	681	1637	938	1673	880	1579
JXQ	1025.0	1774.0	62	1
886	1920	997	1501	961	1662	1257	2014
ORP	812.0	2179.0	286	1
563	2182	944	2242	847	2226	894	2069
LFZ	1374.0	1470.0	172	1
1451	1557	1328	1287	1538	1770	1182	1266
MJD	1152.0	1230.0	37	1
926	1252	1301	1082	942	1257	1441	1330
VUA	1261.0	1132.0	245	1
1403	1164	1131	1231	1135	1217	1376	916
SZB	2012.0	1384.0	274	1
2191	1289	1846	1328	2173	1553	1839	1367
NLI	1075.0	1646.0	172	1
1208	1463	959	1809	1164	1604	972	1711
SYF	1939.0	2309.0	25	1
1858	2088	1882	2342	2119	2445	1900	2361
SPJ	866.0	756.0	215	1
981	776	853	528	844	832	786	888
RRD	893.0	476.0	227	1
686	640	690	577	1084	285	1115	403
EVB	1036.0	605.0	235	1
1116	613	818	676	1196	307	1014	827
GTJ	578.0	773.0	197	1
678	671	454	609	593	830	588	984
TEH	1190.0	2162.0	261	1
1169	2325	1336	1877	1187	2291	1070	2156
UXP	2084.0	1606.0	206	1
1975	1581	1852	1622	2267	1752	2245	1471
YBU	1414.0	1925.0	50	1
1253	1996	1691	1852	1447	1677	1268	2178
PVC	1460.0	720.0	194	1
1544	348	1278	853	1492	842	1526	837
PXD	920.0	619.0	275	1
1032	618	1142	908	638	508	868	445
DQO	2241.0	1612.0	269	1
2479	1406	2225	1540	2080	1617	2183	1887
ADB	2340.0	2109.0	90	1
2271	1889	2266	2053	2363	2395	2462	2101
ITP	2123.0	2315.0	107	1
2163	2173	2350	2576	1910	2456	2071	2057
BBD	2222.0	1635.0	269	1
2248	1799	2251	1428	1926	1595	2465	1721
XOU	2104.0	666.0	104	1
2048	722	1855	642	2343	583	2170	718
