VIB	2449.0	1985.0	89	1
2634	1890	2096	2203	2668	1939	2399	1911
ZHS	1649.0	659.0	100	1
1790	653	1885	733	1508	494	1414	756
OZK	1533.0	1943.0	127	1
1552	1908	1805	2073	1418	1639	1359	2154
FRD	2295.0	2131.0	227	1
2225	2255	2180	2228	2273	2023	2503	2021
TWY	1632.0	768.0	120	1
1792	659	1584	894	1626	584	1526	937
FFM	1657.0	1264.0	169	1
1555	1032	1573	1250	1611	1285	1891	1490
WGG	2249.0	962.0	256	1
2514	1206	2040	702	2202	788	2241	1153
MGU	691.0	1646.0	183	1
549	1764	553	1569	950	1374	712	1880
JJL	842.0	979.0	191	1
807	1030	757	818	853	769	952	1301
QJK	1355.0	2082.0	51	1
1576	2133	1244	2153	1324	2116	1279	1929
SUC	1883.0	1837.0	82	1
1742	1805	2071	1485	2064	2010	1655	2050
EJZ	590.0	1329.0	181	1
425	1453	478	1246	767	1331	691	1287
IEE	1392.0	1687.0	38	1
1221	1721	1529	1884	1589	1672	1231	1472
XDD	2068.0	1926.0	206	1
2316	1990	1842	1897	2061	1780	2055	2039
VMR	2003.0	1696.0	217	1
1944	1910	2010	1801	2228	1508	1830	1567
YPW	855.0	604.0	65	1
557	587	988	486	978	684	900	659
VZG	2239.0	772.0	256	1
2462	822	2220	762	2284	646	1992	860
XZF	474.0	1692.0	182	1
295	1599	399	1557	852	1541	350	2072
TPC	1536.0	552.0	295	1
1533	422	1307	654	1478	444	1826	691
GNI	1834.0	1633.0	100	1
1992	1532	1728	1613	1682	1953	1934	1435
KZN	1374.0	1963.0	70	1
1392	1932	1375	1735	1433	2079	1297	2108
ZBM	1612.0	1866.0	58	1
1528	1929	1732	1708	1506	2027	1683	1803
MJX	933.0	1793.0	32	1
1063	1861	1048	1912	759	1588	864	1811
RXI	931.0	2074.0	138	1
835	1968	1062	2063	857	2172	970	2096
FZB	930.0	2237.0	158	1
1164	2333	922	1991	813	2407	821	2217
NMC	427.0	1351.0	108	1
497	1349	454	1352	388	1543	370	1163
AWJ	877.0	766.0	70	1
826	818	938	557	748	751	998	938
EXE	746.0	1047.0	175	1
881	1364	692	991	767	1044	645	789
RXH	499.0	1724.0	242	1
369	1760	565	1846	496	1587	568	1705
OGO	2078.0	543.0	125	1
2377	359	1926	742	2140	548	1872	524
HIE	584.0	1319.0	104	1
491	1271	754	1195	618	1267	474	1546
WFN	1636.0	540.0	13	1
1664	565	1654	539	1457	737	1771	319
ZJX	571.0	1074.0	39	1
459	1166	744	920	462	1042	619	1169
JYZ	1853.0	429.0	83	1
2006	268	1763	444	1953	439	1691	566
GWF	383.0	2023.0	169	1
616	2033	127	2143	574	2047	217	1869
VVQ	791.0	581.0	39	1
639	727	671	820	965	439	890	338
ZLU	1292.0	1088.0	132	1
1253	1049	1146	1153	1424	1328	1346	822
UMT	811.0	2188.0	264	1
802	1931	804	2035	731	2404	909	2384
TZN	2435.0	1801.0	218	1
2177	1967	2640	1986	2281	1703	2645	1548
SJY	1497.0	493.0	38	1
1713	546	1596	644	1417	468	1263	317
MGP	1156.0	1574.0	213	1
1042	1588	1283	1577	1266	1735	1034	1398
CVE	866.0	2284.0	238	1
813	2093	875	2484	773	2460	1006	2099
ZFH	443.0	1415.0	291	1
518	1553	443	1532	367	1125	445	1452
MLO	835.0	350.0	130	1
1026	288	815	425	775	387	724	302
GBO	385.0	1655.0	210	1
450	1706	175	1683	707	1751	210	1482
WIL	2315.0	1259.0	189	1
2292	1371	2274	1103	2263	1202	2431	1361
WSI	1007.0	2412.0	60	1
848	2255	1149	2608	953	2356	1079	2429
GWE	2182.0	1492.0	3	1
2272	1611	1933	1376	2193	1389	2333	1592
LYH	1684.0	726.0	232	1
1658	494	1781	708	1699	914	1600	790
DKU	1919.0	1151.0	278	1
1834	1121	1946	1145	2160	1070	1739	1271
