LIE	495.0	1821.0	498	1
654	1924	661	2042	391	1645	275	1673
ONQ	700.0	2212.0	294	1
591	2364	799	2431	618	2048	792	2007
UAB	738.0	1861.0	454	1
706	1729	659	2140	945	1761	643	1815
LWU	1479.0	1433.0	312	1
1509	1519	1636	1261	1586	1465	1186	1487
PQR	985.0	955.0	325	1
1079	1193	759	1075	947	747	1156	805
WIU	1433.0	1534.0	372	1
1522	1577	1628	1743	1190	1478	1394	1338
JTS	1366.0	1299.0	366	1
1270	1524	1279	1270	1667	1214	1248	1189
GOO	575.0	2124.0	264	1
725	2083	854	2226	342	2096	382	2094
ZKK	767.0	2508.0	207	1
639	2593	844	2310	821	2598	766	2531
YCO	2318.0	1670.0	282	1
2144	1442	2660	1695	2302	1627	2167	1917
IRE	2211.0	620.0	489	1
1922	584	2095	650	2441	880	2386	368
OKY	2148.0	1009.0	386	1
2324	1241	1966	789	2303	805	2001	1204
KUR	1263.0	1869.0	330	1
1282	2003	1009	1759	1418	2081	1346	1636
NBI	1596.0	1991.0	347	1
1559	2021	1590	2000	1586	1834	1651	2110
YIN	1232.0	606.0	244	1
1115	702	1218	537	1317	815	1279	370
OSH	1946.0	1523.0	422	1
1966	1599	2011	1246	1805	1684	2004	1566
DRK	1859.0	1663.0	207	1
1776	1906	1876	1492	2011	1569	1774	1687
HGJ	1642.0	2233.0	346	1
1647	2270	1834	2359	1458	1918	1630	2385
MNJ	2451.0	773.0	422	1
2606	574	2177	620	2623	787	2399	1113
JIQ	1007.0	435.0	479	1
889	384	1065	742	889	331	1187	286
NAW	1684.0	844.0	479	1
1666	995	1821	936	1356	923	1893	525
VFV	822.0	1630.0	241	1
924	1629	691	1619	1016	1573	658	1701
XSO	1332.0	442.0	343	1
1237	231	1515	482	1460	636	1119	420
BBS	1300.0	872.0	423	1
1291	1110	1383	856	1148	752	1381	771
JYW	1529.0	1632.0	405	1
1361	1735	1542	1286	1558	1752	1656	1755
TFK	2181.0	1722.0	461	1
2175	1878	2080	1738	2340	1540	2130	1733
LYE	897.0	833.0	298	1
638	711	1017	944	953	1011	980	669
LSZ	1681.0	2139.0	488	1
1553	2062	1627	2212	1648	2128	1896	2157
USM	2007.0	1007.0	491	1
2079	969	2114	1183	1803	993	2034	886
TGG	2314.0	1489.0	282	1
2250	1488	2079	1272	2447	1628	2483	1570
XSS	307.0	2079.0	467	1
278	1918	347	2028	230	2079	374	2294
BUA	1288.0	1340.0	414	1
1193	1156	1144	1522	1485	1509	1333	1174
ODU	901.0	1583.0	397	1
779	1745	1011	1571	1071	1591	746	1426
HCO	915.0	587.0	237	1
661	674	1137	512	811	696	1052	466
PKZ	1018.0	1781.0	315	1
1038	1852	981	1665	1220	1898	833	1710
OFP	1492.0	2020.0	463	1
1441	1893	1512	2027	1701	2317	1315	1844
RBJ	1531.0	1423.0	308	1
1304	1187	1730	1635	1491	1551	1600	1322
ADA	1625.0	1160.0	323	1
1914	1135	1528	1055	1497	1364	1563	1089
FMP	691.0	830.0	229	1
698	790	725	977	597	530	745	1026
ZOA	709.0	1083.0	212	1
822	1275	694	1067	675	767	647	1223
NDW	605.0	755.0	206	1
423	877	864	743	726	458	410	942
OXG	2181.0	347.0	414	1
2154	260	2245	231	2206	456	2122	442
STB	1592.0	2022.0	373	1
1558	1820	1669	1763	1534	2252	1609	2254
API	1720.0	1553.0	378	1
1700	1379	1735	1728	1798	1581	1647	1526
YMZ	1153.0	1382.0	398	1
1004	1401	1116	1326	1217	1180	1277	1624
RFM	1272.0	630.0	229	1
1374	413	1334	729	1206	740	1177	640
ZEB	476.0	2338.0	468	1
485	2501	446	2056	598	2349	377	2447
CDX	451.0	1784.0	388	1
213	2075	655	1556	645	1890	294	1617
BVB	895.0	781.0	289	1
701	753	781	999	896	547	1203	826
PBA	2404.0	910.0	359	1
2390	832	2502	893	2538	827	2188	1089
