OAT	691.0	487.0	387	1
646	508	702	663	799	364	617	416
RWR	1046.0	623.0	310	1
1294	736	865	539	1251	879	775	338
ACV	995.0	1682.0	375	1
973	1737	1172	1817	985	1779	852	1396
JVO	1517.0	859.0	493	1
1576	893	1622	858	1446	1103	1427	585
VWM	1758.0	1464.0	494	1
1870	1311	1905	1479	1686	1515	1571	1553
AUT	1425.0	1368.0	447	1
1246	1263	1446	1538	1382	1136	1628	1538
OJK	994.0	1853.0	218	1
1253	2036	832	1615	786	1794	1108	1968
JVQ	1884.0	1978.0	439	1
1835	2122	2147	2188	1790	1660	1764	1945
ENP	807.0	885.0	203	1
1026	906	938	1142	670	881	595	613
TIS	496.0	1991.0	263	1
398	1925	483	1814	537	1979	566	2249
HZJ	2152.0	2362.0	236	1
2096	2278	2138	2271	2306	2690	2071	2211
VMV	601.0	1018.0	350	1
311	959	865	954	562	1205	669	955
LCF	1146.0	827.0	316	1
1311	937	1117	708	1092	944	1064	720
DDX	518.0	1814.0	406	1
494	1699	365	1909	652	1985	564	1663
NKE	743.0	692.0	304	1
811	503	716	828	808	735	640	704
BVM	2304.0	2082.0	374	1
2510	2296	2093	2016	2370	2204	2244	1814
EOQ	1780.0	661.0	261	1
1945	710	1884	474	1586	809	1707	653
NXA	1208.0	2201.0	345	1
1166	2207	1291	1960	1040	2131	1336	2506
IZD	635.0	1302.0	247	1
717	1157	881	1099	386	1557	558	1397
NJL	1753.0	1439.0	333	1
1672	1507	1843	1355	1747	1293	1753	1603
TAO	1130.0	727.0	280	1
988	763	1199	577	1000	841	1335	730
RBX	1937.0	428.0	483	1
2257	398	1710	278	1864	498	1920	540
ECG	1464.0	1531.0	457	1
1485	1355	1252	1343	1527	1876	1593	1551
VWH	1650.0	2196.0	424	1
1661	1978	1552	2271	1566	2476	1824	2059
JYN	863.0	2173.0	249	1
643	1955	911	2279	933	2495	966	1964
LTP	586.0	1420.0	252	1
402	1590	688	1276	545	1462	712	1352
EHB	1132.0	1108.0	475	1
1223	996	819	1290	1142	1091	1344	1055
JEM	1882.0	1253.0	375	1
2004	1327	2020	1509	1905	1127	1602	1050
FFC	1979.0	1941.0	370	1
1898	1967	1890	1980	2162	1858	1966	1960
CPL	2116.0	2078.0	445	1
1953	1936	2165	2153	2307	2127	2041	2099
GBD	1841.0	852.0	377	1
1754	769	1883	885	1884	898	1844	859
OJJ	999.0	1312.0	456	1
727	1271	1154	1522	892	1177	1226	1280
KII	1528.0	2221.0	285	1
1564	2367	1485	2199	1709	2354	1355	1967
BHK	577.0	1770.0	248	1
595	1546	677	1810	760	1714	277	2012
TSK	844.0	514.0	279	1
935	787	602	584	959	226	881	461
AKG	934.0	2356.0	231	1
794	2018	920	2464	1135	2427	888	2518
GGV	976.0	591.0	302	1
1032	515	745	518	1230	776	898	557
JUM	420.0	2064.0	267	1
564	2240	303	1807	208	1927	608	2284
ULX	1278.0	1609.0	226	1
1187	1791	1202	1385	1132	1435	1594	1826
JJC	2373.0	2313.0	229	1
2389	2249	2336	2245	2465	2424	2302	2334
PTG	1010.0	1043.0	496	1
935	1001	1127	1240	944	852	1034	1079
OKB	787.0	2316.0	240	1
1012	2052	607	2464	1024	2434	508	2314
JOI	999.0	1273.0	273	1
1101	1534	908	1343	1054	1161	933	1054
LSK	925.0	518.0	276	1
577	691	1094	560	1154	321	877	503
EWA	1693.0	1410.0	487	1
1597	1217	1516	1447	1875	1483	1784	1493
TIM	1091.0	701.0	369	1
1004	747	1030	518	1361	885	972	654
FWS	1522.0	1597.0	449	1
1359	1544	1444	1679	1627	1656	1658	1510
XRW	2344.0	1290.0	237	1
2058	1103	2409	1635	2480	1223	2432	1202
ZOV	2128.0	1401.0	293	1
1906	1215	2123	1639	2214	1151	2272	1600
OOQ	1626.0	1198.0	457	1
1579	901	1786	1378	1689	1398	1453	1116
