JEU	1418.0	794.0	210	1
1383	710	1511	1123	1205	574	1575	769
UNV	848.0	1380.0	257	1
847	1303	700	1425	1132	1406	713	1386
MSG	1873.0	2005.0	188	1
1824	2196	1856	1820	1800	1930	2014	2074
NRO	1342.0	1829.0	140	1
1000	1726	1552	1721	1299	1946	1518	1923
XHT	2182.0	1135.0	186	1
2296	969	2094	1233	2123	908	2218	1432
OZS	1620.0	874.0	155	1
1683	685	1683	969	1578	1007	1537	836
LVE	733.0	1360.0	189	1
859	1593	790	1152	805	1182	479	1515
NBF	837.0	1728.0	110	1
700	1760	1180	1823	622	1635	847	1697
SFH	795.0	1305.0	230	1
712	1199	891	1207	945	1650	635	1166
KZN	1625.0	2223.0	172	1
1615	2360	1482	2065	1684	2294	1720	2174
SVF	607.0	834.0	140	1
331	775	580	964	754	884	766	714
AGD	1543.0	1014.0	187	1
1604	1152	1636	993	1417	1097	1517	816
NFN	608.0	498.0	223	1
570	497	642	483	334	558	887	455
GNH	2004.0	1975.0	104	1
1865	1838	1896	2087	1935	1933	2323	2042
TGW	2354.0	1882.0	290	1
2221	1614	2217	1935	2442	1934	2537	2045
NOG	776.0	992.0	272	1
530	1109	789	1154	956	842	832	866
MYC	1727.0	2255.0	295	1
1692	2127	1674	2471	1759	2302	1783	2122
BNH	765.0	1650.0	253	1
710	1661	929	1380	712	1625	711	1934
TYK	1312.0	754.0	296	1
1252	674	1347	1071	1274	676	1378	596
RKE	973.0	551.0	96	1
740	620	1114	360	940	578	1101	648
KCM	984.0	1290.0	220	1
1140	1325	903	1129	1165	1210	728	1499
LNT	2222.0	1126.0	131	1
2450	1094	2084	1405	2108	1003	2249	1004
DLD	880.0	1033.0	134	1
877	999	962	1134	1018	876	666	1126
RVH	1151.0	2005.0	39	1
1432	1855	1085	1881	1114	2209	975	2077
EOW	1039.0	1534.0	55	1
931	1639	1000	1448	1058	1690	1167	1359
IIB	1376.0	644.0	73	1
1418	584	1227	744	1253	711	1606	538
XME	1497.0	1949.0	123	1
1633	1757	1512	1956	1185	1849	1659	2235
WEY	1771.0	611.0	28	1
1951	504	1749	496	1676	913	1710	534
CBJ	1606.0	331.0	215	1
1615	237	1679	153	1612	444	1519	492
XGU	1022.0	2180.0	183	1
959	2098	1105	2429	1049	2166	977	2030
QCP	1867.0	2327.0	22	1
1716	2517	2007	2277	1604	2430	2143	2087
IGL	998.0	1653.0	80	1
824	1611	1107	1657	1138	1647	925	1698
ODP	465.0	2402.0	198	1
713	2108	364	2462	449	2464	337	2576
XMK	2292.0	2253.0	220	1
2548	2464	2218	2465	2201	2088	2202	1996
UDS	1287.0	361.0	146	1
1413	373	1421	336	1229	538	1085	199
KDS	2244.0	2021.0	85	1
2368	2048	2113	2156	2251	2068	2247	1815
FVH	1863.0	419.0	299	1
1705	682	1720	459	1881	163	2147	372
XWJ	469.0	1615.0	38	1
366	1852	622	1362	362	1603	528	1645
JEB	1878.0	966.0	55	1
1721	1161	1732	975	2063	851	1998	879
THJ	908.0	2139.0	121	1
732	2480	852	2001	937	2138	1114	1939
OIY	2220.0	1568.0	3	1
2497	1446	2014	1649	2100	1593	2269	1587
XRZ	2132.0	1754.0	270	1
1703	1541	2297	1611	2250	2024	2278	1841
PXV	1590.0	648.0	276	1
1482	404	1856	894	1351	701	1672	594
IVU	693.0	1188.0	47	1
927	1388	566	945	597	1286	685	1136
LOB	684.0	790.0	275	1
748	655	650	976	792	644	549	886
FOB	1625.0	1941.0	277	1
1440	1899	1910	1750	1612	1951	1541	2167
ZNV	1089.0	1275.0	2	1
968	1432	1297	1238	1202	1221	889	1212
QVL	2495.0	503.0	121	1
2411	415	2599	361	2571	828	2402	408
ZVJ	860.0	1074.0	33	1
645	1284	873	946	949	866	974	1202
CBB	326.0	900.0	265	1
330	642	458	1000	157	977	360	984
