IBI	1869.0	1568.0	369	1
1915	1313	1746	1618	1779	1449	2038	1895
UPN	1464.0	1886.0	300	1
1352	1988	1392	2076	1694	1884	1421	1597
NAA	1469.0	2440.0	491	1
1518	2271	1614	2663	1414	2508	1333	2320
MKP	1266.0	353.0	296	1
1358	329	1341	269	1217	661	1148	156
QGQ	473.0	433.0	352	1
658	206	689	553	313	548	234	426
QYV	1900.0	482.0	253	1
1975	567	1967	403	1924	259	1734	702
TUU	1055.0	2297.0	413	1
1024	2014	1118	2444	983	2518	1096	2213
KPQ	1147.0	2220.0	344	1
1226	2369	1058	2354	1323	2105	981	2055
LHW	2229.0	1780.0	354	1
2539	1990	2237	1448	2131	1788	2012	1896
MBX	1379.0	1432.0	447	1
1177	1195	1589	1458	1452	1582	1300	1495
PFB	529.0	1938.0	443	1
379	1979	465	2033	581	2011	691	1730
GXW	546.0	346.0	226	1
660	309	429	248	273	372	825	456
QRC	820.0	1223.0	412	1
971	1331	838	1378	648	1291	826	895
CZV	1393.0	2221.0	245	1
1238	2219	1209	2412	1375	2123	1753	2130
LET	801.0	414.0	268	1
781	328	679	418	672	706	1075	206
TQF	478.0	1608.0	275	1
712	1649	406	1585	423	1681	373	1519
WXC	1842.0	1219.0	440	1
1751	919	1996	1396	1777	1508	1846	1056
QPP	821.0	562.0	234	1
547	790	1120	491	754	572	864	397
JNP	2261.0	1330.0	253	1
2495	1163	2190	1599	2312	1073	2049	1487
RXC	1807.0	2253.0	422	1
1876	2385	1787	2213	1776	2191	1789	2223
KHZ	1497.0	1677.0	397	1
1725	1664	1306	1563	1504	1753	1455	1731
JEG	569.0	654.0	365	1
596	419	629	879	439	893	613	428
NNQ	443.0	2074.0	324	1
564	1797	357	2287	338	2047	516	2167
DBA	1870.0	1418.0	376	1
1891	1324	1780	1625	1852	1484	1960	1242
ENX	2404.0	2297.0	474	1
2422	2106	2158	2458	2641	2336	2397	2290
MTZ	1531.0	1904.0	309	1
1499	1903	1392	1881	1648	1927	1588	1905
DYD	1824.0	1516.0	289	1
1572	1668	2039	1673	1699	1363	1988	1360
QDK	1540.0	484.0	202	1
1584	627	1265	441	1698	351	1614	520
SXE	2182.0	1195.0	311	1
2336	1090	2224	1248	1865	1139	2305	1304
NUX	1032.0	415.0	453	1
1110	379	999	328	992	617	1029	336
ZGH	709.0	1188.0	274	1
823	1109	667	1280	503	1221	843	1145
IEC	1172.0	944.0	356	1
1403	920	1408	1063	928	908	951	885
GXR	597.0	1228.0	383	1
376	1285	628	1230	711	1251	675	1147
DFE	866.0	681.0	351	1
833	364	1047	879	802	743	784	741
VUM	1820.0	1384.0	258	1
1971	1427	1468	1365	1885	1336	1956	1410
JJP	1145.0	2033.0	408	1
1134	2208	1023	2216	1106	1947	1319	1763
FIZ	1891.0	1893.0	488	1
1850	2152	2111	1760	1626	1905	1977	1755
WLN	2332.0	616.0	358	1
2426	604	2171	695	2138	848	2596	317
UNC	1761.0	1845.0	215	1
1740	1702	1990	1873	1506	1942	1809	1866
KPM	1250.0	854.0	214	1
1319	673	1370	759	1260	1033	1053	954
RLM	1584.0	1861.0	299	1
1476	1889	1600	2090	1889	1940	1374	1528
FKC	2377.0	1197.0	410	1
2500	1061	2323	1223	2361	1227	2325	1277
KMD	1902.0	1396.0	470	1
1740	1542	1956	1541	2067	1003	1846	1498
WTH	2071.0	1453.0	290	1
1861	1568	2137	1364	2291	1343	1998	1537
XYF	1217.0	1681.0	359	1
1586	1468	1010	1791	1044	1549	1229	1918
CQW	787.0	767.0	331	1
745	816	613	756	630	574	1162	923
EYW	1235.0	1431.0	343	1
1007	1520	1414	1456	1399	1567	1122	1183
NWZ	1193.0	783.0	291	1
942	883	1278	780	1491	724	1063	746
FEO	1081.0	1822.0	433	1
932	1939	1102	1646	1274	2041	1017	1664
WDX	2177.0	1967.0	308	1
2318	2263	1968	1737	2164	1722	2260	2147
