LKT	593.0	2343.0	362	1
612	2256	448	2258	792	2351	521	2510
YQY	768.0	856.0	238	1
848	963	400	908	907	593	918	963
AGR	2072.0	1930.0	431	1
2156	1763	1902	1900	2095	1856	2136	2202
HRM	976.0	1005.0	292	1
1055	1119	1014	1183	1127	1081	708	640
ZXI	1896.0	1510.0	336	1
1858	1465	1747	1691	2038	1313	1943	1571
BPG	929.0	1175.0	404	1
731	1006	1081	1228	1084	1080	823	1388
CFY	1756.0	1974.0	496	1
1958	2307	1883	1952	1507	1890	1679	1749
FZS	858.0	2172.0	287	1
727	2247	740	2117	981	2173	987	2152
WVI	2216.0	1276.0	440	1
2251	1452	2267	1177	2249	1230	2100	1245
YXP	841.0	1928.0	362	1
612	2142	1088	1736	587	1696	1077	2141
LGC	1260.0	2210.0	218	1
1457	2243	1012	2219	1099	2373	1475	2005
PGM	810.0	1412.0	496	1
565	1481	961	1497	1029	1470	686	1200
TJJ	1702.0	2292.0	471	1
1397	2548	1843	2082	1639	2119	1929	2422
KCH	2028.0	575.0	371	1
1928	846	1873	726	2068	388	2243	341
CDQ	881.0	1320.0	304	1
1169	1604	805	1258	865	1315	686	1106
ETO	435.0	1110.0	246	1
501	1079	367	869	338	1068	536	1425
QPD	2448.0	1205.0	317	1
2506	1439	2527	928	2664	1343	2097	1110
HNX	1582.0	1620.0	309	1
1769	1783	1781	1736	1436	1389	1344	1573
UST	868.0	1703.0	353	1
986	1564	942	1661	562	2016	983	1572
FVL	2298.0	912.0	205	1
2175	945	2270	854	2346	997	2402	854
PTK	2262.0	1809.0	217	1
1976	2013	2380	1939	2247	1647	2447	1640
IQH	2236.0	467.0	206	1
2165	395	2225	213	2244	568	2313	693
OSH	826.0	1328.0	372	1
1182	1220	723	1308	747	1485	655	1302
OVN	2105.0	1004.0	421	1
2105	1172	2224	1002	1946	1023	2148	822
FWE	769.0	1393.0	451	1
819	1156	524	1602	982	1201	754	1616
EAV	1707.0	1487.0	296	1
1881	1628	1761	1275	1811	1540	1377	1508
YNG	950.0	1189.0	339	1
1223	1146	703	1422	718	1054	1158	1136
WBU	2152.0	2093.0	347	1
1987	2260	2150	2022	2037	2202	2434	1888
GUE	2174.0	860.0	475	1
2108	841	2312	818	1949	903	2329	879
CXC	2434.0	1720.0	308	1
2374	1861	2274	1668	2516	1560	2572	1792
FII	1600.0	887.0	266	1
1706	714	1469	1162	1687	871	1540	804
AJZ	1178.0	1204.0	202	1
1264	1393	992	1050	1255	1295	1202	1078
UWZ	873.0	1319.0	416	1
1030	1449	655	1150	1103	1083	705	1595
GEA	1152.0	593.0	490	1
1006	369	1099	576	1441	766	1065	664
NOJ	992.0	1195.0	205	1
955	1073	876	982	1260	1482	880	1246
QHP	1719.0	1095.0	319	1
1706	1375	1704	1095	1772	953	1694	957
UCU	985.0	481.0	303	1
1140	394	1134	738	832	429	834	366
CYT	2323.0	1331.0	333	1
2508	1292	2091	1507	2177	1470	2518	1057
YQQ	378.0	1680.0	441	1
381	1522	320	1597	300	1928	511	1675
AZA	838.0	394.0	437	1
722	242	1133	640	715	553	783	143
EST	1514.0	2112.0	302	1
1682	2215	1326	2303	1686	1943	1363	1990
CDL	2123.0	1088.0	366	1
1909	1265	2459	1170	1934	1218	2191	700
PHU	1820.0	2367.0	460	1
1603	2469	2054	2420	1821	2125	1802	2456
EAY	2121.0	1561.0	374	1
2085	1460	2317	1600	2282	1638	1800	1547
CJI	1231.0	944.0	226	1
1128	865	1438	908	1343	1245	1015	759
YBS	2022.0	2112.0	490	1
2227	2005	1930	2289	1902	2162	2029	1993
UXA	1830.0	663.0	452	1
1777	771	1685	776	1904	643	1957	463
DYQ	273.0	606.0	402	1
306	685	236	656	215	329	337	756
ZOS	337.0	2332.0	473	1
224	2340	220	2361	567	2443	339	2185
UTU	2273.0	1009.0	418	1
2339	887	2557	1191	2048	1110	2149	848
