WUU	960.0	2154.0	431	1
1163	2336	1121	2065	842	1865	716	2351
VDU	648.0	1455.0	334	1
746	1509	800	1386	429	1288	619	1639
OSD	2425.0	2142.0	419	1
2449	2402	2463	2037	2445	1991	2343	2138
OMR	1163.0	1792.0	499	1
1107	1732	1219	1847	1188	1796	1138	1794
VSD	781.0	1736.0	329	1
908	1986	505	1605	974	1849	737	1507
PNG	583.0	2004.0	449	1
642	1985	464	2046	499	1933	729	2052
QTN	2346.0	577.0	342	1
2332	536	2105	705	2580	512	2367	556
JVH	1687.0	1405.0	399	1
1535	1261	1590	1638	1900	1173	1723	1551
TMV	496.0	2460.0	368	1
385	2266	448	2601	434	2503	717	2471
UXF	386.0	1356.0	445	1
271	1236	401	1415	344	1369	528	1404
IJR	2196.0	2297.0	480	1
2166	2464	2347	2351	2177	2363	2095	2011
BDD	2246.0	1909.0	352	1
2118	1744	2180	2294	2213	1728	2473	1871
OEX	2018.0	1346.0	333	1
2020	1178	2011	1388	1959	1344	2082	1474
RCB	1383.0	2046.0	323	1
1352	2263	1365	1701	1363	2083	1455	2137
WGH	514.0	2190.0	210	1
326	2233	558	2170	753	2246	419	2112
YHC	1599.0	1085.0	387	1
1459	906	1662	1068	1819	1182	1459	1185
ELK	1805.0	2346.0	246	1
1871	2506	1571	2525	1967	2170	1812	2183
DDH	1538.0	352.0	241	1
1179	293	1688	325	1723	510	1562	280
UZZ	2179.0	735.0	408	1
2101	898	2308	803	2172	769	2136	471
EED	2047.0	1667.0	370	1
1932	1732	2208	1642	2145	1577	1904	1717
API	979.0	1289.0	404	1
1099	1256	1085	968	876	1424	858	1508
NCF	2311.0	816.0	222	1
2509	757	2466	1007	2063	653	2209	849
JIB	2282.0	574.0	220	1
2467	828	2350	533	2110	492	2202	443
JWS	2059.0	1851.0	419	1
2256	1743	1948	1954	2005	1699	2028	2008
IPT	836.0	2224.0	283	1
918	2253	977	2117	775	2316	677	2212
OZM	2507.0	1628.0	478	1
2480	1391	2485	1637	2563	1646	2502	1840
IBG	455.0	1067.0	252	1
329	900	408	858	429	1200	654	1311
XEJ	1249.0	1965.0	388	1
1124	2162	1199	1916	1532	1794	1141	1989
XAR	1977.0	1400.0	275	1
2195	1597	1715	1222	1799	1570	2201	1211
MNC	467.0	906.0	400	1
564	794	633	1179	408	900	266	754
GLB	1092.0	1192.0	434	1
1097	1067	1190	1346	1103	1042	980	1314
MUQ	1316.0	2330.0	210	1
1568	2420	1090	2514	1048	2085	1560	2301
CBH	521.0	1378.0	414	1
412	1244	678	1390	466	1510	531	1370
TOP	732.0	2059.0	324	1
859	2049	592	1903	663	2019	814	2267
PVD	895.0	2155.0	233	1
1059	2433	1001	2098	605	2206	916	1884
LJQ	563.0	1147.0	224	1
701	1096	551	984	557	1240	443	1268
HVS	2066.0	1992.0	273	1
2112	2048	1860	1755	2407	1989	1885	2177
UNE	2288.0	1388.0	450	1
2426	1440	2304	1506	2142	1364	2282	1244
ZFN	2061.0	551.0	470	1
2128	416	2121	768	2069	643	1928	380
WFA	975.0	1564.0	269	1
1013	1465	788	1606	1250	1558	851	1630
QUM	2223.0	679.0	262	1
2137	902	2126	507	2280	694	2349	616
VAA	851.0	2430.0	328	1
611	2414	911	2585	942	2330	940	2392
WVJ	495.0	2005.0	424	1
436	1726	750	2042	480	1987	314	2268
VNN	687.0	1779.0	265	1
751	1621	413	1765	805	1821	780	1912
ABR	1763.0	2026.0	351	1
1865	1887	1366	2173	1927	1760	1895	2285
KJP	2163.0	909.0	403	1
2456	993	1945	1015	1876	931	2375	697
UXF	1883.0	955.0	215	1
1805	1119	1949	1072	1979	784	1800	845
OJE	1717.0	484.0	469	1
1786	207	1784	636	1769	391	1530	705
JKH	1118.0	1700.0	471	1
1096	1569	1124	1621	1240	1736	1013	1874
MTD	2205.0	279.0	303	1
2493	500	2080	217	2059	204	2190	196
