WHH	1533.0	1193.0	92	1
1632	996	1507	1352	1396	1403	1598	1022
TGU	1833.0	598.0	197	1
1570	633	1630	659	2021	785	2114	318
WSY	1380.0	2066.0	116	1
1558	2014	1559	2454	1305	1928	1100	1871
ZQB	724.0	1034.0	178	1
470	1133	718	978	802	950	907	1077
OQV	1752.0	896.0	36	1
1606	848	2119	937	1687	941	1596	859
WWV	1336.0	1241.0	4	1
1474	1489	1279	1075	1312	1393	1282	1009
UVH	2070.0	1551.0	175	1
2033	1736	2023	1508	1872	1383	2354	1579
ITE	702.0	1057.0	24	1
540	1100	670	926	803	1095	796	1108
FPK	1057.0	1234.0	67	1
978	1081	1280	1531	978	1329	992	995
HSN	1686.0	1473.0	290	1
1591	1598	1805	1624	1705	1103	1645	1568
MXT	1767.0	1956.0	196	1
2031	1925	1472	1739	1611	2122	1956	2038
KMD	2102.0	1481.0	95	1
2127	1424	2258	1637	1852	1485	2174	1380
RSU	891.0	2058.0	221	1
839	2027	824	2090	943	2128	958	1988
QEQ	1767.0	520.0	60	1
1793	269	1879	705	1671	466	1727	642
UHM	522.0	1815.0	240	1
388	1848	422	1575	463	2041	815	1796
MSE	936.0	1404.0	146	1
990	1559	1050	1363	945	1590	761	1104
BJF	1473.0	533.0	121	1
1196	495	1397	397	1676	370	1623	871
BQP	839.0	760.0	28	1
860	693	747	833	821	960	928	555
BVD	619.0	2231.0	10	1
468	2244	835	2047	444	2438	729	2196
PBI	2157.0	880.0	59	1
1844	826	2085	943	2405	955	2295	798
HUZ	1300.0	1993.0	102	1
1512	1892	1089	2039	1290	2069	1312	1974
CXP	711.0	2043.0	6	1
670	1815	629	1782	977	2351	570	2227
POI	1682.0	2039.0	62	1
1622	2194	1542	1960	1552	1994	2013	2010
AXY	2213.0	867.0	41	1
2322	879	2260	683	2093	899	2177	1010
SAR	2266.0	935.0	257	1
2197	815	2169	977	2334	866	2367	1082
OMK	1585.0	628.0	113	1
1563	626	1419	568	1625	495	1734	826
GTI	2276.0	840.0	103	1
2009	928	2340	779	2318	830	2440	826
GFZ	2255.0	909.0	129	1
2425	1061	2406	654	1966	1064	2224	860
NTU	1778.0	2459.0	167	1
1997	2614	1708	2623	1628	2155	1781	2444
TPT	908.0	2262.0	221	1
874	2246	1056	2214	977	2287	725	2301
SCY	664.0	575.0	72	1
575	505	608	631	780	500	696	667
PSN	1719.0	921.0	266	1
1556	882	1897	854	1714	1002	1712	949
MMR	1288.0	2250.0	163	1
1177	2005	1179	2393	1287	2152	1510	2450
WQS	724.0	773.0	237	1
837	871	565	775	602	859	894	588
CRA	1182.0	534.0	44	1
1150	846	1197	335	1156	420	1228	535
FAI	1923.0	1447.0	10	1
1998	1570	2049	1507	1998	1416	1648	1298
NIP	448.0	2332.0	212	1
816	2478	372	2204	354	2253	252	2396
SEF	2078.0	2452.0	147	1
1925	2443	2336	2502	1855	2435	2199	2431
PUS	1463.0	2161.0	26	1
1363	2269	1433	2282	1361	2159	1698	1935
NPC	694.0	2444.0	87	1
799	2219	655	2410	630	2588	694	2560
CFZ	1648.0	1670.0	243	1
1856	1690	1621	1719	1597	1564	1521	1709
BUR	613.0	1970.0	225	1
382	1897	904	2112	746	1986	422	1887
YOG	1548.0	398.0	84	1
1434	526	1516	603	1737	333	1508	132
PLR	1872.0	925.0	285	1
1830	961	1841	1020	1869	1089	1949	631
BIF	819.0	1331.0	81	1
942	1337	766	1481	834	1448	735	1061
ZOD	526.0	1239.0	142	1
226	1077	730	1503	445	1154	706	1223
OPY	2258.0	809.0	277	1
2167	799	2474	790	2232	589	2160	1060
DGR	818.0	2154.0	154	1
796	2490	1011	1995	904	1981	561	2152
HXZ	1062.0	1743.0	97	1
949	1521	1072	1873	1044	1947	1186	1634
QJQ	526.0	2014.0	284	1
353	2105	636	1909	460	1956	658	2086
