BXI	2281.0	596.0	19	1
2366	513	2325	462	2066	759	2370	650
RSG	2398.0	546.0	297	1
2352	558	2304	625	2512	392	2426	612
TAW	733.0	2118.0	139	1
1072	2003	505	2366	756	1990	599	2116
GBH	1947.0	1515.0	200	1
1953	1665	1845	1265	2148	1631	1843	1501
NHK	1323.0	773.0	290	1
1190	656	1390	749	1218	789	1495	900
ZFH	548.0	996.0	153	1
631	719	371	1179	512	924	679	1165
EEQ	638.0	907.0	160	1
627	678	779	1059	437	966	709	928
ZLJ	402.0	1985.0	299	1
271	1831	442	2041	587	1977	308	2092
GAV	2157.0	2158.0	211	1
2097	2498	2239	2207	2098	1964	2197	1966
JXS	1968.0	649.0	83	1
1893	909	1908	487	1867	480	2206	723
PUV	1363.0	1177.0	10	1
1184	1265	1394	936	1604	1232	1272	1278
FRK	1861.0	1539.0	51	1
1809	1384	2074	1565	1965	1781	1599	1429
NZG	809.0	1949.0	43	1
961	1963	780	1713	489	2163	1006	1958
KXK	1019.0	199.0	192	1
816	187	803	171	1154	221	1306	219
UAW	2295.0	1122.0	26	1
2205	1228	2240	980	2393	1276	2344	1004
TKT	817.0	612.0	192	1
753	522	623	582	1064	682	829	665
ZNU	1828.0	465.0	240	1
1531	488	1970	596	1901	246	1912	531
XBK	2287.0	620.0	4	1
2209	366	2212	852	2391	810	2336	455
ZZA	2080.0	2299.0	277	1
2194	2226	1890	2584	2209	2264	2028	2124
ESE	634.0	1733.0	92	1
602	1972	601	1587	575	1552	758	1822
OJG	903.0	1792.0	117	1
880	1613	1105	1904	768	1931	861	1723
BEQ	498.0	761.0	131	1
357	617	417	933	713	935	506	561
CYH	1133.0	1621.0	68	1
1180	1413	1140	1776	968	1723	1245	1575
XCT	681.0	827.0	136	1
475	906	1005	887	745	851	501	664
UWG	1865.0	2229.0	288	1
2057	2527	1777	2077	1860	2009	1766	2305
DJM	1803.0	1886.0	263	1
1877	1666	1739	1972	1950	1809	1648	2099
NQD	1243.0	637.0	287	1
1309	460	1100	713	1289	843	1276	533
IFR	1312.0	2245.0	146	1
1477	2281	1233	2297	1246	2358	1295	2044
WPR	2028.0	1066.0	219	1
2080	1081	1918	999	1958	1178	2159	1009
FDG	853.0	1760.0	279	1
1143	2018	823	1485	622	1511	825	2029
ULS	1626.0	1806.0	141	1
1699	1766	1480	2137	1692	1627	1634	1697
PFD	2212.0	312.0	56	1
1925	647	2298	215	2286	233	2339	155
VGL	1834.0	1010.0	196	1
1908	824	1612	1013	2071	970	1748	1235
QRM	1853.0	2162.0	236	1
2060	1962	1774	2227	1712	2336	1867	2123
JRG	2153.0	2000.0	180	1
2079	2134	2082	1782	2227	2124	2227	1962
JHT	1868.0	2281.0	265	1
2074	2446	1756	2102	2030	2349	1615	2228
FWE	1245.0	2284.0	167	1
1002	2241	1224	2181	1337	2465	1420	2249
BFU	989.0	2085.0	272	1
1143	2050	833	2222	981	1937	1000	2133
FQT	1544.0	1233.0	140	1
1484	1530	1627	1088	1353	1243	1712	1074
AEE	621.0	1342.0	157	1
526	1206	490	1350	705	1451	766	1364
XRH	739.0	619.0	152	1
787	681	671	524	804	729	694	544
HYS	1176.0	2162.0	169	1
1115	2239	1054	1986	1132	2295	1406	2129
ZUH	431.0	775.0	194	1
374	628	537	961	568	753	246	761
ASR	1761.0	1712.0	249	1
1687	1426	1998	1796	1472	1882	1890	1745
ZPI	1570.0	2086.0	11	1
1985	1990	1414	1947	1436	2237	1445	2172
API	1449.0	2117.0	144	1
1608	2348	1360	1952	1564	2091	1264	2080
NNI	619.0	2035.0	165	1
515	1859	438	2360	719	2013	805	1910
TSP	762.0	2157.0	270	1
740	2464	940	2059	692	1998	678	2110
HWS	1585.0	2089.0	235	1
1314	2172	1858	1872	1557	1999	1613	2314
LCF	1498.0	819.0	56	1
1494	991	1190	874	1686	536	1624	876
