STH	1366.0	740.0	158	1
1335	548	1351	784	1166	1018	1614	610
EUP	1220.0	2104.0	192	1
1536	2427	1234	1877	1031	1871	1082	2241
YXE	1450.0	627.0	254	1
1541	547	1558	322	1166	756	1537	883
RCI	1378.0	1282.0	262	1
1263	1066	1442	1191	1549	1414	1260	1457
UYU	799.0	1088.0	113	1
693	1264	669	847	1197	863	640	1379
SWO	2323.0	685.0	127	1
2368	495	2123	641	2550	635	2251	971
VMS	1138.0	776.0	71	1
1223	911	1289	692	944	735	1098	766
OHU	1634.0	1030.0	113	1
1792	1142	1609	1027	1724	957	1414	997
CWC	843.0	2354.0	190	1
677	2273	831	2609	851	2287	1014	2249
QXQ	1484.0	1446.0	237	1
1476	1410	1423	1537	1559	1217	1478	1621
ZVU	1816.0	1577.0	145	1
2045	1866	1551	1534	2089	1425	1581	1485
ZPZ	2338.0	998.0	192	1
2147	1033	2454	1179	2290	1059	2464	721
NXY	449.0	1940.0	230	1
576	2054	340	1721	316	2200	566	1788
NRI	489.0	1762.0	296	1
266	1793	551	1670	529	1672	613	1913
UXH	2366.0	514.0	199	1
2512	622	2530	426	2228	243	2194	765
BPQ	922.0	2293.0	112	1
852	2081	650	2609	1167	2302	1022	2183
CVM	1845.0	1124.0	128	1
1657	1190	1937	1256	1731	1106	2058	946
MZL	1069.0	1065.0	213	1
1019	1067	1308	1080	959	1144	993	972
IYH	1129.0	1171.0	238	1
969	1125	1416	1055	1113	1282	1021	1225
ULL	2346.0	1704.0	13	1
2484	2008	2249	1678	2237	1605	2416	1525
BGW	1682.0	722.0	150	1
1715	922	1849	519	1626	839	1541	609
KOM	1113.0	1469.0	18	1
1136	1746	1035	1363	1107	1237	1174	1531
YCD	598.0	1644.0	104	1
721	1763	601	1826	502	1682	570	1306
HBB	1759.0	2073.0	56	1
1669	2071	1606	1982	1761	2126	2002	2113
KZN	2043.0	1236.0	164	1
2093	1074	1973	1168	2125	1365	1984	1338
QGD	392.0	1606.0	293	1
368	1489	300	1449	382	1758	519	1728
YFJ	1227.0	909.0	47	1
1222	1111	1442	791	1039	1120	1206	615
OFJ	770.0	1688.0	171	1
684	1586	666	1583	908	2043	823	1540
UIJ	1149.0	1458.0	285	1
974	1447	1290	1453	1400	1403	933	1531
DDN	922.0	485.0	224	1
1067	302	1114	448	787	705	720	486
MWX	1640.0	1214.0	154	1
1806	949	1752	1332	1422	1381	1580	1194
GBT	1607.0	945.0	207	1
1573	1186	1587	1053	1351	790	1920	751
YMZ	1657.0	1567.0	51	1
1671	1540	1626	1642	1623	1539	1711	1550
QJI	547.0	2249.0	187	1
365	2042	623	2190	421	2372	781	2392
GHQ	611.0	565.0	142	1
527	668	775	421	562	592	580	582
VCP	2265.0	2201.0	86	1
2156	2116	2401	2515	2190	2101	2314	2075
UWM	1104.0	1662.0	297	1
1296	1880	968	1752	892	1530	1262	1489
WOV	697.0	1598.0	10	1
761	1432	832	1466	574	1699	621	1795
RFB	624.0	1671.0	183	1
477	1862	555	1502	555	1606	910	1715
KZN	968.0	1312.0	66	1
853	1167	1113	1342	943	1340	966	1399
SYS	1311.0	1881.0	233	1
1604	2063	1105	2001	1286	1833	1250	1629
SRA	2376.0	2218.0	247	1
2518	2326	2330	2246	2477	2167	2181	2135
HGB	1856.0	1595.0	174	1
1748	1502	1730	1855	2015	1496	1932	1528
IWN	2099.0	792.0	259	1
1979	753	2022	657	2257	1087	2138	672
HCV	1545.0	1300.0	87	1
1674	1103	1454	1159	1659	1317	1395	1624
NXA	1978.0	1892.0	19	1
1712	1739	2041	1858	2134	2124	2025	1847
WKZ	637.0	1426.0	47	1
603	1319	749	1191	609	1654	590	1540
PHN	905.0	1790.0	113	1
781	1911	1066	1826	986	1679	788	1747
OVI	959.0	673.0	247	1
1019	369	1209	891	750	726	858	709
OGF	1073.0	443.0	124	1
1158	525	1112	397	1053	381	972	469
