DVM	1132.0	1850.0	233	1
1324	2011	984	1845	1145	1640	1075	1904
WQB	590.0	1465.0	142	1
551	1749	733	1434	551	1425	528	1253
HZW	1521.0	1196.0	264	1
1596	1154	1591	967	1338	1144	1562	1520
KQS	1688.0	487.0	227	1
1672	265	2003	765	1579	654	1498	264
OHO	740.0	1713.0	129	1
759	1439	708	1909	555	1729	940	1777
PQY	791.0	1768.0	153	1
781	1613	667	1780	965	1946	752	1733
LKO	2237.0	2219.0	147	1
2256	2217	2163	2118	2557	2203	1975	2338
RTZ	449.0	1455.0	282	1
224	1447	563	1395	619	1469	393	1510
ZFQ	977.0	548.0	127	1
1094	766	1061	560	1054	514	702	354
QSB	1881.0	1340.0	13	1
1715	1425	2098	1522	2105	1341	1607	1072
MOM	809.0	1893.0	26	1
822	2001	775	2030	942	1862	697	1682
KUH	795.0	1315.0	210	1
652	1315	978	1177	590	1376	961	1394
WJV	988.0	2211.0	94	1
1066	2136	884	2383	860	2230	1143	2096
WBM	1646.0	1513.0	206	1
1616	1548	1547	1334	1577	1517	1846	1653
OTV	1656.0	539.0	285	1
1761	642	1584	615	1738	400	1541	499
TUH	1197.0	2107.0	180	1
1058	2201	1023	2122	1276	2097	1434	2010
OKQ	1377.0	1531.0	40	1
1248	1396	1417	1488	1475	1701	1370	1541
KYP	2275.0	1657.0	79	1
2578	1595	2299	1717	2099	1745	2127	1572
UCN	1497.0	1842.0	35	1
1473	1718	1500	1916	1737	1793	1281	1941
MZS	1951.0	2166.0	207	1
1884	2058	1872	2210	2134	1932	1915	2467
IIN	2030.0	488.0	15	1
1986	422	1968	399	2053	502	2114	632
CVH	2267.0	1271.0	121	1
2544	1530	2064	1253	2327	1071	2135	1230
WST	591.0	824.0	34	1
728	916	487	757	689	822	463	803
OCY	1396.0	1079.0	249	1
1240	1056	1363	1173	1393	986	1589	1102
XTJ	2206.0	2051.0	54	1
2246	1900	1970	2067	2126	2375	2482	1865
VJT	652.0	1414.0	30	1
552	1530	461	1389	905	1430	691	1309
ANX	1017.0	1474.0	28	1
871	1422	930	1578	1010	1625	1259	1271
LOQ	1724.0	1726.0	101	1
1562	1621	1869	1755	1884	1608	1583	1921
CRE	2025.0	417.0	74	1
1895	630	1840	336	2243	391	2123	312
ACC	1215.0	856.0	18	1
1158	745	1379	917	1244	621	1082	1142
QDT	1949.0	2242.0	174	1
1615	2259	2062	2343	2073	2203	2046	2163
SXH	1744.0	2110.0	194	1
1878	2207	1527	1952	1804	2126	1768	2156
XNQ	1609.0	579.0	220	1
1477	770	1859	588	1640	728	1460	232
BKV	713.0	1672.0	289	1
710	1726	625	1599	791	1804	726	1560
UWV	591.0	922.0	273	1
769	897	594	1041	415	719	589	1031
DEL	1801.0	1680.0	115	1
2004	1330	1801	1915	1772	1790	1627	1687
JMI	318.0	1219.0	282	1
417	1044	308	1392	162	1088	387	1354
QFG	1406.0	1821.0	13	1
1227	1956	1281	1876	1640	1615	1476	1837
CXH	992.0	1600.0	49	1
1064	1863	962	1403	949	1567	993	1570
HCB	1627.0	1427.0	39	1
1549	1480	1568	1505	1533	1388	1859	1338
IDY	2172.0	2420.0	137	1
2092	2582	2199	2250	2360	2594	2040	2254
KRQ	1749.0	2013.0	94	1
1685	1932	1976	2236	1508	2086	1830	1800
ERO	1126.0	1796.0	70	1
1356	1955	946	1645	1083	1861	1122	1723
NEZ	670.0	2120.0	118	1
945	1938	611	2250	670	1976	457	2318
MXM	1409.0	965.0	88	1
1267	724	1364	1069	1380	1216	1627	851
FCJ	674.0	2065.0	126	1
791	2047	560	1877	791	2296	555	2040
SRR	2038.0	1357.0	136	1
2030	1452	2182	1137	2117	1491	1825	1349
WZG	1010.0	867.0	251	1
1272	982	816	940	1138	873	816	675
BKQ	2225.0	1459.0	14	1
2229	1793	2324	1321	2115	1464	2232	1261
WQB	1477.0	1499.0	232	1
1455	1317	1528	1495	1475	1598	1451	1589
