MLP	882.0	1351.0	287	1
961	1324	1135	1552	690	1257	745	1272
BSC	1838.0	2319.0	131	1
1766	2462	1769	2183	2117	2182	1701	2450
GPX	1264.0	2016.0	84	1
1208	2090	1404	2038	1357	1900	1089	2036
SDF	592.0	2072.0	226	1
847	2124	596	1990	545	2073	381	2101
WZW	1294.0	1501.0	4	1
1198	1322	1454	1738	1125	1280	1399	1667
GEI	1770.0	1383.0	80	1
1820	1532	1657	1231	1794	1595	1812	1176
OPS	428.0	462.0	23	1
367	394	431	374	559	756	358	324
KLA	297.0	549.0	272	1
280	718	532	717	240	501	136	260
GMG	1160.0	1792.0	200	1
1209	1601	1068	1977	1258	1936	1106	1655
SAI	2340.0	1186.0	259	1
2192	1384	2555	1051	2503	1276	2113	1033
CPS	1242.0	1850.0	1	1
1431	2010	1214	1831	1116	1769	1210	1790
PDJ	535.0	567.0	269	1
270	623	602	380	570	585	701	683
YMN	889.0	2061.0	117	1
1060	2077	861	2188	936	2043	700	1938
TJP	2167.0	696.0	297	1
2264	603	2237	873	1796	705	2372	606
WIL	642.0	915.0	84	1
714	809	759	1031	696	836	400	986
TBP	1424.0	1112.0	206	1
1204	1057	1619	867	1254	1305	1621	1220
RBL	1833.0	646.0	148	1
1859	531	1951	559	1710	706	1813	789
SDW	899.0	1068.0	260	1
1230	1022	848	1038	695	1080	824	1132
BJF	2227.0	1370.0	251	1
2232	1576	2068	1469	2481	1112	2127	1326
SWS	1972.0	1153.0	136	1
1999	1412	2019	1109	1836	1066	2034	1026
IYN	2001.0	726.0	43	1
2056	529	2071	494	1958	907	1922	975
EGL	1527.0	857.0	275	1
1466	1074	1567	816	1395	716	1682	822
UZQ	2164.0	1124.0	203	1
2181	1114	1976	946	2331	1271	2168	1165
ISO	520.0	2212.0	106	1
522	2203	547	2150	577	2305	437	2190
QBF	1982.0	274.0	208	1
1717	289	2212	200	1764	429	2236	180
ELW	2101.0	1503.0	67	1
1853	1512	2290	1402	2376	1674	1888	1425
LIU	1812.0	401.0	41	1
1614	148	1876	399	1949	600	1811	458
MJH	918.0	1172.0	40	1
677	1004	798	1329	969	1379	1229	978
CMJ	1990.0	1215.0	172	1
2003	1414	1969	1205	2166	1244	1824	1000
NTN	1959.0	1310.0	130	1
2199	1452	1735	1533	1983	1118	1919	1138
FUE	1652.0	907.0	128	1
1554	898	1771	921	1488	901	1798	908
DRS	1946.0	1058.0	123	1
2209	975	1800	1156	1912	1159	1864	943
XWT	1370.0	2354.0	3	1
1166	2119	1410	2513	1386	2485	1521	2299
GXG	1666.0	386.0	152	1
1571	353	1902	297	1657	269	1535	626
MRM	2238.0	967.0	151	1
2223	1197	2211	732	2224	1119	2295	822
USP	568.0	1716.0	71	1
667	1993	631	1442	300	1694	676	1735
YDP	390.0	1649.0	10	1
607	1701	329	1572	213	1738	411	1585
SPO	2444.0	407.0	236	1
2386	209	2356	234	2499	423	2537	763
WWI	1722.0	2005.0	15	1
1780	1769	1507	2149	1940	2140	1661	1965
DAA	1786.0	2528.0	34	1
1567	2444	1553	2588	1979	2460	2046	2620
EWD	1732.0	929.0	97	1
1849	987	1683	868	1706	1003	1691	860
PSL	759.0	2410.0	59	1
618	2275	658	2371	1043	2420	719	2575
FRP	1417.0	2395.0	61	1
1591	2311	1284	2412	1406	2600	1390	2259
NJO	766.0	656.0	268	1
619	896	1002	481	596	388	850	859
UZR	2031.0	1579.0	206	1
1809	1492	1987	1718	2289	1569	2040	1539
JLL	1746.0	2280.0	278	1
1579	2434	1653	2315	1677	2126	2078	2247
WBN	752.0	920.0	128	1
933	842	822	1175	561	728	695	937
JHE	1515.0	382.0	68	1
1768	505	1344	145	1535	441	1416	439
FDT	1185.0	886.0	27	1
1054	830	1379	1123	1057	923	1252	671
OTG	1857.0	934.0	247	1
1736	725	2221	1002	1797	944	1675	1066
