ICC	948.0	1039.0	493	1
942	1238	826	792	942	943	1085	1184
NKZ	2186.0	1195.0	342	1
2145	959	2368	1381	2079	967	2154	1476
CBL	1274.0	464.0	431	1
1476	715	995	400	1545	306	1080	435
GXV	1641.0	2142.0	230	1
1456	2156	1601	2144	1775	2047	1735	2224
DSJ	1733.0	1492.0	244	1
1773	1650	1758	1300	1926	1451	1478	1570
LVO	1254.0	1195.0	306	1
1171	1232	1418	1092	1073	1227	1356	1231
PXN	1423.0	1502.0	217	1
1212	1576	1694	1543	1655	1167	1132	1722
BRE	1185.0	2267.0	283	1
972	2129	1022	2132	1441	2463	1308	2344
JEL	1567.0	537.0	316	1
1634	517	1582	724	1452	441	1602	469
RBT	1020.0	907.0	201	1
1083	652	779	642	1010	1143	1209	1191
GII	2090.0	2405.0	217	1
2360	2675	1985	2532	2006	2127	2010	2287
KPT	1186.0	873.0	469	1
1130	755	1252	912	1090	1032	1274	793
DYI	581.0	703.0	396	1
852	489	747	735	391	733	337	856
FFD	2332.0	2132.0	457	1
2335	2005	2459	2217	2264	2033	2272	2276
IQI	1468.0	579.0	227	1
1301	469	1555	807	1361	504	1658	536
NPP	479.0	2358.0	490	1
289	2166	640	2119	488	2656	501	2492
XIS	1931.0	2482.0	270	1
1781	2379	1976	2602	2014	2609	1953	2340
POD	1301.0	477.0	449	1
1085	681	1339	213	1596	463	1187	554
RUK	2074.0	2052.0	497	1
2196	2321	2068	1772	1872	2173	2160	1945
TRK	1300.0	1425.0	429	1
1178	1326	1430	1512	1277	1412	1317	1452
CGZ	1695.0	911.0	424	1
1420	747	1871	715	1766	1140	1724	1043
BHN	562.0	1824.0	448	1
872	1694	581	1799	437	1716	361	2090
QOT	1644.0	788.0	201	1
1492	955	1738	564	1477	811	1871	825
TFA	888.0	459.0	312	1
1037	224	804	552	798	759	916	302
HIM	451.0	2182.0	268	1
397	1964	486	2372	267	1932	655	2461
ZAO	1366.0	1255.0	373	1
1502	1256	1397	1020	1299	1226	1268	1519
OIJ	2024.0	431.0	216	1
2009	294	1977	306	2273	390	1837	736
EQO	2513.0	869.0	371	1
2525	795	2491	1013	2467	764	2572	907
OAK	1052.0	2039.0	216	1
1175	2318	797	1954	1031	1898	1207	1987
TCJ	1519.0	2025.0	223	1
1368	2155	1536	1937	1665	1877	1509	2132
OAL	1229.0	1321.0	338	1
1255	1367	1256	1297	1025	1294	1381	1327
CMX	2273.0	1766.0	215	1
2561	1940	2207	1507	2038	1803	2289	1816
QYZ	1695.0	1383.0	253	1
1798	1405	1539	1360	1603	1369	1842	1398
UEJ	459.0	2189.0	404	1
599	2105	214	2217	503	2159	522	2277
VXL	990.0	1052.0	210	1
787	1070	1243	1044	931	1049	999	1045
UXM	1787.0	459.0	394	1
1944	632	1860	350	1679	433	1668	421
JAP	547.0	1007.0	215	1
598	742	297	1151	496	1180	799	957
TST	1438.0	2135.0	320	1
1328	1914	1657	2140	1234	2204	1536	2284
ENE	1098.0	2308.0	433	1
1304	2178	918	2163	1185	2389	987	2503
KKL	1919.0	1588.0	387	1
2128	1502	1621	1475	1824	1836	2103	1541
VRH	837.0	1879.0	486	1
836	2021	805	2029	795	1637	913	1829
LZZ	1566.0	2261.0	203	1
1466	2090	1373	2427	1768	2090	1659	2437
HLE	1241.0	452.0	458	1
1396	513	968	274	1315	616	1286	408
TJI	498.0	2394.0	463	1
527	2306	422	2490	320	2496	724	2285
OJX	1704.0	1743.0	474	1
1778	2054	1634	1587	1869	1769	1535	1563
JPH	993.0	1087.0	478	1
1037	867	837	1334	1024	1122	1077	1026
GAB	551.0	1705.0	333	1
632	1698	447	1584	545	1817	583	1723
HSH	1769.0	1290.0	347	1
2005	1373	1530	1480	1926	1147	1616	1162
GPM	2116.0	1252.0	267	1
1911	1098	2388	1391	1902	1281	2265	1240
DBK	1588.0	805.0	202	1
1613	641	1628	853	1516	960	1598	766
