ZVL	1656.0	1375.0	86	1
1487	1207	1852	1244	1921	1481	1367	1568
GCP	1672.0	985.0	202	1
1722	1084	1680	894	1659	929	1629	1036
GKM	1457.0	824.0	103	1
1412	685	1500	1073	1639	605	1278	934
RFL	1989.0	1759.0	125	1
1951	1670	1917	1745	1850	1717	2238	1907
URZ	1778.0	732.0	143	1
1647	539	1934	675	1657	777	1877	939
KKH	2053.0	682.0	254	1
1912	497	2075	579	2086	795	2141	860
QCC	521.0	714.0	150	1
493	636	640	662	481	975	470	584
HUW	1386.0	1236.0	199	1
1491	1194	1229	1313	1372	1215	1453	1224
BPK	2257.0	815.0	27	1
2464	919	2045	819	2248	688	2272	835
VML	1608.0	999.0	13	1
1546	890	1867	1007	1486	1076	1533	1023
AYS	2455.0	1474.0	211	1
2555	1550	2110	1374	2568	1468	2588	1506
HER	1749.0	879.0	28	1
1556	1048	1803	629	1875	1020	1764	821
HQK	850.0	698.0	115	1
932	751	681	648	1005	646	784	747
VAM	607.0	1934.0	4	1
678	2172	561	1791	604	1897	588	1879
OQB	2408.0	1995.0	103	1
2288	1981	2397	1861	2424	2294	2526	1847
LLO	1456.0	2360.0	231	1
1307	2329	1476	2310	1349	2396	1692	2406
VUY	2288.0	1350.0	14	1
2229	1413	2256	1325	2128	1378	2539	1284
UNG	1114.0	610.0	52	1
1204	548	983	530	1370	674	899	691
RAV	1937.0	706.0	123	1
1868	708	1810	593	2137	696	1933	829
XMU	909.0	1828.0	231	1
1189	1877	847	1529	767	2023	833	1885
NOS	2017.0	1630.0	192	1
2098	1648	2207	1525	1878	1796	1885	1553
IJZ	2160.0	2075.0	194	1
2208	1825	2387	2344	2096	2184	1949	1950
YPL	731.0	464.0	270	1
509	606	837	446	895	547	685	258
ZDV	2165.0	1239.0	57	1
2096	1072	2260	1141	2198	1280	2108	1463
SDO	976.0	1089.0	132	1
987	1308	882	979	981	940	1055	1132
EMA	1590.0	867.0	36	1
1851	572	1590	895	1517	1100	1403	903
JLO	1641.0	2236.0	185	1
1585	2555	1821	2261	1475	2117	1685	2011
ZXD	506.0	599.0	278	1
655	729	332	501	411	600	629	566
JLW	479.0	1449.0	248	1
627	1220	183	1598	552	1714	555	1265
UPR	2209.0	567.0	34	1
2038	652	2186	627	2353	576	2259	414
IYT	2205.0	1631.0	183	1
2586	1549	2159	1619	2040	1625	2038	1732
KHC	2309.0	509.0	167	1
2533	618	2444	418	1989	573	2273	428
KIW	2077.0	2164.0	226	1
2122	1930	2314	2165	2008	2277	1866	2287
UPW	1659.0	1507.0	126	1
1519	1665	1802	1454	1848	1360	1468	1551
MYY	2050.0	2345.0	95	1
2202	2468	1970	2244	1996	2390	2034	2280
WTV	1872.0	1786.0	102	1
1613	1550	2022	1933	1856	1885	2000	1776
JQJ	2498.0	1960.0	11	1
2401	2070	2543	2251	2640	1750	2408	1770
EQT	2179.0	1414.0	66	1
1941	1263	2212	1326	2371	1290	2193	1779
UJZ	1953.0	1223.0	19	1
1895	1266	2166	1049	1805	1124	1949	1454
LHM	2177.0	2221.0	174	1
2368	2001	2039	2375	2170	2219	2132	2292
SXT	2309.0	1267.0	173	1
2376	1157	2368	1125	2229	1303	2264	1485
NCI	709.0	1239.0	294	1
583	1202	666	1116	548	1234	1042	1407
JRA	747.0	1487.0	89	1
658	1832	563	1469	752	1302	1016	1345
YOJ	1399.0	1950.0	258	1
1532	2047	1477	1765	1487	1872	1101	2117
LGC	2229.0	445.0	280	1
2135	293	2234	331	2293	509	2254	650
DQA	697.0	2038.0	216	1
654	2087	762	2091	708	1946	665	2028
WII	2345.0	537.0	220	1
2103	397	2423	435	2367	626	2487	693
IGS	549.0	1100.0	100	1
785	1327	559	1167	269	838	586	1068
DUU	844.0	920.0	41	1
1123	931	763	1001	594	1162	897	589
EFY	1815.0	983.0	94	1
1700	1346	1733	974	2080	804	1747	808
