FZG	1219.0	1127.0	402	1
1220	1200	1161	1359	1376	1127	1119	823
GWA	2593.0	2259.0	290	1
2565	1952	2537	2398	2620	2402	2651	2287
RMQ	517.0	1853.0	286	1
427	1654	611	1885	523	2006	508	1869
JXT	2287.0	2143.0	307	1
2267	2302	2407	2228	2097	2115	2377	1929
DJI	1994.0	357.0	255	1
2026	455	1794	257	2081	505	2078	211
ROX	1364.0	849.0	319	1
1485	739	1575	632	1157	1069	1240	959
BHK	1754.0	1380.0	420	1
1938	1592	1791	1338	1492	1378	1796	1213
MBO	589.0	598.0	304	1
856	646	302	599	672	558	529	592
WSB	794.0	2098.0	446	1
950	2280	966	1797	650	2053	610	2262
AUD	1734.0	799.0	479	1
1549	707	1746	721	1692	839	1951	932
WDH	1825.0	2464.0	236	1
1911	2518	1690	2236	1752	2615	1949	2487
VPW	1954.0	1248.0	289	1
1956	1367	2107	1174	1987	1383	1766	1071
DRG	1959.0	886.0	448	1
1926	535	1734	993	2175	1022	2004	994
AOZ	1375.0	1690.0	312	1
1530	1895	1234	1620	1329	1510	1407	1738
PUG	1701.0	799.0	386	1
1468	620	1922	719	1632	754	1784	1103
VOJ	843.0	618.0	426	1
732	863	897	470	875	800	869	341
XNS	2099.0	1907.0	356	1
2260	2197	2031	1662	2176	2031	1930	1739
IME	1076.0	438.0	426	1
919	839	1282	337	1088	303	1017	273
IUO	672.0	1359.0	258	1
780	1431	592	1524	583	1305	734	1176
CVH	568.0	2192.0	318	1
326	2442	687	2212	608	2167	652	1947
BEV	1552.0	2012.0	388	1
1392	1758	1668	1783	1595	2284	1553	2225
GSY	1459.0	514.0	327	1
1484	567	1456	363	1652	402	1246	727
WXT	1361.0	901.0	313	1
1398	913	1335	965	1403	712	1310	1017
IEV	803.0	732.0	475	1
936	653	1026	822	591	943	660	512
WJR	1809.0	1005.0	219	1
1571	1016	1827	1099	1762	1097	2077	811
GTM	2115.0	2002.0	463	1
2227	1805	2000	1915	2111	2049	2123	2241
FDL	331.0	941.0	333	1
224	909	237	1210	529	863	334	784
ZNO	2281.0	969.0	426	1
2426	826	2220	888	2336	1175	2145	988
RME	1911.0	1634.0	355	1
2057	1867	1795	1397	2137	1748	1655	1525
FNT	1705.0	1442.0	311	1
1877	1598	1583	1473	1566	1449	1795	1250
YYT	619.0	847.0	247	1
521	604	803	978	362	1089	791	719
SYU	487.0	2163.0	220	1
729	2302	248	1930	211	2172	760	2251
VNF	1879.0	2383.0	375	1
1712	2464	2068	2403	1956	2485	1781	2183
WFC	1173.0	784.0	374	1
1136	624	1170	549	1322	1037	1066	927
OFM	1350.0	2001.0	255	1
1234	2255	1308	2060	1213	1989	1646	1703
LXE	2376.0	1925.0	231	1
2383	1736	2627	1945	2080	2012	2416	2009
QXK	1794.0	846.0	480	1
1705	972	2072	941	1644	786	1756	686
ATO	1210.0	1721.0	325	1
1270	1520	1163	1644	1420	2046	988	1674
UGW	1370.0	1491.0	235	1
1407	1410	1390	1627	1357	1498	1327	1429
DEZ	1833.0	776.0	339	1
1694	456	1957	967	1603	1003	2078	680
DQM	1921.0	1600.0	473	1
1749	1677	1838	1644	2027	1512	2072	1570
YXK	2300.0	734.0	356	1
2138	525	2173	1016	2565	441	2327	954
FZT	975.0	786.0	294	1
1023	587	994	724	1176	905	708	931
XFE	1554.0	809.0	327	1
1449	664	1460	934	1511	871	1799	768
VJJ	945.0	1283.0	265	1
829	1234	722	1386	1146	1459	1085	1055
WPX	1438.0	926.0	493	1
1645	801	1531	823	1200	1181	1377	900
ZOI	2171.0	2090.0	267	1
1945	2336	2155	1858	2316	1977	2271	2191
BMY	1363.0	1907.0	252	1
1185	2099	1452	1782	1191	1762	1626	1985
MRL	2246.0	974.0	482	1
2141	937	2202	1036	2367	1114	2277	811
CJA	1614.0	1168.0	305	1
1680	1065	1645	1301	1625	1325	1507	982
