SAI	1975.0	1955.0	52	1
1845	2164	1800	1842	2106	1984	2150	1833
MLW	839.0	1084.0	57	1
684	1371	637	977	1171	881	865	1108
SAK	890.0	765.0	180	1
932	592	750	742	854	941	1026	786
KMV	2229.0	2074.0	22	1
2334	2166	2453	1829	2019	1975	2113	2329
UKR	2302.0	551.0	140	1
2541	800	2528	426	1981	313	2159	665
EHF	2313.0	1560.0	209	1
2306	1665	2566	1568	2191	1590	2192	1417
CPO	1952.0	752.0	34	1
2036	562	1900	795	2145	723	1730	930
UJY	1110.0	2133.0	271	1
971	2034	1152	1989	1139	2494	1181	2016
EGH	560.0	1690.0	299	1
715	1916	570	1545	750	1862	207	1438
XJP	2184.0	2171.0	201	1
2195	2171	2185	1984	2217	2303	2139	2226
XEP	1377.0	1122.0	261	1
1141	1029	1456	1274	1371	1146	1541	1040
HGN	1636.0	2456.0	46	1
1641	2247	1533	2569	1720	2599	1650	2412
EIM	877.0	1692.0	37	1
990	1889	699	1372	888	1934	934	1575
JYN	2441.0	1856.0	216	1
2343	2047	2418	1634	2406	1742	2597	2001
REJ	1320.0	1168.0	54	1
1033	1229	1480	1146	1475	1199	1292	1100
GLH	2341.0	1793.0	153	1
2329	1838	2232	1595	2554	1727	2249	2015
QQW	1691.0	1920.0	224	1
1589	1779	2002	1753	1529	2175	1644	1973
WJA	2400.0	1050.0	242	1
2243	903	2613	1140	2123	1263	2622	896
NMH	1538.0	1520.0	218	1
1522	1464	1385	1419	1593	1623	1653	1575
ASL	817.0	2077.0	171	1
976	2254	846	1906	667	2199	779	1950
RMA	968.0	1445.0	300	1
1116	1219	742	1224	1143	1643	873	1696
YAV	1817.0	1444.0	279	1
1435	1271	1851	1366	2016	1435	1967	1706
RQG	1184.0	930.0	85	1
1409	776	1142	1131	1104	715	1083	1099
DRM	780.0	763.0	79	1
1075	638	626	991	895	790	527	634
IKE	1156.0	359.0	291	1
1249	553	1157	199	1385	569	835	118
CEJ	1846.0	2331.0	19	1
1967	2062	1766	2563	1942	2254	1711	2445
GEG	1009.0	1223.0	55	1
1085	1085	910	1110	789	1176	1253	1524
JZN	1123.0	903.0	188	1
1314	1034	869	961	1015	924	1297	694
HXV	1401.0	1403.0	22	1
1635	1577	1342	1579	1437	1128	1193	1329
WNS	1115.0	2028.0	3	1
1233	1894	1038	1821	1007	2272	1185	2126
JWS	2047.0	811.0	138	1
1831	991	2195	669	1826	963	2339	624
ULX	1738.0	2017.0	2	1
1717	1816	1819	1911	1695	2186	1722	2155
MHX	1266.0	2398.0	220	1
1617	2642	1130	2413	1273	2244	1047	2293
AHP	2401.0	1020.0	214	1
2279	1077	2575	1101	2388	1073	2364	830
HEP	1207.0	1822.0	124	1
1381	1642	908	2087	1109	1725	1431	1836
AGF	1621.0	1252.0	268	1
1614	1165	1531	1353	1463	1285	1877	1205
IOT	1968.0	468.0	172	1
1971	521	2153	580	1869	516	1880	255
XRH	1194.0	1973.0	47	1
928	1729	1343	2055	1230	2001	1276	2109
EWK	924.0	1777.0	280	1
864	2103	1135	1714	917	1755	782	1538
UOA	1662.0	1265.0	263	1
1559	1514	1828	1373	1774	1211	1488	965
ZUO	370.0	1465.0	137	1
724	1701	234	1371	296	1532	229	1257
IZP	1779.0	674.0	114	1
1994	949	1762	520	1776	557	1587	670
CCT	386.0	961.0	226	1
457	692	230	1232	224	851	636	1071
KHO	1020.0	1534.0	5	1
1055	1723	1142	1722	1039	1333	844	1361
UQY	694.0	1805.0	90	1
674	1681	890	1643	589	1985	625	1912
YIN	1936.0	1538.0	100	1
1953	1407	1967	1484	1789	1882	2035	1380
BMG	2093.0	1228.0	155	1
2017	1323	2280	1116	2049	1134	2028	1340
BHB	998.0	517.0	200	1
1038	665	804	593	1060	147	1092	663
YLJ	1356.0	1625.0	247	1
1271	1769	1432	1754	1337	1425	1387	1553
YDH	1476.0	1617.0	68	1
1420	1767	1631	1715	1263	1677	1592	1312
