UYM	894.0	1348.0	0	1
720	1177	865	1546	1164	1481	827	1190
EHT	883.0	463.0	44	1
964	322	841	339	870	667	858	527
TRR	1468.0	1143.0	279	1
1252	1447	1596	1153	1466	893	1558	1081
ORL	1134.0	2094.0	258	1
1220	2250	1214	2222	1044	2210	1061	1696
ETJ	1344.0	808.0	125	1
1392	604	1305	911	1325	926	1357	791
XKF	603.0	541.0	227	1
778	235	762	662	503	561	371	709
WST	1824.0	485.0	4	1
2015	290	1688	507	1818	534	1775	610
IVJ	2101.0	1795.0	115	1
2071	1712	1884	1556	2228	1851	2224	2062
YTH	1333.0	1743.0	5	1
1210	1861	1400	1825	1303	1813	1419	1473
QUH	1498.0	672.0	198	1
1317	578	1528	824	1435	591	1713	697
HOM	485.0	2356.0	115	1
578	2277	594	2498	415	2242	356	2407
MCQ	1518.0	1733.0	89	1
1607	1843	1301	1853	1633	1691	1533	1545
QWC	1320.0	2389.0	166	1
1371	2392	1246	2550	1408	2049	1256	2565
CBF	2185.0	1842.0	141	1
2370	1903	2350	1655	2103	1977	1920	1836
PGT	1079.0	1942.0	248	1
755	2175	1301	1964	948	1805	1313	1826
CBF	1389.0	1453.0	231	1
1388	1278	1249	1460	1712	1417	1210	1659
VAS	634.0	926.0	113	1
859	864	352	779	790	1218	535	844
VZS	1620.0	1079.0	54	1
1856	847	1497	1129	1756	1160	1374	1181
YXV	1903.0	1498.0	286	1
1767	1336	1876	1417	2236	1719	1733	1521
INJ	2139.0	2292.0	115	1
1986	2279	2320	2577	2068	2141	2182	2173
EAZ	1985.0	1519.0	82	1
2047	1731	1753	1507	2093	1345	2050	1494
IIN	2033.0	832.0	93	1
1900	812	2084	767	2202	1048	1947	704
ZTK	916.0	1908.0	214	1
934	1941	884	1646	1029	2216	820	1832
KIQ	1261.0	1339.0	89	1
1282	1305	1152	1276	1548	1334	1062	1444
URC	2030.0	2189.0	234	1
2131	2526	1882	2043	1945	2021	2164	2168
DLX	1771.0	1920.0	284	1
2043	1879	1677	2048	1651	2036	1713	1717
OKB	620.0	912.0	63	1
857	1079	784	659	331	950	510	961
KFP	2096.0	1204.0	94	1
2076	1150	2183	1182	2209	1053	1919	1432
HDQ	1453.0	2344.0	273	1
1680	2207	1543	2596	1271	2153	1319	2420
KBV	919.0	1916.0	13	1
1123	2095	996	1799	788	1818	770	1953
ECP	1134.0	1911.0	21	1
1022	1698	1136	2244	1295	1918	1086	1786
IET	901.0	821.0	54	1
1027	657	901	1154	834	684	843	789
EIC	739.0	1479.0	195	1
497	1225	1071	1630	566	1710	825	1351
PFF	1614.0	968.0	257	1
1402	1081	1890	880	1459	1139	1705	775
MGV	1578.0	1820.0	139	1
1277	1751	1617	2146	1640	1743	1778	1643
ZPX	1671.0	1810.0	75	1
1542	1736	1679	1819	1879	1653	1584	2035
LNC	1653.0	1117.0	47	1
1498	1042	1609	1373	1799	1063	1706	993
GSU	2472.0	2307.0	211	1
2361	2497	2646	2361	2315	2323	2568	2048
ODR	1510.0	818.0	276	1
1507	952	1362	790	1678	648	1495	885
VMJ	2254.0	1373.0	198	1
2472	1486	2203	1650	2086	1167	2258	1189
OMX	1729.0	2267.0	11	1
1880	2451	1626	2067	1957	2333	1455	2220
CCV	2014.0	1526.0	83	1
2269	1605	1869	1494	2056	1462	1864	1544
JPX	2032.0	918.0	232	1
2106	979	1828	1031	1873	682	2321	982
XZH	1074.0	1013.0	170	1
1151	710	1135	1136	918	1202	1095	1007
CKW	1716.0	1388.0	238	1
1662	1186	1565	1418	1543	1423	2096	1525
ZOR	1884.0	694.0	192	1
1748	748	2109	619	1983	818	1698	592
MPW	1562.0	1053.0	79	1
1738	1234	1512	796	1623	947	1376	1235
NAJ	1329.0	948.0	177	1
1215	901	1418	1025	1355	948	1329	919
TON	1218.0	1182.0	287	1
1229	1172	1263	962	1234	1289	1149	1306
URK	2295.0	2172.0	207	1
2114	2237	2467	2432	2490	2004	2110	2016
