KEP	660.0	1373.0	371	1
477	1543	958	1105	579	1505	626	1341
XFT	1509.0	2195.0	268	1
1223	2128	1686	2079	1427	2414	1701	2160
RWB	2209.0	742.0	279	1
2136	582	2274	895	2294	514	2134	980
TWF	455.0	1938.0	239	1
205	2016	392	1820	516	1909	709	2008
ACU	1678.0	820.0	478	1
1526	575	1573	861	1952	726	1663	1119
ZNX	1778.0	1392.0	375	1
1820	1561	1770	1396	1841	1243	1681	1370
WFI	2188.0	1477.0	241	1
2060	1671	2182	1507	2178	1240	2332	1493
HCV	1692.0	2420.0	438	1
1627	2108	1719	2231	1565	2687	1858	2657
GNQ	1052.0	1478.0	211	1
1156	1588	981	1614	1225	1106	847	1606
LOJ	2323.0	420.0	365	1
2075	459	2369	593	2307	350	2543	280
VNL	2386.0	1646.0	425	1
2219	1659	2430	1658	2513	1850	2382	1418
LXO	544.0	2131.0	203	1
425	2242	541	1868	680	2290	532	2126
PZN	921.0	2368.0	431	1
1058	2325	843	2505	1043	2266	743	2377
ANO	832.0	476.0	257	1
609	311	940	609	786	289	995	695
XRG	1351.0	1677.0	440	1
1570	1561	1382	1490	1179	1818	1275	1839
KWB	2014.0	1561.0	345	1
1845	1467	2184	1646	2112	1652	1916	1481
JVH	1137.0	1148.0	353	1
1195	1218	1117	974	920	1277	1319	1126
GLS	765.0	2055.0	230	1
870	2175	870	2072	752	1806	570	2168
PXW	1425.0	709.0	388	1
1348	716	1484	925	1482	583	1387	612
LDG	1911.0	844.0	420	1
1853	961	2068	644	2008	963	1718	809
PPK	698.0	1851.0	471	1
788	1681	762	1724	790	1913	452	2088
FSP	973.0	543.0	420	1
920	695	915	433	931	468	1129	576
ADR	584.0	2200.0	285	1
726	2105	508	2281	533	2404	571	2011
SEP	704.0	1552.0	310	1
687	1410	779	1347	480	1757	871	1695
FOT	2028.0	1152.0	341	1
2091	971	1988	1029	1827	1405	2208	1205
MSG	1836.0	1387.0	317	1
1880	1319	1806	1214	1899	1511	1762	1506
ZFV	1727.0	1820.0	361	1
1633	1595	1838	2029	1511	1935	1927	1721
TIG	1276.0	2237.0	446	1
1490	2494	1269	2127	1169	1998	1178	2331
OQO	1402.0	1364.0	419	1
1612	1273	1143	1150	1530	1485	1326	1551
GRX	1659.0	1389.0	308	1
1606	1499	1460	1132	1795	1520	1776	1406
NYY	539.0	1764.0	320	1
719	1938	407	1654	703	1648	330	1819
DBC	1887.0	2256.0	471	1
2061	2065	1952	2467	1766	2267	1770	2225
VKJ	1235.0	1095.0	268	1
1171	892	1343	999	1270	1242	1159	1249
MTI	773.0	999.0	267	1
947	989	731	1338	955	867	461	802
VVE	711.0	1321.0	224	1
763	1059	515	1587	886	1479	683	1161
HSB	1760.0	2417.0	234	1
1944	2367	1631	2642	1779	2231	1688	2428
DSW	1677.0	1819.0	403	1
1462	1569	1938	1936	1672	1999	1639	1775
QOK	1970.0	1896.0	396	1
2154	2043	1884	2065	1944	1873	1898	1604
UTC	776.0	1874.0	229	1
795	1711	780	1688	988	1935	541	2164
LOT	2256.0	1122.0	377	1
2199	1079	2201	1176	2164	1036	2462	1199
POB	1826.0	692.0	421	1
1748	679	2017	901	1602	433	1938	757
QJZ	814.0	487.0	364	1
533	751	1055	563	996	258	672	377
GTU	705.0	1852.0	226	1
788	1844	900	1752	667	2081	465	1734
IPM	1400.0	1466.0	311	1
1353	1435	1417	1709	1431	1432	1402	1290
FZH	899.0	609.0	324	1
1116	583	985	777	799	648	697	431
OIY	876.0	1974.0	428	1
1228	1851	953	2088	665	2152	659	1806
URS	2031.0	1726.0	306	1
2001	1788	2006	1779	2096	1691	2024	1647
SIU	613.0	1631.0	350	1
534	1535	780	1753	324	1375	815	1863
MXX	1664.0	2178.0	458	1
1502	2330	1632	2186	1883	1897	1639	2302
WCN	1850.0	931.0	289	1
1681	888	2088	953	2009	985	1622	900
