YCE	2340.0	1944.0	253	1
2431	1703	2456	2163	2147	2127	2328	1786
GUU	1312.0	2113.0	21	1
1137	2291	1192	1940	1508	1976	1412	2246
KQA	581.0	1739.0	108	1
616	1879	394	1707	747	1446	570	1925
UAP	2150.0	1605.0	188	1
1915	1400	2075	1470	2309	1679	2303	1872
WXC	2196.0	1454.0	71	1
2326	1155	2212	1635	2300	1425	1946	1602
VNZ	548.0	2244.0	101	1
480	2220	368	2062	743	2216	601	2478
TYM	1980.0	1066.0	69	1
2144	1239	1951	1282	1997	1004	1829	741
JZP	1480.0	807.0	113	1
1352	801	1804	973	1441	668	1326	788
VYG	853.0	872.0	56	1
1040	1150	622	738	755	846	997	755
WNE	1550.0	1994.0	115	1
1715	1814	1314	2128	1511	1807	1660	2228
OYV	2336.0	505.0	84	1
2239	318	2144	635	2567	736	2397	331
ZEE	724.0	1049.0	164	1
964	1261	500	683	491	1203	942	1049
MTW	503.0	2112.0	171	1
610	2118	418	2211	486	2075	500	2047
GLP	345.0	548.0	164	1
462	556	221	630	420	476	279	533
OEJ	1187.0	1925.0	253	1
1098	1813	1156	2257	1421	1770	1073	1861
YSW	1115.0	1309.0	253	1
970	1529	958	1232	1255	1096	1280	1379
VFX	439.0	937.0	19	1
536	737	691	989	279	1126	250	898
RVD	523.0	2308.0	242	1
658	2319	394	2243	472	2227	568	2446
EMQ	1655.0	842.0	178	1
1448	806	1705	707	1689	938	1778	919
JXJ	845.0	763.0	40	1
606	888	1018	562	849	1002	909	602
VPR	1100.0	1248.0	195	1
964	1163	946	1205	1325	1178	1167	1447
TWV	380.0	2330.0	235	1
442	2089	281	2407	334	2302	465	2522
XLZ	655.0	1946.0	28	1
477	2105	1016	1942	530	1694	600	2043
VSA	510.0	1227.0	127	1
570	1182	645	1071	435	1393	393	1262
ECY	1700.0	2106.0	238	1
1630	2208	1886	2061	1658	2159	1626	1997
DNZ	1789.0	830.0	232	1
2020	1064	1672	879	1615	716	1850	661
AWX	2201.0	1297.0	82	1
2426	1525	2227	1088	2082	1457	2071	1120
EQY	442.0	945.0	207	1
605	769	293	1124	419	738	453	1150
BRF	2099.0	1396.0	135	1
2181	1504	2159	1437	2243	1240	1815	1404
HZA	1363.0	630.0	35	1
1084	477	1500	908	1478	439	1390	696
DBT	1308.0	1153.0	21	1
1126	1107	1226	1021	1629	1235	1254	1252
JCJ	732.0	2305.0	48	1
733	2018	676	2413	780	2573	740	2218
QFJ	1570.0	1638.0	121	1
1343	1625	1732	1770	1732	1346	1473	1812
VUN	831.0	2055.0	278	1
755	2204	1057	1976	845	1999	670	2042
CBC	2316.0	587.0	169	1
2441	820	2052	583	2522	533	2252	412
BSO	756.0	893.0	264	1
911	659	610	628	803	1141	702	1147
JJO	959.0	2255.0	243	1
794	2247	1032	2353	988	2268	1023	2155
XSH	772.0	793.0	70	1
767	909	784	754	602	851	937	659
AKY	2293.0	1829.0	204	1
2040	2151	2341	1705	2326	1739	2467	1722
QJY	1291.0	1412.0	111	1
1200	1603	1170	1183	1221	1521	1574	1343
LSL	2448.0	580.0	40	1
2461	672	2465	550	2462	764	2405	335
ZHH	2171.0	1262.0	256	1
2062	1223	2474	1202	1989	1155	2160	1469
CMD	1401.0	755.0	259	1
1094	939	1584	596	1446	523	1481	964
MLG	862.0	1284.0	2	1
912	1496	612	1073	1030	1491	897	1079
IAP	536.0	1155.0	38	1
514	1225	501	1319	590	1195	540	882
MVV	905.0	540.0	259	1
962	309	927	649	791	735	941	469
SEW	1391.0	1829.0	238	1
1385	1918	1080	1861	1571	1869	1529	1671
JEO	1507.0	1329.0	107	1
1560	1323	1569	1388	1677	1420	1225	1185
FOJ	1092.0	830.0	259	1
1130	883	977	797	1077	652	1186	989
OMS	902.0	2045.0	126	1
998	2038	1214	1859	741	2041	658	2242
