AHQ	1788.0	1519.0	56	1
2006	1691	1629	1600	1824	1113	1696	1673
WKU	2142.0	1835.0	151	1
2361	1820	1923	1925	2181	1567	2106	2030
BKP	2173.0	1076.0	213	1
1947	1322	2456	931	2242	1164	2050	889
XMZ	1638.0	1345.0	113	1
1590	1240	1547	1289	1930	1688	1486	1165
WZI	1638.0	2208.0	270	1
1717	2239	1896	2333	1445	2077	1495	2183
YMT	718.0	926.0	48	1
910	903	386	907	906	804	671	1091
KVM	1772.0	2259.0	180	1
1582	2056	1913	2216	1938	2451	1658	2314
EUS	1377.0	1651.0	56	1
1172	1431	1379	1857	1583	1432	1376	1884
NWV	355.0	2245.0	25	1
346	2319	268	2021	445	2444	361	2198
AGG	2224.0	1045.0	71	1
2128	1322	2397	806	2114	1200	2257	854
XZY	2425.0	2112.0	27	1
2285	2209	2354	2135	2671	2134	2392	1972
MHE	553.0	862.0	6	1
308	750	686	785	330	794	888	1119
NNW	1705.0	1985.0	85	1
1671	2136	1468	2118	1777	2019	1906	1669
XZR	703.0	1666.0	265	1
763	1788	746	1518	536	1574	767	1785
SEC	1410.0	866.0	117	1
1582	883	1130	927	1515	856	1416	799
GHC	1485.0	2108.0	284	1
1434	2237	1465	2089	1343	1979	1698	2128
NJW	1440.0	1757.0	210	1
1552	1644	1416	2084	1391	1652	1403	1649
TZG	899.0	547.0	224	1
1085	348	988	635	827	423	697	783
HZW	576.0	870.0	152	1
649	1071	385	843	665	701	606	868
YOY	1100.0	562.0	255	1
961	528	1289	498	1084	435	1069	790
ZKJ	1693.0	579.0	105	1
1632	561	2002	426	1674	768	1465	561
DWJ	1594.0	1272.0	211	1
1498	1354	1712	1203	1533	1236	1635	1296
TEO	715.0	1437.0	253	1
775	1656	653	1371	812	1139	623	1584
OBD	338.0	1581.0	299	1
551	1428	254	1539	339	1895	208	1464
BEW	1070.0	1959.0	116	1
867	2028	1145	1805	1129	2136	1140	1870
YCZ	716.0	794.0	263	1
796	1132	809	638	819	679	440	729
XPS	1976.0	688.0	240	1
1950	701	1909	459	1780	788	2268	807
DWK	2383.0	892.0	121	1
2426	878	2553	863	2373	858	2182	969
POV	755.0	1408.0	7	1
770	1322	833	1711	531	1308	888	1293
HGN	574.0	1829.0	190	1
508	1954	701	1701	496	1944	594	1718
POR	1686.0	1930.0	215	1
1629	1744	1751	1849	1818	1919	1549	2208
MBE	1930.0	1270.0	131	1
1850	1214	1859	1550	2209	1197	1802	1119
UGU	1749.0	739.0	198	1
1875	598	1577	929	1676	634	1870	795
HFH	1232.0	2310.0	224	1
1278	2283	1357	2131	1077	2246	1218	2582
HIY	872.0	2572.0	183	1
1080	2666	500	2449	1075	2614	833	2561
XJL	1567.0	2266.0	12	1
1603	2220	1543	2400	1514	2075	1610	2369
XSW	2322.0	821.0	35	1
2561	744	2286	1168	2286	662	2158	710
BWD	801.0	762.0	276	1
782	1104	940	612	802	615	681	720
IVW	1471.0	836.0	200	1
1436	724	1534	868	1556	731	1361	1024
GBG	1958.0	2040.0	4	1
2146	2035	2171	1975	1752	2081	1766	2069
WXB	1812.0	1823.0	296	1
1879	1990	1639	1968	1771	1662	1961	1674
CJN	1700.0	1641.0	268	1
1668	1885	1677	1417	1661	1787	1796	1476
JGJ	579.0	470.0	214	1
655	299	804	521	328	700	529	361
ANM	1312.0	1692.0	92	1
1117	1704	1431	1531	1269	1673	1434	1861
QVU	2366.0	1571.0	166	1
2508	1495	2389	1829	2202	1360	2366	1601
IML	1061.0	1124.0	277	1
1048	922	1224	1320	892	895	1082	1361
UNM	1664.0	1346.0	140	1
1924	1619	1615	1229	1508	1288	1611	1251
BGM	2160.0	2282.0	268	1
2358	2298	2000	2374	2418	2336	1867	2122
LCX	1437.0	1633.0	253	1
1603	1605	1255	1534	1186	1589	1704	1805
QHZ	1106.0	1209.0	299	1
1093	901	1208	1367	1189	1114	937	1457
