CIR	1376.0	1735.0	150	1
1358	1563	1219	1823	1451	1623	1477	1931
XBD	1429.0	1744.0	162	1
1241	1833	1589	1633	1422	1619	1465	1894
THM	677.0	2139.0	155	1
618	2133	657	2239	709	2153	726	2033
NTX	1269.0	1650.0	133	1
1377	1803	1353	1577	1432	1759	914	1461
EAP	1579.0	2195.0	228	1
1566	2096	1486	2094	1806	2226	1458	2367
SNB	2253.0	643.0	61	1
2277	712	2101	666	2543	560	2092	635
OXA	2227.0	348.0	273	1
2403	360	2127	482	2164	315	2215	237
QAE	1247.0	2153.0	177	1
1357	1967	1060	2165	1358	2431	1214	2049
URJ	1629.0	1081.0	268	1
1697	1064	1739	917	1281	992	1800	1353
EHT	899.0	2072.0	102	1
850	2007	756	1896	889	2143	1101	2245
BMY	2169.0	1920.0	238	1
2128	1798	2064	2025	2144	2169	2342	1689
CWA	1418.0	1985.0	67	1
1175	2019	1350	1973	1616	1995	1533	1955
UFA	626.0	1094.0	286	1
777	1343	325	884	670	1113	735	1039
MCS	1640.0	2007.0	65	1
1842	2068	1735	2109	1561	2129	1424	1723
SLK	2265.0	1847.0	38	1
2380	2109	2483	1760	2046	1809	2154	1713
KRV	1627.0	1991.0	210	1
1522	1944	1678	1820	1377	2321	1934	1881
KDO	2062.0	2340.0	114	1
2075	2441	1892	2399	2297	2157	1986	2365
YZU	1236.0	832.0	42	1
1166	926	1089	770	1401	851	1289	784
QGC	1333.0	1277.0	116	1
1230	1269	1557	1269	1199	1047	1346	1524
WTK	1913.0	2322.0	140	1
1986	2456	1546	2079	2057	2361	2066	2392
NHS	1120.0	1336.0	113	1
1122	1216	1202	1448	1097	1403	1061	1279
SPG	1059.0	2317.0	62	1
989	2502	1214	2163	1020	2314	1015	2291
XOR	1313.0	2217.0	168	1
1453	2296	1314	2057	1018	2127	1469	2390
JFD	2071.0	1469.0	75	1
2206	1370	2077	1741	1726	1413	2276	1354
RJX	837.0	1931.0	238	1
777	2222	692	1770	941	1901	940	1832
LER	1505.0	2239.0	299	1
1655	2056	1647	2416	1164	2461	1554	2024
MHW	822.0	730.0	203	1
838	746	966	823	563	713	924	641
VDP	1311.0	1707.0	99	1
1301	1712	1348	1656	1288	1711	1307	1752
DPT	1652.0	1293.0	130	1
1618	1064	1793	1390	1408	1274	1790	1447
HJH	1409.0	1887.0	224	1
1310	1768	1575	1807	1129	2006	1625	1968
SVU	1785.0	657.0	113	1
1732	676	1825	632	1804	774	1781	546
MPL	1718.0	1382.0	201	1
1638	1442	1922	1500	1866	1362	1446	1227
DRT	1400.0	1657.0	39	1
1436	1487	1011	1638	1588	1902	1568	1602
ZUR	2128.0	2111.0	233	1
2043	1964	2136	2185	2034	2053	2301	2245
IWH	1494.0	1851.0	253	1
1507	1762	1780	1622	1320	1904	1370	2117
ZTX	665.0	1745.0	295	1
518	1747	778	1885	932	1829	434	1521
QNJ	518.0	1229.0	25	1
462	1192	589	1447	652	1052	369	1226
CZA	2095.0	1893.0	255	1
2218	2166	2201	1769	2066	1641	1895	1997
IKN	451.0	381.0	126	1
447	384	236	354	689	140	434	646
TWN	410.0	2060.0	38	1
196	2213	544	1872	289	2041	612	2114
BEL	876.0	2240.0	129	1
962	2161	872	2143	908	2400	765	2258
QHY	1264.0	621.0	5	1
1327	347	1458	793	1165	535	1107	812
MDA	2132.0	2057.0	46	1
2041	2128	1940	1909	2243	2335	2306	1856
CLL	2304.0	2162.0	69	1
2215	2203	2156	2346	2388	1972	2457	2129
JUF	1408.0	789.0	89	1
1459	867	1505	1102	1543	611	1126	576
XYP	742.0	772.0	257	1
844	788	488	638	1011	852	626	812
RPQ	1012.0	621.0	180	1
861	722	1237	773	974	463	977	527
UKR	1763.0	711.0	224	1
1949	914	1846	744	1712	548	1545	641
MRV	652.0	515.0	4	1
635	318	677	689	808	540	488	514
QBC	1679.0	1612.0	166	1
1869	1702	1743	1883	1554	1466	1552	1398
