OFT	1035.0	685.0	223	1
1007	896	1085	594	999	630	1051	623
TBY	838.0	937.0	328	1
959	742	1025	946	760	1222	611	840
TSN	634.0	515.0	387	1
500	379	637	536	710	541	689	606
AKU	482.0	1156.0	262	1
316	1214	352	904	513	1241	748	1266
RVK	1481.0	2045.0	348	1
1315	1937	1423	2149	1783	2260	1406	1836
TOL	2395.0	1222.0	430	1
2537	968	2059	1070	2559	1456	2428	1395
CYY	928.0	1850.0	214	1
795	2148	1093	1759	1080	1682	747	1811
PLF	643.0	1668.0	288	1
352	1560	582	1738	808	1751	830	1624
VCL	1393.0	1039.0	317	1
1400	1197	1262	860	1532	816	1381	1283
CMB	929.0	1581.0	457	1
1045	1738	892	1496	1008	1366	774	1724
FKH	757.0	1982.0	268	1
815	1958	760	1998	791	2176	665	1798
TUP	2442.0	2115.0	316	1
2402	2120	2579	2337	2619	1953	2168	2051
CLX	1117.0	2197.0	206	1
1360	2288	1286	1975	994	2288	830	2238
BZD	1003.0	1561.0	311	1
1140	1670	857	1403	969	1498	1047	1673
CIN	1597.0	1822.0	390	1
1505	1786	1457	1751	1588	1696	1840	2056
HAP	1010.0	1727.0	419	1
1057	1856	1014	1757	926	1497	1046	1801
MHA	710.0	1235.0	221	1
453	1098	810	1093	721	1143	858	1608
BXH	2153.0	420.0	391	1
2330	613	1899	185	2426	459	1957	423
VIU	628.0	1202.0	479	1
793	1121	696	1338	458	1341	568	1008
MNM	885.0	1353.0	239	1
544	1438	1050	1202	1007	1369	939	1404
AKQ	1695.0	1286.0	300	1
1441	1280	1849	1603	1581	1222	1910	1039
GPA	2342.0	1814.0	451	1
2357	1891	2072	1845	2581	1821	2359	1702
HRC	2258.0	1887.0	330	1
2384	1931	2047	1743	2483	2142	2120	1732
QJP	857.0	1558.0	273	1
1151	1677	634	1737	944	1419	700	1401
UOE	2381.0	1930.0	385	1
2213	2126	2610	1720	2575	2012	2129	1865
GRN	1950.0	2519.0	421	1
1987	2474	2244	2467	1824	2665	1746	2470
YHW	1522.0	2140.0	297	1
1654	1963	1429	2487	1482	2067	1525	2045
DTO	1403.0	1906.0	312	1
1172	1716	1603	2079	1206	1948	1632	1884
KJE	1150.0	1059.0	362	1
1167	974	1109	878	1117	1159	1209	1228
ALV	1829.0	1539.0	354	1
1706	1421	1645	1455	2069	1514	1896	1769
JTO	1099.0	2207.0	409	1
1170	2342	1385	2100	1021	2003	822	2383
REE	458.0	818.0	412	1
326	734	508	994	494	851	504	693
RKY	1110.0	2057.0	266	1
1031	2232	949	2184	1281	1755	1182	2059
SJF	1358.0	1919.0	454	1
1345	1790	1237	1806	1381	2108	1470	1974
PHC	993.0	1813.0	216	1
722	1526	970	1957	1041	1899	1240	1872
JLI	1111.0	1455.0	324	1
1299	1546	1019	1336	1054	1439	1072	1499
QQV	1337.0	992.0	455	1
1199	1023	1470	821	1484	1150	1198	974
QZU	1465.0	2078.0	221	1
1598	2084	1296	2203	1715	1838	1252	2189
OXH	1918.0	2109.0	368	1
1777	2047	1904	2244	2003	2256	1988	1889
WFG	1824.0	1318.0	215	1
1900	1262	1911	1379	1793	1182	1693	1452
VXJ	1854.0	2037.0	497	1
2074	2356	1650	1984	2082	1897	1611	1911
BJJ	1556.0	1179.0	462	1
1520	986	1502	1397	1801	983	1401	1352
BKN	2158.0	1016.0	386	1
2024	1178	2214	880	2120	843	2274	1163
CFU	1102.0	1062.0	283	1
1155	1013	1162	1426	975	871	1116	940
LHC	2197.0	2078.0	217	1
2201	2199	2394	2073	1989	2179	2204	1863
DUZ	1777.0	1027.0	434	1
1829	1287	1861	914	1667	931	1754	979
JHS	2203.0	2162.0	381	1
2016	2129	2536	2319	2202	2260	2060	1941
EHP	1674.0	1094.0	230	1
1922	1031	1795	1183	1493	873	1487	1292
IQL	1124.0	726.0	445	1
1052	897	1070	550	1296	906	1080	552
KWT	2326.0	905.0	294	1
2057	844	2383	852	2243	964	2623	963
