IEB	743.0	803.0	285	1
848	1007	635	881	937	584	553	741
OHU	745.0	472.0	184	1
949	561	647	534	600	636	785	158
YIE	1219.0	1191.0	38	1
1086	1503	1296	1041	1087	1134	1407	1089
SZS	1919.0	2431.0	296	1
1839	2416	1970	2459	1727	2379	2140	2470
GDM	911.0	1692.0	189	1
1032	1487	877	1914	821	1790	915	1580
QTN	2094.0	2227.0	68	1
2148	2168	1851	2023	2339	2368	2039	2349
HUO	2161.0	2161.0	98	1
2119	1908	2282	2208	1852	2124	2394	2406
IFO	365.0	2097.0	75	1
206	1822	745	1958	283	2394	228	2216
SWZ	1224.0	1967.0	111	1
1030	1954	1354	2007	1130	1777	1383	2131
UGE	1451.0	678.0	263	1
1472	738	1213	615	1630	596	1492	763
YZQ	2275.0	2093.0	2	1
2257	2408	2504	1913	2132	2063	2207	1991
FTY	292.0	1080.0	292	1
143	1046	385	892	387	1224	254	1160
HRC	1812.0	436.0	45	1
1711	564	1831	309	1826	625	1883	248
XQC	1263.0	1668.0	114	1
1082	1634	1238	1779	1365	1459	1370	1801
XAR	467.0	1217.0	228	1
536	1074	319	1410	674	940	339	1445
LAB	2107.0	484.0	282	1
2112	732	2151	389	1879	577	2286	238
UFO	356.0	1956.0	110	1
418	1698	247	2121	323	2106	436	1902
EFL	2183.0	2456.0	112	1
2198	2227	2049	2531	2414	2503	2074	2563
NIG	804.0	1283.0	268	1
747	1012	1069	1525	726	1562	675	1033
IFA	757.0	1584.0	155	1
814	1672	681	1367	896	1735	640	1563
UZW	1559.0	1348.0	230	1
1438	1378	1729	1379	1739	1228	1330	1407
HGB	2289.0	2012.0	76	1
2373	2017	2537	1993	2060	1835	2188	2204
PMW	1970.0	840.0	81	1
2171	983	1697	902	2037	1031	1975	444
WRL	1906.0	1054.0	150	1
1830	1121	1927	1109	1890	898	1978	1090
XZD	1701.0	1413.0	164	1
1710	1395	1950	1315	1669	1421	1475	1524
FRL	2247.0	1017.0	66	1
2191	783	2229	1211	2329	1036	2242	1039
YLF	860.0	547.0	256	1
784	473	1036	348	998	789	622	581
JTJ	847.0	544.0	71	1
837	302	706	646	704	704	1144	527
UVX	2168.0	2503.0	19	1
2423	2654	1880	2668	2339	2368	2033	2323
YCO	1171.0	2166.0	169	1
1298	2095	1084	2248	1059	2019	1246	2303
KCF	1698.0	1674.0	196	1
1975	1790	1632	1464	1528	1842	1658	1600
XMA	1870.0	1193.0	77	1
2020	1299	1941	1012	1807	1356	1714	1107
MOL	1903.0	1453.0	178	1
2054	1518	1885	1336	1785	1410	1888	1550
YUI	1589.0	1348.0	193	1
1718	1226	1515	1678	1707	1209	1416	1281
TGM	608.0	1792.0	202	1
595	1940	534	1904	711	1735	593	1589
SZS	1375.0	1260.0	126	1
1477	1487	1210	1225	1409	1049	1404	1280
JDH	2012.0	1224.0	153	1
2243	1389	2027	1018	1888	1410	1892	1079
GTT	386.0	1803.0	189	1
356	1875	477	1947	279	1782	435	1611
CUO	1107.0	1853.0	237	1
1284	1646	1022	1978	947	2022	1178	1766
BHE	577.0	783.0	99	1
476	1113	248	766	757	587	829	667
GBU	1927.0	1389.0	57	1
1946	1345	2072	1537	2036	1533	1655	1144
ICO	2520.0	792.0	18	1
2488	817	2359	781	2558	830	2676	741
EQB	1053.0	1877.0	99	1
1048	2121	1197	1906	1008	1796	962	1688
ZGQ	2014.0	2119.0	19	1
2095	1993	1674	2282	2158	2135	2129	2066
ESJ	2183.0	913.0	28	1
2296	665	2175	1057	2111	999	2152	934
ZVZ	1834.0	581.0	98	1
1833	732	1858	510	1857	675	1791	408
RKF	1745.0	854.0	187	1
1718	945	1870	741	1688	938	1705	793
PIL	1399.0	1229.0	185	1
1498	1102	1296	1117	1396	1388	1406	1310
AFM	1702.0	1538.0	126	1
1649	1616	1637	1241	1868	1767	1655	1529
OCU	475.0	769.0	239	1
582	715	737	832	378	828	205	704
