CBU	1947.0	1674.0	205	1
2109	1885	1929	1665	1873	1324	1878	1822
ONJ	870.0	1710.0	15	1
970	1585	913	1571	852	1922	747	1765
RLJ	449.0	372.0	42	1
502	188	299	353	637	436	361	511
OMX	444.0	671.0	25	1
326	435	405	910	347	539	700	802
NWX	2239.0	2237.0	105	1
2239	2050	2319	2462	2272	2069	2127	2368
CFO	1870.0	751.0	149	1
1704	716	1996	781	1929	790	1852	718
QYD	564.0	1998.0	29	1
500	2091	509	1776	768	2235	481	1892
ALF	1237.0	449.0	233	1
1261	662	1129	367	1463	277	1098	493
WPS	1947.0	2083.0	73	1
2065	1949	1969	1932	1861	2228	1894	2225
ZUD	1407.0	1728.0	185	1
1571	1601	1329	1921	1340	1482	1391	1908
RZO	2271.0	2348.0	198	1
2469	2285	1981	2452	2438	2168	2199	2489
LXS	1262.0	1004.0	44	1
1310	1100	1341	861	1030	1064	1367	991
TBW	980.0	1195.0	241	1
865	1243	1086	1183	1062	1099	909	1256
JMT	1811.0	1475.0	176	1
1820	1502	1826	1441	1864	1573	1734	1385
ETS	660.0	1375.0	183	1
603	1313	942	1118	631	1540	464	1529
BZP	1296.0	1983.0	120	1
1499	2066	1359	2067	1216	1989	1111	1812
BLD	1145.0	2123.0	42	1
930	2180	1326	1890	1162	2121	1163	2301
DSQ	820.0	708.0	264	1
657	894	877	929	842	491	906	520
YPO	1576.0	667.0	175	1
1685	488	1411	592	1890	902	1321	687
QPV	1345.0	2179.0	87	1
1456	2399	1235	1965	1303	2431	1389	1923
SRG	2104.0	1300.0	39	1
1901	1397	2075	1452	2116	980	2327	1372
THE	2254.0	1733.0	280	1
2418	1978	2006	1612	2364	1734	2231	1608
DIX	1910.0	1881.0	56	1
1923	1990	2047	1861	1855	1682	1817	1991
EFS	765.0	2122.0	94	1
977	1866	830	2156	768	2453	485	2015
GUQ	1208.0	2392.0	110	1
1084	2574	1336	2654	1350	2209	1065	2131
QSJ	1771.0	1349.0	76	1
1755	1463	1779	1416	1796	1281	1757	1238
EDQ	2121.0	1148.0	249	1
2121	1210	2103	1328	2198	1042	2064	1012
CSW	913.0	1613.0	109	1
624	1509	1021	1636	1092	1762	918	1545
PEH	1593.0	2012.0	202	1
1514	1865	1892	1978	1437	2120	1531	2088
FRE	580.0	2252.0	144	1
347	2320	799	2244	572	2000	605	2444
LLK	2013.0	1720.0	286	1
1984	1575	2139	1784	1933	1951	1999	1572
XUK	970.0	416.0	119	1
813	415	853	768	1198	255	1016	227
CBC	1560.0	715.0	124	1
1664	783	1564	605	1496	765	1517	709
SEA	1348.0	2102.0	64	1
1632	2215	1210	1939	1202	2251	1348	2005
ECB	372.0	750.0	82	1
299	545	766	974	196	735	228	748
AXP	634.0	1684.0	227	1
602	1572	472	1896	775	1459	689	1811
XLS	1017.0	1048.0	176	1
893	902	1038	1106	1177	934	961	1252
SMS	1808.0	586.0	283	1
1608	812	1879	467	1895	435	1852	631
HSZ	1980.0	1903.0	88	1
2140	1940	2014	1956	1680	1774	2088	1945
DFD	1255.0	923.0	279	1
1013	1148	1348	1030	1302	749	1357	765
HQV	654.0	830.0	64	1
829	782	463	778	833	756	491	1007
ODA	1248.0	1292.0	62	1
1124	1373	1257	1258	1233	1228	1378	1309
UQN	2100.0	1935.0	59	1
1999	2074	2105	1631	2223	2143	2073	1894
RRI	1063.0	1124.0	112	1
1124	844	957	1345	1008	1092	1164	1218
VCJ	1555.0	2233.0	80	1
1270	2232	1820	2240	1422	2387	1710	2073
BBP	1897.0	997.0	64	1
1729	881	2095	821	1830	1102	1936	1184
BYW	1587.0	386.0	294	1
1660	486	1672	610	1616	219	1400	232
XBP	2139.0	843.0	160	1
2077	862	2082	776	2215	1044	2185	690
JFE	442.0	2067.0	34	1
394	1747	363	2257	612	2132	401	2133
WTL	1836.0	1011.0	169	1
1791	888	1954	966	1850	1137	1751	1055
