XHR	2494.0	2412.0	341	1
2648	2308	2307	2448	2462	2308	2561	2584
KJQ	2010.0	661.0	244	1
1982	741	2323	682	1850	549	1888	675
XBC	1378.0	1701.0	499	1
1399	1686	1507	1963	1507	1553	1101	1603
FTA	861.0	482.0	270	1
1095	406	633	619	699	408	1018	496
XSU	2234.0	2155.0	255	1
2216	2240	2486	1994	2133	2008	2101	2380
PBG	2298.0	979.0	331	1
2245	1189	2352	929	2125	801	2471	998
BSR	1428.0	1066.0	302	1
1460	1257	1435	872	1571	1147	1248	991
QGV	2192.0	783.0	258	1
2427	720	2051	710	1942	792	2351	911
MWQ	1366.0	1589.0	380	1
1369	1807	1410	1536	1415	1557	1271	1458
HAV	1079.0	1696.0	358	1
1308	1696	870	1566	1076	1697	1064	1827
EDP	1628.0	1175.0	446	1
1579	1183	1835	1280	1450	1053	1648	1186
XCS	701.0	2205.0	360	1
376	2326	880	2113	722	2218	828	2163
AIY	2002.0	2315.0	323	1
1684	2265	2047	2373	2172	2306	2108	2319
CYH	1550.0	356.0	213	1
1644	637	1637	278	1590	143	1331	369
SWM	493.0	1477.0	381	1
524	1130	507	1694	604	1535	338	1551
QGJ	1025.0	1143.0	234	1
1266	1055	1040	1080	972	1161	825	1276
LIT	1658.0	2242.0	482	1
1851	2076	1815	2326	1584	2528	1382	2038
QZH	657.0	1995.0	458	1
474	2185	733	2032	440	1964	982	1799
EVR	2344.0	1270.0	408	1
2217	1456	2368	1071	2234	1262	2557	1292
RJF	391.0	1206.0	327	1
333	1317	244	1107	478	1101	509	1302
NLA	830.0	873.0	470	1
625	759	1008	748	1037	986	652	999
DCA	1843.0	983.0	365	1
2072	1315	1729	727	1897	984	1677	907
WHN	1247.0	738.0	405	1
1437	613	1325	1072	1276	772	952	496
NSF	1425.0	1669.0	248	1
1459	1677	1145	1718	1547	1673	1549	1609
APH	617.0	1942.0	363	1
481	1673	579	2161	904	1758	505	2176
VOM	985.0	785.0	408	1
823	560	925	880	993	848	1200	853
SAA	2338.0	1193.0	285	1
2305	1183	2510	1038	2017	1186	2522	1367
DMD	1539.0	429.0	325	1
1453	336	1339	556	1536	307	1829	519
NQG	994.0	523.0	206	1
785	587	902	480	1134	537	1155	491
NEF	692.0	665.0	369	1
513	880	586	633	743	784	927	365
MJX	650.0	1766.0	300	1
390	1670	682	1915	907	1457	622	2024
HJF	1037.0	1850.0	396	1
893	1722	1322	1951	1108	1944	826	1784
LTH	2241.0	1754.0	284	1
2092	1925	2137	1658	2311	1745	2427	1689
JRU	784.0	1943.0	424	1
966	1883	566	2005	780	1804	824	2080
JWQ	1071.0	2523.0	201	1
1241	2440	922	2516	1103	2459	1019	2677
SUH	1301.0	1633.0	322	1
1396	1575	1373	1812	1273	1757	1165	1391
EFF	1014.0	1718.0	295	1
1139	1555	1062	1793	765	1729	1093	1795
NXL	1789.0	941.0	289	1
1776	823	1998	1174	1816	769	1567	1000
PBP	1194.0	1340.0	218	1
1346	1160	1006	1556	1194	1478	1230	1168
GNV	510.0	496.0	247	1
627	436	514	270	392	715	510	563
YQW	1146.0	446.0	442	1
1318	574	1105	369	1131	388	1032	455
NYS	1234.0	941.0	204	1
1258	1112	1102	802	1437	1039	1141	811
MZA	942.0	612.0	367	1
1043	705	934	410	751	430	1043	905
GOE	2084.0	2134.0	400	1
2143	2331	1946	1836	2094	2260	2156	2111
CMG	1956.0	2101.0	231	1
2029	2258	2002	2256	1920	1833	1875	2057
HWH	1407.0	811.0	372	1
1544	960	1448	629	1238	672	1400	986
IKH	688.0	1079.0	493	1
616	1063	437	1342	887	971	815	941
QIQ	1177.0	1688.0	415	1
1209	1631	1276	1875	1138	1540	1086	1708
KVO	1895.0	1642.0	299	1
1633	1955	2046	1495	2133	1594	1771	1525
AMV	1908.0	2160.0	306	1
1890	2337	1941	1796	1815	2275	1987	2234
