EGY	1454.0	874.0	314	1
1255	1097	1708	758	1659	789	1197	852
YLM	1818.0	2344.0	212	1
1771	2163	1787	2314	1776	2291	1941	2609
IBK	560.0	1618.0	354	1
639	1524	655	1554	316	1714	632	1680
BJZ	2237.0	1744.0	437	1
2179	1774	2467	1883	2224	1400	2080	1922
NUJ	1257.0	375.0	496	1
1166	266	1147	523	1139	502	1578	211
IHC	1767.0	1259.0	231	1
1740	1510	1607	1060	1965	1377	1759	1089
HLI	1537.0	1682.0	420	1
1675	1966	1459	1561	1720	1577	1295	1626
ZXU	792.0	2195.0	439	1
677	2168	905	1979	903	2239	683	2397
CPZ	1915.0	1118.0	243	1
1792	1270	2110	915	1663	935	2098	1352
OKQ	288.0	1393.0	463	1
229	1282	456	1310	226	1486	242	1494
PMU	321.0	2002.0	279	1
415	1845	265	2313	255	1831	350	2021
HPS	1878.0	1086.0	428	1
1647	1031	2128	1043	2043	925	1697	1347
TQE	2290.0	1832.0	277	1
2137	2168	2336	1704	2360	1600	2329	1857
SRQ	552.0	1989.0	290	1
626	2207	637	1880	658	1945	287	1926
HPN	905.0	1784.0	406	1
767	1783	1119	1718	1054	1733	683	1903
CNY	1218.0	2263.0	326	1
1390	2330	1270	2264	1202	2154	1013	2307
VQB	1574.0	570.0	455	1
1478	754	1524	484	1536	327	1759	717
IOE	2190.0	1782.0	423	1
2034	1578	2183	1773	2065	1935	2478	1842
ARK	1281.0	2474.0	334	1
1229	2545	1452	2447	1116	2484	1328	2423
JSR	1713.0	944.0	328	1
1815	704	1507	1033	1779	973	1754	1066
NKH	1351.0	2302.0	205	1
1336	2083	1611	2467	1308	2400	1149	2258
MEX	2184.0	2364.0	307	1
2002	2462	2136	2177	2389	2344	2210	2476
FRT	1465.0	1690.0	381	1
1379	1554	1513	1696	1301	1751	1669	1759
OUV	1281.0	596.0	286	1
1272	530	1540	481	1114	623	1198	750
CWP	1443.0	415.0	459	1
1270	221	1533	479	1232	461	1739	502
QSL	1508.0	664.0	313	1
1596	688	1485	554	1483	915	1469	499
UEQ	1796.0	1316.0	402	1
1693	1483	1790	1022	1836	1398	1867	1361
ENO	1621.0	2386.0	288	1
1661	2259	1412	2263	1600	2479	1812	2546
MGK	2166.0	640.0	430	1
2117	441	2026	795	2299	479	2223	845
RMU	1330.0	883.0	332	1
1025	863	1504	910	1409	772	1383	987
XWN	749.0	1120.0	430	1
835	1374	827	1033	561	1251	776	823
GXI	1298.0	2154.0	481	1
1170	2163	1431	2206	1199	1947	1395	2301
NIE	1840.0	1953.0	284	1
1666	1900	2153	1994	1877	1908	1664	2010
APY	1266.0	591.0	309	1
1180	661	1332	630	1143	547	1410	526
SBJ	772.0	840.0	450	1
666	903	880	572	841	868	701	1020
KQZ	1439.0	1904.0	481	1
1777	1984	1341	1802	1333	2015	1306	1817
PAT	1419.0	1864.0	466	1
1446	1591	1582	1997	1563	1938	1085	1931
GOX	1742.0	1114.0	476	1
1692	890	1509	1352	1718	1180	2050	1036
VOK	829.0	2246.0	201	1
625	2136	852	2353	994	2091	845	2405
WQO	1410.0	2112.0	369	1
1398	1859	1330	2017	1512	2310	1402	2263
OHW	692.0	761.0	239	1
686	522	598	958	543	714	943	850
JNV	1107.0	1697.0	361	1
1198	1700	835	1694	1266	1664	1131	1733
EAH	1692.0	368.0	240	1
1884	443	1607	198	1882	194	1398	640
MXO	2147.0	477.0	402	1
2120	350	2173	361	2412	594	1885	603
LJQ	1736.0	883.0	400	1
1890	994	1438	1023	1897	748	1722	768
GDC	1476.0	1915.0	492	1
1210	2035	1583	2025	1392	1547	1722	2056
XNI	1504.0	1345.0	329	1
1585	1338	1504	1526	1698	1104	1229	1412
DRB	407.0	2120.0	346	1
461	2073	246	2224	276	2231	646	1955
KGY	1654.0	1111.0	417	1
1913	972	1404	1225	1441	1270	1858	978
CSM	1620.0	1063.0	366	1
1746	907	1480	855	1864	1236	1390	1254
