HCA	618.0	1554.0	221	1
454	1482	785	1611	805	1588	431	1538
HET	1767.0	914.0	329	1
1791	980	1868	696	1873	887	1537	1095
IXA	1543.0	419.0	277	1
1724	251	1458	495	1556	329	1436	603
BNN	1073.0	2310.0	270	1
991	2434	1393	2264	1043	2226	865	2316
LLI	466.0	475.0	344	1
347	596	354	316	569	691	595	297
SJY	1598.0	2297.0	465	1
1524	2106	1737	2159	1595	2316	1538	2607
DBH	1921.0	2322.0	399	1
1847	2376	2019	2454	1727	2176	2094	2283
KWV	683.0	1836.0	339	1
841	1599	546	1893	829	2112	518	1742
PIQ	1102.0	1090.0	213	1
1102	840	955	1281	1339	1247	1012	994
VFM	488.0	850.0	206	1
165	740	720	805	660	988	408	869
BVT	818.0	2002.0	264	1
702	1925	954	1997	920	1977	698	2112
XJX	1269.0	1485.0	401	1
1338	1518	1481	1485	1179	1695	1079	1242
HFO	2205.0	711.0	229	1
2522	822	1986	662	2061	705	2254	658
IKZ	772.0	1570.0	472	1
455	1466	596	1763	1008	1434	1032	1618
OFG	2181.0	2457.0	318	1
2182	2589	1934	2577	2328	2135	2282	2530
HKV	1550.0	1408.0	297	1
1688	1351	1613	1599	1636	1182	1265	1503
TPJ	629.0	656.0	385	1
370	791	719	419	727	836	702	578
VFU	542.0	2266.0	414	1
429	2233	384	2208	690	2314	665	2310
CXE	1913.0	2148.0	461	1
1897	1953	1981	2372	1738	2276	2038	1993
PAP	1193.0	1062.0	428	1
1046	874	1221	1120	1116	880	1392	1374
RNB	1721.0	2374.0	258	1
1663	2353	1845	2154	1739	2565	1637	2425
FPE	1688.0	1768.0	409	1
1629	1971	1472	1684	1891	1708	1760	1710
CYO	1818.0	1210.0	469	1
1953	931	1734	1391	1775	1271	1813	1249
PDO	1188.0	1881.0	259	1
1178	1924	1037	2059	1244	2049	1293	1492
MLD	571.0	722.0	456	1
874	606	561	998	287	590	565	697
NTL	2079.0	1160.0	478	1
2077	1292	2094	966	2316	1022	1830	1362
QQY	1343.0	1912.0	418	1
1172	2078	1561	1498	1474	2056	1166	2016
BXM	950.0	1785.0	495	1
855	1517	988	2075	950	2015	1009	1535
TDL	1651.0	1030.0	329	1
1896	1068	1607	1142	1685	824	1419	1088
HHF	1049.0	464.0	304	1
771	666	1083	239	1246	232	1097	721
SQH	1492.0	1859.0	321	1
1579	1648	1330	2158	1776	1715	1284	1918
HYU	872.0	1458.0	376	1
776	1510	957	1376	947	1376	809	1573
YYK	1031.0	1429.0	335	1
1229	1419	1070	1534	895	1258	932	1505
MGQ	1649.0	2353.0	388	1
1633	2068	1666	2230	1664	2577	1634	2540
AIY	2339.0	1188.0	352	1
2246	1501	2246	1150	2467	1053	2398	1049
WVG	1042.0	1863.0	237	1
1036	1770	885	1753	1149	1982	1100	1950
PDA	417.0	560.0	432	1
420	786	266	546	326	487	656	424
XEN	1069.0	333.0	341	1
1291	226	1104	223	997	488	886	398
LGI	1695.0	748.0	478	1
1674	729	1754	832	1638	571	1717	860
ICY	1781.0	2316.0	296	1
1955	2322	1640	2504	1726	2443	1804	1996
WCN	721.0	1969.0	262	1
645	2111	694	1957	720	1883	828	1925
GNC	818.0	978.0	205	1
1007	824	810	1196	705	993	751	900
LHZ	1833.0	870.0	350	1
1655	849	1762	1114	2000	841	1917	676
YEH	617.0	1543.0	249	1
537	1520	596	1620	518	1674	819	1361
VCO	2192.0	1119.0	222	1
2415	1041	2190	1005	2044	1145	2121	1287
QNY	1890.0	450.0	254	1
2055	425	1728	645	1618	532	2161	200
NQW	577.0	820.0	288	1
857	982	295	628	718	986	440	686
MCQ	1000.0	1230.0	376	1
1120	1210	889	1204	1101	1274	890	1235
JOX	2364.0	1332.0	274	1
2432	1132	2380	1574	2532	1337	2113	1286
HVY	585.0	2324.0	441	1
585	2414	604	2292	611	2313	543	2280
