JBB	1643.0	1589.0	221	1
1587	1565	1452	1833	1654	1487	1879	1472
ZEL	1754.0	1334.0	21	1
1791	1414	1678	1061	1851	1480	1696	1382
YPN	2414.0	1049.0	282	1
2651	1247	2224	1133	2554	750	2230	1068
COW	1080.0	1281.0	214	1
801	1193	1189	1242	1357	1572	973	1117
XWC	2380.0	1296.0	147	1
2259	1376	2607	1322	2518	1238	2139	1250
PZM	828.0	2236.0	168	1
753	2458	1012	1945	636	2354	914	2190
YPG	2174.0	1742.0	76	1
2211	1633	2215	1997	2095	1909	2178	1431
WAW	1511.0	295.0	41	1
1322	433	1548	325	1575	173	1601	250
YOJ	1429.0	1399.0	124	1
1663	1330	1274	1549	1520	1396	1259	1323
ONV	455.0	1270.0	29	1
569	1430	216	1115	361	1524	677	1012
PSA	1892.0	2041.0	172	1
1921	1799	2030	1792	1905	2347	1712	2228
XVI	561.0	1779.0	148	1
486	1786	482	1875	643	1907	633	1549
KCS	1647.0	2047.0	37	1
1403	2176	1918	2071	1550	1942	1720	2001
TOY	501.0	1698.0	223	1
733	1821	311	1686	596	1507	364	1781
ZQR	887.0	1311.0	34	1
992	1192	892	1319	813	1372	851	1363
CPH	1987.0	1093.0	204	1
2140	1201	2038	1191	2088	1004	1682	979
HIE	1004.0	796.0	93	1
969	826	694	900	1119	620	1234	839
AMC	1117.0	1493.0	41	1
961	1726	990	1200	1066	1702	1453	1347
ZHM	642.0	1797.0	47	1
890	1611	740	1715	548	2005	391	1858
JII	1819.0	1549.0	55	1
2036	1512	1657	1681	1812	1428	1772	1575
BDO	2366.0	1780.0	42	1
2373	1842	2469	1587	2439	1803	2185	1891
PKM	749.0	2354.0	268	1
832	2442	905	2102	664	2281	595	2594
WUU	1397.0	1313.0	241	1
1139	1508	1435	1451	1430	1020	1585	1274
BIH	1508.0	2306.0	160	1
1513	2361	1529	2140	1336	2390	1657	2336
LFT	2083.0	813.0	60	1
2147	669	2249	903	2223	687	1716	993
QJZ	2223.0	1113.0	67	1
2495	1013	2259	862	2192	1276	1948	1301
GPF	839.0	1122.0	2	1
701	1181	1017	1062	814	1214	824	1034
ISS	2334.0	1165.0	109	1
2420	1152	2027	1274	2565	987	2327	1248
WOX	2331.0	1961.0	232	1
2470	1981	2416	2156	1943	1973	2495	1735
PUM	1575.0	1297.0	82	1
1692	1361	1683	1073	1513	1409	1413	1347
VYK	1689.0	2062.0	262	1
1522	1975	1981	2068	1636	2188	1620	2017
DMV	1918.0	2195.0	283	1
1726	2104	1780	2254	2098	2259	2070	2163
JWC	1733.0	1112.0	150	1
1925	1363	1523	859	1558	1075	1929	1154
SNX	964.0	1598.0	4	1
1123	1779	741	1485	1072	1729	923	1402
OXJ	1998.0	1280.0	110	1
2062	1380	1950	1426	2046	1198	1935	1118
RFG	1198.0	596.0	167	1
1005	474	1328	730	1254	838	1208	343
TQT	479.0	717.0	202	1
636	659	702	777	253	918	327	514
NYG	1715.0	1700.0	212	1
1812	1579	1647	1807	1414	1769	1989	1645
AML	1138.0	1154.0	36	1
1400	1417	1070	1374	1118	968	964	859
TNM	2072.0	967.0	216	1
2098	1080	2110	1007	1857	1022	2225	761
VOF	323.0	1233.0	239	1
386	1048	189	1314	340	1355	380	1217
VGD	1431.0	2273.0	293	1
1351	2363	1442	2317	1648	2046	1285	2366
NEJ	1264.0	2186.0	104	1
1262	2262	1230	2181	1406	2425	1160	1876
BOL	1641.0	2164.0	115	1
1705	2197	1392	2305	1859	2276	1611	1881
FLJ	1978.0	2002.0	108	1
2134	2025	1967	2147	1966	2030	1845	1807
JSE	1573.0	1416.0	66	1
1424	1378	1755	1524	1762	1304	1352	1461
PCQ	2039.0	1700.0	149	1
2069	1687	2092	1768	2068	1955	1930	1393
BMR	961.0	651.0	74	1
1225	776	1036	670	778	636	806	522
WKG	1944.0	2499.0	34	1
2185	2517	1960	2631	1872	2228	1761	2621
STJ	624.0	646.0	189	1
879	625	796	719	464	364	358	878
