GSV	2421.0	2371.0	130	1
2270	2444	2488	2325	2321	2431	2606	2286
LHA	2128.0	636.0	241	1
2116	523	2256	710	2253	889	1887	424
CHB	405.0	2088.0	162	1
255	2201	535	1896	326	2169	504	2088
FDU	2087.0	870.0	278	1
1772	903	2194	801	2151	840	2232	936
PFX	1671.0	610.0	114	1
1643	761	1654	591	1538	423	1849	668
YMQ	1620.0	441.0	17	1
1814	404	1421	300	1514	371	1732	691
VLC	1784.0	2247.0	235	1
1718	2331	1776	2207	1759	2274	1886	2178
FDR	1061.0	1275.0	200	1
808	1008	1063	1264	1219	1598	1157	1233
MNP	817.0	1837.0	64	1
599	1695	634	2032	1081	1701	954	1923
WSF	1081.0	1780.0	26	1
1332	1836	1105	1778	1003	1885	885	1623
BJU	532.0	1867.0	77	1
437	1829	666	1577	758	2084	269	1979
BXZ	2173.0	1356.0	115	1
2367	1382	1965	1416	2311	1492	2052	1137
XYW	2488.0	1062.0	268	1
2548	914	2419	1259	2555	1072	2433	1006
IWZ	793.0	2269.0	107	1
757	2265	827	2405	756	2409	832	2000
XSS	407.0	1102.0	172	1
338	1144	470	920	399	1048	422	1296
UTU	1231.0	1498.0	258	1
1426	1520	1328	1556	988	1402	1184	1515
WAS	1889.0	2051.0	133	1
1812	2350	1886	1845	2071	1937	1790	2072
ACL	1515.0	1587.0	2	1
1548	1504	1593	1879	1235	1525	1685	1443
NXF	1043.0	1302.0	275	1
1140	1255	945	1412	864	1424	1224	1117
BEO	2146.0	2309.0	18	1
2192	2128	1898	2407	2139	2377	2355	2325
WSS	455.0	2146.0	250	1
461	2290	683	1877	274	2425	402	1993
CFZ	1123.0	1055.0	36	1
1262	1231	1255	951	1008	1179	970	861
TUQ	2285.0	2205.0	252	1
2418	2320	2450	2229	2360	2332	1912	1941
SPQ	1248.0	544.0	0	1
1296	646	1208	153	1055	709	1436	669
EBS	820.0	1671.0	40	1
966	1851	668	1825	1022	1662	627	1346
TVZ	1123.0	1042.0	195	1
952	948	1196	1299	952	959	1392	962
YTB	1758.0	1838.0	183	1
1489	1864	1689	1930	2024	1790	1831	1770
HYR	2018.0	582.0	181	1
1788	722	1804	568	2261	557	2222	481
BNC	815.0	2199.0	46	1
719	2335	749	2067	793	2133	1000	2262
HRE	793.0	2118.0	81	1
822	2172	769	1994	640	2205	944	2102
PNH	2347.0	1201.0	119	1
2615	1303	2130	1163	2125	1156	2519	1182
RQO	1924.0	1272.0	255	1
1790	1320	1845	1149	2037	1081	2025	1540
UOS	1953.0	1490.0	271	1
1927	1194	1957	1597	1859	1535	2069	1635
MQG	1980.0	1330.0	73	1
1861	1516	1871	1162	2023	1345	2165	1298
TCL	2276.0	767.0	163	1
2458	621	2299	877	2122	901	2225	672
TNN	1488.0	1509.0	10	1
1561	1654	1384	1563	1396	1480	1614	1341
KLZ	2188.0	855.0	22	1
1972	578	1909	1107	2391	658	2481	1078
FHR	1015.0	1568.0	222	1
962	1482	1195	1600	913	1668	992	1525
SZK	1729.0	2299.0	160	1
1763	2142	1999	2576	1588	2394	1568	2087
XUU	2384.0	1498.0	11	1
2407	1404	2638	1327	2346	1866	2147	1398
ZEK	2281.0	1298.0	0	1
2152	1497	2384	1319	2387	960	2201	1416
NQQ	1827.0	2260.0	94	1
1789	2223	1916	2122	1877	2360	1728	2338
SQY	712.0	1155.0	69	1
634	1172	881	1300	658	1174	676	976
IGG	1711.0	1674.0	208	1
1631	1547	1564	1451	1806	1760	1846	1941
REV	1259.0	455.0	128	1
1476	358	1215	347	1193	691	1152	424
XJD	2228.0	505.0	54	1
2134	641	2216	495	2220	594	2343	292
HEH	1212.0	1795.0	135	1
1021	1552	1407	1847	1068	1979	1355	1805
BDA	2092.0	1579.0	254	1
2288	1341	1830	1720	2058	1671	2193	1584
XMD	1663.0	648.0	213	1
1964	550	1619	830	1483	797	1589	416
FNU	1059.0	1558.0	255	1
1139	1598	907	1437	891	1679	1302	1519
