HPW	330.0	1341.0	251	1
683	1374	293	1493	180	1070	165	1429
MLI	883.0	1846.0	217	1
918	1905	927	1950	859	1806	831	1724
JTU	697.0	2292.0	249	1
1037	2299	551	2183	626	2159	577	2530
ZTA	1659.0	1097.0	346	1
1416	959	1387	1094	1917	1152	1918	1184
UBI	1472.0	648.0	437	1
1567	699	1485	605	1231	528	1608	760
TQH	1991.0	1010.0	252	1
1937	913	2048	874	2044	867	1937	1389
TPI	858.0	442.0	283	1
903	512	1057	618	706	398	769	240
IOZ	1921.0	550.0	377	1
2008	568	1639	506	2047	508	1991	619
AJN	1098.0	2038.0	346	1
1115	2009	992	2185	1337	2068	948	1891
SRN	1319.0	836.0	379	1
1311	827	1466	819	1076	912	1426	786
MFN	577.0	2298.0	367	1
592	2470	546	2160	869	2287	301	2278
RXF	1893.0	1546.0	357	1
1720	1562	1820	1399	2150	1587	1882	1637
QJR	462.0	1409.0	303	1
643	1534	304	1181	677	1379	224	1544
TVS	1514.0	1063.0	211	1
1624	1139	1384	1075	1695	919	1354	1119
NGA	1324.0	1273.0	443	1
1382	1412	1392	1219	1402	1043	1121	1420
PXV	2214.0	1528.0	271	1
2136	1289	2201	1526	2323	1626	2196	1672
FDG	810.0	2539.0	354	1
817	2486	982	2585	913	2511	531	2574
CSB	1374.0	781.0	310	1
1122	739	1582	709	1414	702	1380	974
MXU	1282.0	1443.0	353	1
1414	1213	1196	1378	1395	1655	1123	1528
NRE	1881.0	2237.0	400	1
1890	2034	1857	2263	1860	2368	1919	2283
KIS	1574.0	1278.0	283	1
1445	1028	1700	1265	1839	1393	1315	1428
XWQ	1172.0	1853.0	492	1
1212	1789	1126	1895	1182	1841	1170	1890
UQX	824.0	2217.0	460	1
1041	2214	566	2357	1078	2356	612	1944
KGH	1508.0	1962.0	361	1
1302	2142	1525	1642	1771	2173	1434	1893
OMY	1731.0	812.0	307	1
1737	722	1952	1014	1799	969	1436	544
TIX	1040.0	2228.0	388	1
1088	2157	1109	2358	897	2359	1068	2041
SFQ	1965.0	441.0	268	1
2091	530	1757	612	2195	415	1818	208
KXD	1998.0	1416.0	351	1
2000	1341	2096	1261	1830	1413	2066	1652
ZZG	1192.0	1599.0	324	1
1288	1711	1208	1583	1095	1530	1180	1575
WPH	1275.0	1155.0	319	1
1428	1163	1227	1336	1257	1094	1191	1028
UTL	844.0	1830.0	434	1
981	2012	791	1574	657	2061	950	1673
EEX	2185.0	572.0	457	1
1841	817	2217	496	2367	449	2317	529
JXY	939.0	344.0	474	1
1090	221	780	553	1120	333	768	271
BIE	332.0	1331.0	484	1
160	1092	371	1473	166	1276	632	1484
RWU	1929.0	1711.0	304	1
2047	1538	1821	1964	1935	1536	1915	1808
TXU	2333.0	1567.0	456	1
2485	1420	2443	1724	2355	1780	2050	1345
RYS	2099.0	1221.0	263	1
2024	1169	2140	1506	1958	1211	2276	1000
CBA	1501.0	450.0	454	1
1589	247	1378	574	1777	633	1260	348
SSK	2048.0	1291.0	420	1
2285	1228	1950	1064	2047	1367	1911	1508
ALW	1148.0	344.0	442	1
1171	547	1355	188	1129	428	938	213
ABL	2231.0	1926.0	371	1
2176	1718	2045	1968	2578	1997	2128	2024
RBE	1354.0	869.0	346	1
1198	657	1181	848	1522	918	1515	1053
ETZ	1448.0	1539.0	337	1
1611	1463	1515	1663	1062	1710	1606	1321
OSN	2345.0	1812.0	219	1
2545	1737	2205	1885	2408	1926	2223	1701
YUJ	1096.0	863.0	232	1
1139	993	928	993	1193	914	1127	553
GNB	2367.0	1924.0	363	1
2316	2160	2179	2200	2561	1667	2414	1670
MIL	1335.0	1016.0	496	1
1594	864	1329	997	1082	1232	1337	973
KQF	1525.0	2192.0	222	1
1496	2240	1402	2444	1376	2025	1828	2062
LIU	2141.0	784.0	206	1
2394	608	2064	838	2004	803	2102	888
XJZ	2126.0	2100.0	482	1
1991	2168	2473	1927	2054	2211	1989	2097
