QYN	1328.0	741.0	416	1
1121	594	1229	805	1519	871	1445	697
XCK	1267.0	1693.0	233	1
1270	1495	1509	1643	1189	1758	1103	1879
DYQ	794.0	1494.0	344	1
795	1394	509	1330	1014	1513	859	1742
LZV	1146.0	1762.0	477	1
1320	1619	1209	2100	1155	1622	903	1708
INK	1189.0	978.0	498	1
1170	784	1162	1035	1329	1321	1096	775
LXK	1175.0	1862.0	417	1
1279	1799	1130	1880	1286	2113	1006	1656
FVO	1018.0	2163.0	423	1
1098	2283	967	2211	949	2109	1060	2049
XAI	1192.0	1390.0	206	1
1469	1322	1012	1437	1172	1442	1118	1359
KFT	741.0	2128.0	451	1
649	1895	811	2068	644	2296	860	2255
NUN	971.0	1039.0	411	1
1192	884	1009	1230	738	1101	947	944
HVQ	913.0	2023.0	430	1
806	2063	765	1978	921	1877	1161	2175
SAL	639.0	1200.0	325	1
418	1219	582	1136	845	1353	713	1094
HIM	1470.0	1266.0	348	1
1289	1084	1549	1385	1688	1475	1356	1123
UYU	1881.0	573.0	306	1
2205	629	1740	692	1933	528	1647	446
IOH	472.0	424.0	326	1
321	292	599	324	482	580	487	501
BDC	1584.0	1111.0	250	1
1563	1103	1634	1235	1538	1205	1604	901
XFJ	719.0	1720.0	370	1
828	1753	661	1664	727	1807	660	1658
MMT	1491.0	1956.0	225	1
1734	1919	1377	2097	1569	2018	1285	1793
EXC	1701.0	1065.0	285	1
1615	984	1676	889	1825	1130	1688	1259
HIX	1963.0	2071.0	474	1
2110	1940	2004	1846	2144	2075	1596	2425
KKF	1342.0	1366.0	238	1
1132	1319	1336	1586	1444	1267	1456	1292
MTH	774.0	1294.0	470	1
946	1320	885	1271	659	1315	606	1270
VFB	463.0	272.0	268	1
492	178	372	340	588	237	401	335
HLB	747.0	1419.0	398	1
816	1311	423	1436	954	1407	796	1525
KLV	567.0	2133.0	270	1
776	1967	632	2061	486	2128	374	2376
WUP	985.0	1169.0	359	1
800	1280	1081	1095	1139	1098	921	1205
FCK	648.0	2303.0	286	1
783	2577	687	2453	476	2171	646	2014
QJR	2101.0	890.0	246	1
1882	782	2167	762	2273	996	2085	1022
AJM	1242.0	1797.0	208	1
1118	1693	1357	1932	1167	1676	1327	1889
QKX	2385.0	1580.0	466	1
2342	1425	2297	1685	2392	1655	2511	1557
TQO	1746.0	352.0	436	1
1711	233	1669	368	1979	555	1625	253
FEB	1190.0	1185.0	226	1
1115	1021	1177	1278	1292	1298	1176	1144
DLR	1274.0	659.0	367	1
1537	591	1132	778	1110	745	1318	525
PIY	1993.0	1857.0	493	1
1789	2062	1896	1574	2250	1780	2040	2014
DSV	685.0	1100.0	438	1
516	870	456	995	804	1332	966	1206
MOG	912.0	972.0	433	1
1169	1008	1007	911	657	1011	815	961
TFU	642.0	1196.0	420	1
475	1100	921	1147	743	1428	430	1110
FPW	2153.0	1941.0	400	1
2182	1824	1981	1916	2024	1952	2426	2075
GHC	790.0	1559.0	232	1
764	1437	710	1710	842	1696	847	1395
WTR	2367.0	2388.0	363	1
2403	2599	2424	2395	2349	2366	2295	2194
FLS	831.0	1968.0	336	1
1037	1705	670	1838	665	2115	952	2216
XRF	1937.0	2121.0	237	1
1754	1999	2100	2004	1808	2302	2089	2181
PGU	858.0	1046.0	417	1
706	880	1198	1090	891	945	639	1272
TEG	2194.0	1192.0	352	1
2041	1257	2433	1235	2203	1067	2102	1212
SRA	483.0	1148.0	383	1
513	1311	610	951	247	975	565	1356
KXO	1479.0	1922.0	277	1
1541	1705	1520	2005	1573	2008	1284	1971
ARQ	575.0	1779.0	316	1
383	1666	786	1937	758	1822	373	1693
QZH	790.0	1893.0	222	1
742	1955	896	1759	681	1837	844	2022
XBG	406.0	1290.0	495	1
378	1495	182	1083	642	1352	422	1232
ZOV	538.0	2368.0	433	1
531	2594	460	2549	675	2103	488	2229
