LAW	2398.0	1856.0	74	1
2605	1920	2305	2050	2182	1702	2501	1753
XBP	2436.0	1587.0	81	1
2244	1565	2530	1389	2492	1677	2479	1718
JKT	1254.0	973.0	17	1
1353	972	1128	987	1268	913	1267	1021
HOI	1336.0	943.0	61	1
1413	1140	1296	875	1167	1134	1470	623
GFD	1135.0	1705.0	15	1
1220	1827	843	1583	1166	1918	1312	1492
IBC	665.0	2091.0	44	1
883	2064	608	1938	559	2322	613	2042
WOC	1120.0	1055.0	266	1
1085	864	981	1077	1339	1056	1078	1225
PXU	416.0	2121.0	30	1
495	2317	253	2108	604	1970	312	2089
YEO	1914.0	828.0	61	1
2243	783	1701	922	1742	755	1971	853
HDQ	686.0	1448.0	71	1
747	1328	758	1614	571	1508	668	1345
JAC	720.0	1746.0	221	1
995	1780	607	1997	577	1609	704	1598
WIS	618.0	500.0	225	1
682	483	480	238	441	716	869	565
POA	747.0	1528.0	185	1
714	1588	791	1742	582	1556	902	1227
SGP	1270.0	2072.0	289	1
1166	2035	1348	2070	1190	2036	1377	2147
HBN	832.0	1610.0	63	1
635	1848	958	1683	779	1407	958	1502
PLO	1529.0	745.0	156	1
1425	833	1343	747	1665	690	1683	710
TOU	429.0	1050.0	203	1
313	916	346	1105	542	1284	516	896
GEQ	1973.0	1306.0	8	1
2071	1532	1933	1142	2088	1274	1803	1279
MBT	1330.0	2410.0	163	1
1531	2290	1382	2353	1240	2612	1168	2387
OYQ	2231.0	1021.0	259	1
2537	1125	2104	936	2043	1085	2243	939
BIT	1298.0	1310.0	223	1
1274	1369	1358	1320	1308	1030	1255	1523
QXW	590.0	1744.0	213	1
508	1732	609	1714	722	1609	522	1923
LYP	1844.0	1571.0	223	1
1840	1508	1968	1670	1901	1791	1667	1318
PVZ	1996.0	1039.0	188	1
1931	1199	2192	913	1762	1152	2101	892
PIM	1798.0	1256.0	215	1
2036	1449	1564	1253	1534	1201	2059	1123
PQC	1057.0	1501.0	13	1
1112	1527	1302	1555	927	1220	890	1705
ZMA	2250.0	1752.0	42	1
2360	1635	2361	1780	1888	2015	2394	1581
VFX	755.0	1832.0	243	1
946	1757	832	1867	753	1727	492	1979
ZDJ	547.0	1083.0	166	1
464	974	512	941	623	1173	591	1245
HKP	1967.0	586.0	44	1
1694	474	2120	822	1980	600	2075	450
KSM	1275.0	1977.0	116	1
1121	2056	1121	1768	1391	2134	1470	1950
CEP	1338.0	927.0	19	1
1237	963	1615	805	1340	1149	1163	794
WXC	1283.0	1489.0	20	1
1324	1285	1327	1563	1346	1720	1137	1391
OVD	1882.0	2212.0	122	1
1696	2384	2087	1987	1947	2421	1800	2056
GQY	907.0	1808.0	3	1
705	2068	871	1801	885	1669	1168	1694
NFC	1136.0	515.0	27	1
873	423	1041	439	1280	575	1351	626
XXK	1788.0	1581.0	155	1
1548	1621	1994	1611	1590	1380	2021	1715
HFZ	369.0	1939.0	64	1
391	1984	394	2156	256	1813	438	1804
ALE	2215.0	1969.0	279	1
2319	2213	1983	1923	2511	1864	2047	1878
VAN	396.0	1517.0	224	1
318	1562	549	1600	478	1386	241	1520
YPB	520.0	1052.0	1	1
651	927	589	946	331	950	511	1387
FJP	813.0	2273.0	274	1
916	2373	761	2521	765	2022	810	2179
COL	1406.0	1773.0	173	1
1165	1736	1285	1492	1627	1961	1547	1906
NEB	1051.0	560.0	5	1
895	686	1425	376	920	499	967	680
GIA	434.0	1471.0	262	1
233	1431	459	1633	360	1336	685	1485
RKE	1438.0	1315.0	79	1
1274	1179	1210	1494	1647	1246	1624	1342
CJT	2240.0	1276.0	126	1
2102	1256	2400	1199	2150	1316	2311	1333
AOD	1643.0	785.0	74	1
1975	1087	1518	851	1639	630	1443	572
RGI	2044.0	507.0	294	1
1904	301	1947	647	2103	759	2224	321
GAP	1071.0	1652.0	60	1
848	1595	1220	1594	1178	1920	1039	1499
