FDO	981.0	2006.0	442	1
923	2065	1180	1892	984	1812	840	2255
LAY	588.0	2240.0	245	1
602	1973	804	2297	665	2495	281	2196
RXS	1752.0	1625.0	316	1
1611	1674	1657	1427	2040	1899	1703	1500
GVM	993.0	2136.0	443	1
674	2325	1214	2048	1175	1990	909	2184
CMO	991.0	2065.0	407	1
1154	2140	904	2223	925	1947	983	1951
EVB	2156.0	470.0	472	1
2111	466	2511	437	1938	580	2067	399
WUX	1765.0	1251.0	428	1
1617	1353	1671	1469	2068	1248	1704	935
WDU	1700.0	672.0	261	1
1794	441	1417	904	1872	861	1717	483
PHZ	1177.0	2315.0	347	1
1251	2565	1247	2476	980	2096	1231	2126
QAE	727.0	1080.0	253	1
658	1253	850	1261	550	1076	852	730
YII	1320.0	2061.0	202	1
1543	2186	1162	2194	1070	2199	1506	1665
SUT	1076.0	855.0	324	1
983	794	1306	952	753	765	1263	909
TJU	1670.0	2205.0	328	1
1569	2365	1770	2299	1585	2205	1756	1952
CPQ	1546.0	1409.0	307	1
1593	1255	1656	1467	1259	1650	1678	1266
IVL	841.0	1138.0	490	1
987	1133	622	1030	657	1096	1098	1296
CDG	1519.0	1483.0	399	1
1419	1667	1865	1413	1400	1464	1394	1389
TUR	1732.0	2322.0	271	1
1808	1978	1650	2451	1850	2478	1622	2382
GWD	1113.0	1189.0	422	1
1364	1221	1099	1088	1070	1367	921	1082
ODZ	1896.0	2017.0	373	1
1721	2197	1997	1730	1731	2169	2135	1973
XZO	1465.0	1963.0	467	1
1475	1955	1621	2148	1341	1823	1425	1928
CGB	1801.0	676.0	323	1
1634	808	2101	650	1774	909	1695	338
RTI	551.0	2099.0	354	1
614	1934	511	2087	648	2102	434	2276
ICF	1876.0	1001.0	488	1
1887	1215	1788	905	1900	1050	1929	837
YRB	563.0	1431.0	279	1
275	1512	804	1346	763	1500	412	1367
DPY	1622.0	1254.0	404	1
1659	1114	1914	1164	1449	1280	1469	1460
VYW	1799.0	1713.0	329	1
1625	1989	1832	1708	2037	1594	1702	1564
AYJ	1701.0	983.0	283	1
1890	1004	1846	1154	1552	727	1516	1048
TRK	664.0	1022.0	238	1
656	854	623	1227	513	879	867	1129
EAG	1235.0	678.0	223	1
1274	616	1314	538	1164	610	1188	950
ZLF	834.0	2425.0	333	1
862	2253	579	2602	946	2235	951	2613
VDF	467.0	336.0	211	1
400	244	268	244	551	204	651	654
DCV	1014.0	2277.0	224	1
969	2385	916	2061	1162	2275	1010	2388
KJC	1683.0	681.0	333	1
1895	928	1467	431	1751	707	1619	659
CFU	1110.0	2103.0	433	1
1031	2290	945	2281	1222	2054	1243	1788
HZC	2147.0	1960.0	202	1
2361	1825	2343	1804	1824	2142	2060	2072
JNT	1306.0	1992.0	421	1
1235	1880	1361	1819	1068	2258	1560	2014
RMS	729.0	958.0	447	1
611	1027	633	837	894	887	780	1082
ATL	2383.0	1600.0	279	1
2540	1474	2130	1748	2321	1730	2541	1449
QUQ	558.0	1502.0	368	1
710	1537	283	1482	594	1467	646	1524
KRZ	1531.0	1629.0	447	1
1606	1685	1623	1770	1390	1753	1508	1309
RCA	1134.0	1559.0	308	1
1335	1300	976	1387	1215	1781	1012	1771
EQY	2338.0	1906.0	247	1
2224	1768	2455	2193	2300	1925	2374	1738
EFU	1808.0	2372.0	296	1
2001	2269	1593	2638	1980	2501	1659	2083
HIW	2147.0	2322.0	201	1
1986	2532	2293	2019	2340	2443	1969	2295
CLH	746.0	676.0	295	1
1050	584	555	474	631	724	749	922
CVM	1195.0	1112.0	460	1
1484	819	1059	1323	1041	1044	1198	1263
FWH	1059.0	1429.0	266	1
1045	1428	1258	1313	871	1475	1064	1500
MLZ	1953.0	1221.0	237	1
2007	1050	1829	1251	1937	1335	2039	1248
QYX	1731.0	773.0	409	1
1741	679	1690	893	1590	634	1903	886
ZUR	1803.0	663.0	379	1
1905	766	1623	456	1861	649	1826	784
