VPP	665.0	2196.0	222	1
505	2366	713	2234	870	2267	573	1917
TRP	2227.0	1986.0	16	1
2334	1910	2332	1893	1893	2254	2349	1890
BDL	2053.0	1490.0	29	1
1944	1505	1824	1447	2172	1770	2273	1241
QEM	2187.0	1747.0	206	1
1886	1784	2372	1819	2326	1494	2164	1894
DJR	1577.0	2122.0	49	1
1611	2158	1465	2360	1579	2124	1653	1846
QHU	604.0	1741.0	137	1
572	1805	781	1680	533	1761	533	1718
STG	1952.0	2273.0	42	1
1995	2440	1982	2393	1954	2158	1880	2101
BGI	813.0	1031.0	2	1
736	1249	1039	861	718	986	759	1028
GJP	2191.0	776.0	275	1
2006	650	2036	804	2254	742	2468	911
WME	1258.0	857.0	213	1
1250	754	1200	786	1332	845	1251	1045
CEI	827.0	1456.0	240	1
602	1332	866	1712	740	1366	1100	1417
HHD	1004.0	969.0	70	1
1079	853	917	1048	1151	915	871	1061
VIE	1049.0	713.0	33	1
965	682	990	934	1104	769	1137	467
RHM	696.0	2196.0	171	1
558	2203	758	2151	937	2262	532	2169
DRD	1309.0	1812.0	171	1
1303	1634	1224	1867	1415	1655	1295	2095
WPR	959.0	1677.0	8	1
887	1385	1106	1795	673	1755	1170	1775
JMZ	1125.0	1160.0	62	1
915	971	1066	1186	1118	1453	1404	1031
AAZ	1398.0	771.0	40	1
1584	634	1600	756	1172	676	1236	1019
RKC	1474.0	2096.0	249	1
1643	1866	1522	2336	1329	1875	1402	2310
HNV	2078.0	2236.0	268	1
2060	2576	1965	2272	2204	2029	2084	2068
CLQ	943.0	1681.0	137	1
925	1652	828	1831	1007	1546	1015	1698
BQR	463.0	2268.0	276	1
540	2174	272	2149	659	2585	383	2165
PCH	1575.0	1265.0	15	1
1512	1427	1558	1119	1720	1215	1510	1301
JFR	696.0	2142.0	191	1
483	1765	621	2312	916	2334	766	2159
KDH	710.0	1439.0	285	1
517	1739	581	1281	892	1335	853	1402
LYL	627.0	401.0	79	1
562	247	636	242	595	613	715	502
NFU	1227.0	1455.0	284	1
1173	1278	1127	1410	1093	1664	1517	1471
KYM	1442.0	2049.0	35	1
1273	1859	1509	1890	1264	2453	1722	1996
FDX	1228.0	1640.0	251	1
1471	1753	1273	1743	1261	1599	907	1465
DJO	1780.0	1559.0	230	1
1696	1347	1908	1803	1728	1465	1790	1623
APU	2194.0	833.0	109	1
2027	888	2217	1066	2459	557	2076	821
TWV	1969.0	1799.0	170	1
1929	1723	1785	1663	2217	1688	1946	2122
NXR	2099.0	1742.0	269	1
2139	1896	2007	2008	2145	1588	2106	1477
TUZ	1765.0	1742.0	209	1
1730	1953	1890	1530	1784	1650	1658	1838
IWK	1595.0	1577.0	178	1
1544	1721	1598	1373	1651	1490	1589	1725
RYZ	695.0	972.0	68	1
526	1221	763	691	743	794	748	1185
QWU	761.0	952.0	111	1
580	799	685	1276	685	945	1094	789
DVX	1090.0	642.0	62	1
910	650	991	742	1350	463	1109	715
YKC	2131.0	2227.0	24	1
2413	2450	1948	1937	2041	2300	2125	2221
ITA	1917.0	1313.0	234	1
1682	1589	2233	1546	1842	1040	1914	1080
ZWH	2206.0	1985.0	177	1
2457	2091	2000	1803	2128	2071	2239	1978
CZA	1883.0	2081.0	38	1
1932	2114	1755	2126	1927	1836	1921	2249
JHS	443.0	1632.0	138	1
647	1424	378	1875	459	1812	291	1420
RYU	2149.0	368.0	50	1
1968	280	1967	400	2228	529	2436	263
MJB	1762.0	1841.0	275	1
1736	1757	1832	1922	1982	1724	1501	1961
OOC	2359.0	1351.0	135	1
2431	1510	2378	1287	2080	1465	2548	1144
TVS	887.0	1666.0	21	1
806	1679	863	1659	970	1646	910	1680
AET	1109.0	1593.0	163	1
1014	1457	1012	1580	1450	1626	962	1712
ZNU	1055.0	2207.0	292	1
1303	2299	755	2107	969	2072	1193	2352
SOZ	2021.0	1110.0	28	1
1950	1163	2069	837	2151	1245	1917	1198
