OBQ	2012.0	2321.0	272	1
1925	2332	1826	2555	2326	2251	1973	2148
JLN	647.0	695.0	482	1
829	681	583	835	647	885	531	379
PPZ	1767.0	2470.0	269	1
1559	2350	1973	2545	1694	2423	1843	2565
RZG	1565.0	2097.0	357	1
1309	2194	1769	2178	1609	1863	1575	2154
SIY	575.0	880.0	438	1
754	670	483	882	509	1077	556	894
XJM	1578.0	2337.0	282	1
1481	2447	1423	2078	1943	2570	1466	2256
BYX	528.0	1065.0	228	1
570	1014	291	1217	784	992	468	1037
BWO	1211.0	353.0	268	1
1211	235	990	281	1271	632	1374	265
HVZ	2298.0	476.0	409	1
2035	506	2505	543	2511	662	2142	193
WDD	1387.0	1287.0	400	1
1086	1476	1461	1061	1486	1413	1515	1199
ODS	1503.0	2375.0	220	1
1513	2462	1389	2223	1551	2560	1561	2257
UCN	583.0	1815.0	483	1
572	1668	724	2062	555	1689	484	1844
IDW	840.0	1498.0	229	1
1054	1500	748	1661	670	1302	889	1530
VMK	1398.0	750.0	251	1
1519	949	1344	804	1158	817	1574	431
KRZ	1231.0	1109.0	269	1
1093	1059	1301	847	1315	1240	1217	1293
FPG	2080.0	1287.0	452	1
1942	1480	1965	1396	2043	1163	2371	1109
OQT	2053.0	1596.0	341	1
2097	1576	2136	1471	2114	1503	1865	1835
FEG	1577.0	2099.0	370	1
1678	2128	1475	2024	1658	1946	1500	2299
GPG	1618.0	1993.0	401	1
1439	1945	1858	2048	1681	1914	1494	2067
NLV	1206.0	2002.0	251	1
1158	2323	1133	1892	1432	2008	1103	1788
ZFR	1204.0	1691.0	430	1
1394	1661	1199	1581	1357	1598	867	1927
IAQ	586.0	2357.0	240	1
362	2366	506	2431	851	2596	625	2035
FAF	2274.0	1468.0	244	1
2162	1319	2413	1645	2202	1521	2319	1389
OES	1821.0	1895.0	394	1
1881	2086	1681	1975	2016	1780	1709	1739
TTN	1871.0	616.0	260	1
2093	766	1756	887	1810	369	1826	442
BQP	1874.0	1516.0	429	1
1745	1612	2005	1299	2040	1456	1709	1700
WKM	851.0	1189.0	332	1
865	1381	731	828	1139	1373	671	1175
EQP	2152.0	2233.0	267	1
1892	2350	2211	2153	2265	2104	2241	2326
IKT	1151.0	2053.0	252	1
993	2223	1368	1900	862	2041	1383	2049
YVO	1709.0	2070.0	366	1
1816	2138	1769	1882	1785	2143	1468	2119
KCO	2229.0	1698.0	221	1
2389	1828	2238	1820	1954	1351	2337	1794
FJC	1137.0	629.0	359	1
1042	729	1086	559	1098	638	1322	593
WLC	1864.0	1185.0	469	1
1763	1175	1822	1320	1931	1270	1942	978
AHI	1854.0	1151.0	263	1
1756	1162	1623	1341	1995	985	2042	1118
URZ	1409.0	1727.0	320	1
1171	1837	1613	1641	1289	1484	1563	1947
HEK	1023.0	2238.0	359	1
972	2235	978	2080	1158	2232	987	2406
LHZ	546.0	2294.0	494	1
649	2047	462	2406	534	2234	542	2492
ZZV	920.0	2160.0	225	1
1038	2251	629	1944	1184	2254	829	2193
RXE	325.0	2244.0	409	1
239	2213	370	1929	218	2395	474	2441
OMI	2354.0	1094.0	410	1
2130	941	2537	1168	2539	1132	2213	1138
UFO	1918.0	354.0	468	1
2125	451	1676	373	1867	226	2004	368
PXR	1994.0	2170.0	234	1
2003	2104	1808	2132	2029	2048	2139	2396
DHZ	1053.0	1546.0	380	1
1146	1776	970	1302	1012	1697	1087	1412
XXN	722.0	1502.0	324	1
799	1622	992	1521	527	1591	571	1275
UCG	509.0	1952.0	378	1
701	1914	483	1920	278	1982	576	1992
GQP	1157.0	516.0	283	1
1191	699	1076	536	1242	399	1122	433
VOK	2230.0	1674.0	337	1
2168	1587	2306	1482	2324	1770	2123	1859
IYK	1276.0	2202.0	491	1
1215	2084	1373	2441	1368	2100	1149	2184
WKC	1955.0	2350.0	395	1
1981	2305	1899	2412	1895	2396	2048	2288
OHG	2106.0	1082.0	458	1
1884	990	2055	946	2275	1109	2211	1284
