BYQ	1533.0	2004.0	12	1
1601	1970	1490	1934	1332	2048	1712	2067
OLB	1071.0	1729.0	181	1
1013	1942	1151	1572	971	1526	1151	1877
JWQ	336.0	1180.0	166	1
256	1305	482	1037	366	1058	240	1321
QTA	1359.0	588.0	95	1
1524	834	1274	487	1418	528	1220	506
AFD	1939.0	837.0	50	1
1986	974	2177	748	1677	912	1916	716
PTZ	663.0	962.0	132	1
541	795	780	1343	908	835	425	876
IVC	1463.0	1220.0	279	1
1348	986	1442	1006	1416	1457	1648	1433
UUC	477.0	635.0	7	1
628	857	313	486	621	426	346	772
TLF	665.0	1458.0	67	1
778	1636	725	1289	834	1377	324	1531
WBR	436.0	2394.0	48	1
336	2565	177	2533	547	2389	685	2091
PGX	659.0	453.0	226	1
578	441	804	484	569	655	687	234
KBW	2186.0	451.0	72	1
1956	311	2277	616	2143	468	2369	411
VHI	1130.0	653.0	285	1
1266	556	1035	820	1155	865	1065	371
IAE	1025.0	842.0	258	1
998	813	1139	652	808	991	1156	913
QMT	2200.0	2173.0	240	1
2300	2082	2268	2177	2306	2127	1927	2308
TWU	520.0	1792.0	186	1
321	1597	693	1778	521	1972	545	1822
CSB	629.0	900.0	100	1
527	915	543	1035	500	998	946	654
GLQ	884.0	1930.0	141	1
910	2003	848	1808	1068	1886	710	2023
KRH	750.0	650.0	211	1
610	554	599	776	946	437	845	835
POO	1480.0	2038.0	141	1
1443	1889	1357	2293	1346	2079	1775	1891
QIE	1927.0	1853.0	202	1
2167	2102	1810	1706	1726	1940	2007	1664
CUI	1583.0	1305.0	68	1
1687	1292	1382	1489	1675	966	1588	1476
BER	1149.0	1700.0	216	1
1207	1975	1242	1647	1141	1596	1009	1582
LRI	1451.0	876.0	154	1
1504	1147	1541	794	1201	760	1559	806
ILJ	840.0	2134.0	286	1
738	2042	752	2053	1059	2036	811	2408
GMP	2222.0	2036.0	52	1
2070	1945	1953	1954	2421	2256	2444	1991
VDX	940.0	2100.0	90	1
861	2329	1006	1907	924	2247	972	1917
XVI	1240.0	2319.0	289	1
1270	2471	1339	2499	1217	2107	1134	2202
TLI	574.0	1766.0	5	1
354	1682	395	1896	802	1561	745	1928
RZN	2213.0	2382.0	253	1
1894	2523	2380	2476	2241	2117	2338	2413
DVX	1658.0	636.0	216	1
1646	666	1793	740	1801	690	1392	448
LNQ	2354.0	1876.0	165	1
2407	1890	2227	1982	2291	1836	2492	1798
GQZ	1354.0	1960.0	123	1
1608	1831	1437	2024	1222	1848	1149	2140
RJV	920.0	2283.0	237	1
880	2364	984	2430	1048	2272	769	2067
RLM	1726.0	1492.0	288	1
1523	1468	1995	1452	1548	1529	1840	1519
SBV	1873.0	1259.0	245	1
1637	1398	1653	1456	2111	1088	2093	1097
HNO	598.0	2377.0	124	1
569	2216	515	2185	716	2562	595	2546
SAD	329.0	932.0	270	1
171	670	246	727	385	1089	517	1243
IQZ	1832.0	1154.0	269	1
1804	1253	1988	1151	1833	1276	1705	936
III	938.0	1003.0	72	1
847	1107	838	866	848	923	1219	1118
PAQ	1483.0	1217.0	25	1
1609	1241	1509	1135	1617	1235	1200	1258
SSF	445.0	2025.0	168	1
480	2041	237	2150	680	1972	385	1938
RPZ	1247.0	1030.0	246	1
1492	1229	1393	1225	949	899	1155	768
RXL	1082.0	612.0	273	1
1090	495	1306	700	895	558	1040	695
KWE	1258.0	1004.0	1	1
1039	1248	1521	807	1177	883	1297	1080
ZAG	1253.0	1081.0	164	1
1171	1022	1291	1030	1114	1197	1436	1078
POU	1340.0	1575.0	62	1
1121	1603	1127	1668	1529	1340	1584	1692
LUD	950.0	1382.0	74	1
1164	1316	926	1509	843	1292	870	1412
SGJ	2294.0	1585.0	224	1
2450	1398	2382	1785	2042	1800	2303	1359
ICL	1891.0	1903.0	53	1
1806	1770	2106	1965	1887	1960	1767	1920
