WAF	2014.0	1448.0	309	1
1856	1325	2266	1515	1940	1583	1995	1370
UUJ	2227.0	1746.0	264	1
2228	1769	2185	1883	2273	1659	2223	1673
IOB	1349.0	1063.0	259	1
1304	1180	1482	1097	1259	1195	1354	783
XTR	2101.0	1333.0	321	1
2076	1358	2143	1297	2231	1409	1955	1271
FFL	1732.0	2432.0	491	1
1915	2419	1672	2510	1849	2372	1492	2428
VTC	2359.0	1269.0	395	1
2593	1256	2572	1024	2130	1337	2143	1459
FDV	1952.0	1540.0	386	1
1927	1583	1894	1314	1840	1652	2148	1611
SCT	461.0	1004.0	436	1
611	963	128	1148	491	1119	615	788
RCW	454.0	739.0	368	1
301	618	721	967	258	446	538	925
MIY	593.0	1449.0	302	1
734	1657	776	1300	575	1652	287	1187
ZBS	1275.0	1741.0	461	1
1161	1838	1099	1799	1401	1715	1442	1612
YID	965.0	2191.0	479	1
930	1939	844	2295	1267	2222	821	2308
XWC	2093.0	667.0	347	1
2169	826	2013	376	2020	625	2171	842
QXP	2261.0	568.0	467	1
2114	495	2590	820	2037	580	2306	379
IUB	983.0	894.0	241	1
1062	572	1062	825	1160	1076	649	1106
UJM	2035.0	2038.0	336	1
2155	1953	2182	2163	2045	2027	1759	2012
NWW	2325.0	1672.0	418	1
2353	1821	2250	1843	2404	1350	2295	1674
ERE	1775.0	1881.0	427	1
1670	2164	1774	1832	1873	1882	1784	1648
WLN	1084.0	2118.0	268	1
1241	2311	847	2144	999	1893	1251	2127
TSO	667.0	1728.0	386	1
677	1540	746	1613	634	2008	614	1753
LMC	689.0	997.0	466	1
789	887	870	1124	554	946	545	1031
FGH	1298.0	535.0	207	1
1446	660	1140	510	1211	392	1396	580
WIU	786.0	2142.0	355	1
543	1963	1086	2041	711	2356	804	2209
ZGF	911.0	1105.0	218	1
1179	840	803	1131	964	1189	699	1263
UZI	1681.0	1021.0	414	1
1814	752	1647	1159	1599	1230	1664	943
IQC	1374.0	1558.0	211	1
1174	1526	1626	1573	1517	1487	1181	1647
CCF	598.0	856.0	445	1
691	974	537	661	742	1036	422	753
BCM	1959.0	1775.0	437	1
2115	1975	1842	1667	1928	1825	1954	1636
OOM	1959.0	1861.0	341	1
1958	1615	1974	2164	2102	1904	1805	1764
CIX	446.0	2240.0	204	1
616	2289	636	2233	267	2239	266	2199
EAY	455.0	797.0	263	1
354	842	828	897	379	655	262	797
CSK	1370.0	806.0	498	1
1436	627	1533	769	1138	878	1374	951
LUC	1764.0	1523.0	256	1
1502	1377	1995	1642	1529	1492	2033	1581
GRN	525.0	1037.0	429	1
616	1043	327	1086	371	857	789	1164
AXI	621.0	431.0	236	1
633	227	580	391	584	449	688	660
DKR	1077.0	1070.0	223	1
1090	974	1026	1064	1254	1397	941	848
YGB	1089.0	1917.0	404	1
1069	1843	1183	1934	1037	1887	1067	2007
XOA	2174.0	500.0	311	1
2329	414	2143	696	2200	582	2027	311
DDF	2140.0	723.0	414	1
2204	670	2104	967	2153	515	2100	740
TCL	712.0	2042.0	476	1
481	2265	837	2007	615	2129	917	1768
TFI	498.0	1027.0	308	1
286	970	521	1000	543	1282	645	858
TQI	1743.0	1391.0	390	1
1609	1525	2090	1567	1561	1159	1713	1314
YKS	748.0	2251.0	315	1
714	2454	783	2182	744	2250	753	2121
FIL	1087.0	1411.0	305	1
758	1338	1283	1558	1005	1573	1303	1178
RVY	2026.0	2233.0	294	1
1989	2295	2084	2370	2122	2334	1911	1934
MYJ	839.0	1241.0	483	1
990	1203	573	1401	1067	1198	727	1164
WSN	1167.0	1210.0	379	1
1158	1304	1352	1079	1269	1002	889	1455
PES	1845.0	681.0	290	1
1852	972	1702	525	1844	552	1983	676
VWD	706.0	2162.0	450	1
653	2291	860	2011	486	2260	826	2086
FHH	1188.0	834.0	290	1
998	995	1430	774	1429	828	895	739
