IHM	1244.0	2286.0	438	1
1320	2218	1195	2093	1227	2208	1236	2628
GFP	1916.0	1539.0	230	1
1768	1426	2056	1634	1787	1430	2056	1669
NOM	1964.0	1050.0	272	1
1891	937	2055	1248	2008	870	1904	1145
BQB	748.0	975.0	248	1
715	1089	725	878	553	829	1001	1105
RBJ	1077.0	1784.0	245	1
957	1851	1322	1714	1078	1836	953	1738
SIJ	2148.0	624.0	271	1
2293	514	1886	599	2288	529	2125	855
TDP	2147.0	513.0	294	1
2242	485	2163	661	2135	281	2050	627
QEC	1140.0	1020.0	443	1
926	1173	1349	729	1126	901	1161	1278
IFG	2353.0	2006.0	382	1
2318	1791	2525	1977	2086	2042	2484	2214
GTZ	603.0	570.0	321	1
848	666	364	821	340	455	860	341
EDA	674.0	1536.0	315	1
726	1526	512	1306	606	1467	853	1845
LZW	686.0	1455.0	340	1
574	1377	591	1422	703	1720	876	1303
XOY	2317.0	536.0	368	1
2478	421	2351	655	1954	488	2486	581
AHS	754.0	1334.0	493	1
873	1512	827	1099	489	1585	829	1142
KNM	2238.0	423.0	409	1
2354	471	2101	519	2132	357	2367	347
XPL	2208.0	2053.0	483	1
2187	2294	2126	2053	2138	2039	2381	1828
YES	1268.0	1317.0	407	1
1286	1212	1400	1473	1338	1419	1048	1165
WJU	2220.0	2431.0	322	1
2350	2607	2027	2472	2313	2355	2191	2291
EYG	1233.0	456.0	483	1
1105	258	1076	585	1287	316	1464	667
XLE	1901.0	2132.0	225	1
1782	1862	1997	2376	1957	2186	1870	2105
JYQ	1546.0	550.0	355	1
1513	404	1609	866	1331	309	1732	621
OZI	982.0	1323.0	443	1
1110	1582	870	1239	1009	1282	942	1191
URA	408.0	795.0	309	1
540	704	394	821	391	622	308	1035
CDP	2457.0	1721.0	203	1
2388	1739	2645	1642	2317	2002	2480	1503
HNG	458.0	2362.0	357	1
227	2042	688	2237	185	2607	733	2562
VSV	513.0	538.0	327	1
403	656	694	600	469	436	486	462
USL	1757.0	1652.0	299	1
1612	1397	1877	1822	1952	1767	1588	1623
GBG	1003.0	1220.0	458	1
907	1068	1152	1423	967	1108	987	1282
ANM	2206.0	1760.0	335	1
2193	1975	2420	1699	2317	1776	1895	1591
SWN	475.0	1032.0	267	1
496	912	747	1122	245	925	414	1172
BAO	737.0	351.0	377	1
520	371	555	220	910	318	966	497
FEV	2118.0	359.0	497	1
2191	330	2188	150	2084	261	2009	696
UPY	679.0	1281.0	407	1
659	1070	611	1219	650	1265	797	1571
QSY	946.0	2102.0	497	1
870	2042	1049	2422	1034	1947	832	1998
QAY	2189.0	2189.0	288	1
1965	2067	2170	2415	2394	1875	2228	2400
BHH	1320.0	599.0	438	1
1410	735	1263	486	1152	533	1458	645
SPV	659.0	1345.0	383	1
745	1382	810	1255	279	1560	802	1185
YIP	1134.0	2344.0	359	1
1374	2442	1086	2253	1135	2576	944	2106
VDX	2471.0	1878.0	418	1
2393	1736	2584	2002	2324	1612	2585	2165
YFY	2201.0	1257.0	306	1
2148	1134	2203	1313	2139	1453	2316	1130
IZX	1898.0	2107.0	349	1
1706	2252	1942	1920	1984	2123	1963	2136
KFE	724.0	534.0	450	1
693	677	664	651	726	316	816	495
XIH	1954.0	521.0	274	1
2122	408	1843	649	2045	411	1808	618
YIO	2281.0	798.0	312	1
2399	761	2405	957	2280	682	2042	794
WFW	1093.0	1619.0	287	1
1024	1398	1124	1802	1047	1511	1180	1766
HRW	1302.0	2126.0	326	1
1211	1984	1269	2007	1373	2477	1357	2039
POM	1257.0	1424.0	251	1
1387	1420	1381	1453	1101	1329	1161	1496
HOB	886.0	610.0	455	1
945	582	718	646	1006	671	878	543
NTW	1845.0	1012.0	429	1
1628	965	1635	1286	2050	934	2067	863
DKI	1232.0	2307.0	285	1
1520	2276	1114	2282	1152	2422	1145	2251
