HCJ	484.0	1695.0	20	1
505	1553	508	1654	215	1669	708	1907
XVY	306.0	825.0	130	1
105	870	607	588	387	979	125	863
ECS	2110.0	1835.0	218	1
2007	1876	1930	1767	2272	1712	2233	1985
YPE	1261.0	1497.0	245	1
1062	1647	1427	1378	1068	1560	1490	1405
CBS	1891.0	2330.0	218	1
1691	2406	1797	2459	1990	2343	2088	2115
OTZ	379.0	526.0	54	1
340	426	616	607	256	399	304	675
DOE	1609.0	1756.0	189	1
1504	1991	1655	1606	1744	1738	1533	1689
FCQ	754.0	1507.0	14	1
837	1475	893	1764	720	1295	569	1497
TSL	1763.0	1803.0	268	1
1699	1749	1987	2014	1773	1704	1594	1747
FQG	1221.0	761.0	179	1
1278	953	1211	955	1219	478	1178	658
MCV	1484.0	986.0	39	1
1406	1119	1672	831	1222	1044	1639	950
GJV	1373.0	906.0	284	1
1557	918	1586	989	1240	865	1110	853
JYA	2346.0	1358.0	217	1
2322	1236	2283	1346	2410	1528	2371	1323
KMC	1489.0	1673.0	88	1
1315	1401	1656	1658	1443	1723	1545	1912
YZL	623.0	1850.0	165	1
784	1961	412	2017	757	1562	542	1860
YXW	1457.0	1198.0	278	1
1533	1227	1725	1437	1308	1205	1265	925
FTG	1891.0	1870.0	15	1
2013	1753	1869	1926	1905	1836	1780	1965
FVX	1628.0	1210.0	174	1
1757	1362	1473	1111	1613	1165	1672	1205
KRC	1595.0	2282.0	101	1
1643	2354	1521	2144	1519	2270	1700	2361
YQF	1997.0	1928.0	192	1
2105	1800	2045	1980	1935	2069	1906	1864
GEX	928.0	1304.0	28	1
1208	1263	782	1312	912	1150	813	1493
EJG	1786.0	1826.0	205	1
1619	1820	1918	2175	1674	1635	1933	1674
WCD	1243.0	881.0	168	1
1178	874	1310	739	1290	779	1195	1132
FSJ	761.0	696.0	135	1
844	892	841	788	773	606	586	501
AJA	1381.0	2094.0	183	1
1367	2235	1116	1993	1506	1882	1538	2266
YXY	940.0	781.0	26	1
946	874	731	749	1014	815	1071	686
CUK	1947.0	1641.0	73	1
1882	1784	2080	1697	1845	1522	1983	1564
YHQ	2281.0	1777.0	262	1
1961	1776	2254	1864	2508	1682	2404	1789
IPP	547.0	468.0	71	1
269	509	777	509	649	556	494	298
YNI	1037.0	1118.0	140	1
893	1068	885	964	1232	1288	1139	1152
HRZ	2068.0	966.0	149	1
1989	847	2013	1168	2104	860	2167	990
CXN	1226.0	2124.0	87	1
1206	2161	1219	2066	1057	2024	1424	2246
ZEV	2052.0	2212.0	61	1
1887	2030	2185	2285	2021	2007	2118	2526
GLJ	1743.0	1869.0	289	1
1885	1827	1885	2129	1431	1836	1774	1685
BZZ	1284.0	1234.0	232	1
1078	1338	1442	1049	1179	1219	1439	1330
CQO	2137.0	947.0	291	1
2003	1228	2223	970	2200	767	2123	824
LDJ	1165.0	1776.0	286	1
1172	1892	1016	1493	1445	1998	1027	1721
FZY	1782.0	2344.0	41	1
1746	2412	1990	2105	1548	2600	1846	2260
GTF	1473.0	265.0	84	1
1749	216	1420	436	1261	182	1462	227
COJ	781.0	2422.0	17	1
819	2579	755	2287	651	2636	901	2188
KFE	725.0	418.0	197	1
632	629	782	469	988	228	500	348
CRT	1581.0	1525.0	227	1
1649	1630	1490	1571	1537	1369	1650	1532
EYW	1850.0	597.0	298	1
1811	767	1962	453	1888	722	1742	448
WKD	1399.0	2022.0	164	1
1547	1742	1113	2147	1532	2034	1405	2167
ECY	580.0	2094.0	18	1
378	1896	777	2133	342	2404	824	1945
WEB	1320.0	2025.0	216	1
1517	2041	1369	2122	1013	1948	1384	1990
RRB	1580.0	1209.0	151	1
1435	1490	1598	1165	1762	1069	1527	1114
UCS	1602.0	551.0	110	1
1732	583	1628	481	1253	583	1797	558
AXB	2258.0	2358.0	187	1
2391	2276	2522	2565	2084	2312	2037	2282
ECF	314.0	494.0	239	1
620	544	172	712	167	364	297	356
