SLJ	2174.0	2208.0	266	1
2466	2188	2064	2296	1964	2228	2205	2122
UUK	871.0	1685.0	361	1
923	1676	1029	1590	533	1736	1001	1740
YNJ	1769.0	1700.0	371	1
2005	1592	1595	1522	1464	1807	2012	1880
ONK	1782.0	874.0	245	1
1993	1135	1751	821	1719	913	1668	630
NEF	1964.0	2095.0	345	1
1864	2121	2050	2303	1802	1816	2143	2140
VHJ	440.0	707.0	225	1
372	898	241	689	437	650	712	591
EMT	520.0	2041.0	312	1
370	1908	864	1968	396	2008	451	2282
VKP	1282.0	1988.0	436	1
1198	2122	1402	1694	1386	2219	1142	1920
EUW	955.0	760.0	450	1
860	594	969	1018	933	872	1058	558
RCA	1606.0	1974.0	451	1
1688	2172	1768	1851	1602	1839	1366	2035
PCH	924.0	824.0	433	1
1045	806	801	553	773	1021	1077	917
DKF	508.0	1914.0	386	1
563	2216	583	2061	473	1687	414	1694
EWD	2059.0	1121.0	287	1
2143	1116	1915	1123	2014	1108	2165	1138
ILW	1266.0	2177.0	259	1
1220	2148	1489	2073	1286	2323	1070	2167
OXW	1430.0	441.0	448	1
1488	459	1655	520	1289	402	1288	386
YSC	1453.0	875.0	457	1
1367	863	1615	977	1605	977	1228	683
QLB	1869.0	2115.0	257	1
1851	2400	1792	2095	1884	1921	1952	2047
CCF	1306.0	695.0	251	1
1544	950	1084	613	1120	561	1476	659
MMA	2388.0	2289.0	255	1
2531	2400	2177	2188	2598	2074	2248	2494
QIM	1710.0	977.0	412	1
1700	1138	1664	905	1744	1082	1734	784
SBB	933.0	1338.0	472	1
939	1571	1140	1024	695	1277	958	1483
FSO	2167.0	1727.0	378	1
2300	1912	2333	1764	2249	1715	1788	1520
KQY	1152.0	1705.0	432	1
948	1581	1392	1855	1114	1725	1157	1660
QXY	2073.0	2269.0	266	1
2028	2471	1981	1950	2072	2409	2214	2247
BJE	530.0	578.0	339	1
488	563	355	696	727	644	550	412
WML	2262.0	1186.0	208	1
2468	1255	2222	1061	2275	1156	2084	1274
KQG	819.0	1854.0	448	1
928	1958	731	1992	665	1808	955	1661
POQ	1109.0	2148.0	314	1
940	2260	1013	2064	1378	2134	1106	2136
KUB	2320.0	994.0	479	1
2414	1066	2115	947	2431	811	2323	1152
MOP	1838.0	1848.0	450	1
1949	1755	1927	1976	1457	1775	2021	1888
UOQ	953.0	819.0	491	1
1060	641	797	878	947	836	1010	921
VCB	2263.0	849.0	362	1
2510	891	2260	848	2326	775	1956	884
CIQ	1334.0	2492.0	243	1
1523	2579	1347	2295	1174	2557	1295	2538
UFU	2301.0	1619.0	340	1
2258	1648	2238	1701	2413	1648	2296	1481
HTV	1894.0	1839.0	207	1
2109	2006	2010	1525	1848	1866	1609	1959
WUN	879.0	1252.0	411	1
1146	1406	734	1073	855	1019	783	1510
VTW	1568.0	425.0	438	1
1601	461	1894	241	1406	371	1374	627
AKY	1387.0	1788.0	384	1
1577	2035	1544	1692	1408	1525	1021	1901
JMI	1095.0	2225.0	315	1
1211	2152	1020	2136	964	2273	1186	2341
WLG	1615.0	435.0	260	1
1571	362	1477	700	1516	492	1899	189
LWS	2337.0	741.0	256	1
2411	797	2462	788	2181	514	2296	868
QYB	2018.0	1440.0	337	1
1676	1263	2139	1833	2038	1273	2221	1393
WGY	2134.0	590.0	323	1
2275	418	1896	434	2208	632	2158	878
TKM	1653.0	1812.0	413	1
1585	1695	1947	1986	1626	1822	1456	1747
MVV	1273.0	1238.0	212	1
1046	1448	1491	1118	1058	1124	1497	1265
FNZ	1356.0	1736.0	480	1
1501	1442	1149	2009	1346	1989	1429	1505
ENY	611.0	1439.0	223	1
566	1455	530	1594	724	1170	626	1537
BSI	1012.0	1058.0	416	1
1173	1089	792	951	797	1375	1289	819
SYL	500.0	2248.0	351	1
365	2107	700	2237	301	2079	635	2571
XFF	1037.0	724.0	387	1
1170	759	763	937	1067	417	1151	783
