VUC	1814.0	1694.0	330	1
1848	1750	1982	1671	1759	1804	1670	1553
OJA	1021.0	1560.0	220	1
1116	1529	1008	1754	1066	1391	895	1566
OLR	2400.0	2418.0	307	1
2282	2626	2635	2259	2548	2387	2136	2400
CKW	1343.0	2201.0	305	1
1266	2187	1195	2027	1386	2064	1527	2526
OAD	972.0	1997.0	408	1
1092	1905	1195	1879	706	1954	898	2251
NFO	1046.0	804.0	426	1
1016	612	1042	836	1121	993	1007	775
YNJ	1975.0	1907.0	481	1
2136	2244	1850	1889	1967	1683	1949	1815
HZO	692.0	794.0	378	1
662	472	746	1028	611	753	752	923
HZE	1390.0	923.0	436	1
1124	715	1401	1042	1524	883	1512	1054
EFY	1108.0	1816.0	401	1
930	1921	1200	2066	1138	1669	1165	1609
MYW	1958.0	1370.0	447	1
2069	1481	1657	1343	2145	1549	1964	1107
TEQ	812.0	2097.0	274	1
857	1941	846	2301	526	1912	1019	2235
LBG	1159.0	1491.0	473	1
1344	1691	1141	1526	1140	1603	1014	1145
MFR	441.0	2208.0	277	1
717	2135	441	2247	298	1975	310	2478
ZCF	2031.0	1085.0	478	1
2020	946	2063	1116	2016	1176	2028	1102
NDT	1016.0	1593.0	314	1
943	1595	862	1556	900	1809	1361	1414
EIN	1529.0	1541.0	251	1
1597	1656	1634	1318	1221	1521	1664	1670
UWL	1552.0	1447.0	498	1
1594	1655	1536	1066	1562	1517	1516	1552
CEZ	982.0	934.0	281	1
1075	894	1016	1228	685	748	1155	868
VSB	1205.0	1791.0	410	1
1355	1567	1212	2009	1184	1912	1072	1676
OCA	1164.0	776.0	366	1
1200	898	1148	633	1125	897	1186	678
RCE	803.0	759.0	298	1
924	630	782	888	648	541	861	979
UOB	1544.0	2370.0	262	1
1737	2631	1309	2138	1716	2196	1415	2517
NLJ	2149.0	1446.0	287	1
2248	1335	1977	1713	2431	1391	1943	1347
IOQ	524.0	620.0	246	1
511	619	352	673	643	610	593	581
RNV	2409.0	1559.0	356	1
2308	1418	2143	1638	2645	1546	2542	1635
YDX	975.0	1435.0	441	1
747	1250	1265	1647	678	1483	1211	1363
CET	2409.0	1225.0	404	1
2189	1498	2635	1018	2396	1281	2416	1106
VKB	986.0	1299.0	259	1
959	1004	759	1316	1056	1419	1170	1460
VNK	816.0	826.0	318	1
981	793	584	908	626	592	1076	1014
SKH	2292.0	1572.0	332	1
2381	1754	1991	1346	2324	1821	2473	1367
WPJ	2103.0	1698.0	270	1
1930	1800	2174	1688	2200	1761	2111	1543
XOT	1913.0	1943.0	407	1
2013	1668	1780	2138	2046	1807	1813	2160
UFX	1623.0	679.0	468	1
1699	685	1405	949	1834	475	1554	610
HXM	1377.0	2089.0	456	1
1138	2340	1425	2301	1562	1803	1385	1912
HEK	1276.0	851.0	376	1
1156	939	1479	968	1154	788	1317	711
KVG	1091.0	414.0	222	1
1093	688	1236	233	1226	335	809	403
JPZ	2048.0	1508.0	487	1
1899	1266	2310	1519	2029	1680	1956	1569
CQT	1305.0	1853.0	469	1
1295	1709	1459	1822	1095	1903	1373	1980
UJJ	982.0	1843.0	348	1
685	1945	1048	1624	1069	1964	1126	1839
KDJ	1782.0	947.0	211	1
1868	1271	1591	887	1710	898	1960	735
ICI	2175.0	1936.0	237	1
2041	2174	2103	2146	2514	1817	2043	1609
YUC	2284.0	749.0	250	1
2301	597	2310	895	2058	807	2470	699
NCN	1889.0	2109.0	214	1
1649	2223	1837	2047	2130	2166	1941	2001
SBE	1827.0	273.0	429	1
1941	336	2001	191	1649	138	1718	428
ZFR	1535.0	1605.0	202	1
1423	1517	1603	1562	1384	1846	1733	1496
FPY	787.0	1062.0	264	1
576	984	1046	998	577	1038	952	1228
YGG	2079.0	1726.0	223	1
2191	1881	2188	1696	2143	1818	1794	1509
QTH	1059.0	2196.0	275	1
1058	2036	949	2413	1166	2003	1065	2335
JKD	570.0	1082.0	422	1
824	1174	514	891	401	1026	541	1237
