IUI	528.0	522.0	292	1
441	557	552	247	549	594	570	692
AOF	756.0	1630.0	223	1
519	1515	692	1639	891	1591	922	1775
BGC	2371.0	1340.0	47	1
2316	1290	2420	1369	2562	1141	2189	1560
UKQ	660.0	1226.0	143	1
386	1356	669	1363	939	1292	646	895
WQY	2291.0	1103.0	197	1
2177	879	2430	1328	2400	964	2159	1241
TTG	1449.0	1477.0	286	1
1211	1468	1673	1751	1472	1286	1440	1405
INA	438.0	730.0	103	1
427	845	720	915	362	561	244	601
OCJ	392.0	1056.0	207	1
509	1325	138	790	555	864	369	1245
NLA	1669.0	1767.0	27	1
1825	1707	1671	1656	1344	1897	1836	1810
PDU	1575.0	881.0	195	1
1299	634	1839	1056	1800	992	1365	844
MXA	1621.0	827.0	82	1
1836	626	1495	819	1528	938	1626	928
JYK	2178.0	1513.0	176	1
2368	1651	2086	1444	2341	1424	1919	1536
BWY	580.0	915.0	93	1
367	1156	802	1044	573	892	580	570
VKD	1797.0	964.0	184	1
1786	731	1923	778	1718	1154	1762	1196
SRP	2109.0	493.0	292	1
2030	590	2029	386	1983	386	2395	612
LTT	633.0	2192.0	267	1
569	2354	633	2290	684	2311	646	1815
IOC	2282.0	1392.0	85	1
2469	1200	2213	1358	2108	1475	2341	1538
RRY	2036.0	638.0	285	1
1874	835	2190	438	1964	664	2116	616
XUX	980.0	1109.0	155	1
781	866	922	1066	1002	1072	1218	1433
SXF	898.0	1829.0	144	1
948	1602	802	1864	800	2030	1044	1820
TGJ	864.0	2010.0	203	1
828	2280	634	1883	861	1857	1136	2020
VMH	1885.0	2306.0	96	1
1898	2228	1989	2398	1753	2142	1901	2456
VWN	1337.0	1019.0	290	1
1444	1234	1126	709	1295	1140	1483	995
KOM	1314.0	2158.0	65	1
1529	2066	1015	2177	1476	2242	1237	2148
FTB	2152.0	283.0	288	1
2097	217	2343	155	2054	243	2114	518
CKB	892.0	880.0	290	1
1031	915	747	798	935	945	856	864
ICR	2453.0	946.0	286	1
2322	1210	2613	1080	2522	721	2358	773
FWC	1857.0	902.0	176	1
1887	1019	1708	1198	2005	769	1829	622
JQT	844.0	1639.0	9	1
929	1874	873	1600	657	1560	919	1525
CBZ	542.0	2184.0	27	1
422	2269	383	2168	794	1969	571	2331
VBU	1971.0	794.0	299	1
1689	570	2039	973	2121	529	2037	1104
RDZ	1975.0	537.0	191	1
2005	705	1923	673	1938	474	2035	299
GFP	2060.0	946.0	62	1
2064	1241	2134	862	1802	845	2243	836
SCL	1294.0	890.0	186	1
1284	1003	1310	701	1458	930	1124	926
GRB	1779.0	2452.0	290	1
1531	2639	1767	2325	1859	2460	1960	2385
SGH	1573.0	1531.0	158	1
1500	1460	1819	1335	1489	1602	1486	1729
VTX	770.0	1017.0	236	1
841	1007	645	808	729	1247	865	1006
NHK	683.0	1058.0	25	1
899	962	564	1078	632	1062	640	1130
UPY	438.0	880.0	22	1
260	754	665	1112	289	972	541	685
PUI	1535.0	1264.0	260	1
1302	1072	1648	1529	1734	1077	1458	1380
MDA	2209.0	2606.0	9	1
2485	2660	2278	2696	2090	2590	1985	2480
WHT	1595.0	779.0	58	1
1820	942	1594	999	1531	535	1436	641
ILJ	718.0	2193.0	58	1
727	2193	870	1931	616	2360	662	2290
GKX	1768.0	563.0	100	1
1517	206	1929	686	1625	686	2003	677
PAD	1600.0	737.0	295	1
1739	715	1459	808	1766	506	1439	920
AIC	2361.0	836.0	47	1
2263	765	2091	829	2493	742	2597	1011
KPD	1136.0	483.0	89	1
1192	642	900	446	1195	150	1258	695
AFH	595.0	1442.0	138	1
445	1438	387	1416	813	1566	735	1349
KSF	2140.0	1632.0	60	1
2093	1973	2227	1557	2204	1507	2037	1491
UNN	376.0	1617.0	20	1
276	1553	536	1605	369	1708	325	1604
