FFL	2409.0	773.0	326	1
2178	808	2568	937	2355	896	2538	451
FPS	979.0	1004.0	265	1
1176	964	1032	858	1090	1292	620	903
UJV	499.0	1089.0	313	1
566	1279	691	827	261	1116	480	1134
IBQ	1101.0	1705.0	430	1
1003	1914	1231	1975	1281	1514	890	1419
IYZ	2214.0	1556.0	403	1
2352	1410	2079	1799	2101	1681	2327	1336
LDO	2057.0	1980.0	435	1
1991	1779	2021	2087	2127	2052	2091	2003
GHI	2050.0	473.0	343	1
2232	294	1820	265	2178	603	1971	733
KZX	701.0	1875.0	225	1
837	2074	521	1780	729	1673	718	1975
WPB	2069.0	1919.0	482	1
2165	1979	1899	2122	2039	1853	2173	1723
WIA	531.0	1472.0	446	1
661	1424	585	1438	302	1695	578	1333
KKQ	1602.0	2348.0	483	1
1792	2260	1603	2306	1702	2389	1311	2437
SZC	1979.0	1868.0	231	1
2130	1940	1818	1808	1724	2030	2245	1696
VOC	1155.0	1242.0	333	1
973	1464	1291	1440	1276	1097	1081	968
TBL	1009.0	904.0	406	1
757	722	1153	720	1195	1043	931	1134
EEF	608.0	912.0	446	1
657	1120	583	675	493	809	702	1044
KQF	726.0	1503.0	249	1
832	1442	863	1616	632	1210	577	1747
WTC	1857.0	1384.0	319	1
1864	1352	1583	1153	2004	1448	1980	1584
RHL	767.0	1836.0	430	1
938	1982	939	1892	383	1489	811	1984
DKS	2473.0	1816.0	489	1
2611	1801	2575	1907	2301	1789	2407	1769
XLX	2137.0	2203.0	401	1
2094	2279	1941	2330	2181	1953	2333	2252
KXH	465.0	1428.0	383	1
305	1387	619	1182	462	1532	477	1614
WTP	1744.0	1135.0	475	1
1822	1003	1946	1209	1640	1021	1569	1308
QBH	883.0	2302.0	278	1
1073	2309	672	2009	782	2563	1008	2330
LYB	546.0	728.0	266	1
469	486	386	1011	642	557	690	859
MXE	471.0	2169.0	314	1
537	2072	181	2371	603	2059	565	2174
HFT	1899.0	657.0	451	1
2121	463	1851	950	1850	515	1775	703
DKF	2355.0	804.0	381	1
2393	729	2481	920	2228	697	2320	871
LIV	1072.0	811.0	219	1
841	850	1290	852	1018	715	1141	828
CNK	709.0	2007.0	404	1
655	2134	943	2151	611	1951	627	1795
EME	886.0	2019.0	434	1
1095	2301	955	1930	770	1920	724	1928
RFL	2434.0	690.0	406	1
2565	849	2615	565	2425	534	2133	815
IMX	909.0	1691.0	487	1
911	1722	704	1837	1024	1530	998	1678
VHM	1716.0	820.0	392	1
1609	909	1726	808	1585	675	1945	890
ZLU	1458.0	1705.0	341	1
1631	1774	1375	1506	1440	1952	1389	1589
MOZ	2040.0	777.0	389	1
1886	939	2225	591	1871	579	2179	1001
HEQ	1364.0	424.0	245	1
1221	585	1761	646	1232	305	1245	160
XAR	2191.0	949.0	363	1
2152	905	2334	1131	2188	1096	2091	665
MDJ	684.0	789.0	343	1
528	655	564	653	744	940	901	911
ZQT	2403.0	816.0	236	1
2484	1017	2448	887	2231	616	2449	746
VXU	1148.0	1432.0	269	1
1019	1571	1155	1280	1061	1276	1358	1603
WEJ	1272.0	426.0	204	1
1300	751	1464	403	1212	294	1113	256
VWV	1826.0	1881.0	445	1
1822	2027	1842	1700	2085	1756	1558	2043
DYT	842.0	2331.0	318	1
882	2150	709	2430	1017	2284	763	2460
HWH	2103.0	990.0	276	1
2185	1234	2127	782	1876	816	2227	1130
SNP	463.0	1747.0	481	1
491	1837	577	1929	587	1553	197	1671
PAA	2133.0	1319.0	228	1
2011	1181	2245	1283	2375	1429	1901	1384
FCZ	2068.0	1173.0	369	1
1949	858	2115	1183	1983	1325	2228	1327
XEI	1404.0	557.0	394	1
1725	387	1256	752	1312	571	1323	520
JPA	496.0	899.0	385	1
694	811	508	767	604	749	179	1269
CMP	810.0	580.0	472	1
807	937	768	479	764	399	903	505
