DWU	671.0	1661.0	335	1
813	1845	332	1481	793	1550	747	1768
IRX	2189.0	1042.0	362	1
1925	945	2455	822	2413	1399	1965	1004
RRG	509.0	1086.0	303	1
639	1226	369	979	287	1084	744	1057
PAJ	1653.0	427.0	274	1
1640	611	1695	456	1678	337	1602	306
ODU	1080.0	1333.0	427	1
1134	1119	1181	1556	1063	1394	942	1265
PMC	2065.0	1092.0	492	1
2121	1051	2060	1063	1968	1304	2113	950
KCX	1271.0	897.0	312	1
1278	734	1349	1254	1357	868	1101	735
IRU	665.0	397.0	429	1
764	397	694	442	415	252	788	500
ITV	1006.0	1963.0	262	1
1040	1987	756	2047	1072	1857	1159	1962
JAK	1311.0	1591.0	310	1
1487	1518	1220	1537	1249	1542	1291	1768
QWU	723.0	845.0	477	1
509	823	830	964	871	618	684	975
NNI	1590.0	1249.0	238	1
1697	1427	1518	950	1714	1195	1432	1427
AWX	1863.0	2163.0	398	1
1907	2393	1561	2005	1980	1850	2005	2407
GAY	841.0	2127.0	346	1
668	2455	954	1948	715	2163	1029	1945
FQP	1248.0	2301.0	385	1
1094	2093	1300	2378	1396	2358	1204	2375
YFQ	1831.0	1336.0	331	1
1922	1335	2016	1237	1684	1274	1704	1498
BDP	923.0	1155.0	464	1
1113	891	614	1044	979	1370	986	1316
GTD	1260.0	1911.0	481	1
1313	1866	1218	1903	1324	2014	1188	1862
YDD	857.0	2216.0	367	1
832	2235	1062	2076	791	2305	746	2249
XXC	945.0	1326.0	245	1
914	1308	922	1504	1107	1153	837	1342
OCH	805.0	2135.0	373	1
781	2005	876	2011	953	2111	610	2416
CWB	1267.0	434.0	453	1
1485	502	1188	326	1249	348	1147	560
KGX	2434.0	1546.0	258	1
2425	1283	2465	1755	2535	1556	2313	1593
KZM	1563.0	1506.0	385	1
1468	1794	1720	1543	1510	1384	1557	1306
NNO	1014.0	1310.0	231	1
1038	1284	836	1489	849	1239	1336	1230
WBZ	1094.0	943.0	451	1
1133	777	1172	1267	956	923	1117	808
KKH	1928.0	1089.0	344	1
1825	1026	2265	1109	1767	888	1858	1336
GES	1688.0	1077.0	338	1
1952	1152	1885	748	1486	1208	1429	1201
QRD	488.0	1299.0	359	1
484	1292	723	1314	427	1237	321	1355
QZO	949.0	1740.0	481	1
870	1910	1038	1915	1020	1488	869	1647
BOX	1363.0	1243.0	416	1
1334	1012	1493	1061	1170	1417	1458	1484
CQD	1037.0	1374.0	330	1
819	1570	1186	1430	974	1307	1171	1189
KUI	1837.0	1109.0	412	1
1865	1009	1783	1147	1846	971	1857	1310
OUM	744.0	844.0	375	1
463	954	878	705	863	669	773	1050
RPJ	1116.0	972.0	327	1
1157	1213	1181	755	973	1184	1155	737
GVU	1089.0	1680.0	354	1
1390	1716	986	1632	830	1791	1150	1583
AXC	1603.0	1221.0	216	1
1582	1070	1455	1411	1612	1314	1766	1091
WGC	963.0	1686.0	266	1
1307	1613	816	1996	848	1652	881	1485
CXV	1500.0	747.0	266	1
1461	881	1426	567	1537	755	1576	785
KQQ	2335.0	1428.0	299	1
2197	1567	2243	1152	2334	1425	2569	1571
WLA	1482.0	721.0	274	1
1663	638	1523	546	1124	1046	1620	657
POJ	984.0	1236.0	321	1
1273	1183	1023	1189	919	1459	723	1115
VYL	1315.0	894.0	270	1
1373	901	1383	671	1266	977	1239	1028
DZB	2167.0	544.0	292	1
2408	299	2348	591	1952	706	1963	582
JVM	886.0	959.0	436	1
664	1040	933	752	914	1086	1035	959
UYG	1406.0	1311.0	432	1
1348	1401	1546	983	1419	1459	1313	1404
RWC	1009.0	1669.0	391	1
1102	1827	1125	1511	977	1472	834	1869
VUL	2293.0	1563.0	272	1
2101	1591	2438	1265	2109	1627	2527	1772
VEK	1688.0	894.0	281	1
1877	826	1535	814	1504	1096	1838	840
FLU	1461.0	2149.0	421	1
1567	2286	1312	2296	1623	1975	1344	2041
