STZ	1367.0	2259.0	222	1
1163	2399	1315	2235	1317	2171	1673	2231
FXP	1192.0	938.0	71	1
1340	892	1405	1255	943	673	1080	933
GQN	1398.0	2431.0	285	1
1481	2515	1534	2245	1457	2481	1123	2486
JPW	1681.0	1944.0	221	1
1929	1968	1481	1679	1456	2098	1860	2033
ZNF	1157.0	1376.0	130	1
1179	1385	1416	1138	940	1512	1096	1471
ZMS	983.0	2147.0	41	1
1085	2020	998	2179	748	2098	1102	2293
EOT	2342.0	606.0	230	1
2454	730	2499	326	2212	702	2204	666
LUT	1793.0	1377.0	289	1
1892	1557	1789	1369	1709	1256	1782	1328
EJI	810.0	1286.0	13	1
625	1220	605	1260	1013	1323	998	1344
XPE	1723.0	1185.0	173	1
1901	903	1774	1268	1785	1343	1432	1226
OUS	974.0	902.0	235	1
865	1085	1026	777	837	849	1170	900
ROS	1627.0	698.0	192	1
1764	814	1360	621	1739	636	1647	724
IGC	879.0	2125.0	166	1
973	2107	779	2061	673	2212	1091	2120
AFP	1943.0	1140.0	9	1
1807	1181	1873	1118	1953	1119	2141	1144
INO	2253.0	736.0	125	1
2338	658	1998	836	2437	677	2241	775
QXZ	642.0	577.0	172	1
624	490	751	873	599	373	595	573
MDI	755.0	799.0	59	1
815	827	717	901	654	718	834	752
YLZ	1711.0	1146.0	300	1
1728	1003	1536	1152	1973	1074	1610	1355
PEM	657.0	1461.0	57	1
630	1769	880	1232	642	1252	476	1593
RQO	1345.0	1109.0	293	1
1463	1124	1235	1329	1467	818	1215	1166
LNC	1657.0	2158.0	255	1
1762	2232	1547	2136	1623	2337	1698	1929
BGX	1465.0	448.0	168	1
1583	384	1235	585	1650	432	1395	393
CXP	598.0	1919.0	57	1
698	1812	647	1762	533	2155	515	1947
PKF	742.0	390.0	74	1
805	284	757	491	918	256	488	531
UEZ	2218.0	603.0	125	1
2217	895	2275	444	2120	534	2263	542
MKB	1242.0	1941.0	27	1
1346	1902	1032	2229	1308	1938	1284	1695
FAQ	2398.0	1612.0	186	1
2489	1598	2218	1629	2539	1643	2348	1579
ODI	2090.0	908.0	123	1
2219	701	2307	1214	1947	790	1890	930
ACT	1896.0	1440.0	274	1
2228	1472	1954	1470	1713	1366	1689	1453
YZZ	2291.0	975.0	40	1
2432	1040	2504	972	2257	1053	1971	838
VVZ	995.0	1635.0	78	1
1088	1490	1109	1783	877	1622	908	1648
HRL	370.0	1900.0	252	1
403	1927	368	1698	430	1947	282	2031
RSS	1537.0	1889.0	248	1
1701	2048	1457	1942	1605	1584	1386	1982
AVR	525.0	2057.0	37	1
595	2023	533	2024	386	2184	586	2000
UZM	1971.0	1878.0	213	1
1764	1826	2017	1995	2271	1934	1832	1757
AFN	519.0	2333.0	179	1
351	2569	628	2244	442	2193	656	2327
MFF	2123.0	1277.0	183	1
1924	1267	2331	1116	2272	1405	1967	1323
VOX	1648.0	1974.0	128	1
1757	1918	1478	2128	1935	2002	1423	1851
OMC	523.0	1683.0	66	1
441	1494	429	1919	843	1530	381	1790
SOH	376.0	1396.0	173	1
514	1435	493	1428	319	1237	181	1486
FIW	686.0	1016.0	23	1
590	773	787	1264	732	825	636	1204
ZET	1150.0	1251.0	148	1
877	1045	1258	1467	1207	1467	1260	1027
LQM	2125.0	612.0	295	1
2194	401	1879	717	2218	409	2210	922
LBC	1972.0	1228.0	274	1
1991	1441	1719	1119	2109	1352	2072	1002
CXU	2382.0	1642.0	279	1
2577	1502	2377	1724	2370	1745	2206	1599
CML	1671.0	1345.0	65	1
1661	1230	1760	1695	1390	1201	1874	1256
KYS	2109.0	1913.0	236	1
1903	1846	2039	1876	2175	1988	2319	1945
QEM	983.0	1918.0	139	1
1021	1821	863	2160	1213	2041	838	1653
YHT	1342.0	2017.0	156	1
1293	2155	1593	1747	1366	1906	1119	2261
GYG	1323.0	1962.0	137	1
1282	1866	1507	1842	1438	2208	1065	1935
