HGP	1886.0	2094.0	430	1
1558	1865	2058	2127	2071	2278	1859	2107
GGQ	1859.0	1051.0	294	1
1948	965	1585	1057	1863	989	2040	1193
CRI	420.0	628.0	407	1
328	535	692	761	329	449	333	769
QOD	2081.0	2064.0	270	1
2251	2281	2116	1863	2157	2091	1800	2021
KWE	1184.0	442.0	475	1
1268	467	1096	473	1279	700	1094	129
AYM	1807.0	1283.0	355	1
1627	1162	1918	1289	1867	1366	1817	1316
ZXJ	1037.0	558.0	288	1
824	664	922	582	1143	468	1262	519
PEF	300.0	1279.0	341	1
237	1237	353	1320	305	1339	305	1222
XER	1065.0	735.0	454	1
991	483	1099	737	1312	853	859	869
BAK	2115.0	1190.0	295	1
2127	1077	2116	1225	2108	1081	2110	1378
WVD	2217.0	2104.0	363	1
2193	2286	2178	1862	2380	2059	2120	2211
DBL	2053.0	1435.0	251	1
2160	1331	2151	1698	1753	1530	2150	1183
NKZ	2097.0	2181.0	288	1
2077	2174	1841	2431	2281	2143	2191	1978
CLI	2171.0	1990.0	246	1
2206	1980	1876	1952	2278	1994	2327	2034
YIV	2113.0	1803.0	379	1
2061	1900	1977	1610	2389	1854	2025	1851
VAH	2201.0	2048.0	426	1
2433	2094	2158	2087	2064	1784	2152	2230
EDE	1520.0	2248.0	377	1
1792	2388	1466	2403	1339	1875	1483	2328
MXV	1293.0	863.0	461	1
1423	1053	1320	874	1445	754	985	771
TZJ	1511.0	1151.0	362	1
1457	1035	1597	1125	1307	1158	1684	1286
UGC	1542.0	777.0	306	1
1648	1009	1228	578	1689	944	1606	577
MME	1973.0	1871.0	237	1
2120	1993	1849	1570	1960	1949	1963	1975
WMN	2099.0	610.0	347	1
2293	543	2049	624	2058	741	1997	533
RVG	1397.0	1354.0	415	1
1443	1207	1381	1738	1557	1292	1209	1182
AXM	2133.0	481.0	297	1
2052	605	1927	436	2301	713	2253	171
SYV	603.0	1754.0	287	1
679	2050	394	1669	730	1824	610	1474
TCT	1222.0	687.0	399	1
1012	582	1473	512	1255	750	1148	905
DLR	1209.0	1928.0	382	1
1426	1817	874	2014	1375	2032	1161	1852
XEX	965.0	1982.0	291	1
878	2088	884	1950	912	1967	1188	1926
LBV	957.0	2030.0	328	1
687	1963	904	1936	1174	2130	1065	2092
NRP	1461.0	804.0	375	1
1609	713	1528	1029	1172	931	1538	546
QJO	2062.0	1265.0	216	1
1968	1276	2006	1072	2223	1199	2053	1516
RBK	1885.0	1410.0	246	1
1858	1393	1829	1705	1723	1217	2130	1328
GEZ	1108.0	585.0	212	1
1301	539	1165	336	1122	750	846	715
STM	1373.0	1855.0	433	1
1600	1775	1254	2003	1486	1891	1154	1751
ALC	1023.0	1950.0	433	1
1163	1879	1097	2013	981	2078	854	1831
RZO	1315.0	750.0	440	1
1495	416	1484	837	1314	856	969	891
LJK	907.0	2001.0	239	1
770	1993	1309	2126	784	1793	766	2095
DNI	1867.0	2226.0	478	1
1831	2414	1819	1993	2147	2263	1671	2235
ISC	652.0	1722.0	350	1
854	1546	577	1888	410	1759	770	1698
JOB	1690.0	594.0	212	1
1486	437	1572	861	1839	616	1864	465
MOS	1921.0	857.0	496	1
2058	945	1835	759	1902	848	1890	879
PWJ	612.0	2436.0	381	1
584	2392	546	2413	561	2269	757	2670
OKW	2011.0	428.0	380	1
2099	713	2150	344	1850	299	1945	356
FOH	2033.0	1521.0	497	1
2292	1672	1905	1336	2083	1395	1855	1684
OYQ	1176.0	1307.0	450	1
1226	1169	930	1499	1144	1089	1404	1471
KPY	1783.0	975.0	360	1
1971	888	1942	1159	1781	891	1438	963
PNO	1606.0	497.0	257	1
1801	428	1335	479	1782	370	1508	714
UUT	1524.0	2035.0	222	1
1622	1789	1568	2278	1260	1831	1648	2244
EBB	1112.0	977.0	437	1
1103	794	1161	1077	1309	899	878	1139
KQW	1795.0	496.0	482	1
1816	798	1856	272	1504	507	2004	410
