YQK	1755.0	1536.0	141	1
1682	1427	1825	1486	1590	1663	1925	1569
YWG	1149.0	1788.0	150	1
885	1713	1039	1675	1337	1923	1338	1843
OEW	512.0	1173.0	146	1
523	1140	458	1258	512	1110	557	1184
SFE	417.0	1181.0	19	1
147	1165	636	1181	320	1130	565	1251
OTJ	1509.0	2079.0	49	1
1410	2179	1285	2324	1725	1934	1618	1882
KML	1506.0	1072.0	290	1
1356	1021	1598	1224	1403	1010	1668	1035
PTJ	2279.0	1865.0	197	1
2139	1774	2231	1607	2559	2018	2187	2061
BXS	1942.0	2139.0	25	1
1817	2166	1945	2115	1899	2096	2108	2179
RQD	1360.0	2183.0	174	1
1122	2108	1308	2078	1482	2306	1528	2242
BTY	930.0	1154.0	234	1
857	1045	953	1328	962	938	950	1305
OFQ	1780.0	1901.0	174	1
1954	1905	1703	2067	1560	1999	1905	1636
SIR	1030.0	544.0	247	1
1149	526	1062	745	846	442	1063	465
HYK	2427.0	392.0	69	1
2264	399	2573	305	2379	229	2493	635
PEP	1666.0	1746.0	88	1
1635	1594	1503	1835	1717	1674	1812	1881
AUM	1129.0	235.0	88	1
1285	200	1199	357	905	128	1128	257
LZR	888.0	1677.0	189	1
777	1603	694	1648	1036	1797	1046	1662
CDJ	2061.0	370.0	25	1
2280	237	2059	567	1849	411	2057	268
HTY	790.0	1934.0	118	1
874	1990	716	1898	866	2125	706	1725
TWZ	341.0	392.0	150	1
432	371	306	217	234	487	395	494
VDK	714.0	926.0	230	1
524	1068	710	998	622	933	1002	708
SFF	884.0	1126.0	145	1
892	1109	761	1019	892	1034	991	1344
RGQ	1010.0	1653.0	225	1
1143	1581	1117	1519	853	1762	927	1751
HHC	1006.0	655.0	284	1
1070	739	1022	629	853	627	1081	625
GJS	1351.0	1330.0	210	1
1300	1407	1546	1278	1486	1324	1072	1313
XFY	1030.0	504.0	171	1
1284	503	1170	592	780	470	888	453
OUD	895.0	1115.0	107	1
756	1214	1208	1018	848	1182	768	1049
QPC	1469.0	1237.0	233	1
1569	1125	1311	1022	1474	1212	1523	1592
ILU	1317.0	1192.0	81	1
1249	1327	1341	1248	1386	1008	1292	1185
AZZ	1596.0	1299.0	188	1
1464	1408	1501	1266	1658	1218	1761	1307
YQM	904.0	2215.0	100	1
804	2056	839	2309	956	2436	1018	2062
QLD	754.0	2084.0	26	1
671	1979	882	2069	557	2167	908	2123
ANV	598.0	2151.0	82	1
817	2442	383	1988	532	2185	663	1992
UJH	511.0	1748.0	185	1
736	1713	552	1934	310	1590	448	1755
EOK	1721.0	995.0	287	1
1909	1224	1492	1111	1883	982	1603	666
SLJ	730.0	1264.0	43	1
764	1126	446	1400	1026	1086	684	1447
DDH	2125.0	1186.0	273	1
2014	1251	2316	1029	2135	1314	2038	1152
EDQ	1960.0	465.0	256	1
1917	512	1782	566	2140	426	2001	358
YIS	714.0	623.0	41	1
946	718	675	804	642	408	596	565
PXA	1628.0	2017.0	122	1
1578	1955	1635	1828	1855	2053	1445	2232
PHA	1992.0	1892.0	87	1
2096	1825	1773	2086	2133	1580	1966	2080
BLA	1403.0	1733.0	232	1
1468	1533	1218	1893	1691	1990	1235	1516
UXY	1434.0	866.0	289	1
1705	993	1248	710	1521	1100	1265	662
YCC	2267.0	1005.0	196	1
2222	992	2481	912	2014	924	2352	1194
OCQ	1980.0	2259.0	226	1
2144	1973	2001	2454	1789	2532	1987	2078
SUA	551.0	2140.0	139	1
851	1989	310	1864	676	2389	368	2320
ASB	2208.0	1098.0	246	1
2136	1045	2295	1087	2231	1251	2170	1011
OKL	2498.0	1601.0	115	1
2435	1695	2478	1412	2586	1795	2493	1503
VZI	727.0	2343.0	2	1
655	2271	759	2402	800	2341	696	2359
XHW	1323.0	1438.0	174	1
1243	1311	1183	1533	1652	1629	1215	1281
OWW	1247.0	1385.0	175	1
1399	1364	1214	1576	1015	1399	1360	1203
