OTN	1425.0	2173.0	244	1
1451	2269	1267	2115	1520	2204	1463	2107
KSA	1747.0	2161.0	7	1
1439	2196	1904	2263	1852	2105	1795	2083
FNM	2358.0	2111.0	282	1
2579	2221	2214	1708	2336	2256	2304	2259
DGY	1824.0	2233.0	229	1
1645	2126	2049	2248	1990	2165	1614	2393
GYI	1102.0	1421.0	43	1
1188	1466	1094	1423	1039	1347	1090	1449
UAE	1391.0	1527.0	160	1
1518	1514	1196	1595	1463	1508	1389	1491
FKR	1043.0	1638.0	245	1
960	1642	1011	1553	1124	1508	1080	1849
ADC	504.0	1815.0	232	1
446	2014	535	1574	325	2029	713	1646
FIB	1667.0	718.0	146	1
1667	727	1656	877	1771	600	1575	671
HVT	1800.0	1555.0	146	1
1919	1661	1567	1764	1739	1543	1978	1253
GRX	2122.0	1789.0	149	1
1972	1712	2201	2036	2000	1761	2316	1647
EQR	2311.0	635.0	149	1
2056	563	2371	426	2291	719	2528	833
OPU	1883.0	2246.0	140	1
1630	2392	2050	2127	1952	2384	1902	2082
PXH	536.0	1057.0	204	1
334	966	386	1070	765	1281	660	912
YXU	703.0	1190.0	82	1
579	1315	698	939	965	1104	572	1405
HQE	2303.0	795.0	217	1
2063	855	2454	724	2575	901	2123	701
IUP	1685.0	2455.0	69	1
1407	2491	1636	2591	1810	2191	1888	2550
ALO	394.0	860.0	163	1
481	738	244	876	490	704	362	1123
WDO	2363.0	1034.0	255	1
2462	1274	2273	777	2352	893	2368	1194
FLU	1756.0	1798.0	83	1
1634	1711	1564	1751	1830	1712	1998	2020
SBX	817.0	1731.0	299	1
820	1760	897	1845	769	1731	785	1591
FNU	1258.0	787.0	286	1
1261	923	1452	513	1350	1067	970	646
QGN	1834.0	482.0	106	1
1814	494	1729	531	1776	321	2018	583
QYL	2112.0	1474.0	186	1
2290	1493	2115	1548	1940	1462	2104	1393
HGR	979.0	1972.0	294	1
819	1936	740	1906	1232	1930	1126	2119
YPF	2221.0	1231.0	81	1
2201	1206	2087	1408	2069	1261	2529	1049
WXU	1094.0	1063.0	268	1
1153	1144	810	1036	1299	993	1114	1079
TKV	1224.0	1266.0	151	1
1242	1185	1181	1272	1344	1384	1132	1223
DEH	404.0	1351.0	94	1
489	1448	266	1223	521	1591	342	1144
YXN	730.0	1783.0	145	1
532	1778	916	1886	716	1742	758	1729
KZJ	329.0	1941.0	290	1
355	1885	477	2038	251	1699	233	2145
RLA	1643.0	524.0	40	1
1877	240	1694	820	1483	400	1518	638
XTU	913.0	463.0	269	1
1037	558	907	685	665	211	1046	400
XOL	787.0	1290.0	140	1
930	1336	671	1210	608	1324	942	1291
UDO	1402.0	1511.0	141	1
1223	1505	1522	1390	1191	1415	1673	1736
NWN	2161.0	414.0	11	1
1889	396	2016	683	2397	346	2342	234
MHQ	1367.0	1346.0	11	1
1082	1210	1410	1325	1355	1649	1621	1200
EBU	2420.0	1759.0	241	1
2457	1516	2497	1964	2458	2000	2269	1556
WWA	1420.0	891.0	196	1
1207	687	1646	1162	1699	962	1130	755
ZDA	1914.0	1438.0	260	1
2015	1340	1749	1505	2021	1458	1871	1450
TQC	1043.0	1593.0	52	1
1088	1446	998	1525	1231	1861	856	1540
CGF	2407.0	1300.0	112	1
2551	1287	2204	1342	2500	1458	2376	1115
XDA	1212.0	1430.0	279	1
1355	1638	1027	1311	1085	1477	1383	1297
XUA	706.0	2190.0	145	1
686	2188	650	2037	787	2156	703	2382
ZIY	2041.0	1995.0	299	1
2091	1899	2151	1809	1855	2007	2067	2268
FJO	1513.0	2382.0	283	1
1554	2536	1419	2388	1501	2374	1579	2233
TSP	2253.0	2180.0	25	1
2474	2143	2283	2360	2098	2316	2160	1903
LSE	889.0	543.0	101	1
1060	594	620	454	927	512	951	612
HDO	1194.0	1127.0	221	1
1114	940	1266	1442	1359	1200	1040	926
AWG	568.0	794.0	57	1
565	856	512	863	660	843	535	615
