CFO	1535.0	863.0	281	1
1569	687	1661	902	1643	749	1267	1115
OVC	1559.0	1378.0	258	1
1635	1464	1543	1474	1775	1032	1286	1543
WSH	2151.0	2269.0	219	1
2176	2393	1836	2492	2322	2117	2273	2076
WOM	1742.0	1384.0	135	1
1773	1219	1825	1655	1750	1362	1623	1300
HHV	1930.0	1959.0	222	1
1944	1712	1887	2135	2007	2187	1885	1804
GMY	2348.0	564.0	121	1
2638	447	2103	630	2516	496	2138	684
DCY	1607.0	2158.0	296	1
1672	2166	1699	1891	1677	2431	1381	2147
KPJ	1038.0	2081.0	170	1
910	2293	1282	1998	1240	2004	720	2031
IWG	2250.0	2154.0	108	1
2288	2248	2355	1933	2090	2208	2268	2228
EDO	904.0	944.0	195	1
993	1025	833	949	946	753	846	1052
RCO	473.0	1131.0	127	1
524	1248	345	1096	327	1119	697	1062
UUX	1998.0	1737.0	110	1
1722	1739	2172	1602	2054	1780	2045	1830
TMF	2349.0	552.0	151	1
2162	674	2237	201	2580	753	2420	582
XOS	1169.0	2109.0	8	1
1235	2304	1350	1885	1060	1886	1032	2364
JHB	2334.0	1901.0	63	1
2395	1797	2152	1931	2406	1998	2384	1880
GCT	2138.0	2011.0	115	1
2056	1891	1825	2040	2308	2017	2363	2098
PZJ	1010.0	610.0	210	1
694	559	1149	432	1158	713	1041	736
GSP	1942.0	1177.0	272	1
1938	1174	2015	1009	1905	1329	1910	1198
DUR	863.0	1202.0	190	1
691	1231	927	1202	1104	1177	732	1198
ODF	971.0	1987.0	27	1
804	1950	1173	1947	822	2062	1087	1989
GOT	840.0	1642.0	152	1
866	1803	825	1617	994	1739	676	1412
YIX	1839.0	1067.0	48	1
1863	1092	1762	795	1862	1014	1870	1368
QEU	1904.0	592.0	223	1
1791	485	1914	435	1826	582	2085	868
OIA	1775.0	2090.0	274	1
1920	2190	1777	2054	1776	1956	1628	2161
WFB	2321.0	660.0	27	1
2174	518	2548	593	2058	808	2505	724
FPD	2052.0	1608.0	111	1
2120	1682	1930	1688	2069	1765	2090	1297
VBI	1974.0	763.0	139	1
1740	570	2110	846	1900	666	2148	970
GAC	2355.0	2020.0	280	1
2495	1951	2375	2064	2475	1854	2076	2214
EYM	1159.0	1763.0	81	1
1078	1856	825	1647	1374	1618	1359	1932
RCL	886.0	837.0	260	1
1207	801	765	699	763	958	811	892
IAL	1796.0	2070.0	95	1
1642	2162	2029	1822	1905	2050	1609	2247
YFZ	2043.0	1417.0	148	1
2063	1629	2116	1286	2029	1265	1967	1490
UKD	1248.0	2015.0	129	1
1324	2286	1396	2029	1416	1792	857	1954
QGZ	1821.0	559.0	210	1
1773	263	2055	745	1573	526	1883	702
EKP	1154.0	1073.0	169	1
1087	1180	1441	1053	916	1077	1174	983
OEB	664.0	2101.0	210	1
599	1792	557	2231	767	2100	736	2284
SIQ	1524.0	856.0	170	1
1612	873	1496	1028	1472	623	1517	902
XSC	2129.0	2140.0	107	1
2149	2243	2077	2215	2245	2142	2046	1961
UWH	1784.0	1477.0	16	1
1639	1219	1874	1548	1770	1713	1856	1428
ZQL	1725.0	955.0	188	1
1526	832	1752	1248	1701	833	1922	910
DES	2141.0	1347.0	111	1
2158	1254	1896	1401	2285	1290	2226	1446
ARA	1627.0	2385.0	154	1
1350	2477	1486	2185	1812	2598	1863	2282
BZL	1688.0	500.0	184	1
1496	564	1680	470	1875	485	1704	482
HPR	822.0	628.0	124	1
829	804	960	719	791	537	710	454
SGH	1380.0	1437.0	286	1
1202	1323	1411	1779	1215	1274	1695	1373
HZF	1624.0	612.0	110	1
1692	555	1534	504	1743	757	1528	635
ZIL	1064.0	2342.0	176	1
905	2502	1056	2486	1238	2258	1060	2124
TYP	2465.0	2470.0	272	1
2289	2623	2428	2590	2603	2489	2541	2181
RYZ	1515.0	1895.0	183	1
1406	2044	1529	2069	1650	1740	1478	1728
EJQ	709.0	1189.0	50	1
726	1306	575	1111	611	1201	926	1139
