KIN	907.0	801.0	101	1
734	972	778	540	962	820	1156	875
WMQ	2072.0	2396.0	163	1
1937	2398	2206	2360	2175	2240	1973	2589
TTQ	1838.0	2382.0	120	1
1828	2585	1932	2300	1720	2342	1875	2302
XZP	1940.0	995.0	244	1
2011	1196	1739	1070	2047	981	1965	733
PYU	1215.0	1937.0	69	1
1342	1768	892	2054	1426	2108	1201	1820
KDK	707.0	899.0	178	1
840	1128	520	696	588	1090	883	683
IXP	2091.0	687.0	95	1
2201	622	2224	757	2089	624	1853	747
XQZ	1028.0	2454.0	262	1
1033	2436	920	2548	1328	2600	831	2234
ZEN	1292.0	2331.0	9	1
1452	2581	1369	2104	1079	2254	1270	2386
AYA	1637.0	1402.0	148	1
1634	1419	1668	1368	1550	1456	1697	1366
BQL	1228.0	2246.0	258	1
1214	2370	1329	2209	1238	2129	1132	2278
ZSV	2269.0	2073.0	289	1
2118	2104	2282	2290	2509	1926	2168	1972
OAD	1424.0	519.0	196	1
1289	642	1353	719	1599	486	1458	229
RCK	584.0	865.0	247	1
437	886	601	1017	690	595	608	963
VSU	2244.0	2118.0	56	1
2351	2126	2155	1931	2102	2394	2371	2024
OIW	1554.0	602.0	58	1
1602	741	1563	426	1583	451	1469	792
DMF	1935.0	531.0	165	1
2024	635	1950	554	1732	494	2035	443
CPI	1881.0	673.0	82	1
1955	411	1935	812	1928	799	1708	673
YWF	950.0	400.0	6	1
797	172	1206	504	731	314	1069	610
CST	419.0	1781.0	248	1
505	1942	248	1808	291	1720	634	1657
HIX	723.0	799.0	65	1
654	977	759	908	783	738	697	576
ZFQ	708.0	704.0	77	1
504	926	550	934	751	514	1030	445
QAZ	624.0	379.0	220	1
510	696	785	163	780	405	423	254
XBH	626.0	1647.0	156	1
518	1707	741	1680	604	1418	643	1786
XRU	447.0	409.0	148	1
435	456	232	341	317	543	804	298
AAY	1596.0	791.0	232	1
1736	671	1625	937	1358	865	1667	694
EIO	1976.0	1382.0	299	1
2147	1064	1847	1365	1889	1544	2021	1555
WDJ	752.0	952.0	41	1
585	847	958	896	523	1252	945	814
QGU	943.0	2028.0	144	1
843	2050	1072	2147	945	2207	913	1709
CFD	1003.0	2507.0	96	1
699	2342	1221	2437	1214	2615	878	2635
FRX	1445.0	1266.0	71	1
1567	1168	1588	1138	1549	1609	1079	1150
YUJ	1999.0	1570.0	273	1
1921	1696	2070	1394	2209	1733	1799	1457
OJH	1102.0	2013.0	290	1
1348	1772	1127	1847	849	2333	1087	2101
BFH	2297.0	1903.0	269	1
2556	1923	2079	1818	2351	2023	2203	1850
JCW	1079.0	639.0	33	1
792	771	1302	424	1087	919	1136	445
WON	1728.0	423.0	175	1
1901	449	1744	283	1519	679	1751	282
OBH	1761.0	1146.0	279	1
1846	1253	2021	1187	1612	1014	1565	1133
QCO	2132.0	1474.0	270	1
1958	1759	2046	1232	2227	1594	2299	1312
CSU	627.0	1714.0	211	1
570	1832	680	1897	436	1500	825	1629
PLR	943.0	2156.0	90	1
781	2181	977	2214	833	2170	1182	2059
DPM	921.0	2326.0	232	1
1024	2309	935	2109	1052	2439	675	2450
FUW	409.0	739.0	133	1
227	765	732	544	472	751	207	899
UJK	2293.0	876.0	76	1
2151	940	2469	1050	2279	805	2275	710
YIG	2264.0	1213.0	139	1
2090	1177	2085	1092	2397	1341	2485	1243
FZS	2138.0	1919.0	171	1
2121	2028	1978	1730	2267	1911	2187	2010
WAC	1710.0	1117.0	44	1
1605	992	1816	1007	1729	1296	1691	1176
HVJ	2450.0	809.0	168	1
2536	1014	2476	852	2594	835	2195	537
BUD	1006.0	345.0	157	1
1325	525	838	249	1062	267	800	341
CHP	1065.0	1519.0	263	1
1097	1322	852	1604	1365	1656	946	1497
VSY	994.0	1886.0	162	1
1107	2084	1073	1866	819	1772	977	1822
