KYM	1623.0	793.0	427	1
1869	922	1425	889	1823	960	1378	403
EEM	906.0	1196.0	201	1
809	1345	963	1404	1004	969	848	1069
TYG	1629.0	409.0	363	1
1436	185	1705	541	1763	578	1613	335
BWE	1612.0	1296.0	460	1
1721	1439	1444	1212	1608	1003	1678	1532
MPC	511.0	1250.0	338	1
326	968	590	1361	796	1214	334	1459
XNP	2043.0	1940.0	389	1
1969	2044	2256	1814	2091	2115	1857	1787
RDB	819.0	1448.0	319	1
954	1533	747	1222	748	1504	828	1535
EJK	879.0	921.0	496	1
775	920	896	609	979	1080	867	1077
PAK	2133.0	436.0	213	1
2356	442	2072	397	2014	316	2093	591
VMC	1624.0	1729.0	237	1
1422	1677	1672	1630	1723	1933	1681	1679
GRZ	418.0	1497.0	408	1
355	1597	390	1323	423	1462	505	1608
ZUU	1590.0	1145.0	458	1
1496	1391	1713	1120	1535	1058	1619	1013
XXT	1188.0	1376.0	252	1
1308	1513	1314	1298	1138	1277	993	1419
BUU	575.0	1232.0	254	1
642	949	667	1427	551	1384	441	1169
LGC	1276.0	1906.0	295	1
1368	1852	1306	1913	1274	2071	1156	1788
OLE	358.0	1535.0	349	1
595	1372	236	1635	180	1808	423	1326
GZX	1774.0	1295.0	420	1
1604	1411	1645	1173	2057	1161	1793	1436
BVP	1252.0	716.0	331	1
1183	583	960	800	1396	927	1471	555
UOY	1136.0	2404.0	305	1
1115	2383	1304	2376	1315	2439	812	2419
OPM	433.0	2478.0	317	1
197	2393	272	2528	603	2541	662	2452
GLX	1035.0	1200.0	255	1
936	1332	1184	1109	888	1242	1133	1118
KVK	1417.0	1101.0	246	1
1365	1293	1390	927	1432	1308	1483	876
VZN	876.0	1968.0	258	1
992	2185	872	1722	633	1910	1010	2057
KQK	1251.0	1373.0	243	1
1102	1326	1206	1429	1123	1295	1575	1445
YFV	1668.0	1029.0	207	1
1397	1169	1672	951	1711	794	1893	1204
UIR	1959.0	2235.0	493	1
2172	2397	2022	2210	1880	2322	1763	2013
IXN	481.0	1782.0	442	1
659	1807	428	1706	678	1876	161	1741
JBG	937.0	934.0	333	1
979	979	866	955	1003	768	903	1037
GZI	1218.0	1035.0	388	1
1150	812	978	792	1261	1218	1485	1321
GMZ	1650.0	2023.0	276	1
1666	2193	1875	1984	1349	1861	1711	2056
LAC	1632.0	1625.0	239	1
1739	1809	1365	1532	1709	1506	1716	1655
YRR	1503.0	581.0	384	1
1758	544	1446	575	1577	689	1232	516
SKK	1351.0	784.0	248	1
1466	904	1501	637	1259	828	1181	768
CPR	439.0	2485.0	255	1
288	2519	144	2631	680	2399	646	2392
VHB	1644.0	786.0	288	1
1620	971	1661	383	1649	886	1649	904
LCO	1730.0	620.0	337	1
1915	690	1419	704	1874	367	1715	721
UAJ	1643.0	1703.0	297	1
1688	1783	1595	1441	1462	1788	1827	1803
IUJ	2381.0	412.0	338	1
2346	181	2477	589	2285	528	2417	350
TVA	2030.0	2303.0	371	1
2167	2592	1682	2102	2113	2131	2161	2389
DVC	1130.0	1409.0	378	1
1242	1639	1159	1352	1079	1273	1041	1374
TTK	1201.0	1209.0	369	1
1089	972	1384	1272	1005	1447	1329	1146
PUN	1569.0	2296.0	454	1
1434	2292	1712	2119	1417	2247	1715	2526
MQF	1654.0	630.0	273	1
1807	665	1720	569	1251	641	1840	647
NGY	1050.0	676.0	463	1
1083	814	957	645	1038	647	1123	600
ZUF	716.0	709.0	207	1
860	612	583	826	729	485	693	914
XKR	736.0	1424.0	362	1
597	1652	896	1489	526	1205	926	1353
VYJ	935.0	1770.0	303	1
887	1851	911	1968	810	1707	1132	1555
OFS	2081.0	1253.0	249	1
2086	1426	1874	1386	2227	1148	2137	1052
GLN	815.0	1430.0	206	1
878	1282	816	1466	499	1391	1069	1581
NSS	1123.0	1009.0	227	1
1250	1172	1066	1112	1259	1116	919	636
