UHO	1323.0	2129.0	155	1
1344	2352	1419	2047	1216	2141	1314	1976
UJO	1321.0	674.0	110	1
1424	705	1328	341	1408	798	1127	855
RUP	704.0	1302.0	216	1
814	1456	802	1365	528	1205	672	1182
SCY	2132.0	2167.0	195	1
2030	2317	2206	2094	1989	2114	2304	2144
ILW	574.0	557.0	32	1
353	749	588	353	494	673	862	455
JZB	2160.0	1084.0	261	1
2039	894	2322	1344	1961	924	2321	1175
CZQ	1262.0	901.0	283	1
1202	824	1053	762	1526	845	1270	1173
GUV	999.0	1401.0	157	1
963	1472	878	1346	1072	1504	1086	1285
PAS	363.0	1899.0	79	1
492	1766	197	2213	535	1711	229	1908
HFP	2169.0	803.0	154	1
2054	755	2219	949	2325	738	2078	770
QQS	615.0	1870.0	122	1
674	1951	685	1822	602	1768	499	1941
VRQ	2203.0	1895.0	13	1
2045	2067	2154	1906	2444	1589	2170	2019
XIV	653.0	2338.0	21	1
523	2137	556	2355	522	2435	1011	2426
UEZ	1474.0	1703.0	169	1
1471	1777	1335	1524	1445	1645	1646	1866
VTP	1477.0	2290.0	219	1
1362	2103	1402	2211	1621	2507	1525	2340
AWA	863.0	1157.0	132	1
918	953	734	1282	799	1131	1002	1264
YOE	1700.0	1659.0	286	1
1780	1433	1478	1924	1980	1829	1562	1452
MTZ	2161.0	1637.0	260	1
2011	1840	2339	1528	1991	1452	2305	1731
BBT	1311.0	1873.0	2	1
1084	1734	1272	1904	1382	1880	1508	1974
LCQ	949.0	1578.0	90	1
1251	1868	1045	1492	699	1557	804	1397
TWA	1431.0	1646.0	280	1
1413	1667	1479	1453	1388	1665	1444	1799
UYC	1950.0	572.0	99	1
1949	731	2028	608	1959	429	1864	520
FFI	2444.0	1148.0	290	1
2475	1388	2329	1141	2327	999	2647	1064
BEB	947.0	1111.0	214	1
1076	1197	874	1071	891	1149	947	1028
GEP	1832.0	1667.0	285	1
1821	1478	1995	1869	1715	1521	1797	1800
XTF	1276.0	1437.0	229	1
1120	1394	1387	1367	1273	1705	1327	1283
UCU	490.0	1327.0	226	1
741	1303	531	1469	267	1360	424	1178
IKU	1433.0	713.0	168	1
1426	819	1514	786	1530	613	1263	634
NNT	1549.0	1150.0	152	1
1664	1245	1528	1355	1770	1104	1237	896
KOR	641.0	1910.0	5	1
618	2000	739	1826	678	2077	531	1738
ETW	1488.0	2394.0	45	1
1530	2521	1636	2394	1517	2098	1270	2563
EPO	616.0	1380.0	276	1
647	1495	330	1494	800	1401	689	1131
ZDF	1063.0	1454.0	9	1
1022	1432	979	1392	1134	1512	1120	1480
RER	1158.0	2171.0	71	1
1198	2125	1280	1913	976	2361	1179	2286
GQJ	1023.0	2238.0	37	1
980	2053	848	2398	1379	2364	886	2137
AYE	598.0	1723.0	76	1
755	1687	587	1438	411	1962	639	1806
WUP	2277.0	880.0	128	1
2191	837	2421	723	2313	982	2186	980
WQW	991.0	924.0	175	1
843	1013	1165	1057	989	691	970	936
QEV	2181.0	2343.0	43	1
1994	2500	2125	2552	2181	2026	2427	2296
YVR	1466.0	843.0	67	1
1455	878	1584	714	1432	951	1395	829
WBA	2401.0	1322.0	164	1
2329	1192	2318	1561	2587	1235	2372	1303
KJJ	1632.0	1190.0	21	1
1745	1239	1681	1058	1657	1178	1445	1285
WMW	1401.0	615.0	208	1
1256	702	1427	427	1685	631	1237	700
PGS	884.0	433.0	72	1
1076	458	780	259	809	572	874	446
USU	2275.0	2207.0	138	1
2301	2029	2360	2032	2458	2346	1983	2423
KBK	1985.0	2255.0	113	1
2233	2178	1776	2048	2059	2364	1872	2431
WEM	2050.0	1504.0	31	1
2130	1348	1841	1396	2193	1696	2036	1577
YRN	1812.0	576.0	182	1
1828	600	2030	484	1708	498	1684	725
YQH	624.0	693.0	200	1
507	954	530	660	586	483	873	677
LQD	2057.0	2124.0	97	1
2026	2158	2041	1879	1867	2318	2295	2142
