LHT	766.0	1299.0	223	1
1032	1203	681	1343	677	1224	674	1428
SJZ	772.0	956.0	280	1
733	1156	924	1104	593	678	841	887
ALK	1613.0	720.0	340	1
1620	774	1435	653	1684	811	1713	642
MRX	2004.0	1434.0	447	1
1780	1288	2157	1287	2247	1609	1832	1554
PAW	1556.0	1199.0	423	1
1738	1164	1559	1522	1531	996	1397	1117
MJM	844.0	2229.0	302	1
774	2345	651	1812	841	2402	1110	2359
YQT	1211.0	1322.0	355	1
1305	1470	1126	1386	1265	1125	1148	1307
FQL	1037.0	1949.0	239	1
992	2152	1186	1788	899	2109	1071	1750
XEB	779.0	2037.0	337	1
917	2024	855	1940	720	2127	626	2059
IEZ	2217.0	1062.0	225	1
2161	896	2144	940	2486	1178	2080	1234
ZZG	1906.0	525.0	419	1
1730	610	2080	549	1942	505	1874	436
CWG	1040.0	2071.0	372	1
1102	2062	932	2240	1102	2063	1026	1919
YFI	797.0	535.0	443	1
911	482	962	756	608	488	707	417
XWW	2223.0	1959.0	374	1
2235	2227	2019	1763	2163	1796	2476	2050
LDS	1626.0	1220.0	315	1
1833	966	1517	1501	1560	1474	1596	939
XPQ	1474.0	1362.0	466	1
1302	1639	1704	1185	1430	1312	1461	1315
TKV	1541.0	1616.0	301	1
1405	1391	1657	1832	1533	1410	1570	1834
CCA	2579.0	820.0	408	1
2599	771	2373	731	2675	749	2671	1031
XMI	1904.0	2092.0	369	1
1812	2425	1945	1973	1984	1861	1875	2109
IYK	1897.0	508.0	366	1
2019	448	1858	408	1690	718	2022	458
ELV	1751.0	593.0	370	1
1994	643	1511	535	2002	645	1498	551
JQZ	2166.0	2310.0	341	1
2219	2553	2058	2282	2171	2211	2217	2197
PBW	2394.0	2104.0	226	1
2375	2239	2591	2277	2270	1900	2340	2001
IDA	2285.0	1806.0	485	1
2214	1831	2369	1847	2494	1664	2066	1885
DZR	1020.0	1073.0	473	1
891	970	1200	1002	790	1094	1202	1226
IZP	597.0	2065.0	384	1
439	2396	567	1875	547	2131	838	1860
QNV	2098.0	1629.0	373	1
1838	1746	2210	1597	2315	1732	2029	1442
XKN	1447.0	527.0	422	1
1538	641	1449	264	1394	505	1407	700
ZFG	2130.0	1965.0	277	1
1934	2030	2248	1747	2329	2116	2012	1968
WWH	1314.0	1686.0	383	1
1291	1892	1199	1869	1563	1648	1204	1336
JOM	1702.0	1422.0	449	1
1664	1801	1789	1218	1514	1272	1844	1400
VDY	1805.0	1866.0	302	1
1984	1829	1833	1880	1655	2024	1748	1731
QJA	1447.0	967.0	335	1
1379	1237	1834	889	1321	886	1254	856
SPO	707.0	775.0	485	1
669	928	569	782	711	806	881	587
ETV	2215.0	1575.0	429	1
2308	1676	2184	1532	2159	1416	2212	1677
VAN	811.0	1166.0	477	1
854	1318	912	1319	709	1091	772	939
PQO	1714.0	1765.0	250	1
1621	1653	1709	1887	1896	1819	1632	1702
HSM	1351.0	1211.0	215	1
1334	1432	1601	1297	1197	1033	1273	1082
PKO	582.0	1591.0	419	1
502	1686	785	1643	588	1794	454	1243
VDV	513.0	583.0	245	1
318	504	354	789	862	722	519	319
WPN	847.0	2127.0	373	1
962	1954	799	2285	614	1886	1015	2383
MPG	545.0	1904.0	349	1
706	2098	339	1939	680	1658	455	1922
HJW	603.0	2442.0	427	1
315	2660	724	2338	609	2416	767	2354
DEA	1720.0	725.0	342	1
1572	498	1562	815	1713	728	2033	860
NHU	1602.0	859.0	497	1
1502	871	1595	904	1899	774	1414	889
NUN	1978.0	1988.0	321	1
2162	2003	1898	1868	1695	2140	2157	1941
KJP	1640.0	899.0	268	1
1588	1004	1808	726	1829	1186	1338	680
SJQ	2346.0	1859.0	420	1
2070	1744	2556	1694	2290	2004	2471	1994
LWH	1326.0	1745.0	280	1
1243	1542	1588	1885	1109	1594	1367	1960
ABP	2233.0	544.0	443	1
2088	371	2080	628	2369	506	2395	671
