JKK	1994.0	899.0	179	1
2002	1086	1950	777	1824	651	2202	1083
KCT	831.0	1375.0	78	1
654	1467	1054	1472	923	1148	695	1415
YPS	2394.0	811.0	89	1
2441	635	2407	841	2431	1014	2298	756
WME	867.0	2324.0	293	1
717	2297	960	2356	1040	2304	753	2340
BSI	2019.0	502.0	61	1
1925	197	2033	470	1983	759	2136	583
POF	1055.0	2119.0	3	1
1219	2066	986	2045	1062	2315	954	2052
GBE	361.0	772.0	227	1
191	919	310	847	261	775	682	550
IMX	1617.0	1991.0	53	1
1447	2029	1753	2129	1783	1939	1488	1867
QYH	544.0	1170.0	130	1
295	1192	619	1176	552	1098	713	1214
WDX	771.0	659.0	191	1
754	625	719	800	695	481	917	733
TDK	1681.0	529.0	182	1
1882	508	1850	751	1320	440	1672	417
VHQ	1318.0	700.0	180	1
1530	707	972	663	1542	776	1231	654
EZF	1517.0	2291.0	216	1
1392	2259	1508	2344	1596	2170	1572	2391
XLA	665.0	2287.0	33	1
640	2253	664	2393	761	2328	595	2174
LMD	1439.0	1887.0	290	1
1663	2222	1484	1796	1446	1744	1166	1789
RKI	518.0	1133.0	252	1
813	1177	285	1009	546	1121	428	1225
WDA	830.0	1100.0	251	1
784	973	809	1083	761	1191	966	1154
KZV	592.0	1168.0	136	1
552	1356	649	1335	639	846	528	1137
REI	1713.0	1228.0	205	1
1723	1364	1636	1111	1816	1282	1679	1155
UFN	1271.0	1300.0	254	1
1206	1187	1087	1329	1281	1361	1511	1325
CXF	1499.0	1860.0	46	1
1430	1659	1600	2198	1399	1709	1570	1874
VDL	2428.0	576.0	92	1
2545	812	2663	313	2278	687	2227	493
CPA	1563.0	1430.0	271	1
1689	1658	1548	1353	1280	1286	1736	1425
ISQ	515.0	784.0	150	1
543	877	686	810	643	674	189	776
QKU	731.0	2079.0	151	1
918	2288	831	2058	590	2040	588	1932
QXC	1582.0	2221.0	203	1
1682	2255	1446	2082	1442	2313	1761	2236
NQJ	473.0	1305.0	266	1
276	1272	421	1541	373	1031	822	1377
DXF	904.0	2147.0	5	1
755	2093	730	2336	1102	2036	1030	2123
FOO	813.0	2322.0	18	1
910	2378	873	2349	944	2250	528	2314
HBK	1169.0	494.0	185	1
1037	507	1020	413	1090	464	1529	595
MZE	1847.0	2413.0	83	1
1682	2181	1901	2509	2094	2576	1711	2386
KPZ	1734.0	1075.0	175	1
1800	1172	1666	1125	1829	996	1644	1008
GWG	1796.0	1533.0	201	1
1778	1664	1965	1685	1862	1229	1581	1555
BMP	2057.0	1699.0	34	1
2056	1683	1929	1761	2074	1814	2169	1538
LTP	1741.0	1723.0	253	1
1687	1870	1978	1812	1598	1631	1701	1582
ALA	473.0	1387.0	140	1
243	1130	661	1679	582	1102	407	1637
HWJ	859.0	637.0	274	1
824	743	1132	466	676	868	804	473
ACH	2102.0	2151.0	269	1
2282	2156	2291	2027	1889	2291	1948	2133
VTO	1752.0	1642.0	37	1
1930	1426	1673	1643	1669	1814	1739	1687
KHO	1163.0	998.0	160	1
1001	915	1181	958	1118	1304	1354	816
TRU	2270.0	1519.0	80	1
2155	1456	2404	1571	2482	1601	2040	1449
XMN	1385.0	1518.0	297	1
1460	1358	1463	1336	1037	1644	1582	1736
PHI	536.0	496.0	55	1
851	301	280	573	505	501	508	610
AWP	2210.0	1763.0	157	1
2055	2091	2462	1614	2354	1701	1970	1649
ABD	2308.0	2101.0	205	1
2278	1849	2229	1940	2184	2305	2541	2311
LCN	1211.0	2126.0	238	1
1558	2235	1180	2173	979	2189	1127	1909
LYF	1582.0	1832.0	77	1
1632	1938	1386	1743	1591	1997	1719	1652
NYR	1150.0	877.0	183	1
1049	756	1011	803	1202	1119	1340	830
BZC	2195.0	1901.0	6	1
2068	2021	2188	1993	2401	1710	2126	1881
BPF	534.0	1983.0	46	1
271	1948	539	1788	553	1961	776	2238
