FHM	1429.0	1325.0	273	1
1258	1361	1428	1352	1445	1168	1587	1422
BZY	2722.0	1715.0	295	1
2512	1628	2973	1702	2540	1924	2863	1607
IRQ	2742.0	611.0	63	1
2707	873	2530	581	2828	605	2906	386
JXQ	4273.0	3672.0	249	1
4395	3577	4265	3546	3968	3652	4467	3916
IVF	2511.0	3562.0	212	1
2517	3614	2425	3386	2611	3842	2491	3407
NLO	2467.0	2251.0	147	1
2302	2166	2442	1923	2401	2469	2726	2448
RSH	2731.0	2344.0	258	1
2857	2289	2652	2439	2697	2215	2720	2434
QJR	3198.0	3432.0	261	1
3213	3346	3132	3578	3278	3342	3171	3462
NZI	2827.0	3501.0	118	1
2767	3429	2798	3776	2795	3246	2951	3556
ZTG	1709.0	625.0	24	1
1664	773	1729	637	1700	526	1743	567
WJG	3066.0	2863.0	27	1
3051	2703	3255	2957	2869	2810	3090	2983
YVH	2497.0	3060.0	164	1
2405	2873	2348	3329	2795	3031	2441	3010
UBR	4310.0	1282.0	28	1
4137	1411	4285	1192	4597	1093	4224	1432
FOK	3881.0	2064.0	277	1
4051	2398	3753	2125	3975	1919	3748	1815
MRT	2253.0	3912.0	61	1
2343	3799	2504	3712	2225	4174	1943	3963
IYB	3809.0	2062.0	196	1
3748	2117	4087	2274	3774	1991	3627	1869
RLL	3417.0	3158.0	90	1
3543	3109	3363	3261	3509	3119	3255	3146
ZAX	568.0	3695.0	209	1
669	3836	359	3910	815	3551	430	3486
IJG	641.0	3777.0	15	1
756	4146	471	3699	641	3654	696	3610
SJZ	3691.0	3780.0	292	1
3821	3647	3581	3973	3937	3677	3427	3825
WUV	3422.0	1275.0	62	1
3160	1305	3484	1119	3617	1347	3427	1332
FLX	2752.0	3363.0	255	1
2594	3182	2677	3494	3083	3521	2654	3256
XGX	4246.0	2562.0	54	1
4309	2453	4094	2935	4195	2467	4386	2393
CSS	2943.0	4023.0	188	1
3114	3974	3209	3837	2698	4145	2751	4138
SML	4048.0	4104.0	277	1
3991	4095	4187	4275	4088	4083	3928	3965
AOJ	1464.0	500.0	27	1
1545	240	1330	646	1458	476	1523	639
HTZ	3440.0	4068.0	269	1
3267	3867	3447	3999	3556	4031	3490	4375
HJE	1717.0	1076.0	145	1
1502	808	1599	1252	1891	1287	1876	957
KXK	2453.0	4181.0	248	1
2677	4384	2606	4126	2417	3919	2112	4295
UGT	377.0	2639.0	9	1
140	2615	694	2836	261	2517	413	2590
YQA	4371.0	4368.0	153	1
4285	4356	4554	4293	4068	4410	4578	4414
QCJ	1322.0	1094.0	107	1
1470	1331	1110	938	1326	930	1385	1179
MDG	1047.0	1119.0	11	1
944	1222	1045	993	1033	955	1169	1307
QKV	1228.0	1219.0	5	1
1138	1478	1553	1214	1121	1127	1101	1059
WHQ	3762.0	3567.0	103	1
3715	3629	3816	3588	3779	3640	3738	3413
TEE	4357.0	596.0	276	1
4249	350	4376	747	4308	653	4498	637
GWR	1485.0	4270.0	96	1
1444	4375	1494	4502	1303	4027	1700	4178
XMN	3906.0	4009.0	259	1
4036	4190	4038	3650	3914	4122	3636	4075
YDA	858.0	1030.0	174	1
939	961	735	752	1152	1089	606	1319
JHA	1178.0	3506.0	272	1
1140	3370	1400	3520	1060	3558	1115	3579
MQZ	4279.0	732.0	125	1
4498	542	4074	882	4291	901	4254	606
ZIS	3681.0	3481.0	281	1
3830	3319	3609	3472	3620	3495	3668	3641
YAH	598.0	3504.0	102	1
530	3472	806	3770	476	3458	583	3317
HMI	1899.0	876.0	294	1
2032	927	1754	1036	1803	734	2010	808
ZNE	1979.0	3446.0	45	1
2106	3564	1646	3281	2147	3659	2018	3281
CSU	2735.0	1609.0	77	1
2824	1701	2793	1518	2533	1644	2790	1576
WJW	1782.0	1574.0	286	1
1691	1760	1723	1691	1742	1634	1975	1212
APV	3895.0	4280.0	235	1
3853	4145	4240	4561	3798	4228	3690	4188
NUF	3739.0	2612.0	182	1
3795	2587	3602	2525	3777	2770	3785	2569
OEV	1311.0	3045.0	147	1
1408	3201	1477	2755	1134	3220	1226	3005
