EHY	2189.0	2057.0	341	1
2394	1915	1942	2235	2378	2065	2042	2015
IQY	3456.0	4306.0	286	1
3560	4269	3516	4462	3294	4233	3455	4263
WLQ	2133.0	1335.0	425	1
1917	1427	2410	1389	2075	1306	2130	1219
NSY	2337.0	716.0	409	1
2117	646	2168	689	2474	843	2591	689
MXL	2802.0	3710.0	354	1
2634	3508	2740	3844	2880	3666	2956	3825
QVO	3208.0	3294.0	354	1
2966	3231	3388	3347	3463	3356	3018	3242
CZS	3676.0	3100.0	289	1
3838	2957	3614	2990	3441	3171	3813	3285
MKL	593.0	3249.0	367	1
388	3383	769	3250	445	3107	771	3256
QVJ	2900.0	534.0	453	1
2688	736	3050	421	2842	595	3023	387
CIA	2624.0	3733.0	259	1
2880	3864	2570	3759	2659	3768	2387	3542
LUN	517.0	1706.0	364	1
291	1766	459	1773	583	1672	737	1614
BSY	2501.0	862.0	309	1
2153	860	2607	1127	2685	668	2559	793
DBT	3544.0	3699.0	419	1
3808	3562	3440	4004	3250	3655	3678	3577
XNN	1714.0	2497.0	341	1
1762	2580	1596	2568	1831	2549	1668	2292
XET	929.0	4086.0	500	1
869	4241	945	3756	1044	4320	860	4029
CSX	1093.0	4351.0	491	1
1060	4560	851	4156	1177	4149	1286	4541
PZA	1967.0	2632.0	249	1
1927	2426	1846	2561	1998	2869	2097	2673
DLW	725.0	3541.0	266	1
614	3438	796	3611	991	3371	502	3746
LSU	3970.0	2411.0	409	1
3650	2196	4130	2535	4067	2357	4034	2557
UNF	2827.0	2731.0	491	1
2801	2884	2761	2616	2835	2847	2912	2578
KCR	3821.0	4386.0	301	1
3808	4405	3807	4448	3570	4199	4099	4493
UZJ	2100.0	1135.0	352	1
1931	825	2086	1296	2115	1048	2268	1374
KTT	809.0	2516.0	335	1
981	2362	710	2909	686	2403	862	2392
THV	1130.0	2071.0	413	1
1060	2030	987	2288	1001	1893	1473	2074
VQN	4244.0	2019.0	428	1
4545	2246	4051	2069	4020	1941	4363	1822
IAV	3879.0	2952.0	396	1
3804	3307	3994	2878	3806	2781	3912	2844
QIM	2044.0	1046.0	412	1
1957	1111	1891	1073	2140	976	2189	1024
QJG	1714.0	600.0	393	1
1881	620	1957	780	1516	511	1505	489
KPG	1586.0	1980.0	257	1
1432	1874	1662	2230	1613	2052	1638	1764
BSW	887.0	2909.0	415	1
759	2895	911	2836	1012	3110	866	2798
ZBY	2884.0	1999.0	437	1
2819	1753	2820	2148	2851	2137	3049	1959
GJJ	3914.0	2157.0	353	1
3675	2081	4185	2012	4018	2246	3781	2291
MRS	1405.0	1477.0	496	1
1450	1280	1383	1441	1291	1479	1497	1709
KLO	2974.0	1210.0	301	1
2941	929	3070	1374	2865	1031	3021	1508
NPU	3691.0	1883.0	270	1
3592	1758	3555	1743	4037	1997	3580	2034
EEC	2213.0	2011.0	410	1
2368	1913	2231	1870	1966	2278	2289	1984
ZTD	4223.0	2807.0	292	1
4349	2967	4147	2859	4216	2584	4183	2818
WPJ	2771.0	2849.0	326	1
2743	2944	2599	3049	3111	2768	2633	2638
HAD	2621.0	2300.0	276	1
2680	2081	2747	2113	2670	2418	2390	2591
QCH	1409.0	3312.0	278	1
1328	3421	1539	3201	1532	3393	1238	3233
XHW	2345.0	2606.0	360	1
2297	2759	2442	2303	2213	2651	2431	2714
NPQ	3031.0	2819.0	316	1
3121	2852	2870	2674	3257	2696	2877	3056
BFX	2557.0	3607.0	455	1
2617	3319	2708	3767	2201	3646	2702	3698
ENX	1890.0	366.0	474	1
1884	426	1757	257	2189	256	1730	528
MYY	2370.0	1099.0	436	1
2388	1271	2248	1052	2642	1131	2203	945
ITM	3856.0	3305.0	293	1
3997	3346	3664	3259	4042	3396	3724	3219
LRC	2014.0	3884.0	217	1
2148	3929	1915	3919	2014	3728	1982	3962
OYG	578.0	1288.0	423	1
689	1088	351	1448	777	1435	497	1183
WGC	3371.0	2403.0	443	1
3516	2313	3181	2540	3364	2321	3423	2439
HBH	441.0	1549.0	364	1
388	1516	417	1628	594	1547	365	1505
