FOS	3563.0	1033.0	269	1
3672	1056	3530	992	3364	855	3689	1229
MOQ	2503.0	2569.0	158	1
2885	2559	2376	2549	2347	2525	2406	2645
FEZ	3157.0	1589.0	14	1
3152	1464	3232	1748	3155	1543	3090	1601
NTS	1561.0	626.0	111	1
1757	553	1449	860	1638	709	1400	383
CNW	2341.0	1752.0	136	1
2350	1800	2246	1494	2468	1815	2300	1899
XAC	1549.0	975.0	85	1
1307	755	1501	835	1801	1101	1590	1212
FZE	4084.0	2111.0	164	1
3900	2311	4057	1928	4118	2059	4264	2148
CWF	4130.0	1545.0	297	1
4178	1376	3967	1689	4095	1725	4280	1391
SDE	2336.0	1053.0	280	1
2273	1294	2477	827	2322	865	2274	1227
DEZ	3754.0	2899.0	129	1
3608	2830	3986	2760	3538	2808	3887	3199
JPA	3555.0	4078.0	286	1
3354	4192	3680	3885	3705	4075	3481	4160
LHQ	688.0	2436.0	149	1
719	2260	760	2427	504	2534	770	2524
NGV	2629.0	3571.0	45	1
2700	3501	2827	3405	2559	3650	2430	3731
UXL	3600.0	3714.0	155	1
3672	3853	3473	3432	3468	3846	3788	3727
UNV	2857.0	605.0	110	1
2650	479	3032	595	3013	574	2736	772
GBV	4327.0	3963.0	213	1
4456	3959	4446	3896	4387	4040	4020	3960
YHD	1415.0	3849.0	120	1
1324	3922	1333	3835	1656	3602	1348	4037
CGW	2230.0	3485.0	271	1
2334	3343	2326	3592	2026	3347	2236	3660
CLM	2363.0	1731.0	14	1
2234	1810	2508	1653	2272	1610	2439	1852
QFW	484.0	4032.0	234	1
643	4112	436	3762	435	4083	423	4171
KXI	3680.0	4425.0	133	1
3785	4580	3643	4216	3773	4437	3521	4467
ITM	2182.0	3617.0	79	1
2301	3551	2073	3545	1978	3653	2379	3719
UJN	1394.0	3117.0	286	1
1362	3081	1306	3091	1659	3115	1251	3184
RER	2734.0	2741.0	31	1
2645	2613	2832	2770	2800	2646	2661	2935
YRM	4007.0	2939.0	84	1
4178	3045	3882	2923	4086	2893	3882	2898
SQN	3410.0	2697.0	195	1
3408	2463	3564	2680	3585	2870	3085	2777
IKF	1888.0	524.0	145	1
1762	450	2007	468	1960	667	1825	514
OTI	2513.0	3831.0	30	1
2357	4032	2676	4133	2276	3564	2743	3596
ONA	1406.0	743.0	53	1
1467	750	1542	832	1339	589	1279	802
OTD	643.0	3958.0	81	1
732	4023	885	3810	518	3856	440	4144
SCE	2953.0	3891.0	281	1
2813	4083	2833	3789	3207	4087	2962	3605
OSO	3476.0	1407.0	169	1
3384	1169	3656	1374	3229	1560	3638	1528
KIQ	1170.0	3366.0	205	1
961	3159	1333	3325	1234	3535	1155	3445
VXJ	448.0	3827.0	8	1
508	3965	589	3727	330	3688	368	3930
BBK	2706.0	3414.0	227	1
2950	3322	2419	3786	2481	3313	2976	3235
VIB	2850.0	2729.0	233	1
2936	2680	2925	2644	2891	2588	2651	3007
OIW	1896.0	3287.0	38	1
1680	3060	2025	3151	1950	3501	1930	3439
PTF	2153.0	2804.0	110	1
2108	2887	2356	3025	2151	2529	1999	2775
XLJ	700.0	973.0	281	1
746	749	715	845	549	1089	792	1209
KIL	1465.0	2527.0	179	1
1379	2524	1636	2452	1293	2790	1552	2345
YVI	2776.0	3572.0	131	1
2956	3680	2575	3349	3031	3464	2545	3796
CRR	1287.0	4156.0	120	1
1135	4050	1673	4138	1264	4058	1078	4379
CCN	744.0	1658.0	144	1
596	1720	742	1833	961	1548	677	1532
OLC	3877.0	3668.0	187	1
3685	3499	4133	3742	3867	3634	3823	3799
ZGQ	4113.0	532.0	4	1
3985	430	4035	375	4277	831	4157	495
NFK	3905.0	1974.0	116	1
3961	2019	3834	1794	4033	2131	3794	1955
CGI	886.0	4325.0	92	1
1111	4525	938	4428	788	4064	710	4283
SOW	1178.0	1792.0	62	1
915	2030	1431	1819	1333	1583	1034	1738
CQS	3957.0	2723.0	190	1
3862	2545	3869	2497	4065	2923	4035	2927
IHH	3741.0	917.0	170	1
3699	866	3899	952	3705	1088	3664	763
