YBM	591.0	4304.0	200	1
782	4353	676	4328	462	4299	446	4236
OBX	2361.0	3375.0	456	1
2521	3220	2328	3186	2405	3556	2193	3541
CPW	2544.0	3056.0	392	1
2531	2899	2759	3016	2399	3413	2490	2899
DLR	560.0	1188.0	406	1
756	929	413	1196	389	1441	682	1186
TSF	622.0	4419.0	395	1
352	4363	780	4290	884	4507	472	4519
WIK	427.0	3069.0	390	1
212	3061	353	2926	640	2888	506	3404
YTI	924.0	3170.0	496	1
982	3158	1017	3125	1021	3141	678	3259
UBQ	1126.0	1088.0	298	1
1458	1198	887	1254	1083	769	1078	1131
JJF	1907.0	621.0	221	1
1920	610	1796	706	2141	505	1771	663
ELX	2994.0	3166.0	361	1
3164	3280	2866	3192	2921	3218	3026	2976
BRN	4431.0	2895.0	466	1
4582	2700	4442	3151	4492	2995	4209	2736
KLH	1462.0	1823.0	343	1
1469	1659	1559	2109	1187	1836	1633	1690
QAH	4106.0	3997.0	298	1
4267	4179	3859	4049	4333	3984	3968	3778
SJQ	3932.0	3438.0	236	1
4095	3487	3705	3230	3899	3447	4029	3590
DCX	1293.0	2788.0	214	1
1145	2829	1443	2496	1111	2890	1474	2940
FBP	3963.0	3755.0	490	1
3923	3628	4121	3832	3889	3853	3919	3707
QIC	3553.0	357.0	339	1
3599	428	3436	536	3608	248	3569	218
GIV	1741.0	2786.0	276	1
1456	2765	1897	2830	1855	2756	1757	2796
DOC	3263.0	3518.0	437	1
3133	3489	3369	3317	3471	3841	3080	3427
ZAH	2614.0	1029.0	483	1
2839	1088	2551	1134	2744	761	2323	1135
QVV	1275.0	2901.0	368	1
1306	2818	1217	2850	1159	3014	1419	2923
IGL	3272.0	2119.0	315	1
3242	2150	3411	2224	3065	2136	3372	1969
STD	3204.0	598.0	389	1
3083	828	3284	458	3172	433	3278	675
AYG	2211.0	2965.0	356	1
2278	3277	2032	2888	2375	2914	2159	2783
BUE	769.0	4096.0	278	1
836	4130	662	3890	774	4036	807	4328
TLY	541.0	1368.0	447	1
778	1264	348	1338	516	1372	522	1500
NUY	2006.0	2589.0	387	1
2057	2500	1874	2712	2084	2565	2009	2581
RYF	1132.0	3653.0	490	1
1309	3693	1079	3609	978	3651	1164	3661
DVY	2227.0	3854.0	443	1
2092	3823	2234	3648	2195	3967	2387	3978
VMQ	3016.0	4373.0	345	1
3236	4215	2757	4419	3208	4228	2865	4631
LJJ	1477.0	4429.0	317	1
1471	4231	1522	4504	1604	4408	1314	4573
MIK	3242.0	1348.0	367	1
3247	1236	3070	1402	3589	1393	3065	1361
CZR	3440.0	3198.0	351	1
3722	3170	3353	3346	3324	3004	3364	3272
DBC	2755.0	1303.0	301	1
3001	1116	2693	1188	2631	1642	2698	1266
WZN	2742.0	2996.0	492	1
2986	2844	2519	3129	2936	3026	2528	2988
QUB	4245.0	2913.0	490	1
4293	2781	4356	3009	4150	2745	4183	3117
OJJ	2730.0	763.0	267	1
2494	751	2808	824	2671	626	2949	852
WBL	1576.0	4272.0	383	1
1860	4499	1570	4307	1503	4177	1374	4105
TSP	3953.0	3801.0	249	1
4105	3845	3971	3771	4074	3994	3664	3596
TNJ	1842.0	1838.0	287	1
1615	1902	2078	1607	1955	1804	1722	2042
DJY	2767.0	3480.0	282	1
2873	3346	2934	3390	2539	3418	2725	3767
CSA	2334.0	813.0	427	1
2324	885	2491	463	2172	987	2351	919
ZJK	1270.0	2828.0	425	1
1237	2633	1472	3089	1336	2990	1035	2602
XRJ	1984.0	1788.0	343	1
1795	1825	2043	1675	1951	2040	2147	1612
HOH	3125.0	726.0	499	1
3300	712	3307	693	3000	791	2893	708
MUE	2570.0	655.0	499	1
2420	749	2657	613	2592	434	2613	826
QDI	3522.0	3614.0	245	1
3578	3420	3407	3938	3740	3504	3366	3594
NQD	2572.0	2538.0	298	1
2801	2501	2477	2661	2421	2666	2591	2327
QCU	4374.0	1408.0	415	1
4437	1578	4540	1398	4055	1376	4466	1283
DWJ	972.0	992.0	257	1
994	1042	903	1221	1231	662	760	1043
