PEZ	2896.0	2082.0	144	1
2814	1953	2848	2038	3014	2374	2910	1966
VCM	4153.0	1373.0	90	1
4047	1426	3995	1584	4434	1268	4137	1215
PSJ	3847.0	3100.0	164	1
3757	3016	4024	3168	3923	3259	3686	2959
PBM	1730.0	1993.0	280	1
1782	2028	1811	1966	1722	1976	1605	2003
TAV	1213.0	1841.0	166	1
1307	1934	1273	1853	1091	1872	1181	1705
ECQ	3988.0	3956.0	284	1
4205	3739	3815	4263	3991	3973	3942	3852
EKL	4104.0	2849.0	247	1
3999	2911	4092	2834	4217	2682	4108	2969
GMY	1172.0	545.0	107	1
1379	669	1025	505	991	675	1293	331
XNS	2493.0	1273.0	250	1
2486	1279	2461	1579	2523	1116	2503	1118
MZS	2325.0	461.0	26	1
2281	316	2249	791	2194	241	2578	496
AJB	3143.0	1570.0	25	1
2772	1632	3271	1637	3220	1463	3309	1548
OVA	3383.0	1741.0	104	1
3503	1435	3292	1875	3382	1842	3356	1814
QGT	1493.0	916.0	243	1
1677	870	1544	1108	1376	887	1378	800
XIR	1298.0	1845.0	65	1
1515	1702	1015	1983	1567	1927	1095	1770
DUN	2336.0	3396.0	44	1
2197	3284	2648	3585	2361	3320	2139	3398
UUQ	2243.0	1436.0	191	1
2494	1291	2012	1655	2075	1521	2392	1278
BPA	796.0	3031.0	100	1
895	2828	942	3161	610	3054	740	3081
AGF	3269.0	3693.0	61	1
3412	3669	3344	3751	3122	3809	3199	3545
QHY	717.0	3260.0	157	1
807	3119	620	3133	500	3683	943	3107
YXJ	691.0	2572.0	56	1
666	2338	680	2818	829	2477	591	2658
WHT	1607.0	1773.0	194	1
1752	1511	1530	1702	1478	2077	1670	1804
BFU	1617.0	3515.0	263	1
1754	3351	1741	3708	1587	3685	1386	3319
IID	934.0	4059.0	136	1
1003	3827	580	4142	1113	4056	1041	4212
WQT	772.0	2232.0	154	1
785	2351	625	2372	929	2250	750	1958
VUD	1089.0	2897.0	228	1
1105	2713	1191	2845	1091	3102	971	2928
KDU	1269.0	2013.0	108	1
1269	1749	1358	2139	1260	2016	1190	2148
VWG	1150.0	2711.0	272	1
1198	2890	1068	2769	1123	2663	1213	2523
OBG	806.0	2497.0	280	1
1119	2487	630	2716	755	2141	722	2645
YTZ	1554.0	2730.0	120	1
1555	2680	1486	2650	1337	2969	1840	2624
QPM	1324.0	3449.0	224	1
1106	3642	1111	3620	1583	3363	1499	3172
XCS	4455.0	1571.0	267	1
4363	1559	4509	1663	4413	1789	4535	1274
ONV	1264.0	3410.0	7	1
1276	3474	1072	3467	1280	3384	1429	3316
ZIE	4307.0	3500.0	246	1
4407	3233	4224	3603	4383	3581	4217	3583
CWU	1662.0	2152.0	206	1
1928	2261	1744	2188	1532	1985	1445	2176
NHK	3740.0	1588.0	107	1
3631	1779	4057	1728	3761	1392	3512	1455
UAU	2516.0	3022.0	25	1
2753	3237	2278	3087	2341	2928	2693	2838
YHX	4241.0	1430.0	1	1
4110	1431	4264	1617	4333	1112	4258	1561
IUV	3423.0	3973.0	275	1
3363	3833	3356	3969	3621	4175	3355	3918
FWX	2398.0	1376.0	200	1
2531	1504	2272	1394	2490	1183	2300	1423
QQQ	2284.0	349.0	225	1
2422	524	2262	360	2168	361	2286	154
GTP	3246.0	4012.0	269	1
3418	4096	3416	4208	3110	3869	3042	3876
ATM	1668.0	1170.0	46	1
1971	1102	1591	1103	1511	1078	1600	1398
GER	4300.0	4004.0	146	1
4384	4189	4228	3629	4315	4162	4276	4039
BTH	3755.0	1175.0	3	1
3677	1038	3679	1267	3952	1187	3715	1208
TAI	2672.0	3686.0	163	1
2571	3625	2707	3672	2863	3813	2548	3636
BNN	3615.0	3417.0	254	1
3634	3346	3572	3458	3528	3624	3728	3241
ZXO	3628.0	593.0	220	1
3817	751	3492	442	3691	401	3512	781
VKQ	2006.0	3872.0	222	1
2082	4067	1867	3621	2068	3869	2009	3934
NLP	3576.0	1399.0	78	1
3696	1404	3549	1348	3373	1694	3688	1151
HQH	2843.0	4116.0	102	1
3069	4161	2738	4068	2743	3915	2822	4323
