RLZ	1554.0	4141.0	358	1
1648	4209	1587	4275	1570	4084	1413	3996
MLQ	3759.0	3298.0	334	1
4105	3260	3615	3495	3701	3221	3615	3217
NZZ	1204.0	1877.0	275	1
1216	1934	1131	1725	1244	1854	1226	1997
JBH	4175.0	1994.0	454	1
4399	1971	3987	1948	4242	2016	4074	2042
GVE	1421.0	667.0	278	1
1675	475	1376	853	1340	701	1296	642
BZY	2553.0	2090.0	419	1
2798	1806	2417	2090	2406	2210	2592	2256
GFK	4133.0	451.0	215	1
4362	489	4081	404	3799	505	4290	409
ZJI	3543.0	2515.0	497	1
3401	2372	3527	2594	3578	2365	3667	2729
HEK	2656.0	2744.0	455	1
2589	2611	2560	2580	2617	2962	2858	2825
PHM	622.0	2578.0	421	1
792	2639	531	2553	426	2613	740	2507
RVO	3523.0	2093.0	333	1
3767	2313	3361	2042	3624	1929	3343	2090
JJF	577.0	3650.0	308	1
490	3448	323	3477	864	3824	632	3853
VYL	1999.0	2438.0	390	1
2324	2605	1843	2202	1846	2469	1984	2476
JXL	2288.0	1727.0	442	1
2279	1570	2228	1772	2357	1832	2291	1736
KYJ	895.0	3785.0	464	1
662	3698	915	3785	980	3745	1026	3913
NQR	1807.0	2236.0	315	1
2034	2326	1811	2190	1844	2094	1542	2334
IOF	1995.0	4186.0	365	1
1830	3948	2243	4478	2096	4216	1811	4104
UKY	3109.0	3956.0	353	1
3192	4081	3004	3818	3161	3759	3081	4169
DZI	4430.0	3778.0	343	1
4313	3589	4587	3967	4413	3672	4409	3884
PBI	1461.0	2257.0	438	1
1331	1940	1636	2266	1480	2367	1397	2456
PFT	3224.0	3563.0	394	1
3425	3574	2950	3774	3379	3364	3142	3542
REW	2406.0	1311.0	409	1
2375	1184	2458	1259	2506	1357	2288	1445
XDE	3916.0	3635.0	284	1
3800	3795	3950	3445	3869	3736	4047	3565
KQN	959.0	1937.0	460	1
937	1964	751	1880	1270	2092	878	1814
GCH	2788.0	4330.0	314	1
2719	4323	2985	4536	2625	4301	2823	4161
CCO	1166.0	3678.0	268	1
1376	3537	941	3999	985	3718	1362	3458
WBJ	3275.0	1999.0	206	1
3313	1830	3261	1924	3342	2266	3186	1977
IAB	2707.0	2208.0	329	1
2455	2467	2722	2074	2787	2220	2867	2072
III	2195.0	4313.0	435	1
2289	4370	2530	4331	2005	4214	1959	4340
QCP	2954.0	2540.0	262	1
2814	2549	3112	2815	3035	2274	2857	2523
SGS	4043.0	3105.0	308	1
4014	3091	4109	3006	4097	3239	3952	3084
USO	2222.0	1392.0	272	1
1924	1675	2187	1182	2360	1247	2418	1466
RAZ	2121.0	4278.0	393	1
2230	4489	1799	4008	2304	4327	2153	4290
UWB	4139.0	2608.0	426	1
3950	2433	4040	2867	4128	2654	4438	2479
GFI	3888.0	1635.0	311	1
4017	1548	3615	1607	4056	1628	3867	1760
DUG	3632.0	3437.0	493	1
3400	3477	3832	3464	3610	3460	3688	3350
QNH	3671.0	718.0	420	1
3958	425	3634	965	3593	911	3499	573
ESM	3842.0	2180.0	369	1
3586	2334	4048	1943	3682	2372	4053	2072
GUY	1399.0	2567.0	286	1
1255	2567	1287	2567	1658	2693	1396	2444
ZBQ	3081.0	2559.0	256	1
2948	2666	3259	2790	3071	2430	3047	2353
YWH	770.0	1730.0	445	1
750	1721	581	1658	808	1743	941	1798
BMX	3855.0	3529.0	454	1
3800	3643	3693	3308	3794	3577	4136	3589
LHD	3536.0	3178.0	476	1
3551	3278	3568	3282	3455	3121	3572	3033
TEA	1080.0	2162.0	243	1
988	2005	1251	2115	804	2163	1278	2366
FFM	2836.0	542.0	388	1
2808	744	2752	422	2798	616	2988	386
BGQ	1482.0	1123.0	332	1
1584	1024	1264	1126	1400	937	1682	1408
JOL	3523.0	3161.0	445	1
3547	3191	3486	3450	3596	3089	3465	2916
HJS	2879.0	2462.0	468	1
3071	2290	2811	2507	2719	2678	2915	2373
UCK	2161.0	886.0	244	1
2051	911	1881	690	2342	1062	2372	884
LGK	1792.0	592.0	307	1
1749	389	1746	662	1863	587	1811	730
