OCZ	2019.0	2025.0	388	1
2115	1840	1999	1958	1817	2104	2147	2201
OIG	4384.0	2983.0	242	1
4441	3010	4174	2816	4320	3276	4601	2832
XBM	1825.0	2425.0	334	1
1872	2466	1513	2396	1826	2532	2089	2309
ZUZ	1637.0	3141.0	449	1
1708	2912	1489	3002	1481	3426	1871	3226
CUP	2617.0	3596.0	338	1
2474	3643	2701	3464	2815	3905	2481	3375
PZG	3777.0	2204.0	400	1
3927	2252	3802	2182	3685	2356	3696	2029
XJE	3208.0	2533.0	365	1
3368	2675	3115	2556	3371	2469	2981	2434
FKI	4167.0	3171.0	330	1
3984	2883	4451	3150	3994	3372	4242	3282
UCJ	2535.0	1015.0	245	1
2481	1081	2522	986	2413	923	2725	1070
EZU	2323.0	3146.0	230	1
2381	3013	2141	3282	2599	3031	2171	3260
JWV	933.0	3571.0	367	1
867	3562	965	3725	758	3468	1143	3530
LWD	3164.0	3057.0	271	1
3058	3065	3060	2754	3365	3151	3173	3259
PCV	2924.0	2870.0	347	1
2942	2935	2744	2709	3078	3170	2933	2668
PZO	4037.0	4251.0	487	1
4229	4395	3875	4426	4039	4020	4007	4166
NMI	1912.0	1015.0	431	1
1740	1196	2004	1075	2010	965	1896	825
JAE	3941.0	2953.0	322	1
4007	3186	3996	2843	3936	2713	3827	3072
AZS	1780.0	514.0	274	1
1685	455	1646	479	1630	543	2159	582
KQN	1116.0	1781.0	223	1
1110	1719	983	1503	1275	1903	1096	1999
EOO	790.0	3877.0	393	1
781	3904	919	3556	740	4016	721	4034
QIQ	875.0	4430.0	288	1
1032	4332	854	4525	710	4508	906	4358
STU	1220.0	1624.0	452	1
1431	1406	1272	1499	1011	1752	1167	1839
BYD	3480.0	4451.0	476	1
3526	4449	3544	4603	3480	4523	3371	4229
NLU	1981.0	3062.0	362	1
1638	3169	2037	3203	2227	3128	2022	2749
IKJ	3040.0	964.0	332	1
3021	909	3376	865	2835	1139	2930	944
ZRJ	3225.0	3086.0	477	1
3344	3085	2985	3256	3328	3056	3246	2949
ASB	3321.0	1405.0	236	1
3179	1527	3191	1167	3416	1363	3500	1563
UBV	2120.0	4053.0	307	1
2271	4070	2153	4056	2007	3930	2051	4158
ERQ	3817.0	1567.0	235	1
3768	1445	4012	1687	3735	1359	3756	1777
LLS	4198.0	2928.0	425	1
4245	2794	4196	2866	4013	3106	4338	2947
XBV	3336.0	1007.0	350	1
3646	1155	3434	801	3113	1010	3153	1064
CWP	3585.0	889.0	213	1
3590	840	3356	1070	3678	901	3716	748
GRG	3964.0	1580.0	326	1
3990	1761	4232	1287	3906	1665	3730	1609
GYA	3038.0	2852.0	485	1
3176	2684	2889	2693	3002	3204	3086	2828
ONJ	752.0	754.0	232	1
1000	897	779	530	624	636	606	953
VGW	3867.0	3144.0	436	1
3918	3250	3869	3049	3917	3195	3765	3084
XTN	4456.0	602.0	498	1
4501	563	4466	557	4371	480	4486	808
KFP	2458.0	2672.0	318	1
2660	2634	2341	2952	2495	2686	2339	2417
LBN	1910.0	2004.0	474	1
1744	2020	1961	1831	1732	2243	2204	1923
DNE	1247.0	3190.0	271	1
1448	3173	1095	3218	1353	3181	1092	3188
UTZ	1369.0	1184.0	412	1
1407	1049	1305	1551	1182	1156	1584	982
MGB	795.0	995.0	218	1
558	767	842	1182	721	1050	1059	983
BMG	3490.0	445.0	313	1
3700	385	3601	375	3166	571	3494	450
PZV	2707.0	4226.0	320	1
2758	4078	2641	4201	2657	4235	2775	4391
WUT	3397.0	660.0	403	1
3107	750	3310	615	3623	745	3550	530
TQA	475.0	1921.0	362	1
220	2174	616	1833	564	1894	503	1784
SZA	3326.0	1480.0	205	1
3290	1310	3073	1648	3509	1469	3433	1493
FXG	2929.0	2088.0	500	1
2776	2152	3234	2019	2656	1969	3053	2215
TRE	3874.0	1419.0	295	1
3820	1426	3803	1352	3795	1695	4080	1204
FQS	3539.0	3870.0	369	1
3569	3921	3313	3852	3765	3997	3511	3712
KJD	3948.0	2590.0	480	1
3863	2741	4040	2320	3806	2572	4085	2730
