JJA	4258.0	1836.0	183	1
4321	1942	4178	1744	4191	2013	4345	1646
CME	2601.0	3033.0	140	1
2351	2859	2651	2827	2721	3074	2681	3372
TCW	545.0	2156.0	294	1
560	2037	832	2153	449	2025	342	2410
UKR	810.0	1853.0	81	1
741	1893	875	1816	749	1809	876	1895
WCM	3846.0	4182.0	283	1
4035	4031	3827	4304	3817	4051	3708	4344
FHM	3914.0	4357.0	131	1
3650	4155	4043	4607	3795	4526	4168	4142
PSU	1772.0	802.0	179	1
1790	664	1696	973	1718	623	1885	951
OFF	3415.0	2270.0	109	1
3456	2195	3273	2331	3480	2310	3453	2247
BNR	4305.0	2749.0	264	1
4246	2931	4468	2639	4379	3003	4127	2425
LZJ	4136.0	3212.0	144	1
3977	3126	4197	3127	4267	3326	4105	3272
KKQ	1279.0	2931.0	181	1
1223	3059	1456	2857	1304	3063	1134	2746
JAH	3471.0	1174.0	272	1
3439	1166	3370	1003	3526	1073	3552	1454
BYP	720.0	1617.0	65	1
563	1829	737	1584	551	1406	1031	1650
EUE	606.0	1072.0	220	1
417	1299	657	909	556	1175	795	908
AZP	1866.0	1182.0	286	1
1790	1381	1655	1199	2027	1084	1992	1067
RWT	1432.0	1137.0	28	1
1333	925	1411	1210	1467	1034	1520	1382
PDA	3562.0	3369.0	121	1
3606	3525	3254	3397	3787	3155	3604	3401
QGO	665.0	958.0	26	1
642	682	479	1111	797	941	745	1100
KOC	768.0	2320.0	8	1
476	2442	889	2116	910	2514	800	2208
FBD	3688.0	705.0	128	1
3581	475	3832	846	3531	654	3811	847
ZRN	3513.0	2343.0	5	1
3485	2376	3534	2418	3401	2285	3633	2295
IVE	4384.0	4448.0	71	1
4598	4569	4341	4201	4145	4510	4454	4513
QBO	349.0	2074.0	233	1
327	2058	532	2074	274	2104	265	2062
KHG	3606.0	1590.0	31	1
3498	1534	3520	1735	3884	1598	3522	1495
UTG	2347.0	4333.0	67	1
2296	4413	2281	4539	2452	3957	2361	4425
LSQ	2400.0	4012.0	122	1
2492	4005	2294	4217	2482	3722	2334	4104
YCP	4424.0	2450.0	113	1
4439	2456	4182	2462	4540	2344	4536	2541
LFN	406.0	4269.0	71	1
449	4385	521	4464	242	4026	415	4203
EUE	3730.0	639.0	143	1
3776	796	3406	461	3812	851	3926	451
IWL	2781.0	4015.0	80	1
3043	3813	2557	4073	2784	4223	2741	3953
CDQ	4143.0	806.0	198	1
4154	699	4012	740	3990	809	4416	977
RXS	2324.0	4356.0	218	1
2585	4237	2383	4518	2138	4412	2192	4260
HYW	3861.0	3074.0	188	1
3939	3056	4114	3391	3769	2882	3623	2970
PHN	3929.0	2727.0	239	1
3904	2746	3913	2635	4024	2540	3876	2987
YCB	2029.0	3009.0	142	1
1876	2795	2291	3216	1899	3037	2052	2989
PEH	4063.0	4141.0	8	1
4137	4151	4130	4094	3851	4177	4134	4144
LLC	3906.0	1917.0	206	1
3993	1757	4031	2237	3749	1857	3851	1819
EQB	2688.0	3531.0	218	1
2447	3365	2952	3293	2438	3772	2916	3697
BIA	839.0	4034.0	166	1
846	3958	680	4102	1036	4146	795	3931
UPM	4303.0	3205.0	42	1
4409	3129	4247	3476	4539	3005	4020	3211
GMH	2007.0	3875.0	158	1
2026	3692	2067	3838	1794	3998	2142	3974
QDV	4409.0	3202.0	279	1
4017	3220	4539	3326	4566	3047	4514	3216
ENM	3778.0	2234.0	111	1
3980	2400	3904	2125	3522	2247	3708	2165
YYG	1509.0	3553.0	103	1
1503	3449	1445	3413	1377	3563	1713	3788
LTX	3710.0	2220.0	264	1
3506	2096	3970	2174	3970	2120	3396	2490
LNO	1030.0	3051.0	198	1
1075	3214	812	3043	1051	3030	1183	2919
SBZ	3836.0	2989.0	1	1
3784	3035	3998	2991	3501	3092	4062	2839
IAK	4503.0	4040.0	219	1
4179	3877	4542	4111	4630	4203	4664	3972
CSW	237.0	2431.0	40	1
104	2440	390	2338	209	2595	248	2351
VIK	1128.0	2513.0	225	1
1101	2310	1250	2736	1124	2290	1040	2719
