JKZ	2304.0	983.0	272	1
2157	839	2491	1334	2407	906	2162	854
JSX	2731.0	529.0	226	1
2565	305	2603	604	2892	612	2864	596
SQN	1380.0	2242.0	94	1
1212	2017	1504	2402	1263	2189	1542	2362
MMP	2381.0	1129.0	95	1
2290	1089	2452	1366	2467	994	2318	1069
ZWL	3971.0	2537.0	136	1
3923	2564	3801	2385	4138	2346	4024	2853
MQS	632.0	3371.0	238	1
669	3686	660	3511	599	3153	600	3137
TPJ	766.0	602.0	167	1
873	498	959	578	629	749	606	585
DQZ	1619.0	2959.0	115	1
1753	3002	1448	2798	1424	3044	1851	2994
OWG	2766.0	3618.0	217	1
2872	3735	2744	3436	2666	3564	2785	3739
LYB	2524.0	2467.0	171	1
2378	2680	2666	2383	2611	2419	2444	2389
LWF	433.0	2048.0	56	1
710	1931	270	2188	400	1994	353	2079
QZE	2356.0	4308.0	275	1
2258	4248	2445	4413	2402	4144	2320	4427
GQA	1902.0	3032.0	262	1
1814	3061	1977	3161	1685	2746	2132	3160
GZB	3736.0	2337.0	203	1
3736	2533	3817	2143	3633	2190	3761	2484
SKS	1248.0	1999.0	189	1
1439	2183	1140	2092	1332	1758	1081	1966
WRU	3686.0	1939.0	180	1
3519	1842	3921	1834	3651	2120	3653	1961
XJM	1591.0	1438.0	108	1
1543	1469	1500	1776	1575	1252	1747	1258
GZW	1608.0	788.0	281	1
1669	644	1679	747	1545	866	1541	897
RKN	4145.0	2467.0	30	1
4090	2206	4327	2521	4039	2557	4127	2586
QAC	2319.0	3307.0	150	1
2279	3471	2246	3414	2277	3090	2477	3256
ZHQ	4476.0	1480.0	79	1
4582	1426	4528	1326	4585	1541	4212	1627
DRV	3474.0	3008.0	51	1
3304	2788	3577	3036	3564	3156	3452	3053
FLP	1768.0	3453.0	231	1
1708	3476	1917	3386	1738	3254	1709	3698
XXF	2231.0	920.0	67	1
2489	1164	2147	959	2162	842	2128	716
HRI	852.0	3162.0	92	1
735	3014	799	3126	987	3349	887	3161
AOL	4252.0	3962.0	237	1
4307	4051	4017	4081	4355	3858	4331	3859
JDG	2076.0	3203.0	186	1
2131	3088	2109	3483	2059	3148	2007	3093
ODB	2535.0	1035.0	219	1
2830	933	2474	862	2264	1332	2573	1013
ZMY	2457.0	2199.0	230	1
2395	2135	2529	2123	2418	2406	2486	2132
JOP	3896.0	1035.0	83	1
3959	842	3908	985	3982	1338	3738	977
RQU	2572.0	1891.0	209	1
2630	1580	2581	2080	2569	1892	2511	2014
RLT	486.0	1132.0	148	1
706	1106	418	1088	431	1217	390	1120
BTJ	3921.0	4009.0	86	1
3896	4058	3937	3809	4006	3985	3845	4186
BGG	2458.0	470.0	208	1
2524	172	2597	701	2632	295	2080	714
VAZ	2478.0	604.0	294	1
2426	611	2609	722	2513	540	2364	546
UCM	4371.0	1993.0	113	1
4240	2029	4464	1982	4298	1997	4484	1964
HBH	663.0	2338.0	0	1
416	2202	714	2328	740	2238	782	2584
YUP	1273.0	2095.0	112	1
1310	2423	1284	2143	1419	1889	1079	1927
JFS	3703.0	2205.0	187	1
3860	2057	3445	2218	3674	2561	3836	1987
BVI	2247.0	830.0	8	1
2224	778	2295	1029	2193	833	2278	681
WVA	1031.0	3836.0	102	1
988	3701	783	3834	1149	3867	1205	3945
VWC	709.0	881.0	163	1
638	1096	602	897	991	740	607	791
TTX	4090.0	1029.0	257	1
4252	1085	4225	1145	3703	1104	4182	782
CHF	1390.0	2672.0	228	1
1385	2559	1363	2707	1375	2443	1438	2982
NNX	2504.0	962.0	74	1
2282	949	2440	772	2751	928	2544	1199
XSA	744.0	1268.0	70	1
587	1332	734	1086	665	1125	990	1531
NNA	1568.0	4097.0	136	1
1589	4051	1365	4309	1825	3961	1496	4069
VKL	1238.0	3781.0	7	1
1313	3517	968	3808	1265	3885	1408	3915
EZP	870.0	3820.0	174	1
740	3971	639	3971	1018	3777	1084	3561
ZVH	3066.0	2903.0	281	1
3180	2996	3200	2854	3181	2992	2703	2772
