OJS	4125.0	2835.0	368	1
3981	3054	4249	3083	4051	2620	4219	2585
PGS	3602.0	4324.0	498	1
3728	4148	3782	4559	3505	4341	3393	4249
QNF	1710.0	2296.0	252	1
1931	2113	1461	2258	1591	2561	1860	2254
IRN	582.0	3136.0	394	1
774	3059	291	3134	570	3155	694	3199
OYS	1831.0	795.0	271	1
1699	711	1969	793	1813	1056	1845	621
QPP	2152.0	3674.0	279	1
2228	3666	2161	3845	2229	3688	1992	3498
RZW	4567.0	1149.0	382	1
4519	1285	4534	1205	4683	843	4534	1265
YBR	3233.0	1784.0	263	1
3225	1719	3138	1786	3169	1779	3401	1852
WKU	3770.0	3366.0	282	1
3665	3307	3629	3391	4118	3512	3671	3257
OOR	1763.0	1638.0	205	1
1934	1825	1478	1321	1766	1652	1876	1755
BWF	1859.0	3505.0	434	1
1937	3448	1918	3513	1663	3663	1919	3399
CJP	3763.0	1625.0	320	1
3855	1383	3535	1732	3800	1647	3862	1739
FXB	3151.0	2750.0	497	1
3265	2939	3230	2711	3213	2636	2897	2716
LWX	1198.0	1530.0	400	1
1154	1638	1202	1757	985	1187	1451	1541
EIC	2221.0	1219.0	382	1
2095	1384	2348	1360	2174	1215	2270	917
CGH	2033.0	4281.0	471	1
2028	4371	1907	4259	1983	4347	2214	4147
TQX	2209.0	2391.0	321	1
2190	2369	2155	2451	2255	2434	2238	2312
NME	721.0	4160.0	273	1
596	4298	807	4182	921	4240	560	3921
OOF	2294.0	3641.0	426	1
2039	3753	2432	3476	2246	3578	2460	3760
BJV	956.0	2888.0	444	1
899	3093	805	2762	1102	2694	1019	3005
YFC	2828.0	2529.0	320	1
2890	2616	2647	2658	2825	2378	2951	2465
TWU	3306.0	3565.0	236	1
3233	3858	3468	3621	3074	3431	3449	3350
CXF	620.0	4185.0	283	1
761	4114	551	4320	824	3967	347	4342
DZW	1377.0	1456.0	375	1
1393	1647	1389	1320	1423	1335	1305	1524
XFE	3911.0	2112.0	235	1
3907	2302	3755	2147	4054	1840	3931	2160
MYC	3082.0	4329.0	287	1
2954	4293	3352	4447	3059	4506	2966	4072
IWT	2672.0	2154.0	207	1
2638	2220	2604	2203	2598	1949	2851	2246
DLN	3953.0	1152.0	203	1
4067	946	3908	899	4007	1419	3832	1346
RVB	606.0	2729.0	426	1
355	2655	684	2868	736	2574	650	2819
ZBY	3313.0	2020.0	254	1
3468	2078	3444	1896	3172	2022	3170	2084
OWT	1451.0	1348.0	344	1
1365	1260	1380	1176	1608	1365	1453	1591
TXW	4109.0	3542.0	266	1
4025	3293	4058	3810	4265	3585	4090	3483
THP	562.0	2420.0	355	1
502	2590	486	2300	633	2389	629	2403
TKM	2981.0	3269.0	353	1
3210	3285	2829	3311	2811	3262	3075	3220
EMC	3576.0	2100.0	268	1
3735	2205	3435	2220	3455	1853	3679	2123
LLT	2436.0	3379.0	366	1
2422	3267	2440	3489	2448	3127	2436	3633
WEU	810.0	3135.0	402	1
766	2886	821	3271	729	3261	927	3125
NXQ	2151.0	1010.0	316	1
1945	968	2452	1317	2172	1019	2035	737
HNR	2264.0	3370.0	346	1
2160	3317	2510	3086	2345	3515	2043	3565
FRO	604.0	4252.0	435	1
616	4113	656	4006	367	4432	780	4458
JCU	4281.0	1329.0	409	1
4105	1009	4035	1455	4400	1415	4586	1438
JVR	2651.0	2890.0	333	1
2930	2869	2658	2925	2505	2619	2514	3148
XFU	4015.0	1996.0	267	1
3863	1845	3955	2198	4100	2147	4145	1797
KFQ	744.0	2518.0	224	1
944	2587	667	2583	702	2548	664	2354
HXS	3369.0	1843.0	307	1
3550	1678	3257	2112	3229	1933	3443	1652
ART	3102.0	4008.0	345	1
2929	4213	3218	4211	3201	3751	3060	3860
YGO	1923.0	549.0	270	1
1964	702	1965	441	1867	747	1899	306
ZGW	683.0	3441.0	448	1
884	3487	636	3089	748	3567	464	3623
POG	1900.0	2370.0	264	1
1855	2260	2083	2527	1980	2400	1685	2296
EOR	887.0	4258.0	457	1
1060	4466	707	4194	739	4449	1043	3923
