JWX	1473.0	4269.0	223	1
1269	3948	1437	4366	1541	4324	1647	4439
RKL	1946.0	1628.0	289	1
2070	1404	2122	1493	1914	1705	1679	1910
QHU	1424.0	3757.0	446	1
1515	3600	1541	3772	1391	3794	1250	3863
CPW	2442.0	3952.0	359	1
2710	3992	2665	3981	2168	3901	2228	3936
XJZ	3972.0	1685.0	313	1
4134	1838	3845	1589	3996	1713	3916	1601
TXN	3674.0	1944.0	408	1
3889	2016	3525	1703	3460	2277	3824	1780
VKO	2320.0	4100.0	401	1
2441	4132	2423	4067	2369	3891	2047	4312
UGR	3388.0	2214.0	375	1
3507	2130	3300	2338	3228	2321	3520	2067
LQS	3062.0	3806.0	238	1
3037	3761	3281	4029	3027	3901	2905	3534
TIM	3397.0	2897.0	500	1
3628	2734	3386	2777	3342	3162	3234	2916
MBX	2006.0	411.0	422	1
2121	290	1726	778	2133	267	2045	309
HOE	750.0	4210.0	224	1
602	4115	762	4448	821	4151	816	4127
BWY	3722.0	3354.0	274	1
3749	3457	3746	3408	3653	3329	3741	3223
AUS	2323.0	1254.0	220	1
2438	1519	2337	1210	2178	1178	2340	1110
PEM	3703.0	2302.0	449	1
3879	2204	3452	2422	3751	2364	3731	2221
PGR	3574.0	809.0	285	1
3571	1029	3560	766	3844	623	3323	818
RUV	2915.0	1065.0	468	1
2914	1173	3234	944	2684	1006	2831	1138
OFM	2016.0	1926.0	204	1
2058	1873	2043	1888	2085	2052	1879	1894
SCK	745.0	1966.0	226	1
949	1929	447	2106	998	2070	588	1759
TWA	2184.0	4073.0	236	1
2015	4131	2321	3825	2075	4123	2325	4216
NYP	2924.0	3002.0	296	1
2809	3169	3177	3129	2837	2980	2873	2731
INM	4300.0	2457.0	356	1
4233	2504	4433	2639	4271	2342	4264	2346
YQJ	3436.0	3539.0	476	1
3138	3737	3656	3548	3469	3439	3483	3434
WMH	917.0	574.0	286	1
886	554	913	260	1119	755	751	729
VLN	1159.0	4441.0	223	1
1064	4574	1150	4101	1307	4480	1117	4609
WGS	1223.0	3822.0	499	1
1475	3965	1070	3717	1173	3668	1175	3941
ZRR	950.0	1766.0	478	1
1175	1729	999	1725	770	1741	856	1871
NTD	1117.0	825.0	235	1
944	670	1252	824	1280	742	994	1064
LQN	3981.0	899.0	254	1
3860	1057	3794	791	4273	684	3998	1067
WLX	4098.0	942.0	241	1
4216	961	4099	935	4106	1001	3974	873
QJY	2575.0	2288.0	258	1
2513	2525	2616	2133	2679	2381	2495	2116
OSZ	3442.0	724.0	410	1
3265	887	3671	720	3565	526	3270	766
WFM	2323.0	2547.0	431	1
2100	2478	2436	2653	2426	2739	2332	2321
HAT	3788.0	1351.0	452	1
3844	1315	3697	1411	3705	1160	3906	1519
KTW	2728.0	640.0	210	1
2614	501	2812	669	2743	707	2746	683
SLP	2012.0	1926.0	290	1
2171	2035	2091	2208	2182	1755	1604	1706
HNM	3591.0	4148.0	247	1
3892	4271	3406	4000	3528	4132	3539	4191
RTR	1773.0	4403.0	331	1
1704	4551	1889	4400	1802	4266	1699	4395
LWX	1996.0	3763.0	317	1
1741	3994	2194	3851	2188	3749	1864	3458
GHX	2419.0	4218.0	448	1
2348	4133	2218	4081	2421	4392	2691	4269
UZS	975.0	1280.0	369	1
1038	1124	955	1329	1043	1265	867	1403
OBO	1013.0	1345.0	394	1
891	1191	908	1233	985	1328	1270	1628
XTR	3607.0	3600.0	253	1
3521	3340	3688	3638	3391	3727	3829	3696
UXM	2228.0	4014.0	388	1
2235	3942	2140	4013	2227	3898	2310	4206
WJQ	717.0	1830.0	420	1
615	1754	929	1670	937	2003	387	1896
DIX	3744.0	901.0	442	1
3505	802	3974	811	3725	951	3773	1040
XLI	944.0	2226.0	409	1
923	2206	895	2270	942	2061	1018	2368
NZN	1187.0	1567.0	406	1
1043	1703	1241	1605	998	1684	1469	1278
RTR	3084.0	4320.0	417	1
3143	4488	3123	4264	3007	4267	3065	4264
ZZS	3131.0	4003.0	309	1
2932	4326	3141	3842	3066	3897	3388	3950
