IZL	1886.0	3220.0	198	1
1503	3308	1992	2983	2093	3438	1957	3154
HTS	1153.0	4134.0	161	1
973	4282	1010	4196	1157	4263	1472	3795
QKP	426.0	2684.0	77	1
312	2693	247	2838	436	2581	711	2625
PVN	1608.0	2838.0	42	1
1509	2827	1830	2775	1469	2853	1626	2897
WKB	2566.0	3880.0	278	1
2533	3885	2318	3940	2689	3864	2725	3834
RCY	889.0	1295.0	201	1
1027	1409	753	1398	945	1213	834	1163
AQS	1787.0	4353.0	219	1
2039	4346	1657	4403	1613	4309	1839	4356
OQT	2024.0	4310.0	279	1
1861	4339	1957	4528	1967	4317	2312	4059
BNC	2661.0	2593.0	109	1
2452	2408	2840	2459	2728	2893	2627	2612
ZUP	2153.0	1322.0	138	1
2008	1479	2011	1030	2204	1301	2390	1479
LJP	2696.0	3610.0	127	1
2464	3650	2866	3541	2671	3714	2783	3536
AOO	1325.0	3256.0	151	1
1086	3063	1070	3329	1578	3401	1568	3234
JZZ	2401.0	919.0	6	1
2185	1124	2148	920	2641	994	2630	640
TVA	1250.0	1502.0	230	1
1171	1392	968	1366	1513	1725	1349	1526
WFN	3595.0	4267.0	131	1
3478	4274	3661	4003	3484	4381	3757	4413
QCM	4036.0	3504.0	1	1
3899	3558	3953	3463	4205	3689	4088	3308
VEA	2800.0	4129.0	140	1
2608	4067	2541	4349	3043	3864	3009	4236
NOS	3671.0	1762.0	224	1
3645	1984	3771	1977	3763	1580	3505	1510
OWT	745.0	2700.0	200	1
534	2930	857	2612	811	2550	778	2711
FNE	3919.0	3669.0	84	1
4126	3685	3592	3629	4185	3675	3774	3690
CCA	3867.0	2136.0	52	1
3819	2002	3919	2285	3939	2236	3791	2024
OMI	2053.0	2585.0	55	1
2143	2811	1972	2458	1980	2259	2120	2813
BVZ	3222.0	2020.0	179	1
3299	1984	3058	1727	3362	2246	3169	2125
IKG	1947.0	3611.0	2	1
2121	3924	2139	3401	1622	3633	1908	3486
HGD	3140.0	2295.0	285	1
2884	2282	3320	2614	3319	2201	3039	2086
NGB	3120.0	2691.0	163	1
3132	2818	3148	2700	2864	2555	3338	2694
MEM	3784.0	1558.0	226	1
3976	1731	3985	1411	3668	1631	3507	1460
BII	1734.0	988.0	144	1
1707	1069	1893	1118	1694	895	1643	873
KSN	3446.0	3755.0	204	1
3579	3744	3265	3762	3625	3889	3317	3627
KAE	480.0	3444.0	225	1
374	3266	384	3682	369	3460	794	3370
RRH	576.0	1593.0	232	1
491	1685	531	1375	833	1788	450	1525
DVL	2319.0	4296.0	15	1
2491	3876	2129	4438	2133	4448	2523	4424
QWC	1844.0	3327.0	297	1
1915	3524	1898	3179	1888	3392	1678	3216
DCX	2279.0	4052.0	58	1
2195	4055	2192	3750	2539	4266	2193	4140
TSB	3993.0	4419.0	149	1
3855	4472	3984	4306	4228	4383	3906	4518
ZGH	4181.0	454.0	293	1
3866	627	4132	265	4324	320	4405	605
XSP	2779.0	1195.0	29	1
2956	1015	2726	1420	2638	999	2797	1349
XAF	862.0	3484.0	9	1
638	3338	1004	3616	891	3509	917	3476
BYS	4229.0	2234.0	118	1
3966	2193	4393	2088	4512	2089	4047	2569
TLZ	3592.0	3317.0	73	1
3432	3446	3456	3246	3831	3399	3649	3179
CVB	4093.0	1470.0	176	1
4349	1691	4042	1207	4054	1402	3929	1580
EDV	3696.0	554.0	283	1
3437	766	3845	438	3695	424	3807	590
KQC	2760.0	3910.0	6	1
2917	3930	2668	3742	2643	3838	2815	4132
TPU	2040.0	2993.0	106	1
1990	2944	2150	3009	2201	3164	1819	2858
YYQ	2392.0	925.0	149	1
2438	1069	2484	1068	2260	752	2387	812
CUD	3575.0	1839.0	214	1
3618	1922	3743	2046	3415	1741	3526	1648
WRZ	2561.0	980.0	90	1
2504	988	2782	1224	2326	842	2634	867
RVM	4430.0	2910.0	105	1
4496	2916	4114	2892	4620	3122	4493	2712
FNZ	1886.0	2000.0	195	1
1807	2214	1691	1812	1893	2002	2156	1973
AGU	3067.0	3642.0	136	1
3021	3895	3092	3415	3152	3712	3004	3546
