QKC	3388.0	3221.0	245	1
3241	3250	3441	3390	3326	3156	3546	3091
BEC	3510.0	1158.0	301	1
3355	1079	3502	1104	3441	1361	3745	1088
IHJ	2286.0	458.0	498	1
2176	252	2256	677	2260	744	2452	159
RQP	2657.0	685.0	431	1
2695	846	2430	781	2705	795	2801	318
MUA	2966.0	1223.0	249	1
3381	1315	2812	1029	2806	1109	2866	1441
KNV	3277.0	1042.0	344	1
3355	933	3226	1213	3503	877	3026	1146
VOO	4253.0	2097.0	251	1
3972	1973	4274	2017	4518	2372	4251	2029
FHJ	4398.0	3728.0	323	1
4527	3909	4579	3761	4291	3858	4197	3387
CFO	2481.0	3969.0	272	1
2398	3953	2413	3780	2838	3999	2275	4147
WEK	2554.0	839.0	336	1
2532	754	2679	674	2227	904	2781	1026
MJE	2989.0	2765.0	324	1
3307	2586	2837	2540	2923	3042	2892	2894
EGJ	1622.0	2280.0	320	1
1521	2302	1632	2438	1567	2214	1768	2166
JNZ	3327.0	809.0	263	1
3463	508	3265	975	3512	790	3068	966
LVW	4238.0	2024.0	304	1
4315	1863	4345	2082	4005	2182	4288	1971
AZJ	3313.0	886.0	389	1
3331	927	3546	832	3221	836	3155	952
LHE	1714.0	3066.0	433	1
1662	3339	1628	3094	1680	2927	1889	2906
THK	3757.0	4230.0	480	1
3902	4282	3553	4190	3772	4035	3803	4414
WZQ	1905.0	663.0	303	1
1995	426	1740	440	1877	858	2010	930
FFS	3645.0	3495.0	297	1
3418	3467	3753	3876	3796	3286	3615	3351
PZB	628.0	1892.0	233	1
600	1836	871	1964	477	2070	567	1698
WRT	694.0	1938.0	454	1
492	1753	978	1778	739	2221	570	2002
IKU	2211.0	2176.0	246	1
2372	2343	1955	2133	2060	2115	2460	2116
PZW	1217.0	1819.0	481	1
1396	1645	1140	1700	1067	1828	1267	2106
DIK	2454.0	3398.0	489	1
2613	3338	2492	3293	2369	3436	2343	3528
VJX	2194.0	3870.0	348	1
1979	3965	2341	3689	2093	3903	2366	3926
VZV	2218.0	3891.0	464	1
2066	3789	2168	3919	2134	3800	2506	4058
MZR	3686.0	396.0	485	1
3385	450	3782	298	3627	591	3950	245
RAN	1485.0	1130.0	437	1
1700	1091	1260	1194	1340	989	1640	1248
OWO	3685.0	688.0	313	1
3704	543	3480	790	3780	807	3779	614
GRA	3341.0	1120.0	263	1
3316	1342	3417	1284	3522	962	3112	892
MQN	3142.0	2746.0	398	1
3293	3002	3191	2689	3003	2461	3083	2832
YQU	3766.0	3170.0	272	1
3980	3069	3675	3287	3724	2931	3687	3394
IJY	3837.0	2287.0	402	1
3828	2151	3735	2214	3777	2515	4011	2271
OHM	3292.0	3092.0	272	1
3267	2998	3128	2830	3521	3290	3254	3252
LPN	1739.0	1067.0	452	1
1740	1325	1713	789	1798	1135	1706	1022
XDF	3422.0	3472.0	486	1
3101	3782	3669	3238	3658	3551	3262	3318
EPE	489.0	4194.0	444	1
501	4252	715	3928	340	4159	403	4439
PPT	2703.0	767.0	267	1
2524	925	2804	465	2932	1019	2553	659
PMH	3210.0	450.0	320	1
3331	499	2938	443	3301	334	3273	526
BPN	1032.0	3744.0	475	1
1376	3852	939	3643	1011	3904	804	3580
EMQ	396.0	1060.0	396	1
422	1070	339	1326	382	850	441	995
NZN	2178.0	3131.0	483	1
1987	3166	2164	3083	2378	2944	2186	3333
NGE	3940.0	2715.0	201	1
3891	2428	4099	2637	3711	3008	4059	2788
TLW	712.0	1491.0	386	1
608	1319	967	1661	566	1495	708	1492
VJM	909.0	2653.0	204	1
752	2783	950	2546	959	2890	975	2393
KRR	3560.0	3014.0	344	1
3695	3198	3640	3097	3532	2908	3373	2856
LFP	3211.0	3879.0	217	1
3218	3985	3243	3866	3027	3710	3358	3958
SDM	3966.0	3135.0	334	1
3999	2857	4105	3247	4004	3350	3757	3086
GKF	3563.0	4127.0	423	1
3408	4120	3677	4172	3819	3978	3351	4238
AAQ	1014.0	875.0	394	1
902	1044	1110	907	1030	813	1014	739
