SDV	2984.0	4034.0	282	1
2842	4058	2951	3982	3247	4248	2898	3848
AVS	1467.0	601.0	401	1
1387	736	1354	535	1496	411	1631	722
JWO	3065.0	2937.0	485	1
3060	2919	2837	2858	3252	2840	3113	3134
NIA	3433.0	3864.0	283	1
3334	3916	3693	3827	3335	4093	3373	3620
YEP	1178.0	3898.0	333	1
1150	3873	1095	3671	1479	3966	989	4084
SAG	2700.0	3208.0	347	1
2852	3434	2716	3071	2792	3055	2440	3273
ATF	2510.0	3788.0	366	1
2339	3940	2404	3834	2725	3552	2574	3826
CDO	2306.0	1571.0	229	1
2452	1773	2161	1378	2319	1415	2295	1719
SPU	2686.0	2828.0	202	1
2728	2722	2498	2973	2762	2674	2757	2944
ZLF	1301.0	2228.0	369	1
1449	2449	1209	2245	1123	2322	1425	1899
MTS	3970.0	1697.0	309	1
3892	1462	4100	1624	4045	1772	3846	1933
AFR	4354.0	1328.0	386	1
4546	1026	4199	1443	4523	1256	4148	1587
BIT	1607.0	4455.0	450	1
1471	4116	1757	4432	1723	4631	1477	4643
HCA	3465.0	3179.0	257	1
3344	3381	3326	3352	3590	2945	3600	3040
DRQ	971.0	3972.0	304	1
706	4204	1074	3853	1170	3746	936	4088
NCX	3683.0	1976.0	279	1
3896	2312	3437	1935	3978	1782	3423	1877
NSF	4249.0	2094.0	251	1
4097	2161	4604	1995	4167	2331	4128	1892
EKD	1295.0	3326.0	370	1
1210	3481	1355	3356	1532	3428	1085	3041
XIZ	1943.0	3733.0	297	1
1876	3854	1893	3855	1847	3619	2159	3606
FBP	444.0	442.0	338	1
542	436	595	228	338	708	303	398
TIP	1387.0	640.0	445	1
1608	654	1302	527	1119	639	1519	740
FPO	4503.0	3025.0	311	1
4365	3229	4607	2858	4465	2781	4577	3233
DPF	3673.0	974.0	413	1
3845	891	3375	1149	3840	1176	3632	681
PBV	2939.0	2767.0	393	1
2971	2511	2841	2669	2976	2799	2971	3092
QSW	2095.0	853.0	385	1
1873	898	2310	755	1834	1115	2365	644
WEA	3109.0	2152.0	426	1
2920	2327	3224	2200	3247	1987	3046	2095
TQU	1007.0	1805.0	358	1
1063	1702	946	2097	1024	1724	996	1698
EMD	608.0	2813.0	349	1
444	3078	833	2504	410	2729	745	2943
GTZ	2003.0	2912.0	307	1
1966	2956	1802	2947	2111	3033	2134	2714
ZJN	2738.0	3220.0	314	1
2814	2991	2552	3386	2778	3164	2810	3340
FSS	1599.0	3100.0	334	1
1418	3184	1906	3372	1467	2886	1605	2958
IFL	3526.0	1049.0	372	1
3198	828	3690	1226	3590	832	3628	1312
MDJ	563.0	1208.0	215	1
478	1100	440	1511	703	1077	634	1146
NOS	2584.0	4158.0	406	1
2416	4333	2557	4038	2646	4111	2718	4151
RKO	1641.0	2889.0	354	1
1681	3017	1695	3101	1461	2680	1728	2760
DWK	2139.0	2000.0	295	1
1883	2088	2238	1802	2256	2061	2182	2049
ZXR	3567.0	4207.0	349	1
3642	4179	3621	4002	3689	4234	3319	4416
VKH	2056.0	1831.0	351	1
2268	1803	1927	1842	2149	1780	1881	1901
BBJ	1643.0	2740.0	367	1
1705	2748	1653	2755	1764	2652	1450	2807
BQH	2430.0	3867.0	465	1
2591	3923	2388	3848	2219	3833	2525	3867
DRP	2927.0	4083.0	310	1
3030	3917	2979	4148	2705	4184	2995	4085
NMV	466.0	2168.0	417	1
680	1974	320	2131	353	2193	513	2374
DIO	2635.0	3142.0	464	1
2875	3377	2733	2995	2395	3146	2538	3051
UXL	3496.0	4399.0	251	1
3644	4415	3445	4629	3619	4249	3276	4305
QCJ	2603.0	2469.0	408	1
2447	2404	2725	2664	2407	2466	2835	2343
ZMV	2554.0	3291.0	440	1
2258	3086	2706	3616	2602	3360	2653	3104
MXH	875.0	1193.0	396	1
748	1256	783	1320	978	1028	993	1169
ZOE	1584.0	3690.0	437	1
1783	3582	1562	3567	1355	3702	1637	3912
HHP	1558.0	2249.0	337	1
1545	2250	1421	2326	1762	2211	1506	2210
RUH	3301.0	3039.0	330	1
3644	3076	3174	3068	3108	2872	3281	3143
