ITB	2553.0	2325.0	25	1
2605	2129	2647	2437	2386	2308	2574	2429
EWU	3759.0	1481.0	124	1
3787	1344	3896	1561	3686	1662	3667	1358
PSU	3880.0	1318.0	246	1
3664	1381	3908	1124	3990	1307	3960	1461
VND	3252.0	561.0	130	1
3477	536	3131	528	3246	722	3154	459
KTA	3801.0	766.0	67	1
3597	633	3746	906	3899	653	3962	872
VVN	3585.0	2780.0	204	1
3475	2977	3491	2762	3813	2721	3564	2661
JUJ	2081.0	3241.0	212	1
1874	3142	1963	3481	2126	3347	2362	2994
ADY	1254.0	3756.0	30	1
933	3960	1288	3908	1343	3784	1455	3375
LEL	826.0	1691.0	157	1
856	1631	936	1829	694	1835	818	1471
OBH	2275.0	3350.0	57	1
2484	3133	2153	3518	2357	3186	2108	3564
BSQ	458.0	1480.0	264	1
360	1774	663	1560	222	1281	588	1308
QUE	4243.0	1403.0	207	1
4399	1298	3939	1637	4231	1193	4406	1487
UMS	3026.0	988.0	166	1
2875	980	2866	1164	3190	841	3174	968
LOA	4007.0	3680.0	35	1
3670	4002	4138	3657	4187	3555	4034	3506
GDA	3614.0	2511.0	112	1
3531	2763	3953	2276	3468	2542	3505	2466
DGV	2440.0	2789.0	126	1
2387	3105	2505	2592	2316	2836	2554	2624
AVX	4117.0	4128.0	48	1
4076	3826	4327	4298	4011	4047	4057	4341
TJS	3852.0	1531.0	179	1
3682	1263	4005	1375	4087	1752	3634	1735
WYL	1446.0	3190.0	29	1
1633	2986	1384	3079	1160	3286	1610	3409
RCR	866.0	783.0	132	1
809	809	1111	754	684	595	861	977
FDF	3167.0	3217.0	17	1
3321	3065	3119	3213	2888	3175	3343	3418
IGG	1461.0	1200.0	22	1
1288	1067	1521	913	1403	1388	1633	1432
ITX	3659.0	941.0	110	1
3448	822	3576	1034	3854	853	3760	1057
IJA	3519.0	3984.0	78	1
3318	4022	3444	4014	3835	3986	3479	3915
AVY	3122.0	3640.0	61	1
3178	3507	2889	3821	3158	3695	3263	3540
DUL	2798.0	3490.0	239	1
2860	3228	2959	3375	2897	3664	2476	3694
BOP	4293.0	2584.0	14	1
4270	2716	4342	2674	4090	2745	4470	2203
QBK	1493.0	1598.0	117	1
1381	1460	1258	1602	1536	1587	1797	1746
JTC	4223.0	2809.0	258	1
4330	2989	4218	2741	4354	2869	3991	2637
VYP	1698.0	2021.0	113	1
1778	2262	1820	2099	1574	1972	1620	1751
JGN	3027.0	3790.0	236	1
3028	3832	2669	4002	3207	3576	3207	3750
KES	1920.0	4294.0	172	1
2103	4104	1802	4305	1754	4421	2022	4347
HEH	775.0	1655.0	103	1
791	1771	861	1429	771	1646	679	1775
CWH	1224.0	1001.0	13	1
1414	933	1236	1142	926	995	1322	937
EWS	2940.0	4271.0	18	1
2941	4559	2980	4245	2908	4101	2933	4180
WLU	2937.0	2323.0	128	1
2998	2420	2790	2181	2823	2386	3138	2306
XTF	1563.0	1243.0	22	1
1670	1284	1545	1075	1520	1174	1519	1440
XLW	2558.0	3036.0	207	1
2620	3139	2376	2944	2469	2984	2769	3079
CRK	2009.0	3089.0	293	1
2130	3247	1863	2928	2068	3250	1976	2931
NDN	3372.0	2138.0	11	1
3437	1998	3669	2035	3239	2281	3143	2240
PTA	3080.0	1852.0	258	1
3189	1775	2859	1691	3000	1887	3275	2058
VZV	2347.0	2504.0	7	1
2133	2295	2382	2711	2470	2757	2406	2254
CJX	2519.0	1450.0	77	1
2435	1520	2248	1615	2733	1372	2662	1296
AKN	3284.0	3965.0	11	1
3244	3974	3145	3691	3284	4108	3466	4087
PZF	4067.0	3335.0	292	1
4047	3300	4131	3327	3912	3244	4181	3471
DBX	2222.0	802.0	39	1
2194	1023	2252	831	2075	712	2368	643
OZQ	1994.0	3113.0	21	1
1984	3269	1800	3071	2185	2926	2007	3189
BVH	2649.0	3285.0	295	1
2894	3492	2444	3188	2716	3319	2542	3142
KGQ	1396.0	3682.0	251	1
1463	3811	1230	3552	1392	3635	1500	3730
BRU	687.0	565.0	181	1
902	381	612	584	794	499	440	799
