YBG	3637.0	3989.0	74	1
3392	3711	3809	3998	3727	4182	3620	4067
OSW	2018.0	4295.0	78	1
2010	4263	2089	4248	1892	4229	2081	4443
TRL	404.0	949.0	126	1
511	1092	399	914	571	964	136	827
BXQ	3391.0	4222.0	52	1
3310	4284	3582	4176	3127	4375	3547	4053
QME	2552.0	2058.0	241	1
2472	1929	2507	2325	2755	1860	2477	2119
PNL	2653.0	3234.0	84	1
2519	3278	2602	3221	2893	2996	2600	3441
TCO	1872.0	3091.0	13	1
1915	3085	1703	3355	2095	2951	1776	2976
CIP	2553.0	695.0	138	1
2574	495	2679	628	2712	938	2249	722
KPW	3872.0	794.0	109	1
3861	794	3837	575	4060	902	3731	907
WKA	3060.0	3884.0	149	1
3079	3874	3214	3698	2905	4008	3045	3958
TPN	627.0	3499.0	188	1
613	3685	746	3442	463	3237	689	3633
FYI	3793.0	844.0	227	1
3769	806	3923	999	3532	740	3949	834
ACM	1824.0	2931.0	265	1
1762	2884	1987	2792	1808	2982	1741	3068
SCE	1173.0	2905.0	165	1
1416	2887	1058	2861	1017	2848	1201	3024
IYP	4318.0	323.0	194	1
4094	293	4531	287	4381	128	4268	585
HGP	598.0	3427.0	13	1
722	3495	590	3382	736	3366	345	3465
ISD	3847.0	3315.0	286	1
3917	3138	4028	3533	3553	3186	3892	3403
OAC	3776.0	3765.0	9	1
3948	3826	3542	3786	3635	3757	3979	3691
LKZ	2072.0	1767.0	87	1
1908	1864	2311	1642	1962	1934	2107	1630
GQS	2697.0	2036.0	102	1
2598	1946	2691	2099	2884	1865	2615	2237
QKW	3590.0	3452.0	71	1
3620	3495	3753	3374	3481	3412	3509	3528
UDV	4419.0	2828.0	20	1
4394	3078	4627	3038	4255	2625	4403	2571
HDB	4414.0	4039.0	167	1
4290	3914	4604	4297	4115	4101	4647	3846
CGL	3787.0	4066.0	295	1
3768	4227	3819	3913	4025	4276	3536	3848
XPG	3894.0	2048.0	184	1
3804	1879	3761	1982	3798	2021	4215	2313
QZO	2719.0	3397.0	82	1
2447	3669	2825	3317	2832	3378	2775	3226
PFG	3169.0	2790.0	275	1
3380	2578	3024	2938	3149	2798	3126	2847
BOQ	856.0	2270.0	248	1
712	1992	732	2359	847	2560	1135	2170
BWI	1033.0	2804.0	276	1
1077	3017	985	3063	1042	2517	1030	2621
VEE	3340.0	2567.0	230	1
3241	2569	3472	2604	3193	2739	3455	2358
ANI	3789.0	4031.0	119	1
3997	3934	3668	4218	3551	3922	3940	4050
IEQ	1572.0	2517.0	170	1
1503	2380	1775	2598	1474	2437	1536	2655
JDO	4230.0	3551.0	19	1
4433	3691	3920	3303	4133	3661	4437	3550
KRH	1114.0	4090.0	175	1
1214	4008	847	4013	1407	4249	989	4091
SQK	2702.0	3798.0	8	1
2657	3908	3027	3922	2576	3679	2549	3684
XRR	1964.0	1132.0	177	1
1681	1292	2174	1004	1848	1358	2154	874
IIP	1178.0	3637.0	277	1
1110	3789	937	3776	1359	3570	1307	3415
XWI	3246.0	3711.0	53	1
2906	4066	3442	3526	3314	3616	3322	3638
FKT	3942.0	1000.0	256	1
3779	1185	4027	1216	4038	871	3927	731
TJT	701.0	1564.0	111	1
806	1669	678	1411	538	1301	784	1877
HUE	2940.0	2154.0	145	1
2837	2412	3006	1940	2876	2260	3043	2006
XPW	845.0	3247.0	188	1
932	3139	872	3243	892	3291	685	3316
CIJ	3919.0	2816.0	264	1
3889	2668	3970	2890	4097	2791	3721	2916
GLN	3278.0	3492.0	104	1
3063	3605	3352	3431	3224	3496	3474	3437
NTC	3452.0	2077.0	74	1
3309	2266	3564	1853	3337	1942	3600	2249
PVG	4196.0	1025.0	109	1
4032	1175	4447	1215	4179	769	4127	941
NJX	4376.0	3966.0	158	1
4324	4060	4180	3982	4626	4169	4375	3654
APA	4076.0	2401.0	99	1
4153	2220	4357	2462	3982	2320	3812	2602
JCQ	1224.0	911.0	43	1
1035	800	1096	1081	1335	673	1431	1092
URH	1087.0	1581.0	166	1
1237	1398	803	1478	1155	1687	1155	1764
