QBM	2170.0	3422.0	174	1
2303	3252	2098	3519	2411	3527	1871	3393
IFP	4376.0	2296.0	1	1
4258	2146	4411	2216	4377	2372	4461	2453
VTD	3566.0	1771.0	203	1
3593	1670	3574	1879	3593	1775	3505	1762
DPB	2448.0	1656.0	37	1
2352	1623	2504	1662	2717	1780	2222	1561
WYZ	1347.0	1218.0	225	1
1374	1047	1553	1222	1127	1390	1334	1213
IFP	1825.0	4209.0	46	1
1910	4293	1663	4336	1760	4001	1969	4206
ROH	3216.0	1249.0	293	1
3093	1268	3098	1058	3235	1405	3438	1267
HVQ	2661.0	3729.0	36	1
2668	3413	2776	3865	2649	3823	2552	3818
EYX	2186.0	401.0	69	1
2157	513	2275	577	2035	370	2279	145
WFC	3816.0	639.0	34	1
3917	576	3618	664	3780	746	3951	573
NMK	922.0	1201.0	227	1
860	1097	738	1184	959	1333	1131	1192
LQA	3648.0	1789.0	38	1
3854	1806	3749	2044	3530	1716	3460	1593
LEV	1224.0	4206.0	150	1
1094	4102	1472	4586	1312	4053	1020	4083
JSO	3476.0	1193.0	172	1
3485	969	3326	1380	3565	1134	3530	1291
GGM	3468.0	785.0	139	1
3626	600	3579	862	3147	943	3521	736
PCA	4046.0	2068.0	292	1
4095	2071	4008	2128	3935	1931	4146	2145
TSV	1800.0	3217.0	271	1
1890	3032	1848	3098	1720	3512	1744	3227
IOQ	1626.0	1293.0	173	1
1694	1133	1450	1412	1778	1263	1584	1365
EAR	2891.0	1691.0	110	1
2800	1442	2630	1976	2962	1838	3172	1508
ATL	1300.0	2875.0	275	1
1338	2824	1320	2700	1271	2910	1272	3068
BPG	3247.0	2460.0	15	1
3221	2287	3163	2549	3408	2642	3197	2365
QXP	2973.0	900.0	101	1
2965	747	3107	1009	2712	1147	3108	698
XGG	1026.0	825.0	167	1
1065	1025	1246	754	1041	821	753	700
FSP	1805.0	2848.0	217	1
1830	2771	1854	2750	1677	2801	1861	3073
JEQ	691.0	3383.0	111	1
534	3358	822	3457	985	3439	426	3279
JAN	1411.0	563.0	271	1
1252	419	1424	552	1593	781	1378	501
XNQ	899.0	2456.0	145	1
1069	2581	811	2589	832	2155	886	2502
RHE	4346.0	2681.0	224	1
4487	2892	4455	2469	4387	2608	4055	2758
ZCI	422.0	3996.0	203	1
397	3967	163	3764	660	3939	469	4314
ZMZ	1912.0	537.0	243	1
1870	779	1951	440	2147	649	1680	280
COU	2884.0	3297.0	270	1
2858	3266	2776	3352	3025	3412	2879	3161
WVE	4267.0	3564.0	42	1
4441	3815	4416	3336	4029	3586	4183	3521
SLB	992.0	4004.0	282	1
1192	3875	1120	4161	828	4149	828	3833
SDV	1863.0	3840.0	216	1
1772	4002	2094	3764	1964	3529	1625	4065
MZM	1711.0	2155.0	42	1
1717	2206	1476	2012	1842	2222	1809	2182
LZT	3337.0	3208.0	157	1
2948	3180	3500	3170	3510	3413	3392	3069
VHN	4068.0	3956.0	80	1
4008	3983	4089	3781	3941	4021	4235	4039
BXJ	4189.0	1016.0	59	1
4294	772	3925	1103	4160	1179	4377	1011
ZMZ	534.0	2713.0	135	1
325	3024	510	2820	717	2461	587	2549
VGS	2514.0	1913.0	53	1
2472	1708	2522	2137	2376	1971	2689	1837
EGF	950.0	2674.0	135	1
640	2547	1147	2649	977	2637	1036	2863
TNA	2086.0	3808.0	33	1
2298	3467	2147	3959	1934	3931	1966	3878
MJT	3571.0	4090.0	63	1
3736	3874	3258	4380	3613	4210	3677	3896
BPW	1133.0	3460.0	204	1
961	3586	897	3556	1428	3304	1249	3394
TUQ	3523.0	2853.0	107	1
3302	2690	3772	3140	3746	2772	3274	2811
VFQ	2617.0	448.0	244	1
2388	417	2792	267	2916	650	2375	460
MCC	2512.0	3957.0	265	1
2647	3627	2342	4174	2517	3870	2545	4159
FNY	2783.0	1032.0	41	1
2737	971	2513	1360	2868	938	3017	859
DWU	4305.0	569.0	225	1
4429	329	4460	864	4252	442	4081	642
BML	3753.0	4057.0	91	1
3826	4304	4001	4049	3719	3822	3468	4054
