HRO	1337.0	1429.0	43	1
1558	1138	1106	1247	1135	1667	1550	1665
CEO	3112.0	3041.0	25	1
3250	2775	3244	3263	3202	3076	2752	3052
PUE	1307.0	861.0	279	1
1565	868	1206	775	1179	887	1281	915
MXS	1002.0	3473.0	69	1
962	3382	1081	3614	1187	3567	779	3331
MVG	593.0	4342.0	185	1
572	4361	821	4359	600	4589	381	4059
KPL	3569.0	1953.0	58	1
3692	2080	3426	1720	3588	1806	3572	2206
REQ	2933.0	4413.0	121	1
3009	4046	2854	4533	2817	4496	3053	4577
LMK	540.0	1079.0	184	1
541	1110	486	1187	536	1118	599	901
BBC	3338.0	620.0	56	1
3568	605	3416	631	3223	490	3148	755
CQO	771.0	929.0	10	1
654	724	667	1096	710	948	1053	949
VCY	1259.0	1573.0	287	1
1092	1703	1396	1263	1438	1803	1110	1524
XPR	3633.0	2133.0	298	1
3700	2099	3503	2377	3811	1822	3518	2237
YZE	3537.0	2982.0	160	1
3425	2993	3538	3095	3728	2863	3460	2979
ASQ	2560.0	406.0	52	1
2398	262	2428	819	2603	286	2814	257
RKV	3236.0	928.0	292	1
3174	884	3161	748	3445	1042	3166	1041
OIQ	3237.0	4071.0	158	1
3092	3948	3019	3978	3383	3966	3454	4395
HPB	1948.0	2780.0	137	1
1984	2549	1958	2874	1895	2820	1955	2879
DBG	3920.0	1609.0	68	1
4019	1583	4016	1963	3854	1406	3792	1487
VRR	3225.0	3924.0	251	1
2916	3935	3049	4138	3471	3974	3466	3652
JNC	3343.0	1169.0	184	1
3306	1127	3442	1040	3294	1351	3333	1160
UIW	3908.0	3127.0	59	1
3937	3056	3771	3263	3870	2845	4056	3345
QCW	1126.0	4177.0	133	1
1268	4136	1183	4250	1175	3947	881	4376
RZX	3994.0	2136.0	34	1
4054	2448	4028	1967	3893	2026	4004	2104
XHS	842.0	3614.0	54	1
1009	3737	802	3810	1001	3512	558	3400
BYY	2458.0	2906.0	40	1
2360	2948	2440	2841	2531	2858	2501	2977
XDF	1361.0	2587.0	15	1
1434	2394	1498	2515	1282	2581	1230	2861
AQO	2671.0	1741.0	190	1
2354	1709	2651	1609	2758	1908	2923	1741
FFZ	1123.0	2623.0	167	1
898	2811	1348	2456	1092	2578	1155	2648
AXJ	1363.0	2740.0	187	1
1392	2387	1244	2839	1536	2778	1283	2959
NDC	4231.0	2843.0	198	1
4429	2790	4112	2527	4317	2977	4067	3079
OBO	2578.0	496.0	189	1
2412	593	2804	577	2599	365	2497	452
LPT	793.0	917.0	34	1
1010	808	715	836	729	1087	719	940
MGL	3058.0	2734.0	265	1
3196	2834	2802	2788	2915	2617	3321	2700
TGK	1536.0	4517.0	30	1
1751	4502	1346	4615	1480	4385	1567	4566
DXX	4142.0	1440.0	38	1
4304	1543	4148	1592	4147	1290	3972	1337
BTI	1496.0	2975.0	230	1
1753	2632	1715	3131	1204	3168	1313	2971
JXN	3789.0	1166.0	102	1
3713	1122	3615	1187	3901	1079	3928	1277
PHU	2432.0	2184.0	11	1
2236	2341	2412	2082	2641	2149	2442	2166
EEN	1828.0	3349.0	51	1
1742	3181	1928	3230	1872	3555	1772	3433
SYX	2958.0	3400.0	159	1
3133	3559	2758	3315	2818	3584	3126	3144
TMO	2918.0	1865.0	12	1
3186	1956	2720	1803	2921	1867	2848	1835
PMK	1903.0	2236.0	90	1
1860	2441	2005	2060	1920	2156	1829	2289
BBP	928.0	3480.0	192	1
810	3556	1155	3493	848	3513	900	3361
RMB	2260.0	3656.0	238	1
2255	3785	2331	3605	2135	3672	2319	3562
BAB	817.0	4465.0	128	1
951	4288	936	4483	474	4623	907	4467
QQV	852.0	3635.0	102	1
901	3617	788	3638	725	3548	997	3738
PAY	3536.0	1094.0	242	1
3685	938	3659	1265	3476	1024	3324	1150
NET	856.0	2458.0	215	1
715	2729	869	2394	885	2434	958	2276
YQI	2840.0	1133.0	261	1
2923	893	2625	996	2909	1263	2903	1381
CKC	2239.0	522.0	155	1
2240	765	2359	510	2327	269	2032	545
