HCX	1477.0	3539.0	211	1
1697	3590	1517	3718	1346	3434	1348	3417
YOS	2319.0	770.0	225	1
2423	830	2242	623	2203	992	2410	636
DUZ	1069.0	2113.0	245	1
1081	1864	1019	2386	987	2131	1190	2074
MXY	4331.0	2240.0	341	1
4424	2292	4359	2018	4253	2536	4289	2115
EGJ	2149.0	1141.0	500	1
2388	1340	2351	1050	1972	1065	1885	1109
EOH	3204.0	951.0	338	1
3281	850	3014	802	3460	1032	3061	1123
HBO	2671.0	1702.0	493	1
2648	1807	2506	1735	2760	1555	2773	1712
IAC	2995.0	3923.0	467	1
3064	3981	2720	3773	3194	3943	3003	3995
CLN	507.0	720.0	459	1
713	911	471	458	582	924	263	589
TSV	533.0	2312.0	259	1
528	2258	419	2522	385	2114	803	2355
LVZ	3594.0	2481.0	404	1
3518	2495	3675	2391	3499	2449	3684	2589
GAW	3205.0	2520.0	253	1
3007	2526	3056	2596	3427	2312	3332	2648
TDZ	1961.0	2638.0	229	1
1894	2563	1856	2626	1929	2819	2167	2547
JCC	809.0	1410.0	361	1
978	1331	831	1434	470	1417	957	1461
GWR	3767.0	1861.0	222	1
3693	1944	3585	2098	3816	1741	3975	1663
WFE	2294.0	4516.0	458	1
2049	4467	2596	4620	2247	4505	2287	4475
UZJ	1196.0	2614.0	253	1
965	2568	1241	2500	1435	2769	1146	2621
NQC	2047.0	1044.0	450	1
2042	1209	2135	1136	1970	940	2041	892
CWZ	3340.0	760.0	434	1
3426	728	3152	751	3359	923	3425	638
AKX	2683.0	2151.0	317	1
2859	2133	2553	2149	2629	2167	2691	2155
YWQ	3125.0	2852.0	442	1
3378	2938	2943	2858	3341	3007	2841	2606
KDY	1782.0	3929.0	432	1
1905	3647	1825	4170	1574	3805	1825	4095
DTU	1722.0	1244.0	410	1
1641	1346	1620	1380	1801	946	1826	1305
LHG	2497.0	4317.0	404	1
2419	4170	2485	4292	2575	4624	2509	4184
SCE	2189.0	2553.0	351	1
2290	2630	2198	2347	1909	2747	2362	2491
CGP	2746.0	3860.0	247	1
2759	3794	2650	3713	2784	4185	2793	3749
JHO	4054.0	2838.0	417	1
3966	3138	4004	2607	4277	2892	3972	2716
TPS	3500.0	1069.0	278	1
3308	991	3573	885	3647	1399	3472	1004
LGV	3578.0	461.0	468	1
3704	395	3376	313	3466	491	3767	645
CTB	1112.0	1425.0	308	1
1137	1193	1375	1439	1107	1477	830	1592
DVA	2472.0	4336.0	403	1
2482	4502	2505	4440	2481	4121	2423	4284
NBS	1282.0	1345.0	331	1
1046	1292	1062	1711	1473	1240	1550	1138
AJN	2649.0	1699.0	279	1
2627	1734	2735	1601	2661	1932	2573	1529
KBA	544.0	510.0	273	1
491	445	634	505	271	724	783	368
UTI	1279.0	2661.0	318	1
1334	2954	1431	2490	1394	2776	957	2427
TRJ	2527.0	3235.0	454	1
2358	3433	2603	3303	2528	3152	2620	3052
SWD	3654.0	2649.0	363	1
3423	2737	3608	2586	3870	2695	3716	2580
PUE	776.0	1858.0	458	1
1056	1915	538	1968	865	1864	646	1686
HDC	3226.0	2908.0	420	1
3244	3138	3384	3004	2971	2918	3308	2575
IFY	3729.0	3245.0	299	1
3444	3308	3816	3110	3709	3100	3950	3464
XQJ	3863.0	3935.0	400	1
3753	3851	4040	3809	3890	4160	3770	3922
BTY	2930.0	3607.0	264	1
2850	3762	2765	3834	3099	3550	3007	3282
RFV	379.0	4176.0	492	1
441	4386	432	4210	224	4065	419	4044
GIU	2925.0	2075.0	279	1
3298	2145	2755	1912	2800	2089	2847	2155
KVQ	3930.0	2487.0	379	1
4039	2573	4048	2402	3762	2488	3872	2487
ZFB	3737.0	3537.0	457	1
3611	3244	3844	3624	3909	3644	3586	3637
RXD	3258.0	3928.0	323	1
3208	4021	3189	3850	3145	3752	3492	4091
DPE	1446.0	455.0	201	1
1456	696	1445	598	1493	247	1392	281
JMC	2134.0	1376.0	327	1
2057	1231	2237	1638	2215	1237	2027	1400
OTJ	869.0	1243.0	207	1
811	1140	906	1264	1044	1430	715	1141
