XOY	1051.0	684.0	265	1
757	780	956	724	1225	638	1269	594
BSN	3132.0	1852.0	268	1
3272	1692	3096	2045	2985	1823	3177	1850
DTV	3843.0	1271.0	338	1
3619	1091	3930	1392	3960	1009	3865	1594
TQL	4019.0	3176.0	410	1
3907	3313	3998	3199	3941	2805	4231	3387
MDG	1122.0	1833.0	397	1
1084	1950	1252	1784	1016	1631	1136	1968
TBJ	1736.0	652.0	233	1
1723	458	1843	769	1694	548	1686	836
GEH	2073.0	2215.0	488	1
2038	2432	2244	1982	1991	2381	2019	2067
BWG	971.0	4146.0	333	1
1188	4123	844	4136	961	4128	891	4198
CIA	2509.0	2256.0	338	1
2728	2198	2715	2446	2274	2240	2320	2143
JMM	757.0	3858.0	389	1
889	3581	1010	3678	631	4121	498	4054
KFR	2593.0	3659.0	322	1
2450	3586	2813	3783	2668	3647	2444	3621
MYF	627.0	3168.0	243	1
911	3341	719	3106	460	2991	419	3235
BRD	1672.0	510.0	200	1
1658	487	1625	399	1429	787	1979	369
WAV	3793.0	3458.0	223	1
3796	3366	3637	3269	3995	3556	3745	3644
XYE	3442.0	3037.0	204	1
3186	2860	3717	2860	3453	3149	3412	3279
XEG	3021.0	2157.0	430	1
3143	2302	3004	1816	2838	2371	3102	2142
YFY	668.0	3788.0	330	1
629	4019	556	3557	850	3984	639	3594
RSF	1782.0	4002.0	429	1
1584	3979	2028	4052	1674	4265	1844	3714
SUY	1746.0	678.0	395	1
1952	562	1833	381	1658	857	1541	914
OFX	3253.0	2486.0	382	1
3359	2288	3298	2748	2935	2441	3422	2469
COM	3299.0	440.0	250	1
3151	428	3505	264	3355	709	3187	361
ZGQ	2718.0	4357.0	291	1
2445	4641	2916	4582	2746	4110	2767	4095
RDO	1274.0	1057.0	333	1
1458	1221	1198	1005	1340	1098	1100	905
PNV	3201.0	1374.0	413	1
3211	1411	3061	1400	3318	1376	3214	1309
DAF	3004.0	1680.0	394	1
3168	1928	2905	1513	2956	1441	2990	1838
WJS	1571.0	1264.0	338	1
1697	976	1368	1104	1570	1473	1650	1503
TEW	2579.0	2487.0	248	1
2771	2735	2873	2375	2308	2198	2364	2641
KBM	3202.0	1649.0	251	1
3307	1657	3092	1516	3395	1721	3016	1704
VJV	4071.0	1322.0	392	1
4239	1268	3912	1318	4056	1187	4077	1515
GDU	4298.0	3411.0	393	1
4145	3401	4414	3409	4432	3479	4201	3355
KKM	674.0	3253.0	299	1
621	3286	814	3284	594	3389	668	3056
NKR	2900.0	2583.0	456	1
2903	2585	2859	2842	2726	2460	3112	2445
UOI	3642.0	2488.0	279	1
3378	2510	3810	2536	3801	2446	3581	2463
ZSS	3415.0	1186.0	437	1
3463	1203	3363	1200	3535	1001	3302	1341
LVF	847.0	645.0	250	1
1066	676	690	505	660	584	972	817
EWY	1332.0	1114.0	330	1
1509	978	1125	1304	1487	804	1210	1371
HJU	1968.0	2630.0	281	1
2006	2759	1829	2707	1822	2527	2215	2529
UMG	3330.0	3804.0	416	1
3622	4184	3402	3647	3174	3727	3125	3658
GTB	2941.0	4113.0	221	1
3043	4004	3011	4012	2932	4313	2778	4126
PWE	1574.0	1741.0	214	1
1364	1835	1591	1666	1537	1655	1806	1810
TJM	1208.0	2236.0	391	1
913	2224	1152	2375	1317	2200	1451	2148
VHN	2614.0	2609.0	414	1
2398	2471	2730	2747	2646	2814	2685	2405
JVF	1238.0	2167.0	233	1
1164	2276	1150	2004	1242	2165	1397	2226
JAK	701.0	1172.0	296	1
861	936	783	1299	571	1267	592	1188
BFW	1943.0	626.0	323	1
2087	582	1651	454	1880	854	2157	614
CVQ	747.0	2587.0	366	1
961	2338	560	2823	543	2310	925	2877
JXE	1583.0	1681.0	286	1
1380	1512	1639	1767	1768	1534	1548	1913
FQT	1160.0	2228.0	474	1
1069	2078	1131	2257	1226	2281	1216	2298
JBT	1757.0	1180.0	444	1
1997	1168	1622	1409	1825	937	1584	1208
ZNS	1380.0	1211.0	488	1
1107	1198	1528	1044	1319	1345	1567	1260
