BSB	1070.0	1045.0	453	1
974	818	903	1208	1295	1064	1109	1091
ISP	3268.0	1635.0	378	1
3228	1807	3338	1404	3012	1803	3494	1526
EVS	3219.0	1823.0	327	1
3101	1840	3315	1816	3304	1920	3156	1716
HNE	2009.0	750.0	352	1
2155	1040	1983	705	2013	522	1886	734
WXI	1867.0	3200.0	304	1
2032	3224	1640	3277	1907	2853	1892	3448
DBK	2552.0	1054.0	365	1
2622	1291	2481	1134	2823	824	2282	967
AMV	3513.0	4324.0	479	1
3502	4023	3648	4314	3542	4590	3363	4369
NXT	2353.0	2062.0	275	1
2350	1804	2461	2311	2283	2034	2321	2101
RPQ	977.0	3799.0	234	1
824	4004	924	3557	1097	3801	1063	3834
URX	3398.0	646.0	400	1
3524	584	3529	702	3405	881	3136	419
DEI	1674.0	1311.0	453	1
1827	1259	1686	1243	1508	1325	1675	1419
KKP	2613.0	2531.0	284	1
2690	2408	2697	2550	2493	2754	2573	2414
HPN	793.0	3404.0	258	1
904	3317	834	3357	883	3410	552	3535
AFC	3628.0	3581.0	234	1
3595	3596	3735	3815	3549	3522	3635	3394
QBG	961.0	1152.0	485	1
1077	1044	816	1179	950	1223	1003	1162
KIT	3329.0	4021.0	280	1
3428	3997	3242	3914	3513	4215	3136	3959
DUO	1493.0	702.0	432	1
1272	779	1737	511	1249	739	1715	779
BOX	1230.0	1471.0	256	1
1314	1536	1282	1270	980	1475	1347	1606
KVH	2625.0	1212.0	408	1
2343	1334	2864	1261	2499	921	2796	1335
PRT	2114.0	563.0	207	1
1891	676	2043	370	2301	657	2221	550
VFJ	820.0	2712.0	382	1
646	2582	976	2933	780	2673	880	2662
EKE	2552.0	1158.0	468	1
2685	1337	2418	1090	2547	1176	2558	1029
NZT	2946.0	966.0	368	1
3137	1107	3195	1037	2650	658	2802	1064
XWC	4494.0	2311.0	390	1
4127	2210	4536	2401	4656	2162	4660	2471
BDS	4151.0	3032.0	495	1
4089	3064	4095	2866	3957	2838	4465	3363
HTH	731.0	3773.0	410	1
599	3623	704	3807	918	3818	704	3845
EZG	3847.0	755.0	384	1
3991	818	3957	819	3859	736	3582	649
HSZ	3527.0	3227.0	263	1
3553	3043	3481	3318	3654	3527	3423	3020
MQR	2171.0	1505.0	399	1
2264	1613	2169	1234	2214	1595	2040	1581
FKB	2593.0	3793.0	313	1
2680	3615	2457	3862	2628	3817	2609	3880
HGF	527.0	1662.0	220	1
217	1856	526	1688	590	1729	777	1376
RQY	670.0	853.0	358	1
649	788	772	983	766	1011	495	632
WCI	1102.0	3546.0	230	1
1072	3517	985	3364	1315	3630	1039	3676
GIV	827.0	1924.0	465	1
965	1898	769	1732	828	1838	748	2231
DKV	2361.0	817.0	437	1
2403	805	2261	931	2401	837	2381	696
DVF	3332.0	810.0	202	1
3236	683	3069	655	3435	693	3588	1209
ARH	3710.0	1662.0	221	1
3671	1410	3575	1840	3831	1768	3763	1632
VOS	703.0	570.0	258	1
384	680	881	655	747	415	800	531
UGF	861.0	2171.0	451	1
685	2005	927	2301	996	2354	837	2026
OHN	2981.0	4334.0	212	1
2925	4492	2875	4270	3059	4237	3066	4340
BBG	2642.0	1338.0	294	1
2522	1210	2758	1229	2486	1288	2804	1625
RXV	1083.0	3032.0	488	1
1019	3022	1081	2880	1289	3033	946	3194
PUP	1654.0	3497.0	431	1
1512	3490	1518	3625	2002	3553	1587	3323
DYZ	1048.0	2952.0	454	1
1074	3066	994	2995	1033	3065	1092	2684
STM	2538.0	2814.0	254	1
2525	2760	2474	2732	2367	2724	2789	3043
IVP	3298.0	3888.0	496	1
3012	3635	3204	3988	3516	4008	3460	3921
EGV	517.0	1779.0	261	1
457	2121	490	1563	651	1735	470	1700
URO	2563.0	1905.0	412	1
2571	1979	2773	2117	2326	1605	2582	1920
HVQ	4389.0	2610.0	277	1
4356	2713	4452	2553	4370	2337	4379	2839
WUK	634.0	1539.0	360	1
308	1711	652	1497	879	1532	699	1418
