HYP	4112.0	1809.0	139	1
3997	1761	3978	1937	4392	1620	4083	1921
RIL	1591.0	2905.0	136	1
1772	2905	1653	2596	1274	3128	1667	2991
QEL	2754.0	2764.0	202	1
2550	2857	2611	2899	2809	2739	3048	2561
KJE	974.0	1580.0	54	1
1031	1642	946	1620	1014	1670	905	1390
ATE	2449.0	3279.0	212	1
2368	3399	2367	3034	2635	3389	2428	3294
NFV	529.0	4112.0	116	1
809	4342	390	3885	431	3974	487	4247
EWR	3244.0	2506.0	19	1
3095	2177	3335	2486	3409	2737	3138	2626
JBJ	3209.0	2740.0	247	1
3143	2683	3246	2891	3070	2710	3380	2679
YJH	3030.0	2466.0	279	1
2945	2389	3207	2778	2764	2316	3205	2384
PXJ	767.0	2342.0	112	1
566	2348	821	2684	895	2225	789	2113
HBO	3703.0	3735.0	224	1
4006	3596	3615	3785	3615	3786	3577	3774
YNF	1955.0	2293.0	53	1
1997	2043	1783	2225	2044	2403	1996	2502
NZB	4237.0	4042.0	110	1
4102	4264	4084	4187	4569	3885	4194	3832
FTI	3554.0	2183.0	145	1
3328	2190	3308	2292	3817	2230	3764	2020
ECO	2836.0	2515.0	238	1
2602	2484	2728	2740	2972	2512	3043	2326
YCC	4134.0	4230.0	275	1
4155	4026	4322	4557	3935	4292	4124	4046
VPM	3809.0	2867.0	276	1
4056	2871	3825	3011	3585	2591	3773	2995
GJX	2527.0	1284.0	259	1
2389	1143	2329	1485	2691	1402	2699	1106
BZT	1155.0	1119.0	74	1
1219	1292	1359	1061	1017	1339	1027	786
SGK	3454.0	3936.0	36	1
3345	4025	3611	3892	3318	3933	3543	3894
THS	4406.0	2196.0	154	1
4481	2027	4400	2095	4123	2213	4620	2451
KRE	3619.0	814.0	54	1
3770	868	3573	947	3849	811	3286	632
FFB	4280.0	3280.0	194	1
4256	3443	4269	3143	4352	3209	4245	3328
XEC	1973.0	1634.0	130	1
1805	1608	1734	1556	2122	1618	2234	1754
KNJ	1990.0	2299.0	105	1
2047	2396	1724	2302	2083	2303	2106	2198
HEU	3718.0	1977.0	292	1
3830	2069	3643	1870	3771	1813	3630	2158
RMJ	4274.0	771.0	42	1
4275	790	4282	674	4180	855	4360	766
MSJ	3109.0	1131.0	158	1
3060	1332	3059	962	3164	1119	3154	1113
KKW	1515.0	881.0	13	1
1367	750	1435	665	1460	959	1798	1153
TNA	926.0	1964.0	224	1
738	2091	1086	1786	1167	2209	716	1771
DAR	2907.0	2072.0	274	1
3060	1908	2843	2037	2740	2351	2985	1994
XUG	2802.0	1460.0	40	1
2859	1476	2804	1415	2749	1658	2799	1293
WUR	3681.0	4372.0	270	1
3640	4065	3626	4515	3743	4377	3718	4532
RBU	2150.0	2413.0	97	1
2125	2194	1994	2511	2044	2600	2439	2348
JFV	2016.0	3918.0	239	1
1731	4047	1900	3784	2139	3964	2295	3879
OZH	3195.0	1673.0	43	1
3297	1787	3305	1699	2993	1408	3188	1800
YZG	4164.0	1777.0	237	1
3974	1658	4300	1816	4264	1611	4119	2025
VPO	4081.0	1039.0	167	1
3918	1317	4242	853	3892	1013	4274	974
KAO	2638.0	1079.0	14	1
2561	1024	2776	919	2569	998	2647	1378
ALC	2853.0	1413.0	131	1
2639	1283	3032	1608	2705	1434	3039	1328
LHD	1506.0	2563.0	148	1
1309	2735	1309	2300	1774	2728	1634	2491
HVY	4297.0	2280.0	242	1
4287	2129	4567	2512	4178	1991	4156	2491
YSF	3211.0	1332.0	164	1
3168	1140	3420	1534	3032	1230	3227	1425
WAK	1460.0	2116.0	231	1
1215	2166	1596	2078	1363	1977	1666	2245
SHM	3722.0	969.0	149	1
3805	1185	3805	771	3415	921	3865	999
RLM	2873.0	3567.0	222	1
2728	3721	2864	3231	3006	3777	2895	3539
QHQ	707.0	1828.0	236	1
845	1743	499	1724	922	1936	565	1909
AVV	605.0	2625.0	279	1
463	2540	567	2697	525	2467	866	2796
BDF	3448.0	995.0	250	1
3418	838	3527	945	3594	962	3256	1236
PMW	2666.0	2943.0	248	1
2597	3175	2614	2731	2870	3071	2586	2797
