ENK	1851.0	1654.0	166	1
1751	1818	2106	1792	1795	1499	1753	1508
IGA	3001.0	2796.0	92	1
3207	2938	2966	2559	2829	2763	3004	2926
EOD	3353.0	1290.0	165	1
3209	1443	3526	1433	3424	1135	3256	1150
PYH	3672.0	3611.0	281	1
3591	3744	3823	3356	3600	3701	3674	3643
CVB	1949.0	1430.0	264	1
2089	1195	1956	1638	1864	1208	1888	1681
DMM	2005.0	3422.0	3	1
2204	3456	2004	3465	2034	3546	1780	3222
WQL	605.0	1733.0	115	1
578	1658	607	1519	788	1895	447	1860
KPD	358.0	3250.0	245	1
358	3168	327	3128	205	3473	545	3232
GJY	1283.0	3107.0	61	1
1416	3214	1248	3288	1174	2877	1296	3052
MUD	898.0	2489.0	283	1
1043	2414	1048	2825	786	2265	716	2453
ICA	1454.0	1955.0	244	1
1457	2231	1373	2044	1691	1778	1295	1769
NZH	1438.0	1753.0	52	1
1412	1879	1524	1912	1538	1380	1279	1841
HKB	3321.0	1442.0	50	1
3105	1518	3465	1671	3321	1364	3395	1216
ASX	1593.0	3619.0	26	1
1778	3510	1599	3850	1372	3321	1623	3798
JAU	1498.0	1582.0	214	1
1679	1556	1539	1622	1402	1603	1373	1548
SAQ	1550.0	4427.0	271	1
1710	4639	1555	4347	1272	4174	1666	4549
DTA	2133.0	1175.0	55	1
2273	1312	1957	1135	2303	1246	2000	1008
RBC	3975.0	2850.0	256	1
3928	2869	4114	2894	3903	2978	3956	2660
IFC	3167.0	1706.0	130	1
2943	1698	3252	1652	3200	1745	3274	1732
OFR	598.0	2916.0	268	1
526	2827	380	3111	847	2793	639	2934
KWC	3754.0	3448.0	297	1
3924	3436	3603	3374	3735	3694	3756	3291
ACK	1939.0	1791.0	208	1
1863	1706	1943	1749	1780	1643	2171	2066
WAU	3741.0	1316.0	231	1
3614	1347	3775	1249	3884	1276	3691	1392
RZR	2978.0	3883.0	179	1
2932	3996	3149	3766	3114	3753	2717	4018
ABS	3361.0	3116.0	167	1
3457	2845	3539	3188	3235	3327	3216	3107
KKU	2495.0	1959.0	54	1
2605	1818	2745	2045	2312	1884	2320	2089
EHB	381.0	2333.0	12	1
590	2331	442	2080	274	2357	219	2567
OGO	3751.0	2212.0	244	1
3705	2069	3785	2254	3723	2125	3791	2403
AYG	684.0	3913.0	172	1
659	3733	800	3970	602	3804	675	4146
HJT	1620.0	3619.0	291	1
1753	3517	1432	3652	1838	3753	1460	3554
LVV	2464.0	2302.0	176	1
2238	2257	2478	2229	2764	2434	2377	2291
QPV	4113.0	2728.0	182	1
3948	2958	4224	2809	4012	2426	4269	2719
FXJ	3121.0	2723.0	224	1
3015	2965	3241	2719	3264	2450	2965	2758
MFL	576.0	3888.0	162	1
442	3918	684	3864	540	4013	640	3760
KUX	770.0	2175.0	183	1
566	2384	661	2162	840	2162	1013	1994
YRK	337.0	3972.0	271	1
295	4045	232	3800	338	4134	483	3910
UYX	1242.0	969.0	66	1
1357	761	1162	1206	1124	761	1327	1149
PZO	2728.0	3363.0	194	1
2885	3416	2531	3439	2877	3297	2621	3300
YSQ	3295.0	2886.0	291	1
3405	3025	3200	3165	3412	2668	3164	2686
FNP	3635.0	3145.0	243	1
3476	3147	3467	2962	3851	3427	3746	3047
NNN	2252.0	4076.0	82	1
2049	3742	2423	4151	2508	4238	2029	4176
MKF	2552.0	4093.0	144	1
2621	3985	2502	3980	2397	3977	2691	4433
ILQ	2425.0	4204.0	8	1
2450	4118	2219	4210	2619	4149	2413	4339
JSY	3173.0	2921.0	239	1
3171	3066	3249	2691	3226	2767	3048	3162
DKH	2300.0	1639.0	214	1
2176	1565	2197	1348	2422	1832	2407	1814
VGL	3748.0	3651.0	39	1
3652	3710	3855	3656	3799	3554	3689	3687
FNX	1414.0	2600.0	185	1
1262	2569	1531	2596	1305	2658	1561	2577
QHA	2114.0	1353.0	290	1
2016	1585	2332	1327	2185	1397	1926	1104
EFT	976.0	3098.0	80	1
893	3127	965	2871	995	3045	1052	3350
NSL	2783.0	3333.0	172	1
2586	3302	2625	3248	2956	3327	2965	3456
