KVZ	3084.0	3992.0	63	1
3072	3907	2987	4131	3305	4128	2973	3803
MDP	1062.0	916.0	220	1
1103	1103	772	914	1283	780	1090	867
XRC	475.0	529.0	57	1
267	725	545	548	429	299	661	546
LML	3486.0	2729.0	240	1
3368	2637	3561	2827	3410	2772	3606	2682
TLG	874.0	2351.0	176	1
853	2304	962	2415	903	2398	779	2287
EDJ	1668.0	3856.0	87	1
1624	3694	1671	3933	1563	3757	1814	4043
UND	4123.0	1475.0	285	1
4063	1391	3971	1427	4320	1404	4140	1681
DBT	2768.0	2866.0	185	1
2686	2679	2698	3253	2827	2849	2864	2683
WDO	1482.0	3711.0	116	1
1514	3858	1197	3700	1537	3529	1680	3757
MVC	3818.0	2784.0	236	1
3893	2975	3971	2528	3896	2917	3514	2718
GJX	4271.0	3155.0	64	1
4089	3377	4420	3027	4200	3259	4375	2957
EEE	1239.0	811.0	102	1
1017	1109	1524	735	1123	830	1295	571
XIB	4045.0	2755.0	76	1
4279	2790	3991	2623	3997	2526	3914	3081
ZQH	828.0	4368.0	98	1
720	4594	715	4229	868	4295	1009	4355
VQX	2937.0	3463.0	26	1
2934	3372	2942	3580	2959	3493	2914	3409
URN	2415.0	2283.0	275	1
2734	2513	2187	2377	2431	2197	2308	2048
VUA	4268.0	1931.0	155	1
4452	1842	4331	1624	3971	2080	4318	2179
DKS	641.0	419.0	8	1
641	262	763	581	412	461	750	373
HNB	3500.0	1453.0	213	1
3290	1293	3664	1356	3580	1494	3466	1671
XKH	3154.0	3676.0	180	1
3059	3388	3102	3795	3195	3766	3260	3757
DGC	2111.0	3395.0	202	1
2117	3361	2057	3179	2008	3725	2262	3317
BQO	4476.0	2970.0	203	1
4509	3203	4131	2767	4640	3066	4624	2844
XOY	4213.0	2064.0	163	1
4296	2286	4068	2009	4333	1909	4155	2053
FPL	3739.0	2607.0	206	1
3922	2473	3648	2602	3753	2469	3633	2885
KSC	646.0	2630.0	130	1
487	2356	883	2810	799	2679	416	2675
EYX	2871.0	1066.0	241	1
2665	1035	2742	1057	3069	1242	3010	930
LQU	1753.0	1357.0	120	1
1792	1600	1642	1383	1645	1276	1935	1171
UCS	4331.0	1716.0	215	1
4087	1681	4122	1844	4597	1525	4521	1814
HKA	1874.0	4300.0	184	1
1975	4331	1850	4001	2021	4384	1651	4486
JFK	3402.0	683.0	141	1
3307	544	3529	508	3522	889	3251	791
XSY	3948.0	1940.0	61	1
3727	1936	4038	1804	3943	1903	4086	2120
NHF	1615.0	2944.0	58	1
1845	2920	1468	2942	1553	3092	1597	2822
MVD	768.0	3105.0	23	1
573	2924	627	3193	849	3092	1026	3211
NHD	2645.0	3135.0	5	1
2395	3280	2850	2903	2655	3425	2682	2933
LLL	1112.0	3468.0	245	1
1331	3457	941	3229	1160	3416	1019	3772
LXT	4201.0	2877.0	182	1
4271	2803	4233	2787	4022	2951	4278	2970
KDX	4090.0	1190.0	40	1
4065	1204	3946	1244	4248	1292	4103	1022
WVP	4163.0	3098.0	269	1
4290	3208	4162	3094	3908	3022	4292	3068
NBD	3726.0	2451.0	114	1
3609	2547	3476	2672	3967	2297	3854	2290
PHA	4377.0	4074.0	52	1
4340	3892	4396	4190	4273	4140	4501	4075
ELK	3794.0	2110.0	298	1
3953	2084	3976	2194	3697	2295	3550	1870
GQA	4450.0	1847.0	37	1
4244	1831	4499	1784	4546	1816	4513	1957
BWA	2113.0	3521.0	21	1
1989	3159	2148	3667	2094	3659	2224	3600
YEV	3306.0	3869.0	290	1
3325	3714	3059	3827	3291	3926	3549	4011
RWD	3730.0	986.0	276	1
3633	1107	3993	953	3702	925	3592	962
HOC	4276.0	2070.0	125	1
4315	2135	4113	2010	4313	1889	4363	2248
LKD	4070.0	2523.0	103	1
4155	2522	4194	2376	4091	2771	3841	2425
LWK	2128.0	922.0	80	1
2211	762	2400	1133	1924	663	1979	1131
KLF	2226.0	2662.0	22	1
2413	2472	2310	2940	2098	2751	2083	2485
VWE	3352.0	1116.0	14	1
3361	1236	3349	993	3416	999	3283	1237
