DNP	1776.0	3388.0	158	1
1568	3457	1747	3326	1890	3533	1901	3237
SAQ	1404.0	3680.0	161	1
1474	3659	1570	3451	1138	3783	1435	3828
GWY	1791.0	1254.0	70	1
1525	1008	1705	1451	1933	1235	2001	1323
IJI	1626.0	2514.0	192	1
1874	2545	1451	2522	1794	2633	1387	2358
UKZ	1851.0	3252.0	260	1
2049	3337	1601	3255	1731	3204	2024	3213
IJU	1376.0	2426.0	191	1
1051	2602	1566	2266	1415	2515	1473	2322
YHV	1802.0	3634.0	93	1
1676	3448	1937	3493	1887	3699	1710	3899
YCM	1378.0	3284.0	182	1
1414	3423	1332	3479	1183	3157	1586	3078
ZZD	462.0	2560.0	296	1
437	2760	650	2467	355	2345	409	2671
VAH	3213.0	2610.0	220	1
2953	2467	3468	2896	3278	2461	3154	2619
QVE	3124.0	1589.0	222	1
3202	1820	3185	1694	3041	1387	3069	1456
XOM	3322.0	3215.0	61	1
3444	3168	3213	3490	3231	3111	3401	3094
AZI	2136.0	2775.0	276	1
2232	2987	2200	2779	2281	2906	1831	2429
TKT	2303.0	1091.0	290	1
2409	1222	2278	1150	2246	815	2279	1178
EKE	443.0	1868.0	218	1
277	1987	635	1692	446	1640	416	2155
PVS	2290.0	3614.0	250	1
2295	3599	2424	3457	2018	3566	2426	3835
VIG	3619.0	4169.0	140	1
3519	4371	3640	4248	3756	3867	3564	4193
TKG	3820.0	3421.0	155	1
4073	3261	3580	3400	3971	3564	3658	3460
TIZ	728.0	1169.0	222	1
697	987	915	1171	778	1309	525	1211
OGB	2644.0	2009.0	56	1
2785	1894	2620	2098	2728	2080	2445	1965
HWQ	1268.0	4195.0	285	1
1436	4056	1283	4323	1270	3978	1085	4424
ZRQ	2899.0	3604.0	234	1
2994	3694	2852	3805	2880	3432	2872	3488
QIJ	2807.0	2347.0	58	1
2611	2475	2845	2301	2856	2492	2919	2120
CSA	4276.0	2092.0	218	1
4356	2112	4274	1787	4226	2307	4250	2162
GLK	1319.0	1963.0	218	1
1137	1994	1493	2123	1196	1877	1452	1861
NMB	1069.0	2057.0	265	1
849	1865	1323	2260	1150	2003	957	2100
KPY	1170.0	1893.0	136	1
1077	1797	925	2068	1385	1634	1294	2074
XTV	1345.0	2765.0	97	1
1378	2755	1272	2499	1408	2888	1323	2920
SLH	2077.0	3200.0	184	1
2081	3158	1953	2934	2200	3378	2077	3332
OWJ	2893.0	1764.0	85	1
3087	1710	2878	1833	2665	1766	2942	1748
MMJ	1380.0	3335.0	87	1
1188	3255	1609	3077	1489	3645	1237	3363
RCK	2039.0	2495.0	17	1
1867	2209	2043	2581	2289	2528	1957	2665
SZS	823.0	1561.0	198	1
467	1645	889	1599	980	1397	959	1604
EGP	3529.0	1019.0	272	1
3671	1314	3707	904	3272	969	3469	892
NOZ	3329.0	4117.0	15	1
3124	4239	3290	4128	3387	4129	3515	3973
VVZ	2118.0	4306.0	135	1
1925	4240	2467	4458	2083	4211	1997	4317
JNO	1781.0	2421.0	26	1
1472	2523	1606	2512	2031	2416	2016	2234
SUG	1080.0	3538.0	97	1
1186	3687	1170	3541	854	3475	1112	3450
ZPS	1467.0	880.0	180	1
1588	986	1325	833	1519	697	1436	1004
TAU	2532.0	1378.0	116	1
2520	1556	2674	1628	2354	1253	2581	1075
ZTP	3504.0	1128.0	151	1
3259	1241	3553	1001	3567	1219	3637	1052
EYY	4141.0	2692.0	220	1
4287	2582	4049	2948	4157	2801	4071	2437
PDU	2733.0	1131.0	86	1
2604	1216	2620	1115	2932	1005	2778	1189
HTL	2914.0	2170.0	240	1
2848	2090	3022	2201	2725	2259	3064	2130
ORU	498.0	1042.0	292	1
426	1181	556	781	385	1086	626	1122
GTS	2053.0	1534.0	6	1
1912	1736	2356	1270	1883	1732	2063	1398
TFT	2847.0	2105.0	12	1
2658	1983	3005	2319	2801	1970	2927	2150
RHE	3285.0	1257.0	222	1
3385	1383	3202	1385	3108	1299	3448	962
MJF	1683.0	1149.0	280	1
1562	1094	1618	1203	1897	1203	1655	1098
GZU	1869.0	1266.0	32	1
1930	1210	1776	1206	2022	1197	1748	1454
