TDF	3912.0	1769.0	204	1
3753	1935	4035	1529	4034	1833	3826	1782
GHX	938.0	2128.0	248	1
1202	2152	866	2199	1022	2221	663	1941
QPP	2005.0	682.0	268	1
2136	685	1820	426	2277	799	1788	818
PZU	3904.0	2622.0	306	1
3582	2710	4000	2744	4043	2348	3994	2686
PRU	2606.0	590.0	219	1
2726	391	2412	802	2568	562	2720	608
OXD	2107.0	1292.0	359	1
1928	1326	2187	1290	2091	1293	2223	1259
DCZ	3184.0	1579.0	259	1
3282	1700	2963	1797	3092	1274	3401	1546
LLA	1206.0	1727.0	332	1
1082	1698	1224	1527	1238	2028	1280	1658
CJK	1804.0	2921.0	286	1
1480	2981	1907	2970	1868	2793	1961	2940
AOS	1055.0	1864.0	442	1
1110	1836	1215	1630	877	2052	1021	1941
OIV	3547.0	2217.0	401	1
3481	2325	3642	2268	3716	2054	3351	2223
KPE	3277.0	1140.0	252	1
3156	945	3497	1461	3265	1168	3192	989
CIY	3414.0	3762.0	492	1
3355	4013	3430	3626	3447	3692	3427	3720
JUC	786.0	4225.0	253	1
866	4352	571	4117	853	4298	854	4134
WOH	1394.0	1700.0	209	1
1327	1476	1401	1564	1654	1880	1197	1883
CYK	816.0	1939.0	258	1
920	1697	725	1875	695	2052	925	2132
EHG	2811.0	1806.0	491	1
2800	1626	2552	2079	2816	1956	3079	1563
PXN	2523.0	1421.0	365	1
2276	1337	2645	1403	2590	1265	2584	1682
DDZ	807.0	1190.0	381	1
1026	1174	594	1000	889	1148	720	1440
YQK	3916.0	2457.0	470	1
4059	2378	4077	2523	3732	2523	3798	2407
QKZ	1668.0	771.0	292	1
1570	800	1514	880	1667	773	1924	633
DNA	2621.0	3139.0	368	1
2856	2966	2531	3182	2506	3098	2591	3313
HHH	748.0	3031.0	397	1
710	2767	568	2995	867	3304	848	3058
FPO	3013.0	3860.0	398	1
2841	3795	3077	3977	3135	4016	2999	3652
KAC	1977.0	1524.0	497	1
1887	1312	1755	1728	2004	1675	2265	1381
VWF	2793.0	2860.0	448	1
3010	2994	2734	2709	2874	3098	2556	2640
TWB	2116.0	3287.0	313	1
2119	3232	2311	3487	2025	3261	2012	3171
MKY	1450.0	3308.0	305	1
1453	3478	1718	3339	1489	3194	1141	3222
XEH	1315.0	1517.0	204	1
1301	1340	1189	1523	1451	1546	1320	1662
TPA	2367.0	3841.0	247	1
2538	3589	2344	3973	2244	3879	2344	3925
QNU	4178.0	4058.0	237	1
4424	4005	3948	4104	4423	4048	3919	4078
CVB	813.0	2999.0	475	1
763	3208	663	2960	794	2897	1032	2931
QSY	3959.0	2886.0	281	1
3929	2829	3977	2894	4123	2936	3807	2888
CZD	1693.0	729.0	417	1
2028	809	1649	517	1589	1039	1507	553
FTG	1822.0	1095.0	373	1
2043	1310	2098	1131	1554	893	1595	1047
LOP	1570.0	2986.0	483	1
1507	3246	1727	2752	1435	2853	1614	3093
TIH	1069.0	906.0	307	1
1288	624	911	1043	1076	1111	1002	849
TPL	3875.0	3849.0	236	1
4086	3888	3921	3779	3849	3792	3646	3937
YNT	1111.0	1460.0	369	1
925	1567	1131	1330	937	1484	1451	1462
ZXD	2877.0	2715.0	459	1
3059	2610	2832	2864	2787	2662	2833	2726
NDA	1353.0	2749.0	373	1
1628	2755	1401	2857	1126	2475	1259	2909
DSC	3869.0	2196.0	342	1
4017	1944	3891	2008	3806	2410	3763	2423
MHB	3780.0	3739.0	272	1
3654	3642	3922	3942	3791	3480	3754	3892
GRK	1917.0	3619.0	449	1
2161	3604	1869	3638	1750	3745	1889	3492
YKT	4169.0	2899.0	236	1
4199	2955	4024	2789	4177	2721	4278	3132
EPC	1356.0	1188.0	469	1
1183	994	1484	1270	1457	1206	1301	1284
PJO	2048.0	2685.0	218	1
2295	2658	1918	2698	1991	2561	1991	2823
YAV	3292.0	1624.0	487	1
3234	1593	3203	1490	3346	1756	3385	1660
ANG	3057.0	3364.0	333	1
3003	3203	3096	3439	3238	3393	2892	3421
SYM	1594.0	1717.0	439	1
1379	1592	1647	1621	1604	1936	1746	1719
