LDE	3125.0	3408.0	177	1
3108	3260	3229	3398	3353	3311	2813	3664
OPD	2010.0	2234.0	205	1
1761	2251	2114	2156	2134	2073	2032	2457
TQL	1970.0	1363.0	4	1
2095	1455	1997	1262	1944	1117	1844	1619
BNV	3133.0	3576.0	15	1
3028	3369	3070	3581	3395	3600	3041	3756
EEI	3589.0	2808.0	30	1
3714	2842	3404	2876	3363	2668	3875	2848
HZW	2731.0	1882.0	17	1
2802	1914	2620	2024	2517	1887	2987	1704
XVH	2569.0	2670.0	203	1
2474	2560	2582	2666	2795	2742	2428	2713
GTJ	483.0	3260.0	83	1
513	3139	313	3279	560	3107	548	3517
JPG	844.0	2820.0	122	1
1015	2967	626	2771	936	2571	800	2973
NZS	3391.0	2417.0	182	1
3207	2417	3639	2307	3235	2600	3483	2344
AAV	2414.0	1249.0	39	1
2627	1351	2149	1452	2530	993	2351	1202
JXE	4441.0	1521.0	196	1
4586	1294	4175	1602	4465	1654	4540	1535
OSE	4442.0	621.0	222	1
4587	484	4485	379	4378	788	4319	835
JMN	2675.0	4042.0	115	1
2485	3908	2847	4148	2592	4041	2777	4074
REC	2482.0	1104.0	98	1
2375	1082	2540	1304	2517	1257	2499	773
HQM	1213.0	2302.0	42	1
1030	2344	1284	2355	1289	2427	1252	2084
GYN	2162.0	4247.0	245	1
2166	4406	2340	4172	2206	4028	1939	4384
CQF	3133.0	1020.0	281	1
3372	1084	2824	1093	3301	917	3035	987
QXV	974.0	1828.0	11	1
1135	1870	1077	1640	781	1725	904	2079
GJF	642.0	1053.0	11	1
496	1314	665	951	708	882	699	1067
KRI	3046.0	4027.0	240	1
3217	3900	3115	3916	3074	4015	2780	4280
UQA	3906.0	483.0	270	1
4007	600	3721	360	3783	386	4113	588
QVP	2290.0	2087.0	191	1
2363	2111	2346	2159	2282	2118	2171	1960
WOB	3484.0	4407.0	6	1
3637	4386	3328	4534	3637	4203	3337	4506
IAS	1340.0	867.0	15	1
1310	1128	1354	945	1203	659	1495	739
ISN	1827.0	956.0	58	1
1723	1026	1862	909	1610	1206	2114	686
GLV	2712.0	4072.0	212	1
2647	4097	2807	4208	2564	4238	2833	3745
XKD	3876.0	2509.0	63	1
3846	2485	3647	2721	3911	2550	4101	2283
PKT	1985.0	3648.0	135	1
1890	3511	2201	3692	2118	3479	1732	3912
DWQ	527.0	1650.0	265	1
716	1667	677	1685	188	1866	528	1382
RIB	2837.0	2744.0	95	1
3015	2556	2825	2450	2721	2996	2788	2977
QNS	1290.0	3521.0	156	1
1306	3502	1399	3712	1386	3619	1069	3253
HYD	518.0	974.0	56	1
525	823	610	1122	254	1123	686	830
IKS	1708.0	1285.0	249	1
1809	1084	1883	1267	1610	1413	1533	1378
FCE	811.0	742.0	14	1
642	774	826	707	628	866	1150	624
NXO	3066.0	1989.0	46	1
3040	1832	2886	2051	3362	2113	2977	1963
UMG	1731.0	1327.0	93	1
1701	1501	1763	1396	1703	1284	1757	1127
ESC	3131.0	2098.0	221	1
3274	2220	3246	2278	3046	2033	2960	1863
LKP	4255.0	1450.0	127	1
4247	1216	4242	1407	4127	1563	4406	1614
KWO	2576.0	1289.0	197	1
2240	1318	2682	1294	2719	1301	2665	1243
YAT	3072.0	785.0	157	1
3009	731	3053	988	3100	537	3127	886
ISZ	4003.0	3196.0	268	1
4251	3261	3969	3223	4044	3221	3750	3080
RGO	4251.0	717.0	206	1
4239	734	4216	856	4448	463	4102	815
PUK	3972.0	231.0	27	1
4136	213	4095	213	3765	210	3895	289
UNT	2180.0	950.0	51	1
2217	1244	2105	734	2363	900	2037	924
QFQ	3257.0	3231.0	295	1
3047	3137	3163	3299	3348	3244	3472	3244
RBV	1300.0	1840.0	149	1
1233	1874	1411	1652	1502	2087	1056	1749
WMO	2629.0	4105.0	283	1
2629	4391	2785	3843	2678	4210	2427	3979
CEK	2522.0	2713.0	180	1
2825	2729	2391	2638	2476	2729	2397	2756
UNI	2587.0	3395.0	151	1
2728	3472	2577	3282	2455	3436	2589	3391
