OOQ	2161.0	606.0	142	1
1940	665	2348	830	2141	435	2216	494
ZHX	1974.0	1305.0	10	1
1908	1175	1873	1259	2227	1200	1889	1586
BQO	1302.0	3283.0	128	1
1407	3417	1207	3340	1059	3216	1535	3159
SAC	2000.0	583.0	259	1
2020	442	1857	903	2251	578	1872	411
JPO	2881.0	4284.0	7	1
3073	4438	2747	4228	2712	4180	2995	4290
DWC	1908.0	1345.0	148	1
1634	1259	1812	1336	2102	1555	2084	1232
LIK	3680.0	4024.0	70	1
3642	3910	3839	3906	3629	4015	3610	4267
WSS	2315.0	1056.0	142	1
2236	1065	2449	1123	2380	1281	2195	755
IMV	2287.0	2235.0	1	1
2357	2293	2569	2532	2149	2084	2076	2034
LQD	1041.0	4373.0	21	1
874	4435	1206	4407	1137	4329	949	4321
QKE	1726.0	1512.0	245	1
1798	1443	1809	1426	1846	1495	1454	1687
EFW	596.0	1999.0	255	1
479	2100	615	1859	398	2172	894	1866
WGQ	2605.0	1321.0	47	1
2382	1291	2719	1172	2686	1408	2634	1416
ISY	2704.0	4038.0	30	1
2585	4129	2916	4125	2460	3948	2858	3952
YST	1427.0	2871.0	259	1
1467	3037	1225	2797	1529	2565	1488	3087
XCE	2535.0	2470.0	220	1
2553	2275	2377	2297	2824	2803	2389	2505
CJS	3178.0	1681.0	207	1
2902	1397	3329	1862	3191	1732	3291	1736
BRD	2945.0	1329.0	149	1
3079	1496	3133	1170	2790	1137	2778	1513
VRR	526.0	516.0	20	1
477	297	569	664	285	504	774	601
PPL	1844.0	1206.0	147	1
1840	1261	1753	1204	1882	908	1903	1451
TCE	821.0	3089.0	47	1
646	3196	887	3178	1005	3098	746	2887
IFC	4318.0	1990.0	205	1
4367	2027	4337	1913	4018	1892	4553	2128
BYV	1617.0	621.0	59	1
1719	583	1790	840	1566	583	1393	479
JJG	2960.0	1127.0	150	1
2849	1188	2939	1244	3052	1078	3003	1000
COG	449.0	457.0	55	1
429	291	326	713	688	253	354	573
BPI	1619.0	4225.0	60	1
1401	4388	1936	4211	1737	4030	1405	4273
AZA	4183.0	1839.0	260	1
4030	2001	4087	1715	4247	1836	4368	1804
PYZ	3313.0	4035.0	163	1
3565	4106	3129	4157	3403	3970	3155	3908
MLR	2468.0	1061.0	83	1
2597	771	2427	1045	2298	1160	2551	1268
LGP	1734.0	2886.0	103	1
1519	2778	1758	3073	1889	2657	1773	3038
UTT	2300.0	476.0	221	1
2330	338	2364	602	2386	493	2123	473
KKQ	2348.0	481.0	87	1
2318	609	2323	262	2343	733	2409	322
QKD	802.0	3525.0	68	1
935	3889	825	3512	477	3339	972	3361
ZAU	493.0	2956.0	131	1
140	3100	577	3005	673	2689	584	3033
WXA	4270.0	3973.0	164	1
4339	3974	4341	3694	4258	4133	4145	4091
WII	2031.0	2267.0	47	1
1811	2041	2065	2527	2278	2035	1971	2468
RZK	2607.0	562.0	206	1
2474	781	2429	495	2638	574	2889	398
XQA	1338.0	782.0	15	1
1186	977	1207	879	1370	706	1590	567
NTR	2920.0	2098.0	121	1
3161	2187	3150	2156	2645	1918	2727	2131
COJ	2575.0	4097.0	22	1
2657	4053	2601	4276	2385	3974	2657	4085
SBA	1318.0	2518.0	240	1
1586	2751	1284	2420	1213	2493	1190	2411
EUC	3916.0	4284.0	77	1
3830	4128	3924	4306	4142	4170	3771	4532
APJ	1142.0	1974.0	90	1
1261	2124	1167	1787	895	2120	1247	1868
BUT	4193.0	4256.0	143	1
4231	4537	4056	4068	4089	4111	4399	4309
UKT	3943.0	4199.0	289	1
4037	4353	3785	4177	3929	4083	4024	4184
WGI	2732.0	1100.0	65	1
2769	1282	2707	1305	2706	845	2746	969
WEG	495.0	4259.0	24	1
190	4274	744	4346	680	4074	366	4345
YOB	2543.0	4291.0	174	1
2397	4238	2490	4023	2608	4467	2680	4436
SFW	3712.0	3631.0	18	1
3822	3571	3766	3584	3540	3757	3722	3612
VAZ	573.0	1038.0	250	1
384	935	609	984	439	1085	861	1149
