DYC	625.0	3586.0	302	1
667	3455	833	3743	485	3767	516	3382
QZA	2320.0	914.0	363	1
2531	957	2439	849	2156	1019	2156	831
ATZ	3846.0	4343.0	396	1
3973	4145	3861	4483	3783	4564	3770	4182
BER	3037.0	2582.0	334	1
2774	2410	3021	2723	3202	2670	3153	2525
FAR	3434.0	559.0	433	1
3614	626	3483	308	3321	657	3321	647
MQA	1271.0	539.0	312	1
1241	375	1345	476	1324	480	1174	828
FDA	3083.0	4031.0	218	1
3128	4341	2988	4090	2988	3904	3231	3791
HFS	454.0	3367.0	346	1
499	3280	569	3603	537	3248	212	3338
FOM	2051.0	2032.0	275	1
2041	2086	1893	2057	2364	1880	1907	2108
GVQ	2367.0	2432.0	496	1
2374	2359	2345	2717	2433	2371	2319	2281
PWG	1104.0	3419.0	290	1
1120	3300	1172	3670	974	3392	1151	3314
FKP	2414.0	1690.0	292	1
2316	1571	2366	1753	2522	1736	2455	1702
CJU	2542.0	3871.0	319	1
2397	3736	2722	3915	2668	3830	2381	4004
IXO	631.0	2455.0	470	1
566	2581	573	2285	708	2388	678	2569
UZL	3826.0	4152.0	480	1
3814	4118	4027	4141	3913	4121	3552	4229
IBY	3187.0	1245.0	399	1
3177	1376	3171	1352	3177	1331	3225	921
AAA	2092.0	2819.0	257	1
1995	2629	2013	2808	1944	2770	2417	3071
PWP	2347.0	3408.0	451	1
2285	3694	2528	3184	2389	3632	2186	3123
PNO	4052.0	4245.0	458	1
3817	4318	4253	4148	3912	4068	4227	4448
ZPW	615.0	1526.0	371	1
411	1581	851	1725	651	1446	548	1352
QHY	2410.0	1059.0	299	1
2295	1109	2460	992	2656	1208	2229	930
VUX	375.0	2295.0	345	1
352	2181	310	2353	260	2544	581	2103
LDI	540.0	1645.0	342	1
758	1689	416	1766	285	1647	703	1480
WCE	2314.0	3389.0	264	1
2173	3161	2398	3572	2516	3248	2171	3578
YRQ	1090.0	1714.0	434	1
963	1907	1258	1471	1299	1464	841	2015
GZV	3050.0	4096.0	480	1
2845	3799	3064	4350	2945	4291	3349	3945
YIG	1539.0	2226.0	435	1
1729	2142	1537	2382	1538	2278	1352	2103
VRJ	1518.0	1373.0	220	1
1613	1381	1572	1204	1290	1243	1598	1664
JEW	2464.0	3238.0	430	1
2423	3100	2707	3162	2412	3207	2316	3486
KLW	3276.0	1581.0	432	1
3272	1627	3279	1705	3241	1610	3313	1384
PYS	1573.0	2322.0	500	1
1746	2134	1798	2458	1349	2188	1399	2511
KXJ	1011.0	992.0	449	1
889	1144	794	886	1260	1082	1103	856
DWG	3580.0	3863.0	371	1
3710	3671	3475	4003	3531	4149	3606	3631
PYX	3595.0	3927.0	231	1
3591	4194	3439	3762	3555	3810	3797	3942
ODJ	1331.0	2045.0	298	1
1333	2015	1256	2042	1173	2130	1564	1996
OSM	1684.0	431.0	201	1
1633	316	1523	837	1793	300	1788	273
CWV	3140.0	2938.0	496	1
3096	2893	3182	2847	3148	2823	3136	3189
EHT	1616.0	1697.0	482	1
1831	1685	1808	1445	1430	1852	1397	1808
HIU	1450.0	1708.0	218	1
1403	1669	1404	1921	1431	1685	1565	1558
ICM	1007.0	1639.0	387	1
722	1668	855	1736	1202	1519	1251	1634
OUR	3743.0	1857.0	467	1
3889	1694	3488	2000	3995	1884	3603	1852
VER	829.0	1292.0	471	1
868	1261	1091	1551	604	1318	755	1040
IFZ	465.0	2574.0	447	1
446	2523	808	2568	346	2383	262	2825
EAL	3722.0	2567.0	429	1
3843	2469	3826	2802	3633	2386	3587	2612
AOA	1042.0	1172.0	359	1
1219	1101	1036	1037	810	1190	1106	1361
UAM	2434.0	3587.0	285	1
2131	3635	2639	3364	2672	3857	2295	3495
VVX	2333.0	1725.0	456	1
2323	1651	2197	1899	2245	1712	2567	1639
KAY	1237.0	1561.0	285	1
1234	1397	1454	1617	1033	1495	1228	1736
WKN	1693.0	1728.0	241	1
1563	1711	1907	1567	1389	1907	1916	1727
CXO	1509.0	1999.0	218	1
1530	1690	1558	2170	1373	2212	1577	1926
