IMY	427.0	4149.0	305	1
594	3878	390	4248	484	4346	242	4126
HEV	3529.0	4400.0	468	1
3517	4087	3570	4475	3559	4464	3473	4575
HYN	1800.0	2091.0	278	1
2090	2367	1799	2175	1755	1887	1559	1936
AMY	1456.0	1688.0	411	1
1638	1874	1403	1841	1459	1528	1325	1510
MDT	2570.0	1633.0	377	1
2518	1680	2672	1511	2513	1678	2578	1665
EKJ	3342.0	897.0	261	1
3675	923	3304	1030	3146	864	3246	772
MZB	4019.0	3474.0	443	1
3873	3713	4102	3392	3823	3502	4278	3290
YTB	3278.0	1487.0	440	1
3230	1315	3230	1737	3554	1390	3100	1509
SNT	3740.0	689.0	331	1
3752	651	3607	447	3937	692	3664	967
SPB	2089.0	3221.0	415	1
2248	3176	2221	3139	1761	3398	2126	3173
LGL	2863.0	1281.0	384	1
2968	1292	3091	1219	2539	1157	2854	1457
AVU	2391.0	691.0	369	1
2159	671	2620	667	2142	828	2643	601
LKV	744.0	2568.0	204	1
771	2477	557	2725	911	2332	738	2741
DCQ	3885.0	664.0	436	1
3930	511	3858	686	4072	688	3680	772
SYI	1293.0	3613.0	394	1
1256	3695	1248	3438	1205	3610	1465	3712
SJD	1385.0	3479.0	315	1
1546	3576	1495	3338	1128	3347	1372	3657
WRW	1649.0	3606.0	485	1
1707	3363	1575	3725	1460	3494	1854	3844
XSL	2695.0	3851.0	477	1
2858	4133	2445	3778	2950	3747	2530	3749
DYF	669.0	4064.0	331	1
999	3940	609	4154	590	4048	478	4116
LNP	3723.0	2813.0	227	1
3844	2795	3632	2840	3641	2761	3775	2859
ZYI	3289.0	885.0	304	1
3200	747	3276	731	3541	970	3140	1092
JPZ	1676.0	4036.0	216	1
1628	4154	1490	4057	1863	3921	1726	4012
TIH	1728.0	961.0	328	1
1893	1044	1701	809	1803	850	1515	1144
JZF	3815.0	1522.0	435	1
3991	1213	3652	1750	3815	1615	3803	1510
ZPU	2625.0	931.0	318	1
2608	858	2607	968	2599	775	2688	1126
UUS	4026.0	3455.0	442	1
3669	3668	4179	3362	4165	3263	4092	3530
PYZ	1747.0	3383.0	294	1
1617	3324	2040	3500	1694	3273	1640	3436
AIW	1840.0	2372.0	451	1
1772	2253	1676	2253	1711	2619	2201	2363
QJW	3096.0	2987.0	419	1
3032	2917	2997	2781	3248	2953	3107	3298
PRS	2652.0	1995.0	301	1
2548	2158	2386	1988	2833	1996	2843	1839
XEF	2354.0	2079.0	321	1
2318	1899	2457	2191	2489	1918	2155	2309
ZSP	2675.0	1494.0	466	1
2612	1308	2878	1355	2652	1579	2559	1735
KIL	1094.0	919.0	394	1
822	1142	1280	708	1312	670	962	1159
RUM	2195.0	4056.0	259	1
2077	3939	2074	3879	2222	4251	2410	4158
POY	4284.0	1125.0	374	1
4431	1305	4165	1046	4456	887	4087	1262
AIT	1629.0	3805.0	469	1
1394	3676	1818	3799	1463	3767	1842	3980
QKA	3497.0	1703.0	203	1
3648	1859	3243	1870	3659	1414	3439	1671
BJM	4050.0	3220.0	499	1
4240	3312	4187	3493	3870	3138	3905	2937
ZUY	991.0	3106.0	392	1
852	3053	1046	3176	1056	3120	1012	3077
JPG	2335.0	3491.0	357	1
2468	3269	2098	3748	2269	3623	2505	3326
UKR	3721.0	3179.0	277	1
3647	3060	3729	3295	3997	3324	3514	3040
ADQ	1766.0	1132.0	385	1
1735	1134	2036	890	1690	1280	1605	1226
KHH	1361.0	2158.0	215	1
1267	2144	1468	1908	1280	2127	1432	2456
CQU	2819.0	2501.0	351	1
3069	2443	2808	2437	2803	2537	2599	2590
EBI	2856.0	3603.0	268	1
2956	3540	2910	3508	2868	3737	2692	3629
BUQ	1751.0	1908.0	201	1
1730	2115	1896	2028	1599	1824	1782	1666
JLD	621.0	282.0	414	1
793	486	300	160	726	165	666	319
VDL	2189.0	4210.0	459	1
2378	4303	1952	4253	2382	4418	2046	3869
DQL	2061.0	4049.0	406	1
1927	3909	2360	3804	1930	4188	2028	4295
MRJ	2274.0	1969.0	437	1
1944	2141	2426	1852	2475	2012	2254	1873
