NHL	2615.0	3048.0	220	1
2451	3309	2898	2835	2590	3232	2521	2818
IOE	2526.0	2333.0	185	1
2834	2358	2407	2196	2397	2298	2466	2483
NES	2815.0	3284.0	31	1
2614	3157	2945	3116	2936	3211	2766	3655
YJZ	1247.0	1304.0	156	1
1141	1473	1264	1102	1391	1179	1193	1462
WNS	4081.0	2604.0	110	1
4017	2536	4123	2710	4202	2694	3985	2479
WCB	3044.0	1911.0	229	1
3024	2164	2923	1668	3168	1880	3064	1935
PEQ	3028.0	3607.0	246	1
3037	3705	2966	3416	2945	3799	3165	3508
VGC	1252.0	4211.0	107	1
1272	3980	1051	3974	1452	4487	1234	4405
PVK	1217.0	3286.0	9	1
1126	3260	1465	3194	1006	3412	1273	3279
MIY	3606.0	2470.0	59	1
3383	2578	3759	2547	3612	2388	3670	2369
GCS	2418.0	443.0	289	1
2464	641	2414	620	2158	292	2639	220
AGG	3970.0	1176.0	283	1
4111	1081	3651	1138	3969	1439	4151	1049
UKC	2838.0	3742.0	185	1
2945	3740	2839	3814	2942	3670	2629	3745
TDI	1782.0	1114.0	232	1
1740	896	1947	1233	1718	1143	1726	1185
RQK	3035.0	3396.0	67	1
2955	3533	3356	3084	2900	3577	2931	3393
CKN	1158.0	330.0	1	1
1010	233	1345	460	954	377	1325	252
FRO	3021.0	3371.0	120	1
2959	3091	3067	3635	3194	3306	2864	3454
PKA	2166.0	4174.0	230	1
1902	4124	2087	4380	2300	4071	2378	4122
FZZ	1837.0	394.0	16	1
1960	488	1630	586	1794	329	1967	175
QOI	1254.0	3496.0	298	1
1179	3595	1142	3277	1152	3581	1546	3534
NCG	1028.0	1376.0	210	1
1104	1657	1027	1450	1090	1256	894	1142
ZIN	3190.0	3071.0	170	1
2976	2980	3370	3132	3388	3147	3029	3028
WOZ	2137.0	1832.0	104	1
2324	1626	2219	1729	1845	2182	2161	1793
OLX	2509.0	1822.0	288	1
2562	1598	2472	1908	2353	1700	2650	2083
FTZ	2832.0	924.0	281	1
2898	1060	2674	683	2755	1055	3004	901
YQG	1917.0	3443.0	264	1
2207	3706	1740	3275	1951	3264	1771	3527
GUE	3041.0	1112.0	267	1
3131	1161	3155	1227	2848	913	3033	1148
QMN	1513.0	3404.0	95	1
1514	3483	1620	3173	1256	3439	1662	3523
XZC	3574.0	2245.0	210	1
3498	2151	3839	2100	3392	2329	3568	2400
MPH	2497.0	2583.0	182	1
2400	2716	2347	2442	2479	2486	2763	2691
TIK	3943.0	3800.0	125	1
3905	3704	3690	3934	4240	3641	3937	3921
RGS	3053.0	2439.0	188	1
3080	2466	3152	2291	2986	2499	2997	2500
IVO	3972.0	2290.0	135	1
4069	2330	3810	2422	4179	2274	3833	2136
QNP	515.0	4061.0	263	1
433	4074	704	4078	569	4107	354	3987
GMQ	3464.0	2077.0	182	1
3494	1875	3362	2235	3652	2196	3349	2004
YXC	2686.0	2877.0	260	1
2828	2907	2692	2905	2520	2648	2706	3049
RUA	3024.0	2518.0	9	1
2882	2738	2856	2345	3381	2574	2977	2416
YIL	3390.0	2680.0	186	1
3172	2404	3653	2752	3416	2682	3322	2884
RZY	4392.0	3410.0	24	1
4307	3445	4093	3100	4630	3613	4539	3484
HYV	2307.0	4379.0	178	1
2215	4397	2303	4444	2454	4401	2259	4275
MUU	1793.0	1328.0	40	1
1792	1265	1717	1264	1961	1384	1703	1399
KRA	3991.0	1877.0	34	1
3900	2080	4265	1857	3712	1786	4090	1786
DTT	2234.0	2945.0	24	1
2390	3105	1963	2858	2219	2859	2365	2960
EZD	4055.0	986.0	124	1
3984	876	4405	853	3852	1365	3979	851
CIE	4131.0	2735.0	146	1
3961	2745	4275	2760	4004	2620	4285	2816
SGW	1822.0	1814.0	87	1
1995	1656	1736	2090	1995	1813	1565	1700
PLB	4302.0	1058.0	87	1
4321	1120	4423	1011	4021	908	4445	1196
YUC	1653.0	1920.0	191	1
1945	2164	1466	1752	1694	1645	1509	2120
ZJD	4248.0	4196.0	179	1
4086	4117	3981	4129	4439	4349	4489	4192
CHM	4274.0	327.0	73	1
4364	199	4126	239	4490	232	4117	641
