TNG	4257.0	3111.0	327	1
4438	3012	4057	3250	4498	3073	4036	3110
RGF	2764.0	3045.0	225	1
2894	2975	2609	3247	2694	3130	2861	2829
PDV	862.0	898.0	379	1
1107	629	819	1154	620	1120	905	691
GUS	1451.0	596.0	251	1
1614	760	1150	507	1567	385	1476	734
KPH	1396.0	1341.0	201	1
1563	1346	1105	1290	1478	1147	1441	1582
DXR	1395.0	3669.0	286	1
1364	3546	1231	3603	1570	3926	1418	3603
ZRG	3690.0	961.0	453	1
3869	1064	3708	832	3515	865	3669	1085
DVR	2626.0	3226.0	478	1
2806	3326	2529	3380	2693	2901	2476	3300
RZO	2161.0	2616.0	251	1
2317	2863	2029	2560	2248	2640	2052	2401
OGK	2494.0	632.0	210	1
2637	429	2180	618	2423	621	2736	861
VUE	3174.0	1603.0	378	1
3264	1614	3276	1503	3222	1633	2934	1662
NNS	533.0	2651.0	279	1
750	2811	244	2554	661	2537	478	2704
ELY	2874.0	2749.0	300	1
2582	2652	2860	2798	3082	2824	2974	2722
PEI	4336.0	3141.0	202	1
4032	3222	4506	3284	4450	3011	4356	3050
QOA	2090.0	2353.0	273	1
2055	2539	2199	2283	2027	2020	2079	2570
HSQ	1090.0	4057.0	299	1
1276	3948	1318	3851	946	4138	821	4291
XSL	3088.0	2224.0	251	1
3198	2284	2782	2286	3129	2073	3245	2254
PMN	1160.0	3367.0	358	1
1239	3313	1071	3098	1259	3674	1072	3384
HVP	1229.0	575.0	257	1
1076	390	1237	730	1196	832	1408	348
DNQ	1881.0	940.0	432	1
1598	859	1891	857	1997	917	2038	1128
WWR	3693.0	1212.0	309	1
3835	1202	3803	1109	3680	976	3457	1561
AWL	4156.0	3097.0	327	1
3977	3168	4376	2902	4371	3097	3903	3224
QYF	1606.0	2212.0	289	1
1568	2366	1572	2166	1498	2124	1789	2195
SXA	998.0	3555.0	422	1
960	3412	1006	3743	949	3484	1080	3582
RCU	2348.0	3883.0	338	1
2203	4008	2263	3717	2438	3931	2491	3878
LUP	2659.0	727.0	303	1
2399	840	2541	740	2781	442	2915	886
GNW	3700.0	1951.0	399	1
4018	1918	3826	1862	3489	1785	3470	2240
YIS	3158.0	1362.0	284	1
3393	1334	2961	1500	3009	1312	3269	1305
EGL	4380.0	2837.0	422	1
4356	2766	4455	2822	4435	2850	4275	2913
AFM	4021.0	1615.0	437	1
4203	1304	4273	1761	3763	1661	3846	1737
MPX	3193.0	4120.0	229	1
3217	4105	3146	4423	3057	3931	3352	4024
ZCD	4131.0	2334.0	369	1
4151	2275	4164	2597	3959	2196	4252	2268
PXA	2535.0	2325.0	477	1
2520	2188	2823	2315	2268	2440	2532	2358
ACZ	2737.0	1063.0	405	1
3058	945	2759	912	2553	1267	2580	1128
HSI	3669.0	1115.0	307	1
3789	1140	3460	1290	3929	1148	3500	884
ALL	2403.0	2885.0	269	1
2543	2948	2203	2756	2332	2781	2536	3056
OPP	1978.0	1401.0	486	1
2114	1385	2032	1288	1956	1269	1810	1665
IHM	401.0	3880.0	374	1
208	3904	520	3799	431	3943	447	3876
EDC	2725.0	3591.0	487	1
2946	3464	2744	3896	2638	3537	2572	3467
DNT	2057.0	2066.0	332	1
1932	2084	2068	1920	2143	2010	2088	2253
ILW	1989.0	2393.0	395	1
2105	2282	2210	2150	1720	2585	1921	2555
WUF	3500.0	2949.0	248	1
3436	2937	3609	2788	3474	3135	3484	2938
LKR	4396.0	653.0	375	1
4338	724	4286	491	4617	576	4345	821
UHD	413.0	3081.0	208	1
474	3294	256	3003	263	2858	660	3171
VLP	2599.0	3879.0	497	1
2453	3717	2474	4112	2634	3652	2837	4037
QYT	1934.0	1054.0	258	1
1966	1365	1929	817	1811	1024	2033	1013
SGB	3076.0	4045.0	326	1
3260	3830	2865	4191	3334	4014	2846	4148
XCK	1424.0	2851.0	390	1
1586	2886	1466	2935	1320	2674	1324	2911
NQP	977.0	568.0	450	1
1082	551	838	731	886	635	1105	356
WJC	1778.0	2688.0	360	1
1828	2846	1920	2507	1677	2452	1690	2949
