AOJ	2045.0	805.0	269	1
1822	903	2011	746	2234	960	2115	611
TRL	4256.0	2740.0	164	1
4168	2907	4149	2723	4369	2491	4340	2842
DIQ	2237.0	3524.0	164	1
2295	3550	2307	3560	2140	3308	2208	3681
HNF	551.0	3474.0	94	1
547	3400	674	3483	414	3602	572	3414
ZTE	1735.0	930.0	276	1
1487	793	1667	1084	1791	1080	1995	765
KCF	2999.0	4179.0	234	1
3266	4362	2900	4361	2967	4029	2865	3966
WYR	2101.0	2268.0	151	1
2077	2153	2116	2179	2039	2314	2174	2426
VEX	2513.0	809.0	83	1
2566	959	2840	791	2275	788	2372	700
MXM	646.0	1316.0	144	1
504	1209	943	1280	487	1320	652	1458
SQP	3158.0	1454.0	121	1
2916	1706	3391	1282	3081	1429	3245	1401
ZKY	3066.0	2516.0	80	1
2917	2464	3247	2694	2850	2308	3250	2600
NKQ	1183.0	950.0	218	1
997	976	1302	775	1047	994	1389	1057
ABB	901.0	1864.0	182	1
829	1630	927	2007	923	1916	928	1906
PHK	765.0	1506.0	256	1
600	1280	928	1651	911	1544	621	1549
FWM	1357.0	2400.0	130	1
1505	2133	1113	2383	1403	2566	1408	2521
JOO	604.0	1022.0	127	1
704	846	507	1065	849	1308	358	870
ZGW	3263.0	3088.0	23	1
3383	3099	3352	2877	3284	3076	3035	3300
DYZ	2000.0	2037.0	212	1
1804	1935	2166	2085	2018	2088	2013	2042
KRT	1740.0	2986.0	162	1
1809	3186	1792	2848	1630	3109	1730	2801
NCS	3971.0	2057.0	162	1
3805	2063	4045	2070	3847	1858	4188	2238
RFN	2851.0	2302.0	168	1
2780	2050	2612	2403	3067	2434	2947	2322
OIZ	1146.0	2883.0	59	1
928	2852	1087	3026	1320	2612	1252	3045
JCA	1352.0	3948.0	226	1
1240	4054	1314	3970	1194	3783	1660	3985
SMH	2692.0	487.0	268	1
2465	377	2915	632	2888	263	2502	679
MRF	2978.0	3258.0	126	1
3057	3251	2947	3071	3122	3541	2789	3170
KVS	4234.0	2819.0	268	1
4017	2848	4313	2438	4284	3005	4324	2988
CDI	680.0	2959.0	184	1
536	3106	958	2979	801	2716	425	3038
BBG	1109.0	618.0	28	1
995	539	1165	744	1239	782	1040	409
TNJ	2789.0	2230.0	109	1
2692	2568	2733	2136	2708	2092	3024	2127
MZY	2097.0	4238.0	134	1
2218	4282	1979	4453	2310	4165	1882	4053
JSK	3348.0	1095.0	173	1
3322	818	3349	1327	3132	1107	3589	1128
OJZ	620.0	643.0	50	1
525	445	777	842	559	596	622	691
GJH	2968.0	3050.0	63	1
2873	2858	2932	2761	2902	3297	3167	3287
MBE	1225.0	2232.0	96	1
1316	2385	1068	2197	1425	2234	1091	2113
CCP	2210.0	4209.0	18	1
2129	4470	2094	4329	2225	3957	2395	4080
XFN	2115.0	1858.0	200	1
2227	1699	2106	1915	1897	1873	2232	1946
YBP	2569.0	1785.0	4	1
2477	1534	2672	1977	2642	1920	2485	1709
ZLM	1338.0	2273.0	157	1
1263	2462	1295	2102	1447	2380	1347	2150
XXF	857.0	3327.0	33	1
710	3194	985	3305	978	3501	756	3308
QXN	1221.0	3414.0	132	1
1241	3323	1319	3545	1262	3631	1064	3159
CSG	2519.0	4182.0	253	1
2378	4399	2708	4153	2424	4176	2569	4001
HWY	2928.0	1387.0	271	1
2903	1181	2890	1528	2901	1368	3018	1472
IUC	1714.0	913.0	199	1
1968	1196	1627	1031	1564	654	1700	772
KJL	4052.0	3839.0	75	1
4120	3841	3924	3766	4155	4033	4012	3719
DSB	1620.0	1348.0	207	1
1468	1151	1575	1377	1745	1612	1693	1253
NUC	1154.0	984.0	80	1
975	1266	1169	813	1376	823	1099	1035
KZN	3635.0	700.0	2	1
3362	662	3913	807	3902	427	3364	906
BAJ	2074.0	3257.0	65	1
1987	3514	2201	2988	2187	3477	1923	3049
QMR	711.0	2866.0	278	1
455	2974	864	2648	752	3146	775	2697
VIF	1619.0	2394.0	197	1
1406	2406	1856	2554	1746	2233	1471	2384
