YYU	4098.0	3078.0	253	1
4241	3035	4037	3295	3970	3072	4146	2913
KJC	1319.0	2155.0	104	1
1558	2270	1212	2279	1130	1965	1377	2108
YCI	1171.0	3716.0	71	1
949	3563	1253	3713	1078	3859	1404	3732
KDN	937.0	3234.0	145	1
1143	3114	935	3235	650	3303	1020	3286
DWG	719.0	630.0	237	1
841	464	702	503	645	899	688	654
APW	1928.0	1249.0	207	1
1887	1378	1799	1193	2088	1461	1941	964
SVB	2612.0	3641.0	70	1
2543	3758	2807	3734	2693	3754	2405	3320
DVY	3185.0	4112.0	32	1
3118	4457	3337	4009	3060	3981	3226	4004
ODK	3170.0	3520.0	277	1
3179	3702	3396	3317	3145	3286	2960	3777
BXY	4079.0	1691.0	248	1
3998	1882	4135	1696	3823	1453	4363	1736
RBB	1136.0	1972.0	31	1
1200	1857	1044	1779	1051	2296	1252	1957
EXP	2071.0	2925.0	238	1
2022	2885	2192	3072	2103	2869	1968	2876
KCY	4168.0	1312.0	156	1
4134	1352	4121	1552	4361	1178	4058	1169
XZL	2315.0	3041.0	292	1
2598	2843	2155	3331	2125	3212	2382	2779
CBZ	3152.0	4406.0	235	1
3356	4191	3126	4464	3169	4522	2957	4447
OUP	2381.0	1139.0	227	1
2384	1266	2528	1042	2354	1074	2259	1177
FNN	2246.0	3312.0	90	1
2032	3076	2252	3459	2560	3626	2143	3087
NMV	4269.0	3382.0	64	1
4434	3537	3897	3177	4284	3478	4464	3337
ONX	1532.0	3542.0	7	1
1806	3487	1342	3588	1509	3605	1473	3490
ORF	1702.0	2508.0	128	1
1874	2601	1422	2533	1842	2481	1671	2419
CDJ	652.0	1304.0	13	1
405	1391	763	1304	801	1385	642	1136
NQH	1985.0	2052.0	6	1
2086	2018	2006	2140	1782	2126	2067	1927
LTX	2275.0	553.0	60	1
2009	463	2316	595	2461	869	2316	285
IRA	3709.0	3227.0	169	1
3759	3079	3503	3093	3892	3430	3683	3306
TBM	586.0	762.0	71	1
712	779	339	785	765	827	530	658
BMR	3606.0	3484.0	273	1
3552	3743	3596	3455	3699	3368	3579	3373
GVI	430.0	3242.0	293	1
569	3121	302	3323	432	3077	420	3450
CCQ	1047.0	1363.0	218	1
1057	1497	971	1566	1013	1298	1150	1093
GBG	3590.0	4016.0	53	1
3769	4051	3348	4143	3739	3794	3506	4076
BHT	3724.0	3910.0	261	1
3640	4107	3610	3753	3799	4019	3850	3761
ZFW	1796.0	1562.0	117	1
1775	1496	1702	1491	1780	1600	1927	1664
MQN	2652.0	1852.0	204	1
2566	1751	2968	1821	2486	1943	2589	1893
AKX	3909.0	960.0	261	1
4080	805	3638	872	3856	989	4065	1174
JYT	3393.0	4100.0	116	1
3094	4000	3524	3872	3462	4267	3493	4263
SSV	1974.0	3562.0	279	1
1772	3411	1785	3397	2181	3813	2160	3629
FHI	4207.0	666.0	74	1
4045	577	4388	772	4057	715	4341	600
MEQ	531.0	2571.0	17	1
420	2817	793	2403	560	2569	354	2496
SFO	2455.0	1992.0	193	1
2512	2181	2408	1882	2413	1869	2487	2037
BGZ	2934.0	513.0	143	1
2755	549	2811	721	2993	434	3179	351
LRH	2357.0	4029.0	223	1
2390	3957	2175	4021	2406	4140	2459	3998
JWZ	2562.0	520.0	186	1
2745	688	2771	561	2319	344	2413	488
RUH	1421.0	528.0	91	1
1222	786	1442	489	1578	450	1445	387
UGB	3108.0	2947.0	233	1
3297	3097	3239	2979	2992	2997	2904	2716
ZTE	1331.0	1349.0	164	1
1386	1585	1415	1325	1415	1246	1108	1242
TFF	569.0	2155.0	212	1
554	2069	791	2264	563	2274	368	2015
IKU	3221.0	3488.0	150	1
3024	3691	3378	3368	3406	3581	3076	3314
QUO	1471.0	2237.0	212	1
1486	2220	1295	2353	1380	2031	1723	2345
EFT	1449.0	1853.0	165	1
1551	1938	1645	1604	1330	1768	1271	2104
NIM	2102.0	2959.0	295	1
2011	3069	2316	2983	1954	2893	2130	2893
RJZ	3763.0	3656.0	43	1
3742	3655	3627	3758	3928	3569	3757	3642
