QCM	2985.0	2698.0	170	1
2952	2493	2943	2819	3110	2825	2935	2656
KBG	826.0	2624.0	246	1
815	2454	1024	2796	902	2531	563	2716
WOQ	1035.0	2692.0	203	1
1020	2529	1247	2754	906	2842	968	2644
DLY	1257.0	2985.0	143	1
1260	3001	1059	3046	1425	2998	1287	2898
KPW	2746.0	3560.0	52	1
2961	3610	2769	3324	2704	3642	2551	3667
GRM	3710.0	2743.0	230	1
3814	2935	3552	2564	3796	2779	3679	2696
ZFP	1075.0	1192.0	191	1
1104	1056	1049	1122	992	1143	1156	1450
RFA	1112.0	765.0	10	1
923	887	895	676	1378	568	1255	931
CDP	4296.0	4282.0	251	1
4099	4152	4347	4152	4332	4249	4407	4578
KRI	1894.0	3347.0	157	1
1871	3285	1933	3287	1999	3504	1774	3312
MZZ	2307.0	3645.0	88	1
2091	3747	2244	3606	2513	3705	2383	3523
TDP	466.0	3032.0	273	1
583	3280	133	3093	634	2965	515	2791
VWZ	662.0	2751.0	43	1
776	2606	624	2779	367	2932	882	2690
LBR	614.0	1792.0	214	1
463	2204	597	1653	843	1653	554	1659
FUO	499.0	2075.0	45	1
318	2146	628	2158	583	1940	470	2058
WTQ	2804.0	1232.0	26	1
2836	1202	2894	1217	2541	1444	2946	1067
ERI	1633.0	1476.0	193	1
1699	1504	1476	1445	1824	1329	1533	1627
BTT	2824.0	980.0	213	1
2947	1133	2705	819	2903	896	2744	1073
UIB	3178.0	2504.0	4	1
3187	2312	3128	2687	3327	2382	3071	2635
FEE	3390.0	1807.0	161	1
3336	2046	3110	1860	3658	1698	3458	1627
VUI	4132.0	4045.0	84	1
4297	4063	3809	4026	4274	4221	4151	3873
RNE	2305.0	581.0	20	1
2493	617	2117	616	2110	309	2503	784
KKR	3721.0	1443.0	100	1
3830	1517	3503	1393	3819	1383	3735	1479
DXO	2986.0	778.0	159	1
2673	792	3162	976	2938	714	3173	630
HQJ	1758.0	1185.0	221	1
1554	1376	1649	1057	2114	1156	1716	1153
XYY	470.0	3933.0	210	1
360	4035	308	3943	707	3752	508	4002
QEL	3056.0	986.0	212	1
3225	1233	2910	790	2916	911	3174	1012
BVI	1177.0	3795.0	161	1
1049	4081	1006	3663	1332	3566	1324	3872
UGW	1667.0	1116.0	57	1
1663	1110	1759	1107	1597	1021	1651	1227
MYT	746.0	3650.0	213	1
600	3956	803	3409	693	3750	888	3487
JUS	1555.0	1481.0	75	1
1629	1649	1355	1418	1484	1439	1753	1420
PRY	1194.0	3173.0	37	1
1392	3290	1178	3284	1082	3195	1124	2926
SLK	3666.0	3228.0	164	1
3816	3172	3477	3236	3521	3248	3852	3257
TGN	3714.0	778.0	42	1
3708	669	3750	713	3627	665	3771	1068
ZRK	3250.0	2286.0	244	1
2997	2448	3365	2209	3201	2191	3440	2297
RXI	3445.0	1454.0	69	1
3382	1336	3285	1613	3600	1455	3513	1414
QMA	2424.0	1806.0	167	1
2577	1709	2325	1663	2250	1878	2544	1974
UXX	3025.0	1973.0	44	1
3061	1845	3075	1785	2937	2109	3027	2154
XXT	3698.0	2128.0	101	1
3499	2035	3996	2075	3496	2224	3801	2181
HGS	4008.0	4117.0	297	1
3776	3938	4122	4329	4044	4313	4090	3889
LHV	4045.0	4097.0	242	1
3892	4292	3979	4305	3944	3940	4365	3854
DKX	1798.0	3865.0	70	1
1808	3654	1926	4023	1698	3992	1763	3791
ZAP	1980.0	704.0	15	1
1716	491	1923	671	2198	898	2085	759
UAT	2595.0	1151.0	203	1
2547	1134	2700	1001	2522	1371	2614	1100
IAK	3932.0	3465.0	294	1
4028	3435	3967	3387	3948	3667	3785	3373
VOT	1975.0	2930.0	234	1
1981	2774	1879	2795	2073	2871	1970	3282
LQH	1528.0	4025.0	177	1
1466	4172	1822	3821	1497	3876	1329	4233
TJI	1800.0	1570.0	264	1
1932	1350	1645	1818	2044	1605	1580	1510
ZGV	2703.0	2771.0	116	1
2772	2882	2738	2498	2540	2926	2763	2780
DVX	641.0	2965.0	269	1
630	2741	853	3154	659	2980	423	2986
