AQL	2159.0	749.0	193	1
2114	688	2318	759	2304	688	1902	862
BPC	1119.0	3579.0	105	1
1313	3468	877	3460	1298	3663	990	3727
VZH	1044.0	539.0	174	1
1013	768	1201	730	808	318	1156	341
NRS	4148.0	2096.0	161	1
4149	2366	4015	1851	4293	2134	4137	2036
WLM	1198.0	3594.0	242	1
1141	3424	1081	3824	1119	3465	1452	3666
GMN	1495.0	749.0	206	1
1337	489	1486	813	1641	853	1519	843
BIB	4396.0	600.0	131	1
4542	306	4342	781	4332	743	4371	571
KRD	2768.0	498.0	250	1
2781	226	2849	618	2532	618	2912	533
FLE	2967.0	1212.0	179	1
2843	1389	2852	1028	3146	1347	3030	1084
YYQ	4287.0	1537.0	177	1
4237	1725	4422	1655	4393	1342	4097	1429
QJG	3158.0	3836.0	20	1
2998	3746	3152	4090	3192	3868	3291	3642
VEB	1320.0	3144.0	128	1
1429	3248	1194	3235	1326	2828	1333	3265
JZI	3833.0	394.0	186	1
3739	419	3925	217	3799	224	3869	716
AFF	3678.0	1276.0	286	1
3616	1261	3624	1324	3692	1129	3781	1393
MKA	1746.0	2103.0	178	1
1755	1889	1845	2166	1662	1977	1722	2383
AWC	1752.0	2534.0	87	1
1814	2684	1671	2509	1872	2446	1653	2499
YEP	1629.0	2640.0	6	1
1985	2728	1423	2490	1488	2734	1620	2611
BYQ	571.0	3398.0	145	1
588	3184	547	3304	742	3619	407	3485
MLD	1941.0	489.0	288	1
2220	688	1731	474	1680	149	2134	645
XGH	517.0	720.0	93	1
815	713	486	829	294	638	476	702
FLX	2629.0	4308.0	276	1
2839	4026	2419	4536	2535	4339	2726	4332
TUW	3419.0	3587.0	251	1
3577	3529	3120	3620	3433	3490	3549	3710
PCQ	1092.0	594.0	258	1
1139	742	1083	449	1109	379	1039	808
LUI	2068.0	2351.0	290	1
2182	2298	2063	2283	2167	2462	1861	2361
GWV	1294.0	2965.0	106	1
1351	3089	1461	2696	1168	3027	1199	3050
RVP	2795.0	2251.0	91	1
2634	2252	2777	2276	2767	2142	3004	2336
SYD	2630.0	1057.0	184	1
2814	1149	2610	1204	2749	771	2348	1105
FAS	2128.0	2732.0	49	1
2142	2665	2054	2863	2216	2959	2100	2444
EIF	4446.0	2251.0	142	1
4589	2544	4421	2214	4157	2055	4617	2192
ROU	895.0	3156.0	73	1
890	3212	910	3065	1062	3300	719	3050
BEQ	1087.0	2132.0	54	1
951	2049	943	1912	1269	2190	1188	2378
GHT	1351.0	3090.0	186	1
1597	2986	1100	2890	1205	3310	1505	3176
EMO	4044.0	3094.0	140	1
3954	2968	4047	3221	4041	3214	4136	2976
KQJ	2941.0	1807.0	151	1
2679	1984	2967	1719	3095	1688	3024	1838
MRP	3664.0	1194.0	261	1
3674	1435	3734	1227	3558	1047	3693	1067
OHR	3780.0	2993.0	167	1
3781	3141	3662	2919	3874	2862	3803	3050
RTH	3467.0	1220.0	283	1
3680	1449	3307	1434	3530	964	3351	1034
DEI	2836.0	903.0	225	1
2860	971	2995	861	2618	848	2872	933
CRY	3382.0	4189.0	250	1
3222	4284	3447	4061	3502	4066	3359	4348
XDI	2538.0	872.0	270	1
2549	1123	2378	808	2361	823	2865	737
IIS	3439.0	3381.0	80	1
3409	3263	3408	3582	3413	3421	3529	3260
RAL	4095.0	1758.0	116	1
4018	1804	4300	1765	4104	1615	3961	1848
PVO	3191.0	2343.0	194	1
3191	2292	3423	2029	3058	2575	3093	2477
IVA	979.0	4365.0	32	1
1023	4410	1125	4240	763	4537	1006	4276
EFV	2274.0	739.0	205	1
2140	590	2533	833	2175	636	2250	900
OHP	2541.0	4504.0	280	1
2574	4316	2445	4689	2372	4609	2776	4402
TFT	2463.0	2574.0	285	1
2614	2383	2160	2793	2637	2600	2442	2523
HHL	4415.0	2260.0	263	1
4441	2585	4553	2244	4461	2081	4208	2130
CMW	3085.0	1465.0	288	1
2891	1667	3222	1106	2973	1653	3255	1436
FAY	3752.0	1505.0	297	1
3765	1429	3876	1586	3788	1616	3579	1392
