IRM	4137.0	3364.0	211	1
4168	3546	4267	3125	3900	3435	4216	3352
MUF	869.0	2046.0	119	1
789	1722	974	2211	788	2250	926	2003
HCC	1274.0	401.0	73	1
1171	301	1487	550	1308	461	1133	294
JWI	2045.0	967.0	246	1
2047	914	2048	941	2213	1203	1873	812
JVV	762.0	3582.0	265	1
793	3643	781	3640	743	3467	734	3580
LHO	3910.0	1218.0	2	1
3876	1069	3935	1391	4065	1321	3765	1093
QLT	4401.0	2533.0	148	1
4676	2399	4348	2652	4190	2397	4392	2686
KIJ	843.0	3385.0	13	1
1111	3120	770	3553	756	3425	736	3443
WPF	1827.0	3589.0	33	1
1827	3653	1646	3674	2078	3423	1760	3607
RUL	2326.0	3672.0	85	1
2384	3774	2394	3692	2179	3754	2349	3468
WQQ	3349.0	2559.0	218	1
3356	2574	3226	2626	3675	2456	3140	2581
LRZ	3198.0	3325.0	93	1
3278	3192	3320	3382	3106	3637	3091	3091
KEJ	3130.0	1629.0	161	1
3345	1549	3012	1824	3016	1584	3149	1561
OBK	4130.0	2000.0	214	1
4279	2120	4326	2028	3842	2125	4075	1728
NHW	2416.0	2102.0	19	1
2417	1951	2357	2020	2387	2144	2505	2296
DGQ	1844.0	3472.0	30	1
1708	3347	1612	3334	1870	3609	2186	3601
NAZ	482.0	754.0	186	1
327	897	629	832	427	508	546	780
MVG	2626.0	3887.0	91	1
2763	3963	2713	4004	2499	3980	2529	3603
OTC	3903.0	2959.0	249	1
3833	2787	4012	3074	4070	3112	3697	2864
NGB	2787.0	912.0	181	1
2648	1073	3142	821	2721	919	2638	835
QHA	2461.0	2423.0	37	1
2746	2413	2410	2317	2424	2530	2267	2432
AXP	4078.0	2508.0	59	1
4125	2687	3974	2178	4060	2545	4156	2622
KDB	3202.0	2842.0	219	1
3240	2935	3189	2789	2900	2616	3481	3030
EDW	3719.0	1474.0	219	1
3853	1544	3902	1740	3600	1306	3523	1307
HID	2140.0	1928.0	47	1
2361	1705	2073	1939	2037	2089	2089	1980
KPH	4351.0	3809.0	117	1
4508	3788	4121	3757	4428	4061	4349	3633
YKS	3615.0	1497.0	254	1
3465	1474	3949	1253	3513	1625	3534	1636
PEN	3916.0	3216.0	244	1
3787	3066	4106	3360	3839	3427	3932	3012
LWV	2665.0	3029.0	235	1
2790	3029	2516	2959	2769	2948	2588	3180
KBJ	2009.0	3799.0	88	1
1920	3610	1772	3812	2260	3968	2087	3809
EMJ	2326.0	934.0	94	1
2060	1110	2517	747	2494	1032	2233	848
OVA	3177.0	3823.0	101	1
3169	4018	3069	3935	3123	3763	3347	3577
MHI	592.0	2747.0	199	1
622	2862	735	2809	533	2787	480	2530
CFV	3386.0	1356.0	294	1
3416	1496	3405	1509	3461	1281	3265	1138
DJT	3117.0	1982.0	276	1
3217	1876	3048	2121	3051	1764	3152	2169
OYH	1095.0	2486.0	32	1
1408	2542	969	2661	957	2188	1049	2554
QAD	2090.0	3084.0	12	1
2058	3257	1895	2825	2007	3290	2401	2967
JCI	3291.0	3848.0	109	1
3056	3743	3437	4087	3207	3858	3467	3707
BVC	613.0	4137.0	195	1
634	4093	559	4056	855	4342	406	4057
BFX	2300.0	2921.0	39	1
2209	2874	2286	2889	2411	2814	2294	3110
JVY	3151.0	2938.0	146	1
2997	3285	3032	2850	3121	2851	3454	2769
NZT	2862.0	656.0	1	1
2993	568	2773	798	2792	730	2893	530
QMP	3428.0	1280.0	183	1
3593	1272	3385	1170	3503	1174	3232	1505
WJA	876.0	1533.0	40	1
1205	1516	649	1426	645	1599	1008	1594
ZBA	1188.0	3969.0	210	1
980	4007	1352	3944	1233	4033	1189	3895
VMI	2561.0	3252.0	109	1
2770	3479	2716	3506	2315	2989	2446	3034
VNZ	3025.0	4217.0	156	1
3210	4237	2992	4221	3183	4198	2718	4213
PQQ	4227.0	1865.0	3	1
4348	1959	4089	1933	4389	1609	4085	1961
LNH	2705.0	2838.0	200	1
2452	2769	3037	3056	2732	2744	2602	2785
INE	681.0	3326.0	100	1
595	3379	882	3450	611	3188	638	3288
