NYX	4125.0	1748.0	63	1
3921	1490	3910	1855	4363	1750	4307	1897
ZCL	4245.0	2222.0	244	1
4310	1942	4365	2166	3959	2390	4348	2393
XLZ	3815.0	1808.0	69	1
3865	1761	3677	1944	3691	1972	4030	1558
FYY	3019.0	3798.0	137	1
3042	3598	3122	4092	2874	3620	3041	3884
EXZ	3947.0	1392.0	109	1
4025	1313	3869	1650	3921	1325	3975	1280
QBU	2412.0	513.0	109	1
2401	581	2411	669	2401	432	2437	373
YGZ	2331.0	3114.0	232	1
2586	2988	2259	3012	2361	3283	2119	3174
MVZ	1276.0	3875.0	78	1
1197	3694	1381	4100	1206	3891	1320	3818
UCB	2392.0	660.0	156	1
2269	762	2326	368	2473	638	2500	872
ELN	1155.0	1898.0	107	1
976	1896	1073	2059	1281	1545	1293	2093
ZQU	3432.0	1046.0	242	1
3410	1205	3410	807	3566	1134	3342	1040
KHC	3812.0	1866.0	276	1
4047	1913	4064	1932	3526	1813	3611	1808
REM	2070.0	4181.0	189	1
1943	4384	2357	4119	1823	3934	2158	4288
LCM	1744.0	1198.0	228	1
1652	1101	1742	1290	1778	1185	1804	1217
LNG	3333.0	3916.0	113	1
3398	4249	3275	3832	3439	3812	3220	3772
XWL	3850.0	4360.0	104	1
3915	4539	3877	4437	3693	4079	3915	4386
YAE	2602.0	4535.0	80	1
2673	4430	2702	4611	2528	4642	2508	4458
MUM	1086.0	2241.0	56	1
1077	2042	1090	2007	1058	2448	1122	2468
LXW	1648.0	2803.0	116	1
1565	2589	1844	2917	1418	2831	1767	2877
CWD	924.0	754.0	4	1
953	508	863	877	1181	1026	702	605
PDV	3081.0	3057.0	243	1
3081	3187	3083	3065	3066	3217	3095	2762
HMB	3360.0	3359.0	46	1
3329	3425	3375	3668	3281	3186	3458	3159
NVQ	2521.0	4118.0	294	1
2503	4198	2358	3908	2624	4322	2602	4044
HVZ	3439.0	1510.0	228	1
3696	1308	3245	1513	3547	1854	3271	1368
KIP	3316.0	4333.0	238	1
3293	4047	3437	4448	3424	4356	3112	4482
KYE	441.0	2121.0	282	1
671	2052	320	1847	250	2425	523	2162
LYJ	1567.0	4203.0	213	1
1357	4125	1680	4083	1667	4367	1565	4239
CKZ	2571.0	532.0	49	1
2376	581	2753	855	2767	307	2388	385
EDW	647.0	2137.0	47	1
690	2026	401	2063	588	2260	909	2200
MWY	3563.0	4344.0	263	1
3743	4188	3410	4335	3594	4276	3508	4580
VVF	905.0	3736.0	86	1
704	3967	991	3572	1165	3800	763	3606
VTW	1676.0	853.0	208	1
1862	960	1799	750	1700	967	1345	736
OFD	2222.0	3982.0	280	1
2424	4153	2147	4039	1958	3819	2359	3918
CVT	3474.0	2487.0	297	1
3561	2614	3320	2456	3377	2635	3641	2243
SRQ	2089.0	1853.0	32	1
2283	1650	2166	1797	1938	2064	1969	1903
NPE	411.0	3138.0	27	1
418	3274	582	3020	334	3151	313	3108
BYD	2460.0	3828.0	103	1
2260	4038	2447	3650	2584	3692	2550	3933
APW	3821.0	3180.0	281	1
3911	3287	3937	3073	3689	3314	3749	3048
BZM	2421.0	1213.0	112	1
2288	1169	2640	1127	2376	1036	2382	1521
TDT	4108.0	778.0	55	1
4154	1001	4124	533	4031	962	4126	619
PBV	2480.0	2441.0	42	1
2344	2327	2504	2413	2776	2407	2297	2619
DLZ	2958.0	2934.0	238	1
2743	2890	2848	3106	3070	2860	3172	2883
HXG	3885.0	1906.0	32	1
4022	2160	3835	1818	4050	1838	3636	1810
OYX	4168.0	4171.0	99	1
4193	4097	4154	4375	3994	3911	4334	4303
RZR	684.0	789.0	153	1
998	859	527	733	532	871	679	695
WUD	2436.0	4290.0	218	1
2433	4169	2561	4684	2343	4096	2408	4212
RXE	4021.0	1718.0	1	1
4181	1623	3966	1532	4231	1920	3709	1800
OXN	1995.0	4168.0	266	1
2221	4161	1855	4069	2093	3982	1814	4462
CGM	1686.0	761.0	254	1
1770	753	1614	875	1619	705	1744	713
ROM	3565.0	2604.0	295	1
3358	2423	3489	2698	3710	2402	3704	2894
