WNB	1781.0	428.0	445	1
1785	527	1721	238	1687	644	1931	304
WCM	387.0	656.0	289	1
512	577	414	626	320	672	303	749
VPL	1946.0	809.0	272	1
1933	664	2058	723	1789	737	2007	1113
RXI	2332.0	1803.0	338	1
2238	1551	2499	2035	2500	1875	2094	1754
IQJ	2823.0	1820.0	449	1
2796	1959	2972	1603	2839	2037	2687	1681
LDB	4289.0	523.0	307	1
4308	436	4305	462	4146	743	4398	452
SZH	2674.0	1884.0	286	1
2765	1866	2470	1980	2602	1841	2859	1852
LKX	687.0	3116.0	244	1
776	3331	653	2911	736	3087	585	3135
GDI	1839.0	976.0	388	1
1766	1023	1779	942	1988	1106	1826	836
GLY	1425.0	2674.0	246	1
1572	2725	1417	2530	1374	2670	1338	2771
GTH	4197.0	1220.0	302	1
4231	1037	4157	1138	4152	1206	4248	1499
CDY	708.0	651.0	435	1
679	940	911	553	551	562	692	549
QSY	1942.0	3860.0	348	1
1900	3993	1978	3764	1995	3892	1896	3791
KMK	839.0	1568.0	210	1
814	1681	827	1450	834	1772	881	1372
RSU	1221.0	623.0	288	1
1346	834	1196	452	1153	436	1191	771
KIF	3903.0	2613.0	449	1
4206	2558	3817	2694	3826	2533	3764	2668
EUU	2047.0	2263.0	292	1
2201	2341	1917	2000	1921	2397	2149	2317
CPI	4487.0	481.0	247	1
4463	299	4337	608	4521	349	4627	670
GGO	3811.0	3444.0	378	1
3611	3424	3943	3685	3707	3200	3985	3469
WOY	1867.0	2767.0	204	1
1900	2749	1838	2582	1717	2753	2015	2987
MPF	536.0	487.0	219	1
629	726	380	368	431	283	704	573
XVD	726.0	3710.0	274	1
889	3778	690	3445	878	3784	447	3835
PDR	541.0	3335.0	244	1
681	3297	629	3230	342	3501	514	3313
ITZ	360.0	3126.0	383	1
190	3381	400	2988	232	2988	619	3150
VNJ	2079.0	4042.0	239	1
1987	4133	2170	3998	2350	3840	1811	4197
HFR	4003.0	2476.0	243	1
3822	2415	4209	2478	3844	2671	4138	2340
NJK	3927.0	1917.0	214	1
3815	2056	3760	1820	4075	1802	4058	1992
FMW	3414.0	3881.0	286	1
3590	3881	3188	4003	3669	3923	3212	3719
AZL	2486.0	3883.0	377	1
2348	3772	2525	3742	2558	4092	2514	3927
XIS	2740.0	1539.0	250	1
2714	1652	2770	1410	2561	1706	2915	1391
TSX	1391.0	928.0	457	1
1481	799	1590	790	1360	1015	1134	1111
KUQ	2298.0	2353.0	478	1
2100	2665	2183	2145	2420	2464	2491	2141
EBB	3272.0	1511.0	483	1
3255	1290	3269	1467	3220	1680	3345	1610
SHK	1161.0	1847.0	404	1
959	1854	1092	1847	1215	1705	1380	1984
EIU	842.0	3603.0	390	1
758	3803	883	3428	1037	3830	692	3351
JAD	3824.0	2001.0	362	1
3825	2231	3602	1754	3748	1921	4122	2098
FGU	3999.0	1668.0	421	1
4116	1776	3880	1584	4083	1537	3918	1775
MLR	3497.0	500.0	291	1
3544	216	3233	786	3575	304	3639	695
NNL	4238.0	3188.0	238	1
4362	3230	4386	3332	4117	3288	4087	2903
XKG	2042.0	816.0	451	1
1824	802	2119	856	1861	609	2366	998
LPQ	2672.0	4233.0	249	1
2794	4304	2591	4059	2544	4376	2760	4196
WMD	1530.0	3216.0	403	1
1368	3066	1572	3189	1662	3122	1519	3489
XQK	790.0	4215.0	423	1
763	4309	997	4322	717	4264	685	3965
VBO	2104.0	1574.0	458	1
2135	1834	2129	1531	2085	1541	2068	1391
VKX	974.0	3434.0	371	1
1209	3534	904	3596	957	3317	827	3290
VFM	2787.0	4147.0	421	1
3025	3836	2575	4211	2762	4369	2786	4174
GYX	1674.0	510.0	357	1
1658	393	1581	584	1510	314	1948	752
MMX	3682.0	2044.0	380	1
3606	2080	3488	2189	3697	1894	3938	2016
OON	1604.0	2571.0	440	1
1704	2686	1816	2563	1366	2287	1530	2750
VZL	405.0	3340.0	213	1
174	3411	461	3576	365	3072	623	3302
