KKY	1583.0	424.0	71	1
1649	176	1349	621	1545	540	1789	360
ZBV	2382.0	2843.0	278	1
2426	2681	2410	2929	2339	2908	2353	2857
UWL	3766.0	2090.0	214	1
3608	2271	3631	2006	3983	2011	3843	2075
ZMZ	2678.0	2331.0	94	1
2491	2216	2871	2420	2712	2378	2638	2310
TNP	4255.0	4174.0	7	1
4047	4285	4554	4221	4238	4090	4182	4102
ESW	3068.0	2017.0	183	1
3156	1950	3193	1916	2825	2127	3101	2077
LJG	3816.0	1817.0	59	1
3960	1628	3576	1687	4048	2028	3683	1928
UGT	3445.0	1196.0	99	1
3535	1024	3472	1256	3288	1373	3486	1134
JKZ	1190.0	3820.0	172	1
1025	3898	1442	3545	1185	3986	1108	3852
ZEO	2353.0	3225.0	206	1
2123	3200	2612	3215	2267	3011	2410	3476
FHS	685.0	1882.0	94	1
710	1734	655	2201	735	1877	643	1716
GJN	2079.0	2197.0	33	1
2103	2071	2203	2493	1948	2140	2064	2087
RAM	3704.0	1685.0	161	1
3789	1719	3590	1973	3558	1467	3882	1583
QTF	3051.0	2660.0	1	1
2998	2676	3228	2504	2999	2774	2982	2687
DZW	3958.0	2065.0	2	1
3967	2190	3681	2003	4109	1839	4077	2230
ERV	3801.0	3200.0	291	1
3990	3022	3593	3398	3857	3413	3765	2970
LCK	2022.0	1291.0	290	1
1715	1376	2165	960	1934	1472	2275	1358
AKR	805.0	4113.0	236	1
862	4031	594	4321	1009	4076	755	4025
ZKZ	1324.0	3666.0	44	1
1230	3789	1253	3586	1274	3652	1541	3638
WSU	3495.0	3615.0	231	1
3443	3539	3660	3713	3157	3474	3722	3735
GIM	2500.0	3972.0	56	1
2424	4178	2633	3768	2698	3889	2246	4053
CAU	1784.0	3955.0	256	1
1781	3943	1980	4192	1712	3928	1665	3757
UJC	3138.0	406.0	276	1
3105	647	3255	307	3200	243	2994	427
IYM	1610.0	1223.0	130	1
1657	1085	1481	1427	1925	905	1379	1478
GQP	1975.0	3633.0	67	1
2057	3744	1977	3587	2010	3740	1857	3463
KIS	1324.0	1466.0	211	1
1265	1561	1398	1398	1565	1589	1068	1318
NWM	1597.0	898.0	249	1
1618	851	1625	820	1461	775	1687	1147
VUO	2193.0	1192.0	249	1
2037	999	2293	1324	2061	1439	2384	1006
DBX	3133.0	2132.0	48	1
2948	1924	2976	1938	3275	2334	3336	2333
GWY	3024.0	3255.0	163	1
3085	3358	2954	3423	2926	2870	3133	3372
NKA	2952.0	2068.0	177	1
2780	2123	3062	2018	3060	2303	2906	1831
PMO	2165.0	516.0	245	1
2275	368	2234	836	1995	385	2158	475
RBP	2345.0	507.0	286	1
2277	594	2325	393	2164	294	2614	747
MWN	2251.0	912.0	282	1
2116	978	2248	1118	2183	689	2459	866
BOO	3016.0	1495.0	81	1
2794	1649	3037	1380	3062	1551	3172	1402
XGF	1811.0	1756.0	106	1
1788	1982	1865	1404	1834	1832	1760	1807
ESP	1356.0	3131.0	168	1
1596	3110	1301	3277	1237	3194	1292	2945
WTV	3301.0	2365.0	211	1
3429	2261	3211	2419	3047	2352	3520	2429
IPS	1541.0	2115.0	199	1
1338	2242	1341	2236	1634	1908	1854	2074
PYG	1510.0	4393.0	137	1
1369	4509	1676	4187	1769	4388	1228	4489
QHT	2118.0	1239.0	100	1
2194	1220	1999	1059	2236	1081	2045	1599
JID	1396.0	3770.0	201	1
1463	3766	1282	3748	1534	3786	1306	3781
FUV	2407.0	2411.0	286	1
2400	2417	2585	2575	2151	2329	2492	2326
BRS	3333.0	2325.0	158	1
3579	2315	3213	2095	3272	2592	3270	2300
HCE	1375.0	3913.0	12	1
1465	3995	1196	3850	1621	3897	1220	3913
HCD	3803.0	3976.0	173	1
3996	4203	3636	3924	3760	4044	3822	3733
ZPV	4140.0	3477.0	131	1
4056	3549	4014	3646	4336	3575	4156	3140
RJX	1910.0	3317.0	265	1
2105	3465	1763	3086	1844	3425	1930	3292
DAT	1581.0	897.0	17	1
1790	940	1478	918	1395	612	1663	1118
RMM	3759.0	433.0	273	1
3479	373	3908	376	3949	435	3702	550
