XCE	1461.0	481.0	118	1
1482	496	1397	560	1406	567	1561	301
JPO	683.0	1978.0	237	1
568	1874	852	2301	826	1956	487	1783
OBO	4331.0	2609.0	197	1
4182	2757	4166	2419	4527	2421	4452	2840
HQP	1551.0	1795.0	172	1
1661	2066	1282	1739	1641	1577	1621	1801
PSB	1914.0	3088.0	289	1
1838	3043	2146	2985	1838	3437	1837	2889
NDY	3972.0	999.0	4	1
3741	1167	3965	796	4149	879	4036	1157
UXD	2062.0	1918.0	194	1
2227	2077	1995	1935	2122	1922	1904	1739
PMP	3068.0	1411.0	136	1
3004	1397	3072	1318	3195	1457	3004	1474
OKA	1956.0	4013.0	296	1
1680	4251	2170	3831	1818	4000	2159	3970
CVZ	1146.0	2342.0	142	1
1250	2158	1207	2497	1117	2556	1011	2158
OES	2274.0	2320.0	234	1
2523	2441	1977	2163	2325	2429	2273	2249
CVZ	1538.0	2124.0	152	1
1723	2054	1592	2081	1485	2041	1352	2322
EMC	3788.0	1098.0	130	1
3486	1005	3820	1266	3873	832	3974	1292
NYO	4209.0	902.0	132	1
4416	765	4211	951	4037	825	4174	1070
JNN	2540.0	1683.0	10	1
2483	1843	2467	1724	2531	1457	2681	1710
YFT	4125.0	3369.0	191	1
4285	3719	4284	3246	3812	3214	4121	3297
FXG	2687.0	1824.0	259	1
2625	1765	2703	1752	2749	1769	2671	2011
RER	2142.0	2628.0	183	1
1867	2821	2247	2500	2189	2723	2266	2470
JUT	710.0	3631.0	96	1
617	3735	783	3337	903	3663	537	3791
PVB	2188.0	974.0	15	1
2155	799	2043	813	2268	1098	2286	1187
IEF	2617.0	3000.0	138	1
2738	2911	2356	3022	2665	3181	2709	2888
RRR	1866.0	3947.0	144	1
1881	3829	1787	4148	1822	3931	1974	3880
UTN	3281.0	2738.0	48	1
3490	2905	3118	2669	3347	2791	3169	2587
VXS	2438.0	4231.0	150	1
2716	4377	2240	4023	2635	4097	2164	4428
RGE	1503.0	1385.0	234	1
1491	1335	1343	1397	1362	1327	1819	1482
FWI	466.0	2593.0	248	1
508	2589	474	2553	210	2625	674	2607
KKW	507.0	3796.0	55	1
401	4026	651	3950	719	3625	259	3586
FRQ	1358.0	3257.0	117	1
1470	3553	1320	2963	1199	3354	1444	3159
ANM	2690.0	2103.0	279	1
2520	2221	2769	2072	2905	1960	2567	2160
UPR	2698.0	4120.0	262	1
2502	3982	2658	4155	2908	4018	2725	4326
POD	3052.0	898.0	199	1
3219	932	2786	873	3001	945	3204	845
BFS	4381.0	4240.0	189	1
3974	4368	4541	4251	4523	4125	4489	4217
EAE	2834.0	865.0	115	1
2493	1055	2978	718	2930	800	2936	887
NJO	1066.0	1077.0	0	1
928	1269	1121	823	1128	872	1087	1344
BBO	4279.0	2633.0	258	1
4036	2792	4317	2433	4503	2431	4262	2876
GRR	1301.0	4312.0	207	1
1385	4287	1058	4132	1139	4321	1625	4511
FAF	3426.0	3607.0	168	1
3563	3921	3458	3633	3403	3492	3281	3385
JTE	2246.0	2231.0	72	1
2157	2256	2303	1993	2381	2190	2145	2485
YGC	3326.0	4334.0	186	1
3317	4095	3159	4533	3478	4518	3353	4193
AEW	2308.0	3385.0	164	1
2085	3561	2554	3245	2163	3103	2431	3632
EDX	1042.0	954.0	266	1
846	769	1207	1002	1300	873	818	1175
HYW	2561.0	3680.0	255	1
2337	3857	2822	3495	2471	3558	2616	3810
AXU	3748.0	2592.0	68	1
3536	2626	3859	2641	3989	2506	3611	2596
UAB	4252.0	4120.0	78	1
4024	4114	4419	4241	4281	4099	4286	4026
QIE	698.0	1557.0	296	1
817	1407	760	1671	767	1573	451	1580
PBT	802.0	3255.0	5	1
859	3481	929	3190	740	3262	680	3087
QXS	2206.0	2321.0	103	1
2163	2567	2164	2138	2245	2458	2252	2123
PHI	3588.0	1882.0	259	1
3809	1863	3631	1827	3416	1911	3498	1928
ZBZ	2210.0	1228.0	101	1
2358	1171	2215	1396	2281	1189	1986	1158
DVA	3222.0	1638.0	115	1
3148	1882	3232	1407	3413	1809	3096	1455
