MAQ	1536.0	2648.0	65	1
1511	2815	1374	2530	1530	2671	1731	2578
PZL	1102.0	1472.0	38	1
979	1219	1155	1727	1103	1431	1172	1511
USC	4183.0	2892.0	293	1
4265	2699	4188	2988	4065	3138	4215	2746
SZU	2881.0	3224.0	228	1
2893	3289	2625	3031	2979	3517	3030	3062
ICT	1243.0	2631.0	217	1
1040	2533	1261	2666	1124	2585	1549	2743
GJN	2300.0	4186.0	223	1
2417	4168	2483	4102	2238	4227	2065	4247
VVZ	1734.0	2549.0	135	1
1644	2462	1816	2414	1873	2928	1603	2395
GPR	2197.0	869.0	104	1
2007	1128	2201	605	2454	737	2129	1007
SPN	2774.0	663.0	21	1
2940	551	2525	674	2780	505	2851	925
SDT	2122.0	4157.0	211	1
2020	4205	2154	4052	1969	4362	2348	4012
VEQ	634.0	3427.0	187	1
626	3257	736	3364	578	3641	596	3447
EJY	4008.0	2919.0	226	1
4264	2988	3848	2947	4026	2944	3897	2797
GNB	3615.0	2466.0	72	1
3434	2255	3468	2420	3695	2621	3864	2569
WGD	2910.0	3033.0	40	1
2990	3149	3121	2781	2630	3290	2900	2913
BIN	3485.0	3518.0	167	1
3791	3524	3630	3588	3272	3666	3247	3296
DRA	1711.0	4194.0	189	1
1953	4094	1911	4526	1430	4046	1550	4113
CEN	2895.0	807.0	97	1
3162	1093	2867	871	2617	519	2937	748
OBK	1784.0	627.0	135	1
1950	482	1835	688	1735	391	1617	950
CBF	2868.0	2543.0	237	1
2634	2431	2907	2411	2953	2737	2981	2594
SMW	3981.0	3452.0	100	1
3885	3389	4107	3449	3965	3548	3968	3422
HTW	1497.0	3472.0	211	1
1359	3605	1495	3570	1461	3482	1676	3234
KTI	3256.0	3003.0	247	1
3349	3044	3386	3148	3116	3087	3175	2735
WPX	1294.0	2742.0	114	1
959	2440	1507	2875	1475	2847	1237	2807
ZWT	4079.0	1224.0	173	1
3927	1531	4243	1028	3837	1388	4310	951
ABK	3034.0	3627.0	11	1
2901	3639	3341	3811	3050	3571	2844	3488
SAK	4049.0	1385.0	259	1
4017	1622	4034	1558	3939	1210	4208	1153
FJT	2580.0	1137.0	112	1
2828	934	2521	1009	2612	1171	2359	1436
CTU	2507.0	2286.0	253	1
2330	2268	2697	2489	2216	2227	2787	2161
QQO	2790.0	1723.0	235	1
2645	1736	2525	1571	2998	1587	2992	2001
SDE	4293.0	2153.0	245	1
4391	2208	4205	2176	4365	2068	4212	2161
NSN	3313.0	1639.0	139	1
3148	1899	3393	1518	3278	1660	3435	1481
DCH	3924.0	3693.0	137	1
3886	3627	4059	3448	3635	3820	4118	3877
WGF	1162.0	2947.0	235	1
1027	2616	1176	3006	1140	3079	1307	3088
IVH	2600.0	4495.0	85	1
2455	4472	2674	4578	2779	4633	2493	4300
ADZ	1323.0	2750.0	71	1
1503	2812	968	2726	1459	2968	1363	2494
OSU	2327.0	2966.0	105	1
2233	2924	2152	3034	2617	3008	2306	2901
BRB	2460.0	4551.0	138	1
2382	4670	2340	4494	2565	4386	2554	4654
RBO	2374.0	2545.0	190	1
2195	2395	2474	2817	2554	2491	2276	2480
IVA	550.0	493.0	247	1
687	297	256	552	670	504	589	620
LUK	1321.0	1774.0	239	1
1311	1577	1296	1895	1215	1930	1465	1694
NDM	3406.0	2904.0	282	1
3242	3088	3363	2755	3225	2892	3797	2884
QRK	2365.0	1216.0	162	1
2084	1451	2564	1105	2480	1248	2334	1062
BKC	2926.0	3103.0	128	1
2705	3273	2712	3216	3112	3133	3175	2793
GWV	1539.0	4109.0	26	1
1587	3791	1457	4266	1814	4262	1301	4119
QCP	3212.0	1214.0	169	1
3473	1059	3092	1383	3184	1163	3101	1251
NLA	4102.0	4399.0	221	1
4253	4216	3863	4407	4225	4423	4067	4552
MSL	1498.0	2244.0	226	1
1590	2093	1382	2150	1476	2236	1547	2497
IOD	2112.0	743.0	266	1
2115	432	1939	764	2284	893	2110	884
RVA	1137.0	1088.0	18	1
1187	1151	1269	1008	1011	1344	1083	849
WVB	3021.0	3943.0	293	1
2874	4039	3326	3785	2927	4188	2958	3763
