NSK	689.0	818.0	264	1
527	991	604	629	687	920	941	732
ILE	1945.0	3138.0	466	1
2155	3317	1852	3320	1950	2976	1824	2940
GHN	2477.0	792.0	214	1
2414	984	2476	937	2345	602	2674	647
BQQ	3727.0	1357.0	262	1
3616	1335	3943	1301	3593	1396	3757	1396
XJC	2254.0	3557.0	375	1
2054	3620	2318	3570	2215	3615	2429	3424
ZJE	3773.0	954.0	459	1
3721	772	3847	935	3914	994	3613	1118
LLX	1899.0	1159.0	379	1
1954	1271	1639	1345	2144	1080	1859	942
QRY	1405.0	2215.0	398	1
1590	2115	1503	2455	1324	2115	1203	2176
PIR	3573.0	1693.0	339	1
3741	1794	3320	1710	3660	1606	3573	1662
VWG	1372.0	1301.0	489	1
1291	1542	1501	1144	1390	1315	1309	1205
LFR	3439.0	385.0	305	1
3626	307	3533	313	3292	426	3306	494
OYX	899.0	2686.0	400	1
985	2505	820	2778	1074	2671	720	2793
ELV	3158.0	2943.0	489	1
3062	3005	3172	2835	3269	2834	3132	3100
CSF	3462.0	1289.0	378	1
3290	1276	3563	1341	3292	1207	3703	1332
JGS	3002.0	3086.0	466	1
2816	3157	3117	3023	3076	2969	2999	3198
RPG	470.0	4335.0	369	1
562	4601	348	4449	372	4171	600	4122
DRY	3877.0	1588.0	402	1
3980	1321	3834	1719	3899	1483	3798	1831
KPN	2152.0	2866.0	361	1
2283	2637	2348	2793	1780	3056	2199	2980
KZJ	843.0	1848.0	325	1
1084	2105	692	1660	706	1638	890	1990
ZXW	1706.0	3310.0	462	1
1652	3221	1881	3452	1913	3261	1381	3306
FFO	1916.0	4519.0	265	1
1595	4617	1954	4297	2060	4651	2056	4513
XUD	1396.0	3904.0	296	1
1381	4015	1221	3906	1357	3872	1625	3826
NLL	3910.0	671.0	346	1
3815	672	3918	744	4085	761	3822	507
IAB	2123.0	3768.0	488	1
1907	3626	2338	3686	2220	4162	2027	3601
VCG	492.0	1650.0	217	1
638	1420	655	1685	558	1709	117	1786
YMB	1276.0	2387.0	334	1
1342	2519	1252	2168	1423	2242	1090	2622
ZCM	3557.0	3516.0	224	1
3372	3432	3791	3575	3363	3277	3703	3783
DCD	3903.0	1433.0	242	1
3767	1428	3935	1437	4088	1385	3824	1482
SPV	377.0	2951.0	213	1
279	3276	555	2754	513	2990	164	2784
JLQ	3744.0	1058.0	362	1
3685	816	3702	1249	3650	898	3940	1271
GHF	3834.0	2077.0	406	1
3670	2330	3646	1912	3841	1747	4179	2321
JLT	3357.0	1346.0	265	1
3514	1543	2981	1269	3440	1301	3493	1273
DUD	1267.0	1739.0	492	1
1174	1512	1163	1651	1408	2021	1324	1772
EAE	3537.0	1145.0	277	1
3667	1176	3437	1149	3417	995	3630	1260
CDC	2557.0	726.0	293	1
2400	653	2409	536	2892	1094	2528	621
WGC	2703.0	1556.0	318	1
2687	1704	2502	1682	2601	1626	3025	1214
WFT	1314.0	2232.0	427	1
1398	2390	1192	2215	1297	2284	1370	2042
AOV	1184.0	443.0	306	1
1279	597	1130	299	1138	498	1191	378
EHW	1022.0	1828.0	359	1
1102	1666	1139	1792	684	2186	1166	1671
BBD	3257.0	4360.0	387	1
3177	4276	3037	4496	3316	4597	3501	4072
HRD	2337.0	1799.0	240	1
2230	1522	2383	2066	2599	1548	2138	2063
WKO	2660.0	1788.0	227	1
2887	1692	2904	1764	2355	1642	2494	2057
BXU	3607.0	3537.0	443	1
3781	3455	3478	3639	3561	3439	3611	3617
AWG	3599.0	696.0	355	1
3482	521	3812	770	3677	689	3427	806
AQF	316.0	3808.0	417	1
255	3836	227	3768	545	3884	237	3746
KHL	3420.0	2628.0	426	1
3300	2917	3667	2444	3468	2513	3246	2640
RSU	680.0	3018.0	489	1
503	3265	785	2842	463	3062	969	2905
TCD	1726.0	450.0	499	1
1928	514	1568	286	1589	626	1820	377
XJI	2107.0	2732.0	253	1
2294	2741	2143	2778	2023	2825	1970	2587
ZET	2456.0	2544.0	212	1
2602	2663	2268	2231	2343	2694	2612	2591
