PYI	544.0	3957.0	78	1
463	3759	348	3949	583	4059	782	4061
DKF	3775.0	4117.0	145	1
3637	4079	3723	3933	3893	4310	3850	4149
LUA	1117.0	1049.0	213	1
996	1066	1397	959	1257	960	819	1214
PNJ	3622.0	721.0	206	1
3713	666	3746	673	3290	730	3740	818
AWX	1971.0	4111.0	84	1
1800	4174	1982	3965	2097	4217	2005	4088
RCL	2715.0	808.0	272	1
2584	970	2683	834	2626	689	2970	742
XZB	3048.0	3971.0	77	1
2977	3964	3076	3640	3041	4124	3099	4156
JJY	2715.0	3957.0	235	1
2721	3965	2715	4050	2569	4142	2855	3673
DBJ	1349.0	2877.0	100	1
1263	2745	1226	2874	1635	2809	1275	3082
WOD	4241.0	3505.0	188	1
4203	3392	4464	3427	3970	3599	4330	3604
PCF	3845.0	1916.0	11	1
3679	2006	3769	1814	4118	2076	3814	1771
KNV	1960.0	2868.0	82	1
1766	3068	1990	3017	1938	2590	2149	2799
AAE	696.0	4077.0	186	1
724	3897	653	3993	484	4434	925	3985
JZM	4345.0	1270.0	126	1
4516	1211	4473	1109	4056	1122	4338	1641
TWO	3525.0	1395.0	168	1
3394	1377	3440	1433	3561	1323	3706	1449
OKI	1283.0	3819.0	242	1
1143	3797	1388	3814	1224	3711	1380	3954
BLC	3357.0	1462.0	212	1
3147	1608	3412	1434	3661	1302	3209	1504
DXT	3719.0	2831.0	14	1
3853	2836	3757	3108	3757	2707	3510	2673
ONS	2853.0	1910.0	132	1
2906	1905	3124	1741	2719	2177	2665	1817
VUV	3693.0	1325.0	266	1
3402	1205	3715	1329	3783	1321	3875	1445
AJY	4348.0	3061.0	170	1
4346	3168	4103	2862	4485	3169	4461	3048
CTH	2775.0	402.0	119	1
2737	510	2708	633	2846	274	2810	194
VZW	619.0	625.0	152	1
554	541	766	714	783	615	375	632
VYO	3898.0	1999.0	280	1
3677	2140	4175	2173	3685	1886	4057	1798
ZNG	3148.0	989.0	253	1
3089	1134	3165	1042	3156	1113	3185	668
FLV	2921.0	3153.0	111	1
3052	3184	2963	3015	2789	3151	2881	3262
LSP	2926.0	3517.0	160	1
2855	3864	3050	3275	2854	3486	2945	3446
TBQ	2453.0	1936.0	187	1
2654	1863	2242	1727	2545	2171	2371	1986
UPQ	1560.0	2615.0	152	1
1631	2674	1399	2573	1744	2707	1468	2509
NLV	2530.0	1128.0	251	1
2345	1202	2747	1164	2584	883	2444	1264
SAZ	2888.0	2659.0	57	1
2909	2726	2907	2621	2638	2647	3098	2642
WCJ	3891.0	4105.0	57	1
3625	4216	3889	4246	4010	3948	4041	4012
AVZ	3168.0	3843.0	205	1
3206	3894	3232	3720	3157	3951	3080	3808
FVY	2017.0	1938.0	108	1
1857	1793	2052	2025	2341	1957	1819	1980
GKS	612.0	2675.0	12	1
760	2626	695	2565	273	2660	721	2850
KGR	446.0	857.0	65	1
325	841	627	1148	336	731	497	711
WMG	3289.0	3207.0	249	1
3527	3247	2985	3051	3099	3332	3548	3200
YVY	1097.0	4191.0	49	1
977	4275	965	4255	1019	4228	1430	4006
ZYZ	4090.0	3915.0	146	1
4006	3871	4186	3899	3921	3959	4247	3933
HKM	2012.0	1579.0	105	1
2085	1449	2080	1358	1848	1563	2038	1948
XTF	3188.0	3064.0	31	1
3270	3056	3088	2865	3271	3175	3126	3161
PWI	3016.0	3673.0	196	1
3140	3985	2963	3569	2940	3557	3023	3583
ZFK	2424.0	4038.0	269	1
2781	4209	2469	3919	2233	4117	2214	3909
ZIM	1654.0	1151.0	175	1
1451	1242	1928	1103	1546	1070	1693	1192
MGT	1759.0	1820.0	91	1
1738	1909	2096	1976	1623	1831	1581	1567
DVM	3844.0	4467.0	64	1
3842	4332	3897	4424	4026	4542	3613	4573
CAF	1300.0	1670.0	59	1
1635	1880	1099	1897	1154	1557	1313	1347
ISS	2912.0	2168.0	90	1
2841	2367	2867	2159	2807	1900	3135	2248
MJD	1074.0	1361.0	111	1
903	1227	1154	1336	961	1275	1280	1607
OOF	2471.0	1708.0	116	1
2397	1539	2311	1636	2543	1666	2634	1994
