CQN	545.0	3025.0	383	1
405	3017	673	3335	472	2850	630	2901
NOR	3962.0	605.0	201	1
4148	841	3821	572	3783	316	4097	692
GWP	4162.0	1695.0	455	1
3993	1840	3910	1755	4402	1520	4343	1665
EYZ	592.0	3557.0	486	1
391	3715	656	3760	688	3396	636	3357
ZAS	2080.0	623.0	313	1
2010	787	2396	708	1861	405	2053	594
FEZ	1628.0	2261.0	433	1
1423	2206	1689	2337	1898	2245	1504	2258
AQE	1822.0	4122.0	276	1
1581	4273	1953	4167	1766	3869	1988	4181
BAF	964.0	1894.0	299	1
828	1765	1171	1805	963	2018	897	1991
DCC	825.0	4020.0	483	1
860	3872	792	4157	839	4082	810	3970
WXG	2278.0	3954.0	326	1
2442	4254	1967	3760	2456	3948	2250	3857
PIU	3762.0	2299.0	388	1
3927	2304	3716	2193	3678	2530	3729	2171
VNV	339.0	3861.0	479	1
341	3800	315	3705	358	3885	343	4055
FVC	3103.0	436.0	289	1
3250	153	2846	527	3069	641	3247	423
VYP	2676.0	4371.0	235	1
2467	4442	2712	4304	2873	4224	2653	4516
HRH	2850.0	681.0	407	1
2646	800	2746	836	2978	388	3032	701
UYY	4080.0	2508.0	382	1
4241	2421	4053	2549	3894	2293	4135	2770
XMZ	1442.0	1568.0	439	1
1582	1505	1478	1477	1502	1809	1208	1483
GGS	1646.0	1587.0	234	1
1567	1685	1506	1723	1564	1620	1947	1321
RRA	3363.0	3845.0	447	1
3237	3990	3572	3922	3250	3554	3394	3915
YBA	4305.0	1683.0	415	1
4437	1482	4454	1958	4263	1536	4069	1758
CEJ	3377.0	2631.0	481	1
3474	2806	3202	2589	3201	2537	3633	2593
BGZ	1350.0	3620.0	500	1
1491	3715	1577	3687	1275	3540	1057	3538
HWK	786.0	557.0	255	1
749	690	577	569	953	306	868	663
UTH	4337.0	1048.0	355	1
4139	1004	4309	928	4398	1096	4502	1167
QQV	2010.0	2342.0	318	1
1942	2218	2005	2358	2082	2558	2011	2234
SQH	4041.0	1965.0	256	1
4252	2172	3950	1846	3754	1828	4210	2016
XPA	4276.0	1084.0	245	1
4091	1201	4323	1145	4144	960	4547	1033
ZYH	3942.0	4356.0	451	1
3772	4397	4161	4162	3850	4390	3986	4478
ZKX	1575.0	1836.0	410	1
1355	1791	1759	2010	1326	1570	1861	1974
FKI	4173.0	1392.0	379	1
4178	1259	4187	1548	4076	1166	4252	1598
XQC	987.0	1178.0	305	1
830	1201	843	1252	1222	977	1054	1284
PTT	2815.0	2875.0	318	1
2870	2814	2933	2868	2828	2911	2631	2910
XPE	3029.0	3609.0	386	1
2723	3662	3134	3770	3088	3377	3174	3628
XPK	3454.0	2988.0	275	1
3366	2952	3569	3008	3505	2775	3376	3219
DHE	3684.0	3406.0	200	1
3706	3555	3692	3286	3685	3544	3656	3239
EQW	1474.0	1996.0	210	1
1388	2128	1696	1919	1286	1931	1526	2009
JYR	1888.0	3059.0	312	1
1690	3049	2004	3016	1650	2911	2209	3262
VZY	3001.0	2624.0	455	1
3235	2579	2966	2625	2955	2841	2851	2452
KKN	1429.0	3203.0	267	1
1623	3290	1124	3329	1546	2911	1425	3283
UOL	2239.0	3369.0	200	1
2107	3289	2528	3301	2277	3288	2044	3601
CXS	441.0	3689.0	260	1
458	3752	406	3795	473	3723	427	3486
ZTU	3740.0	4232.0	241	1
3904	4329	3833	3925	3767	4279	3458	4397
VQB	1806.0	1945.0	482	1
1863	1936	1627	2024	1882	1818	1853	2004
MLW	4081.0	3968.0	350	1
3960	4025	4287	3855	4000	4032	4077	3962
HPF	1445.0	3489.0	318	1
1271	3526	1517	3633	1461	3487	1531	3312
JRR	2480.0	3484.0	286	1
2375	3436	2617	3712	2393	3522	2535	3269
VLS	4000.0	1612.0	376	1
3971	1776	4176	1403	4188	1851	3667	1420
ZTI	1417.0	3423.0	377	1
1431	3374	1184	3554	1454	3523	1599	3242
YUY	2842.0	1981.0	444	1
2917	2042	2762	1892	2679	1736	3011	2255
GNW	2405.0	3066.0	317	1
2431	2942	2364	3312	2526	3028	2299	2982
