GMB	1001.0	4404.0	418	1
928	4358	1022	4089	1226	4571	828	4598
PKZ	2991.0	1168.0	384	1
3159	1369	2891	1137	2927	1015	2988	1154
PIV	2259.0	1463.0	496	1
2351	1544	2242	1248	2102	1499	2342	1564
ZXG	1873.0	2723.0	218	1
1993	3034	1802	2674	2091	2733	1606	2451
IRS	2092.0	2348.0	244	1
1898	2474	1988	2455	2192	2214	2290	2250
RRY	4222.0	2370.0	239	1
3962	2339	4426	2450	4379	2255	4123	2437
OKU	3788.0	1215.0	247	1
3705	1256	3547	1286	3892	940	4011	1381
ELF	2320.0	618.0	361	1
2167	749	2443	399	2428	566	2244	759
BFZ	1202.0	511.0	357	1
1060	567	1584	607	1088	684	1078	187
JPQ	2103.0	1677.0	478	1
2146	1580	1938	1600	2251	1735	2080	1794
RVQ	1249.0	3459.0	492	1
1305	3508	1191	3461	1423	3623	1080	3246
WPJ	738.0	3262.0	328	1
752	3301	824	3178	639	3032	740	3539
YTV	2643.0	475.0	202	1
2870	377	2480	743	2876	414	2347	366
WAZ	2835.0	2386.0	318	1
2604	2430	2728	2379	3019	2362	2991	2375
GDJ	268.0	3251.0	246	1
197	3131	513	3113	185	3192	178	3570
DZW	2454.0	1744.0	346	1
2262	1556	2624	2027	2476	1656	2457	1739
TMU	1148.0	4247.0	402	1
1244	4215	1227	4424	1049	4027	1074	4325
KOZ	3055.0	971.0	218	1
2994	1038	3060	823	2871	1214	3298	810
JFJ	2058.0	1863.0	498	1
1984	1537	2210	2121	1909	1712	2129	2082
NCF	2418.0	3086.0	248	1
2504	3006	2293	2922	2228	3307	2649	3109
CSJ	1175.0	1319.0	234	1
1217	1142	1141	1134	1130	1545	1213	1458
KZQ	663.0	2936.0	418	1
770	2928	595	2824	654	2908	634	3084
VGH	3457.0	3317.0	351	1
3519	3254	3701	3219	3494	3462	3115	3333
CZO	3316.0	1384.0	348	1
3456	1484	3163	1169	3334	1708	3313	1177
QIA	4262.0	3062.0	375	1
4177	3147	4390	3055	4166	3257	4317	2790
CZP	3397.0	1209.0	495	1
3595	1089	3401	1043	3401	1543	3192	1161
CVC	1323.0	3290.0	391	1
1138	3155	1197	3110	1633	3678	1327	3218
IRA	3073.0	833.0	250	1
3161	749	2970	936	2938	1028	3225	620
TPN	940.0	1127.0	241	1
1016	1010	1102	1199	872	963	770	1336
YOQ	3901.0	3803.0	220	1
3675	3754	4210	4022	3817	3618	3905	3818
ZJY	4136.0	1150.0	347	1
3931	980	4299	1454	4143	1165	4174	1002
LMF	3133.0	3541.0	451	1
3267	3376	2989	3364	2976	3738	3302	3689
TSA	588.0	812.0	436	1
817	939	578	906	690	852	270	554
OXY	3835.0	3552.0	382	1
3661	3269	3667	3677	3875	3722	4137	3543
QGS	2873.0	1733.0	372	1
2738	1659	2871	1950	3148	1537	2736	1787
GDY	1938.0	3399.0	449	1
1877	3392	1913	3389	2192	3566	1771	3251
GOV	692.0	958.0	403	1
736	1086	557	809	887	1143	590	795
UBE	2651.0	2903.0	487	1
2794	2836	2573	2979	2476	2966	2761	2832
QJS	4128.0	3395.0	221	1
4159	3267	4100	3251	4061	3450	4195	3612
EYG	3893.0	2750.0	492	1
4076	2846	3697	2886	4081	2426	3721	2842
HER	778.0	3690.0	337	1
623	3513	573	3756	1001	3731	917	3762
OMA	2029.0	1292.0	359	1
1818	1542	2282	1146	1814	1472	2203	1008
MDC	3576.0	3778.0	472	1
3608	3790	3576	3909	3413	3702	3707	3712
LLW	3824.0	564.0	263	1
3695	731	3646	447	3843	693	4113	386
KXD	3275.0	3876.0	393	1
3545	3724	3470	3945	3015	3962	3072	3876
GLV	4299.0	3619.0	437	1
4242	3841	4144	3665	4372	3432	4441	3541
ZYQ	1370.0	2675.0	446	1
1271	2730	1368	2736	1354	2797	1487	2440
CKP	1053.0	3631.0	345	1
955	3763	942	3743	1293	3331	1023	3687
YCF	2986.0	2535.0	299	1
3039	2594	3000	2603	3172	2490	2736	2454
HTH	3095.0	3378.0	275	1
3136	3497	3187	3179	3263	3400	2797	3439
