NZX	2573.0	2278.0	246	1
2652	2464	2541	1976	2753	2462	2349	2211
CKL	1477.0	4210.0	302	1
1357	3950	1273	4413	1727	4053	1551	4427
DKQ	4391.0	3654.0	440	1
4169	3641	4108	3747	4640	3550	4647	3679
ANS	3654.0	3040.0	429	1
3688	3199	3630	3019	3652	3080	3646	2863
CDC	4123.0	2900.0	294	1
4022	2941	4023	2887	4226	2901	4224	2871
JWR	2033.0	387.0	244	1
2070	432	1826	383	2140	264	2097	472
IOS	2412.0	1080.0	338	1
2380	986	2357	985	2472	990	2441	1360
GOV	2758.0	1477.0	387	1
2772	1649	2626	1247	2620	1781	3015	1234
PXY	782.0	1093.0	471	1
615	1262	768	1173	623	917	1124	1022
LWW	2976.0	2077.0	422	1
3044	2090	3182	2148	2794	2192	2886	1880
DQZ	2541.0	4028.0	399	1
2504	4208	2563	3785	2667	4152	2430	3967
FYR	2958.0	3096.0	264	1
2627	3183	3011	3089	3106	3079	3090	3033
XEH	1282.0	1136.0	382	1
1493	1108	1355	1411	1255	1058	1028	969
XID	3989.0	3197.0	437	1
4129	2982	3761	3317	4187	3130	3880	3361
EMQ	1746.0	735.0	417	1
1731	716	1991	602	1648	591	1616	1032
REY	2412.0	3992.0	445	1
2255	4082	2349	4003	2625	3888	2420	3996
NME	2400.0	646.0	496	1
2554	641	2356	391	2314	594	2377	960
KLP	878.0	3905.0	329	1
917	3954	1122	3828	654	3649	820	4192
DSF	863.0	3983.0	466	1
1084	3713	846	4271	854	3774	671	4174
MVY	744.0	950.0	220	1
570	884	996	1120	921	832	489	967
UXA	2107.0	698.0	457	1
2100	588	2199	906	2226	891	1903	410
GWL	962.0	1677.0	450	1
876	1702	888	1732	1216	1499	869	1776
CWR	1209.0	2131.0	306	1
1266	2047	1068	2102	1163	2176	1341	2200
IOD	2452.0	668.0	382	1
2599	634	2644	514	2356	734	2211	790
NFR	2852.0	1959.0	482	1
2691	2033	2906	2114	3010	1879	2803	1813
POK	2781.0	4254.0	307	1
2782	4381	2702	3967	2996	4230	2644	4438
HQR	3319.0	2734.0	304	1
3464	2637	2990	2639	3442	2832	3381	2829
LZW	2712.0	2027.0	233	1
2856	2087	2652	2356	2610	1879	2733	1787
LYQ	4049.0	2211.0	468	1
4188	2085	3956	2353	4054	2399	4001	2007
MEZ	3013.0	680.0	478	1
2850	874	3111	427	3126	598	2968	824
PWC	1686.0	3606.0	237	1
1640	3668	1813	3659	1768	3675	1525	3424
GTY	790.0	3377.0	471	1
696	3583	847	3124	1076	3351	544	3450
YEE	2489.0	2546.0	408	1
2440	2340	2453	2595	2644	2711	2422	2540
CPQ	3021.0	2060.0	227	1
2935	1789	3295	2202	2913	2040	2943	2212
ISO	2098.0	2026.0	307	1
2281	2047	2114	2072	2193	2071	1805	1915
SVQ	1123.0	2333.0	433	1
1190	2246	882	2578	1289	2292	1131	2219
EXM	3096.0	2749.0	487	1
3009	3022	3289	2617	2910	2713	3179	2645
QWW	2814.0	2773.0	299	1
2854	2805	2881	2806	2896	2736	2627	2747
YPP	3276.0	2500.0	310	1
3383	2379	3008	2513	3400	2375	3313	2736
EES	3129.0	827.0	329	1
3509	938	2998	743	3041	1058	2968	569
CJZ	488.0	2603.0	270	1
260	2761	449	2760	535	2600	711	2294
POH	4399.0	1601.0	239	1
4185	1503	4622	1572	4176	1562	4614	1767
VDJ	905.0	1042.0	424	1
848	1256	809	776	1051	859	913	1277
SCA	3519.0	4174.0	331	1
3437	4362	3287	4058	3601	4206	3752	4071
CHK	626.0	708.0	349	1
904	582	763	543	504	1067	335	642
OHQ	602.0	927.0	327	1
452	1162	868	902	330	823	759	821
YEC	1829.0	961.0	334	1
1914	1103	1869	1020	1569	854	1965	869
ATC	3312.0	2860.0	369	1
3334	2849	3238	2916	3061	3092	3616	2586
WHQ	2495.0	1092.0	206	1
2362	1060	2631	1054	2239	1010	2748	1245
GFC	3571.0	3711.0	217	1
3579	3734	3445	3849	3888	3689	3374	3575
