OXZ	1563.0	1965.0	354	1
1532	1966	1408	1813	1738	1901	1576	2183
KRQ	4242.0	705.0	437	1
4025	816	4386	732	4412	763	4145	510
ZCG	1697.0	977.0	468	1
1684	951	1722	813	1562	1035	1820	1110
VRS	1057.0	2378.0	266	1
1232	2463	982	2484	874	2087	1141	2480
VCB	482.0	3795.0	472	1
376	3859	625	3721	368	3953	560	3647
PFL	2393.0	4255.0	421	1
2242	4365	2353	4204	2618	4044	2359	4410
XWU	4128.0	4233.0	282	1
4166	4201	4103	4387	4217	4065	4028	4279
NHV	2804.0	2491.0	454	1
2640	2602	2819	2658	3043	2501	2715	2205
IAK	2571.0	793.0	402	1
2457	965	2556	513	2629	754	2644	941
AIL	1523.0	814.0	456	1
1295	788	1638	663	1575	817	1585	988
UZZ	1072.0	508.0	477	1
1290	446	1110	527	1035	533	854	528
EVI	643.0	3610.0	419	1
605	3566	671	3493	527	3762	769	3619
GAM	1893.0	3768.0	286	1
1925	3602	2112	3795	1815	4005	1722	3671
AJV	3155.0	3053.0	426	1
3131	3027	3288	2963	3366	2996	2835	3229
FRO	2697.0	2753.0	329	1
2666	2906	2581	2574	2959	2914	2582	2618
LQK	2714.0	693.0	367	1
2719	846	2765	610	2839	871	2533	448
OEP	421.0	1081.0	426	1
211	1230	541	1043	292	1131	642	923
WKB	2589.0	1641.0	289	1
2413	1765	2601	1558	2618	1526	2725	1718
FJA	4183.0	2317.0	394	1
4142	1989	3980	2415	4300	2409	4310	2457
QKS	2334.0	3193.0	264	1
2514	3108	2127	3194	2122	3332	2576	3141
DQT	1336.0	558.0	316	1
1547	753	1233	719	1293	329	1273	432
MMG	2829.0	2945.0	283	1
2705	2865	2806	2747	3161	3172	2647	2997
FSY	2479.0	3006.0	208	1
2213	3102	2663	2921	2517	3174	2524	2830
DTD	3990.0	3068.0	354	1
3888	3202	4090	3178	4013	2939	3972	2954
GQF	2496.0	1014.0	306	1
2660	1042	2327	983	2503	1138	2497	895
AEV	4393.0	2606.0	341	1
4343	2730	4233	2566	4561	2574	4437	2556
POS	959.0	592.0	315	1
755	601	1241	516	731	633	1109	620
BUA	2686.0	1915.0	212	1
2590	2223	2614	1887	2740	1774	2802	1777
DRR	3103.0	3980.0	424	1
3234	4048	3049	4058	2931	3811	3198	4006
KJG	2736.0	4366.0	395	1
2551	4353	2580	4455	2905	4309	2910	4350
WMZ	919.0	2483.0	346	1
973	2547	970	2270	793	2603	943	2513
FIU	3058.0	568.0	215	1
3166	766	3081	633	3218	495	2769	381
PLL	3660.0	4201.0	444	1
3711	4180	3704	4146	3808	4335	3417	4143
DLA	1440.0	4207.0	484	1
1273	3982	1507	4329	1543	4057	1439	4460
WIO	1591.0	2246.0	242	1
1420	1967	1521	2403	1919	2121	1506	2493
THV	3609.0	1493.0	357	1
3475	1393	3422	1575	3708	1233	3834	1773
NQS	1986.0	3014.0	233	1
2236	3242	2074	3043	1734	2955	1900	2819
QWX	703.0	3437.0	331	1
765	3301	581	3618	464	3274	1003	3557
WUA	3932.0	4055.0	428	1
3839	4152	3828	3945	4104	4013	3958	4110
SYA	4335.0	2829.0	305	1
4457	2938	4367	2609	4293	2813	4223	2956
NHX	1997.0	3046.0	476	1
2151	3193	2017	2920	1815	2852	2007	3222
OMB	1387.0	1151.0	416	1
1369	1380	1540	942	1197	1321	1445	964
ZAG	1172.0	2072.0	309	1
955	1902	1145	2314	1347	1934	1242	2141
NQI	463.0	3303.0	458	1
562	3104	655	3291	293	3401	342	3418
XZR	1959.0	2799.0	474	1
2007	2906	1998	2863	1699	2777	2135	2653
WWI	3805.0	3234.0	440	1
3727	3358	3697	2985	3794	3266	4002	3329
OHU	3064.0	2379.0	393	1
3217	2352	2790	2098	3263	2648	2988	2419
BRY	761.0	3787.0	477	1
597	3645	946	3609	591	4067	911	3829
UNY	3234.0	4356.0	233	1
3335	4380	3182	4387	3210	4492	3209	4168
TWI	2615.0	3872.0	344	1
2608	3830	2541	3860	2532	3957	2780	3842
