YKW	3639.0	1608.0	290	1
3477	1493	3685	1617	3478	1778	3919	1546
SAN	2961.0	3262.0	242	1
3002	3274	2776	3045	2928	3457	3139	3275
JBI	2786.0	2707.0	321	1
2981	2885	2481	2482	2839	2790	2844	2672
ZDD	1707.0	1092.0	445	1
1625	1154	1884	829	1764	1241	1556	1144
MRO	1803.0	4398.0	390	1
1746	4554	1998	4250	1547	4534	1922	4257
GFL	2174.0	3074.0	402	1
1853	2858	2387	3079	2425	3123	2031	3238
WVW	2612.0	2316.0	280	1
2635	2449	2641	2146	2601	2391	2572	2280
KSW	640.0	2709.0	210	1
579	2776	993	2623	567	2869	424	2568
WMH	1394.0	1172.0	248	1
1358	1170	1297	1205	1601	1038	1321	1275
MIX	861.0	981.0	351	1
1089	1029	568	982	852	1026	935	890
UAE	2840.0	3459.0	314	1
2844	3641	2971	3479	2648	3332	2900	3384
BOF	2062.0	2323.0	381	1
2376	2451	1983	2048	1986	2325	1905	2468
BBV	2827.0	3103.0	344	1
2944	3102	2896	3143	2940	3257	2529	2912
ANK	3300.0	634.0	450	1
3060	806	3221	435	3457	619	3463	678
ZDH	1186.0	4001.0	455	1
1124	4157	1183	4116	1255	3917	1184	3814
AJH	997.0	3420.0	479	1
734	3723	1176	3200	1056	3348	1023	3411
SYU	3622.0	3081.0	215	1
3675	2907	3840	3041	3345	2934	3629	3443
JIL	2016.0	3572.0	440	1
1865	3801	2044	3526	2281	3647	1877	3316
RCU	1064.0	2650.0	430	1
1050	2661	927	3006	1213	2461	1068	2473
VMW	1662.0	4407.0	298	1
1558	4351	1705	4331	1538	4434	1850	4514
QTZ	2522.0	1575.0	315	1
2383	1735	2491	1408	2527	1823	2690	1334
UMV	2635.0	1877.0	340	1
2784	1667	2894	1987	2378	2159	2487	1697
XHY	1002.0	3477.0	460	1
899	3449	667	3494	1227	3321	1216	3644
GCI	1422.0	4229.0	440	1
1412	3974	1685	4207	1233	4241	1360	4496
XNO	908.0	1841.0	490	1
671	2102	900	1791	980	1886	1081	1587
EWU	2753.0	2566.0	376	1
2854	2342	2699	2616	2845	2598	2616	2711
JKK	3910.0	3885.0	431	1
3978	4001	4005	3694	3856	3972	3801	3874
BVQ	2171.0	593.0	398	1
2065	498	1975	424	2141	934	2504	516
VVS	1608.0	461.0	490	1
1628	375	1350	716	1643	273	1814	481
TAN	3687.0	1534.0	255	1
3646	1424	3897	1331	3663	1618	3545	1765
DGW	1871.0	2339.0	470	1
1942	2217	2056	2326	1873	2579	1614	2236
KOX	1439.0	2872.0	495	1
1245	2862	1352	3095	1526	2841	1633	2690
OUG	3760.0	2620.0	319	1
3850	2471	3739	2734	3694	2587	3757	2688
JLC	326.0	2591.0	434	1
430	2714	122	2736	223	2313	530	2604
YDE	1385.0	1890.0	469	1
1455	1935	1348	1880	1123	1940	1616	1805
JUY	1734.0	2376.0	401	1
1667	2161	1970	2500	1507	2654	1794	2189
DYT	392.0	4109.0	391	1
316	3790	422	4082	521	4350	312	4214
VBF	2639.0	3880.0	240	1
2853	3614	2447	3783	2629	4000	2629	4123
XDE	1022.0	1527.0	355	1
1151	1498	1123	1606	785	1480	1029	1524
AKY	1143.0	2871.0	256	1
1385	2951	1035	3003	1185	2869	967	2663
YJO	3187.0	1132.0	305	1
3161	1051	3067	1046	3292	1382	3228	1050
DJW	3275.0	1590.0	236	1
3406	1507	3467	1346	2962	1865	3265	1643
ANS	3163.0	1306.0	282	1
3129	1417	3194	1229	3296	1024	3034	1555
CGY	3800.0	4041.0	456	1
3922	3847	3734	3884	3577	4164	3967	4269
HNW	4299.0	1412.0	383	1
4391	1268	4333	1430	4204	1478	4268	1475
GNO	2189.0	2410.0	358	1
2183	2330	2384	2428	2046	2682	2146	2202
BFC	3125.0	1910.0	403	1
3388	2030	2921	1976	3046	2015	3146	1621
JRH	1079.0	3622.0	474	1
920	3620	969	3872	1269	3527	1160	3471
CYT	2005.0	1380.0	435	1
1877	1682	1945	1238	2242	1246	1957	1354
VXI	3436.0	2978.0	300	1
3318	3144	3542	2895	3628	2909	3259	2965
