FZU	564.0	1684.0	446	1
656	1645	621	1934	512	1514	470	1644
BYX	1169.0	1451.0	253	1
1402	1438	1050	1359	1316	1556	911	1452
TQC	3699.0	1989.0	285	1
3722	1814	3602	2167	3707	1880	3766	2096
IFV	4344.0	3960.0	375	1
4294	4044	4310	3804	4435	4026	4338	3968
UWS	3116.0	1625.0	272	1
3026	1862	3133	1823	3391	1424	2917	1391
XLE	1122.0	2763.0	375	1
872	2939	1179	2560	1363	2810	1077	2745
FAG	3509.0	1461.0	306	1
3434	1514	3686	1596	3536	1525	3382	1210
RIK	1608.0	3058.0	268	1
1454	3203	1455	2836	1745	3203	1781	2992
LEQ	2076.0	3280.0	412	1
2301	3209	2217	3353	1982	3341	1804	3218
YUT	2288.0	920.0	480	1
2401	1034	1944	1084	2372	779	2436	785
HMQ	4037.0	3169.0	234	1
4078	3069	3925	3262	4064	3039	4083	3308
KKK	1709.0	2812.0	251	1
1607	2887	1736	2796	1475	2873	2018	2695
JPS	602.0	1569.0	277	1
648	1692	602	1467	601	1472	558	1645
PEC	441.0	2897.0	271	1
393	2651	352	2923	532	2980	488	3035
MCD	4343.0	3655.0	229	1
4560	3875	4157	3838	4180	3366	4478	3542
DYD	3740.0	438.0	422	1
3489	274	3980	330	3856	501	3636	647
XWV	4271.0	3268.0	365	1
4019	3150	4037	3034	4532	3353	4496	3538
GVH	623.0	4268.0	225	1
658	4052	912	4387	520	4197	405	4438
ISY	798.0	601.0	432	1
599	341	693	662	1094	591	806	813
GVF	2617.0	1244.0	489	1
2747	1138	2551	1436	2488	1068	2683	1336
HOJ	1697.0	4291.0	290	1
1442	4260	1818	4100	1664	4239	1867	4568
TUX	720.0	1415.0	333	1
532	1739	811	1473	644	1234	894	1214
YZM	4091.0	4017.0	268	1
3745	4045	4293	3803	4242	4165	4086	4057
CXJ	3823.0	1772.0	301	1
3554	1852	3711	1555	4060	1883	3967	1799
DUC	3806.0	3578.0	331	1
3638	3485	4021	3799	3780	3556	3788	3474
PDZ	3483.0	801.0	426	1
3184	946	3547	817	3642	691	3559	752
ELD	3742.0	3382.0	445	1
3833	3403	3742	3169	3807	3662	3586	3296
PBW	508.0	830.0	455	1
776	786	369	773	573	777	316	986
AQD	3456.0	3043.0	407	1
3578	2990	3279	3094	3384	2814	3585	3275
ZLQ	3958.0	3272.0	340	1
3722	3356	4139	3150	4020	3152	3954	3430
IYL	3658.0	437.0	310	1
3862	357	3561	678	3692	352	3519	362
LEL	2292.0	1034.0	471	1
2105	1203	2246	1191	2466	859	2353	885
TXL	3186.0	4014.0	223	1
3385	3824	3050	4158	3391	4111	2920	3965
NZY	555.0	3872.0	383	1
513	4131	567	4142	619	3583	521	3633
DZD	1838.0	4243.0	405	1
1749	4111	1747	4288	1952	4214	1905	4360
EXJ	4266.0	3080.0	219	1
4160	3310	4407	3063	4380	3002	4117	2947
WYE	3308.0	3629.0	485	1
3088	3307	3505	3668	3401	3784	3239	3757
DEO	1595.0	3700.0	379	1
1606	3804	1621	3633	1439	3569	1715	3795
QAE	3949.0	1904.0	334	1
4049	2125	3900	1892	4167	1623	3683	1978
QWJ	952.0	2894.0	295	1
823	2893	1099	2694	856	2894	1033	3097
TCI	2247.0	3633.0	397	1
2447	3772	2220	3460	2216	3635	2105	3668
WJZ	1912.0	2726.0	235	1
1838	2677	2129	2400	1796	2896	1885	2933
YHH	2089.0	827.0	295	1
2185	644	2033	970	1996	619	2142	1076
JEM	3915.0	2050.0	425	1
3989	1865	4107	2015	3731	2023	3836	2300
TNH	1531.0	2498.0	349	1
1596	2504	1272	2456	1705	2412	1553	2622
RRE	1053.0	4025.0	410	1
1201	4002	801	3881	1139	3955	1074	4264
EVG	1845.0	3046.0	485	1
1937	3062	1802	2973	1771	2913	1871	3236
BQO	2577.0	2616.0	307	1
2458	2402	2496	2655	2617	2819	2740	2589
IZP	234.0	3995.0	420	1
344	4028	145	3886	253	4011	194	4057
YYJ	3304.0	3046.0	206	1
3158	2873	3365	3054	3416	3104	3277	3155
