IQA	2222.0	706.0	378	1
2255	721	2166	504	2006	866	2462	736
FYW	1121.0	2695.0	295	1
1215	2909	1136	2973	1216	2507	920	2393
MND	3161.0	2179.0	436	1
3250	1895	3087	2294	3196	2200	3113	2328
ALM	602.0	4091.0	429	1
553	3921	706	4478	518	3996	631	3972
HFF	3351.0	4139.0	214	1
3310	3960	3364	4257	3569	4340	3164	3999
VNB	1696.0	478.0	444	1
1808	646	1983	395	1520	476	1476	396
DSH	2817.0	3444.0	240	1
2974	3575	2671	3629	2564	3230	3060	3345
SNZ	1543.0	650.0	224	1
1668	431	1497	963	1530	781	1478	427
WVS	1214.0	1391.0	383	1
1109	1153	1197	1607	1323	1650	1230	1157
CHT	2181.0	3167.0	372	1
2408	3065	1964	3014	2284	3086	2069	3504
WTG	1022.0	2603.0	428	1
1032	2495	1169	2640	933	2607	956	2673
TFI	2854.0	3286.0	457	1
2904	3499	3051	3145	2790	3351	2674	3150
RTG	2528.0	3114.0	265	1
2469	2971	2698	3148	2411	3005	2537	3334
KMD	1092.0	3971.0	456	1
1261	3843	974	4051	906	3857	1228	4134
TCV	382.0	2717.0	258	1
184	2588	508	3002	455	2615	382	2663
BUY	1124.0	1464.0	231	1
1202	1702	1164	1240	1201	1266	931	1649
ECS	514.0	3668.0	390	1
604	3568	415	3896	620	3771	420	3437
WLJ	1334.0	1612.0	212	1
1178	1727	1597	1859	1551	1404	1013	1458
INN	680.0	4137.0	302	1
741	4133	595	4264	646	4207	738	3947
YLO	615.0	2927.0	268	1
235	2806	769	2988	737	2770	720	3146
ZSV	1925.0	4139.0	322	1
1888	4379	2151	3944	1752	4000	1912	4236
KNP	1604.0	4082.0	326	1
1722	4368	1381	4093	1850	3853	1463	4016
WUH	2959.0	496.0	421	1
3002	409	2794	252	2948	808	3093	515
ENT	3116.0	4275.0	260	1
2950	4068	2931	4364	3348	4229	3236	4442
YOD	2391.0	2466.0	469	1
2189	2358	2492	2378	2445	2533	2439	2597
FGF	380.0	2135.0	322	1
648	2020	377	2043	269	2502	226	1977
KYQ	2937.0	1039.0	340	1
3028	1069	2985	1261	2792	895	2943	934
YAJ	772.0	4202.0	203	1
742	4113	757	4139	785	4376	807	4182
SVF	3699.0	4299.0	280	1
3768	4193	3500	4154	4030	4473	3501	4378
CUA	3974.0	1113.0	379	1
4200	1259	3832	1068	4107	1055	3758	1071
UTW	3182.0	2102.0	433	1
3346	2151	3064	2146	3244	1836	3077	2278
SUV	3712.0	1710.0	424	1
3628	1818	4098	1622	3562	1839	3562	1563
FFB	577.0	3086.0	211	1
365	2936	720	3223	749	2871	475	3317
QKX	1253.0	1376.0	404	1
1283	1235	1071	1520	1419	1263	1239	1489
JOF	2873.0	4290.0	466	1
2997	4226	2743	4418	2952	4076	2800	4440
VFU	711.0	1971.0	439	1
706	2262	712	1721	787	1874	639	2027
QAG	2700.0	2627.0	228	1
2834	2580	2617	2494	2633	2886	2717	2548
FVV	3738.0	661.0	493	1
3904	806	3726	499	3638	410	3685	929
UPD	3021.0	2282.0	223	1
3232	2335	3249	2160	2782	2114	2822	2519
IJG	3721.0	982.0	286	1
3988	834	3616	1034	3631	961	3649	1101
RDM	3847.0	3378.0	284	1
3923	3331	3856	3509	3696	3386	3913	3287
TMK	2563.0	1132.0	261	1
2750	1069	2466	1037	2288	1217	2748	1205
YVV	3364.0	3015.0	241	1
3422	3030	3363	2839	3327	3020	3346	3171
TLB	3614.0	4270.0	200	1
3622	4551	3615	4034	3764	4325	3455	4173
OUH	2148.0	2072.0	393	1
2359	1959	2250	2317	2056	1936	1927	2076
BHC	2956.0	2605.0	444	1
3058	2577	3016	2822	2777	2693	2974	2328
UUH	676.0	2745.0	325	1
594	2870	690	2500	696	2868	727	2743
TZR	4488.0	3334.0	438	1
4635	3115	4146	3377	4570	3599	4602	3246
YHP	2622.0	4073.0	234	1
2589	4018	2678	4151	2541	4246	2680	3880
BVT	824.0	2435.0	236	1
696	2321	728	2244	1115	2592	757	2586
