NCH	1356.0	556.0	8	1
1236	585	1515	768	1435	432	1240	439
FKI	1164.0	4266.0	291	1
1056	4285	1266	4353	1156	4152	1181	4276
PEB	1880.0	962.0	89	1
1789	1201	2029	876	1979	1041	1725	733
DQS	2726.0	3369.0	267	1
2842	3398	2732	3285	2851	3303	2482	3491
PPS	1530.0	2747.0	213	1
1490	2958	1837	2924	1533	2566	1260	2540
GXD	688.0	2125.0	252	1
656	2236	739	2180	842	1991	515	2093
CRX	4133.0	3854.0	47	1
4177	3789	4235	3853	3987	3905	4134	3871
NRU	1189.0	1857.0	283	1
1231	1819	1128	1895	1273	1841	1125	1876
NVB	3436.0	3004.0	34	1
3395	2792	3377	3336	3751	2819	3224	3071
QHI	973.0	4322.0	172	1
795	4573	1252	4292	1055	4124	792	4301
PZJ	3963.0	2199.0	270	1
4203	2262	3733	1953	3935	2262	3984	2320
HFL	3676.0	2754.0	177	1
3451	2535	3574	2868	3931	2951	3750	2662
MQS	4147.0	675.0	198	1
3970	944	4548	694	4110	543	3963	522
EII	1529.0	1869.0	71	1
1692	1954	1463	1946	1558	1611	1403	1965
DQC	4308.0	3535.0	50	1
4426	3883	4204	3387	4296	3478	4308	3393
XJQ	2114.0	2752.0	43	1
2144	2556	2338	2886	1901	2817	2073	2749
OZM	4286.0	2340.0	136	1
4330	2160	4281	2517	4181	2624	4354	2061
ZNP	2624.0	1529.0	295	1
2412	1327	2525	1742	2685	1453	2875	1597
DWY	2251.0	1571.0	153	1
2078	1319	2386	1632	2547	1735	1993	1600
GWF	3309.0	1327.0	220	1
3495	1517	3270	1124	3219	1464	3255	1205
GWH	2149.0	868.0	4	1
2183	847	2382	1083	2023	769	2010	773
TDP	731.0	4245.0	26	1
932	3942	891	4259	556	4307	548	4472
MEI	3572.0	3974.0	204	1
3350	3697	3711	4159	3601	3994	3626	4048
LSA	1089.0	527.0	274	1
1151	474	1247	732	984	318	975	585
YMU	1179.0	2432.0	66	1
1282	2232	1137	2747	992	2276	1307	2476
HNM	1696.0	462.0	85	1
1830	585	1936	661	1576	302	1442	301
CKP	2926.0	2845.0	150	1
2767	2947	3102	3006	3130	2478	2707	2951
JNQ	4142.0	1952.0	105	1
3815	1867	4298	1974	4163	2082	4294	1886
LZF	3435.0	3127.0	105	1
3541	2985	3382	3031	3397	3508	3422	2985
LJB	4299.0	955.0	218	1
4260	994	4391	958	4270	1072	4278	799
CRK	2196.0	1454.0	180	1
2464	1414	2146	1706	2169	1357	2008	1341
AOC	4213.0	3318.0	277	1
4355	3248	3828	3332	4304	3147	4366	3548
VMH	3949.0	1783.0	150	1
4014	1650	3877	1636	3899	1712	4008	2137
FMH	1995.0	999.0	38	1
2087	1104	1730	944	2126	1073	2037	876
TUV	4101.0	4087.0	246	1
4249	4066	4072	4052	4236	4038	3847	4194
TRF	2069.0	993.0	176	1
2179	1140	1892	1076	2062	940	2146	817
IBB	1207.0	3059.0	143	1
1132	2884	1070	3194	1158	2892	1468	3268
VZM	4147.0	4069.0	244	1
4138	4046	4098	3898	4377	3913	3977	4419
WFC	1901.0	2806.0	176	1
1952	2739	1923	2896	2077	2921	1653	2668
KWD	2663.0	2505.0	229	1
2762	2446	2592	2602	2542	2268	2756	2706
JEM	2078.0	1521.0	179	1
1999	1203	2042	1591	2237	1647	2037	1643
XSM	3090.0	1703.0	115	1
2954	1557	3357	1560	2998	1986	3051	1711
UGQ	2412.0	645.0	6	1
2310	813	2576	380	2488	676	2275	711
TYM	758.0	3836.0	246	1
899	3873	391	3903	908	4000	837	3571
KJY	2841.0	478.0	250	1
2777	544	2919	715	2971	153	2699	502
MAH	2721.0	2249.0	100	1
2651	2202	2821	2038	2654	2480	2761	2276
BRK	1200.0	2942.0	56	1
1328	3064	1322	2860	1203	3092	950	2752
RZN	2001.0	3354.0	292	1
1795	3194	2061	3441	2031	3418	2120	3366
VPB	375.0	984.0	38	1
513	1050	294	1063	183	829	511	997
XPO	2127.0	1588.0	145	1
2334	1495	2000	1637	1880	1722	2294	1501
