IOT	3229.0	4427.0	188	1
3275	4623	3191	4249	3469	4405	2984	4431
ZGZ	1155.0	3672.0	222	1
1108	3334	1110	3802	1376	3803	1029	3751
MEE	2321.0	1487.0	1	1
2222	1382	2367	1557	2490	1524	2206	1488
YPT	3321.0	929.0	208	1
3431	916	3219	1096	3390	1047	3245	660
FHS	2646.0	1346.0	224	1
2606	1244	2634	1327	2617	1620	2727	1196
AST	863.0	1239.0	202	1
654	1081	808	1056	1098	1284	893	1538
DFK	1934.0	723.0	243	1
2044	720	2099	928	1781	686	1815	561
XAH	1368.0	558.0	272	1
1304	417	1629	655	1351	795	1189	365
OOK	1876.0	3929.0	171	1
1778	3929	1767	4178	1991	3951	1970	3658
AGK	2981.0	3045.0	198	1
3112	3231	3107	2859	2771	3077	2934	3015
OEN	3968.0	4125.0	263	1
3903	3984	3950	4279	3920	4183	4102	4057
IJO	1252.0	4156.0	223	1
1339	4144	1050	4070	1305	4231	1314	4179
REJ	2444.0	2079.0	51	1
2476	1954	2207	2360	2382	1869	2711	2136
NBT	2530.0	3888.0	264	1
2510	4084	2367	3659	2658	4156	2587	3655
QWB	1464.0	3030.0	110	1
1226	3058	1490	3070	1525	3130	1616	2865
LSD	3540.0	3691.0	37	1
3513	3594	3460	3520	3648	3659	3541	3992
SIX	3459.0	2459.0	32	1
3522	2594	3208	2401	3559	2264	3549	2577
EKQ	2299.0	3773.0	91	1
2386	3878	2161	3706	2087	3781	2562	3730
RGE	4197.0	2346.0	121	1
4156	2252	4263	2080	4227	2636	4145	2418
OTI	4362.0	3594.0	288	1
4455	3640	4219	3588	4436	3640	4339	3509
YVV	4241.0	602.0	214	1
4483	656	4134	451	4208	545	4140	757
XNA	832.0	2758.0	241	1
1005	2828	774	2737	867	2986	684	2484
KJH	3280.0	1655.0	191	1
3199	1741	3548	1413	3118	1631	3257	1835
MSK	2433.0	2383.0	68	1
2251	2492	2486	2364	2484	2443	2514	2234
DXB	2929.0	2127.0	294	1
3025	1963	2781	2181	3120	1972	2791	2392
AOH	3968.0	598.0	225	1
4099	399	3940	876	3724	494	4110	625
FNB	3859.0	1200.0	185	1
4095	1070	3886	1313	3627	1086	3829	1333
FES	1020.0	2398.0	246	1
844	2292	1087	2449	1085	2186	1065	2666
MWE	1876.0	1575.0	79	1
1980	1486	1859	1618	1687	1442	1980	1754
DTC	3790.0	533.0	217	1
4052	692	4017	537	3552	689	3542	214
ULB	3794.0	2564.0	120	1
3984	2380	3464	2281	3696	2778	4032	2820
QZL	559.0	3911.0	9	1
679	3999	549	3847	550	3991	461	3807
EAQ	1939.0	751.0	3	1
1703	564	2025	894	2208	551	1822	998
VPD	2344.0	1403.0	209	1
2285	1427	2289	1429	2426	1411	2379	1348
FJT	3851.0	3180.0	217	1
3846	3247	3877	2875	3797	3229	3885	3372
IBX	3045.0	1375.0	289	1
2798	1545	3050	1259	3203	1548	3132	1150
PLS	3069.0	3797.0	177	1
3198	3500	2887	3928	3217	3894	2977	3869
ZWU	3901.0	1237.0	180	1
3707	1002	3843	1500	4034	1037	4021	1410
HMW	4221.0	2439.0	238	1
4393	2525	3979	2421	4049	2226	4466	2585
DBY	3258.0	2546.0	14	1
3321	2566	3281	2591	3256	2524	3174	2503
QIQ	2028.0	3120.0	121	1
1849	3193	1986	2927	2001	3155	2278	3205
TVR	2003.0	2135.0	116	1
1932	2163	2204	2238	1782	2095	2094	2046
NOL	2345.0	1813.0	241	1
2254	1617	2246	1791	2229	1827	2651	2020
TKC	1386.0	1518.0	230	1
1394	1475	1272	1546	1603	1431	1278	1620
CEQ	2334.0	1143.0	139	1
2328	1212	2230	992	2285	1234	2494	1137
AYO	1553.0	531.0	268	1
1634	517	1582	413	1453	485	1543	711
AGU	4223.0	1875.0	27	1
4093	1860	4494	1777	4060	1909	4246	1954
NVZ	2697.0	1859.0	55	1
2610	1827	2475	1718	2973	1849	2733	2044
LMY	1958.0	3185.0	202	1
1907	3177	2170	3222	1666	3287	2090	3055
QRL	3826.0	3653.0	187	1
4061	3692	3949	3574	3740	3641	3554	3708
