YGK	2869.0	1404.0	7	1
3052	1335	2708	1592	3015	1449	2704	1243
DLS	2029.0	4131.0	32	1
2049	4151	2160	3938	2005	4022	1903	4415
WKC	2061.0	4143.0	60	1
2199	4376	1930	3906	2179	4353	1937	3938
RIT	4363.0	2512.0	252	1
4482	2573	4388	2594	4530	2564	4054	2318
SMI	418.0	3250.0	120	1
582	3151	521	3502	265	3147	305	3201
BGQ	1403.0	1601.0	134	1
1545	1299	1537	1729	1116	1789	1416	1589
AOW	437.0	1077.0	194	1
432	1152	633	1120	464	1029	219	1007
AOE	3179.0	3006.0	206	1
3019	3169	3192	3018	3414	2719	3092	3120
UFP	1844.0	1996.0	188	1
1765	2131	1844	1850	1990	1992	1779	2011
YEH	404.0	2414.0	93	1
256	2526	272	2386	328	2364	760	2381
IRH	835.0	3845.0	125	1
713	3572	1058	3979	888	3787	681	4043
ELJ	1938.0	1930.0	149	1
2004	1741	1650	2167	2144	1759	1957	2054
KRE	1012.0	3745.0	193	1
980	3485	1080	3830	1139	3675	850	3991
KEU	2017.0	288.0	65	1
2206	627	2146	200	1907	182	1810	144
BTT	2163.0	2663.0	147	1
2023	2709	2335	2611	2251	2570	2044	2763
OUV	1345.0	454.0	268	1
1302	193	1164	666	1689	456	1227	501
WCE	4345.0	1055.0	58	1
4513	1062	4231	1169	4330	761	4308	1231
VTN	4028.0	1832.0	40	1
4263	1868	3854	2065	4054	1716	3944	1679
BVM	1563.0	1246.0	3	1
1467	1119	1704	1099	1736	1350	1347	1417
WYJ	1326.0	2547.0	237	1
1070	2397	1580	2411	1464	2749	1191	2634
TMR	2903.0	2319.0	270	1
2851	2164	2874	2358	2962	2107	2928	2648
ZDK	3033.0	822.0	79	1
3111	993	3088	927	2923	714	3012	655
MRN	3887.0	2265.0	26	1
3725	2031	4127	2424	3917	2296	3779	2311
ZYP	3571.0	4157.0	274	1
3500	4348	3784	4018	3764	4378	3237	3887
NUT	497.0	2536.0	291	1
352	2719	455	2422	592	2403	589	2600
PJY	2597.0	1381.0	101	1
2633	1094	2599	1581	2693	1619	2465	1230
JYA	3436.0	3537.0	209	1
3209	3594	3714	3367	3532	3606	3290	3581
NUP	2607.0	696.0	292	1
2478	650	2872	955	2615	578	2464	604
JGT	3494.0	4346.0	60	1
3666	4504	3475	4068	3472	4257	3363	4557
SYL	2353.0	1003.0	225	1
2545	1222	2513	696	2361	922	1996	1175
YUE	1184.0	567.0	250	1
1101	747	1338	578	1331	516	969	428
IRI	1178.0	3693.0	41	1
932	3465	1383	3602	1301	3859	1096	3847
QIN	2499.0	1829.0	160	1
2360	1755	2452	1791	2664	1772	2520	2000
CXF	1854.0	3463.0	4	1
1593	3313	2046	3549	1839	3356	1941	3634
UGJ	1597.0	1003.0	14	1
1788	849	1758	1201	1331	814	1513	1150
OYL	2581.0	4232.0	205	1
2468	4227	2871	4264	2594	4050	2391	4387
MLJ	3528.0	3455.0	22	1
3553	3726	3534	3232	3670	3625	3358	3240
MVM	2063.0	2071.0	172	1
1950	2283	2061	1923	2118	2080	2125	1999
EXV	3710.0	1922.0	2	1
3415	1890	3737	2057	3776	1793	3914	1948
HQN	898.0	3184.0	280	1
724	3003	1049	3198	1092	3027	729	3511
FPD	2817.0	2352.0	20	1
2704	2349	2813	2220	2967	2344	2786	2497
TAX	2221.0	1840.0	261	1
2095	1928	2239	1851	2402	1658	2149	1924
XXB	1485.0	1161.0	229	1
1473	1327	1625	1383	1550	973	1294	962
YSX	2503.0	3931.0	39	1
2421	3681	2518	4202	2460	3799	2613	4042
JKG	3721.0	2855.0	14	1
3606	2549	3926	3014	3630	2948	3725	2909
XNH	1240.0	3325.0	180	1
1401	3433	1100	3381	1120	3202	1340	3287
DGB	4155.0	3853.0	286	1
4233	3993	3971	3691	4294	3920	4125	3809
AKB	3833.0	3130.0	242	1
3787	3007	3846	2878	3939	3359	3760	3276
OKQ	3292.0	959.0	34	1
3205	1222	3143	812	3566	813	3255	989
EGR	4440.0	4236.0	135	1
4221	4371	4576	4476	4545	4115	4421	3985
