OOU	1827.0	4355.0	234	1
1774	4204	2068	4473	1949	4202	1520	4544
MOO	779.0	1102.0	300	1
919	887	979	1367	522	888	698	1267
HTY	2711.0	1312.0	312	1
2619	1322	2850	1613	2776	1205	2601	1109
DRZ	3577.0	3002.0	358	1
3525	3180	3786	2959	3359	3093	3639	2777
GFM	2854.0	1913.0	388	1
2870	1970	3037	2085	2965	1823	2544	1776
DWS	2230.0	2464.0	289	1
2211	2533	2144	2519	2255	2393	2313	2412
LRX	3537.0	619.0	339	1
3441	562	3592	926	3733	569	3384	422
DPJ	4014.0	493.0	354	1
4075	774	3981	444	3999	295	4004	462
VBE	2341.0	3950.0	470	1
2148	4086	2420	3797	2638	4079	2161	3839
JSF	532.0	1743.0	462	1
712	1634	371	1925	373	1564	675	1852
MAP	853.0	4011.0	461	1
817	4007	753	3798	1008	4155	837	4087
GTD	1944.0	4217.0	276	1
2039	4382	1759	4136	1786	4266	2195	4086
TUC	467.0	487.0	251	1
592	337	376	522	458	550	442	539
FYJ	1705.0	3876.0	214	1
1473	3915	1722	3867	1650	3739	1976	3986
MGN	4492.0	2182.0	467	1
4514	2245	4634	2056	4383	2277	4437	2151
KHN	3733.0	2715.0	279	1
3573	2521	3786	2451	3860	2974	3715	2917
BFX	3074.0	2187.0	261	1
3221	2187	2932	2021	2959	2261	3185	2280
YYI	836.0	1642.0	224	1
942	1780	794	1639	849	1642	759	1508
WLM	3285.0	1715.0	215	1
3286	1942	3121	1839	3468	1565	3267	1515
KUP	3690.0	3622.0	290	1
3518	3467	3766	3807	4002	3602	3475	3615
JQH	2012.0	1758.0	327	1
2067	1777	2278	1808	1904	1728	1799	1719
LTL	3208.0	1350.0	426	1
3214	1607	2970	1132	3376	1524	3272	1140
WDO	3941.0	2072.0	228	1
3970	2250	4112	1920	3676	1811	4009	2309
FVZ	2980.0	3910.0	250	1
3146	3844	2856	3908	2925	4072	2995	3819
GLE	4185.0	390.0	406	1
4318	221	4303	603	3911	286	4208	451
SCL	1993.0	1254.0	261	1
1944	1014	2107	1439	1827	1158	2097	1406
UUM	3055.0	4222.0	273	1
3371	4366	2830	4303	3128	4063	2893	4156
PWK	2470.0	574.0	269	1
2457	795	2203	396	2600	391	2622	715
LDG	1047.0	519.0	241	1
1124	672	1058	763	1020	312	988	332
NWN	4126.0	2335.0	248	1
4082	2483	4089	2377	3968	2316	4365	2164
AKR	4072.0	3828.0	258	1
4091	3845	4090	3974	4110	3754	4000	3739
WIJ	1262.0	2177.0	398	1
1132	2150	1071	2291	1543	2036	1305	2231
FGA	1149.0	3157.0	234	1
1086	3201	1033	3127	1335	3295	1145	3008
OIL	2065.0	3732.0	380	1
2234	3903	1984	3710	1971	3650	2074	3668
SBR	1553.0	1027.0	485	1
1383	885	1688	797	1828	1308	1315	1118
GKO	3893.0	2916.0	324	1
3871	2873	3866	2901	3941	2951	3895	2942
VBG	1971.0	3101.0	204	1
1938	2998	2001	3298	2008	3018	1939	3091
YVC	4315.0	4250.0	452	1
4176	4374	4203	4437	4452	4094	4431	4095
JOE	2330.0	878.0	204	1
2276	598	2605	925	2342	1063	2097	929
RVD	703.0	577.0	204	1
780	856	538	305	734	588	761	562
BWC	971.0	1708.0	259	1
1295	2006	956	1636	878	1745	758	1446
JEC	1710.0	2288.0	317	1
1792	2145	1812	2376	1442	2356	1796	2276
VWP	2511.0	3968.0	397	1
2746	4177	2585	3671	2425	3910	2291	4116
IDZ	646.0	2230.0	258	1
427	2215	621	2189	654	2382	884	2135
OKG	3256.0	647.0	347	1
3363	545	3313	618	3163	752	3188	674
AAG	727.0	1735.0	480	1
709	1747	707	1809	802	1657	690	1727
DPW	2302.0	3156.0	499	1
2210	3001	2347	3291	2209	3297	2445	3038
NUR	807.0	2166.0	386	1
923	2007	576	2397	890	1865	839	2396
ZFQ	3499.0	1916.0	390	1
3309	2104	3747	1856	3670	1790	3273	1916
ODM	3798.0	3887.0	259	1
4143	3871	3633	3667	3711	4134	3705	3879
