IAR	1760.0	1597.0	207	1
1963	1704	1673	1551	1839	1776	1567	1359
GXX	3926.0	3358.0	309	1
3769	3434	4131	3576	3898	3093	3908	3331
BGZ	1102.0	2424.0	442	1
1328	2725	1075	2620	1164	2170	844	2181
KEV	3783.0	811.0	248	1
3924	918	3517	521	4075	824	3617	983
QMO	2344.0	1989.0	280	1
2218	1853	2472	1861	2533	2059	2154	2183
UAE	3714.0	2215.0	380	1
3731	2177	3888	2310	3699	2113	3538	2260
FED	2515.0	3751.0	316	1
2374	4046	2632	3512	2726	3828	2330	3620
TDL	3228.0	1318.0	338	1
2996	992	3150	1427	3432	1416	3336	1438
VPY	3790.0	1503.0	339	1
3849	1685	3763	1680	3794	1360	3755	1290
TMS	2419.0	3999.0	461	1
2557	4056	2103	4004	2526	3939	2493	4000
QAO	1352.0	1539.0	333	1
1158	1722	1537	1582	1157	1240	1556	1612
ICH	663.0	1853.0	402	1
659	1712	636	1787	775	1709	583	2207
GEC	848.0	3042.0	286	1
1178	3165	685	3182	626	2875	905	2947
UHR	3751.0	2813.0	303	1
3662	2848	3879	2786	3654	2790	3810	2829
SRA	2847.0	958.0	277	1
2917	1182	2731	952	3112	886	2629	815
AOI	4283.0	3987.0	288	1
4219	4112	4297	3917	4443	3859	4173	4060
UZX	508.0	2512.0	356	1
794	2691	375	2351	443	2340	420	2666
PFT	2473.0	4051.0	383	1
2349	4208	2294	4019	2573	4018	2677	3961
AKA	3104.0	4349.0	266	1
3178	4469	3280	4190	2710	4148	3249	4590
YCH	3289.0	2352.0	491	1
3306	2472	3205	2037	3218	2450	3428	2450
CMN	596.0	903.0	499	1
749	1045	359	805	422	1136	855	626
VUC	2367.0	1251.0	481	1
2312	1436	2377	1150	2270	1419	2512	999
TVU	4133.0	2257.0	390	1
4410	2294	3888	2132	3978	2320	4258	2284
VWD	3653.0	1306.0	227	1
3616	1174	3582	1441	3600	1345	3817	1267
PXY	1919.0	1318.0	375	1
1754	1457	1951	1345	2143	1262	1831	1209
IXS	4316.0	2536.0	250	1
4413	2635	4277	2458	4472	2707	4102	2346
QAC	1308.0	2771.0	422	1
1291	2753	1288	2895	1267	2696	1388	2743
MNW	1362.0	2156.0	296	1
1627	2005	1220	2000	1342	2442	1259	2177
ONK	3377.0	3636.0	488	1
3309	3548	3246	3499	3494	3729	3462	3769
YWZ	447.0	518.0	382	1
680	663	602	537	241	687	266	188
ELN	1548.0	3238.0	367	1
1768	3528	1392	3270	1296	3139	1738	3016
TLH	1755.0	1738.0	455	1
1692	1894	1825	1596	1676	1863	1829	1599
ACB	2058.0	3950.0	331	1
1889	3983	2005	3767	2144	4096	2194	3956
WVB	4339.0	1223.0	323	1
4273	1151	4504	1397	4249	1266	4333	1078
KZB	4210.0	4226.0	302	1
4167	4438	4481	4041	4139	3972	4054	4456
BAV	1383.0	3851.0	213	1
1296	3862	1509	3950	1304	4043	1426	3552
SLY	1434.0	1067.0	434	1
1378	784	1617	1117	1545	1358	1199	1009
BCH	3363.0	2812.0	204	1
3340	3032	3344	3095	3364	2607	3406	2516
TGC	1235.0	4147.0	333	1
1132	4063	1135	4100	1349	4337	1326	4088
JBF	4275.0	699.0	395	1
4121	697	4332	853	4259	654	4389	593
YOG	847.0	2669.0	499	1
714	2605	990	2754	767	2587	920	2733
RED	1356.0	2226.0	281	1
1322	2317	1180	2253	1715	1952	1209	2384
OIH	2804.0	3902.0	277	1
2642	3875	2799	4030	3072	3874	2703	3829
ASX	1218.0	1736.0	438	1
1039	1586	1208	2079	1472	1676	1156	1605
EFS	999.0	3118.0	319	1
981	2904	1111	3176	1079	3155	828	3239
NKA	2541.0	1186.0	247	1
2340	969	2906	994	2411	1390	2509	1392
WQT	4098.0	1134.0	278	1
3864	1064	4274	1247	4059	953	4195	1275
CNI	3625.0	2200.0	334	1
3482	2300	3668	2172	3804	2157	3548	2173
PIW	1046.0	2252.0	425	1
922	2361	870	2058	1146	2253	1246	2337
BTY	4010.0	3785.0	205	1
3854	4025	3984	3909	4157	3631	4048	3577
