CTS	3143.0	2739.0	221	1
2947	2780	3065	2882	3230	2641	3330	2655
MAB	1969.0	4148.0	455	1
1818	3951	2193	4257	1760	4177	2108	4208
MIH	2565.0	2642.0	380	1
2318	2895	2807	2467	2745	2859	2391	2349
CWW	4251.0	2097.0	497	1
4191	2378	4316	2187	4239	1885	4259	1938
JMY	4500.0	3602.0	294	1
4608	3336	4351	3752	4377	3590	4666	3733
RWY	3836.0	618.0	338	1
3819	541	3978	497	3660	599	3887	836
GCS	1245.0	3828.0	283	1
1361	3914	1328	3712	1016	3713	1276	3976
SPS	485.0	1848.0	383	1
298	1819	524	1625	337	1799	784	2151
ROR	719.0	1067.0	211	1
608	967	726	1197	695	1055	849	1050
EGZ	3518.0	1128.0	296	1
3661	1116	3449	1278	3555	1051	3408	1070
PNX	2173.0	4125.0	307	1
2231	3852	2107	4289	2369	4393	1986	3967
AAW	2493.0	2510.0	203	1
2376	2236	2583	2643	2557	2730	2457	2433
SQV	4430.0	3273.0	341	1
4643	3274	4073	3241	4463	3454	4543	3126
VEC	3409.0	755.0	376	1
3267	992	3411	781	3297	727	3664	523
GEX	2586.0	3966.0	416	1
2735	3898	2563	3828	2482	4082	2565	4058
QQA	2307.0	1416.0	442	1
2395	1606	2546	1297	2135	1546	2155	1218
VZQ	574.0	1932.0	233	1
375	2036	354	2005	744	1906	825	1784
VZE	2533.0	589.0	363	1
2404	570	2856	645	2378	431	2495	710
DVD	3436.0	1214.0	459	1
3285	1443	3626	1009	3448	1093	3387	1311
KDW	2884.0	4224.0	475	1
2734	4239	2980	4121	2851	4134	2973	4404
JGX	2207.0	2027.0	401	1
1989	1982	2406	2048	2005	2064	2428	2014
NNQ	2691.0	3300.0	204	1
2634	3263	2825	3383	2514	3165	2792	3389
SKX	4121.0	3920.0	407	1
4167	3747	3990	3823	4269	4032	4060	4081
RFX	881.0	2732.0	286	1
767	2520	1061	2907	1022	2832	675	2672
HOX	552.0	4114.0	297	1
788	4332	284	4083	556	4124	583	3919
DOG	2195.0	3077.0	384	1
2027	2979	2302	3380	2453	2935	2000	3016
MXF	2330.0	601.0	337	1
2529	726	2250	666	2255	409	2287	603
MUB	2441.0	3848.0	206	1
2337	3787	2526	3773	2636	3719	2266	4114
KXF	3726.0	1354.0	406	1
3965	1515	3621	1225	3623	1295	3698	1382
IEE	1165.0	2867.0	344	1
982	2973	1341	2905	1050	3035	1288	2555
WMN	1478.0	2236.0	333	1
1594	2231	1443	2421	1348	2315	1528	1978
OTN	1917.0	1717.0	492	1
1912	1756	1812	1871	2196	1757	1751	1484
YDT	3630.0	468.0	329	1
3694	689	3728	510	3483	339	3618	334
UVI	1089.0	2973.0	297	1
1191	2731	946	3120	1326	2977	894	3064
SOQ	3228.0	1902.0	367	1
3039	1991	3341	2023	3278	1781	3256	1813
NYX	2329.0	821.0	495	1
2254	630	2076	900	2599	1106	2389	650
DKI	1112.0	1673.0	310	1
1058	1844	1016	1485	1220	1438	1154	1927
JEY	1921.0	1778.0	473	1
1756	1906	2250	1710	1680	1845	2001	1652
ZAB	2026.0	2533.0	209	1
1964	2406	1733	2671	2244	2315	2163	2741
OFC	1278.0	3025.0	327	1
1199	2950	1400	2929	1234	3168	1281	3055
MVB	3759.0	3567.0	485	1
3806	3715	3627	3685	3882	3258	3724	3611
ARR	1167.0	962.0	266	1
1116	1143	1182	1154	1412	777	960	774
CBP	1839.0	556.0	319	1
1976	506	2030	685	1729	420	1622	615
KSC	4338.0	3289.0	207	1
4632	3367	4094	3249	4346	3076	4281	3465
LVB	3595.0	2437.0	376	1
3801	2432	3504	2402	3696	2462	3382	2455
GPJ	2319.0	3120.0	470	1
2426	3001	2281	3228	2204	3260	2368	2991
CRD	1021.0	1309.0	346	1
1302	1474	777	1155	1190	1403	816	1204
PTA	2119.0	2931.0	328	1
2028	3198	1955	3117	2446	2735	2049	2677
XXO	2154.0	3526.0	432	1
2335	3520	2102	3828	2051	3338	2129	3419
HVM	1681.0	4064.0	469	1
1820	4169	1690	3965	1726	4045	1491	4080
