TOV	3824.0	1414.0	323	1
3568	1695	3547	1377	4111	1197	4073	1388
ZCB	2084.0	513.0	304	1
1936	299	2047	594	2172	470	2183	689
YPL	4246.0	4240.0	226	1
4209	4384	4306	4404	4405	4301	4065	3874
ERL	560.0	630.0	442	1
266	532	768	781	803	557	404	651
HVF	3503.0	2180.0	333	1
3339	2319	3510	1987	3311	2347	3855	2069
GUH	2891.0	2186.0	270	1
2865	2042	2582	2394	3046	2011	3073	2299
JFO	3394.0	4045.0	256	1
3356	3960	3524	4091	3219	3974	3480	4155
YPM	1884.0	3949.0	344	1
1743	3821	2033	4084	1825	3808	1937	4086
UCV	4552.0	1286.0	459	1
4624	1399	4636	1259	4469	1175	4479	1314
RVC	1258.0	2123.0	429	1
1115	2481	1380	1967	1143	2004	1396	2040
YBR	2458.0	4133.0	341	1
2169	3869	2641	4337	2375	4243	2649	4085
CQE	629.0	3571.0	215	1
662	3394	636	3542	833	3685	385	3666
FRD	3986.0	4315.0	493	1
4161	4088	3807	4351	4147	4645	3832	4177
ZNV	2269.0	1803.0	421	1
2664	1594	2144	2128	2125	1850	2145	1643
LNJ	1759.0	2636.0	405	1
1767	2807	1800	2627	1632	2268	1840	2845
VBX	3004.0	1565.0	204	1
2896	1727	3185	1227	2930	1508	3007	1801
BFE	1130.0	1854.0	369	1
1093	2053	1171	1770	1201	1875	1057	1721
ZDJ	4252.0	4143.0	253	1
3999	4034	4004	4477	4512	3997	4496	4065
CMQ	3877.0	3345.0	256	1
3921	3613	3867	3585	4012	3129	3711	3053
EJC	3923.0	832.0	452	1
4004	982	3599	983	3980	934	4110	432
IGF	2705.0	2138.0	223	1
2668	2323	2723	2138	2628	1985	2803	2109
MRN	3029.0	923.0	217	1
3216	1031	2806	1060	2979	818	3118	783
FRF	4036.0	2650.0	235	1
4267	2413	3818	2779	3849	2836	4213	2573
EUB	3386.0	2655.0	377	1
3643	2825	3348	2749	3455	2297	3099	2752
DKH	1869.0	3333.0	387	1
1617	3394	1672	3311	1981	3296	2207	3333
BPQ	3461.0	845.0	370	1
3685	982	3598	727	3276	673	3288	1001
NBJ	2259.0	4402.0	272	1
2342	4599	2181	4170	2034	4579	2482	4262
ZVT	931.0	1178.0	333	1
995	1353	881	1160	1015	1181	836	1018
MVH	2165.0	4299.0	337	1
2253	4486	2042	4095	2321	4144	2046	4472
RQD	2394.0	3642.0	444	1
2353	3568	2664	3825	2308	3691	2253	3486
QJP	1127.0	1274.0	415	1
1168	1081	1050	1385	1125	1239	1165	1391
ZZA	1684.0	2765.0	220	1
1649	2594	1722	2875	1511	2923	1854	2668
RJD	3078.0	893.0	239	1
2850	1140	3124	720	3194	850	3146	862
KSF	3677.0	1653.0	436	1
3924	1831	3450	1542	3620	1630	3716	1612
GJF	3482.0	2686.0	382	1
3616	2629	3440	2859	3371	2375	3504	2881
WDP	3787.0	3471.0	338	1
3766	3290	3860	3633	3718	3741	3806	3221
IVN	1810.0	2457.0	406	1
1720	2570	1912	2289	1696	2669	1912	2302
QCL	3738.0	2364.0	237	1
3867	2455	3677	2312	3925	2261	3484	2431
IDH	2125.0	2361.0	457	1
2383	2564	2248	2195	1971	2575	1898	2110
GFT	931.0	3059.0	483	1
928	3408	852	3023	904	2933	1041	2875
HBI	3033.0	2625.0	228	1
3135	2377	2841	2637	3242	2695	2914	2791
FVW	3137.0	2219.0	483	1
2835	2026	3191	2412	3325	2149	3197	2289
YWU	3264.0	4274.0	434	1
3330	4523	3108	4492	3470	4132	3151	3949
BLI	868.0	477.0	435	1
529	517	1044	500	787	581	1113	313
OBX	3273.0	3926.0	498	1
3257	4123	3239	3982	3412	3692	3187	3907
BDW	1233.0	3822.0	209	1
1092	4071	1169	3726	1533	3769	1140	3724
GYE	1683.0	1028.0	357	1
1740	1125	1550	1106	1861	1120	1584	762
YZX	1320.0	3777.0	233	1
1474	3684	1080	3947	1201	3956	1527	3522
QPY	1049.0	3226.0	295	1
1180	3160	1070	3069	942	3437	1004	3238
SPA	4371.0	4225.0	288	1
4264	4208	4430	3947	4513	4498	4277	4248
