FVB	2717.0	1623.0	208	1
2538	1460	2636	1581	2930	1683	2766	1771
VDV	3577.0	2987.0	300	1
3313	3159	3393	2964	3701	2875	3901	2951
PQR	2222.0	1601.0	259	1
2211	1307	2173	1828	2167	1498	2337	1771
VYQ	2135.0	919.0	127	1
2283	772	1930	911	2263	1005	2065	990
PCX	4091.0	2023.0	269	1
4038	1920	3965	2174	4155	1990	4207	2009
CWT	3223.0	4292.0	35	1
3419	4274	3083	4453	2962	4312	3430	4129
TSK	528.0	870.0	299	1
546	797	672	669	373	1109	521	907
QUJ	1698.0	4002.0	163	1
1542	4196	1742	3949	1812	4167	1698	3699
HJJ	4136.0	1167.0	229	1
4279	1122	3971	1056	4108	1235	4186	1256
UIN	1776.0	1652.0	255	1
1996	1868	1788	1511	1713	1604	1608	1628
AMP	879.0	3594.0	264	1
839	3643	888	3571	959	3496	831	3669
CVO	747.0	927.0	52	1
816	954	728	612	690	1047	755	1098
SHG	1321.0	480.0	31	1
1210	315	1420	546	1482	679	1175	383
EVF	3821.0	2331.0	69	1
3961	2162	3755	2608	3837	2396	3733	2159
VLP	665.0	2885.0	163	1
477	2996	739	2977	768	2783	679	2784
JRO	626.0	1332.0	184	1
417	1286	899	1232	601	1325	587	1486
MWG	4089.0	691.0	10	1
4015	704	3913	872	4099	465	4330	723
MSI	3727.0	2077.0	111	1
3918	1826	3895	2308	3556	2261	3539	1914
CZQ	665.0	1860.0	174	1
634	1918	538	1552	573	1967	918	2004
XTD	708.0	1322.0	31	1
490	1171	838	1358	838	1241	668	1521
SHM	2930.0	3772.0	273	1
3141	3916	2592	3835	2908	3545	3079	3793
QWS	2265.0	2946.0	176	1
2452	3096	2318	3086	2007	2884	2283	2720
VUB	1273.0	3235.0	88	1
1114	3418	1371	3159	1495	3112	1112	3251
CEM	4215.0	3482.0	70	1
4231	3564	4283	3605	4171	3180	4178	3582
NWL	1948.0	3496.0	134	1
1672	3330	2201	3327	2026	3495	1895	3832
QJY	3142.0	936.0	170	1
3087	1028	3176	995	3054	865	3253	858
PDX	1889.0	691.0	68	1
2123	720	1688	629	1795	726	1951	689
HAW	2070.0	4438.0	77	1
2159	4440	2109	4412	2099	4567	1914	4335
FZJ	4059.0	1055.0	143	1
3953	992	4192	1125	4043	949	4049	1157
UYT	717.0	3953.0	230	1
626	3891	813	4033	684	3910	747	3981
NRI	656.0	899.0	11	1
832	756	766	923	542	1078	484	842
GYS	4163.0	598.0	267	1
3995	460	4310	714	4236	831	4113	388
MHM	1982.0	3051.0	48	1
1928	2760	2273	3183	1854	3337	1876	2926
YMQ	2805.0	4371.0	24	1
2898	4590	2701	4147	2754	4376	2869	4372
YPQ	857.0	967.0	286	1
655	1087	912	800	1010	950	851	1031
KPS	2989.0	1792.0	137	1
3114	1764	2896	1922	2995	1775	2953	1707
ODD	1764.0	981.0	13	1
1542	907	1948	954	1685	1075	1882	989
SFG	3382.0	815.0	281	1
3259	872	3641	825	3231	679	3399	885
CAA	4083.0	831.0	2	1
4197	593	3960	636	4045	1069	4133	1029
DKS	3655.0	2864.0	118	1
3837	3038	3329	2629	3585	3086	3869	2705
GZU	2985.0	856.0	212	1
2906	914	3190	706	3062	944	2784	862
SIW	3312.0	1127.0	126	1
3535	1034	3369	1194	3282	1008	3064	1273
UXW	773.0	3976.0	138	1
612	4083	666	3796	1061	3993	756	4035
MOT	2675.0	1494.0	17	1
2812	1553	2412	1683	2703	1353	2774	1389
SJV	3229.0	4533.0	109	1
3363	4570	3036	4632	3421	4616	3097	4317
KBP	3442.0	2804.0	200	1
3753	2581	3264	3076	3486	2813	3265	2746
JNE	1011.0	1097.0	278	1
935	1248	770	1011	1206	923	1134	1206
FUG	3960.0	578.0	157	1
4012	654	4035	462	3930	687	3864	512
ROX	434.0	2418.0	97	1
620	2351	182	2405	401	2451	533	2465
AFW	2211.0	718.0	225	1
2392	581	2176	682	2317	736	1962	876
