EHA	449.0	1023.0	57	1
206	789	442	1197	648	1001	502	1107
JVU	4326.0	1541.0	183	1
4037	1631	4534	1577	4476	1588	4257	1369
FWR	2348.0	4044.0	65	1
2441	4030	2020	3989	2490	4106	2441	4051
CAP	3806.0	1960.0	120	1
4078	1915	3610	1987	3599	1929	3938	2011
QUG	3363.0	2084.0	73	1
3379	2018	3521	1877	3259	2006	3295	2437
BTA	2365.0	2286.0	180	1
2633	2156	2235	2471	2198	2176	2395	2344
YFJ	630.0	1979.0	44	1
368	2013	795	2097	659	1737	699	2071
ZDI	2348.0	3467.0	271	1
2382	3446	2380	3747	2577	3415	2056	3260
JVB	3306.0	2072.0	52	1
3213	2107	3654	1946	3166	2335	3194	1903
BNT	2284.0	2194.0	187	1
2400	2367	2455	2258	2289	2119	1994	2035
KZS	3617.0	2172.0	55	1
3553	2120	3661	2019	3423	2395	3833	2156
SHU	697.0	1943.0	103	1
725	1913	881	2063	532	2076	652	1723
LXK	1361.0	3586.0	116	1
1620	3637	1373	3423	1101	3843	1351	3443
PRQ	1340.0	2112.0	239	1
1090	2009	1369	2253	1535	1892	1369	2297
FBS	1213.0	2426.0	87	1
1079	2586	1168	2429	1170	2566	1435	2125
QFU	524.0	3814.0	66	1
406	4014	718	3825	419	3816	555	3601
LAB	3147.0	3327.0	10	1
3166	3593	2876	3158	3315	3296	3234	3264
EVH	2798.0	3099.0	202	1
2873	3163	2885	3174	2696	2824	2741	3235
RRI	2622.0	2649.0	3	1
2666	2260	2610	2739	2645	2760	2569	2840
UMK	587.0	2297.0	254	1
997	2085	440	2358	462	2366	452	2380
WNG	4074.0	3409.0	119	1
4328	3473	3801	3403	4351	3292	3816	3470
UVK	2030.0	722.0	92	1
1851	882	2100	632	2028	566	2141	810
VRP	3731.0	2860.0	249	1
3838	2839	3481	2778	3831	2645	3777	3179
FDG	1308.0	804.0	2	1
1256	900	1596	790	1268	528	1115	998
FHZ	4110.0	3399.0	211	1
4043	3365	4160	3538	4159	3195	4078	3499
TRD	4185.0	2875.0	128	1
4381	2811	4232	2976	4154	2832	3973	2881
PCL	3998.0	1973.0	242	1
4062	1767	4062	2225	4170	1862	3698	2038
AWX	800.0	3445.0	299	1
882	3461	641	3624	954	3542	726	3156
ZPH	2427.0	1124.0	237	1
2434	1033	2644	1315	2488	1001	2145	1150
CMW	3694.0	1699.0	42	1
3976	2013	3728	1618	3612	1649	3461	1516
REZ	1032.0	3672.0	209	1
1150	3813	820	3436	1233	3953	927	3488
NHM	3256.0	2298.0	298	1
2920	2201	3392	2164	3352	2276	3362	2552
CWE	3662.0	2546.0	175	1
3344	2511	3883	2738	3765	2283	3658	2654
YLR	1177.0	3914.0	126	1
994	3677	1243	4056	1227	4041	1245	3882
VBO	2572.0	2090.0	66	1
2704	2032	2528	2052	2626	2124	2431	2154
FLX	2216.0	1066.0	124	1
2101	995	2425	1134	2323	1085	2015	1052
XSA	1050.0	459.0	49	1
1021	545	1118	370	912	380	1149	543
QOP	3849.0	2370.0	141	1
3732	2469	3980	2085	4000	2340	3684	2586
OEK	4024.0	4018.0	255	1
3965	3944	4296	4302	3910	3850	3928	3977
YEU	4087.0	1113.0	254	1
3975	1028	3987	1340	4217	1290	4171	797
YQA	1649.0	2623.0	197	1
1748	2701	1384	2632	1680	2638	1787	2524
VAO	882.0	4045.0	132	1
1000	4170	843	4077	662	3871	1024	4065
HKS	2955.0	702.0	249	1
3216	695	2855	664	2948	651	2802	800
ABR	2298.0	3384.0	125	1
2080	3183	2410	3568	2223	3235	2480	3550
SUS	3342.0	3257.0	44	1
2972	3382	3458	3081	3438	3286	3500	3282
JVF	4012.0	3052.0	84	1
4045	2841	3881	3172	4002	3119	4122	3079
YPN	2295.0	2490.0	11	1
2471	2702	2563	2266	2078	2426	2070	2566
GIY	2470.0	3849.0	297	1
2604	3767	2592	3886	2391	3888	2293	3856
GUH	1789.0	3202.0	127	1
1880	3236	1963	3236	1745	3388	1568	2949
HFO	486.0	3440.0	163	1
528	3545	410	3490	252	3540	754	3187
