IQL	3278.0	3182.0	267	1
3512	3180	3075	2966	3225	3219	3302	3363
HEC	2413.0	3458.0	116	1
2650	3255	2426	3345	2272	3604	2305	3631
WPU	2828.0	3298.0	65	1
2653	3177	3043	3244	2915	3393	2701	3381
RPN	1494.0	3224.0	46	1
1379	2881	1824	3392	1368	3257	1407	3369
UUC	2164.0	1118.0	189	1
2274	1172	1926	1344	2195	986	2262	971
JJA	2712.0	3071.0	272	1
2956	3189	2533	2968	2719	3067	2641	3061
VPJ	3183.0	3278.0	135	1
3096	3224	3319	3028	3132	3401	3186	3461
KJE	2145.0	2019.0	125	1
2128	2198	2383	1854	1930	1978	2142	2048
EDO	897.0	1773.0	194	1
834	1851	1232	1826	725	1685	797	1732
YYP	3033.0	2634.0	116	1
2837	2532	3137	2612	3182	2715	2976	2678
LQW	1950.0	2716.0	33	1
2117	2609	2098	2948	1776	2726	1812	2581
WJN	4298.0	2915.0	57	1
4366	3092	4555	2760	4189	3022	4084	2787
TIX	4352.0	986.0	116	1
4210	690	4421	1236	4417	1221	4360	799
RYI	3940.0	874.0	53	1
3836	687	3876	898	3868	744	4180	1169
EPU	2645.0	3469.0	155	1
2786	3446	2636	3580	2550	3497	2611	3354
VTS	568.0	3358.0	50	1
614	3053	708	3401	541	3367	411	3613
LVR	749.0	658.0	50	1
680	426	826	782	751	686	741	738
DDC	4156.0	3701.0	111	1
4351	3826	4281	3589	4115	3638	3878	3752
YKP	1542.0	3937.0	4	1
1544	3987	1517	4013	1611	3866	1499	3884
OHQ	3227.0	2059.0	236	1
3440	2315	3152	1822	2985	1978	3332	2123
SGQ	4291.0	2360.0	205	1
4004	2531	4270	2243	4486	2177	4406	2490
CQY	1238.0	3655.0	214	1
1331	3759	1246	3481	1170	3859	1205	3524
WGV	2020.0	2795.0	255	1
2185	2868	1875	2761	2089	2889	1933	2663
YNY	3458.0	860.0	131	1
3429	756	3399	776	3466	1122	3538	786
WWO	3587.0	2717.0	193	1
3569	2422	3280	2932	3776	2955	3726	2559
URO	4313.0	836.0	89	1
4015	544	4529	998	4208	1069	4502	733
BAT	2366.0	1087.0	79	1
2624	1145	2545	1054	2193	1206	2105	944
JXS	4407.0	952.0	37	1
4580	989	4176	895	4512	941	4360	984
IZP	3372.0	2440.0	16	1
3330	2329	3452	2293	3325	2604	3381	2537
XLF	2585.0	3480.0	97	1
2711	3359	2656	3533	2580	3651	2394	3378
TMW	468.0	1712.0	171	1
442	1920	419	1758	446	1522	566	1648
DMZ	2817.0	1343.0	199	1
2915	1564	2629	1225	2743	1309	2982	1275
SBN	372.0	3087.0	274	1
287	2708	453	3226	497	3208	253	3206
OWU	1070.0	4001.0	106	1
723	3815	1212	3858	1247	4005	1098	4326
POV	2207.0	1794.0	223	1
2344	1900	2459	1884	1962	1512	2063	1880
HNK	2571.0	1749.0	135	1
2514	1887	2848	1498	2331	1799	2591	1814
RXT	1505.0	570.0	89	1
1520	502	1422	601	1692	730	1386	450
RET	4288.0	3346.0	110	1
4578	3547	4226	3379	4059	3350	4290	3108
LAX	3807.0	912.0	292	1
3820	694	3849	674	3990	1106	3569	1177
PPS	1438.0	2921.0	140	1
1554	2928	1449	2727	1511	3163	1240	2869
HVJ	3475.0	3460.0	37	1
3402	3505	3592	3438	3419	3531	3487	3369
XVC	3565.0	3327.0	178	1
3371	3673	3759	3118	3690	3139	3441	3378
XDU	429.0	1946.0	152	1
302	1613	305	2176	456	1952	654	2044
TTS	1265.0	1786.0	209	1
1346	1531	1436	1749	932	1990	1349	1874
HWP	3311.0	3752.0	39	1
3152	3721	3313	3827	3372	3709	3407	3754
HHG	1473.0	1616.0	200	1
1498	1473	1377	1474	1360	1800	1657	1718
HBI	3061.0	2184.0	39	1
3145	2199	3038	2216	2825	2146	3236	2178
IHS	1512.0	1624.0	90	1
1675	1652	1539	1652	1418	1461	1419	1732
TEC	1083.0	406.0	9	1
1219	510	1237	219	823	492	1056	406
UDW	4046.0	329.0	214	1
4124	251	4113	407	3777	294	4170	364
