VPB	644.0	4176.0	301	1
810	4440	915	3926	494	4341	357	4000
KSX	2689.0	3174.0	367	1
2554	3173	2888	2914	2647	3173	2669	3439
LVV	3690.0	561.0	479	1
3736	704	3662	668	3572	460	3792	415
KRO	4140.0	2920.0	438	1
4239	2839	4068	2884	4256	2767	3998	3190
SVT	1984.0	1741.0	300	1
1846	1787	1977	1745	1916	1764	2198	1671
QKI	1453.0	689.0	317	1
1334	382	1539	858	1599	838	1342	680
IIA	3544.0	3078.0	273	1
3809	3247	3378	2862	3376	2939	3614	3265
JMY	555.0	3715.0	240	1
678	3815	514	3515	563	3764	465	3768
DIU	429.0	4310.0	319	1
592	4447	305	4165	460	4141	359	4490
KTF	1825.0	3534.0	307	1
1646	3747	1816	3246	1734	3674	2105	3470
BXW	849.0	3431.0	398	1
1004	3437	735	3439	783	3405	874	3443
XHT	472.0	1979.0	414	1
697	1861	261	2031	530	1916	402	2109
FOD	2121.0	1831.0	312	1
2301	1734	2047	1959	2149	2073	1988	1559
BJR	4332.0	1010.0	262	1
4374	1193	4439	973	4133	770	4384	1107
NOM	3247.0	1435.0	437	1
3167	1494	3242	1399	3296	1255	3283	1595
QTC	632.0	2654.0	462	1
584	2506	676	2560	563	2617	707	2934
ECC	2052.0	4255.0	228	1
1832	4045	2013	4439	2287	4093	2076	4446
ULW	1630.0	2942.0	349	1
1583	3017	1437	3004	1725	2741	1775	3007
MNQ	2577.0	1641.0	331	1
2602	1603	2241	1591	2643	1912	2823	1460
EKD	3530.0	3886.0	422	1
3192	3813	3747	3883	3705	3792	3478	4056
EZU	498.0	793.0	469	1
407	744	598	857	297	850	692	721
FGS	3631.0	4182.0	326	1
3614	4118	3464	4200	3784	4161	3662	4252
YMH	1103.0	2708.0	237	1
1137	2754	1029	2695	1129	2733	1120	2650
JPO	2274.0	2618.0	298	1
2066	2514	2252	2694	2371	2569	2408	2696
HZT	3992.0	1040.0	387	1
3884	1135	4097	1003	3781	1057	4207	968
EXI	2113.0	2000.0	484	1
2420	2284	1873	1792	2158	2109	2003	1818
LOK	1692.0	4402.0	315	1
1619	4107	1490	4440	1880	4457	1780	4604
XMA	578.0	1148.0	382	1
506	1041	495	1136	770	1219	544	1199
DFT	4243.0	654.0	278	1
4114	721	4274	386	4244	703	4342	808
MYA	2376.0	434.0	307	1
2613	373	2271	751	2396	360	2227	254
EEJ	994.0	1103.0	279	1
986	1059	1062	1246	1036	1297	892	810
FTH	3853.0	1879.0	368	1
4131	2108	3681	1776	3940	1863	3662	1772
JXC	926.0	2485.0	238	1
1006	2471	924	2506	643	2665	1133	2299
XSQ	3551.0	1346.0	283	1
3643	1308	3593	1227	3379	1509	3590	1342
RFE	2297.0	2163.0	324	1
2309	2343	2296	1893	2371	2165	2212	2252
LVL	1513.0	1190.0	396	1
1617	1243	1465	1277	1358	1295	1615	947
GWC	1499.0	3708.0	335	1
1491	3521	1536	3589	1358	3873	1613	3850
PMR	2906.0	2809.0	388	1
3097	3024	2899	2936	2769	2791	2859	2486
CJO	587.0	831.0	334	1
390	951	592	690	830	582	539	1101
KQC	1763.0	1630.0	468	1
1719	1572	1951	1771	1618	1400	1767	1779
YNB	294.0	3761.0	344	1
415	3481	213	3755	273	3897	278	3913
CCE	2017.0	2715.0	214	1
2210	2969	1935	2652	1783	2548	2140	2693
LDI	1618.0	910.0	398	1
1779	1068	1555	700	1627	883	1514	989
KDR	1328.0	1794.0	250	1
1086	1712	1391	1865	1222	1701	1613	1898
VXX	3724.0	3347.0	417	1
3742	3370	3766	3329	3712	3508	3676	3184
KPT	3216.0	3978.0	415	1
3273	4016	2992	4135	3362	3703	3240	4061
SRH	1687.0	2736.0	242	1
1633	2805	1713	2511	1565	2877	1838	2752
JDN	2492.0	3973.0	277	1
2294	3880	2438	3749	2532	4275	2705	3988
TUI	1086.0	3427.0	441	1
1272	3418	940	3484	1021	3387	1114	3421
KEP	1891.0	3503.0	383	1
1659	3633	2043	3612	1875	3424	1987	3343
