VUH	4429.0	974.0	324	1
4515	1078	4220	1039	4571	958	4412	824
INL	3903.0	2771.0	491	1
3769	2800	3967	2711	3948	2868	3930	2705
FQZ	2044.0	2526.0	221	1
2010	2759	2234	2427	1818	2510	2115	2408
QVM	846.0	3532.0	434	1
797	3351	912	3765	871	3429	807	3585
TDW	2781.0	4109.0	357	1
2776	3859	2699	4276	2776	4346	2873	3955
DUD	655.0	2365.0	220	1
444	2635	654	2108	843	2090	680	2630
WVK	3018.0	1842.0	394	1
2684	1930	3194	1900	3187	1803	3009	1738
CQF	3747.0	3144.0	237	1
3965	2917	3543	3362	3766	3032	3716	3265
JSO	2425.0	3220.0	253	1
2146	3402	2714	3078	2657	3083	2183	3318
UME	1354.0	2459.0	431	1
1238	2668	1351	2388	1424	2200	1403	2580
BID	2008.0	3221.0	370	1
1818	3067	2200	3125	1883	3265	2132	3428
YQE	1839.0	3539.0	416	1
1941	3577	1766	3645	1864	3520	1787	3416
YSY	1944.0	644.0	406	1
1817	433	2121	987	2046	590	1793	568
ZCB	2420.0	4064.0	383	1
2613	3923	2338	4142	2432	4235	2299	3957
BKZ	2645.0	3578.0	385	1
2895	3373	2568	3692	2642	3718	2478	3529
LDE	3019.0	1878.0	443	1
2889	1824	3384	1733	2974	2052	2829	1904
SNI	3364.0	4061.0	326	1
3385	3895	3367	4061	3329	4222	3376	4068
ALB	2592.0	1544.0	304	1
2482	1323	2511	1757	2727	1689	2649	1410
SHJ	1857.0	2054.0	359	1
1630	1892	2012	2167	1927	2046	1859	2112
AJV	4101.0	2381.0	271	1
3890	2538	4248	2393	4024	2367	4244	2228
KDZ	3917.0	2333.0	286	1
4105	2474	3769	2349	3952	2224	3845	2288
JPW	2379.0	749.0	256	1
2085	567	2404	1129	2465	674	2565	627
DDV	3656.0	4233.0	271	1
3502	4294	3648	4115	3627	4204	3848	4319
EDC	2288.0	3894.0	422	1
2111	3579	2346	4065	2233	3840	2465	4095
EXY	3488.0	2113.0	395	1
3612	1882	3307	2412	3599	2306	3437	1854
OMF	1954.0	1322.0	492	1
1967	1235	2057	1480	1762	1484	2033	1090
ZHS	2948.0	3757.0	500	1
3122	3683	2951	3986	2842	3626	2879	3733
BAF	3966.0	1575.0	484	1
3987	1593	3715	1613	3911	1595	4253	1502
TKM	2852.0	836.0	412	1
2986	715	2592	1075	2886	528	2946	1029
MKX	3367.0	4132.0	413	1
3508	4283	3474	4050	3216	4190	3270	4005
AKC	520.0	2534.0	420	1
547	2747	465	2382	648	2337	422	2671
WEG	2744.0	1665.0	336	1
2561	1898	2838	1803	2896	1527	2683	1434
NAW	1749.0	2510.0	461	1
1646	2774	1887	2360	1526	2395	1937	2511
HGS	2936.0	3464.0	500	1
2878	3769	2931	3438	2864	3346	3074	3306
NXD	3747.0	2236.0	490	1
3673	2444	3956	2121	3669	2431	3693	1948
CCG	787.0	2774.0	220	1
698	2544	834	2807	699	2806	918	2942
MEZ	890.0	2006.0	273	1
771	2168	716	2021	1022	1984	1051	1852
SWD	2067.0	2417.0	216	1
2096	2314	1890	2450	2236	2363	2046	2544
DJF	894.0	1622.0	332	1
1097	1644	963	1777	777	1542	741	1526
FCU	466.0	2543.0	400	1
396	2502	624	2617	652	2313	193	2742
WCR	310.0	4356.0	328	1
157	4305	552	4043	367	4479	164	4600
RNX	4380.0	3299.0	274	1
4235	3040	4500	3614	4460	3442	4328	3103
SZF	831.0	2584.0	471	1
846	2687	646	2769	1145	2609	690	2272
TCH	1332.0	2645.0	483	1
1252	2722	1002	2570	1533	2584	1542	2706
BWR	795.0	833.0	482	1
1009	974	739	779	552	837	883	744
BSY	3518.0	1737.0	274	1
3479	1576	3452	2032	3569	1846	3572	1494
ZTR	2010.0	3242.0	474	1
2196	3189	1837	3034	1937	3286	2072	3460
FWS	800.0	2851.0	393	1
906	2852	685	2698	991	2687	619	3170
RVZ	1929.0	1515.0	278	1
1760	1574	1759	1581	2093	1556	2105	1350
JCD	1983.0	2746.0	268	1
1804	2984	2067	2789	1932	2663	2129	2550
