DOU	1276.0	4300.0	338	1
1165	4306	1520	4411	1291	4093	1130	4391
PUE	2385.0	3581.0	219	1
2266	3534	2665	3515	2390	3560	2220	3718
LCH	796.0	3076.0	284	1
703	3096	679	3144	1035	3164	770	2902
ZYB	766.0	2467.0	357	1
679	2544	786	2570	645	2521	954	2233
SGR	3362.0	478.0	380	1
3395	433	3546	240	3259	551	3248	691
MIG	4074.0	3561.0	374	1
4151	3394	4019	3461	4197	3718	3931	3674
ALF	3387.0	1790.0	477	1
3476	1798	3498	1540	3368	1814	3208	2011
BQJ	2345.0	3002.0	386	1
2158	3113	2518	2742	2327	3314	2378	2841
ZSF	3454.0	435.0	340	1
3686	479	3441	256	3195	266	3495	741
GHY	3247.0	2156.0	316	1
3204	2256	3079	2233	3215	1888	3490	2248
EXC	2468.0	3905.0	283	1
2440	3920	2430	4008	2289	3931	2716	3763
QET	4342.0	3419.0	496	1
4324	3534	4317	3556	4299	3190	4429	3397
SZO	707.0	3650.0	200	1
801	3717	568	3629	757	3675	704	3580
CBC	2128.0	3515.0	221	1
2095	3451	2304	3236	2087	3694	2026	3681
QXQ	989.0	3414.0	359	1
935	3288	983	3739	945	3362	1093	3267
AIQ	2283.0	1848.0	297	1
2457	1822	2230	1840	1986	1650	2460	2083
NKV	2376.0	1300.0	370	1
2550	1218	2152	1188	2553	1468	2252	1328
ZJX	1591.0	2590.0	499	1
1708	2735	1776	2623	1381	2593	1501	2409
AQB	520.0	1742.0	289	1
678	1539	252	1882	402	1795	750	1752
KHD	1105.0	3858.0	433	1
958	3562	1381	3908	1135	4060	947	3904
DNE	2605.0	4241.0	326	1
2300	4157	2769	4614	2664	4104	2687	4092
YSQ	1711.0	979.0	253	1
1521	757	1871	803	1832	1131	1622	1228
PLJ	765.0	3400.0	207	1
892	3210	625	3559	737	3302	807	3530
THQ	2531.0	3485.0	290	1
2287	3556	2697	3619	2540	3302	2600	3466
ZVC	2144.0	2675.0	213	1
2439	2658	2038	2505	1955	2916	2145	2622
QTF	2794.0	3348.0	334	1
2809	3230	2684	3137	2685	3642	3001	3383
XGO	1646.0	2282.0	294	1
1463	2124	1622	2315	1735	2589	1765	2102
CMJ	3762.0	1379.0	335	1
3991	1417	3587	1413	3617	1174	3854	1513
IRW	2596.0	1119.0	459	1
2478	1045	2709	1373	2544	1063	2653	995
LYA	3598.0	1923.0	387	1
3649	1842	3543	1862	3438	1823	3764	2167
WYK	1710.0	3880.0	353	1
1586	3810	1822	3831	1547	3996	1886	3884
QCW	2554.0	589.0	331	1
2450	909	2664	374	2520	649	2583	425
WCK	1757.0	886.0	459	1
1552	761	1758	734	1924	845	1797	1204
SSF	1002.0	808.0	473	1
1145	890	1080	554	714	1064	1069	727
DWD	2301.0	959.0	446	1
2190	1086	2270	838	2558	871	2188	1041
YHX	3153.0	2376.0	479	1
3242	2235	2923	2202	3413	2529	3036	2540
OUY	527.0	1846.0	318	1
683	1572	593	2068	151	2061	683	1686
UEM	668.0	4243.0	266	1
818	4064	862	4493	311	4313	681	4104
JAV	2011.0	840.0	377	1
2155	885	2202	902	1905	993	1785	580
BIK	3199.0	1353.0	247	1
3077	1230	3269	1490	3145	1474	3308	1219
MDK	1271.0	3147.0	489	1
1249	3429	1507	3117	1203	3051	1127	2993
NWM	4001.0	3210.0	403	1
3783	3160	4271	3337	4050	3087	3901	3258
QHS	2094.0	657.0	421	1
1945	748	2151	750	1993	569	2288	561
CEE	3534.0	1347.0	368	1
3610	1397	3692	1577	3407	1216	3427	1199
BGB	1324.0	1544.0	230	1
1320	1742	1568	1383	1366	1674	1045	1377
OJS	2802.0	1716.0	489	1
2569	1500	2923	1951	2614	1489	3103	1926
QWI	3328.0	3042.0	334	1
3193	3213	3284	3029	3473	3075	3362	2854
XNN	982.0	2178.0	303	1
1205	2235	757	2272	1156	2181	811	2025
JUV	3369.0	3890.0	382	1
3365	3900	3578	3921	3343	3975	3192	3764
GWI	3574.0	3699.0	477	1
3621	3825	3658	3506	3618	3581	3400	3885
