MMX	2303.0	4328.0	374	1
2163	4380	2425	4174	2138	4362	2489	4397
UMI	954.0	3952.0	255	1
1090	3841	1215	4039	747	4089	765	3842
EFV	1632.0	3798.0	378	1
1652	3629	1682	4030	1749	3534	1445	3999
KTV	3996.0	3756.0	398	1
4095	3726	3924	3696	4175	3608	3793	3994
QHF	4003.0	702.0	234	1
4099	632	3973	615	3762	764	4178	798
OVW	3536.0	3403.0	341	1
3732	3529	3823	3485	3292	3404	3300	3196
KON	549.0	1681.0	314	1
566	1623	636	1816	508	1790	488	1495
TNS	3135.0	3197.0	448	1
3287	3177	3284	3481	2852	2934	3117	3199
SBG	1060.0	1762.0	296	1
1112	1708	1042	1786	1203	1994	884	1562
WGF	3858.0	3321.0	361	1
3830	3438	3750	3221	3984	3311	3871	3316
ZIK	3409.0	1977.0	331	1
3139	2019	3608	2095	3541	1982	3350	1813
FDK	1558.0	2929.0	358	1
1787	2914	1483	2921	1433	2865	1529	3016
TXU	1876.0	3602.0	293	1
2005	3695	1821	3407	2121	3801	1560	3507
VHN	668.0	1353.0	481	1
822	1399	448	1192	888	1365	515	1456
ZCW	1016.0	2176.0	390	1
1186	2137	759	2219	893	1906	1229	2445
EXJ	2313.0	3566.0	272	1
2175	3348	2287	3576	2558	3768	2235	3573
QMF	2933.0	3642.0	467	1
2866	3489	3102	3700	2725	3833	3039	3546
QDT	3647.0	4266.0	232	1
3747	4577	3685	4186	3430	4249	3729	4055
YTA	4004.0	4151.0	250	1
3770	4333	3881	3836	4064	4338	4303	4097
QCQ	2828.0	787.0	465	1
2914	674	3017	889	2677	1017	2704	568
QFY	2754.0	1968.0	500	1
2603	1930	2779	1960	2650	1832	2984	2153
QAQ	2689.0	3022.0	413	1
2845	3092	2670	2933	2813	2936	2428	3129
XBD	3457.0	2845.0	471	1
3558	2928	3563	2606	3292	3017	3417	2831
ZMP	2947.0	3668.0	452	1
3074	3383	2962	3768	2948	3712	2806	3811
PKB	2503.0	4007.0	238	1
2516	4110	2331	4062	2477	3809	2689	4049
MXF	3286.0	748.0	302	1
3479	568	3152	762	3399	720	3115	943
DRB	1127.0	2896.0	325	1
1231	2885	1335	2907	1028	2879	914	2914
DZA	625.0	1378.0	322	1
817	1546	386	1191	732	1283	567	1492
NGY	1492.0	904.0	318	1
1514	1001	1406	948	1668	548	1381	1122
YZI	2273.0	1297.0	315	1
2215	1429	2377	1122	2113	1387	2387	1251
QFH	564.0	387.0	257	1
600	406	802	434	386	393	471	317
MDC	3862.0	3466.0	342	1
4142	3175	3737	3551	3554	3600	4016	3540
YFC	4072.0	327.0	260	1
4033	231	4165	370	4327	203	3765	505
UUT	1818.0	2136.0	474	1
1801	2261	1809	2270	1870	2183	1795	1830
NVL	2659.0	4131.0	256	1
2524	4066	2476	4319	2887	4022	2749	4118
TAF	933.0	3860.0	406	1
1147	3898	645	4016	1084	3796	857	3730
MCN	604.0	2502.0	500	1
344	2503	800	2444	758	2511	514	2552
UIH	1120.0	3490.0	342	1
980	3444	1180	3743	1030	3547	1291	3228
TZM	1866.0	1164.0	415	1
2055	1214	1761	1118	1944	1295	1704	1032
FCS	3801.0	2216.0	430	1
3808	2138	3849	2327	3716	2069	3832	2330
OCI	3816.0	1965.0	346	1
3959	2146	3774	1717	3851	2100	3683	1900
AMP	3095.0	939.0	423	1
3272	1116	2715	976	3104	587	3290	1077
CBV	665.0	3823.0	401	1
795	4091	449	3580	473	3558	945	4063
RXE	2687.0	1757.0	227	1
2955	1759	2564	1876	2584	1940	2646	1453
YJC	3326.0	2284.0	429	1
3488	2424	3455	2407	3240	1979	3124	2328
OLN	2420.0	3684.0	236	1
2370	4020	2384	3738	2669	3520	2260	3458
YEX	873.0	1470.0	373	1
760	1533	1156	1548	675	1463	904	1336
KCP	1649.0	1595.0	261	1
1495	1861	1539	1565	1879	1420	1686	1536
ZBO	1107.0	1939.0	286	1
1097	2317	1168	1909	1059	1740	1104	1791
KDK	4238.0	2332.0	335	1
4237	2245	4153	2237	4091	2542	4471	2307
