FEG	797.0	1269.0	288	1
1009	1164	817	1406	488	1105	874	1404
DVH	4067.0	2081.0	210	1
4012	2238	4171	2074	3968	2176	4118	1836
IGS	2321.0	2693.0	341	1
2176	2430	2351	2772	2646	2782	2111	2791
ECQ	2719.0	4271.0	454	1
2862	4006	2761	4363	2652	4292	2601	4423
IET	3306.0	2622.0	257	1
3231	2721	3203	2666	3434	2412	3356	2692
GRO	2994.0	3400.0	341	1
2941	3324	3098	3175	3056	3643	2883	3458
LHL	3618.0	770.0	370	1
3776	547	3685	752	3753	1078	3259	706
HNM	661.0	1962.0	492	1
698	1730	608	2021	429	1984	911	2114
NVR	4239.0	3664.0	375	1
4374	3566	4224	3591	4177	3840	4182	3662
BXY	1329.0	4063.0	355	1
1155	4223	1556	4143	1432	3917	1174	3972
NPZ	4380.0	1282.0	344	1
4606	1460	4485	1288	4280	934	4149	1446
WUK	718.0	3791.0	341	1
1013	3487	579	3953	578	3848	703	3877
SLE	2914.0	2656.0	270	1
2715	2798	2720	2738	3221	2443	3001	2645
UFI	2022.0	2155.0	482	1
2101	2083	1940	2351	1981	2189	2067	1998
MGW	1072.0	2526.0	440	1
1135	2412	875	2712	1158	2329	1123	2654
GZL	2654.0	2783.0	203	1
2530	2939	2676	2740	2622	2635	2790	2821
UMX	4259.0	2372.0	454	1
4373	2568	4457	2612	4182	2160	4025	2148
MZB	4203.0	3596.0	318	1
4096	3465	4344	3829	4344	3501	4029	3591
NZL	395.0	2700.0	455	1
303	2586	531	2574	567	2582	179	3059
KNU	550.0	2550.0	249	1
456	2714	411	2474	463	2309	872	2705
LGJ	3401.0	1162.0	339	1
3415	1138	3646	1239	3257	1079	3287	1192
MCV	945.0	684.0	371	1
1002	717	858	791	697	501	1226	728
XES	2497.0	2030.0	348	1
2354	1759	2359	2069	2493	2148	2783	2144
WCX	3859.0	3561.0	472	1
3819	3280	3696	3738	3867	3676	4054	3550
QIT	2791.0	3713.0	226	1
2827	3883	2841	3548	2848	3680	2648	3741
VQA	482.0	1147.0	361	1
803	1187	291	1087	407	1048	430	1267
OZQ	3616.0	726.0	232	1
3513	910	3816	711	3691	731	3444	552
BBR	2359.0	1699.0	380	1
2452	1644	2290	1788	2264	1854	2433	1511
ZQO	3584.0	3848.0	410	1
3357	4118	3646	3810	3637	3757	3698	3708
OXG	4161.0	3433.0	432	1
3990	3371	3958	3441	4411	3368	4286	3553
DIB	780.0	773.0	500	1
1002	508	744	916	833	848	542	823
VAH	1842.0	4046.0	452	1
2014	4024	1622	4029	1725	4022	2007	4112
LOW	3685.0	1783.0	308	1
3468	1786	3855	1724	3559	1747	3859	1877
VKB	2963.0	1895.0	387	1
2872	2055	2908	1751	2945	1975	3128	1800
MTO	3235.0	2334.0	438	1
3381	2142	3154	2360	3453	2388	2955	2449
EIN	612.0	2763.0	413	1
734	2822	837	2718	556	2754	323	2761
JCV	3981.0	936.0	207	1
3944	953	4202	1038	3849	867	3931	889
UWB	3051.0	734.0	308	1
2932	580	3020	830	3129	828	3126	699
EPB	1832.0	607.0	204	1
1910	650	1771	665	1804	351	1843	762
RTF	1876.0	4478.0	280	1
2019	4435	1940	4591	1764	4503	1784	4383
AGL	2289.0	2477.0	433	1
2523	2456	2501	2369	2053	2528	2081	2557
VSM	3323.0	1097.0	267	1
3389	941	3568	1443	3129	1120	3206	884
EYU	1080.0	3142.0	482	1
1310	3336	867	2873	962	3282	1181	3077
QUE	2541.0	507.0	294	1
2308	399	2827	328	2574	673	2458	629
GSE	4263.0	3986.0	424	1
4452	3859	4117	3906	4272	4103	4213	4079
PVD	3344.0	3383.0	362	1
3064	3258	3209	3361	3597	3522	3506	3391
OII	1966.0	779.0	252	1
1975	826	2083	743	1798	1022	2009	527
MUK	2381.0	4234.0	457	1
2667	4197	2305	4171	2226	4340	2329	4230
YHQ	2670.0	3558.0	364	1
3027	3581	2476	3511	2595	3632	2584	3508
NMY	966.0	1390.0	222	1
1157	1135	1227	1609	809	1226	673	1593
