OWG	3458.0	1347.0	283	1
3546	1259	3456	1208	3218	1738	3612	1186
HDL	1180.0	2999.0	388	1
1043	2858	1029	2813	1559	3334	1091	2993
COM	2156.0	758.0	237	1
1909	711	2168	920	2201	727	2347	676
OTQ	3220.0	1747.0	364	1
3277	1499	3441	1785	3142	1856	3021	1850
RQI	4341.0	3471.0	282	1
4462	3398	4405	3430	4221	3729	4276	3330
DAH	4241.0	2271.0	344	1
4324	2257	4347	2160	3920	2162	4374	2505
SPZ	564.0	3105.0	321	1
424	3097	711	3179	695	3105	427	3040
WRZ	635.0	3424.0	496	1
597	3422	672	3378	795	3428	479	3470
ZMX	3875.0	3163.0	381	1
3793	3221	4084	3091	4017	3148	3607	3195
FUE	3447.0	3057.0	438	1
3399	3072	3452	3247	3694	2921	3243	2990
UMY	2124.0	3075.0	376	1
2249	3085	1994	3074	1946	2964	2310	3178
OGU	1037.0	2123.0	259	1
1088	1973	1029	1935	1121	2304	911	2281
SKN	1062.0	2296.0	332	1
1041	2360	1222	2332	1028	2348	960	2146
PRY	3209.0	1955.0	432	1
3064	2026	3390	1764	3209	2143	3176	1890
GQR	1382.0	2839.0	269	1
1430	3088	1211	2615	1456	2823	1433	2833
MRF	4090.0	2520.0	480	1
4266	2537	4049	2322	4027	2454	4019	2768
INV	4194.0	4450.0	309	1
4161	4214	4177	4660	4081	4358	4358	4570
CYH	2424.0	4382.0	200	1
2194	4570	2605	4301	2540	4478	2359	4179
DJR	3069.0	4244.0	291	1
2809	4328	2927	4051	3236	4377	3304	4223
SCF	1237.0	598.0	389	1
1216	753	1304	576	1370	506	1061	560
KYY	1282.0	586.0	209	1
1592	662	1195	572	1241	590	1100	522
YKU	4038.0	1576.0	235	1
3913	1732	3928	1558	4131	1543	4181	1474
JRP	3884.0	2492.0	344	1
3751	2438	4014	2734	3843	2543	3931	2253
DCP	758.0	3129.0	421	1
983	3341	776	3034	770	3042	505	3100
KZI	2103.0	3851.0	442	1
2214	3452	1859	3983	2051	4014	2288	3956
PIA	773.0	2563.0	282	1
725	2468	903	2944	609	2456	855	2387
JFV	2705.0	1532.0	240	1
2585	1839	2856	1357	2651	1555	2728	1380
ZXF	1077.0	3050.0	242	1
875	3304	1010	3084	1368	2983	1056	2830
URA	3532.0	2714.0	463	1
3440	2708	3701	2804	3367	2888	3621	2459
EYA	3547.0	2907.0	382	1
3382	2686	3294	2807	3697	3038	3815	3097
JSY	2455.0	697.0	323	1
2580	664	2310	718	2293	545	2637	862
CGA	3454.0	4121.0	477	1
3417	4104	3529	4171	3263	3933	3610	4277
CJT	1420.0	2824.0	486	1
1321	2792	1580	2870	1482	2787	1297	2847
XTD	967.0	3792.0	252	1
1163	3830	726	3514	875	3934	1107	3892
XPP	1419.0	3691.0	298	1
1353	3718	1480	3538	1542	3667	1303	3841
ZGL	2249.0	2559.0	342	1
2429	2296	1943	2828	2482	2472	2143	2642
LVA	2457.0	2978.0	265	1
2677	2774	2305	3044	2653	3053	2194	3043
XEW	3798.0	2677.0	268	1
3897	2790	3734	2601	3874	2533	3688	2786
JIV	4199.0	4158.0	307	1
3989	3914	4334	4146	4187	4096	4289	4476
NYW	1950.0	1525.0	201	1
1793	1636	2028	1506	2071	1408	1911	1550
FGZ	1942.0	4110.0	308	1
2067	4020	1753	3863	2188	4157	1760	4402
QOZ	2221.0	1763.0	451	1
2044	1570	2478	1796	2167	1826	2196	1863
KTS	796.0	3394.0	240	1
920	3483	945	3118	650	3601	669	3377
QOK	874.0	886.0	327	1
709	742	1123	867	748	1117	918	819
MNA	1344.0	4055.0	357	1
1159	4150	1256	3980	1531	3901	1431	4190
EHZ	641.0	1168.0	342	1
512	1224	807	1096	483	1183	764	1169
YWT	4375.0	2898.0	237	1
4523	2872	4478	3130	4311	2747	4191	2846
XER	2815.0	2150.0	396	1
2871	2106	2722	2031	2776	2113	2891	2351
ETU	733.0	3887.0	458	1
678	3751	742	4147	549	3679	964	3971
CEY	2006.0	1332.0	309	1
1920	1209	2200	1240	1965	1410	1939	1470
