DRG	3731.0	374.0	477	1
3619	394	3640	278	3747	664	3920	163
ZPR	3961.0	529.0	429	1
3893	552	4085	742	4025	471	3843	351
VZW	3406.0	3793.0	399	1
3145	3523	3639	3968	3202	3931	3640	3753
NZH	1034.0	1289.0	409	1
1038	1027	1119	1541	1070	1493	910	1098
ECO	2406.0	365.0	304	1
2438	233	2614	690	2439	367	2135	173
JQB	3093.0	2206.0	213	1
3204	2341	2992	2023	3275	2424	2904	2038
QKC	3164.0	786.0	440	1
3424	786	2967	534	3256	848	3010	977
GZL	2795.0	1214.0	377	1
2716	1062	2670	1147	2832	1432	2963	1215
XZW	1362.0	2213.0	413	1
1565	2138	1575	1960	1218	2347	1093	2409
SGX	4222.0	396.0	466	1
4292	648	4384	199	4356	555	3856	183
WXV	2245.0	3263.0	365	1
2258	3198	2269	3420	2183	3213	2270	3223
TTG	2254.0	2186.0	464	1
1947	2331	2315	1948	2433	2220	2324	2247
MRF	3318.0	2622.0	418	1
3411	2485	3230	2553	3396	2563	3235	2888
YHQ	1587.0	1872.0	397	1
1686	1823	1477	1915	1472	1924	1714	1826
ZEL	2571.0	1256.0	285	1
2834	1313	2432	1288	2487	1136	2532	1289
EUZ	1767.0	2931.0	222	1
1544	2799	2039	2911	1473	3244	2012	2772
VYF	2260.0	3261.0	341	1
2094	3454	2193	3095	2259	3228	2495	3269
EJT	1668.0	1115.0	272	1
1696	1088	1719	1068	1748	1039	1511	1266
HFU	2559.0	1159.0	345	1
2593	1098	2545	953	2794	1498	2305	1089
CYO	1429.0	3576.0	306	1
1592	3572	1467	3709	1372	3410	1288	3613
SQR	4223.0	4183.0	287	1
4300	4103	4067	4077	4269	4268	4257	4287
JPR	2765.0	2962.0	223	1
2705	2732	2696	3215	2987	2898	2673	3006
KBT	3409.0	2043.0	294	1
3561	1967	3445	2095	3549	1928	3083	2183
RHY	1255.0	2111.0	224	1
1071	2393	1120	1898	1529	2301	1302	1853
DWX	449.0	817.0	283	1
493	982	453	628	653	790	198	871
PQV	1697.0	1710.0	335	1
1585	1707	1573	1608	1690	1836	1940	1691
KSX	2529.0	3158.0	316	1
2424	3250	2619	3081	2429	3339	2646	2964
WVY	956.0	2804.0	424	1
546	2573	1102	3044	1100	2617	1076	2984
WFA	3644.0	4336.0	395	1
3475	4476	3977	4468	3599	4038	3526	4363
KDV	653.0	2646.0	219	1
753	2874	823	2929	429	2356	607	2428
TLB	3454.0	2945.0	351	1
3518	2903	3413	2956	3242	2897	3644	3027
CCW	1851.0	2051.0	458	1
2017	2274	1925	1789	2006	2125	1456	2019
ATG	729.0	2366.0	453	1
639	2637	724	2249	566	2185	988	2394
ILU	3969.0	1307.0	423	1
3732	1235	4133	1176	3874	1312	4140	1505
RPX	2789.0	1292.0	482	1
2808	1535	2661	1288	2907	1200	2782	1147
CHP	860.0	2662.0	488	1
938	2878	983	2502	757	2521	764	2747
MGV	4092.0	682.0	350	1
3834	792	3989	564	4204	550	4343	823
XAB	2993.0	544.0	201	1
2963	540	2723	736	3036	513	3250	390
CDO	2619.0	3622.0	489	1
2528	3561	2805	3454	2509	3727	2637	3747
WAO	808.0	4334.0	313	1
819	4299	663	4141	1044	4516	709	4383
HPY	3362.0	646.0	370	1
3322	824	3214	649	3459	576	3456	538
MAK	3217.0	3012.0	263	1
3032	3136	3541	3233	3177	2960	3121	2720
TPH	1433.0	777.0	357	1
1405	1002	1675	889	1221	640	1431	578
QXM	1624.0	4229.0	495	1
1634	4349	1393	3889	1746	4262	1726	4417
USD	4127.0	837.0	371	1
4243	1051	4221	768	3782	848	4265	683
RHD	2747.0	2039.0	484	1
2848	2097	2443	2078	2755	1998	2943	1984
ZOK	2836.0	3303.0	437	1
2984	3263	2682	3187	2873	3567	2805	3195
DHV	3525.0	4012.0	419	1
3709	3769	3445	4047	3605	4117	3343	4118
DWF	660.0	1520.0	448	1
379	1553	837	1511	479	1654	945	1364
ZDE	2415.0	3616.0	268	1
2232	3457	2366	3864	2402	3467	2660	3678
