CQH	545.0	361.0	268	1
504	265	570	479	600	537	507	163
WUH	3171.0	2366.0	251	1
3223	2283	3409	2644	3072	2312	2980	2225
QHW	831.0	3647.0	356	1
841	3843	915	3642	794	3482	776	3623
NIR	3675.0	3732.0	379	1
3575	3517	3940	3817	3541	3658	3645	3937
KAT	2980.0	2823.0	426	1
2862	2854	3104	2900	2913	2636	3041	2903
GEO	675.0	4152.0	476	1
942	4175	417	4219	662	3968	680	4249
POQ	3613.0	1648.0	317	1
3286	1595	3760	1829	3764	1455	3643	1716
QBR	883.0	1512.0	209	1
717	1651	1192	1678	910	1459	715	1260
QQY	3887.0	3113.0	324	1
3690	2996	3963	3156	4121	3156	3777	3145
AOT	2293.0	3443.0	203	1
2447	3434	2194	3486	2379	3463	2152	3389
JQU	1678.0	690.0	417	1
1726	691	1744	700	1737	630	1507	740
RIE	3188.0	1782.0	323	1
3088	1864	3200	1695	3146	1566	3319	2004
HQE	3884.0	1943.0	415	1
4081	2141	3909	1710	3772	2146	3774	1776
URZ	3757.0	3286.0	431	1
3780	3192	3700	3335	3696	3436	3853	3182
DKA	684.0	4042.0	386	1
808	3894	523	4281	824	4070	582	3924
PSZ	2656.0	2785.0	299	1
2652	2726	2689	2706	2551	2968	2732	2743
FEF	3560.0	2728.0	291	1
3748	2725	3345	2841	3641	2755	3509	2593
SXO	3524.0	1136.0	380	1
3525	1216	3283	886	3724	1316	3564	1127
WER	3128.0	781.0	360	1
3331	531	2855	922	3213	732	3115	942
IKS	2308.0	2266.0	280	1
2315	2522	2081	2161	2384	2159	2453	2223
PTE	3760.0	1078.0	484	1
3585	1206	4064	1045	3627	1126	3767	936
HTB	4382.0	1888.0	476	1
4517	1795	4313	1837	4209	2155	4491	1765
GMM	4011.0	1774.0	404	1
3951	1645	3991	1788	4104	1758	3999	1907
GTO	1219.0	3792.0	266	1
991	3667	1341	3922	1372	3677	1175	3905
AMA	2158.0	3088.0	267	1
2208	3135	1981	3165	2134	3190	2309	2863
PMN	1640.0	4168.0	362	1
1850	4259	1614	4190	1447	4238	1652	3987
SDR	1573.0	2491.0	369	1
1430	2416	1723	2400	1563	2696	1576	2454
NVC	4208.0	654.0	302	1
4000	706	4380	504	4296	934	4159	475
ONH	4179.0	1684.0	203	1
4286	1809	4046	1852	4015	1409	4370	1666
UPZ	4216.0	4227.0	409	1
4193	4237	4111	4164	4302	4300	4258	4210
KXA	2306.0	2701.0	421	1
2276	2716	2288	3031	2342	2507	2318	2551
XXY	1122.0	3953.0	322	1
979	3927	1042	4075	1491	3736	977	4077
FTE	1926.0	970.0	438	1
1850	1036	1890	1193	1930	613	2034	1038
PVH	1951.0	540.0	356	1
1867	908	1974	494	2254	363	1711	398
IOF	1272.0	3052.0	367	1
1468	2985	1040	3110	1414	3127	1168	2989
JSC	3885.0	1554.0	493	1
3922	1690	3633	1211	3959	1744	4027	1573
TTO	3408.0	2870.0	305	1
3282	2955	3422	2544	3435	2998	3496	2984
TCB	3251.0	2696.0	213	1
3221	2838	3444	2850	3224	2462	3115	2634
JUE	848.0	3181.0	356	1
784	3327	716	3235	874	3112	1021	3050
CTG	2054.0	813.0	262	1
2118	656	1976	1029	2333	768	1789	801
HEY	1056.0	2699.0	410	1
918	2671	1160	2922	914	2697	1235	2509
ZDT	804.0	1613.0	303	1
542	1355	894	1681	941	1727	839	1692
WNL	4135.0	3902.0	448	1
4097	3958	4126	3881	4164	3922	4155	3847
KPA	1890.0	3502.0	280	1
1705	3350	1994	3512	1941	3616	1920	3530
THG	1248.0	2070.0	312	1
1249	1958	1153	2173	1519	2145	1073	2006
FPA	1772.0	3464.0	487	1
1915	3594	1850	3564	1700	3139	1624	3561
FGB	3910.0	4146.0	303	1
3979	4134	3949	4379	3626	3817	4089	4256
HEZ	4062.0	4275.0	394	1
4160	4403	4167	4332	3997	4083	3926	4282
BVR	2256.0	1028.0	204	1
2124	1049	2443	985	2009	1142	2450	939
MGD	1478.0	1996.0	239	1
1234	2173	1375	2230	1688	1796	1616	1785
