TVJ	1142.0	1668.0	287	1
1412	1597	1111	1593	1007	1668	1041	1817
YOI	3938.0	1268.0	165	1
4040	1427	4118	1275	3676	1123	3920	1247
GVB	2333.0	567.0	91	1
2137	738	2337	465	2568	529	2291	539
TZP	2727.0	4038.0	56	1
2849	4184	2749	3928	2480	3823	2831	4220
TLE	1595.0	2529.0	134	1
1876	2288	1536	2474	1480	2647	1490	2710
GVR	3713.0	2509.0	171	1
3636	2625	3984	2607	3627	2317	3608	2488
MOA	2251.0	3095.0	256	1
2321	2980	2147	3230	2327	3182	2210	2990
CCT	1749.0	2337.0	50	1
1627	2180	1976	2432	1757	2387	1636	2352
NLJ	3679.0	1645.0	162	1
3815	1839	3598	1585	3464	1628	3840	1529
YQT	1434.0	2377.0	25	1
1538	2625	1550	2298	1163	2427	1488	2158
PQC	1554.0	660.0	108	1
1798	327	1538	708	1472	795	1409	813
EUQ	1974.0	643.0	178	1
1695	604	2080	575	2054	749	2068	644
VYI	1035.0	2248.0	21	1
1203	2333	765	2219	1209	2400	963	2042
HIH	4340.0	3309.0	58	1
4235	3084	4450	3413	4603	3216	4073	3523
YMZ	1555.0	3757.0	169	1
1542	3852	1401	3687	1888	3455	1390	4034
FTZ	3868.0	1970.0	15	1
4168	2295	3647	1923	3900	1825	3759	1840
ZGK	3728.0	2832.0	212	1
3775	2918	3741	2783	3736	3057	3660	2573
FBI	302.0	3674.0	30	1
334	3559	138	3916	209	3529	529	3692
NDA	814.0	4200.0	116	1
916	4142	876	4203	708	4313	759	4145
DXZ	3106.0	1502.0	74	1
2906	1661	3015	1510	3424	1453	3081	1387
HDE	1160.0	3277.0	193	1
1026	3262	1006	3272	1212	3154	1399	3423
PNA	4321.0	3890.0	285	1
4493	4022	4468	3817	4006	3614	4319	4110
HEU	4429.0	3785.0	290	1
4537	3511	4219	4007	4572	3760	4388	3865
PUB	3421.0	2345.0	210	1
3353	2354	3412	2174	3395	2473	3527	2381
XXV	4459.0	2974.0	221	1
4511	2872	4473	2804	4313	2922	4539	3300
LFT	583.0	431.0	264	1
831	385	552	257	658	638	294	447
GXF	2348.0	891.0	213	1
2302	1261	2341	766	2351	708	2400	831
NQG	3759.0	1720.0	11	1
3517	1633	3999	1629	3887	1796	3636	1822
GQA	935.0	4126.0	89	1
928	4140	990	4092	692	4210	1133	4065
FNS	2432.0	2454.0	142	1
2353	2687	2669	2308	2197	2489	2510	2332
GBB	3817.0	3466.0	17	1
4073	3311	3994	3202	3553	3719	3651	3634
VST	769.0	3512.0	5	1
623	3512	865	3576	772	3746	818	3215
QGE	538.0	1309.0	287	1
767	1171	412	1100	461	1369	514	1597
RKC	2034.0	2617.0	255	1
1920	2729	1831	2580	2399	2424	1989	2736
CPC	4106.0	2817.0	143	1
4097	3049	4150	2845	3931	2702	4249	2672
XAJ	452.0	2017.0	214	1
228	2017	220	2070	593	1862	769	2120
JBU	1202.0	3083.0	211	1
1245	3234	1219	2878	1112	2871	1233	3352
LQI	4024.0	1153.0	88	1
4099	934	3874	1220	3956	1387	4170	1072
FVY	2446.0	3139.0	291	1
2497	2860	2410	2961	2555	3399	2322	3336
IGU	2441.0	3398.0	228	1
2625	3226	2360	3386	2476	3485	2303	3498
FVM	3298.0	2455.0	119	1
3466	2322	3488	2370	3143	2647	3097	2483
AAU	2302.0	1096.0	261	1
2168	965	2132	1016	2471	1143	2439	1261
NHY	3739.0	3587.0	98	1
3667	3540	3618	3682	3664	3452	4008	3675
RAE	2962.0	2565.0	89	1
3047	2289	2582	2466	3059	2804	3163	2702
NDR	2529.0	1710.0	262	1
2737	1634	2605	1859	2283	1836	2492	1513
BLI	3080.0	1537.0	224	1
3317	1775	3015	1529	2908	1403	3081	1442
QBO	3420.0	1082.0	69	1
3284	963	3193	1251	3597	1149	3609	966
EDM	730.0	2858.0	119	1
937	3071	676	2697	693	2897	617	2768
KGF	2469.0	1618.0	291	1
2288	1625	2795	1545	2329	1828	2465	1476
PZS	1125.0	1566.0	21	1
865	1367	1200	1611	1209	1656	1227	1631
