CBG	1887.0	858.0	112	1
2100	906	1635	693	1765	959	2049	877
QQE	1336.0	3385.0	209	1
1556	3317	1362	3619	1042	3363	1384	3244
TNE	1304.0	730.0	220	1
1132	650	1381	729	1590	814	1116	727
HAC	1503.0	489.0	169	1
1260	551	1624	611	1653	658	1476	138
FSQ	3894.0	3066.0	169	1
3810	2900	4047	3113	3826	3195	3895	3058
PPG	3218.0	2689.0	287	1
3250	2686	3186	2670	3305	2506	3131	2896
KCK	2805.0	2798.0	183	1
2906	3060	2669	2643	2900	2749	2748	2743
HTE	938.0	2688.0	241	1
1017	2826	1077	2685	920	2550	740	2694
OCQ	327.0	3164.0	214	1
291	3102	477	2966	253	3303	288	3288
LGA	817.0	2032.0	50	1
767	2178	856	2236	970	1887	677	1828
XXX	1203.0	1179.0	111	1
1240	1078	954	1013	1438	1349	1183	1276
MNG	2676.0	4024.0	31	1
2536	4160	2703	4114	2731	3868	2737	3954
RLG	3514.0	869.0	104	1
3321	711	3661	653	3788	1013	3289	1102
BGX	3772.0	1126.0	144	1
3814	1014	3692	1327	3857	1040	3726	1123
YAN	2063.0	3662.0	190	1
2024	3727	1852	3574	1993	3750	2386	3600
UEZ	3815.0	2491.0	214	1
3628	2444	4041	2430	3924	2567	3670	2526
AXP	637.0	2515.0	268	1
547	2497	446	2372	597	2773	961	2419
NMA	4263.0	1872.0	82	1
4451	1812	4039	1753	4180	1728	4385	2198
KVD	2474.0	1696.0	140	1
2420	1511	2752	1595	2303	1975	2422	1706
EYG	1914.0	1325.0	140	1
1687	1412	2026	1053	2216	1512	1730	1324
PUO	548.0	2791.0	124	1
377	2570	475	2803	702	2867	638	2924
GXR	1236.0	300.0	65	1
1331	146	1350	643	1079	200	1185	213
IEF	1407.0	3020.0	150	1
1319	2806	1240	2988	1368	3096	1704	3190
UXX	1218.0	3338.0	224	1
1065	3478	1450	3223	1410	3476	947	3175
EPC	426.0	1170.0	67	1
284	1022	665	1142	366	1219	389	1298
ISX	2230.0	1658.0	33	1
2409	1705	2070	1703	2224	1599	2219	1627
PQK	913.0	1829.0	24	1
763	2042	1124	1980	917	1651	848	1645
OKK	1061.0	544.0	273	1
1276	592	1225	775	897	614	847	197
RMJ	727.0	915.0	215	1
763	990	769	603	559	990	818	1080
CKT	1988.0	2867.0	25	1
2123	2902	1941	2792	2123	2869	1768	2906
LUA	3813.0	931.0	118	1
3861	1056	4079	948	3517	1085	3797	637
FRY	3850.0	3360.0	273	1
3946	3507	3866	3183	3688	3573	3902	3180
XKA	2404.0	1076.0	205	1
2163	1279	2431	951	2551	1131	2472	944
PMN	597.0	4149.0	133	1
231	4087	772	4190	632	4074	755	4247
DRU	1075.0	610.0	283	1
933	718	970	617	1300	710	1097	397
XVK	2146.0	1272.0	128	1
2335	1386	2135	1209	2028	1202	2089	1294
EMX	2502.0	642.0	118	1
2706	584	2611	508	2297	833	2395	646
RSI	3362.0	1218.0	85	1
3575	1454	3371	1337	3287	1134	3217	949
ZTK	743.0	4460.0	167	1
773	4498	622	4450	608	4411	971	4483
NQC	2306.0	935.0	95	1
2231	740	2455	1063	2234	1075	2304	863
RHA	3521.0	3282.0	207	1
3482	3347	3792	3284	3258	3042	3552	3456
DRC	1566.0	1815.0	61	1
1567	1895	1317	2088	1695	1642	1685	1635
EWM	629.0	3781.0	169	1
647	3635	717	3903	618	3659	534	3929
WSO	2580.0	3173.0	97	1
2537	3152	2641	2816	2467	3355	2677	3369
BTX	707.0	3591.0	154	1
792	3521	581	3751	814	3571	642	3523
OAE	2203.0	2723.0	290	1
2480	2494	2103	2843	1978	2816	2253	2740
RNY	2288.0	2120.0	217	1
2245	2282	2305	1975	2444	2109	2160	2117
QXP	1395.0	1971.0	22	1
1380	1961	1527	2001	1239	2022	1434	1902
LGE	765.0	2591.0	61	1
773	2750	736	2389	888	2394	664	2833
SDJ	1339.0	2089.0	193	1
1357	2203	1357	2044	1440	1948	1203	2164
