DFS	2668.0	768.0	180	1
2818	848	2476	709	2475	720	2904	796
TNH	4209.0	3190.0	291	1
4083	3381	4372	3263	4001	3243	4380	2874
CMO	2442.0	4212.0	253	1
2629	4300	2581	3932	2296	4256	2264	4360
LYC	2967.0	2005.0	204	1
2834	1808	3086	2393	2980	1871	2968	1949
LBJ	2064.0	4115.0	37	1
2119	4168	2187	4366	2194	3989	1758	3938
FJH	2082.0	2870.0	196	1
2058	3064	2033	3075	2210	2748	2027	2595
PQV	3776.0	3753.0	273	1
3546	3894	3908	3640	3834	3848	3819	3630
ETI	3242.0	739.0	105	1
3484	673	3276	986	3100	670	3109	630
PUW	4089.0	2178.0	188	1
4386	2291	4220	2153	3877	2265	3876	2006
MEG	823.0	965.0	31	1
1163	901	626	1203	721	977	783	781
JQL	2263.0	310.0	163	1
2116	181	2356	277	2515	488	2066	297
ABZ	1353.0	1411.0	236	1
1036	1489	1580	1450	1421	1469	1375	1236
LTA	3706.0	1127.0	239	1
3672	1241	3622	971	3542	1036	3991	1263
OKZ	1948.0	1645.0	71	1
1733	1813	1823	1844	2249	1613	1988	1312
DSS	2311.0	3312.0	184	1
2228	3152	2399	3323	2357	3452	2262	3323
ECW	4391.0	2806.0	226	1
4383	2655	4224	2752	4535	2945	4424	2872
DIP	2346.0	1631.0	200	1
2423	1692	2345	1576	2533	1619	2086	1637
OBG	3160.0	3787.0	166	1
3151	3816	3162	3558	2938	3682	3390	4094
AXO	404.0	3077.0	135	1
297	2816	345	2886	298	3279	678	3327
ZIQ	1857.0	3055.0	94	1
2074	3070	1791	3108	1846	2975	1718	3069
ZTH	1649.0	2250.0	216	1
1487	2125	1634	2449	1760	2165	1718	2261
QOC	3855.0	874.0	155	1
3520	620	4007	877	4070	1078	3824	921
IQW	1508.0	1858.0	42	1
1243	2284	1602	1759	1582	1689	1607	1702
BIR	3860.0	1361.0	117	1
3909	1260	3786	1421	3779	1440	3968	1323
QPT	2132.0	2924.0	11	1
2223	2891	2025	2750	2061	2837	2221	3219
CEB	2809.0	2948.0	268	1
2982	2746	2657	2844	2933	3179	2666	3026
IJV	3195.0	1484.0	116	1
3150	1360	3259	1436	3182	1823	3190	1318
CBE	3057.0	2836.0	6	1
3065	3011	3211	2658	3019	2866	2934	2811
QCP	1054.0	1233.0	280	1
1028	1142	838	1178	1035	1214	1317	1399
HTW	4226.0	2225.0	207	1
4122	1989	4167	2485	4065	2280	4552	2149
LCX	638.0	1124.0	205	1
778	987	488	1153	632	966	654	1392
QLH	3383.0	3080.0	75	1
3278	2868	3204	2916	3400	3238	3651	3300
VLS	397.0	3675.0	168	1
175	3743	208	3469	498	3752	707	3737
JYT	3849.0	532.0	44	1
3838	789	3897	456	3827	440	3834	444
MPW	2633.0	1357.0	152	1
2606	1218	2467	1191	2843	1523	2617	1496
NTV	905.0	1277.0	89	1
909	1132	981	1236	846	1428	886	1313
JFB	730.0	1197.0	91	1
713	1045	554	1203	1017	1003	639	1538
KSL	3207.0	2731.0	67	1
3168	2828	3344	2642	3139	2601	3179	2854
DZW	690.0	3360.0	149	1
835	3134	616	3576	724	3642	586	3089
SLG	587.0	739.0	205	1
801	901	351	475	520	623	678	959
IBV	3203.0	4366.0	280	1
3248	4309	3014	4642	3214	4245	3337	4270
FFN	2195.0	2046.0	110	1
2090	2173	2189	2148	2463	1946	2041	1917
EQE	1476.0	2548.0	187	1
1541	2802	1653	2466	1173	2606	1539	2320
PXJ	335.0	3093.0	106	1
141	3044	240	3120	493	3066	467	3142
YNJ	3190.0	781.0	272	1
3363	735	3140	671	3152	844	3107	874
IFG	516.0	3518.0	236	1
808	3543	478	3420	454	3678	326	3434
NFV	2706.0	3297.0	174	1
2400	3277	2920	3560	2884	3299	2622	3053
OCN	653.0	2220.0	99	1
789	1997	655	2456	778	2092	393	2335
MVJ	607.0	2170.0	111	1
414	2136	837	2310	447	1963	731	2274
JIX	1666.0	2011.0	172	1
1943	2164	1794	1937	1510	1962	1420	1983
