NZZ	1958.0	2756.0	1	1
1947	2960	1860	2664	2121	2718	1907	2685
RLV	3231.0	3451.0	267	1
3428	3329	3193	3440	3191	3601	3114	3437
FQL	2562.0	3237.0	104	1
2592	3503	2581	3068	2578	3121	2498	3259
IKS	1103.0	4241.0	264	1
1277	4337	950	3992	1099	4146	1089	4491
VAC	1840.0	699.0	267	1
2023	425	1898	834	1780	1006	1662	534
NBC	898.0	1714.0	182	1
699	2021	635	1524	1152	1484	1106	1828
BIN	1342.0	2573.0	37	1
1236	2706	1401	2688	1570	2682	1161	2218
KVN	444.0	4248.0	110	1
508	4398	178	4254	499	4402	591	3939
XVM	3430.0	2306.0	237	1
3750	2504	3304	2487	3444	2131	3223	2103
CUS	3978.0	3067.0	182	1
3693	2985	4133	3270	3997	3100	4089	2916
DPW	935.0	3882.0	51	1
1039	4121	971	3823	1083	4008	648	3576
LXC	2426.0	1727.0	167	1
2430	1822	2349	1719	2315	1760	2610	1607
VAK	3721.0	1316.0	271	1
3743	1266	3758	1507	3577	1127	3809	1367
WNT	1037.0	767.0	17	1
1035	809	1256	832	1066	980	794	450
MJO	2552.0	2091.0	51	1
2368	1898	2356	2266	2644	2020	2840	2182
TZK	2590.0	2926.0	81	1
2565	3052	2745	2884	2417	2953	2634	2817
XBJ	3517.0	1331.0	61	1
3339	1345	3470	1042	3815	1524	3444	1413
IJA	2337.0	1496.0	95	1
2359	1691	2527	1354	2309	1662	2156	1279
LCQ	1362.0	721.0	191	1
1161	581	1605	798	1401	843	1284	665
QUK	1278.0	721.0	182	1
1326	749	1344	875	1344	477	1101	785
OVN	684.0	4184.0	17	1
515	4156	961	4125	480	4285	782	4172
NTT	734.0	1793.0	267	1
656	1969	724	1524	682	1682	874	1999
PRI	2208.0	1128.0	155	1
2452	1173	1892	916	2406	1150	2085	1273
VUG	977.0	2447.0	51	1
1022	2449	1050	2342	1048	2511	790	2489
LWN	3805.0	3099.0	63	1
3733	3070	3806	3343	3827	3029	3856	2957
DEI	1467.0	2396.0	38	1
1809	2518	1347	2595	1413	2185	1301	2287
DGO	4231.0	3861.0	46	1
3988	3643	4138	3715	4449	4182	4352	3905
PEJ	3134.0	885.0	300	1
3157	1014	3312	863	2982	819	3085	844
WBZ	1422.0	2930.0	213	1
1124	2708	1451	2956	1455	2963	1661	3095
AED	2573.0	702.0	27	1
2686	963	2515	698	2644	589	2447	559
MEB	1146.0	1687.0	73	1
1361	1815	942	1580	1199	1629	1085	1725
ONJ	3901.0	535.0	82	1
4119	532	3711	397	3692	661	4082	553
SVU	2029.0	4156.0	254	1
1913	4361	1801	4285	2210	4027	2192	3953
LPE	3903.0	2036.0	188	1
3932	1908	4052	1798	3761	2288	3869	2150
RXK	2575.0	1292.0	290	1
2262	1493	2737	1240	2751	1048	2550	1389
XIW	2416.0	4290.0	56	1
2273	4062	2572	4487	2485	4277	2337	4335
QDQ	2334.0	2777.0	86	1
2249	2732	2428	2746	2237	2858	2425	2775
AXF	1247.0	1136.0	300	1
1223	1378	1185	1244	1260	921	1322	1004
VLK	2858.0	815.0	110	1
3072	762	2856	700	2773	753	2733	1045
JVO	3972.0	1480.0	30	1
3866	1576	3912	1434	3997	1517	4115	1395
UZW	1008.0	4082.0	80	1
1060	4064	965	4099	826	3844	1182	4322
NST	2314.0	4310.0	212	1
2298	4382	2274	4238	2147	4545	2537	4077
JWW	2319.0	4370.0	216	1
2241	4271	2534	4589	2231	4554	2273	4069
FXY	4066.0	500.0	295	1
4133	536	3962	341	4127	654	4044	472
DIG	1816.0	628.0	237	1
1830	459	1840	635	1698	640	1897	779
UZI	2879.0	578.0	298	1
3112	595	2700	658	2857	476	2847	583
VJI	630.0	845.0	151	1
261	835	793	989	711	768	756	790
AHD	3563.0	541.0	111	1
3495	337	3686	495	3585	885	3487	449
VFD	4069.0	2957.0	177	1
3963	3053	3946	2996	4276	2960	4092	2819
UQJ	615.0	3863.0	96	1
781	3789	630	3923	393	3878	656	3863
