QVH	3968.0	1770.0	407	1
4211	1590	3881	1935	4128	1890	3655	1665
RMB	1774.0	1597.0	362	1
1532	1611	1892	1834	1882	1654	1792	1290
LPR	4187.0	3001.0	477	1
4235	2833	4345	3117	4318	3137	3853	2917
CXX	788.0	761.0	234	1
1058	744	652	835	829	639	613	826
VJJ	1361.0	3391.0	280	1
1346	3424	1469	3440	1503	3438	1127	3265
SSE	3968.0	1302.0	488	1
3874	1260	4199	1079	3941	1540	3860	1330
ECP	2577.0	1562.0	446	1
2530	1493	2657	1781	2694	1502	2430	1475
IZI	1312.0	1829.0	279	1
1227	1628	1387	1728	1293	1872	1341	2090
FBH	835.0	1839.0	265	1
754	1756	715	1895	1097	1717	774	1989
EYC	2593.0	2791.0	278	1
2516	2775	2676	2855	2802	2874	2378	2660
GFY	1846.0	1689.0	235	1
2085	1387	1840	1902	1838	1823	1624	1646
FKW	3003.0	1090.0	287	1
3177	802	2772	1144	2891	1176	3174	1240
SWI	2326.0	3533.0	461	1
2447	3651	2364	3548	2285	3511	2208	3424
URO	1615.0	4186.0	234	1
1763	4391	1330	3947	1833	4090	1534	4319
III	1950.0	1908.0	297	1
2124	1953	2051	2022	1873	1968	1753	1691
MXV	2710.0	3682.0	429	1
2994	3880	2611	3505	2468	3737	2770	3608
ORX	1623.0	933.0	206	1
1515	904	1570	765	1581	1023	1828	1040
JAH	3181.0	3472.0	262	1
3478	3412	3030	3369	3182	3334	3034	3775
QUH	4262.0	2649.0	436	1
4315	2326	4184	2509	4094	2889	4455	2875
VDZ	1755.0	611.0	342	1
1738	580	1820	609	1947	542	1517	713
AAF	4112.0	4018.0	353	1
4244	4142	4252	4118	3888	3956	4065	3859
EQG	2055.0	1348.0	308	1
2223	1394	1930	1409	2146	1522	1923	1068
CKZ	4032.0	2029.0	424	1
4072	2169	4149	2029	3723	1863	4184	2055
AXA	696.0	3465.0	252	1
576	3521	472	3407	866	3282	873	3650
SOK	2014.0	1337.0	484	1
2264	1247	1966	1452	2000	1529	1828	1123
PJD	4133.0	3468.0	480	1
4408	3464	4061	3382	3953	3677	4110	3350
QKJ	4411.0	4218.0	496	1
4367	4041	4455	4069	4306	4214	4519	4550
TAS	4294.0	2801.0	437	1
4441	2811	4252	3040	4495	2666	3989	2690
AHJ	3939.0	1781.0	204	1
3984	2115	4007	1736	4011	1667	3756	1606
CMT	3688.0	4307.0	499	1
4005	4153	3542	4478	3613	4332	3595	4267
NNO	2765.0	2903.0	380	1
2964	2932	2624	2636	2934	2978	2539	3066
XYY	3186.0	2541.0	233	1
3216	2481	3217	2461	3256	2399	3055	2825
WRG	2841.0	1233.0	457	1
2949	1135	2692	1249	2772	1170	2953	1380
NRR	1412.0	1757.0	474	1
1625	1572	1135	1943	1501	1984	1387	1532
EGV	2897.0	1131.0	280	1
2963	889	2993	1401	3018	1196	2617	1040
BWX	3422.0	3757.0	384	1
3522	3565	3563	3874	3354	3708	3249	3881
NJJ	4003.0	561.0	242	1
3919	322	4073	748	3920	622	4103	555
XCE	2309.0	455.0	419	1
2180	521	2600	509	2248	551	2208	239
BNA	1070.0	4406.0	271	1
1127	4041	926	4570	1091	4612	1137	4404
XOD	949.0	3251.0	229	1
1147	3446	598	2905	1005	3188	1046	3465
VTF	3927.0	3435.0	477	1
3804	3478	3759	3558	4068	3485	4077	3221
YFY	1243.0	2603.0	453	1
1445	2758	1286	2626	951	2530	1290	2500
EDG	2584.0	369.0	420	1
2795	154	2619	410	2462	504	2462	411
MLN	1077.0	3263.0	352	1
933	3403	1224	3080	1332	3312	820	3259
YHV	3392.0	4505.0	303	1
3116	4365	3389	4642	3487	4638	3577	4375
ZHS	2382.0	3053.0	322	1
2180	2987	2409	2912	2545	2938	2394	3377
TSV	450.0	4136.0	412	1
439	4280	421	4048	476	4124	466	4093
HVJ	4153.0	3862.0	299	1
4169	3714	3818	4075	4398	3647	4228	4012
FRO	2863.0	4310.0	208	1
2797	4460	2759	4343	2905	4211	2991	4228
ZGT	1605.0	1166.0	496	1
1654	1184	1742	1275	1524	847	1500	1358
