XND	549.0	2703.0	254	1
869	2947	350	2457	577	2650	401	2760
DWO	3339.0	1344.0	363	1
3213	1306	3682	1139	3356	1332	3108	1602
HNX	715.0	2263.0	332	1
615	2293	657	2463	637	2117	953	2181
HPM	815.0	3461.0	439	1
846	3618	790	3307	797	3501	828	3419
QDU	3883.0	4108.0	362	1
3871	4064	3946	4164	3906	4061	3812	4144
KHA	644.0	1783.0	267	1
823	1669	481	1971	569	1840	706	1655
SSG	2538.0	3585.0	367	1
2391	3429	2625	3564	2345	3520	2794	3830
QRA	2576.0	2866.0	332	1
2350	3125	2748	2737	2700	2839	2506	2765
KUK	4247.0	1853.0	322	1
4197	1841	4494	1860	4251	1910	4049	1804
CLD	3585.0	1088.0	344	1
3371	994	3869	1174	3638	986	3464	1198
RBK	2299.0	804.0	499	1
2526	942	2144	1027	2017	613	2509	636
MXJ	1683.0	1018.0	467	1
1603	1099	1619	1003	1704	1149	1806	821
VFF	3254.0	1264.0	254	1
3324	1448	3089	1275	3423	1228	3180	1107
VFG	3618.0	1303.0	485	1
3674	1353	3686	1233	3571	1417	3542	1211
TYT	3384.0	2730.0	332	1
3153	2640	3620	2402	3232	2921	3531	2960
FYE	471.0	1349.0	283	1
485	1067	464	1125	763	1572	172	1635
YRL	2701.0	3548.0	227	1
2647	3470	2726	3468	2542	3770	2890	3487
SSN	2181.0	3969.0	361	1
1992	3954	2344	4075	2160	3934	2230	3913
IQG	2572.0	555.0	272	1
2689	482	2322	583	2686	337	2593	819
CVT	3010.0	1619.0	465	1
3363	1422	2894	1596	2973	1713	2813	1747
RFT	1877.0	3746.0	328	1
1726	3491	1807	3964	2006	3872	1970	3658
OFC	3363.0	581.0	354	1
3326	702	3479	538	3497	661	3153	423
ACT	1203.0	1397.0	327	1
1111	1385	1241	1262	1453	1298	1009	1643
WKB	3333.0	2283.0	396	1
3489	2343	3314	2318	3284	2320	3245	2152
OIV	1007.0	4257.0	399	1
961	3994	1155	4380	977	4539	936	4118
KOD	3841.0	3780.0	412	1
3908	3774	3901	3913	3813	3844	3744	3591
FYW	3949.0	562.0	456	1
4092	439	3902	426	3845	590	3957	794
LXW	1525.0	1742.0	213	1
1659	1658	1648	1976	1257	1812	1539	1525
MTN	2711.0	2950.0	212	1
2611	2801	2874	2867	2461	2880	2901	3254
UHK	2496.0	3874.0	331	1
2537	3820	2393	3986	2688	3993	2366	3698
JFF	1567.0	3871.0	404	1
1485	3757	1447	3772	1709	4135	1629	3821
QDH	1699.0	3631.0	397	1
1861	3790	1635	3728	1586	3408	1717	3598
JKQ	1888.0	2331.0	291	1
2040	2239	1901	2376	1775	2532	1837	2178
KGM	1365.0	774.0	463	1
1447	627	1327	795	1197	546	1489	1128
DUI	2451.0	1205.0	349	1
2501	1279	2558	1096	2555	1163	2190	1284
FUW	2560.0	2598.0	500	1
2444	2822	2716	2538	2693	2353	2390	2680
ZWZ	3246.0	2316.0	226	1
3250	2488	3418	2179	3168	2049	3150	2548
RJP	1496.0	2550.0	311	1
1558	2384	1723	2437	1494	2812	1210	2569
YNN	1902.0	3276.0	267	1
1906	3308	1798	3231	2117	3308	1788	3258
TNT	3540.0	882.0	478	1
3601	980	3423	680	3592	674	3546	1195
OAP	4368.0	1438.0	236	1
4471	1256	4391	1446	4388	1502	4223	1550
FAK	2629.0	2608.0	292	1
2656	2867	2661	2670	2513	2418	2688	2480
KAQ	3127.0	2883.0	427	1
3028	2896	2999	2776	3519	2878	2964	2983
BPI	791.0	2358.0	313	1
689	2127	882	2418	793	2440	801	2449
VKS	4077.0	1488.0	452	1
3724	1432	4194	1615	4180	1291	4212	1614
LYR	757.0	4123.0	258	1
746	3945	718	4127	880	3999	686	4424
MTK	4144.0	2345.0	339	1
4333	2199	4122	2087	3831	2601	4292	2493
YXZ	2837.0	2583.0	281	1
2631	2649	3134	2413	2916	2610	2668	2662
TZW	756.0	3640.0	261	1
633	3594	779	3527	946	3978	667	3463
RLD	547.0	1511.0	348	1
166	1427	658	1380	627	1605	739	1635
