TNZ	2513.0	3545.0	211	1
2659	3721	2730	3366	2443	3766	2220	3329
HFB	2353.0	2949.0	229	1
2466	3104	2217	3130	2421	2951	2309	2613
KSP	1597.0	1669.0	460	1
1481	1462	1489	1886	1691	1553	1728	1777
LGJ	1918.0	1323.0	384	1
2066	1398	1924	1503	1979	1151	1705	1241
LAZ	3364.0	927.0	446	1
3124	907	3593	1055	3523	849	3217	900
CXQ	2756.0	2997.0	484	1
2840	3024	2686	3002	3005	2918	2494	3044
SRW	3754.0	986.0	358	1
3431	861	3810	964	3967	978	3809	1141
XBP	1632.0	3094.0	489	1
1519	3303	1550	2937	1504	3027	1955	3109
HUL	361.0	3383.0	458	1
547	3668	161	3192	549	3378	189	3294
IJX	4278.0	637.0	262	1
4250	754	4432	588	4191	675	4240	534
XUH	2208.0	2434.0	349	1
2105	2347	2304	2413	2360	2375	2066	2604
ELY	4012.0	1988.0	405	1
4214	1941	4118	1869	3788	2129	3929	2013
ZSM	2560.0	1770.0	369	1
2852	1877	2728	1597	2366	1680	2294	1929
OTW	1984.0	2233.0	434	1
2161	2323	1889	2365	1996	1863	1890	2383
OJD	1498.0	1184.0	282	1
1423	1302	1652	1080	1578	1245	1339	1112
ZTV	430.0	2232.0	320	1
605	2402	334	2262	488	2332	294	1934
YXL	4095.0	825.0	280	1
4275	1018	3879	525	4154	721	4075	1039
XXB	823.0	1337.0	387	1
808	1065	846	1340	904	1412	736	1534
WRM	2385.0	735.0	308	1
2392	616	2346	1080	2372	731	2431	514
AMN	771.0	610.0	342	1
577	671	885	801	831	602	793	366
WDE	1274.0	2608.0	291	1
1146	2357	1207	2851	1291	2677	1452	2550
XIJ	1848.0	2166.0	460	1
2110	2132	1801	2163	1666	2071	1816	2300
ITO	1625.0	580.0	416	1
1759	626	1583	359	1562	723	1599	612
GXZ	1429.0	3426.0	423	1
1324	3195	1283	3556	1551	3324	1560	3629
BLH	2992.0	1683.0	285	1
3056	1847	2979	1655	2776	1431	3157	1801
YAI	2585.0	1769.0	306	1
2625	1624	2643	1842	2299	1933	2774	1679
NLV	3607.0	3154.0	249	1
3457	3202	3833	3248	3411	3263	3730	2904
NCV	2720.0	2545.0	223	1
2705	2656	2934	2747	2611	2337	2630	2441
NIP	2423.0	1429.0	377	1
2207	1348	2471	1467	2586	1530	2430	1372
SBY	3527.0	3084.0	477	1
3742	3286	3392	3277	3525	2870	3449	2905
ORA	2527.0	3239.0	438	1
2311	3382	2658	3014	2658	3477	2484	3085
LTY	2417.0	2495.0	382	1
2478	2324	2560	2361	2339	2672	2291	2623
XTG	2108.0	1186.0	305	1
2140	970	2331	989	1983	1355	1979	1433
JRX	3018.0	709.0	270	1
2810	461	2922	995	2992	889	3348	491
IXE	4318.0	4267.0	486	1
4173	4235	4298	4473	4369	4380	4434	3981
CGC	1982.0	1098.0	405	1
1982	1078	2096	1182	1759	851	2091	1281
IRC	3104.0	3685.0	384	1
3075	3511	3186	3888	2934	3704	3224	3637
LVF	2785.0	2278.0	459	1
3005	2183	2576	2372	2727	2365	2834	2194
SVJ	977.0	3527.0	498	1
1028	3337	767	3526	897	3400	1219	3848
ZZH	2265.0	2281.0	392	1
2243	2343	2229	2476	2380	2136	2210	2172
RGO	2958.0	1055.0	258	1
3055	1083	3042	1174	2973	857	2764	1108
NUC	2385.0	4154.0	463	1
2662	4195	2180	4313	2462	4213	2236	3896
FCM	3435.0	2966.0	214	1
3465	3018	3336	2831	3701	3092	3241	2923
VJR	3030.0	1557.0	369	1
3117	1822	2778	1710	3268	1350	2957	1349
HSB	4111.0	1014.0	404	1
4113	898	4098	1092	3998	1142	4236	924
OBN	4261.0	2668.0	225	1
4369	2839	4240	2698	4001	2555	4437	2581
ZFF	3772.0	2600.0	328	1
3899	2751	3516	2324	3691	2689	3982	2637
NXR	1381.0	2699.0	329	1
1529	2534	1081	2625	1404	3026	1512	2613
YLI	3774.0	2746.0	321	1
3640	2731	3543	2834	4068	2755	3846	2665
OHE	1589.0	675.0	429	1
1806	687	1438	535	1354	756	1760	724
