FPJ	3196.0	2588.0	259	1
3141	2697	3177	2852	3201	2296	3265	2508
HVQ	2300.0	2664.0	152	1
2155	2604	2260	2883	2353	2539	2434	2633
HGW	4288.0	1518.0	44	1
4321	1371	4626	1334	4121	1564	4087	1806
MWE	4038.0	2983.0	87	1
4371	2878	4025	3082	3883	3179	3876	2796
SBX	3505.0	4149.0	81	1
3638	4088	3471	4242	3726	4148	3186	4120
SPQ	2951.0	776.0	102	1
2815	1003	3145	658	3113	966	2731	480
OOY	2351.0	2405.0	274	1
2494	2186	2142	2434	2458	2722	2312	2281
WLN	1316.0	2789.0	145	1
1197	2822	1255	2928	1268	2877	1546	2531
GXW	2041.0	541.0	250	1
2190	444	1938	620	2186	583	1850	519
KJX	4261.0	3380.0	60	1
4363	3151	4415	3656	3878	3188	4391	3528
RMT	1873.0	1867.0	228	1
1991	2136	2132	2003	1709	1668	1660	1661
ASY	2291.0	2045.0	122	1
2034	2118	2346	2040	2498	1917	2286	2107
CUV	3626.0	506.0	213	1
3947	381	3464	680	3480	381	3614	582
YWU	4141.0	3291.0	259	1
4169	3375	4109	3191	3905	3413	4382	3185
ISV	2916.0	1378.0	1	1
3088	1434	2722	1249	3071	1253	2786	1579
FXB	2113.0	4108.0	117	1
2062	4181	2213	4272	2100	4142	2079	3840
AOD	3808.0	3145.0	231	1
3826	3223	3886	2957	3739	3091	3784	3312
CSN	548.0	1108.0	236	1
499	886	811	1040	455	1307	427	1199
RWE	3941.0	2527.0	182	1
3997	2572	3965	2621	4008	2506	3796	2411
WSH	3864.0	3208.0	212	1
3890	3270	3689	3286	3804	3138	4075	3138
SLO	1273.0	407.0	202	1
1116	563	1492	424	1208	258	1276	385
JFB	3846.0	2973.0	216	1
3967	3143	3994	3089	3905	2695	3520	2967
XUG	2145.0	2574.0	160	1
2272	2762	1939	2510	2427	2272	1942	2755
QQA	3353.0	2950.0	102	1
3396	2930	3305	2846	3235	2799	3478	3225
EAJ	2730.0	1747.0	26	1
2887	1498	2637	1845	2701	1840	2696	1806
DUE	2812.0	3290.0	146	1
2993	3218	2668	3174	3028	3582	2562	3186
LTA	3187.0	1841.0	238	1
3337	1932	2996	1979	3171	1796	3246	1660
FGX	4118.0	654.0	298	1
3954	631	4254	492	4029	594	4236	900
GVZ	2939.0	3840.0	19	1
3204	3796	2849	3795	2964	4006	2741	3764
DNW	3209.0	3276.0	143	1
3050	3280	3347	3228	3221	3154	3218	3444
MBX	565.0	2568.0	101	1
508	2591	444	2622	826	2338	484	2721
ZXG	534.0	1817.0	70	1
722	1888	485	1682	534	1824	397	1874
KEG	4370.0	3041.0	2	1
4238	2799	4151	3360	4550	3073	4541	2934
DDX	3550.0	1608.0	31	1
3590	1547	3729	1594	3218	1532	3666	1760
YDI	3589.0	2052.0	229	1
3740	1907	3375	2102	3572	1897	3671	2305
NGA	631.0	2399.0	106	1
329	2054	686	2608	842	2386	667	2550
RFV	1527.0	838.0	33	1
1765	1017	1570	929	1295	832	1480	575
AWQ	4124.0	3291.0	81	1
4291	3246	4175	3410	4072	3208	3958	3301
WIS	3843.0	1786.0	27	1
4065	1831	3697	2107	3714	1605	3897	1603
KPC	1441.0	3371.0	226	1
1564	3291	1104	3274	1532	3610	1565	3309
IEV	791.0	1647.0	165	1
961	1327	999	1857	612	1665	595	1740
LLX	3746.0	1645.0	284	1
3961	1502	3644	1661	3723	1539	3658	1878
JQT	2451.0	2197.0	223	1
2653	1996	2492	1976	2335	2390	2324	2428
OZQ	1516.0	2810.0	285	1
1280	2672	1589	2846	1522	2882	1673	2843
IGZ	3075.0	3704.0	82	1
3042	3830	3150	3677	3024	3521	3085	3791
COD	1808.0	3741.0	157	1
1575	3482	1846	3780	1719	4066	2095	3637
GXA	3885.0	396.0	73	1
4028	326	3553	357	3947	501	4012	403
FJJ	1100.0	1049.0	22	1
1224	1121	818	1147	1229	1042	1132	886
HSV	1277.0	1511.0	209	1
1444	1755	987	1557	1364	1373	1313	1362
MHV	4209.0	2199.0	40	1
4043	2256	4518	2267	4193	2193	4085	2080
