ZPK	2576.0	2242.0	144	1
2566	2230	2466	2060	2507	2403	2768	2278
UNT	720.0	2117.0	112	1
809	2143	835	2039	679	1969	559	2318
NAZ	1556.0	1826.0	86	1
1564	1709	1452	1692	1671	1832	1540	2074
JNW	986.0	2814.0	277	1
1065	2876	830	2826	1093	2783	958	2771
QJM	2505.0	2676.0	145	1
2373	2507	2591	2689	2442	2741	2617	2768
BJB	2679.0	1447.0	145	1
2652	1351	2658	1552	2590	1287	2818	1599
DST	3789.0	1702.0	176	1
3680	1489	3758	1632	3887	1842	3832	1848
FPT	535.0	3421.0	22	1
726	3488	457	3442	602	3179	358	3575
HUT	2118.0	1923.0	251	1
2114	2014	2101	1899	2216	1801	2041	1981
DXV	3029.0	1928.0	252	1
2883	1828	3046	1863	2864	2067	3325	1957
LWE	3466.0	953.0	197	1
3113	953	3650	962	3649	1147	3454	751
LFQ	3525.0	967.0	220	1
3669	827	3591	1178	3499	1035	3341	829
FYX	2543.0	2226.0	13	1
2716	2235	2733	2160	2370	2319	2355	2193
MHZ	977.0	1576.0	207	1
828	1515	975	1667	1132	1471	974	1652
KIV	597.0	2325.0	28	1
861	2419	666	2170	448	2527	414	2186
GGL	2236.0	1268.0	21	1
2356	1093	2336	1465	2192	1264	2060	1251
CVZ	2292.0	3499.0	211	1
2216	3397	2471	3771	2186	3440	2298	3388
WXI	726.0	2876.0	258	1
611	2869	986	2545	713	3078	595	3012
FKJ	4108.0	3677.0	41	1
4346	3736	4038	3561	4182	3681	3867	3733
EPG	1127.0	2616.0	223	1
1115	2404	1096	2968	932	2425	1367	2668
SNU	4357.0	2567.0	83	1
4526	2315	4271	2839	4384	2355	4250	2760
UWB	2157.0	1597.0	50	1
2307	1375	2192	1649	1860	1668	2270	1696
VHR	3954.0	3847.0	214	1
3736	4018	4000	3706	4198	3728	3885	3936
IJX	2016.0	875.0	31	1
2025	1002	2150	682	2178	938	1714	881
BOZ	2925.0	1610.0	114	1
3080	1530	2996	1728	2946	1764	2681	1420
IUG	2458.0	1685.0	66	1
2193	1560	2722	1914	2540	1859	2380	1407
URC	2019.0	1297.0	7	1
1837	1232	1931	1329	2110	1491	2200	1136
HPX	4068.0	3622.0	199	1
4096	3477	4127	3679	4124	3512	3928	3823
WOD	1875.0	3658.0	24	1
2009	3581	2025	3750	1650	3715	1818	3588
FQH	2329.0	686.0	119	1
2306	525	2177	868	2328	831	2506	523
VLT	1420.0	3753.0	50	1
1535	3988	1348	3812	1457	3546	1343	3667
ZHC	2597.0	694.0	156	1
2313	873	2850	427	2475	583	2753	896
XAA	2635.0	3468.0	199	1
2739	3533	2575	3486	2603	3248	2626	3608
LPR	1124.0	2488.0	114	1
1304	2758	1217	2214	1021	2640	956	2343
JVV	4073.0	4298.0	152	1
3957	3973	4433	4312	3980	4390	3922	4519
XEI	2026.0	1720.0	244	1
1964	1554	1931	1540	2070	1731	2140	2057
FNJ	3768.0	4155.0	29	1
3804	4430	3670	4055	3556	3993	4042	4142
RMU	1748.0	2872.0	34	1
1790	2835	1705	2941	1863	2982	1637	2730
RNS	3090.0	3521.0	243	1
3092	3516	3141	3840	2990	3402	3137	3326
FHL	3048.0	2653.0	2	1
2743	2402	3114	2939	3300	2408	3037	2865
RGX	2572.0	817.0	170	1
2627	802	2454	848	2365	870	2842	749
LQW	3674.0	4081.0	82	1
3697	3896	3842	4093	3479	4070	3679	4268
LIP	4373.0	577.0	175	1
4082	706	4484	263	4303	654	4624	688
NLK	4030.0	2816.0	267	1
3940	2599	4087	2642	3961	2982	4132	3042
XSK	650.0	1622.0	76	1
396	1690	678	1764	757	1579	771	1455
GNC	1698.0	3519.0	119	1
1998	3653	1568	3793	1496	3266	1731	3366
SZE	4081.0	3032.0	90	1
3843	3078	4209	3158	4335	2914	3939	2978
GGP	898.0	1164.0	100	1
703	1063	1244	1019	904	1334	743	1243
EGW	1971.0	652.0	195	1
2009	711	2036	559	1842	772	1997	567
UXJ	1445.0	1261.0	156	1
1309	906	1515	1416	1427	1473	1530	1252
