YSW	4432.0	451.0	203	1
4507	601	4566	709	4524	165	4134	329
CNJ	738.0	1117.0	313	1
780	1173	765	1141	681	930	727	1225
UXI	2628.0	3116.0	483	1
2731	3169	2490	3194	2654	3162	2639	2941
YCY	1779.0	1228.0	269	1
1932	1141	1974	1442	1592	1204	1620	1125
WNA	690.0	4437.0	498	1
677	4662	524	4228	605	4390	956	4469
BGM	3735.0	1910.0	429	1
3775	1937	3812	1860	3721	1816	3635	2028
SGV	3275.0	3969.0	451	1
3232	4035	3187	3719	3222	4146	3460	3977
NBL	3763.0	3100.0	438	1
3602	2961	3803	3035	3961	3049	3687	3357
CMD	1040.0	554.0	247	1
1071	840	893	385	901	357	1295	636
JFO	2437.0	3715.0	450	1
2586	3684	2213	3643	2592	3513	2359	4020
CFM	626.0	3034.0	295	1
784	3048	724	2973	423	3037	573	3078
WEH	2598.0	2842.0	448	1
2616	2681	2669	2749	2365	3093	2745	2848
CDH	521.0	1219.0	240	1
583	1274	498	1422	462	1024	542	1157
XFH	1894.0	3961.0	424	1
1754	3829	1774	3979	2137	4172	1912	3865
MEN	2569.0	2459.0	344	1
2607	2355	2582	2731	2474	2416	2616	2337
CRW	3250.0	3860.0	469	1
3183	3651	3461	3964	3177	3727	3181	4101
JHU	2454.0	1077.0	371	1
2514	866	2546	1156	2346	975	2411	1313
GRY	4260.0	1719.0	289	1
4153	1614	4232	1691	4237	1641	4419	1931
YIX	1166.0	3412.0	363	1
1263	3224	1049	3626	1151	3543	1202	3256
CLO	1593.0	3365.0	245	1
1445	3120	1658	3544	1570	3501	1699	3298
AIS	1405.0	642.0	205	1
1407	590	1611	706	1133	632	1469	640
NRO	1005.0	4338.0	466	1
1157	4487	939	4243	860	4403	1067	4219
EBT	1502.0	2804.0	413	1
1584	2986	1359	3022	1574	2703	1491	2508
AVI	2635.0	411.0	274	1
2310	251	2744	655	2700	380	2788	358
ZLV	3135.0	2793.0	419	1
3169	2909	3068	2555	3093	2871	3211	2838
BBS	2698.0	2998.0	308	1
2790	2766	2883	2873	2571	3253	2548	3101
EDY	4231.0	1668.0	325	1
4495	1511	3955	1527	4350	1596	4126	2038
YHX	906.0	3853.0	210	1
995	3817	757	4206	1012	3693	862	3699
WEL	3713.0	637.0	454	1
3611	758	3767	447	3688	884	3786	460
HJZ	1024.0	1176.0	252	1
823	1226	970	1297	1250	1095	1055	1086
JLN	4335.0	1424.0	467	1
4475	1301	4373	1392	4487	1325	4006	1680
FNG	2564.0	661.0	328	1
2506	635	2534	916	2810	494	2408	601
OEO	2159.0	580.0	211	1
1906	804	2401	586	2189	403	2143	528
NVQ	1174.0	4005.0	429	1
1198	4217	1246	4217	1155	3724	1099	3865
JCW	1385.0	1889.0	233	1
1334	1664	1256	2054	1455	1856	1496	1982
TRQ	3818.0	307.0	417	1
3933	551	3625	139	3674	314	4042	227
WYA	4216.0	3629.0	492	1
4133	3685	4080	3358	4258	3638	4393	3837
GBC	974.0	1409.0	474	1
939	1552	876	1557	1144	1515	939	1013
JSW	675.0	1964.0	222	1
459	1822	612	2206	728	1881	904	1948
KGD	2373.0	3790.0	355	1
2492	3692	2502	3589	2204	3983	2294	3897
QOV	2319.0	327.0	253	1
1979	301	2482	447	2409	226	2409	337
FFZ	2229.0	3402.0	288	1
2035	3360	2510	3286	2109	3407	2262	3558
CUT	821.0	1000.0	468	1
526	1039	984	849	1050	868	725	1245
POZ	2736.0	2050.0	498	1
2573	1828	2815	2264	2907	1923	2650	2186
BFP	3823.0	2159.0	366	1
3992	2078	3844	2086	3535	2197	3923	2275
NUY	2550.0	4199.0	365	1
2625	4367	2703	4210	2646	4068	2228	4151
XVF	1347.0	1160.0	404	1
1179	1358	1199	1204	1646	955	1367	1124
EML	3968.0	2651.0	374	1
4002	2815	3734	2492	4214	2559	3925	2740
BJP	2546.0	3316.0	434	1
2442	3393	2632	3289	2541	3237	2572	3345
CWX	2299.0	1487.0	367	1
2247	1559	2153	1516	2535	1312	2264	1564
