MVR	3581.0	886.0	104	1
3640	987	3544	958	3439	877	3704	724
OLO	2783.0	2668.0	82	1
2673	2592	2940	2596	2879	2607	2643	2877
APE	3293.0	1982.0	156	1
2977	1854	3512	1873	3236	2231	3448	1972
ZIC	2569.0	2742.0	85	1
2608	2868	2830	2432	2474	2683	2365	2986
HRM	1645.0	2866.0	163	1
1731	2887	1416	2774	1895	2828	1541	2977
GOA	1958.0	1407.0	183	1
1988	1558	1931	1348	1976	1247	1938	1477
MNW	3988.0	944.0	39	1
4237	1122	4076	648	3831	1154	3810	852
MDD	4214.0	3721.0	106	1
4206	3833	4325	3577	4111	3967	4216	3507
AEX	1308.0	2890.0	161	1
1297	2864	1270	2871	1367	2940	1298	2885
GVU	2238.0	2853.0	100	1
2017	2965	2378	2783	2147	2854	2412	2810
ZYB	1497.0	3560.0	234	1
1426	3570	1382	3500	1837	3449	1343	3721
XVY	4068.0	1211.0	269	1
4149	1502	3904	1208	4143	1115	4076	1022
YKY	1574.0	1654.0	44	1
1573	1814	1478	1625	1563	1631	1684	1546
MNY	3183.0	3892.0	253	1
3395	3797	3118	4068	3037	3946	3183	3757
URT	3478.0	4195.0	50	1
3354	4291	3487	3971	3341	4242	3730	4279
ZWY	3297.0	1720.0	45	1
3069	1775	3583	1598	3372	1691	3166	1816
ICU	865.0	3442.0	166	1
584	3633	1044	3275	878	3342	956	3520
JYA	2605.0	4118.0	288	1
2415	4160	2821	4214	2486	3851	2699	4249
GFR	2142.0	4096.0	29	1
2005	4217	2297	4024	2314	4191	1952	3954
WSQ	2489.0	2292.0	254	1
2502	2224	2474	2265	2552	2481	2430	2201
EZA	3589.0	923.0	19	1
3519	921	3644	977	3720	913	3473	884
AYZ	1644.0	2939.0	180	1
1527	2960	1977	2964	1630	3072	1443	2763
GFA	2397.0	4141.0	210	1
2427	3957	2553	4029	2343	4133	2265	4445
CNI	2690.0	1183.0	156	1
2881	1372	2597	1308	2599	888	2685	1164
PFO	3541.0	2983.0	280	1
3505	3008	3602	2901	3671	3230	3389	2793
ZUI	2580.0	3146.0	93	1
2392	3199	2607	2900	2584	3190	2740	3298
KTY	2374.0	3428.0	130	1
2592	3395	2028	3550	2469	3250	2407	3519
BYI	3680.0	3353.0	7	1
3635	3146	3981	3128	3628	3575	3477	3563
ZCZ	2385.0	731.0	74	1
2411	833	2156	657	2474	619	2500	818
OIO	2872.0	485.0	7	1
2609	516	3016	365	3036	268	2830	794
EQJ	1596.0	3090.0	246	1
1517	2934	1538	3248	1841	3220	1491	2958
BON	2577.0	854.0	136	1
2427	1103	2717	772	2824	876	2342	668
LBJ	2092.0	893.0	276	1
2143	860	2095	1015	2182	842	1949	855
RUO	1661.0	4001.0	64	1
1474	3859	1564	4286	1680	3949	1926	3913
MIT	3209.0	4225.0	127	1
2963	4467	3244	4179	3285	4211	3345	4043
WPE	3946.0	2517.0	261	1
4043	2908	3741	2370	3959	2446	4042	2345
WHM	2955.0	1933.0	134	1
2957	1998	2980	1973	2979	2145	2907	1618
DAE	2531.0	2622.0	74	1
2519	2838	2527	2680	2565	2577	2513	2396
VYQ	4091.0	2294.0	131	1
4129	2190	4200	2258	3851	2323	4184	2406
WLS	3881.0	3638.0	137	1
3703	3731	3991	3728	3671	3376	4159	3719
NQC	2036.0	2350.0	32	1
2041	2339	1964	2279	2027	2596	2112	2189
EMJ	2870.0	2698.0	44	1
2757	2695	3102	2850	2801	2606	2822	2643
DFK	1742.0	4011.0	266	1
2025	4299	1668	3932	1640	3844	1637	3971
AEG	846.0	2264.0	156	1
656	2137	648	2413	981	2160	1100	2349
FOC	1076.0	686.0	298	1
951	771	1288	667	980	564	1087	745
UGF	3995.0	1680.0	17	1
4177	1540	3956	1638	4051	1776	3798	1767
BML	3341.0	3000.0	85	1
3203	3291	3701	2863	3270	2862	3191	2986
AUS	3872.0	4188.0	192	1
3962	4352	3679	4200	4026	4025	3823	4177
SIL	3485.0	2340.0	131	1
3547	2445	3412	2405	3506	2107	3477	2405
GMV	1487.0	915.0	241	1
1410	1017	1661	995	1349	583	1529	1065
