NNU	2225.0	3063.0	133	1
1997	3313	2361	2743	2196	3053	2346	3144
EYD	1781.0	1604.0	167	1
1750	1630	1770	1489	1856	1541	1749	1756
KED	4177.0	2229.0	242	1
4095	2058	4417	2306	4235	2337	3962	2217
FYQ	2486.0	3565.0	9	1
2669	3811	2432	3651	2314	3533	2529	3267
FNC	3118.0	1658.0	48	1
3105	1773	3125	1699	2946	1544	3299	1616
CHX	3614.0	2988.0	232	1
3688	3151	3784	2724	3634	2926	3352	3151
WXF	1979.0	2331.0	280	1
1871	2299	1853	2390	2225	2396	1967	2239
LFP	2200.0	3964.0	45	1
2045	3882	2478	3831	2010	4000	2267	4145
YQA	2836.0	1088.0	120	1
2811	892	3048	931	2609	1385	2877	1145
FKY	2988.0	3194.0	31	1
2821	3284	3260	3026	2990	3008	2884	3458
DVZ	3090.0	4194.0	35	1
3259	4439	3119	4078	2901	4318	3083	3944
ITE	3813.0	952.0	257	1
3554	1098	3997	1217	3936	720	3767	776
HPY	2015.0	4325.0	222	1
1985	4305	1984	4085	1984	4441	2110	4471
YZJ	4097.0	1705.0	206	1
3754	1750	4312	1734	4220	1699	4103	1638
KCO	3302.0	1158.0	212	1
3393	981	3381	994	3065	1434	3370	1225
RSW	4194.0	1985.0	197	1
4319	2163	4292	1688	3940	2078	4225	2011
VTX	3672.0	2904.0	260	1
3817	2872	3574	2772	3870	3158	3430	2815
DWB	2852.0	416.0	118	1
2942	704	2601	475	2980	204	2888	283
TZY	1577.0	2859.0	148	1
1695	2988	1433	2874	1417	2997	1764	2578
CTI	3826.0	3623.0	25	1
3921	3766	3950	3446	3835	3632	3600	3649
BQV	1653.0	439.0	68	1
1546	526	1605	144	2004	587	1459	501
GDH	2227.0	1681.0	77	1
2043	1532	2214	1521	2411	1774	2240	1897
CLC	934.0	1128.0	298	1
949	922	973	1212	914	1167	900	1213
NMR	2248.0	4121.0	279	1
2285	4315	2219	4228	2019	3950	2469	3992
NYI	787.0	1990.0	118	1
982	1955	758	1932	794	1874	616	2199
ZEI	2098.0	837.0	255	1
2125	746	1959	840	1994	879	2316	883
GZX	3149.0	4280.0	108	1
3183	4163	3005	4320	3418	4261	2993	4379
VQP	1363.0	2786.0	63	1
1242	2493	1390	2914	1417	3018	1404	2720
PJX	2985.0	993.0	218	1
2869	1296	2899	822	3131	1069	3044	788
HZT	3306.0	2556.0	248	1
3326	2443	3211	2744	3256	2647	3432	2392
RSW	2767.0	1751.0	33	1
2654	1734	3051	1607	2799	1875	2564	1790
AXM	2017.0	3909.0	9	1
1901	3995	2059	3693	2043	4146	2066	3803
RCO	1446.0	1573.0	293	1
1241	1488	1635	1713	1704	1723	1205	1368
YWG	1289.0	2411.0	73	1
1288	2346	1149	2426	1375	2524	1344	2350
YCT	3418.0	981.0	214	1
3371	693	3201	926	3538	1058	3563	1248
YGS	490.0	2594.0	52	1
569	2576	387	2668	312	2501	693	2631
SLZ	2230.0	3542.0	41	1
2497	3706	2119	3462	2208	3501	2098	3499
LXT	1596.0	3209.0	141	1
1732	3246	1399	3114	1492	3193	1761	3283
EEN	3702.0	3278.0	213	1
3704	3112	3803	3403	3663	3506	3638	3091
POK	1591.0	4139.0	38	1
1663	4170	1571	4233	1660	4054	1473	4101
URH	4339.0	1065.0	7	1
4499	922	4169	1418	4254	1039	4436	881
CXZ	1078.0	3276.0	139	1
887	3256	1045	3366	1134	3135	1248	3349
UZV	4061.0	4240.0	2	1
4291	4056	3862	4174	3893	4229	4198	4501
POG	1913.0	1451.0	148	1
1859	1695	2007	1382	1844	1400	1945	1327
DBN	1861.0	4135.0	211	1
1880	4049	2099	4272	1679	4010	1789	4210
FEE	1113.0	781.0	249	1
1279	564	1083	806	824	979	1268	777
TAO	922.0	2946.0	198	1
1014	3045	656	3010	1083	2747	936	2983
TIS	2759.0	1484.0	84	1
2855	1513	2854	1437	2544	1663	2783	1325
VAR	3501.0	1796.0	57	1
3401	1902	3418	1829	3419	1766	3766	1687
WBJ	3648.0	3241.0	219	1
3758	3329	3744	3297	3556	3284	3534	3056
