MDH	2036.0	3927.0	98	1
1745	3928	1890	4079	2204	3818	2308	3883
EEO	1509.0	1697.0	76	1
1295	1708	1459	1550	1633	1857	1652	1675
UST	3721.0	3257.0	125	1
3916	3591	3801	3069	3749	3295	3420	3075
BZH	2553.0	3704.0	106	1
2328	3823	2730	3534	2626	3734	2529	3725
XQO	3027.0	4080.0	127	1
3019	4072	2946	4112	3159	4099	2985	4038
ION	4091.0	1520.0	4	1
4179	1454	4216	1513	4091	1431	3878	1685
ZTG	4069.0	3454.0	73	1
3861	3247	4171	3720	4238	3326	4007	3523
AXO	1451.0	4404.0	277	1
1440	4317	1485	4622	1322	4134	1558	4543
BVL	2345.0	3528.0	299	1
2330	3735	2438	3483	2086	3629	2526	3268
NQF	3737.0	2372.0	143	1
3513	2566	3678	2133	3783	2377	3974	2414
KCK	2159.0	3354.0	234	1
1971	3455	2083	3376	2372	3183	2212	3404
DAJ	1614.0	2346.0	298	1
1807	2543	1669	2205	1472	2214	1508	2424
BGB	1940.0	3702.0	291	1
2233	3812	1795	3832	1790	3582	1942	3584
YYM	1161.0	517.0	188	1
1105	680	1318	356	1327	699	897	333
SOX	1860.0	905.0	15	1
1776	942	1790	917	1997	975	1879	788
YXI	383.0	2219.0	215	1
295	2292	247	2310	377	2116	613	2161
FEI	2660.0	3289.0	53	1
2222	3316	2798	3323	2812	3478	2811	3039
ELH	4314.0	3315.0	274	1
4614	3170	4037	3489	4241	3330	4366	3271
FAN	1336.0	478.0	99	1
1109	497	1447	490	1548	250	1242	676
MBM	2847.0	3541.0	168	1
2896	3706	2739	3621	2979	3406	2776	3433
WVL	4006.0	1493.0	168	1
4241	1642	4021	1589	4014	1425	3751	1317
HTY	3240.0	837.0	261	1
3306	489	3392	1039	3031	1013	3232	807
GUB	4386.0	819.0	287	1
4564	954	4524	939	4244	516	4213	868
ZHB	651.0	3901.0	27	1
735	3702	425	3806	849	4115	597	3983
CTE	3842.0	2652.0	130	1
4019	2559	3774	2857	3730	2530	3845	2665
SJO	2669.0	2874.0	80	1
2665	2897	2739	2778	2814	2927	2458	2897
UMV	1876.0	4103.0	26	1
1843	4242	1879	4064	1723	4098	2061	4010
ODK	3458.0	3697.0	143	1
3427	3754	3394	3596	3486	3518	3525	3922
FZM	1682.0	1376.0	133	1
1725	1198	1714	1257	1923	1611	1369	1440
PRC	2365.0	4164.0	102	1
2408	4166	2473	4264	2203	4082	2378	4147
XJR	3151.0	1183.0	92	1
3332	1272	3214	1079	3174	1083	2887	1301
BCG	1334.0	3948.0	203	1
1589	3901	1445	3939	1179	3851	1126	4101
SDC	2649.0	2598.0	10	1
2746	2387	2924	2771	2404	2425	2524	2812
HCK	786.0	4328.0	245	1
736	4279	1098	4395	577	4498	733	4141
XLN	3303.0	2858.0	130	1
3252	2798	3367	3041	3376	2927	3217	2666
FPE	622.0	3923.0	94	1
358	4093	789	4062	826	3835	515	3705
NIP	2918.0	4003.0	279	1
2983	4229	2920	3968	2923	3880	2849	3936
WFW	3116.0	2190.0	162	1
3100	2103	3122	2305	3299	2427	2945	1926
QLN	692.0	2053.0	28	1
639	1804	936	2005	657	2217	539	2186
XOK	1290.0	2706.0	137	1
1195	2802	1438	2783	1151	2728	1376	2511
HHZ	3701.0	2154.0	128	1
3928	2039	3786	2259	3450	2157	3641	2162
ECM	1824.0	1854.0	68	1
1866	1732	1786	1907	1922	1932	1722	1848
ZLI	1927.0	2337.0	56	1
1958	2468	2027	2204	2073	2395	1651	2282
BJU	3319.0	2072.0	56	1
3309	2173	3553	2243	3138	1960	3277	1913
DSO	537.0	4244.0	25	1
812	4104	356	4319	601	4319	381	4234
EDZ	3832.0	2326.0	162	1
3857	2397	3863	2398	3979	2244	3629	2268
NWZ	1295.0	2004.0	206	1
1075	1770	1553	2156	1321	1985	1233	2108
RLJ	2752.0	1323.0	160	1
2847	1303	2512	1019	2947	1546	2704	1426
JQV	2696.0	3044.0	200	1
2865	2965	2442	2896	2767	3243	2711	3072
KKH	2141.0	2803.0	283	1
2274	2939	2160	2780	1851	2549	2282	2945
