IGU	775.0	2611.0	185	1
822	2726	833	2334	798	2563	648	2823
JQU	939.0	1701.0	38	1
1000	1529	949	2003	661	1553	1147	1719
HOQ	3937.0	2742.0	82	1
3753	2672	4194	2691	3939	2854	3862	2751
BAO	1182.0	3372.0	71	1
962	3558	1364	3252	1060	3384	1342	3294
XSN	2570.0	1238.0	137	1
2735	1443	2388	1185	2389	1043	2769	1283
YAJ	4330.0	2325.0	261	1
4368	2419	4193	2197	4467	2554	4295	2131
NAE	3641.0	1903.0	148	1
3384	1801	3589	2044	3758	2101	3833	1669
KZU	3448.0	2838.0	262	1
3681	2714	3445	3067	3526	2740	3143	2832
VTC	3843.0	3830.0	227	1
4025	3819	3723	3737	3762	3799	3865	3968
ECQ	1621.0	4303.0	168	1
1398	4217	1537	4252	1859	4620	1693	4125
UGP	1572.0	3382.0	258	1
1510	3293	1724	3358	1690	3496	1366	3381
UCU	3540.0	3163.0	8	1
3399	3225	3836	3182	3527	3084	3401	3161
OZS	3418.0	1436.0	92	1
3492	1527	3488	1210	3564	1549	3130	1460
PWB	4222.0	1142.0	242	1
4599	1317	4122	899	4053	974	4114	1381
MGE	1452.0	2309.0	215	1
1082	2245	1602	2302	1539	2389	1588	2301
SXK	479.0	3612.0	164	1
651	3653	469	3551	621	3525	176	3719
YXP	4270.0	4177.0	109	1
4488	4266	4317	4142	4327	3909	3951	4391
ACM	1155.0	1640.0	59	1
1384	1705	1209	1282	1134	1838	895	1736
ORG	1106.0	3821.0	2	1
822	3862	1373	3735	819	3799	1410	3889
RZI	4016.0	2562.0	173	1
3884	2669	4150	2419	4000	2588	4032	2575
FZG	3800.0	2440.0	258	1
3757	2317	3775	2259	3840	2714	3831	2470
TIX	3157.0	1020.0	162	1
2946	1102	3336	991	2901	1194	3446	796
YOK	2673.0	362.0	187	1
2553	184	2776	606	2749	243	2617	415
DIT	1472.0	4191.0	184	1
1717	4133	1315	4188	1355	4129	1502	4317
MHC	2472.0	2895.0	95	1
2576	2747	2360	2706	2665	2915	2288	3215
ZJM	1388.0	4103.0	124	1
1155	3920	1465	4281	1537	4198	1396	4014
XSH	2238.0	1923.0	263	1
2467	1972	2132	1815	2020	1786	2335	2119
OMO	2344.0	836.0	146	1
2320	1132	2409	793	2244	701	2405	719
ZIX	1344.0	3641.0	14	1
1471	3553	1503	3618	1267	3876	1136	3517
UXT	1823.0	2105.0	52	1
1803	2156	1973	2111	1640	2124	1879	2032
OXV	754.0	2493.0	296	1
719	2400	735	2596	780	2675	783	2303
BZX	1639.0	4436.0	234	1
1617	4188	1799	4533	1452	4509	1690	4517
LBV	2189.0	1731.0	49	1
2417	1537	2131	1680	1879	1737	2331	1972
WWH	3600.0	1115.0	113	1
3772	907	3342	1323	3539	983	3748	1249
PHT	3310.0	3219.0	72	1
3474	3259	3145	3256	3311	3093	3312	3271
EVE	1287.0	2259.0	86	1
1349	2198	1157	2398	1271	2098	1372	2342
RBA	1888.0	2764.0	185	1
1890	2482	2015	3036	1731	2693	1916	2845
YKI	3881.0	2878.0	63	1
4014	2946	3702	2601	3942	2890	3869	3076
NXF	3380.0	1428.0	37	1
3294	1533	3607	1253	3360	1534	3261	1394
NAK	2899.0	1612.0	153	1
3021	1575	2755	1683	2882	1805	2939	1388
MRK	1967.0	2417.0	146	1
1860	2431	2201	2361	1977	2613	1833	2265
AIJ	1106.0	4018.0	261	1
1322	4080	993	4051	1185	3984	927	3960
UQB	1149.0	3703.0	150	1
1158	3660	1331	3856	1211	3694	896	3603
RGQ	3767.0	2072.0	246	1
3742	2248	3803	1788	3835	2254	3688	1998
WGR	2352.0	2595.0	122	1
2373	2498	2402	2602	2235	2639	2400	2643
JKZ	2764.0	4329.0	22	1
2792	4469	2826	4416	2475	4341	2964	4090
ZQI	3797.0	2592.0	214	1
3681	2485	3797	2558	3778	2647	3934	2681
ABO	4013.0	2486.0	266	1
4100	2212	4004	2385	4083	2603	3867	2747
XRO	2624.0	2871.0	68	1
2581	3231	2786	2743	2523	2744	2607	2769
LFI	788.0	2526.0	221	1
898	2800	693	2634	678	2315	884	2355
