HYD	1779.0	3417.0	260	1
1522	3476	1931	3319	1757	3425	1909	3449
GOD	702.0	3928.0	357	1
590	3892	693	3781	797	4131	730	3910
UOP	3345.0	2863.0	483	1
3190	2690	3399	2930	3577	2916	3214	2916
NOL	2635.0	1621.0	285	1
2836	1753	2465	1385	2685	1526	2556	1821
WVL	532.0	421.0	459	1
236	365	523	336	653	621	717	364
OKP	2023.0	622.0	256	1
2107	629	1975	580	2004	693	2009	589
SVZ	2095.0	3883.0	271	1
2343	3707	1994	3781	2071	4037	1974	4007
QOY	3160.0	776.0	325	1
3032	698	3272	658	3108	906	3228	843
QIO	2940.0	639.0	445	1
2828	570	2931	893	2846	440	3156	654
MGL	2919.0	4457.0	208	1
2879	4288	2843	4457	2947	4490	3010	4594
VDF	1130.0	4000.0	479	1
1290	3728	1055	4230	937	3944	1241	4101
LLI	1413.0	3657.0	276	1
1296	3923	1260	3556	1516	3642	1581	3507
WRN	2300.0	614.0	370	1
2204	340	2189	489	2409	776	2400	853
LOT	2791.0	3558.0	263	1
2931	3607	2709	3721	2569	3598	2955	3308
CIK	4062.0	1590.0	348	1
4077	1357	4003	1828	4104	1683	4067	1494
PJF	1843.0	1672.0	407	1
1774	1692	1776	1579	1859	1471	1963	1949
JXB	1246.0	783.0	223	1
1256	958	1337	979	1143	634	1249	562
LGB	1905.0	1484.0	403	1
2023	1650	1591	1296	1919	1476	2088	1516
RHX	2079.0	3942.0	214	1
2120	3836	2043	4072	2094	3961	2060	3901
LFJ	2518.0	4218.0	213	1
2711	4119	2371	4366	2241	4177	2751	4210
QPN	2514.0	3065.0	370	1
2339	3006	2557	3176	2585	3308	2576	2771
MJY	2334.0	3529.0	442	1
2180	3566	2220	3410	2231	3413	2706	3730
SIK	4421.0	4313.0	423	1
4253	4526	4540	4586	4283	4074	4608	4068
QTS	3539.0	4365.0	245	1
3460	4325	3570	4486	3456	4101	3672	4550
CLI	1209.0	1373.0	391	1
821	1355	1305	1207	1346	1546	1366	1387
AIR	1314.0	1264.0	330	1
1550	1302	1279	1461	1266	974	1164	1319
ZIC	1029.0	552.0	446	1
955	286	1035	784	954	697	1175	443
RJV	1802.0	1110.0	458	1
1938	1085	1863	1129	1509	1289	1898	937
CYR	488.0	3282.0	397	1
213	3540	489	3203	561	3105	690	3280
BXN	1940.0	4226.0	391	1
2211	4193	1846	4180	1943	4169	1763	4362
CGT	689.0	3175.0	202	1
617	3087	1022	3420	473	3157	644	3037
IAY	1234.0	998.0	290	1
1394	1108	1194	919	1202	741	1149	1226
LXT	3059.0	2824.0	363	1
3048	2804	2898	2901	3049	2785	3243	2809
YAS	2341.0	1305.0	358	1
2062	1312	2434	1156	2312	1290	2559	1465
UDX	1344.0	2873.0	400	1
1429	3051	1259	2641	1119	2718	1570	3085
SRK	761.0	3695.0	437	1
942	3690	564	3528	834	3643	707	3919
TRB	1385.0	792.0	262	1
1055	1007	1483	969	1525	746	1479	449
BNK	551.0	3480.0	417	1
521	3305	460	3483	615	3684	608	3451
RBU	3931.0	2194.0	413	1
4125	2106	3746	2364	3995	2230	3858	2077
RKY	3173.0	3750.0	299	1
3154	3726	3209	3483	3120	4067	3211	3726
CCN	1928.0	2269.0	414	1
2005	2562	2046	2375	1813	2118	1848	2022
OSS	3313.0	3719.0	212	1
3602	3597	3047	3816	3581	3751	3024	3714
FQX	1455.0	571.0	361	1
1344	412	1537	723	1488	826	1452	323
DSA	2009.0	1395.0	259	1
2054	1520	1823	1263	2128	1425	2033	1372
SHO	4067.0	4204.0	446	1
4007	4146	4050	4200	3983	4459	4230	4011
LCM	1209.0	3018.0	358	1
1149	2935	1334	3227	1005	2987	1349	2924
ZDF	4380.0	3802.0	365	1
4401	3582	4481	3823	4182	3714	4459	4089
SXA	2568.0	2473.0	254	1
2592	2599	2655	2614	2345	2136	2683	2544
DUI	2465.0	2205.0	487	1
2413	2148	2449	2130	2461	2348	2539	2196
UEH	1729.0	3999.0	433	1
1820	3922	1634	3764	1968	4296	1494	4017
