TCJ	3095.0	2461.0	290	1
3057	2289	2997	2528	2928	2653	3400	2374
IIR	1035.0	1878.0	405	1
1206	1659	776	1864	1102	2173	1058	1816
YUM	3114.0	947.0	497	1
3235	992	3085	1039	3290	619	2848	1139
TQC	827.0	2188.0	439	1
594	2147	933	2236	937	2386	846	1983
DWL	4235.0	670.0	366	1
4404	956	4334	477	4208	541	3996	707
KIX	1916.0	1186.0	266	1
1853	1129	1882	924	1774	1448	2156	1243
YTF	2647.0	2167.0	379	1
2853	2235	2434	2423	2628	1982	2673	2031
ENR	2593.0	1395.0	226	1
2654	1309	2541	1416	2601	1480	2576	1378
GPQ	749.0	4409.0	390	1
813	4405	903	4297	642	4341	640	4596
RYK	572.0	2437.0	450	1
843	2357	359	2684	795	2504	293	2204
DKV	982.0	2418.0	380	1
1080	2640	792	2126	850	2484	1209	2423
VNS	2336.0	4339.0	323	1
2304	4144	2049	4098	2491	4615	2500	4500
QDH	1961.0	733.0	214	1
1903	617	2003	577	2097	670	1843	1068
HNT	2298.0	2688.0	481	1
2392	2834	2315	2462	2165	2719	2322	2737
MFF	792.0	997.0	209	1
955	995	854	1065	792	919	567	1011
QYJ	1429.0	3510.0	440	1
1317	3596	1605	3408	1441	3427	1356	3612
XHG	1351.0	1814.0	342	1
1291	1939	1194	1625	1423	1989	1497	1704
IWK	4136.0	2605.0	375	1
4027	2778	4131	2501	4182	2857	4204	2286
MLW	3932.0	2721.0	486	1
3780	2799	3911	2919	4199	2623	3839	2544
CWB	2477.0	3243.0	451	1
2729	3246	2414	3418	2488	3044	2280	3265
PXM	1282.0	1978.0	422	1
1540	2043	1227	2098	1177	1794	1184	1980
IVG	3895.0	2229.0	318	1
3828	2397	4081	2071	3871	2141	3801	2309
IXY	3955.0	2095.0	491	1
4078	1824	4269	2068	3730	2241	3746	2249
IYN	3849.0	1240.0	214	1
3601	1123	3816	1035	4068	1439	3913	1365
SLS	350.0	819.0	495	1
504	563	170	884	544	987	183	842
OUE	381.0	3438.0	282	1
331	3460	425	3298	232	3326	536	3671
BFE	2999.0	2570.0	305	1
3209	2459	2880	2487	3010	2594	2900	2741
DPP	508.0	505.0	342	1
808	595	307	438	365	242	553	748
MXF	3877.0	3004.0	440	1
3951	3050	3724	2707	4056	3102	3777	3160
WKN	3543.0	1029.0	255	1
3776	1173	3628	931	3348	1229	3423	786
FFT	632.0	3821.0	437	1
448	3872	494	3711	837	3814	751	3890
XRT	3546.0	2770.0	364	1
3539	2888	3629	2524	3526	2859	3491	2812
WPQ	1392.0	1786.0	297	1
1529	1812	1307	1999	1316	1677	1417	1659
RFN	2999.0	3965.0	308	1
2963	4161	3062	3741	2989	4188	2982	3773
IUK	4423.0	1637.0	396	1
4348	1651	4413	1576	4325	1814	4609	1508
QSF	2870.0	2593.0	342	1
2849	2710	2613	2311	2954	2727	3064	2625
DBV	1967.0	4369.0	308	1
2026	4276	1994	4087	1702	4509	2148	4604
UOH	2785.0	3112.0	332	1
2792	2941	2843	3054	2560	3218	2948	3237
KFX	2833.0	3940.0	360	1
2668	4007	2752	3749	3120	3945	2793	4061
TNF	2949.0	785.0	270	1
3352	667	2776	713	2810	1012	2858	748
ABB	3088.0	1878.0	340	1
3231	1837	3168	1974	2879	1893	3075	1808
UYJ	1626.0	4281.0	209	1
1617	4029	1767	4361	1765	4209	1356	4525
KCO	806.0	1927.0	372	1
796	2128	517	1771	899	1688	1012	2124
OBR	2247.0	3646.0	294	1
2046	3629	2490	3729	2050	3603	2404	3626
NVW	4331.0	4060.0	411	1
4196	4213	4603	3748	4258	4219	4269	4063
MXF	3413.0	970.0	306	1
3695	1196	3379	985	3254	826	3324	875
YXG	3896.0	2565.0	323	1
4030	2798	4017	2700	3735	2471	3803	2292
NMZ	1282.0	1713.0	280	1
1160	1601	1171	1744	1548	1708	1252	1799
LAG	1304.0	1406.0	201	1
1235	1599	1520	1371	991	1390	1471	1266
EZW	1484.0	3264.0	486	1
1705	3131	1357	3367	1512	3485	1364	3073
