HPH	1566.0	2039.0	252	1
1497	1876	1510	2180	1607	2049	1651	2052
AGL	322.0	2756.0	483	1
371	2834	398	2614	301	3000	218	2576
TDA	4172.0	2715.0	350	1
4172	2808	4339	2468	3985	3003	4194	2583
WKW	4195.0	1649.0	235	1
4427	1717	4119	1664	3934	1512	4303	1706
FLX	2095.0	667.0	298	1
1962	752	2067	753	2124	580	2230	584
ZJT	3688.0	2813.0	339	1
3574	2889	3557	2773	3848	2897	3776	2695
TBZ	1783.0	4528.0	414	1
1844	4641	1668	4385	1628	4583	1993	4506
MIH	911.0	1799.0	242	1
615	1846	982	1903	992	1736	1056	1714
FUQ	1280.0	4264.0	432	1
1280	4346	1320	4167	1165	3995	1355	4549
FJU	2225.0	1979.0	450	1
2413	1928	2199	1908	2410	1932	1880	2150
AJN	3646.0	3783.0	357	1
3532	3656	3915	3845	3651	3945	3488	3686
ALK	2923.0	3064.0	458	1
2834	2893	2940	2993	2925	3338	2994	3034
ZAP	3422.0	2097.0	426	1
3275	2227	3553	1876	3601	2213	3260	2075
VRB	2903.0	438.0	246	1
2751	240	2958	722	2987	351	2916	439
NWW	470.0	3662.0	212	1
309	3790	516	3614	591	3526	466	3721
HNA	4408.0	2796.0	374	1
4456	2684	4576	2743	4327	2791	4275	2968
TCI	1927.0	1377.0	244	1
1684	1454	1885	1356	2215	1355	1926	1343
BDQ	2399.0	3368.0	201	1
2512	3384	2150	3466	2518	3223	2418	3402
TDG	1507.0	3499.0	450	1
1599	3383	1356	3235	1655	3672	1419	3707
GAA	2549.0	2052.0	496	1
2274	2148	2444	2079	2695	1923	2785	2058
UAQ	2014.0	2998.0	476	1
2028	2935	2071	3272	2011	2837	1949	2948
ZYO	1798.0	1122.0	359	1
1626	1320	1950	1341	1672	943	1947	887
MHH	3612.0	3991.0	286	1
3781	3696	3481	4096	3603	4146	3584	4028
DKL	3200.0	1160.0	337	1
3180	1080	3093	1225	3176	1053	3351	1284
DZM	3344.0	2061.0	357	1
3568	2133	3442	2107	3142	2079	3225	1927
NBG	2359.0	2245.0	219	1
2397	2213	2441	2338	2379	2019	2220	2410
SER	3422.0	1206.0	326	1
3302	1474	3698	1104	3182	1138	3508	1108
GSW	375.0	524.0	245	1
244	243	277	794	743	651	238	410
FJT	2336.0	2778.0	336	1
2272	2772	2330	2747	2489	2728	2256	2867
EIQ	2818.0	659.0	263	1
2830	798	2990	713	2530	545	2925	582
ZJD	792.0	568.0	296	1
939	438	886	719	548	505	796	611
GWM	2121.0	3105.0	460	1
1874	3142	2445	3039	2195	3193	1972	3047
UZZ	3498.0	3218.0	295	1
3183	3440	3510	2935	3703	3305	3596	3193
BDQ	763.0	4297.0	284	1
592	4282	634	4412	829	4026	1000	4468
GNF	2576.0	2338.0	310	1
2719	2601	2664	2118	2527	2107	2394	2526
AEM	2252.0	1289.0	260	1
2191	1649	2447	1251	1967	1150	2404	1108
BJU	1274.0	1650.0	265	1
1522	1798	1049	1482	1098	1635	1427	1686
ZJY	2192.0	3374.0	250	1
2112	3206	2073	3474	2218	3424	2366	3393
IWA	367.0	2229.0	308	1
234	2486	423	2324	587	1996	224	2110
PPY	3770.0	3614.0	490	1
4041	3652	3581	3589	3723	3781	3738	3435
IID	4330.0	809.0	449	1
4380	782	4168	840	4382	941	4390	674
AJT	1581.0	3160.0	463	1
1575	2970	1578	3367	1401	2950	1773	3356
MAB	3831.0	2797.0	335	1
3722	2669	3973	2653	3587	2692	4045	3174
XXZ	1403.0	950.0	369	1
1414	769	1623	1039	1193	1081	1382	911
JWF	3024.0	3526.0	400	1
2947	3714	2740	3279	3187	3380	3224	3732
TIO	3094.0	1991.0	257	1
2863	1750	3340	1942	3253	2114	2922	2161
GSR	3128.0	1900.0	240	1
3306	2115	2986	1975	3353	1939	2869	1573
IHA	1645.0	4066.0	298	1
1295	4000	1808	3874	1667	4346	1812	4047
TPT	470.0	653.0	242	1
304	605	413	545	684	632	481	832
PRU	1507.0	3220.0	216	1
1622	3212	1562	3336	1706	3200	1139	3133
