JWF	3441.0	2559.0	367	1
3465	2502	3549	2803	3313	2581	3438	2352
KBM	847.0	4318.0	408	1
1004	4271	735	4586	779	4275	873	4143
EHM	3297.0	576.0	357	1
3404	627	3441	521	3153	509	3193	649
IHJ	2704.0	3011.0	237	1
2712	2961	2677	2980	2804	3297	2624	2809
YWH	1411.0	2831.0	450	1
1258	2704	1306	2936	1503	2757	1579	2928
QMG	784.0	509.0	487	1
820	524	581	774	1120	306	618	434
PFG	4386.0	2525.0	423	1
4318	2577	4328	2175	4558	2684	4340	2665
AQM	939.0	2180.0	401	1
831	2086	1153	2361	630	2138	1144	2135
IPZ	4074.0	1734.0	237	1
4302	1578	4021	1967	3919	1633	4057	1759
HDY	3400.0	1584.0	218	1
3657	1415	3144	1800	3138	1838	3664	1283
SYF	1195.0	1214.0	252	1
1244	1363	938	1347	1369	992	1231	1155
SVP	2120.0	1511.0	449	1
2105	1730	1885	1565	2074	1578	2417	1173
UVX	2383.0	2203.0	229	1
2295	2109	2435	2280	2623	2014	2181	2411
AFU	3631.0	922.0	350	1
3745	1141	3793	1103	3507	634	3479	811
DJN	1791.0	4283.0	441	1
2037	4232	1740	4428	1811	4028	1576	4446
JDH	1950.0	1973.0	500	1
1896	1643	1772	2051	2012	2058	2120	2143
ICF	3044.0	3873.0	361	1
3187	3762	2747	3937	3078	3647	3167	4146
GIO	487.0	2685.0	479	1
693	2572	529	2764	501	2841	228	2565
LMT	1476.0	2741.0	471	1
1389	2776	1829	2914	1354	2558	1335	2716
HRH	2533.0	1568.0	334	1
2585	1450	2811	1492	2407	1632	2329	1698
ONK	1360.0	1912.0	344	1
1257	1764	1138	1924	1629	2072	1416	1889
FXD	3325.0	4104.0	444	1
3429	4066	3393	3943	3397	4089	3084	4320
GXE	4369.0	3341.0	335	1
4380	3369	4614	3307	4106	3252	4376	3437
VIR	3115.0	692.0	446	1
2915	463	3216	654	3094	914	3238	740
SUJ	3104.0	3248.0	208	1
3163	2999	2999	3494	3024	3127	3230	3372
GQK	1916.0	1584.0	478	1
2018	1840	1643	1576	2037	1426	1968	1497
NYN	1860.0	1660.0	443	1
1826	1714	1938	1468	1886	1819	1792	1641
VXF	2672.0	1021.0	441	1
2449	1126	2720	1206	2568	843	2953	910
EKQ	4328.0	828.0	495	1
4405	913	4657	732	4173	743	4079	926
PPB	2520.0	637.0	264	1
2388	546	2583	1028	2295	490	2815	486
QHF	656.0	3374.0	351	1
422	3460	734	3421	843	3064	626	3554
BGT	1298.0	766.0	324	1
1325	836	1412	808	1140	755	1315	668
TUQ	3861.0	2766.0	295	1
3960	2843	3826	2704	3782	2957	3876	2560
WFV	1845.0	1831.0	275	1
1974	1999	1967	1516	1814	1808	1626	2002
TRG	3457.0	1368.0	453	1
3375	1156	3358	1443	3517	1502	3578	1374
CEP	2311.0	1314.0	410	1
2168	1279	2095	1590	2419	1166	2562	1223
EHR	3626.0	2031.0	407	1
3700	1874	3576	2011	3545	2317	3684	1923
IGC	4282.0	3845.0	371	1
4380	3576	4309	3927	4122	4027	4320	3852
GTM	785.0	827.0	470	1
736	661	616	855	1101	813	688	982
WGO	4335.0	1265.0	456	1
4064	1416	4477	1162	4412	1098	4389	1386
GQC	1988.0	3841.0	390	1
2050	3839	1941	4083	1784	3645	2180	3799
AKN	825.0	1525.0	457	1
654	1247	968	1608	1072	1524	608	1722
VYK	4036.0	3743.0	392	1
4080	4058	4140	3610	3936	3624	3989	3682
VPA	1404.0	2542.0	203	1
1581	2411	1184	2437	1582	2818	1270	2505
NFD	3249.0	440.0	428	1
3216	686	3119	521	3486	297	3178	258
SUE	2138.0	2995.0	258	1
2102	3152	2333	3274	1985	2741	2133	2814
LLN	687.0	712.0	317	1
706	670	585	643	502	609	956	927
XIH	2303.0	1807.0	351	1
2380	1599	2431	2009	2053	1741	2351	1882
IOB	1937.0	998.0	301	1
2163	1218	2114	969	1658	907	1814	901
KGH	1648.0	1664.0	269	1
1780	1504	1495	1723	1648	1616	1670	1813
