IZS	3074.0	3229.0	52	1
3125	3040	3107	3277	3197	3257	2868	3345
BDI	2350.0	780.0	182	1
2277	773	2554	863	2168	844	2404	643
DGG	2369.0	975.0	132	1
2419	963	2450	894	2314	1121	2293	922
FKS	3936.0	3665.0	74	1
3832	3612	4004	3502	4080	3666	3828	3883
ROU	3838.0	2275.0	251	1
3885	2143	3668	2132	4090	2467	3711	2359
HXG	746.0	1555.0	121	1
586	1637	557	1585	1112	1494	731	1507
BAL	3853.0	1730.0	238	1
4049	1581	3623	1909	3663	1737	4077	1693
ETT	542.0	3093.0	244	1
607	3100	536	2855	528	3212	499	3206
IFH	1678.0	1927.0	300	1
1453	1808	1746	1885	1545	1938	1968	2080
SRW	1973.0	3235.0	76	1
2222	3094	2087	3421	1728	3330	1856	3095
ZTA	3341.0	2821.0	255	1
3591	2945	3554	2865	3133	2710	3087	2767
NYG	1835.0	1707.0	293	1
1902	1635	2011	1701	1704	1639	1726	1856
TGD	1701.0	2279.0	292	1
1764	2437	1827	2410	1451	2133	1762	2136
FKI	779.0	4199.0	121	1
629	4332	844	4044	989	4143	656	4278
LTA	3890.0	2542.0	197	1
3977	2547	3850	2326	4078	2629	3657	2668
ZPK	3186.0	1008.0	180	1
3170	910	3246	1067	3137	995	3192	1063
GRR	2299.0	1171.0	73	1
2409	895	2058	1189	2236	1297	2495	1303
XMA	1200.0	2056.0	47	1
1050	1920	1351	2114	1274	2212	1128	1981
JYT	1394.0	3510.0	74	1
1263	3353	1434	3461	1285	3561	1597	3665
PDK	3178.0	1754.0	36	1
2940	1646	3204	2005	3511	1574	3060	1791
VVN	3604.0	4393.0	243	1
3581	4334	3553	4290	3695	4510	3589	4441
VSH	4060.0	3190.0	24	1
4276	3220	4175	3198	3908	3020	3884	3325
DDW	4352.0	1456.0	62	1
4400	1669	4414	1526	4170	1502	4427	1128
DFL	3447.0	2194.0	245	1
3517	2164	3492	2295	3489	2178	3293	2139
PKQ	357.0	2305.0	161	1
324	2518	441	2107	467	2322	197	2275
EES	1097.0	2608.0	279	1
829	2587	968	2797	1320	2430	1272	2621
ONA	3940.0	2733.0	259	1
3791	2823	4170	2712	3948	2692	3851	2707
XTO	2142.0	3243.0	108	1
1953	3444	2357	3500	2376	3074	1884	2956
FUG	2898.0	1997.0	258	1
3164	2048	2804	1743	2933	2182	2692	2016
DAQ	978.0	1082.0	166	1
980	888	1032	1157	689	969	1212	1315
QQK	4326.0	2114.0	258	1
4065	1923	4457	2384	4425	1895	4357	2255
MIQ	3459.0	3027.0	50	1
3407	3102	3493	3036	3251	3212	3685	2761
NIN	3695.0	4368.0	203	1
3834	4011	3654	4523	3736	4416	3557	4522
WCX	512.0	3713.0	256	1
456	3892	449	3632	638	3938	506	3391
EDY	2089.0	3620.0	177	1
2366	3699	1899	3704	1943	3447	2148	3631
JYJ	2784.0	2584.0	6	1
2684	2756	2693	2766	2652	2304	3110	2513
CNI	2234.0	3523.0	148	1
2497	3841	2264	3678	2054	3256	2123	3320
JKJ	2186.0	3363.0	122	1
2128	3341	1996	3330	2274	3338	2346	3446
GFU	1703.0	622.0	78	1
1818	462	1472	562	1799	885	1725	582
TVL	538.0	1128.0	73	1
441	1081	339	925	548	1245	824	1264
KVC	1842.0	2510.0	113	1
2036	2811	1720	2236	1717	2735	1898	2259
FTE	2203.0	3834.0	205	1
2416	4003	2197	3738	2162	3712	2038	3883
DIM	296.0	2603.0	44	1
559	2719	217	2642	184	2448	225	2606
RGK	666.0	1234.0	81	1
752	1200	386	1137	700	1268	827	1332
ZAY	3660.0	4190.0	188	1
3482	4066	3979	4097	3423	4406	3759	4193
YZZ	489.0	3222.0	240	1
563	3176	596	3066	522	3164	277	3482
JVT	579.0	1954.0	262	1
433	2076	763	1906	443	1988	677	1848
ZGN	3290.0	1171.0	272	1
3438	1321	3064	1211	3620	992	3040	1163
RPX	1123.0	802.0	192	1
1157	729	1144	629	1358	931	836	921
LTN	1475.0	1456.0	249	1
1386	1676	1684	1321	1434	1461	1397	1369
