ZER	1603.0	2788.0	83	1
1821	2757	1784	2907	1250	2528	1560	2960
TMF	3234.0	3246.0	126	1
3340	3229	3307	3384	3038	3193	3253	3178
MUY	1867.0	2229.0	209	1
1634	2018	2044	2271	1727	2183	2066	2444
UWW	4317.0	2625.0	86	1
4138	2613	4589	2744	4155	2737	4389	2407
SHX	4348.0	2498.0	211	1
4170	2395	4449	2700	4344	2459	4430	2440
ESD	778.0	946.0	52	1
574	1028	930	878	629	914	982	964
RVY	2641.0	3657.0	250	1
2957	3607	2393	3551	2749	3793	2465	3680
XED	2107.0	1579.0	168	1
1771	1734	2250	1724	2345	1358	2064	1503
JIT	3981.0	2358.0	248	1
4119	2504	3896	2386	4146	2259	3764	2284
CDL	4375.0	871.0	213	1
4059	640	4557	992	4262	916	4624	939
WWL	750.0	3066.0	245	1
661	3079	841	3181	892	2775	609	3229
CQJ	3982.0	1075.0	51	1
4068	1194	3977	854	3948	987	3938	1268
REF	3357.0	2043.0	13	1
3402	2133	3213	2247	3384	1720	3430	2072
HAP	1325.0	1652.0	191	1
1433	1789	1176	1522	1343	1724	1348	1573
WBM	2384.0	1876.0	19	1
2179	1962	2696	1799	2437	2101	2225	1642
QAT	3293.0	4279.0	172	1
3410	4453	3249	4059	3155	4540	3359	4064
CYW	2919.0	829.0	75	1
3163	866	2605	869	3188	743	2720	838
KSR	3975.0	1908.0	119	1
3895	1997	3941	1659	4103	1976	3964	2001
QET	1228.0	3567.0	172	1
1261	3753	1228	3645	1293	3559	1133	3311
NKN	3902.0	3098.0	216	1
3905	3289	3853	2855	3969	3307	3884	2943
MCM	349.0	3247.0	142	1
149	3061	255	3446	304	3302	689	3179
HSY	2334.0	564.0	71	1
2412	776	2162	526	2425	363	2337	591
JZB	879.0	4344.0	79	1
870	4442	950	4608	653	4203	1044	4124
BWM	2937.0	3902.0	264	1
2980	4022	2819	3643	2945	3900	3005	4043
DIT	323.0	599.0	54	1
412	514	483	665	183	762	215	456
QUL	2058.0	1682.0	254	1
2061	1712	2276	1462	2166	1840	1729	1717
QFQ	1447.0	2315.0	141	1
1341	2421	1389	2273	1720	2312	1338	2256
FFG	3378.0	3847.0	145	1
3089	4158	3509	3774	3428	3768	3486	3688
OCB	3714.0	4180.0	148	1
3716	4113	3900	4074	3532	4230	3708	4305
EZW	4162.0	3527.0	210	1
4259	3473	4106	3482	4093	3643	4191	3513
JIR	4259.0	473.0	61	1
4369	374	4361	606	4125	313	4181	601
SXK	3844.0	1587.0	234	1
3970	1658	4008	1562	3852	1574	3549	1556
QRE	1801.0	2558.0	218	1
1786	2283	2008	2411	1613	2719	1798	2822
JBM	1920.0	4046.0	249	1
1868	4145	1896	3738	1870	4088	2046	4214
LBI	4034.0	2935.0	17	1
4032	2784	4177	3088	4186	2931	3741	2937
EQS	2105.0	1977.0	103	1
2174	2136	2326	2003	1919	1901	2003	1868
YGP	1786.0	4078.0	32	1
1637	4352	1664	3944	1954	4079	1890	3937
EQE	3372.0	2904.0	265	1
3412	2782	3365	2803	3470	2954	3244	3080
PSD	1671.0	3701.0	74	1
1756	3629	1897	3660	1617	3566	1417	3950
TOM	3820.0	3276.0	141	1
3670	3354	3649	3382	3976	3138	3986	3231
QOS	3341.0	1069.0	252	1
3254	960	3442	1082	3533	982	3135	1252
DJV	3258.0	3922.0	109	1
3290	3996	3376	3810	3083	4102	3284	3783
JCL	655.0	2778.0	202	1
623	2513	661	3009	689	2905	649	2688
AFK	1332.0	3140.0	97	1
1334	3211	1392	3096	1420	2968	1184	3285
YNS	3616.0	1488.0	34	1
3467	1589	3607	1452	3755	1368	3637	1546
GHY	3772.0	1363.0	238	1
3717	1460	3969	1424	3692	1547	3710	1024
EGZ	2687.0	1638.0	172	1
2685	1742	2893	1616	2606	1426	2566	1769
COA	775.0	3235.0	72	1
887	3324	712	3493	732	3086	770	3038
SSM	2507.0	3154.0	18	1
2623	3044	2314	3223	2428	3277	2664	3074
ULQ	1965.0	2420.0	41	1
1925	2197	2016	2476	1815	2518	2106	2490
