OGG	1176.0	2647.0	174	1
1343	2700	1007	2471	1292	2953	1065	2466
KED	3592.0	4335.0	214	1
3261	4505	3586	4236	3722	4413	3799	4187
OII	3009.0	1462.0	140	1
2825	1438	2786	1415	3196	1653	3229	1342
DAS	1233.0	277.0	104	1
1292	443	1291	186	1258	273	1093	209
BZY	2028.0	2208.0	208	1
2066	2322	1884	2379	2068	2201	2095	1931
PUU	3332.0	3168.0	58	1
3403	3299	3024	2994	3565	3106	3339	3274
GGJ	1722.0	2039.0	127	1
1882	2159	1523	2241	1656	2080	1827	1677
BYT	996.0	2048.0	99	1
729	2053	1160	2114	1085	1876	1012	2152
SHR	1042.0	2672.0	13	1
1249	2602	1058	2742	930	2802	933	2545
VKK	3014.0	2120.0	68	1
3017	2038	2878	2361	3233	2095	2928	1989
BSB	3819.0	1725.0	70	1
3685	1810	3895	1733	3938	1762	3758	1595
HPF	4037.0	1718.0	120	1
4018	1495	3745	1514	4300	1878	4087	1987
CJH	3401.0	2732.0	253	1
3345	2564	3313	2930	3270	2751	3679	2685
QTF	1562.0	4229.0	42	1
1500	4120	1664	4163	1430	4354	1654	4281
GRW	4178.0	3014.0	175	1
4269	2900	4245	3178	4141	3186	4058	2792
PYR	3702.0	881.0	266	1
3659	1016	3914	846	3526	981	3712	684
KHF	1044.0	2366.0	300	1
1145	2380	1102	2578	1132	2200	800	2306
HIQ	453.0	2016.0	32	1
528	2182	456	1963	262	1920	566	2001
TJL	2160.0	2601.0	109	1
2162	2729	2401	2860	2224	2404	1854	2414
RTN	650.0	2221.0	176	1
513	2529	830	2223	412	2035	846	2097
HEK	3226.0	651.0	253	1
3160	790	3300	576	3218	463	3226	775
ATR	3742.0	1548.0	62	1
3647	1287	3721	1657	3581	1583	4019	1666
DRK	2078.0	1550.0	243	1
2022	1704	2225	1413	2105	1479	1960	1607
GZF	4015.0	4113.0	125	1
3926	4119	4303	4153	4056	4012	3775	4171
XPT	2135.0	1320.0	277	1
2357	1297	2062	1263	2035	1165	2086	1556
BAB	1330.0	2769.0	22	1
1607	2815	1285	2992	1127	2541	1302	2731
GUX	2230.0	3181.0	224	1
2257	3007	2307	3082	2402	3442	1957	3193
UZC	3473.0	828.0	11	1
3252	916	3496	754	3514	927	3630	718
REJ	3478.0	761.0	75	1
3324	820	3615	832	3423	499	3550	893
KTU	2165.0	2613.0	290	1
2160	2618	2119	2538	2130	2889	2253	2408
NCF	368.0	1666.0	248	1
226	1946	529	1401	238	1402	481	1915
TZO	1326.0	3510.0	258	1
1192	3520	1254	3472	1376	3400	1482	3650
PWU	2995.0	2455.0	215	1
3134	2259	3201	2581	2688	2677	2959	2305
OAT	1179.0	1871.0	45	1
1133	1796	1142	2224	1095	1723	1349	1741
LBC	3843.0	4101.0	217	1
3664	4220	4003	4111	3627	3976	4079	4099
TOO	1206.0	3808.0	14	1
1047	3829	1171	3910	1131	4017	1475	3476
RQS	4002.0	3629.0	80	1
4182	3789	3941	3267	4023	3813	3862	3648
SAD	1830.0	868.0	125	1
2178	888	1754	1055	1679	611	1710	919
DIR	1797.0	2353.0	3	1
1711	2122	1960	2557	1661	2492	1858	2241
XIS	1551.0	2152.0	251	1
1362	2029	1717	2098	1696	2370	1430	2113
AAR	1785.0	1511.0	194	1
1566	1327	1916	1673	1583	1661	2078	1385
UBZ	2334.0	2420.0	27	1
2526	2581	2126	2337	2222	2194	2463	2568
XKZ	2602.0	1728.0	192	1
2476	1822	2866	1887	2779	1589	2288	1617
AVY	2638.0	1391.0	129	1
2518	1374	2423	1177	2833	1589	2780	1425
ZPC	4254.0	814.0	169	1
4244	888	4547	904	4066	483	4159	983
QXA	722.0	3565.0	119	1
829	3724	736	3510	457	3502	866	3526
THZ	2545.0	992.0	249	1
2689	818	2353	1212	2505	1088	2634	850
EZA	4002.0	3925.0	246	1
3946	3862	4066	3944	3958	3807	4040	4089
FIW	1348.0	3882.0	122	1
1405	3798	1234	3949	1510	3712	1246	4071
TTT	1247.0	941.0	65	1
1276	683	1389	902	974	1107	1351	1074
