BWL	4219.0	1097.0	399	1
4195	1003	4512	1076	3937	1136	4232	1175
MXQ	1615.0	1511.0	219	1
1522	1726	1464	1223	1797	1546	1677	1549
XNK	2279.0	2641.0	483	1
2452	2491	2558	2531	2023	2888	2084	2655
PIV	3241.0	2613.0	382	1
3263	2755	3256	2680	3014	2671	3433	2348
CQX	3572.0	1337.0	236	1
3565	1558	3473	1346	3514	1253	3739	1191
AMS	3531.0	1011.0	356	1
3745	1270	3374	1028	3353	877	3653	871
BIG	988.0	1878.0	490	1
680	2028	1089	1900	1139	1641	1045	1944
SBI	2000.0	2629.0	305	1
1972	2728	1728	2460	2081	2437	2219	2892
NNA	3289.0	1783.0	447	1
3176	1589	3452	1789	3139	1820	3391	1935
VPP	1038.0	2638.0	492	1
1369	2664	990	2461	940	2596	854	2832
JUD	3849.0	1064.0	350	1
3973	850	3946	1173	3998	937	3482	1296
QVA	3259.0	4007.0	313	1
3110	3889	2968	4144	3547	3953	3413	4045
GPJ	3104.0	4365.0	229	1
3061	4531	3008	4269	3038	4546	3310	4115
YVW	2107.0	4074.0	324	1
1922	3768	2246	4120	2375	4095	1888	4313
AVV	2060.0	3259.0	230	1
2175	3069	1881	3132	2013	3371	2174	3466
JJD	3390.0	4447.0	328	1
3613	4274	3134	4333	3176	4556	3639	4628
HSX	3446.0	3564.0	473	1
3380	3826	3530	3611	3439	3371	3437	3449
XQK	3242.0	1837.0	347	1
3455	2133	3224	1752	3046	1691	3245	1774
YOP	3570.0	2594.0	280	1
3349	2775	3747	2340	3352	2700	3834	2562
NWG	531.0	2070.0	399	1
323	2131	805	2129	357	1870	642	2153
YAQ	4047.0	792.0	300	1
4253	857	3933	580	4133	800	3870	933
RPX	1021.0	812.0	322	1
912	1045	1093	930	907	670	1175	604
JRM	1696.0	1490.0	480	1
1470	1619	1833	1324	1913	1354	1571	1663
UDE	1562.0	1578.0	469	1
1564	1515	1555	1590	1559	1706	1572	1504
FYF	4064.0	3236.0	393	1
4063	3303	4150	2981	4162	3327	3881	3334
WXZ	2366.0	3431.0	459	1
2460	3425	2335	3504	2133	3464	2538	3332
POV	2034.0	1019.0	208	1
1907	968	2044	1214	2330	866	1857	1028
TSS	3191.0	2202.0	476	1
3152	2356	3469	1963	3089	2335	3056	2157
SWQ	4073.0	3000.0	468	1
4029	3107	4085	2965	4030	2724	4149	3207
BMA	3759.0	2076.0	450	1
3802	2232	3766	1817	3693	1999	3776	2256
FYW	849.0	2920.0	326	1
665	2730	654	2848	1154	3041	924	3064
KSZ	666.0	3907.0	296	1
766	3785	656	3769	732	3812	513	4265
PAT	2394.0	3711.0	426	1
2422	3561	2337	3720	2381	3758	2439	3807
EQZ	2002.0	2709.0	330	1
1860	2786	2296	2586	1986	2779	1866	2686
DXM	3762.0	3639.0	377	1
4048	3856	3633	3466	3568	3446	3799	3791
MEE	2670.0	645.0	397	1
2505	569	2587	575	2929	873	2661	563
MAJ	3141.0	4190.0	466	1
3227	4033	2910	4224	3279	4265	3149	4240
KXP	3204.0	2983.0	219	1
3164	2862	3092	2872	3138	3090	3422	3108
HVW	3405.0	1317.0	420	1
3258	1221	3244	1165	3699	1302	3419	1580
FBG	4303.0	3058.0	202	1
4388	3309	4453	2902	3901	3082	4473	2940
DFB	3476.0	4319.0	370	1
3623	4277	3513	4568	3182	4059	3589	4375
QAJ	3605.0	904.0	369	1
3481	966	3560	827	3911	806	3470	1020
HMR	3363.0	3770.0	429	1
3331	3804	3269	3735	3532	3706	3320	3838
ZHL	399.0	1565.0	361	1
677	1658	235	1422	282	1490	404	1690
AVY	2997.0	3913.0	352	1
3071	3979	2794	3887	2862	3728	3264	4060
JIM	1715.0	2059.0	204	1
1722	2012	1532	2249	1949	1699	1657	2276
FNZ	2300.0	2546.0	341	1
2461	2721	2325	2465	1974	2545	2442	2453
TSR	4324.0	1194.0	469	1
4330	1254	4391	1265	4070	1272	4506	985
KJF	2670.0	4126.0	397	1
2954	4065	2590	3895	2672	4242	2464	4305
ZUJ	4159.0	3229.0	377	1
4199	3194	4296	3034	4270	3264	3874	3424
