VOM	2770.0	2324.0	306	1
2968	2422	2760	2174	2570	2130	2782	2572
CLV	3500.0	3560.0	490	1
3525	3571	3420	3641	3469	3601	3588	3430
IJY	3732.0	2209.0	487	1
3779	2017	3839	2364	3665	2010	3646	2447
OEO	1239.0	1990.0	366	1
1142	2150	1626	1794	1090	1879	1100	2139
TOL	1141.0	1544.0	469	1
1127	1685	1197	1301	1273	1628	970	1562
JXE	2341.0	4446.0	444	1
2210	4636	2080	4583	2565	4298	2509	4269
LEG	3676.0	1322.0	200	1
3813	1288	3491	1629	3551	1299	3850	1072
SVS	4105.0	3079.0	405	1
4369	2883	3861	3184	4241	3242	3951	3007
YHG	1611.0	527.0	496	1
1424	569	1730	435	1584	746	1707	360
IUH	1605.0	1229.0	499	1
1526	1403	1525	1158	1481	1237	1889	1121
SOD	2605.0	1903.0	288	1
2644	1823	2478	1762	2624	2092	2674	1935
VWT	1113.0	3731.0	425	1
1094	4073	1332	3489	904	3759	1123	3606
BPG	4179.0	4219.0	381	1
3915	3922	4317	4076	4134	4408	4351	4473
GLF	831.0	1238.0	274	1
1078	1368	698	986	830	1338	719	1262
VSN	1314.0	4245.0	327	1
1365	4165	1457	4319	931	4102	1504	4394
XOB	1456.0	1713.0	213	1
1536	1709	1320	1665	1627	1532	1343	1946
BEL	2022.0	1337.0	294	1
2123	1537	2155	1162	2059	1040	1754	1609
TMD	1858.0	1065.0	258	1
1908	1259	1929	1128	1695	879	1901	994
RTU	4068.0	2047.0	412	1
4284	2119	4172	2147	3787	2000	4032	1924
UTS	1977.0	2052.0	299	1
2092	2074	1912	2008	1778	1973	2126	2154
JDH	586.0	1987.0	413	1
410	2251	453	1754	721	2193	763	1753
XFB	4323.0	3278.0	235	1
4422	3256	4199	3254	4399	3353	4274	3249
UCH	3559.0	3095.0	245	1
3697	2773	3711	3210	3436	3119	3395	3278
EIE	3021.0	2810.0	406	1
2962	2838	3256	2982	2882	2718	2987	2704
SNX	2243.0	1272.0	471	1
2136	1118	2290	1114	2163	1388	2385	1469
DWI	1171.0	1448.0	236	1
1064	1415	1152	1654	1235	1557	1235	1169
IGL	1181.0	513.0	250	1
1403	603	1288	647	1062	379	971	423
JXY	3860.0	3509.0	450	1
3953	3728	3635	3430	3902	3362	3950	3517
XUJ	3045.0	1407.0	407	1
2925	1228	2880	1220	3083	1512	3294	1668
RTT	2955.0	2446.0	402	1
3238	2421	2758	2524	2907	2491	2919	2349
SEU	2947.0	3720.0	348	1
2998	3966	2952	3769	2890	3501	2950	3646
JZB	1180.0	1633.0	424	1
1307	1516	1351	1660	926	1543	1138	1815
GRD	646.0	1700.0	269	1
748	1607	800	1561	363	1702	673	1931
XIT	3702.0	2269.0	490	1
3809	2338	3694	2129	3564	2251	3741	2360
TKD	3715.0	1360.0	201	1
3559	1317	3763	1265	3586	1438	3953	1423
VTS	2173.0	3775.0	351	1
2166	3929	2099	3538	2339	3771	2090	3863
NVH	4219.0	3198.0	413	1
4273	3444	4126	2983	4019	3375	4461	2991
DPV	3345.0	4220.0	444	1
3497	4203	3051	4214	3449	4533	3385	3933
QRS	1946.0	1860.0	425	1
2029	2033	1959	2077	1932	1690	1867	1641
LIV	3919.0	2904.0	262	1
4017	2970	3894	2939	3886	2819	3881	2890
CVK	664.0	2836.0	230	1
530	2630	486	3077	655	2711	986	2929
BHT	1178.0	1333.0	283	1
1212	1046	1218	1189	1205	1612	1077	1486
LLS	1873.0	652.0	310	1
1992	854	1949	842	1982	318	1571	595
LZI	3814.0	1229.0	221	1
3763	1420	3812	1172	3950	1178	3731	1147
RFG	1199.0	3152.0	360	1
1225	3292	1211	3163	1354	3325	1007	2829
OBO	3189.0	1349.0	428	1
3231	1492	3179	1419	3251	1045	3098	1443
BLH	2675.0	1677.0	209	1
2792	1702	2698	1827	2667	1675	2545	1504
XTW	1414.0	3603.0	398	1
1599	3750	1042	3401	1566	3472	1449	3792
LWH	3516.0	797.0	458	1
3474	662	3592	584	3503	1037	3497	907
WCH	4099.0	3860.0	384	1
3934	3606	4264	3997	4222	3778	3977	4060
