HOE	4039.0	3232.0	277	1
4098	3083	3905	3061	4263	3353	3893	3433
TKX	455.0	2626.0	263	1
504	2619	625	2755	303	2536	391	2596
JDP	1102.0	2984.0	127	1
1080	2948	1311	3025	942	3023	1075	2943
BKN	2710.0	284.0	49	1
2715	370	2806	393	2627	231	2695	143
HHR	1087.0	2120.0	292	1
1371	2155	870	2213	1236	2069	872	2043
XZI	1328.0	1525.0	117	1
1407	1642	1370	1304	1047	1788	1488	1369
RVH	853.0	1958.0	258	1
803	2119	979	2050	845	1643	788	2023
WXR	2717.0	3440.0	154	1
2612	3226	2916	3253	2561	3649	2780	3633
KQP	2043.0	3564.0	155	1
2006	3462	2231	3733	2051	3478	1887	3584
GTV	3537.0	2245.0	76	1
3376	1961	3544	2479	3832	2200	3397	2343
JUS	725.0	3007.0	8	1
783	3217	648	2683	923	3115	546	3015
PCK	1180.0	1947.0	38	1
972	2222	1503	1888	1315	1714	932	1965
KBJ	1086.0	4172.0	95	1
1150	4347	937	4084	1170	4148	1089	4109
CAS	2807.0	3781.0	6	1
2644	3793	2986	3654	2859	4063	2742	3616
INV	4402.0	2914.0	97	1
4635	2620	4140	2813	4369	3099	4467	3126
ZVA	740.0	1409.0	164	1
885	1522	666	1605	601	1266	808	1243
GGH	3052.0	3654.0	130	1
2934	3577	2948	3740	2937	3776	3392	3523
KRH	2448.0	3627.0	271	1
2547	3562	2711	3579	2322	3949	2213	3421
YNK	3032.0	615.0	241	1
2866	931	2837	711	3230	398	3198	421
MYW	1171.0	3928.0	161	1
1027	4166	1127	3885	1304	3809	1226	3854
HNL	852.0	3676.0	174	1
918	4005	959	3472	886	3609	645	3620
TKX	3391.0	2098.0	46	1
3460	2112	3495	2090	3143	2001	3467	2191
FTQ	2351.0	655.0	250	1
2559	685	2355	597	2250	582	2240	758
RNH	3232.0	2716.0	272	1
3229	2796	3215	2886	3160	2384	3327	2798
NTV	4003.0	2302.0	254	1
3703	2253	4077	2103	4174	2467	4059	2386
RBN	3340.0	879.0	229	1
3531	1098	3180	996	3155	553	3497	870
ZJM	3790.0	3058.0	30	1
3896	3010	4014	2992	3614	3311	3638	2922
ABR	710.0	635.0	60	1
474	536	991	775	730	731	645	499
HFH	534.0	4293.0	206	1
655	4272	556	4289	346	4469	580	4143
XOQ	4048.0	850.0	150	1
4020	651	4324	1031	3917	811	3933	909
BXM	942.0	443.0	268	1
992	427	721	669	1029	305	1027	374
HLK	1272.0	1056.0	105	1
1525	856	1385	991	1128	1236	1052	1143
EVA	1487.0	860.0	282	1
1555	872	1420	848	1361	1148	1612	573
SUD	1258.0	3829.0	254	1
1287	3749	1018	3990	1186	3886	1542	3694
TWK	1456.0	1277.0	287	1
1383	1364	1189	1018	1757	1430	1497	1296
LFZ	3680.0	3225.0	261	1
3810	3057	3638	3175	3870	3288	3402	3382
PJX	3045.0	1356.0	138	1
3054	1427	2888	1565	3238	1134	3000	1300
COC	3889.0	4303.0	62	1
3745	4083	4024	4580	3708	4043	4081	4507
HCC	4311.0	3275.0	258	1
4219	3533	4281	3301	4457	3129	4289	3139
BWC	3920.0	3450.0	139	1
3916	3277	3779	3632	4177	3474	3810	3418
RGL	3406.0	1938.0	259	1
3349	1774	3518	2097	3532	2130	3227	1753
SUM	493.0	3856.0	212	1
491	4001	555	3834	550	3652	379	3940
GUF	3171.0	1521.0	52	1
3432	1333	2902	1535	3047	1405	3305	1814
AIN	2807.0	4294.0	19	1
3019	4394	3059	4233	2569	4194	2583	4357
MQL	1224.0	1602.0	254	1
1282	1420	1350	1690	1139	1644	1126	1656
YVA	1496.0	1080.0	125	1
1415	967	1308	1250	1632	1178	1629	927
PYY	2455.0	3179.0	171	1
2339	3377	2587	3130	2240	3068	2655	3141
RQT	1528.0	4009.0	33	1
1352	4194	1530	4189	1523	3641	1707	4013
MKB	4184.0	3244.0	139	1
4469	3186	4041	3227	4256	3434	3972	3132
ALN	2491.0	1497.0	89	1
2523	1461	2379	1582	2685	1297	2379	1649
