XQO	2728.0	631.0	485	1
2912	689	2858	882	2404	401	2741	553
IFM	2477.0	1967.0	458	1
2367	2122	2701	1855	2484	2084	2356	1808
ZKC	2132.0	2246.0	383	1
2070	2084	2425	2377	1897	2056	2137	2467
MGD	2857.0	4153.0	208	1
2795	4056	2926	4148	2761	4095	2947	4314
SGC	4282.0	3648.0	367	1
4205	3608	4240	3732	4113	3639	4573	3615
LSO	1499.0	3735.0	395	1
1593	3851	1396	3691	1534	3757	1475	3642
CDB	2187.0	718.0	372	1
2239	774	2093	716	2383	697	2033	686
ZAA	470.0	1080.0	488	1
647	1043	250	1043	361	875	623	1361
HRB	2766.0	2613.0	466	1
2905	2468	2662	2663	2606	2778	2894	2545
AIU	1804.0	2550.0	224	1
1657	2503	1796	2817	1920	2401	1844	2479
GMX	1848.0	2400.0	359	1
1786	2443	1680	2489	1842	2499	2084	2169
EUV	2147.0	1557.0	497	1
1998	1366	2136	1705	2413	1659	2044	1499
IMW	2726.0	2694.0	436	1
2519	2625	2903	3023	2859	2640	2623	2488
YUY	1828.0	527.0	375	1
1749	722	1927	577	1845	562	1791	248
IYH	3999.0	2294.0	428	1
3917	2363	3762	2029	4163	2250	4155	2535
XMP	1172.0	3109.0	362	1
1159	2947	1195	3149	1360	3123	974	3217
YZI	3997.0	2390.0	224	1
3928	2447	4094	2411	4048	2265	3920	2438
XHB	1836.0	3800.0	211	1
1649	3884	1902	3763	1961	3861	1834	3693
EMM	2181.0	925.0	478	1
2356	1021	2206	859	1972	1007	2193	816
NDX	3943.0	2495.0	291	1
4165	2391	4094	2664	3764	2472	3751	2455
MNT	1215.0	1535.0	298	1
1498	1760	974	1419	1412	1455	978	1509
RJE	3145.0	4120.0	333	1
3134	4249	3108	4166	3212	4224	3128	3844
HRW	935.0	3034.0	324	1
1001	3211	1041	3125	671	2723	1027	3077
VVD	2584.0	1407.0	264	1
2445	1217	2480	1201	2714	1525	2700	1685
QLC	1310.0	994.0	391	1
1012	844	1274	1072	1457	835	1499	1227
JBP	2474.0	4072.0	443	1
2416	4279	2385	4212	2615	3945	2482	3854
VYE	2795.0	3705.0	316	1
2620	3815	2991	3550	2809	3681	2763	3777
RKY	2018.0	4138.0	410	1
1734	4091	2011	4126	2055	3869	2273	4468
EFY	4016.0	3248.0	253	1
3908	3149	3844	3332	4401	3362	3912	3149
PKJ	1577.0	3532.0	383	1
1590	3616	1886	3351	1373	3620	1462	3541
IUW	2161.0	2019.0	451	1
1940	2077	2167	1923	2318	2079	2219	1998
KOU	4068.0	4232.0	217	1
4021	4387	4011	3947	4030	4475	4213	4121
IHE	3186.0	3503.0	321	1
3439	3673	2994	3760	2994	3270	3317	3309
ZMR	4172.0	2567.0	374	1
3963	2886	3995	2377	4502	2456	4230	2549
YSR	988.0	2344.0	391	1
1221	2144	733	2465	977	2253	1023	2514
WVM	1167.0	4450.0	210	1
1209	4274	1160	4571	1039	4603	1263	4355
PIT	404.0	653.0	288	1
194	864	547	444	470	491	408	815
AKM	1182.0	3770.0	471	1
1258	3799	1468	3757	1035	3697	967	3827
BJB	2439.0	1862.0	377	1
2526	1849	2343	2072	2622	1696	2267	1833
TJZ	605.0	934.0	336	1
620	1046	674	1203	650	740	478	749
MGC	2940.0	4054.0	474	1
2950	3965	2754	4146	3087	3947	2972	4160
FOK	2663.0	4327.0	273	1
2898	4433	2403	4301	2573	4170	2778	4407
AZJ	3245.0	835.0	433	1
3129	800	3309	1002	3144	895	3400	643
MNY	3024.0	2733.0	476	1
3037	2888	3349	2556	2846	2710	2866	2781
YGB	2827.0	1720.0	305	1
2828	1730	2794	1716	2674	1888	3015	1548
PPM	1607.0	3566.0	324	1
1402	3502	1678	3376	1490	3728	1860	3658
EFN	4340.0	4378.0	226	1
4317	4496	4168	4131	4379	4317	4496	4570
RNS	3670.0	3610.0	345	1
3729	3353	3619	3773	3586	3614	3748	3701
KKT	3172.0	2268.0	438	1
3234	2192	3276	2552	2898	2245	3280	2084
DRY	2739.0	3578.0	497	1
2791	3816	2634	3550	2903	3457	2628	3490
