MAJ	2653.0	1407.0	314	1
2718	1658	2584	1108	2709	1586	2603	1276
UDD	1465.0	3956.0	317	1
1361	4106	1609	3795	1504	3934	1389	3989
MDR	1547.0	3418.0	424	1
1395	3433	1536	3540	1793	3529	1466	3170
ANM	3283.0	3225.0	275	1
3085	3304	3192	3030	3567	3495	3291	3071
INM	2252.0	3227.0	292	1
2236	3175	2444	3309	1959	3159	2372	3265
NCC	982.0	2748.0	470	1
937	2650	1194	3099	916	2651	882	2594
XWW	2156.0	2444.0	281	1
2056	2476	2397	2580	2118	2480	2056	2241
LFL	2274.0	3061.0	453	1
2163	2981	2175	3002	2369	3019	2389	3243
ZCP	3478.0	2992.0	298	1
3344	2858	3459	3134	3411	3045	3700	2934
HHF	1219.0	3296.0	405	1
1483	3055	1076	3201	1300	3414	1017	3516
YZP	4078.0	1486.0	485	1
4139	1185	3938	1545	4026	1634	4209	1581
XSQ	3103.0	1516.0	385	1
3078	1465	3020	1609	3019	1693	3298	1300
OJJ	946.0	727.0	224	1
919	566	1087	620	668	936	1110	787
FPR	1149.0	982.0	272	1
1087	767	1231	883	1125	1305	1155	976
ZHF	3341.0	2328.0	287	1
3186	2133	3296	2513	3440	2329	3444	2337
DGT	1022.0	4312.0	402	1
897	4256	1129	4553	847	4226	1215	4213
GXR	943.0	1647.0	222	1
1111	1722	694	1590	1118	1492	852	1784
WSX	1891.0	3364.0	285	1
1811	3369	1962	3275	2108	3146	1683	3666
FKC	3147.0	1994.0	270	1
3010	1765	3072	2316	3215	1751	3294	2146
UMZ	3200.0	1790.0	237	1
3415	1678	3092	1872	3149	2002	3146	1611
XMZ	2979.0	1330.0	219	1
2769	1531	3263	1167	2722	1341	3164	1282
DYU	2343.0	1008.0	496	1
2131	904	2427	990	2566	877	2248	1264
OOK	1943.0	1256.0	442	1
2202	1407	1824	942	1972	1306	1775	1371
YDP	975.0	3493.0	439	1
931	3523	1100	3590	949	3474	922	3385
GIB	3404.0	2472.0	482	1
3604	2573	3553	2646	3057	2406	3403	2266
HAI	1095.0	1867.0	477	1
1146	1846	998	2115	1029	1601	1209	1906
XAZ	2230.0	2999.0	270	1
1895	3134	2429	2879	2381	2996	2217	2988
FVS	3152.0	1695.0	435	1
3108	1912	3096	1445	3089	1926	3315	1497
DAZ	372.0	1955.0	222	1
170	1845	401	1853	493	2154	424	1969
PLT	963.0	3817.0	403	1
1030	3657	1072	3662	957	3847	795	4104
EKX	3363.0	506.0	453	1
3423	451	3216	463	3547	521	3268	592
IOX	2407.0	2640.0	427	1
2184	2592	2376	2733	2501	2411	2569	2824
AYG	521.0	2085.0	329	1
442	2346	568	1951	547	2122	528	1923
BPO	935.0	883.0	470	1
861	781	1112	790	873	1060	896	902
KAC	2996.0	3827.0	372	1
2922	3757	2830	3720	3013	3882	3221	3949
WYF	1561.0	580.0	426	1
1417	437	1786	604	1674	510	1367	770
GNH	1372.0	649.0	274	1
1676	631	1254	736	1239	719	1319	510
KGR	4309.0	1701.0	291	1
4204	1910	4426	1580	4509	1456	4100	1858
VXN	2104.0	3694.0	404	1
2337	3729	1876	3611	2016	4004	2190	3432
OVF	3922.0	1640.0	393	1
4150	1780	3829	1277	3926	1669	3785	1835
OTY	553.0	1059.0	460	1
471	1292	653	1229	405	980	685	738
GLH	3986.0	1441.0	481	1
3824	1431	3856	1466	4331	1471	3933	1399
EUQ	1339.0	2784.0	293	1
1706	2634	1250	2692	1258	2668	1142	3142
IXR	2233.0	850.0	287	1
2382	1000	2061	591	2335	930	2156	879
JUS	4060.0	4299.0	325	1
3903	4161	4266	4330	3877	4442	4196	4265
DBR	674.0	3058.0	442	1
587	3145	931	3295	570	2744	609	3049
ZFE	4021.0	4466.0	208	1
3989	4460	4325	4503	3787	4427	3983	4476
WOG	1037.0	1917.0	211	1
946	1761	1096	1939	1093	1753	1013	2218
ONC	1393.0	566.0	346	1
1215	411	1329	531	1592	495	1437	828
YON	2284.0	2274.0	464	1
2308	2221	2027	2063	2363	2437	2439	2375
