YNJ	4131.0	3372.0	305	1
4342	3239	3987	3486	4239	3526	3957	3240
YBY	1793.0	343.0	325	1
2083	259	1503	416	1527	323	2061	374
HII	2269.0	3591.0	203	1
2266	3753	2148	3483	2406	3792	2258	3339
XKX	2085.0	3323.0	294	1
2040	3597	1824	3271	2163	3235	2314	3190
HHJ	716.0	3568.0	478	1
717	3611	860	3598	651	3571	637	3492
EQK	1778.0	4354.0	349	1
1685	4510	1849	4426	1735	4172	1845	4308
CSX	1509.0	259.0	338	1
1355	143	1467	452	1566	174	1649	268
OYU	3842.0	1961.0	378	1
3938	1885	3834	2032	3996	1776	3602	2151
YJG	3703.0	381.0	273	1
3619	698	3561	297	3783	166	3849	366
KOY	3728.0	2183.0	314	1
3950	2387	3491	2159	3615	2259	3856	1929
HGH	4147.0	1740.0	334	1
4341	1730	3797	1505	4372	2008	4081	1720
BCB	2471.0	3838.0	365	1
2734	3785	2448	3867	2254	3994	2450	3709
WGG	2485.0	952.0	446	1
2446	1002	2662	892	2385	863	2450	1053
WVK	2277.0	2458.0	249	1
2385	2280	2153	2624	2169	2359	2401	2571
AXR	2002.0	3822.0	279	1
2250	3856	1767	3534	1936	3971	2058	3930
HKL	2706.0	2644.0	358	1
2885	2844	2610	2381	2789	2902	2542	2450
TDQ	741.0	958.0	441	1
643	746	590	1165	919	1065	813	857
AXQ	1021.0	2319.0	336	1
1094	2313	1039	2347	832	2167	1120	2450
WBV	681.0	1984.0	415	1
630	2007	811	1657	542	2091	744	2183
IJR	2287.0	2231.0	276	1
2249	2373	2458	2012	2283	2200	2160	2341
JLY	3079.0	3832.0	210	1
2874	3772	3258	3683	2879	3972	3306	3904
AWK	2828.0	920.0	405	1
3109	828	2532	1090	3061	983	2610	782
QID	3683.0	3194.0	254	1
3549	3305	3640	2924	3832	3283	3711	3267
USP	3682.0	3557.0	367	1
3569	3516	3793	3501	3697	3666	3670	3548
QJE	3119.0	3453.0	326	1
3041	3440	3124	3558	2939	3507	3373	3310
DNS	3108.0	3346.0	430	1
2947	3411	3384	3352	3044	3355	3057	3268
OWI	2888.0	4293.0	479	1
2570	4546	2882	4214	3087	4330	3016	4082
WBG	1100.0	375.0	247	1
1302	783	1324	260	820	232	956	225
ZEN	2478.0	2343.0	204	1
2361	2288	2384	2508	2533	2273	2637	2303
PBL	3867.0	1796.0	341	1
4042	1649	3962	1977	3583	2043	3882	1515
QRO	2357.0	2527.0	211	1
2498	2671	2509	2461	2296	2297	2125	2681
UNK	2693.0	1524.0	350	1
2600	1542	3060	1627	2523	1628	2592	1301
JMM	3774.0	4049.0	273	1
3536	3932	3874	4318	3593	3922	4093	4026
NQK	3172.0	2482.0	500	1
3066	2406	3237	2412	3314	2651	3071	2462
BUS	3695.0	897.0	264	1
3751	811	3659	1134	3654	783	3717	863
PDY	3640.0	3466.0	304	1
3672	3355	3632	3379	3674	3751	3585	3382
CFG	2721.0	1337.0	331	1
2805	1333	2592	1315	2954	1207	2534	1496
IFC	2411.0	1381.0	389	1
2158	1291	2424	1561	2504	1531	2558	1142
SJI	2817.0	3377.0	260	1
2623	3555	2853	3317	2802	3593	2992	3044
TAI	3643.0	3454.0	329	1
3674	3467	3491	3351	3880	3608	3527	3391
WUY	1572.0	4326.0	350	1
1713	4589	1637	4175	1485	4208	1456	4332
ICZ	1289.0	1610.0	324	1
1454	1783	1319	1581	1039	1715	1347	1363
NMF	1749.0	473.0	481	1
2077	622	1756	256	1583	525	1582	491
YNU	869.0	2460.0	234	1
928	2356	638	2743	1039	2331	871	2410
CPX	650.0	2381.0	423	1
731	2518	646	2187	754	2561	470	2259
QDA	1394.0	2765.0	327	1
1259	2940	1506	2712	1374	2660	1438	2749
OEY	1415.0	1463.0	370	1
1164	1550	1581	1325	1360	1659	1558	1320
FES	3033.0	3361.0	451	1
2932	3461	3006	3199	3009	3466	3188	3318
ZVT	741.0	822.0	273	1
918	833	493	718	573	1080	982	660
APE	3004.0	4272.0	277	1
3234	4002	2858	4480	3081	4165	2844	4443
