TGO	3200.0	626.0	206	1
3253	591	3371	607	2939	752	3239	554
HJB	2765.0	2148.0	6	1
2797	1848	2702	2142	2838	2232	2725	2373
RQX	1327.0	3283.0	37	1
1063	3251	1594	3007	1474	3343	1177	3534
LRQ	1918.0	3597.0	42	1
1799	3446	1733	3760	2150	3490	1993	3695
YEK	2800.0	752.0	221	1
2717	788	2614	866	2795	569	3076	787
KVV	1943.0	3054.0	21	1
1981	2995	1908	3174	1785	3171	2099	2877
XNL	4235.0	2072.0	253	1
4103	2119	4505	2014	4112	2274	4222	1881
UUJ	720.0	531.0	150	1
543	444	772	418	806	617	760	645
NUP	1626.0	3886.0	119	1
1650	3793	1739	3914	1386	3924	1730	3913
FIR	3513.0	791.0	93	1
3732	667	3596	774	3496	933	3230	790
TYF	2751.0	1379.0	157	1
2700	1499	3038	1301	2671	1232	2595	1485
PLZ	904.0	3863.0	177	1
580	3576	1163	4067	1049	4058	826	3751
FJA	3129.0	2152.0	239	1
3202	2249	3241	2066	3174	2121	2900	2175
LME	3738.0	3182.0	113	1
3559	3194	3812	3025	3969	3094	3613	3418
CRU	2583.0	3089.0	243	1
2948	3029	2488	2869	2424	3222	2472	3236
NLZ	640.0	4161.0	100	1
860	3879	456	4302	546	4280	700	4184
UPW	4020.0	2322.0	29	1
3894	2261	3990	2174	4030	2428	4167	2425
NEC	3735.0	2669.0	43	1
3849	2804	3843	2281	3703	2854	3547	2737
HXZ	2865.0	1054.0	271	1
2722	789	2673	1313	3006	1007	3062	1110
DAV	1944.0	2414.0	39	1
2230	2396	1779	2545	1829	2365	1938	2351
DWG	1286.0	3521.0	203	1
1265	3386	1101	3699	1282	3670	1496	3330
IAC	3687.0	3183.0	271	1
3452	3059	3464	3386	3890	3193	3945	3095
ANL	3831.0	1614.0	158	1
3668	1378	4041	1656	4092	1636	3524	1788
FTO	4202.0	4280.0	90	1
4202	4377	3959	4446	4260	4203	4388	4096
QVZ	2831.0	1181.0	270	1
2576	1293	2657	1018	3036	1359	3058	1056
IOD	3544.0	1941.0	163	1
3760	1877	3553	1972	3322	2081	3542	1835
UDH	3900.0	1277.0	207	1
3759	1349	4013	1498	3810	1246	4021	1015
EWF	2683.0	3892.0	52	1
2951	3873	2400	4034	2933	3701	2450	3960
XAY	3022.0	1138.0	154	1
3064	1021	2916	1107	3083	1410	3027	1014
NDM	1765.0	4127.0	274	1
1591	4029	1801	3881	1918	4317	1753	4282
NFO	3799.0	1082.0	222	1
3811	1063	3876	960	3648	1012	3864	1296
JVI	2930.0	2219.0	91	1
3054	2246	3071	2309	2715	2278	2883	2044
HLK	3000.0	1374.0	109	1
3051	1452	2877	1462	2951	1510	3123	1075
LSI	3525.0	1430.0	48	1
3452	1661	3401	1334	3770	1337	3479	1391
MWC	3885.0	2548.0	6	1
3711	2667	3954	2367	3846	2618	4032	2541
LDH	1038.0	4124.0	106	1
952	4220	877	3935	942	4253	1383	4088
PHX	1315.0	3534.0	18	1
1361	3608	1367	3596	1396	3378	1136	3555
VQQ	4108.0	1665.0	71	1
4309	1970	4197	1416	4146	1849	3781	1428
AVK	849.0	3825.0	57	1
881	4065	796	3759	835	3665	884	3814
ONX	1722.0	2308.0	46	1
1788	2287	1501	2175	1844	2154	1755	2616
JWO	2882.0	3862.0	12	1
2848	3778	3160	4095	2632	3735	2889	3842
DSJ	1211.0	2290.0	284	1
1402	2507	1443	2270	1058	2195	944	2190
FQW	2829.0	2648.0	10	1
2641	2573	2875	2787	3060	2498	2743	2737
OZE	3140.0	1156.0	43	1
2924	1124	3144	915	3290	1406	3204	1180
MNB	3638.0	1191.0	149	1
3654	1345	3465	1135	3592	1211	3843	1075
TAY	2098.0	2625.0	245	1
2005	2632	2162	2659	1950	2530	2278	2680
TVN	1197.0	2876.0	95	1
1327	3072	931	2836	1097	2971	1433	2625
ZZN	2877.0	1040.0	225	1
3109	1329	2596	1007	2777	965	3028	861
DGI	1932.0	2542.0	125	1
1827	2703	1661	2563	2182	2724	2059	2181
IUC	4199.0	2572.0	258	1
4034	2293	4333	2833	4221	2447	4209	2716
