HWC	1576.0	2231.0	29	1
1512	2273	1484	2429	1814	2036	1497	2187
JYF	820.0	1654.0	167	1
765	1429	1016	1760	739	1828	763	1600
WNA	581.0	2483.0	32	1
685	2555	593	2573	343	2123	706	2684
FSB	942.0	4210.0	196	1
1050	4244	548	4113	1086	4249	1085	4237
BWQ	3356.0	4123.0	248	1
3727	4153	3264	3972	3188	4180	3245	4187
BAG	530.0	1387.0	168	1
312	1271	715	1336	338	1686	756	1258
ZJE	4187.0	2511.0	272	1
4069	2580	4453	2347	3915	2282	4313	2836
PNF	1728.0	1549.0	132	1
1764	1467	1557	1599	1823	1553	1769	1578
LGD	2275.0	1031.0	219	1
2206	1118	2207	1214	2254	781	2435	1013
GXM	2769.0	466.0	298	1
2788	425	2882	352	2850	547	2556	541
EMY	4072.0	2973.0	210	1
4011	2754	4117	2748	4189	3271	3974	3122
PXK	3382.0	2182.0	21	1
3584	2400	3331	2403	3269	1916	3344	2009
QYW	2021.0	1508.0	291	1
2076	1290	2002	1315	2275	1598	1732	1830
OCO	1991.0	587.0	235	1
1825	345	2067	820	2121	535	1953	651
JXP	1599.0	2370.0	20	1
1804	2254	1410	2459	1860	2211	1323	2556
MDX	1557.0	4030.0	190	1
1488	4329	1537	4083	1409	3789	1795	3920
RPS	2355.0	1370.0	218	1
2206	1390	2068	1485	2598	1533	2551	1074
VNJ	358.0	2209.0	297	1
385	2160	358	2381	500	2089	190	2207
MEM	1528.0	840.0	5	1
1662	890	1318	551	1667	980	1465	942
RQK	3979.0	2576.0	232	1
3802	2413	4044	2620	3881	2390	4189	2883
HVF	3331.0	3428.0	252	1
3154	3781	3558	3440	3384	3257	3228	3236
FDZ	1127.0	2765.0	116	1
1003	2742	1297	2662	1092	2909	1116	2750
PGL	1513.0	3034.0	19	1
1455	3163	1360	2909	1525	2999	1714	3065
FDD	1176.0	3715.0	44	1
1063	3827	1411	3551	1003	3610	1227	3872
ELK	2810.0	1119.0	120	1
2953	1083	2571	1056	2658	1302	3061	1038
CJO	2548.0	3357.0	42	1
2416	3434	2565	3435	2779	3378	2434	3184
FTG	511.0	3131.0	286	1
687	3211	467	2994	521	3428	371	2893
VCP	4167.0	2915.0	228	1
4036	2825	3999	2977	4195	3009	4441	2849
ENV	709.0	2326.0	288	1
610	2340	796	2387	814	2553	619	2027
AQQ	3866.0	2222.0	19	1
3739	2439	4012	2166	3783	2243	3931	2043
OUT	2540.0	2138.0	16	1
2573	2315	2395	1887	2310	2055	2884	2295
RNQ	1996.0	2283.0	267	1
1836	2423	2178	2000	2030	2399	1942	2312
OFC	1415.0	900.0	249	1
1456	999	1146	1104	1371	767	1687	731
JWZ	1608.0	2371.0	133	1
1447	2345	1740	2266	1482	2571	1765	2304
RUN	3288.0	3605.0	200	1
3556	3473	3156	3935	3063	3431	3380	3583
HDG	2595.0	4446.0	43	1
2529	4481	2642	4619	2601	4420	2609	4264
FIB	4298.0	1961.0	59	1
4407	2245	4187	1821	4336	1755	4262	2023
PRF	2434.0	2179.0	237	1
2446	2412	2469	2110	2324	2064	2498	2133
XLJ	2846.0	2947.0	44	1
2904	3197	2721	2843	2933	2916	2826	2834
DKN	617.0	1038.0	95	1
434	1052	770	953	625	1204	640	945
HFE	533.0	560.0	216	1
774	483	761	408	322	518	275	832
FQT	3117.0	2084.0	32	1
3377	2249	3066	1972	3150	2113	2878	2003
DYF	2383.0	3244.0	37	1
2411	3343	2223	3436	2700	3064	2200	3135
STZ	3823.0	608.0	32	1
3719	416	3711	591	4148	787	3715	638
ZOG	2286.0	1741.0	179	1
2239	1657	2347	1811	2358	1862	2201	1635
DVD	558.0	1815.0	14	1
513	1511	711	2007	416	1915	595	1828
AJJ	2993.0	608.0	200	1
2625	607	2984	848	3182	411	3184	566
RBD	3666.0	799.0	148	1
3536	728	3575	623	3839	690	3716	1156
PWM	4330.0	781.0	12	1
4107	511	4620	932	4265	630	4331	1054
VCZ	3910.0	1091.0	46	1
3681	1157	3956	807	3837	1206	4166	1194
