WXH	2021.0	3707.0	133	1
1906	3675	2182	3707	1927	3769	2072	3678
OMQ	1394.0	2475.0	203	1
1558	2388	1342	2259	1516	2459	1162	2796
AMU	2642.0	1687.0	276	1
2782	1637	2383	1628	2825	1676	2580	1807
DDT	849.0	1364.0	58	1
983	1563	899	1343	1031	1412	484	1140
LFC	3041.0	1098.0	103	1
3173	1177	2848	1037	3001	1217	3143	961
XFX	2125.0	2269.0	162	1
2208	2236	2237	2309	2015	2274	2043	2258
GAL	926.0	1450.0	95	1
775	1674	893	1220	828	1246	1210	1660
COV	2361.0	697.0	248	1
2407	675	2234	967	2479	626	2324	523
QTY	1564.0	1931.0	187	1
1654	2218	1783	2029	1330	1751	1491	1729
MVS	2360.0	1926.0	61	1
2212	1608	2478	2161	2348	1754	2403	2184
IWG	2633.0	2117.0	87	1
2607	2093	2500	2353	2824	1903	2603	2121
KDF	611.0	2201.0	151	1
670	2125	359	2248	770	2324	648	2107
RFI	748.0	373.0	94	1
674	498	451	328	882	135	986	532
VYI	3534.0	2962.0	274	1
3631	2719	3685	2743	3335	3156	3487	3231
MHN	3904.0	3372.0	120	1
3916	3599	3922	3508	3698	3173	4083	3209
NIF	2617.0	2967.0	161	1
2478	2852	2650	3114	2765	2819	2578	3086
SDO	3673.0	1683.0	161	1
3662	1877	3517	1458	3596	1974	3917	1424
VQU	1607.0	1509.0	107	1
1846	1753	1407	1429	1640	1469	1536	1388
PML	3306.0	474.0	285	1
3347	529	3540	600	3214	520	3126	250
MTF	1201.0	1329.0	199	1
967	1307	1429	1463	1370	1518	1040	1031
DVA	4196.0	1511.0	231	1
4308	1659	4144	1495	4176	1559	4156	1331
BPH	2692.0	3206.0	178	1
2535	3186	2602	2943	2675	3404	2959	3293
SKN	1575.0	2232.0	213	1
1422	2166	1382	2367	1766	2207	1733	2191
ZRH	1316.0	821.0	218	1
1312	998	1245	903	1140	822	1569	562
HLH	4243.0	3837.0	268	1
4123	3760	4325	3846	4164	3892	4362	3852
MEM	742.0	1242.0	226	1
638	1023	922	1304	531	1357	877	1287
PHR	3431.0	1054.0	82	1
3503	1006	3424	962	3266	932	3533	1319
IFY	3377.0	2843.0	71	1
3505	2892	3599	2639	3258	3122	3147	2719
DBY	1488.0	2134.0	264	1
1341	2195	1467	2202	1707	2169	1439	1970
OSW	3357.0	1279.0	40	1
3355	1470	3190	1154	3283	1377	3601	1116
IXA	4152.0	883.0	11	1
4356	838	4249	1060	3875	784	4130	850
KTQ	1164.0	2773.0	52	1
1044	2713	1296	2705	1170	3061	1146	2613
FBV	2504.0	2386.0	107	1
2401	2484	2532	2190	2466	2400	2619	2470
MUJ	2614.0	506.0	221	1
2543	679	2550	542	2816	126	2547	680
GIA	848.0	2216.0	129	1
727	2191	855	2086	973	2349	840	2238
AWO	1637.0	2538.0	239	1
1584	2506	1826	2689	1317	2279	1823	2681
YBR	3023.0	3426.0	140	1
2924	3534	2782	3385	3319	3347	3070	3441
POT	4249.0	2035.0	290	1
4281	1805	4226	1950	4417	2157	4075	2231
HDI	257.0	2171.0	74	1
275	2026	257	2231	325	2285	174	2143
TVH	2687.0	2553.0	169	1
2670	2793	2453	2723	2747	2359	2880	2337
NAJ	3803.0	3156.0	263	1
3619	3158	3932	3343	3736	3343	3928	2780
APQ	860.0	1231.0	80	1
877	1198	885	1398	901	1334	780	995
KLW	2069.0	3800.0	175	1
2034	3802	1989	3950	2056	3694	2200	3754
TLY	4354.0	4409.0	32	1
4133	4481	4458	4523	4310	4412	4518	4221
MRH	3985.0	2869.0	27	1
3997	2746	3970	2712	3877	2864	4099	3154
GFC	3972.0	1272.0	227	1
4156	1226	3835	1274	4120	1259	3780	1331
SBQ	4024.0	1085.0	81	1
3961	998	3746	937	4239	1359	4152	1048
XEY	3937.0	3706.0	71	1
4008	3516	3902	3791	4133	3909	3705	3611
KAR	3831.0	3818.0	211	1
3955	3953	3942	4012	3558	3867	3869	3440
DCD	3804.0	2801.0	122	1
3793	2733	3783	2633	4076	3083	3565	2756
