CDM	932.0	1023.0	173	1
1120	931	952	857	948	1097	708	1209
OHL	1683.0	1433.0	13	1
1759	1714	1851	1216	1583	1629	1539	1176
SFV	3240.0	3437.0	82	1
3318	3533	3335	3076	3325	3613	2983	3528
SGW	1918.0	1791.0	39	1
2091	1628	1689	1918	2145	1972	1747	1646
NQO	1552.0	985.0	20	1
1623	942	1484	797	1537	967	1564	1234
QES	3072.0	1055.0	212	1
3151	1303	2850	953	3172	922	3118	1045
NWF	4225.0	2420.0	144	1
4001	2686	4089	2237	4350	2245	4461	2512
TVL	1018.0	552.0	25	1
1184	494	900	815	1121	459	870	441
YLF	1735.0	3938.0	238	1
2088	3945	1564	3928	1644	3942	1646	3940
SHP	3537.0	1133.0	103	1
3379	1321	3833	1064	3671	1169	3266	980
QNL	4236.0	1528.0	34	1
4160	1810	4283	1469	4289	1363	4215	1471
GHA	3457.0	1033.0	36	1
3484	866	3637	1066	3342	1272	3365	929
OTE	2099.0	1172.0	270	1
2115	1120	2105	1205	2296	1198	1883	1166
GJF	3040.0	709.0	24	1
3020	994	3062	845	2998	510	3082	488
QDX	4194.0	3816.0	204	1
4452	3621	4182	3900	4120	3960	4023	3785
NFC	4041.0	1154.0	5	1
4094	1139	3737	1207	4140	1001	4196	1270
BLN	1294.0	4255.0	273	1
1414	4537	1275	4242	1433	4053	1054	4188
GXK	2757.0	719.0	223	1
2920	804	2728	871	2595	600	2785	604
MKA	2843.0	2807.0	179	1
3095	2741	3022	2948	2653	2592	2602	2947
SSP	4207.0	4446.0	227	1
4043	4533	4162	4155	4383	4627	4242	4470
TGJ	3840.0	4373.0	286	1
4018	4339	3773	4196	3684	4443	3887	4514
LYA	3483.0	3881.0	132	1
3625	3752	3452	3786	3345	3977	3513	4010
KPN	2196.0	2627.0	148	1
2297	2770	2036	2572	2142	2705	2309	2463
WBE	1792.0	2978.0	110	1
1979	3066	1801	3077	1556	3030	1835	2739
WDD	2010.0	1296.0	147	1
2070	1267	2185	1594	1902	1198	1886	1126
OAO	917.0	2340.0	280	1
1028	2428	662	2309	890	2280	1089	2343
FOO	2736.0	338.0	88	1
2874	365	2576	273	2797	333	2699	382
HVH	2729.0	3805.0	81	1
2836	3812	2716	3914	2523	3675	2844	3820
FSN	3600.0	3769.0	50	1
3755	3629	3521	3606	3731	3760	3395	4083
KDP	3973.0	1941.0	104	1
3951	1857	4041	1925	3890	2126	4011	1858
PUR	2158.0	1322.0	100	1
2342	1548	2225	1220	2014	1311	2051	1212
AAG	717.0	3032.0	45	1
766	2796	750	3151	699	3278	654	2906
DFJ	3881.0	2097.0	135	1
3781	1961	3952	2263	3753	1909	4041	2255
WYK	464.0	4253.0	85	1
370	4418	414	4245	702	4373	370	3977
KBQ	955.0	4150.0	183	1
722	4336	965	3955	1032	4322	1102	3988
JDO	957.0	3918.0	69	1
1216	4003	952	3885	780	3806	883	3979
SKV	1586.0	2523.0	171	1
1611	2477	1660	2641	1382	2442	1691	2532
DSN	2698.0	1502.0	242	1
2564	1469	2933	1421	2520	1684	2777	1436
KUY	2269.0	2068.0	54	1
2105	2198	2543	2198	2254	1768	2177	2110
PJS	1689.0	1059.0	244	1
1506	980	2039	1107	1569	997	1644	1152
VRB	3205.0	1817.0	162	1
3378	1910	2888	1582	3170	1885	3385	1894
KIF	1547.0	3978.0	200	1
1183	3943	1554	3838	1688	4099	1766	4034
AWM	2735.0	355.0	188	1
2939	585	2503	158	2902	258	2598	420
LPV	3924.0	918.0	104	1
3642	786	4221	1107	4040	854	3794	927
CLV	2920.0	2414.0	249	1
2867	2605	2681	2257	2943	2286	3191	2509
DQQ	4479.0	1803.0	72	1
4442	1966	4498	1581	4474	1821	4503	1845
PEJ	1077.0	607.0	147	1
1091	733	1093	572	1069	344	1058	781
JNO	1362.0	1054.0	263	1
1189	1100	1283	1179	1383	1066	1595	871
SAZ	3630.0	938.0	212	1
3386	829	3450	815	3765	1250	3920	858
JCP	2358.0	1154.0	299	1
2351	1110	2524	1287	2287	1088	2272	1132
