ISW	3011.0	979.0	295	1
3104	1085	3170	970	2787	1036	2984	828
NIV	1660.0	2398.0	400	1
1566	2540	1913	2436	1689	2249	1475	2367
EFC	1785.0	1233.0	492	1
1941	1411	1696	1519	1669	1017	1835	987
JAE	1316.0	603.0	357	1
1395	511	1280	572	1478	713	1112	618
ODK	2932.0	3217.0	264	1
3062	3271	2753	3257	2989	3128	2927	3214
OBV	2128.0	3502.0	348	1
1926	3494	2022	3696	2278	3501	2289	3318
FLT	1648.0	1868.0	397	1
1789	2133	1749	1943	1763	1650	1294	1747
LRC	1334.0	3337.0	211	1
1182	3306	1399	3481	1216	3430	1542	3132
KIT	3291.0	2756.0	498	1
3221	2717	3265	2678	3477	2622	3203	3010
MCQ	3499.0	1742.0	201	1
3741	1588	3308	1758	3195	1975	3755	1650
PEI	3029.0	2810.0	252	1
2972	2754	3085	2972	3240	2872	2822	2644
QMM	2378.0	1784.0	302	1
2454	1935	2291	1682	2238	1704	2531	1816
KQM	4263.0	1767.0	496	1
4364	1768	4492	1738	3980	1686	4219	1878
SOL	2120.0	1999.0	392	1
2092	2180	1918	1721	2230	1937	2242	2159
PRJ	2970.0	4474.0	276	1
2876	4613	3231	4537	2979	4483	2797	4263
KTP	3735.0	2114.0	276	1
3805	2065	3584	2195	3896	2055	3658	2141
JCI	3338.0	3586.0	280	1
3315	3703	3227	3689	3236	3502	3575	3451
PLI	1408.0	1973.0	354	1
1545	2121	1358	2153	1486	2025	1245	1595
JSQ	2443.0	1985.0	463	1
2122	2103	2574	2025	2660	1956	2418	1857
VCC	4433.0	714.0	364	1
4491	524	4497	772	4308	767	4439	796
BMZ	1421.0	2140.0	382	1
1388	2372	1607	2079	1306	2000	1386	2111
HDB	2649.0	1227.0	210	1
2440	932	2759	1315	2637	1423	2762	1241
PUX	1329.0	3216.0	376	1
1356	3155	1075	3136	1436	3522	1450	3054
PHU	997.0	828.0	376	1
867	1083	1006	706	1138	564	979	959
DOV	1780.0	317.0	282	1
1545	354	2047	336	1509	295	2021	283
RKR	2866.0	3640.0	388	1
2722	3519	2834	3769	3058	3686	2853	3587
MOO	3861.0	1602.0	329	1
3910	1607	3839	1273	3755	1797	3942	1731
BJO	1482.0	3327.0	365	1
1644	3308	1305	3391	1668	3421	1311	3191
SGV	628.0	1365.0	443	1
648	1462	459	1290	541	1355	865	1356
XJK	2984.0	1502.0	476	1
3013	1487	3169	1515	2813	1465	2942	1541
RKV	1027.0	4115.0	317	1
972	3957	1137	3838	875	4377	1127	4291
KKU	1764.0	3281.0	200	1
1913	3135	1685	3463	1560	3416	1899	3110
LOT	4038.0	1344.0	359	1
4024	1197	4026	1225	3930	1514	4175	1442
EXW	607.0	1051.0	312	1
369	878	636	1237	684	1232	742	858
YJN	1303.0	3074.0	312	1
1236	3157	1222	3003	1569	3076	1186	3060
IZV	1316.0	3552.0	437	1
997	3634	1381	3369	1410	3720	1477	3488
RAI	2713.0	3554.0	476	1
2931	3464	2915	3468	2521	3824	2485	3461
UBS	2326.0	852.0	237	1
2575	987	2444	820	2241	615	2044	988
AJB	2764.0	947.0	402	1
2811	1036	2674	1006	2826	982	2746	764
PAE	587.0	769.0	464	1
723	642	720	579	367	819	541	1038
SRF	4332.0	1428.0	278	1
4315	1446	4499	1487	4263	1617	4252	1162
ZRA	4129.0	3734.0	378	1
4317	3679	3939	3748	4029	3748	4231	3761
ODK	660.0	1311.0	400	1
868	1048	569	1333	712	1234	492	1632
JJU	407.0	542.0	439	1
547	550	475	414	356	611	251	594
KBI	987.0	721.0	423	1
1029	733	772	372	1303	905	844	875
UFU	763.0	4255.0	248	1
1033	3996	894	4477	491	4329	637	4218
DKN	256.0	2596.0	407	1
155	2830	152	2501	268	2479	451	2575
VEQ	2434.0	3801.0	257	1
2575	3751	2379	3822	2457	3811	2327	3823
CNJ	894.0	1991.0	240	1
1059	2143	989	1859	953	1934	575	2031
OQL	2551.0	1721.0	228	1
2616	1445	2311	1789	2752	1919	2526	1733
