ODP	891.0	783.0	195	1
574	961	1027	847	993	874	972	453
SGP	4209.0	1180.0	255	1
3847	1379	4326	1122	4323	1154	4343	1066
BQV	1711.0	2423.0	71	1
1586	2318	1592	2260	2022	2677	1645	2439
XZG	3170.0	2997.0	214	1
3126	3010	2988	3041	3212	2773	3354	3165
YLN	1230.0	3557.0	125	1
1003	3667	1085	3362	1459	3399	1373	3803
SQD	1086.0	646.0	214	1
1137	547	1261	838	1042	781	905	419
JSR	4145.0	4020.0	250	1
4263	4159	4165	3917	4009	3927	4143	4077
RYH	2214.0	2686.0	207	1
1947	2630	2258	2787	2393	2585	2258	2743
TYV	3798.0	920.0	17	1
3694	772	3808	1034	3739	876	3952	1000
NXS	726.0	3992.0	149	1
644	3837	846	3860	672	4088	743	4183
IBP	3184.0	4254.0	0	1
3062	4288	3049	4465	3232	4040	3395	4226
TQQ	1140.0	2526.0	106	1
1166	2590	1302	2418	909	2328	1186	2770
DAK	4126.0	2889.0	267	1
3923	2847	4265	2785	4221	2905	4097	3020
TMC	2416.0	3943.0	88	1
2508	3981	2205	3736	2582	4064	2369	3991
WXK	3995.0	3251.0	10	1
4019	2984	3933	3439	4110	3130	3918	3454
YNK	3527.0	3696.0	28	1
3484	3835	3719	3815	3735	3527	3172	3609
LZP	4158.0	385.0	267	1
3965	400	4130	614	4287	309	4253	219
JEO	3393.0	1955.0	160	1
3316	1593	3491	2072	3373	2112	3395	2044
WQK	1193.0	821.0	159	1
1239	1089	988	987	1066	588	1482	622
EOJ	1859.0	3378.0	88	1
1946	3416	1588	3339	2038	3268	1865	3492
LUM	2169.0	2631.0	282	1
2177	2700	2288	2670	2092	2456	2120	2701
NUN	1502.0	3023.0	193	1
1527	2939	1380	3141	1768	3116	1336	2896
MRL	4312.0	2618.0	19	1
4436	2464	4351	2770	4202	2765	4262	2476
NXQ	3036.0	1074.0	45	1
3096	917	3063	1081	2811	1058	3174	1240
TBS	2619.0	3965.0	89	1
2798	4167	2801	4123	2457	3704	2420	3868
VBV	3824.0	2343.0	104	1
3740	2038	3875	2598	3616	2286	4068	2453
CBG	3772.0	1801.0	88	1
3617	1943	3891	1835	3917	1560	3663	1867
FMD	1845.0	2028.0	135	1
1886	1912	1949	1765	1798	2117	1749	2320
UYP	3241.0	2678.0	160	1
3273	2784	3313	2693	3177	2637	3203	2598
TWM	1456.0	4086.0	111	1
1585	4008	1401	4184	1473	3917	1366	4235
IXW	3286.0	1350.0	285	1
3075	1552	3345	1282	3150	1398	3575	1169
DID	2954.0	1398.0	11	1
3050	1546	2746	1471	2847	1307	3174	1270
ROT	2305.0	4001.0	272	1
2201	3866	2201	4040	2641	4058	2180	4041
CLZ	1601.0	740.0	135	1
1780	561	1499	831	1415	956	1711	615
LXN	482.0	3389.0	118	1
262	3440	416	3230	650	3569	603	3317
KLT	2589.0	2237.0	22	1
2554	1979	2578	2333	2884	2299	2343	2337
SFW	592.0	4058.0	97	1
508	3935	818	4376	496	4016	548	3906
LSA	768.0	2402.0	126	1
800	2509	963	2163	740	2282	571	2654
ZZE	1232.0	3237.0	116	1
1178	3221	1169	3165	1465	3118	1116	3447
YOL	1924.0	3487.0	109	1
2161	3294	1751	3352	2124	3739	1662	3566
QWC	2770.0	2683.0	235	1
2823	2720	2903	2440	2567	2890	2790	2684
HTC	3392.0	3614.0	223	1
3566	3583	3220	3577	3418	3654	3364	3645
IHI	684.0	1794.0	6	1
594	1721	835	1810	475	1704	834	1942
KYF	1836.0	2516.0	254	1
2004	2458	1746	2793	1705	2289	1891	2525
QAS	4023.0	283.0	164	1
3620	122	4117	474	4174	209	4181	327
IQN	3452.0	3921.0	125	1
3402	3964	3415	3800	3691	3798	3302	4122
WDP	604.0	2796.0	215	1
649	2756	831	2880	652	2902	284	2647
AQO	3295.0	1459.0	54	1
3463	1619	3378	1462	3166	1240	3176	1515
UVS	3675.0	1726.0	271	1
3572	1812	3722	1635	3952	1822	3455	1635
DNH	3652.0	787.0	76	1
3681	1018	3642	672	3628	806	3659	654
