JCM	3314.0	1126.0	231	1
3083	1306	3358	1027	3573	1242	3244	930
SNB	1074.0	3176.0	239	1
1239	3298	1005	3249	1044	2969	1010	3188
UFR	1630.0	990.0	272	1
1798	1132	1649	678	1430	1066	1645	1087
KOF	2360.0	3272.0	318	1
2617	2982	2087	3524	2199	3161	2539	3423
GOT	4061.0	2340.0	328	1
4241	2261	4113	2140	3778	2388	4113	2573
KBM	3365.0	272.0	351	1
3282	506	3324	197	3431	174	3426	213
IBR	3092.0	2749.0	218	1
3041	2719	3264	2658	3154	2680	2912	2942
GDF	4008.0	1659.0	445	1
3818	1769	3984	1639	3978	1765	4252	1463
QPM	3934.0	852.0	369	1
4157	752	3660	663	3708	808	4212	1188
FAS	1046.0	2042.0	237	1
1196	2214	1154	1745	1006	2266	829	1945
HLN	3059.0	2300.0	290	1
3094	2449	3139	2460	2930	2177	3076	2114
QFF	4237.0	1355.0	381	1
4430	1440	4279	1047	4016	1355	4225	1580
RYT	745.0	4374.0	491	1
978	4427	583	4538	908	4283	512	4248
HIR	735.0	871.0	293	1
651	916	774	960	683	989	832	622
ASM	2007.0	2787.0	493	1
1750	2579	1853	2797	2295	2929	2130	2844
EMW	4063.0	4152.0	284	1
4179	3954	4027	4057	4138	4158	3910	4441
KJW	3179.0	566.0	215	1
3272	461	2875	854	3188	613	3381	338
TDY	2633.0	1792.0	441	1
2561	1651	2548	2025	2840	1683	2583	1809
EAU	3741.0	1781.0	483	1
3894	1789	3883	1855	3732	1949	3457	1532
XHW	541.0	724.0	464	1
518	951	702	486	705	745	242	716
WVU	3091.0	4299.0	400	1
2800	4211	3109	4318	3092	4470	3366	4197
ZXM	738.0	1254.0	373	1
648	1323	879	1284	756	1172	671	1239
TOS	3246.0	960.0	212	1
3198	787	2995	819	3507	1214	3287	1020
MTT	2491.0	688.0	477	1
2663	521	2554	519	2315	877	2434	837
ZPZ	3041.0	475.0	264	1
3018	315	3302	265	2860	746	2987	574
RMA	3806.0	955.0	365	1
3832	861	3725	1100	3788	995	3880	864
RLS	603.0	1335.0	286	1
452	1381	412	1256	723	1455	825	1251
ZUN	2090.0	2193.0	497	1
1751	2280	2231	1962	2253	2171	2125	2361
RYS	3509.0	622.0	409	1
3318	551	3636	551	3343	603	3742	784
WWT	3438.0	927.0	462	1
3453	1031	3423	731	3499	896	3380	1051
OVV	4333.0	2003.0	237	1
4524	2084	4367	1809	4361	1812	4083	2310
YTL	4545.0	2987.0	208	1
4477	3180	4536	2774	4630	3118	4538	2876
DUN	2029.0	758.0	344	1
1943	837	2058	888	2015	688	2101	621
ASC	1452.0	4230.0	418	1
1574	3912	1222	4151	1718	4409	1295	4448
UCI	1182.0	918.0	480	1
1190	612	1019	1074	1040	918	1480	1068
YDQ	4264.0	856.0	361	1
4588	477	4175	1037	4107	1011	4187	900
PQZ	2235.0	2272.0	368	1
2275	2137	2423	2173	2159	2212	2086	2567
ULJ	445.0	1836.0	346	1
376	1830	419	1681	345	1957	641	1878
SCR	1534.0	3758.0	435	1
1506	3754	1565	3825	1699	3462	1367	3994
ZAQ	1814.0	3745.0	422	1
1776	4022	2025	3769	1764	3587	1692	3602
EJG	2625.0	4434.0	491	1
2673	4196	2654	4508	2547	4526	2629	4509
FSV	3390.0	3121.0	289	1
3342	3083	3352	3246	3421	2974	3446	3184
WAR	3469.0	3650.0	247	1
3671	3532	3343	3866	3550	3402	3315	3803
ERL	2330.0	1228.0	433	1
2455	1346	2540	1041	2124	1129	2202	1399
LEB	2758.0	1156.0	431	1
2791	896	2853	1231	2677	1154	2713	1343
SPS	4179.0	3757.0	255	1
4065	3791	4302	3747	4098	3727	4253	3765
MUN	3490.0	710.0	391	1
3363	943	3564	958	3761	518	3275	422
IUT	4192.0	1125.0	213	1
4312	1003	4250	1100	4120	1277	4088	1121
ACF	1503.0	1109.0	281	1
1608	1056	1693	934	1451	1278	1260	1169
OMJ	1089.0	587.0	215	1
1206	542	972	428	907	853	1273	525
