QOD	1227.0	3796.0	230	1
1282	3856	1054	3848	1309	3613	1265	3869
HZP	2836.0	1073.0	288	1
2722	899	2741	1240	2703	1268	3179	888
KZW	832.0	3970.0	80	1
529	4265	700	3770	1099	4037	1000	3809
XWO	2298.0	1025.0	211	1
2466	1003	2339	1194	2068	846	2320	1058
VWJ	2245.0	2690.0	259	1
2253	2904	2438	2548	2323	2710	1969	2598
DGT	3566.0	1648.0	222	1
3468	1586	3708	1856	3628	1462	3463	1690
AYO	625.0	3930.0	182	1
519	4105	572	4031	583	3667	826	3920
BWI	3718.0	827.0	168	1
3940	789	3387	727	3616	845	3929	950
IGR	2509.0	3463.0	5	1
2657	3189	2711	3663	2325	3634	2345	3367
NOX	1923.0	1366.0	144	1
1872	1113	1707	1572	1936	1377	2177	1402
CPT	3915.0	4063.0	101	1
3680	4156	3839	4211	4129	3944	4015	3943
RXG	612.0	3047.0	31	1
614	3140	544	3159	671	3132	619	2758
RAK	2311.0	3853.0	236	1
2218	3956	2520	3813	2223	3722	2283	3922
VJO	3792.0	973.0	29	1
3799	934	3967	1200	3766	777	3636	983
PWW	4070.0	2719.0	124	1
4041	2693	4060	2570	4170	2805	4011	2808
UUP	1836.0	596.0	217	1
1744	399	1992	694	1920	653	1688	639
QUG	1962.0	2662.0	150	1
2197	2664	2046	2792	1764	2782	1842	2413
OHG	1065.0	3144.0	278	1
1136	3070	885	3096	1222	3347	1017	3066
ZQI	765.0	1027.0	223	1
596	850	814	1307	817	1105	833	849
TGU	606.0	527.0	94	1
793	350	734	770	426	354	474	636
VVU	612.0	2902.0	213	1
370	2782	773	2773	672	3060	636	2996
LHP	2968.0	1771.0	122	1
2946	1701	2833	1917	2917	1712	3177	1757
VBZ	1687.0	3392.0	165	1
1840	3274	1871	3494	1645	3295	1393	3505
QMB	2598.0	2851.0	23	1
2319	2962	2685	2730	2740	2946	2649	2769
KIJ	601.0	4342.0	253	1
311	4344	779	4436	630	4414	687	4176
DUP	3088.0	3141.0	152	1
3162	3279	3026	2858	3072	3193	3094	3237
XXP	2571.0	457.0	104	1
2653	447	2648	541	2450	402	2534	440
CWP	3163.0	3351.0	119	1
2918	3428	3363	3430	2918	3044	3454	3504
ZUC	2265.0	4271.0	193	1
2239	4274	2317	4181	2412	4312	2092	4318
YBS	3810.0	769.0	4	1
4056	702	3627	561	3640	911	3919	903
GHW	4224.0	784.0	128	1
4452	880	3885	494	4405	1009	4154	756
YFP	3012.0	4171.0	237	1
2945	3910	2688	4226	3261	4349	3154	4202
NEP	1320.0	1492.0	184	1
1569	1379	1026	1500	1259	1598	1427	1493
XEK	3657.0	1745.0	174	1
3783	1776	3646	1655	3703	1917	3496	1633
BPQ	857.0	3738.0	162	1
995	3647	551	3992	951	3677	933	3639
QPU	2361.0	2567.0	225	1
2354	2712	2387	2506	2236	2423	2469	2629
EIL	1094.0	4210.0	45	1
1067	4494	1434	4151	894	4047	984	4148
XWW	2773.0	349.0	94	1
2810	258	2827	255	2954	165	2502	719
RUH	3894.0	1547.0	29	1
3895	1748	3843	1425	3848	1532	3992	1485
AWW	3700.0	1630.0	184	1
3416	1868	3851	1692	3776	1552	3757	1409
ZJS	1190.0	1177.0	234	1
1321	886	1137	1288	1067	1220	1238	1316
VOD	3086.0	2378.0	7	1
3155	2427	3099	2229	3064	2529	3027	2328
UMR	1693.0	2379.0	288	1
1661	2491	1486	2512	1783	2519	1845	1994
TAY	2675.0	3979.0	18	1
2310	3783	2750	4222	2816	3983	2825	3928
UDG	2767.0	665.0	101	1
2635	494	2999	837	2675	832	2762	500
QXC	1456.0	1123.0	212	1
1442	1036	1414	1124	1475	1108	1494	1224
GTX	3131.0	3993.0	194	1
3238	3849	3080	3862	3313	4243	2896	4020
DRX	958.0	3385.0	201	1
977	3249	1185	3464	632	3421	1039	3409
SUU	2318.0	1166.0	225	1
2393	1106	2547	1323	2323	1324	2012	912
HGU	641.0	1263.0	216	1
649	1256	522	1184	719	1316	677	1297
