QHY	1074.0	3241.0	470	1
1047	3241	1096	3097	1129	3173	1026	3454
VFO	411.0	1056.0	259	1
496	954	293	1278	602	830	256	1162
ALH	2328.0	1644.0	223	1
2336	1582	2250	1755	2366	1578	2360	1661
RAN	2190.0	4304.0	262	1
1921	4342	2138	4369	2385	4462	2317	4044
VAW	2784.0	2595.0	270	1
3092	2837	2653	2769	2671	2434	2722	2341
VTA	1872.0	1624.0	300	1
1664	1650	1668	1564	2112	1538	2045	1744
XHB	3263.0	1761.0	499	1
2957	1789	3472	1745	3385	1598	3241	1913
BKA	1807.0	3781.0	483	1
2038	3940	1604	3688	1842	3604	1746	3893
NPR	645.0	2071.0	451	1
699	2237	674	2030	667	1847	542	2171
PAM	2030.0	3605.0	249	1
2034	3701	2001	3686	2064	3606	2021	3430
EYZ	1930.0	3411.0	487	1
1906	3771	1817	3189	1937	3404	2063	3281
WVI	1253.0	4141.0	280	1
1031	4121	998	3918	1429	4168	1556	4360
ZAZ	3860.0	1824.0	474	1
3882	1835	3842	1933	4032	1589	3684	1940
FYT	1005.0	2728.0	455	1
832	2883	1237	2872	1052	2642	901	2515
LTA	1442.0	2087.0	372	1
1076	1970	1563	2104	1555	2045	1577	2231
VMS	1293.0	3461.0	270	1
1181	3418	1136	3384	1277	3807	1579	3237
ZNJ	1768.0	2733.0	439	1
1968	2877	1635	2526	1726	3057	1743	2473
BUO	1555.0	2935.0	498	1
1540	2971	1273	2924	1726	3050	1683	2795
BWL	3609.0	3217.0	371	1
3749	3280	3755	3177	3592	3125	3342	3289
XIN	2818.0	1428.0	487	1
2791	1322	3137	1685	2619	1350	2728	1357
DDR	1899.0	1170.0	353	1
1889	1374	1998	1030	1592	891	2120	1387
VXZ	3608.0	4284.0	219	1
3621	4173	3700	4366	3348	4333	3765	4265
NCW	875.0	491.0	213	1
1009	450	1140	376	626	503	728	635
WWJ	3621.0	4289.0	355	1
3736	4455	3608	4149	3312	4256	3831	4298
ZVI	1692.0	1790.0	252	1
1863	2008	1462	1806	1665	1676	1780	1670
TRW	1408.0	1136.0	231	1
1600	1306	1578	996	1081	992	1375	1250
TBY	3286.0	736.0	228	1
3084	851	3472	394	3433	800	3157	901
SWO	4317.0	4408.0	309	1
4261	4213	4467	4574	4479	4383	4064	4464
GLJ	3099.0	1022.0	450	1
3030	1178	3150	853	3309	1028	2908	1032
LXF	476.0	980.0	258	1
576	806	293	1090	376	1036	661	990
NIZ	1654.0	3055.0	376	1
1518	3047	1860	3229	1496	3117	1742	2827
QZG	633.0	1460.0	363	1
665	1260	633	1505	399	1362	837	1713
DWN	1632.0	2269.0	416	1
1724	2331	1689	2192	1488	2341	1627	2213
FPS	3174.0	2123.0	230	1
3283	2156	3311	2120	3135	2133	2967	2084
CXR	2830.0	4112.0	278	1
2703	4326	2632	4032	3024	4313	2962	3780
YWB	1364.0	4307.0	483	1
1116	4465	1556	4449	1516	4066	1271	4248
SGE	1467.0	4145.0	404	1
1591	4291	1292	4089	1530	4113	1458	4088
UUC	3715.0	4303.0	435	1
3714	4062	3882	4502	3780	4230	3487	4419
CKH	992.0	3791.0	236	1
860	3713	1210	3989	1000	3770	900	3693
SEY	1514.0	1151.0	291	1
1675	946	1443	902	1568	1486	1372	1273
KID	2926.0	2206.0	354	1
2697	2220	3168	2034	2861	2436	2981	2135
QMB	672.0	573.0	324	1
681	794	636	511	599	414	772	576
ICX	4325.0	911.0	245	1
4387	1171	4086	695	4195	982	4632	798
PGK	1676.0	1116.0	402	1
1887	893	1615	1366	1661	921	1541	1285
KKZ	2861.0	1397.0	309	1
3058	1301	2878	1500	2849	1603	2659	1187
DEV	3810.0	2283.0	428	1
4026	2255	3675	2508	3640	2029	3901	2341
YLO	2493.0	3967.0	389	1
2459	3811	2573	4234	2324	3827	2617	3996
UWI	1903.0	964.0	368	1
2050	1338	1657	851	2137	833	1769	837
KGF	3518.0	2244.0	396	1
3365	2419	3738	2075	3581	2081	3391	2404
RDS	2672.0	2032.0	209	1
2646	1821	2392	2265	2757	1778	2894	2267
