TQL	3227.0	4247.0	439	1
3339	3977	2899	4509	3364	4059	3308	4443
BMA	1701.0	3123.0	257	1
1751	3121	1755	3297	1476	3277	1824	2799
EGE	3268.0	576.0	253	1
3177	604	3367	539	3286	585	3244	576
WDN	404.0	795.0	402	1
413	984	443	660	321	994	439	544
QDL	2986.0	2097.0	498	1
2975	2287	2848	2353	2883	1854	3241	1896
HNT	3251.0	4118.0	479	1
3087	3997	3136	4054	3680	4187	3101	4235
KAB	2405.0	1758.0	305	1
2533	1569	2586	1698	2334	1981	2170	1784
DZM	1829.0	1234.0	433	1
1785	1103	1893	989	1696	1371	1942	1473
DUP	2605.0	1293.0	289	1
2715	1486	2798	1209	2472	1236	2437	1243
CPV	1406.0	3755.0	250	1
1313	3776	1115	3712	1539	3841	1657	3691
YFH	1525.0	3302.0	371	1
1695	3618	1431	3028	1549	3436	1426	3126
MGR	1797.0	2301.0	216	1
1823	2249	1793	2202	1570	2294	2003	2462
IBO	3773.0	875.0	231	1
3551	826	3950	1028	3903	677	3688	972
VVY	3245.0	2045.0	346	1
3425	1993	3420	2259	2987	1953	3148	1978
WFA	1806.0	4038.0	208	1
1769	4332	2029	3999	1532	4022	1896	3802
FHQ	4336.0	3249.0	244	1
4372	3147	4499	3080	4237	3172	4239	3597
DES	3674.0	3163.0	393	1
3384	3100	3755	3135	3787	3394	3772	3023
PCG	2356.0	4301.0	386	1
2166	4284	2223	4319	2434	4270	2602	4331
BMQ	3541.0	1002.0	426	1
3413	691	3525	1217	3664	1221	3563	882
YKX	4000.0	2765.0	350	1
4039	2624	3999	2916	3815	2726	4147	2795
YGE	1953.0	2660.0	482	1
1987	2541	2033	2634	2004	2797	1788	2670
WRY	2797.0	1627.0	465	1
2928	1714	2590	1424	2917	1818	2755	1552
FTG	3379.0	4237.0	377	1
3286	4274	3277	4118	3580	4406	3376	4151
ZHV	2491.0	1765.0	223	1
2197	1660	2598	1991	2521	1656	2651	1755
TGM	288.0	542.0	353	1
179	313	577	735	208	484	191	639
YLM	549.0	1507.0	445	1
715	1487	361	1458	758	1717	363	1368
ZSE	678.0	1937.0	462	1
875	1895	569	2008	690	1829	581	2016
YFR	3957.0	598.0	281	1
3793	320	3835	545	4030	767	4170	760
REC	3310.0	3272.0	338	1
3511	3360	3495	3117	3138	3561	3099	3051
DOQ	4299.0	1216.0	355	1
4021	967	4382	1530	4451	1303	4343	1067
EPO	4273.0	611.0	306	1
4196	342	4104	607	4317	794	4477	702
LCN	1586.0	2480.0	279	1
1271	2513	1827	2317	1735	2451	1512	2640
ILO	2681.0	3287.0	264	1
2898	3094	2500	3552	2789	3116	2539	3388
HLH	1249.0	1399.0	458	1
1385	1407	1353	1336	988	1266	1271	1589
YYJ	4137.0	3969.0	297	1
3975	3831	3997	4009	4263	3945	4315	4091
GBJ	740.0	3096.0	328	1
875	3100	705	3107	960	2917	420	3261
MSN	2453.0	427.0	487	1
2210	329	2733	329	2608	314	2263	736
WUT	4216.0	1460.0	246	1
4245	1283	4174	1537	3957	1436	4489	1587
PVG	1340.0	3885.0	338	1
1345	4049	1555	3718	1215	3603	1245	4173
HBE	2357.0	1603.0	470	1
2056	1783	2620	1371	2375	1723	2379	1536
UQC	1983.0	4179.0	483	1
2052	4485	1762	4035	1943	3948	2178	4250
HPC	3699.0	4118.0	408	1
3735	4151	3689	3901	3754	4213	3619	4207
EBT	632.0	3510.0	453	1
719	3542	576	3501	643	3479	591	3520
HWT	2076.0	1741.0	476	1
2098	1799	2125	1996	1991	1614	2092	1556
BGM	1134.0	3974.0	307	1
1223	3897	1212	3978	1082	4125	1019	3899
YAI	1677.0	3522.0	477	1
1649	3488	1678	3366	1854	3534	1527	3701
HML	3698.0	3939.0	409	1
3789	4154	3463	3590	3626	3943	3915	4071
PBL	902.0	1549.0	210	1
878	1516	837	1372	984	1839	912	1470
HSY	1621.0	3192.0	479	1
1518	3150	1733	3127	1705	3105	1528	3386
WUI	626.0	2906.0	490	1
658	2939	426	3023	595	2851	825	2812
