UZI	963.0	766.0	168	1
918	930	889	713	1063	802	982	622
GXP	1374.0	3733.0	290	1
1160	3754	1472	3791	1458	3745	1407	3645
YJA	1388.0	1536.0	223	1
1347	1355	1310	1671	1484	1683	1414	1436
GZG	654.0	4465.0	16	1
643	4230	901	4630	415	4472	657	4530
TOF	4261.0	3310.0	189	1
4136	3384	4205	3073	4139	3404	4564	3380
DUU	3812.0	2194.0	134	1
4142	2105	3719	2261	3735	2085	3655	2327
HMJ	926.0	2968.0	262	1
1134	2814	667	3180	898	2894	1006	2985
BVH	1782.0	1812.0	248	1
1552	2015	1861	1935	1727	1518	1988	1783
HVE	680.0	2410.0	290	1
592	2240	976	2179	647	2601	507	2622
WVB	1676.0	1582.0	216	1
1856	1650	1581	1863	1418	1458	1850	1360
LZL	2382.0	2201.0	108	1
2287	2170	2281	2069	2480	2477	2480	2091
HSJ	1769.0	1787.0	277	1
1647	1821	1822	1545	1802	1876	1806	1907
NIC	2259.0	2037.0	55	1
2510	1801	2009	2299	2234	1886	2284	2164
XEB	2907.0	944.0	211	1
2647	1264	3070	795	2956	1043	2955	677
MTW	2558.0	1878.0	299	1
2597	1732	2313	2140	2629	1727	2695	1915
QAT	3145.0	1237.0	235	1
3294	1229	2934	1160	3428	1148	2925	1413
WGK	1800.0	3929.0	122	1
1720	4027	1557	4217	2020	3725	1904	3749
WDE	3915.0	3257.0	169	1
3765	3117	4029	3244	3937	3515	3931	3154
JRU	2472.0	3823.0	153	1
2412	3926	2378	3810	2539	3760	2562	3796
HKC	1440.0	2994.0	85	1
1338	3108	1519	2740	1357	3148	1547	2981
URZ	3735.0	1906.0	166	1
3640	1933	3881	1554	3768	2081	3653	2057
WRE	3212.0	2245.0	290	1
3240	2431	3429	2061	3006	2249	3176	2242
TOY	675.0	1101.0	209	1
614	1182	860	802	532	1242	694	1179
UBH	2801.0	2628.0	88	1
2820	2537	2730	2504	2753	2710	2902	2764
WTH	1902.0	3283.0	259	1
1818	3089	1882	3240	1854	3585	2054	3219
HAN	799.0	4395.0	118	1
826	4507	696	4115	910	4444	765	4516
PHK	1588.0	2150.0	218	1
1682	2016	1684	2079	1715	2331	1273	2176
TVH	3164.0	3679.0	185	1
3259	3621	3164	3630	3015	3583	3218	3882
OXV	3709.0	1452.0	142	1
3795	1575	3760	1283	3679	1647	3603	1305
HIN	4197.0	619.0	266	1
4157	619	4090	648	4293	803	4249	407
XBX	2364.0	606.0	0	1
2405	514	2409	484	2235	702	2408	724
MAK	2847.0	3061.0	39	1
2825	2942	2969	3366	2604	3023	2991	2914
QCA	1534.0	635.0	40	1
1399	731	1715	714	1754	370	1269	726
GOW	3835.0	1581.0	135	1
3686	1424	4242	1532	3737	1511	3675	1857
MXR	2554.0	1976.0	255	1
2443	2068	2407	1940	2689	1916	2680	1982
GIG	572.0	921.0	213	1
512	947	470	1173	704	794	602	773
VMA	4201.0	1483.0	283	1
4104	1496	4386	1512	4016	1528	4298	1398
HUB	843.0	4069.0	41	1
542	4059	863	3908	991	3936	976	4376
FUF	2174.0	3916.0	250	1
2076	4075	2321	3885	2179	3824	2120	3880
DWR	806.0	907.0	253	1
1086	968	653	624	733	1003	755	1034
DCA	1730.0	4455.0	111	1
1715	4366	1858	4107	1596	4689	1754	4658
BRC	2217.0	4068.0	73	1
2502	4060	2188	3956	2045	3948	2134	4309
ZFW	2829.0	3989.0	105	1
2964	4132	2566	4050	2846	3923	2943	3852
JNO	1423.0	613.0	101	1
1583	472	1480	874	1527	599	1105	508
QVP	2225.0	1889.0	179	1
2414	1985	2017	1894	2224	1718	2245	1961
CPN	4219.0	1843.0	137	1
3975	2071	4364	1623	4120	2092	4420	1588
AUD	1116.0	1023.0	241	1
1177	937	1155	1017	1106	1166	1027	973
UWA	2379.0	4206.0	90	1
2356	4210	2349	4042	2380	4179	2431	4396
FVW	1278.0	614.0	230	1
1184	835	1086	604	1495	495	1347	523
DPW	1735.0	1924.0	206	1
1598	1933	1948	1701	1742	2001	1655	2064
