BIS	1237.0	338.0	367	1
1282	153	1396	294	918	432	1354	475
MVY	1244.0	1625.0	478	1
1277	1604	1040	1617	1288	1519	1373	1760
SJL	2108.0	2475.0	466	1
2135	2457	2199	2458	2141	2528	1957	2460
ZOU	4118.0	4393.0	408	1
3947	4303	4003	4500	4292	4403	4230	4368
OYO	1687.0	2970.0	338	1
1439	2843	1928	2955	1647	2820	1735	3264
VIG	2752.0	501.0	316	1
2907	745	2811	255	2594	336	2698	670
UCJ	3298.0	3137.0	415	1
3184	3352	3286	3434	3350	2892	3372	2871
DKB	1990.0	1253.0	463	1
2148	1308	1920	1232	1795	1230	2099	1242
XUT	802.0	1794.0	458	1
597	1711	884	1732	770	1763	957	1970
TLQ	3122.0	2676.0	265	1
3034	2727	3183	2649	3321	2616	2952	2712
BPK	2835.0	1652.0	232	1
2791	1683	2800	1831	2833	1681	2916	1414
LSJ	3457.0	958.0	264	1
3560	817	3448	868	3585	1005	3236	1142
FIW	2222.0	1812.0	280	1
2203	1719	2060	1811	2285	2052	2343	1666
NCR	3913.0	1506.0	440	1
3826	1486	3715	1663	4147	1508	3964	1370
YQH	759.0	1334.0	451	1
717	1405	893	1267	736	1583	692	1083
KKF	4308.0	3686.0	485	1
4335	3588	4328	3784	4060	3724	4510	3649
UQW	1607.0	3918.0	248	1
1437	3860	1603	3751	1687	3751	1701	4311
KKA	914.0	4180.0	303	1
1071	4432	784	4067	927	4075	874	4149
YOT	1876.0	913.0	250	1
1849	1008	1944	781	1840	972	1872	893
YYS	4374.0	1019.0	386	1
4363	850	4567	1119	4344	1138	4223	972
RXZ	488.0	511.0	256	1
606	444	294	612	432	645	620	344
RCX	866.0	688.0	388	1
790	732	647	579	1010	895	1020	549
AQV	4368.0	1970.0	332	1
4503	1814	4236	2075	4353	2076	4380	1917
WFG	2727.0	2358.0	209	1
2816	2263	2763	2196	2700	2307	2631	2668
ACL	4093.0	2258.0	474	1
4160	2091	4150	2516	4147	2310	3916	2116
XUA	1570.0	2291.0	463	1
1590	2392	1370	2366	1582	2248	1741	2161
YML	561.0	3259.0	209	1
738	3148	543	3309	200	3152	766	3428
DRD	3330.0	4212.0	286	1
3182	4109	3160	4086	3566	4335	3415	4318
QJX	2442.0	2966.0	413	1
2346	2871	2380	3184	2441	2764	2604	3047
TMW	2885.0	3376.0	283	1
2685	3221	3077	3287	2903	3481	2877	3516
CMN	620.0	4313.0	370	1
528	4377	690	4127	726	4524	536	4227
BHM	3966.0	539.0	255	1
4266	497	3711	685	3690	454	4200	521
AXX	3593.0	2609.0	226	1
3381	2532	3708	2485	3653	2684	3631	2736
AFJ	477.0	2217.0	210	1
709	2350	395	2314	262	2194	544	2010
VQZ	2825.0	1104.0	411	1
2838	1024	2646	1088	2908	1247	2911	1057
DXC	983.0	1198.0	310	1
945	1372	1052	1223	1024	1039	914	1160
YRE	3888.0	2789.0	406	1
3710	2762	4096	2943	3864	2872	3884	2582
ZUG	1624.0	482.0	293	1
1740	568	1520	571	1416	509	1823	281
JJM	348.0	2631.0	202	1
563	2654	231	2608	184	2411	415	2853
SRA	3144.0	2069.0	360	1
2949	1994	3044	2091	3306	2209	3280	1984
YVQ	1577.0	3527.0	469	1
1422	3382	1618	3591	1408	3387	1862	3751
VSR	878.0	2272.0	378	1
868	2348	862	2022	906	2264	878	2454
WJS	1346.0	1228.0	411	1
1282	1269	1317	1251	1437	1156	1348	1236
YCL	2477.0	3869.0	357	1
2598	3582	2416	4097	2489	3710	2406	4087
MRW	1803.0	1624.0	403	1
1965	1539	1644	1752	1932	1493	1674	1712
EGU	2164.0	590.0	331	1
2326	818	2185	380	2065	538	2081	626
IEV	1401.0	985.0	355	1
1446	1138	1314	789	1536	1042	1311	971
JLN	3938.0	760.0	354	1
3818	797	4097	855	4022	691	3816	698
SJT	2269.0	3345.0	233	1
1971	3337	2240	3216	2389	3390	2477	3439
UBT	2318.0	2268.0	337	1
2273	2395	2382	2347	2071	2098	2546	2233
