PBD	1004.0	585.0	434	1
1052	589	1034	588	1112	608	819	555
NDU	1851.0	3419.0	284	1
1711	3516	1962	3523	2027	3258	1704	3381
HMN	2195.0	3840.0	246	1
2214	3954	2027	3684	2332	4019	2210	3703
PKN	2581.0	2107.0	360	1
2447	2208	2608	2193	2641	2015	2628	2013
YWT	2612.0	1438.0	411	1
2478	1453	2705	1520	2679	1578	2587	1203
KTV	2709.0	2913.0	358	1
2344	3094	2787	2739	2863	2921	2845	2901
RPQ	977.0	1619.0	373	1
1057	1565	1140	1658	865	1723	849	1533
BRO	1172.0	1960.0	349	1
1330	1913	1188	2111	1057	1849	1115	1969
OCW	3752.0	2148.0	473	1
3615	2294	3827	2050	3720	2087	3846	2164
ZXQ	2974.0	3823.0	373	1
2818	3860	3173	3574	2907	3858	2999	4003
POI	816.0	3927.0	273	1
875	3705	883	4056	717	3810	791	4140
ZGR	3316.0	2835.0	447	1
3129	2815	3482	3091	3366	2863	3287	2574
TCA	2844.0	2068.0	351	1
3051	2291	2641	2009	2729	1965	2958	2008
LIJ	2567.0	612.0	359	1
2384	808	2837	498	2383	398	2666	745
WCC	3204.0	589.0	480	1
3262	460	3053	790	3229	308	3275	798
ULB	1259.0	2868.0	214	1
1381	2871	1342	2669	1127	2778	1188	3155
KYA	864.0	3320.0	441	1
705	3355	956	3268	918	3369	879	3288
JLE	1897.0	734.0	262	1
1937	749	1816	634	2117	625	1721	931
RNO	1403.0	1280.0	398	1
1501	1207	1432	1145	1331	1511	1351	1257
TNK	3979.0	2621.0	477	1
4232	2705	3806	2328	4026	2622	3852	2831
AHM	3000.0	1193.0	414	1
2867	1151	2847	955	3262	1322	3027	1346
MLE	1355.0	3716.0	373	1
1333	3652	1347	3715	1356	3887	1386	3611
KEN	1087.0	4055.0	456	1
961	4267	1154	4248	1076	3856	1160	3852
WYC	2628.0	4219.0	212	1
2533	4277	2851	4310	2397	4255	2734	4034
LSH	575.0	1519.0	473	1
603	1608	642	1356	469	1739	586	1373
XXP	3522.0	2388.0	328	1
3454	2532	3502	2434	3613	2402	3519	2186
URB	1849.0	4442.0	417	1
2021	4538	1847	4347	1842	4597	1686	4289
CEQ	2118.0	1292.0	253	1
1947	1198	2422	1358	2087	1179	2016	1434
BEN	298.0	835.0	365	1
395	800	246	632	149	921	404	989
NTP	3657.0	676.0	287	1
3789	487	3824	793	3311	877	3706	548
CBL	2441.0	2276.0	334	1
2355	2253	2553	2232	2383	2234	2474	2388
RMA	3608.0	4346.0	336	1
3650	4389	3767	4289	3279	4236	3736	4472
DVS	1361.0	616.0	288	1
1475	597	1439	823	1417	492	1116	552
AIW	3594.0	1407.0	409	1
3850	1592	3632	1197	3602	1560	3293	1282
GYL	835.0	1821.0	485	1
763	1789	775	1950	893	1746	912	1799
GUL	1864.0	2337.0	497	1
1611	2514	1866	2334	2032	1983	1947	2520
CNZ	3926.0	3657.0	281	1
3989	3850	3781	3465	3877	3486	4059	3829
TRO	4397.0	2319.0	445	1
4437	2126	4235	2085	4369	2510	4548	2556
LPN	2441.0	3421.0	262	1
2327	3305	2590	3327	2245	3546	2603	3509
ZBD	4176.0	4174.0	253	1
3922	3938	4272	4241	4226	4285	4286	4235
MYQ	1496.0	3401.0	340	1
1685	3512	1513	3415	1381	3457	1407	3222
AWK	1348.0	2296.0	281	1
1260	2360	1416	2378	1412	2295	1306	2153
HKL	4220.0	1064.0	280	1
4057	1033	4384	1014	4295	1110	4147	1100
QNG	454.0	2759.0	455	1
298	2696	459	2591	473	2951	587	2799
IWE	3391.0	3534.0	217	1
3447	3413	3517	3539	3173	3529	3427	3657
YYN	3548.0	4203.0	204	1
3598	4229	3567	4225	3435	4179	3593	4181
IPF	4341.0	1374.0	374	1
4467	1636	4037	1237	4472	1348	4391	1275
CBR	3037.0	1627.0	394	1
3127	1817	2978	1620	3073	1548	2973	1523
TGB	1499.0	1721.0	468	1
1336	1758	1623	1618	1704	1604	1336	1906
IYL	1682.0	4123.0	424	1
1667	4100	1781	4183	1473	4251	1810	3961
