PJT	1551.0	2533.0	240	1
1322	2773	1551	2775	1543	2314	1789	2272
VIL	3328.0	581.0	377	1
3211	726	3365	616	3370	318	3369	664
XGT	1815.0	3245.0	474	1
1814	3116	1550	3427	2032	3122	1864	3317
HYD	4247.0	3901.0	229	1
4177	4056	4317	3609	4392	3981	4105	3958
KNB	4026.0	706.0	269	1
4038	698	4105	706	3958	747	4005	675
TKH	1901.0	1535.0	221	1
1992	1756	1978	1593	1891	1404	1745	1387
VYS	2054.0	2273.0	380	1
2197	2376	1816	2239	2046	2110	2158	2370
XRW	3028.0	3210.0	207	1
3255	3077	2711	3215	2961	3255	3188	3295
BND	1498.0	789.0	359	1
1466	958	1586	838	1616	585	1324	775
BNV	3803.0	1263.0	229	1
3966	1139	3588	1099	3866	1248	3794	1566
QGZ	3833.0	2858.0	496	1
3733	2738	3633	3021	3884	2755	4085	2921
YAY	2438.0	3642.0	203	1
2418	3716	2325	3469	2529	3982	2481	3403
MWX	674.0	3620.0	361	1
474	3691	446	3810	888	3500	889	3479
ZAX	2773.0	916.0	398	1
2985	991	2599	901	2576	895	2934	878
XLZ	801.0	4129.0	210	1
723	4236	790	4140	953	3907	740	4235
DEO	4469.0	4293.0	429	1
4522	4397	4426	4265	4607	4116	4321	4396
GVG	3099.0	2158.0	420	1
3332	2346	3034	1991	2950	2096	3081	2199
VPB	881.0	754.0	224	1
699	861	1107	867	1049	879	669	411
BHY	4095.0	2402.0	305	1
4097	2205	4071	2387	3937	2630	4277	2388
OYX	3443.0	3525.0	450	1
3380	3652	3312	3536	3527	3676	3556	3237
KSR	2515.0	2728.0	338	1
2454	2899	2459	2587	2586	2438	2564	2990
NZC	1425.0	1515.0	302	1
1424	1710	1627	1577	1392	1410	1259	1365
ASB	3119.0	4271.0	439	1
2990	4623	3124	4239	3270	4073	3094	4149
DTK	2453.0	2186.0	381	1
2218	1958	2673	2153	2216	2242	2707	2394
LPW	4244.0	669.0	211	1
4545	753	4117	884	4122	464	4194	577
ZZH	1883.0	4096.0	271	1
1872	4009	1777	4319	1874	3936	2009	4122
CPL	2379.0	1379.0	361	1
2403	1337	2306	1353	2477	1346	2331	1482
PMH	1941.0	1217.0	473	1
1870	1124	2021	1230	2018	1306	1855	1208
HBV	1184.0	3551.0	451	1
945	3841	1464	3720	1215	3273	1113	3371
BTY	3761.0	3928.0	399	1
3779	4024	3508	3905	3920	3837	3837	3946
HST	2742.0	4122.0	398	1
2875	4339	2767	3866	2700	4384	2629	3902
SRO	1085.0	1156.0	352	1
1110	1165	1158	905	897	1139	1175	1416
NGU	2729.0	648.0	218	1
2527	749	2846	544	2694	803	2849	499
CTB	2881.0	3443.0	449	1
2706	3448	2798	3296	3025	3637	2995	3391
GSL	2972.0	1841.0	274	1
2893	1879	3138	1740	2902	1803	2956	1942
RPK	2175.0	532.0	214	1
2162	649	1981	323	2171	638	2388	520
ZZJ	592.0	2214.0	283	1
233	2571	777	2094	648	2092	713	2100
URY	1246.0	2927.0	446	1
1152	3002	1225	2793	1243	3029	1364	2886
PQT	574.0	1658.0	450	1
361	1708	812	1683	386	1619	739	1622
XIX	446.0	4248.0	264	1
303	4184	530	4196	475	4111	477	4501
LTL	3657.0	449.0	259	1
3542	396	3589	315	3679	697	3821	391
BHV	3403.0	2724.0	355	1
3390	2543	3442	2762	3392	2650	3391	2941
NSA	4206.0	3353.0	413	1
3930	3412	4172	3185	4273	3520	4450	3297
NVQ	3114.0	2544.0	273	1
3116	2525	3001	2459	2981	2608	3361	2587
GZQ	1275.0	2147.0	335	1
1325	2129	1226	2181	1337	2109	1212	2170
EER	3851.0	4268.0	405	1
3955	4148	3748	4330	4056	4342	3647	4253
LJI	928.0	3043.0	382	1
1135	2926	764	3035	763	3113	1051	3101
WBY	1753.0	580.0	279	1
1722	640	1854	719	1616	629	1822	332
TMM	3602.0	1760.0	494	1
3652	1696	3541	1655	3531	1729	3685	1961
WFR	699.0	1256.0	411	1
827	1418	729	1237	667	1135	575	1236
