QHJ	1488.0	3029.0	80	1
1621	2983	1668	3054	1303	2947	1360	3134
IPU	3048.0	4174.0	175	1
2977	3976	3276	4214	3013	4209	2927	4299
VNB	3129.0	1884.0	123	1
3335	1814	2911	1889	3025	2062	3245	1774
UJS	3761.0	3702.0	38	1
3635	3582	3627	3760	3842	3766	3941	3703
EQY	1057.0	1759.0	196	1
1328	1673	847	1809	1014	1716	1042	1839
TIP	3920.0	2040.0	196	1
3775	2271	3804	1928	4024	1852	4079	2110
LEI	819.0	946.0	211	1
522	1065	1042	880	817	892	898	948
YWZ	1139.0	3406.0	55	1
951	3372	1145	3492	1100	3420	1361	3342
TQV	2427.0	1222.0	129	1
2494	1137	2318	1417	2415	1253	2483	1083
UGF	3052.0	3041.0	223	1
2806	3202	2921	3296	3378	2946	3104	2721
PFY	2123.0	1461.0	244	1
2203	1303	2144	1672	1889	1401	2257	1471
ZTH	3832.0	1155.0	83	1
3591	1137	4082	1084	3789	1118	3866	1281
JDC	3082.0	1159.0	184	1
3130	992	2939	1263	2974	1411	3288	972
UEI	1413.0	3997.0	61	1
1194	4043	1436	3973	1490	4051	1534	3923
MPU	1972.0	2193.0	108	1
2053	2158	1897	2331	1765	1984	2175	2300
IEN	776.0	3771.0	43	1
644	3860	784	3700	732	3844	946	3682
SCP	2517.0	1903.0	154	1
2485	2039	2452	1954	2676	1782	2455	1837
HAU	654.0	2561.0	110	1
933	2707	634	2457	592	2430	459	2650
ELD	1429.0	2344.0	46	1
1680	2486	1559	2274	1351	2344	1128	2272
FAC	1337.0	926.0	276	1
1147	1069	1441	1064	1340	873	1421	700
HVP	3825.0	3214.0	79	1
3971	3300	3875	3072	3720	3410	3737	3074
RNP	454.0	4312.0	135	1
475	4264	447	4375	403	4483	493	4128
MRR	2894.0	2523.0	265	1
3011	2621	2779	2509	2746	2459	3043	2506
CWQ	2101.0	4157.0	208	1
2169	4090	1858	4067	2184	4175	2193	4298
VTP	3079.0	2192.0	279	1
2988	2094	3133	2189	3063	2425	3133	2062
WEI	2842.0	1085.0	78	1
2750	979	2884	1159	2891	1221	2844	984
FGV	2673.0	3783.0	13	1
2696	4055	2455	3976	2861	3556	2683	3546
VSJ	3012.0	690.0	201	1
2892	539	3057	797	3201	890	2901	537
EDK	2395.0	3215.0	41	1
2595	3071	2464	3067	2419	3520	2102	3202
OWE	4005.0	739.0	135	1
3857	707	4076	675	3998	915	4092	659
PFS	3714.0	2808.0	110	1
3636	2938	3806	2746	3754	2682	3663	2868
SQR	1767.0	389.0	236	1
1804	457	2080	256	1684	483	1502	362
BKC	822.0	4222.0	291	1
938	4168	731	4225	740	4177	881	4321
MQK	3394.0	969.0	74	1
3317	758	3472	991	3421	1181	3367	947
FXA	1608.0	1986.0	214	1
1693	1856	1533	2089	1510	1884	1698	2116
TVL	2690.0	683.0	3	1
2634	737	2860	769	2722	757	2547	470
XZV	785.0	3565.0	183	1
864	3439	778	3620	917	3644	582	3559
GXG	3943.0	2540.0	99	1
3972	2710	3845	2434	3808	2683	4150	2336
YSC	2606.0	2234.0	107	1
2316	2081	2732	2194	2693	2330	2684	2332
QRE	1022.0	3237.0	12	1
788	3126	1166	3304	1067	3320	1069	3198
JAV	932.0	1195.0	284	1
693	1098	1083	1382	1015	1082	938	1221
UCZ	380.0	591.0	126	1
494	483	292	427	357	744	377	710
LTY	4395.0	3574.0	195	1
4353	3701	4357	3757	4393	3527	4479	3311
WVM	2721.0	4111.0	86	1
2479	4084	2703	4079	2822	4125	2882	4158
YUB	1765.0	3531.0	200	1
1926	3489	1634	3427	1684	3446	1818	3765
FVB	1962.0	2859.0	77	1
1734	2796	1894	3033	2133	2788	2089	2821
YDX	3794.0	4186.0	241	1
3691	4299	3858	4076	3969	3950	3660	4422
SAH	645.0	346.0	15	1
789	399	508	375	652	294	631	316
AZX	3352.0	3695.0	200	1
3264	3832	3558	3792	3385	3769	3203	3390
GHD	413.0	1367.0	114	1
298	1066	675	1497	318	1339	361	1569
