DDB	3440.0	2647.0	147	1
3145	2657	3446	2704	3521	2630	3649	2600
RXQ	3160.0	497.0	99	1
3032	800	3369	477	3137	428	3103	286
RKG	1601.0	3709.0	54	1
1715	3595	1579	3825	1719	3604	1391	3812
BQT	1782.0	1077.0	237	1
1991	1332	1798	1083	1602	885	1737	1009
KUG	744.0	461.0	270	1
548	410	581	640	950	333	900	462
BQM	2621.0	2220.0	250	1
2707	2427	2574	2224	2529	2076	2676	2154
HTK	4189.0	1330.0	117	1
4382	1114	4154	1573	4072	1394	4148	1240
HPB	628.0	1809.0	138	1
823	1772	525	1715	642	1921	525	1830
UJA	1451.0	2104.0	272	1
1362	1939	1665	2057	1241	2112	1538	2311
PTC	1029.0	3010.0	269	1
1123	3064	727	2980	1151	2921	1115	3076
IIX	3261.0	3091.0	74	1
3414	2889	3372	3154	3367	3232	2893	3090
KVC	2104.0	3913.0	300	1
2015	4124	2482	3607	1962	4168	1957	3754
PZB	538.0	2284.0	242	1
755	2093	322	2399	771	2382	305	2265
EGP	1614.0	3341.0	126	1
1708	3349	1570	3523	1440	3351	1739	3141
PWX	1461.0	4205.0	217	1
1242	4126	1711	4205	1352	4311	1540	4181
CSI	536.0	3643.0	236	1
710	3766	543	3738	421	3708	473	3362
SNF	3815.0	931.0	92	1
3920	782	3791	753	4016	973	3533	1218
UAV	3245.0	1084.0	273	1
3158	1240	3045	914	3377	1135	3401	1048
BAP	4294.0	3046.0	287	1
4070	3199	4587	3002	4158	2931	4362	3055
QLY	3589.0	2020.0	51	1
3426	2065	3355	2191	3751	1809	3824	2017
AJQ	2466.0	2868.0	172	1
2306	2787	2523	2782	2692	3005	2345	2898
LFQ	594.0	984.0	80	1
508	1160	600	951	485	976	786	849
ESR	3400.0	4150.0	39	1
3185	4250	3543	4069	3641	4151	3231	4130
CUY	2441.0	693.0	279	1
2163	741	2513	882	2555	395	2535	756
ZXH	2670.0	1944.0	121	1
2636	1703	2713	2001	2691	2059	2643	2014
GLM	1656.0	2770.0	210	1
1921	2792	1502	2993	1529	2720	1675	2576
NZV	2965.0	3617.0	85	1
3031	3806	3042	3636	2814	3684	2975	3344
JHQ	2205.0	2154.0	71	1
2394	2153	2128	1994	2148	2237	2153	2235
JQO	3609.0	3705.0	195	1
3520	3615	3600	3941	3630	3673	3688	3593
UNB	4173.0	4257.0	109	1
4109	4378	4067	4272	4122	4033	4394	4346
USY	704.0	1547.0	206	1
936	1650	534	1534	439	1408	907	1599
MGJ	2458.0	1366.0	136	1
2510	1294	2455	1579	2285	1152	2584	1441
IHH	3739.0	514.0	144	1
3985	334	3770	586	3646	517	3558	619
TXT	4220.0	387.0	77	1
4063	450	4370	379	4191	578	4259	143
NEZ	4224.0	1807.0	229	1
4478	1665	4007	1761	4029	1721	4383	2081
OEH	3705.0	2945.0	103	1
3525	2911	4061	2749	3704	3216	3533	2907
PDX	445.0	2804.0	194	1
297	2636	582	3165	660	2670	243	2745
LIH	3367.0	1647.0	74	1
3265	1577	3615	1677	3535	1701	3056	1635
SWK	2344.0	3270.0	56	1
2259	3414	2323	3228	2515	3362	2279	3076
UKS	1317.0	2482.0	229	1
1442	2382	1376	2638	1124	2420	1328	2488
VKY	1158.0	3963.0	134	1
1291	4092	1040	3978	1034	4030	1269	3755
WYS	4081.0	3654.0	297	1
4148	3543	4121	3533	4099	3573	3957	3967
LPS	2765.0	3298.0	293	1
2809	3207	2739	3484	2721	3130	2793	3374
FTE	3361.0	1353.0	230	1
3293	1347	3639	1248	3375	1303	3137	1517
HXH	474.0	4157.0	260	1
504	4077	539	4094	548	4171	306	4287
ZVC	916.0	1948.0	289	1
896	1956	953	2048	899	1710	919	2079
JLD	2964.0	1385.0	6	1
2901	1354	2782	1310	3094	1566	3081	1311
HMQ	1677.0	1624.0	152	1
1695	1499	1799	1649	1516	1792	1700	1559
GXV	942.0	3399.0	28	1
1088	3385	956	3278	867	3488	860	3448
HJD	936.0	1034.0	143	1
930	1001	800	988	1021	1059	996	1091
