XTJ	2795.0	3405.0	253	1
2834	3406	2910	3491	2697	3245	2741	3478
GMF	734.0	966.0	341	1
658	922	881	1052	762	1072	638	820
HMH	3436.0	3747.0	386	1
3449	3825	3374	3826	3285	3754	3638	3584
CPX	4482.0	3978.0	352	1
4453	3790	4591	4119	4260	3727	4627	4276
IAG	947.0	3744.0	295	1
845	3728	942	3853	1037	3517	965	3881
LQQ	1700.0	1206.0	212	1
1656	1357	1717	1132	1968	1174	1462	1164
KZZ	1482.0	471.0	232	1
1835	511	1365	359	1385	404	1346	613
MAN	1352.0	1672.0	273	1
1368	1510	1480	1444	1062	1899	1498	1838
ELF	3514.0	496.0	204	1
3401	795	3434	225	3387	491	3836	476
DWV	2883.0	2181.0	495	1
2947	2419	2615	2059	2963	2068	3007	2181
QTQ	3463.0	2718.0	262	1
3331	2703	3505	2495	3755	2693	3261	2984
XLE	913.0	3180.0	407	1
997	3401	701	3101	1082	3185	873	3034
MAL	3114.0	793.0	373	1
2971	828	3123	768	3067	883	3296	693
LBM	2229.0	3818.0	324	1
2237	3922	2229	3592	2270	3747	2181	4013
GWA	3573.0	4249.0	497	1
3470	4193	3454	4398	3781	3957	3589	4448
IAR	2267.0	1500.0	365	1
2083	1774	2357	1270	2064	1538	2567	1418
TXX	2068.0	3235.0	288	1
2014	3558	2003	3017	1885	3200	2372	3167
PDT	4318.0	2768.0	487	1
4556	2743	4203	2577	4199	2858	4314	2895
WUM	1711.0	944.0	250	1
1572	990	1807	1067	1767	1067	1699	654
GBH	3508.0	1154.0	363	1
3586	1212	3457	862	3374	1275	3615	1268
RKD	1095.0	2526.0	353	1
1338	2456	1194	2488	873	2469	977	2694
JBF	2861.0	3924.0	453	1
2924	3940	2927	4191	2721	3756	2875	3812
ZHV	3191.0	1231.0	259	1
3039	1221	3149	1287	3279	1218	3299	1199
JIO	1739.0	1644.0	219	1
1948	1582	1756	1753	1641	1786	1612	1457
WNN	1182.0	1161.0	384	1
1225	1345	959	997	1285	1012	1262	1290
OGF	4093.0	1715.0	203	1
4004	1514	4258	1846	4244	1666	3868	1837
CSS	2324.0	586.0	305	1
2353	422	2427	841	2329	720	2189	364
DLN	2108.0	1992.0	257	1
2225	2217	2294	1843	2144	2047	1770	1861
WRW	1210.0	4086.0	389	1
1049	3959	1184	4181	1377	4176	1232	4031
JRU	2811.0	1318.0	410	1
3020	1175	2720	1213	2867	1516	2639	1370
HFR	1301.0	3714.0	434	1
1504	3658	1224	3506	1424	3923	1054	3772
RDT	1752.0	4179.0	324	1
1704	4286	1650	4044	1856	4233	1800	4156
YMT	3958.0	4068.0	366	1
3941	4011	4109	4092	3891	4160	3892	4011
SNJ	936.0	531.0	254	1
929	563	934	752	853	299	1031	513
TRV	1589.0	3114.0	489	1
1718	3180	1628	3042	1311	3235	1702	2999
CVJ	383.0	1850.0	295	1
476	1692	424	2120	359	1737	276	1853
OSI	2801.0	309.0	495	1
2700	292	2714	295	2773	304	3019	347
MGO	2528.0	2870.0	269	1
2621	2878	2382	2930	2672	3071	2437	2601
XUP	1297.0	2122.0	355	1
1457	2268	1228	1926	1332	1974	1171	2321
SOM	3942.0	3334.0	261	1
3777	3571	3881	3274	4131	3186	3982	3307
JMJ	3276.0	2119.0	276	1
3348	2025	3247	2133	3219	2202	3292	2117
LHL	1321.0	847.0	246	1
1427	868	1074	868	1440	935	1343	718
PFK	4016.0	532.0	265	1
4164	772	3843	576	4212	226	3848	557
GMS	2441.0	1014.0	263	1
2423	1053	2335	914	2697	1114	2312	977
LBB	2402.0	4417.0	304	1
2498	4205	2451	4297	2413	4522	2248	4645
JWL	1764.0	3499.0	349	1
1719	3384	1873	3698	1644	3392	1821	3522
FPY	3959.0	2134.0	275	1
3715	1953	3978	2202	3971	2021	4175	2363
DVM	411.0	1315.0	466	1
403	1513	289	1113	665	1180	287	1456
KOE	3595.0	1597.0	497	1
3413	1632	3789	1636	3525	1345	3656	1777
ACO	1972.0	2402.0	468	1
1895	2472	1787	2509	2210	2353	1997	2274
