SMR	393.0	1434.0	178	1
558	1448	260	1628	472	1251	285	1411
HDP	3040.0	1269.0	290	1
3098	1583	3150	1109	2875	1114	3040	1271
RAT	1693.0	689.0	224	1
1686	561	1835	918	1518	581	1736	698
IGW	4399.0	968.0	238	1
4559	815	4368	1065	4443	1276	4226	716
MYR	702.0	3328.0	158	1
457	3414	898	3400	660	3461	795	3038
BYD	2346.0	3380.0	25	1
2161	3525	2206	3194	2579	3512	2440	3292
DTS	3070.0	1758.0	179	1
3096	1636	3331	1931	2969	1880	2887	1585
GGN	1313.0	2418.0	299	1
1201	2278	1393	2596	1274	2495	1387	2305
MJL	2309.0	671.0	67	1
2394	632	2456	569	2128	612	2260	871
WJU	3611.0	3673.0	22	1
3540	3771	3483	3795	3809	3526	3614	3602
ZOP	2487.0	1678.0	172	1
2484	1418	2277	1858	2535	1435	2652	2003
WEP	1541.0	2908.0	250	1
1822	2702	1556	3121	1290	2996	1498	2814
UBO	1448.0	4018.0	68	1
1406	4019	1207	3990	1534	4239	1645	3827
MIW	641.0	2720.0	141	1
778	2904	284	2796	736	2658	769	2524
IUT	4190.0	2904.0	59	1
4088	2698	4216	2947	4404	2890	4053	3081
NWI	2012.0	1045.0	73	1
2162	977	1912	1130	2014	1003	1960	1072
GBQ	2499.0	2649.0	95	1
2672	2455	2282	2858	2709	2680	2334	2605
WLK	3097.0	4038.0	229	1
2980	3684	3000	4198	3046	4263	3365	4007
GTO	2377.0	3981.0	290	1
2381	3872	2175	4264	2430	3846	2525	3942
QID	3770.0	673.0	225	1
3750	523	4050	630	3729	827	3552	712
ZXJ	1041.0	868.0	94	1
1277	711	1161	893	774	946	952	922
LHG	3686.0	4114.0	129	1
3457	3876	3957	4099	3831	4334	3501	4147
MSB	2888.0	217.0	113	1
2980	158	2865	208	2662	120	3046	382
DHI	4472.0	4160.0	176	1
4325	4113	4621	4232	4459	4377	4483	3920
KUP	1463.0	1309.0	198	1
1309	1215	1554	1438	1320	1229	1669	1354
PQR	1144.0	2595.0	136	1
1086	2822	1187	2387	1162	2535	1144	2636
HAJ	2117.0	1785.0	133	1
2240	1617	2012	1830	2251	1996	1967	1698
TEC	1837.0	3795.0	68	1
1835	3668	1789	3674	1738	4068	1986	3770
ECL	1496.0	3336.0	97	1
1299	3192	1589	3200	1476	3247	1621	3708
OID	3652.0	2709.0	136	1
3488	2857	3507	2574	3925	2749	3689	2656
PGH	3227.0	3352.0	55	1
3206	3230	3211	3435	3381	3361	3111	3383
HAG	3590.0	2323.0	62	1
3580	2426	3699	2226	3672	2435	3410	2205
WZG	3222.0	620.0	28	1
3050	941	3338	372	3334	491	3167	678
IZS	4272.0	3386.0	204	1
4384	3256	4214	3248	4316	3490	4175	3553
HXH	3117.0	2335.0	289	1
3047	2217	3388	2626	2878	2163	3157	2334
OKI	2033.0	4350.0	214	1
2114	4549	1966	4270	1956	4389	2097	4192
XIH	3254.0	3005.0	144	1
3095	3030	3064	2863	3358	3111	3500	3016
QIV	2587.0	2275.0	294	1
2420	2193	2684	2420	2715	2301	2531	2188
DJZ	568.0	1855.0	87	1
469	1856	587	1964	779	1930	440	1673
JMX	420.0	2083.0	254	1
225	2165	443	2003	353	2132	661	2034
JPY	2719.0	3240.0	187	1
2772	3083	2711	3343	2616	3151	2778	3386
IQH	4288.0	2308.0	125	1
4296	1983	4214	2268	4337	2499	4305	2483
XOF	828.0	4266.0	32	1
937	4003	906	4444	646	4272	823	4347
ROD	697.0	555.0	15	1
978	693	722	564	396	346	694	618
OMB	344.0	3955.0	159	1
125	4124	540	3945	372	3972	341	3779
QHE	1343.0	1660.0	208	1
1514	1833	1417	1681	1232	1577	1210	1552
HOV	2933.0	2951.0	133	1
2872	2999	3035	2916	2848	2856	2979	3034
CDP	1879.0	2136.0	181	1
1752	2185	1993	2104	1895	2011	1876	2247
HBW	3796.0	1279.0	28	1
3797	1178	3608	1484	3970	1344	3810	1113
LYZ	2026.0	2741.0	169	1
1944	3040	1972	2621	2053	2617	2136	2686
