ZCW	3840.0	2229.0	253	1
3524	2068	4028	2216	3883	2229	3926	2406
BKH	3578.0	3702.0	452	1
3464	3647	3772	3761	3391	3542	3688	3861
ONK	1362.0	2378.0	393	1
1538	2048	1065	2364	1547	2572	1298	2531
CFD	2858.0	1340.0	434	1
2714	1166	2597	1274	3018	1509	3105	1412
DJQ	2314.0	3373.0	449	1
2212	3742	2333	3241	2584	3315	2128	3197
GCZ	883.0	369.0	407	1
714	464	844	385	1063	379	914	249
ODF	3415.0	828.0	486	1
3291	882	3464	808	3385	700	3523	923
WCA	1711.0	1432.0	339	1
1789	1662	1795	1517	1397	1299	1863	1250
VBQ	3701.0	3093.0	457	1
3682	3006	3604	3181	4013	3068	3507	3120
EUK	991.0	967.0	472	1
928	1121	1165	1110	1152	694	722	946
VRP	1292.0	3212.0	289	1
1390	3104	1404	3216	1017	3292	1357	3237
GBA	2671.0	2349.0	489	1
2585	2490	2485	2409	2792	2375	2823	2122
SYK	3558.0	2574.0	316	1
3486	2788	3505	2651	3373	2444	3870	2413
WTK	614.0	3751.0	440	1
783	3675	493	3869	495	3981	685	3482
DYJ	3743.0	595.0	445	1
3861	555	3608	585	3713	755	3792	488
QGB	2455.0	4291.0	331	1
2093	4392	2611	4418	2630	3897	2486	4459
SOP	3661.0	1568.0	360	1
3638	1612	3854	1520	3744	1544	3411	1599
MYL	3493.0	4332.0	442	1
3553	4319	3285	4260	3555	4437	3579	4313
POW	1599.0	697.0	379	1
1841	599	1590	554	1369	849	1596	786
WED	4046.0	3867.0	295	1
4131	3878	4210	3793	3929	4062	3915	3737
EVE	456.0	629.0	262	1
639	641	379	611	417	540	391	725
EBV	846.0	1544.0	415	1
671	1645	867	1376	844	1615	1002	1541
HJP	1787.0	2895.0	296	1
1752	2789	1622	2943	2076	2747	1699	3104
DXH	4221.0	2300.0	407	1
4084	2095	4181	2280	4455	2309	4167	2518
ANX	4308.0	838.0	415	1
4120	1019	4076	903	4599	528	4437	904
BSY	3254.0	437.0	448	1
3319	671	3417	331	3113	310	3170	436
ADX	1946.0	3605.0	481	1
1962	3511	2110	3462	1846	3774	1866	3674
FOT	572.0	2191.0	239	1
365	2421	722	2138	594	2182	610	2026
EKU	4255.0	1510.0	394	1
4284	1234	4174	1580	4352	1714	4210	1515
TLC	3354.0	1166.0	489	1
3335	1135	3560	1010	3256	1203	3267	1317
OUF	3324.0	3141.0	489	1
3340	3229	3345	2954	3120	3396	3493	2985
YJO	2971.0	3259.0	456	1
2954	3239	3115	3155	3039	3457	2778	3186
LXA	2232.0	361.0	432	1
2205	352	2060	294	2227	537	2436	263
DCO	3123.0	2515.0	373	1
3056	2634	3296	2435	3021	2453	3122	2539
ZJN	2410.0	1846.0	337	1
2388	2103	2542	1677	2563	1663	2147	1944
PPI	2704.0	2912.0	231	1
2758	3081	2788	2705	2608	3123	2665	2741
ZYT	273.0	3940.0	301	1
176	3845	373	3959	227	4106	316	3853
TRY	2587.0	700.0	368	1
2602	601	2890	828	2381	779	2477	592
HTY	500.0	1002.0	431	1
583	1136	638	1123	335	1001	444	749
IRZ	780.0	2726.0	474	1
785	2695	826	2744	833	2909	679	2559
WVS	2724.0	3787.0	282	1
2707	3547	2691	3928	2853	3663	2645	4011
RAN	1380.0	4042.0	334	1
1523	4117	1436	4072	1329	3791	1233	4190
KJR	2359.0	1170.0	374	1
2427	1283	2256	1225	2332	1075	2424	1098
DKE	1775.0	1777.0	445	1
1563	1716	1997	1733	1807	1743	1735	1917
HQO	2112.0	1050.0	493	1
2198	1251	2025	830	2071	875	2157	1246
AXZ	4082.0	3497.0	458	1
4148	3368	3949	3463	3948	3421	4283	3737
NPQ	3199.0	1854.0	420	1
3142	2169	3308	1791	3124	1677	3224	1779
LEL	736.0	4382.0	335	1
938	4265	807	4421	769	4455	430	4388
JNU	492.0	3107.0	212	1
583	3050	664	3288	398	2958	323	3133
QLT	2801.0	4293.0	289	1
2779	4160	2780	4347	2820	4235	2827	4431
