QLM	2283.0	3457.0	373	1
2313	3342	2168	3457	2371	3384	2280	3645
PLP	2254.0	4293.0	497	1
1982	4203	2450	4398	2391	4208	2193	4364
LWB	2104.0	459.0	478	1
2222	404	2020	721	1981	288	2194	423
LJB	1217.0	3949.0	268	1
1146	4019	1110	4019	1456	4172	1156	3589
XLW	3591.0	1610.0	359	1
3519	1207	3685	1723	3648	1768	3514	1742
VLD	4093.0	2312.0	448	1
3907	2245	3917	2576	4433	2256	4116	2174
VSK	1913.0	4056.0	287	1
2052	4022	1901	3923	1922	4186	1778	4095
CZV	1131.0	2917.0	274	1
1365	2956	1012	2975	960	2948	1187	2789
SKK	3021.0	2159.0	364	1
2774	1919	3102	2428	3063	2325	3145	1964
URB	1205.0	2529.0	359	1
1350	2469	955	2419	1331	2748	1185	2481
CEE	3357.0	3183.0	224	1
3621	2997	3299	3336	3311	3065	3200	3334
JJR	3031.0	4413.0	273	1
2939	4505	2964	4278	3052	4359	3170	4510
XYF	2239.0	1389.0	362	1
2045	1316	2480	1592	1977	1550	2454	1101
ERO	555.0	3298.0	500	1
663	3609	706	3119	537	3224	317	3240
OBC	1831.0	2434.0	472	1
1586	2592	1941	2242	1913	2625	1884	2278
ILL	2940.0	989.0	485	1
2854	950	2997	944	2869	1075	3040	987
EFE	2778.0	3931.0	375	1
2952	3833	3046	3906	2626	3962	2489	4026
ERP	1118.0	616.0	408	1
1299	577	1095	847	1013	635	1065	407
EQA	3282.0	1361.0	469	1
3088	1289	3478	1385	3124	1299	3440	1474
MSZ	3937.0	3400.0	367	1
4068	3193	3707	3621	4191	3399	3785	3390
DPS	876.0	2391.0	499	1
830	2232	922	2455	886	2541	868	2336
OTW	3594.0	4193.0	261	1
3541	4355	3810	3967	3448	4282	3579	4169
UUC	4490.0	3383.0	453	1
4458	3295	4335	3222	4660	3511	4509	3504
RYT	4069.0	2844.0	365	1
3925	2772	4019	2772	3957	3011	4375	2823
OHE	1714.0	3366.0	365	1
1855	3417	1623	3257	1734	3571	1647	3220
OIT	1498.0	4336.0	383	1
1425	4357	1661	4486	1310	4190	1596	4312
JNZ	3146.0	1648.0	424	1
3017	1502	3024	1848	3282	1703	3261	1539
UAD	2441.0	2459.0	395	1
2292	2304	2540	2453	2525	2439	2410	2643
YAO	2312.0	947.0	423	1
2523	961	2538	745	2052	1092	2138	992
IKI	4179.0	971.0	237	1
4124	956	4231	1156	4306	675	4057	1099
ZPG	4500.0	898.0	296	1
4498	781	4512	1022	4581	997	4410	792
EFT	4399.0	2064.0	215	1
4497	1910	4526	2173	4467	2121	4106	2054
LBO	4046.0	1657.0	275	1
3980	1555	4242	1388	4012	1831	3950	1855
OAH	1602.0	3808.0	494	1
1555	3799	1621	3627	1467	3723	1768	4086
REE	3434.0	653.0	477	1
3530	431	3462	683	3462	498	3282	1002
YTY	2633.0	3527.0	377	1
2844	3608	2545	3412	2430	3693	2716	3396
MFJ	3141.0	2911.0	315	1
3226	2961	3156	2979	3046	2802	3138	2905
CXD	2291.0	2785.0	309	1
2405	2676	2065	2800	2382	2670	2314	2997
HSN	1529.0	770.0	202	1
1567	654	1462	992	1591	680	1499	754
TVW	415.0	1690.0	410	1
421	1834	329	1537	618	1541	295	1850
WEQ	3261.0	282.0	315	1
3166	342	3020	224	3539	199	3319	363
GQB	662.0	1095.0	335	1
868	895	941	1320	432	860	407	1307
XTU	1230.0	3392.0	295	1
1321	3392	1369	3257	1077	3494	1155	3425
MEH	1401.0	1360.0	483	1
1619	1282	1285	1271	1598	1310	1103	1579
URR	2405.0	463.0	439	1
2499	434	2580	517	2258	282	2285	621
BXZ	894.0	4343.0	497	1
872	4585	935	4066	993	4590	779	4134
QYM	587.0	2033.0	457	1
447	1965	672	2021	689	2056	540	2090
DNU	2587.0	1611.0	272	1
2575	1509	2646	1783	2495	1361	2633	1792
PVE	1603.0	2052.0	499	1
1860	2087	1394	1985	1843	2094	1316	2044
PNW	3787.0	2903.0	362	1
3667	2717	3844	3020	3897	2890	3741	2986
