ESB	3972.0	603.0	170	1
4044	464	3930	697	4091	524	3823	730
BFH	3281.0	1494.0	192	1
3217	1629	3289	1648	3301	1101	3317	1598
TUT	1405.0	2608.0	250	1
1524	2691	1048	2567	1469	2879	1579	2298
YNT	1262.0	1373.0	165	1
1130	1413	1427	1355	1109	1168	1383	1557
HIF	1494.0	3665.0	237	1
1329	3769	1628	3802	1483	3521	1537	3568
PAZ	3173.0	785.0	95	1
3190	647	2962	774	3106	1015	3436	705
SYH	3223.0	3695.0	176	1
3208	3740	3597	3680	3031	3625	3057	3735
HJE	3074.0	2034.0	201	1
3184	1888	3070	1988	3105	2052	2937	2209
IOD	579.0	3562.0	223	1
846	3609	373	3657	372	3644	726	3339
BGY	3582.0	3437.0	216	1
3694	3326	3791	3469	3527	3603	3317	3351
VHU	1767.0	2264.0	42	1
1921	1918	1826	2359	1737	2370	1584	2410
DSH	3219.0	3415.0	258	1
3285	3441	3309	3572	3110	3575	3173	3072
QEI	3622.0	1989.0	124	1
3809	2091	3845	1756	3480	2072	3354	2039
NMP	1808.0	1583.0	157	1
1635	1631	1807	1408	1904	1686	1888	1608
RPF	3883.0	4381.0	50	1
3755	4544	4103	4505	3656	4291	4018	4185
YLY	2334.0	615.0	60	1
2351	694	2111	704	2394	651	2480	413
JFD	1093.0	4328.0	198	1
1189	4097	813	4331	1047	4460	1326	4426
ZOH	2690.0	3047.0	77	1
2618	2937	2478	3005	2854	3153	2810	3093
GFR	3918.0	780.0	154	1
3787	736	4176	880	3911	732	3800	773
LWO	2421.0	1821.0	275	1
2356	1979	2501	1911	2196	1600	2632	1794
ZGZ	1160.0	2103.0	143	1
1040	2226	1176	1895	1263	2196	1163	2097
MWX	650.0	697.0	51	1
724	1003	664	511	639	682	576	593
ZSP	1782.0	384.0	296	1
1925	624	1736	238	1712	396	1755	281
XQT	4070.0	2121.0	42	1
3856	2317	4066	1937	4163	2014	4198	2217
UOT	2493.0	1251.0	269	1
2405	1089	2474	1490	2338	1334	2757	1091
CGM	696.0	1931.0	76	1
606	1874	924	1797	613	2249	641	1807
JRS	4018.0	2586.0	202	1
3715	2646	4089	2673	4252	2659	4017	2369
QOM	431.0	2709.0	60	1
252	2640	438	2518	755	2850	280	2831
MSC	454.0	768.0	226	1
418	677	573	649	438	783	390	965
WXR	2405.0	2231.0	201	1
2130	2165	2451	2217	2424	2215	2618	2328
SFJ	3852.0	1439.0	125	1
3966	1482	3805	1526	3881	1357	3759	1394
EPY	962.0	3785.0	153	1
939	3528	1016	3999	855	3725	1040	3888
OPQ	568.0	1503.0	194	1
462	1583	488	1429	612	1570	710	1430
SOZ	623.0	4179.0	173	1
563	4418	670	3850	720	4118	542	4333
EWR	3089.0	4215.0	190	1
2959	4399	3004	3995	3317	4291	3077	4176
UQA	3674.0	1429.0	284	1
3498	1409	3742	1391	3749	1526	3707	1393
TTM	2137.0	4348.0	243	1
2094	4502	2391	4187	2116	4322	1948	4384
MZV	4336.0	2454.0	73	1
4364	2385	4401	2734	4314	2425	4267	2274
ECE	3777.0	1106.0	159	1
3778	1037	3687	1062	3858	1157	3785	1169
XUE	1616.0	1209.0	78	1
1510	1369	1497	962	1601	1230	1857	1278
VGA	4145.0	3776.0	292	1
3875	3897	4421	3991	3992	3655	4292	3563
UTM	1237.0	847.0	167	1
1363	784	1443	822	1119	928	1023	854
XXL	1359.0	3310.0	277	1
1254	3333	1143	3165	1615	3253	1425	3489
PRB	2807.0	3884.0	159	1
2815	4044	2839	3808	2851	3894	2723	3793
EMQ	3094.0	2913.0	101	1
2891	2737	3335	2813	3246	3036	2906	3068
YRI	2232.0	3814.0	92	1
1985	3677	2120	3653	2501	4103	2323	3825
FLS	3576.0	2476.0	240	1
3427	2475	3604	2729	3638	2531	3638	2171
ECR	1884.0	3292.0	158	1
1832	3641	1804	3204	1945	3156	1956	3167
LLF	3428.0	4054.0	297	1
3465	4110	3362	3993	3448	4096	3440	4018
KFK	2469.0	2533.0	77	1
2639	2598	2362	2378	2332	2645	2543	2512
