AHP	493.0	1199.0	122	1
532	1272	582	1149	274	1177	584	1201
GKQ	1354.0	3871.0	36	1
1714	3715	1268	3978	1283	3663	1154	4128
YLP	3672.0	2761.0	220	1
3584	2965	4006	2611	3562	3011	3536	2458
YIE	693.0	1906.0	294	1
746	1926	706	2098	378	1878	943	1724
ZWK	3601.0	3112.0	241	1
3769	3097	3594	3272	3367	3042	3674	3040
IDP	517.0	3671.0	40	1
234	3620	681	3848	475	3769	680	3449
HCH	4237.0	388.0	218	1
4258	269	4430	535	4174	428	4089	321
YPI	1821.0	2397.0	253	1
1886	2531	1692	2426	1909	2215	1798	2419
UCO	2357.0	2659.0	194	1
2315	2524	2506	2764	2476	2911	2134	2438
HNS	761.0	389.0	211	1
593	289	639	372	909	162	905	733
KJC	651.0	4224.0	17	1
642	4174	543	4109	462	4497	959	4117
GUN	2954.0	751.0	255	1
3020	784	3002	812	2937	667	2857	743
ZIT	4295.0	2195.0	215	1
4458	2006	4119	2105	4275	2230	4331	2441
AOK	2614.0	1665.0	195	1
2411	1574	2926	1764	2742	1682	2377	1642
SJX	3331.0	2785.0	257	1
3455	2954	3276	2659	3408	2677	3185	2852
MBP	1693.0	4247.0	204	1
1464	4235	1749	4161	1814	4273	1747	4321
MIC	642.0	2563.0	142	1
456	2484	664	2692	738	2523	710	2555
ESO	2307.0	1332.0	247	1
2354	1416	2370	1280	2047	1406	2458	1226
WYS	1402.0	3416.0	2	1
1211	3429	1414	3422	1325	3286	1659	3528
AJY	2735.0	460.0	117	1
2658	620	2711	282	2675	423	2899	516
EYZ	2928.0	3273.0	241	1
2908	3384	2871	2957	2949	3336	2984	3418
NZC	2924.0	2204.0	151	1
2683	2219	3039	2219	3127	2015	2847	2365
WSV	3648.0	1635.0	129	1
3480	1628	3551	1577	3771	1406	3791	1932
JUW	3637.0	3468.0	19	1
3642	3338	3683	3322	3413	3790	3811	3425
LRF	694.0	1437.0	268	1
452	1505	890	1375	822	1465	614	1404
OLW	4379.0	1288.0	195	1
4363	1707	4279	1168	4384	1163	4490	1116
KWP	1522.0	1071.0	238	1
1714	1330	1210	919	1529	898	1637	1139
SPQ	2553.0	3444.0	99	1
2538	3332	2795	3315	2502	3626	2379	3504
FSS	1989.0	575.0	255	1
1959	396	1914	614	1973	544	2110	748
VXG	953.0	2970.0	150	1
1047	2854	814	3014	1013	2974	939	3040
AON	3193.0	1702.0	192	1
2931	1805	3329	1887	3405	1566	3109	1551
WRB	3315.0	745.0	285	1
3189	987	3182	476	3494	934	3395	585
YDC	3581.0	4053.0	197	1
3821	4036	3716	3963	3359	4242	3428	3974
NSP	1336.0	2861.0	181	1
1142	3051	1333	2844	1395	2932	1474	2618
IDH	3225.0	3300.0	124	1
3011	3228	3266	3187	3282	3150	3344	3636
LUE	2861.0	1313.0	100	1
3004	1384	2857	1341	2707	1451	2879	1078
UAH	1061.0	629.0	222	1
1045	818	1098	562	1108	726	993	411
XXT	905.0	1193.0	283	1
1054	1311	776	1228	732	1192	1059	1041
RAO	3967.0	3306.0	149	1
4043	3117	3873	3494	4128	3104	3824	3511
PAI	2195.0	3496.0	126	1
2171	3412	2306	3590	2007	3374	2297	3610
IYD	2126.0	4120.0	49	1
2417	4251	1884	4087	1953	4016	2252	4129
BAR	1941.0	3749.0	239	1
1730	3621	2169	3829	1898	3808	1969	3741
KPF	1660.0	1917.0	217	1
1811	1982	1308	1873	1706	1937	1817	1876
KOJ	936.0	2314.0	153	1
995	2234	1059	2225	934	2347	759	2453
ZMZ	2352.0	704.0	85	1
2296	570	2621	644	2221	975	2270	628
QON	4376.0	2913.0	277	1
4327	3029	4309	2828	4404	2761	4464	3036
VVK	3735.0	1079.0	168	1
3985	964	3517	1260	3585	1238	3855	857
UNL	2167.0	2033.0	25	1
2278	2061	1995	1930	2019	2175	2379	1966
HIK	1545.0	665.0	115	1
1728	409	1470	813	1653	723	1329	718
BKV	831.0	3529.0	286	1
1054	3475	798	3470	713	3647	759	3526
