RMQ	2324.0	1316.0	19	1
2552	1283	2233	1156	2386	1345	2125	1483
NPS	3237.0	2650.0	43	1
3206	2692	3467	2695	3348	2574	2927	2642
UBN	3099.0	4055.0	39	1
3254	4170	2799	4187	3099	3807	3247	4059
AVW	4366.0	4126.0	72	1
4496	3977	4221	4366	4493	4169	4254	3993
DUE	906.0	4228.0	90	1
726	4237	1253	4089	752	4130	895	4459
ZFJ	1165.0	2407.0	69	1
1218	2398	1282	2423	1250	2395	911	2415
TSC	3300.0	661.0	50	1
3317	736	3222	653	3138	816	3523	440
XVF	3792.0	424.0	233	1
3900	355	3812	755	3657	254	3801	334
GQN	2233.0	2152.0	169	1
2456	2344	1988	2264	1980	1981	2511	2021
ECD	2277.0	4253.0	106	1
2069	4208	2362	4340	2455	4220	2225	4244
AYE	473.0	994.0	118	1
471	975	481	969	469	1102	471	930
CEW	973.0	3241.0	85	1
1126	3144	1154	3168	703	3445	911	3208
HIE	2669.0	3497.0	245	1
2847	3424	2499	3394	2907	3443	2423	3729
GRQ	3259.0	1968.0	40	1
3277	1857	3543	1926	3029	2111	3190	1980
DJD	4259.0	1277.0	190	1
4167	1472	4088	1234	4309	1425	4473	978
TSL	3839.0	3019.0	117	1
4012	3032	3619	3006	4005	3187	3721	2851
CGY	3526.0	3363.0	133	1
3464	3405	3783	3514	3451	3205	3408	3329
ETO	2687.0	510.0	75	1
2687	400	2566	612	2646	279	2849	751
WOM	1627.0	2971.0	286	1
1778	2990	1674	2863	1523	3006	1533	3026
FSG	3898.0	2400.0	187	1
3917	2380	3935	2644	3992	2307	3751	2271
PLJ	790.0	2062.0	169	1
927	1869	581	2351	900	1959	753	2072
RCX	3490.0	4075.0	159	1
3561	3871	3378	4195	3645	3961	3377	4273
KPJ	2323.0	3360.0	284	1
2270	3348	2398	3579	2267	3248	2358	3268
IQC	1577.0	3955.0	40	1
1784	3817	1387	3987	1286	4024	1852	3994
XBU	1533.0	971.0	116	1
1524	887	1569	1170	1614	970	1426	857
NVE	4296.0	1851.0	61	1
4371	1925	4260	2120	4514	1749	4042	1612
AYE	1988.0	407.0	241	1
1965	323	2206	382	1743	618	2039	308
YAN	4217.0	3489.0	231	1
4105	3768	4404	3580	4280	3322	4079	3286
FPJ	592.0	2845.0	273	1
795	2956	607	2609	471	2778	495	3039
YWC	3050.0	937.0	37	1
3277	940	2949	990	3164	917	2810	903
WBF	2679.0	2916.0	113	1
2830	3095	2877	2675	2525	2733	2484	3163
JHO	1214.0	1924.0	217	1
1250	2143	1234	1856	1025	1649	1349	2051
WHG	4214.0	568.0	285	1
4201	814	4091	506	4403	553	4164	401
NPH	600.0	603.0	84	1
776	488	287	516	510	584	829	824
TYC	542.0	1561.0	215	1
572	1728	562	1535	691	1435	343	1546
LXJ	1889.0	2626.0	166	1
1952	2742	1821	2702	1802	2509	1984	2552
VBX	1899.0	1122.0	281	1
2011	1355	1756	957	1948	1216	1882	961
MEN	3487.0	1010.0	121	1
3284	1195	3698	1030	3610	880	3358	936
BOX	959.0	3727.0	130	1
1096	3730	903	3581	851	3613	987	3986
TNM	1326.0	569.0	188	1
956	760	1516	318	1455	766	1378	433
BBE	1812.0	2054.0	292	1
1704	2078	1885	1929	1808	2034	1852	2176
VJQ	3827.0	1532.0	204	1
3831	1557	3788	1545	3944	1743	3748	1286
RUU	2358.0	3930.0	127	1
2147	3775	2394	3947	2506	4055	2386	3945
ZOY	2512.0	1003.0	29	1
2617	1027	2425	1140	2706	909	2303	936
YTF	3159.0	3650.0	261	1
3283	3750	2990	3791	3059	3615	3306	3445
DIG	766.0	1000.0	299	1
899	1001	737	1180	733	870	696	949
FPJ	1374.0	3067.0	185	1
1272	2947	1387	3268	1363	3225	1476	2830
ZQE	1449.0	2634.0	50	1
1521	2790	1474	2553	1355	2484	1446	2711
XEE	524.0	3833.0	23	1
280	3939	551	3788	607	3718	659	3889
GBZ	2404.0	3215.0	272	1
2666	3245	2181	3186	2571	3190	2200	3239
