TDQ	2591.0	995.0	99	1
2820	695	2540	1169	2669	1037	2335	1079
PWG	1436.0	1869.0	2	1
1418	1969	1584	1986	1294	1758	1449	1764
PQG	3929.0	3947.0	225	1
4116	3719	3711	4075	4128	4227	3762	3768
CBO	2562.0	1992.0	6	1
2610	1684	2612	2021	2628	2069	2401	2194
BBT	803.0	3294.0	197	1
724	3227	805	3452	904	3329	779	3168
TCC	3076.0	575.0	79	1
3129	589	3148	594	2991	703	3039	416
FED	3501.0	624.0	105	1
3527	540	3349	516	3615	940	3515	503
YCB	3497.0	2374.0	90	1
3360	2556	3564	2256	3692	2381	3375	2304
ZTN	280.0	3708.0	31	1
221	3917	154	3565	473	3808	273	3542
FYW	2061.0	1305.0	126	1
1995	1518	2062	1146	1984	1256	2204	1302
FNY	3671.0	3355.0	120	1
3515	3186	3804	3308	3679	3442	3686	3486
KLY	1656.0	2627.0	8	1
1470	2495	1896	2728	1899	2533	1359	2753
QYJ	721.0	1022.0	286	1
888	827	555	1365	577	964	865	935
AJO	1542.0	3740.0	83	1
1475	3857	1623	4037	1729	3576	1342	3490
RYU	798.0	458.0	274	1
677	545	752	296	769	598	997	395
RPQ	2926.0	3329.0	114	1
3056	3268	3004	3364	2577	3343	3070	3344
HVE	4033.0	3442.0	11	1
4096	3353	3944	3526	4223	3382	3870	3510
FCK	1227.0	2268.0	215	1
1117	2349	1226	2054	1312	2385	1256	2284
DEZ	3327.0	3438.0	149	1
3235	3481	3431	3371	3252	3535	3391	3366
XXS	3143.0	3851.0	180	1
2941	4019	3198	3733	3095	3806	3341	3846
KRV	3087.0	2787.0	198	1
3311	2960	3080	2959	3200	2409	2760	2821
ZNT	2838.0	4298.0	168	1
2956	4184	2683	4075	2698	4473	3016	4462
IQQ	1640.0	3226.0	256	1
1699	3205	1725	3249	1423	3338	1714	3114
VOL	4279.0	1197.0	96	1
4400	1107	4457	1186	4123	1464	4136	1032
GOT	2074.0	1712.0	197	1
2201	1636	1811	1927	2240	1630	2047	1655
XEO	566.0	4321.0	252	1
561	4376	673	4353	307	4011	726	4545
UHY	1587.0	4256.0	9	1
1711	4222	1511	4394	1567	4169	1562	4241
PMN	3130.0	2192.0	127	1
3278	2073	3143	2286	3106	2205	2996	2207
OAL	2305.0	3050.0	299	1
2422	3252	2183	2784	2382	2902	2234	3265
MVQ	564.0	2745.0	111	1
713	2441	383	2937	425	2955	737	2649
UUQ	4090.0	2351.0	261	1
4014	2225	4366	2289	3774	2383	4206	2510
YQE	4247.0	1928.0	278	1
4398	1802	4129	1878	3938	1993	4523	2039
QOR	979.0	1181.0	102	1
937	1092	991	1282	942	1077	1048	1275
EOM	4071.0	3041.0	294	1
4217	3171	3953	3033	3917	2998	4199	2963
VRH	968.0	2198.0	201	1
1105	1880	1016	2445	778	2186	976	2284
QER	2488.0	3722.0	127	1
2657	3789	2402	3663	2507	3881	2387	3558
AMT	4253.0	696.0	231	1
4238	589	4361	781	4099	870	4316	547
PHL	3678.0	1761.0	196	1
3691	1792	3791	1917	3788	1541	3445	1795
XDJ	990.0	4464.0	64	1
730	4567	1259	4306	909	4623	1064	4363
VPX	3510.0	1416.0	145	1
3585	1508	3643	1510	3140	1163	3672	1485
HAV	1281.0	3180.0	67	1
1367	3474	1207	3182	1220	2950	1331	3115
KRJ	2020.0	4046.0	49	1
2003	4012	2203	4133	1825	4000	2049	4039
LSK	1281.0	1021.0	163	1
1285	1189	1193	933	1136	1102	1513	863
MAK	4527.0	4017.0	30	1
4639	3924	4467	4029	4359	4142	4643	3973
ARP	1525.0	628.0	253	1
1602	650	1690	701	1350	624	1461	538
FDJ	2306.0	4258.0	195	1
2303	4427	2290	4459	2337	4112	2294	4035
RTA	2872.0	3177.0	26	1
2919	3225	2971	3196	2698	3086	2902	3202
ZTZ	2182.0	2343.0	240	1
2004	2099	2202	2513	2150	2248	2373	2514
XWZ	3796.0	539.0	108	1
3635	410	4089	867	3815	447	3645	433
RXB	3285.0	4190.0	48	1
3306	4063	3138	4255	3309	4200	3388	4242
