RLY	2173.0	3525.0	40	1
2274	3318	2422	3676	1967	3635	2032	3474
WIN	3202.0	3567.0	272	1
3056	3403	3543	3523	3100	3775	3109	3569
VIH	3810.0	1956.0	34	1
3535	1996	3956	1845	3905	1881	3844	2105
WTX	2929.0	3259.0	249	1
2823	3182	2910	3226	2711	3380	3275	3249
GOT	2779.0	654.0	271	1
2892	681	2658	509	2591	698	2978	730
EKG	2889.0	3672.0	195	1
2898	3465	2786	3712	2890	3796	2984	3717
ASD	1622.0	1669.0	201	1
1577	1816	1469	1692	1837	1555	1608	1613
PCX	3280.0	2615.0	69	1
3302	2811	3223	2581	3296	2363	3300	2706
OWO	1156.0	710.0	119	1
1086	570	1173	1001	1191	819	1176	451
VTO	4281.0	1867.0	39	1
4110	1944	4544	1715	4153	1897	4319	1913
YFP	2727.0	2107.0	232	1
2791	1950	2850	2345	2576	2062	2694	2072
CUL	4032.0	3396.0	269	1
4118	3712	4106	3542	4150	3193	3757	3139
YKF	474.0	4191.0	199	1
494	4388	571	4116	353	4161	480	4100
XHB	3539.0	4373.0	57	1
3490	4372	3526	4274	3598	4419	3545	4427
VYB	3893.0	499.0	255	1
3758	742	4010	570	3963	477	3844	207
GDX	3998.0	1423.0	239	1
3929	1726	3921	1273	4036	1297	4109	1399
NQG	3435.0	1891.0	153	1
3485	1789	3496	1940	3425	1781	3336	2054
GPQ	3973.0	2233.0	124	1
3850	2285	3898	2121	3849	2207	4297	2321
QYC	1085.0	3771.0	194	1
932	3621	1297	3890	1001	3861	1113	3715
LVX	1490.0	2257.0	277	1
1264	2039	1704	2397	1787	2529	1208	2063
IIL	3626.0	4130.0	130	1
3682	4191	3451	4098	3403	4202	3971	4032
YWR	2125.0	2273.0	75	1
2267	2448	1931	2480	2015	2046	2289	2118
TKW	1773.0	665.0	41	1
1949	409	1881	564	1602	830	1662	857
GLJ	3002.0	2014.0	244	1
2878	1898	3211	2163	3052	1966	2868	2031
KLG	1670.0	3669.0	278	1
1599	3554	1724	3529	1543	3904	1815	3690
JYX	724.0	602.0	209	1
728	756	748	698	563	398	858	556
HPK	3107.0	532.0	61	1
3028	489	3224	807	3115	386	3064	447
GDQ	909.0	4226.0	189	1
1113	4044	663	4217	935	4433	927	4212
TPT	2168.0	595.0	166	1
2080	337	2233	851	2067	679	2293	513
PBD	1732.0	1133.0	178	1
1870	1127	1781	919	1572	1259	1706	1228
TLY	1145.0	1672.0	186	1
1117	1455	1313	1940	937	1779	1216	1515
KXO	2734.0	2703.0	109	1
2715	2768	2882	2714	2566	2605	2773	2726
QEV	2412.0	1239.0	79	1
2663	1374	2089	1171	2570	1200	2328	1212
HGQ	2282.0	1589.0	201	1
2607	1687	2061	1387	2112	1440	2350	1843
XKC	3596.0	2930.0	57	1
3595	3119	3387	2640	3847	2999	3555	2963
SGR	683.0	2981.0	157	1
1040	2813	484	3021	458	2846	750	3247
CID	2347.0	2952.0	235	1
2370	3015	2189	2786	2504	3186	2327	2823
YLI	1422.0	3995.0	263	1
1319	4043	1424	3977	1619	3910	1326	4053
ZOP	2575.0	4214.0	40	1
2309	4116	2522	4122	2740	4303	2730	4317
FNK	525.0	3605.0	288	1
621	3583	702	3773	171	3309	609	3756
UVR	1179.0	3176.0	96	1
1145	2955	1328	2988	1160	3523	1083	3240
XXW	1890.0	2709.0	147	1
1724	2896	1936	2614	2090	2607	1813	2719
NIN	3847.0	2456.0	16	1
3856	2480	3928	2436	3755	2385	3852	2525
NQO	1805.0	3255.0	195	1
1582	3217	1835	3256	1944	3227	1862	3321
XYK	4263.0	2576.0	128	1
4244	2334	4286	2497	4163	2769	4360	2705
QMJ	725.0	2525.0	273	1
825	2639	617	2379	660	2624	800	2460
CXQ	605.0	1425.0	294	1
580	1092	501	1637	619	1623	723	1349
ICM	3663.0	826.0	202	1
3742	789	3612	1036	3755	645	3544	835
GYB	3150.0	1085.0	138	1
2997	899	3345	1212	3079	1132	3179	1099
QMO	4251.0	601.0	118	1
4207	600	4168	728	4406	699	4226	378
