DRH	3451.0	2767.0	334	1
3433	2951	3430	2636	3575	2672	3366	2809
SSW	3738.0	3282.0	478	1
3925	3199	3716	3160	3721	3356	3592	3413
YUW	2058.0	2923.0	396	1
1925	2864	1980	2619	2151	2999	2177	3212
GTR	1296.0	3510.0	416	1
1016	3516	1363	3524	1416	3696	1391	3305
ZZL	4193.0	3881.0	331	1
3968	3671	4244	4037	4463	3956	4099	3861
FSQ	2496.0	804.0	475	1
2598	698	2582	1066	2253	646	2553	809
RWK	2920.0	4153.0	297	1
2907	4280	2872	4449	2947	3978	2954	3908
OQQ	898.0	2793.0	417	1
782	2682	651	3050	1171	2699	991	2744
HSU	3718.0	1358.0	296	1
3743	1474	3929	1271	3592	1150	3610	1537
JJX	1322.0	1905.0	454	1
1365	1966	1472	1841	978	1954	1473	1861
CPH	2862.0	614.0	406	1
2816	520	2944	485	2885	634	2804	819
ZVQ	2697.0	2400.0	300	1
2640	2299	2644	2538	3009	2370	2495	2394
SVQ	764.0	915.0	422	1
714	663	689	1086	895	994	758	919
HZP	2235.0	3767.0	228	1
1914	3876	2112	3621	2487	3878	2428	3693
TQQ	4265.0	1409.0	400	1
4283	1306	4421	1443	4077	1509	4282	1380
MCR	4118.0	820.0	280	1
4213	703	4160	963	3983	864	4118	750
UCC	2301.0	1623.0	497	1
2433	1373	2072	1795	2108	1746	2594	1578
YEU	1347.0	701.0	301	1
1294	525	1306	939	1189	820	1601	522
AFO	3137.0	2894.0	435	1
3011	3048	3126	2717	3124	2912	3290	2901
TPT	2208.0	2059.0	255	1
2136	1878	2356	2040	2068	2240	2274	2081
RVV	3593.0	671.0	352	1
3614	401	3789	857	3524	926	3446	501
ZVJ	2477.0	541.0	303	1
2439	564	2562	550	2535	459	2372	591
WAV	2564.0	2989.0	255	1
2693	3182	2248	2788	2618	2878	2698	3110
ERC	1867.0	1550.0	317	1
1754	1726	1995	1543	1914	1494	1805	1440
IDC	1335.0	4063.0	241	1
1482	4149	1166	4157	1136	3905	1556	4044
EGN	3521.0	2076.0	448	1
3665	2145	3713	2128	3420	1975	3288	2057
RZE	1714.0	2077.0	354	1
1529	1967	1663	1980	1673	1954	1994	2408
SUC	3739.0	4098.0	295	1
3466	4122	3897	4060	3881	4142	3714	4071
IDE	4096.0	1702.0	413	1
4240	1599	4155	1917	3746	1608	4246	1686
YDQ	1484.0	4436.0	459	1
1286	4422	1627	4570	1603	4564	1423	4190
BWC	4339.0	2894.0	319	1
4609	2779	4329	2932	4100	2978	4318	2888
GZT	3746.0	2684.0	226	1
3592	2632	3805	2656	3868	2549	3719	2902
SQY	2813.0	3557.0	440	1
2929	3263	2706	3643	2883	3572	2736	3752
DAI	3150.0	4172.0	361	1
3041	4037	3106	4151	3147	4356	3308	4147
XJR	3561.0	1692.0	239	1
3610	1639	3509	1706	3450	1604	3677	1821
JPP	545.0	4607.0	329	1
261	4662	642	4651	650	4453	629	4662
LGK	2698.0	2139.0	467	1
2742	2116	2925	1999	2522	2277	2603	2166
FLX	1713.0	3868.0	299	1
1677	4022	1859	3738	1655	4082	1661	3632
NMT	2366.0	4340.0	421	1
2150	4524	2239	4044	2432	4499	2646	4293
WFH	3538.0	2316.0	437	1
3393	2375	3528	2204	3675	2375	3558	2312
ZMI	4241.0	2583.0	457	1
4110	2714	4110	2678	4543	2699	4202	2244
GIC	3086.0	587.0	313	1
3044	479	3156	468	3013	600	3134	804
TOP	712.0	3417.0	209	1
915	3283	811	3394	419	3545	706	3447
ETG	534.0	1407.0	283	1
484	1334	558	1451	508	1351	588	1493
KPX	492.0	2539.0	278	1
491	2905	453	2361	506	2477	519	2416
MYP	1699.0	3437.0	453	1
2023	3236	1458	3387	1873	3533	1443	3593
ZKC	934.0	1309.0	319	1
812	1203	1030	1118	1098	1449	798	1467
NNA	1961.0	644.0	464	1
1956	690	1885	508	2094	822	1909	559
ALM	2940.0	1640.0	230	1
2851	1710	2858	1870	3157	1621	2897	1361
RHM	3341.0	3520.0	403	1
3223	3415	3363	3534	3559	3842	3219	3291
