CFW	964.0	3684.0	436	1
1111	3422	987	3876	723	3468	1036	3973
XPT	1674.0	1059.0	418	1
1523	1091	1696	1055	1779	924	1700	1169
CIA	2465.0	2845.0	304	1
2497	2596	2541	2975	2515	2928	2307	2881
SQH	3436.0	1584.0	458	1
3308	1770	3394	1476	3496	1575	3546	1516
ADH	1434.0	3685.0	497	1
1549	3576	1295	3791	1325	3820	1569	3554
PCI	2445.0	1813.0	428	1
2168	1887	2541	1774	2426	1695	2647	1896
PBZ	3168.0	2028.0	310	1
3175	1793	3295	1795	3224	2272	2981	2254
RXX	4225.0	1392.0	302	1
4326	1184	4098	1172	4329	1531	4150	1682
KUL	2158.0	782.0	447	1
2472	789	1983	742	2005	876	2173	723
APE	961.0	765.0	320	1
1128	1033	601	511	1099	541	1018	978
BXR	2015.0	4388.0	366	1
2000	4369	1997	4539	2126	4259	1940	4386
LKD	3620.0	775.0	321	1
3463	539	3842	753	3461	856	3714	954
ARG	1974.0	2747.0	398	1
1920	2661	2112	2892	1764	2559	2101	2877
VMQ	3052.0	1391.0	483	1
3274	1090	2842	1470	2883	1481	3211	1525
CHN	697.0	1648.0	427	1
738	1880	792	1833	622	1511	637	1371
ZYF	1654.0	670.0	302	1
1420	655	1669	850	1699	638	1831	539
DQC	2594.0	2189.0	447	1
2572	2200	2580	2380	2568	2235	2659	1942
XRK	1253.0	4154.0	356	1
1150	4117	1468	4214	1072	4223	1324	4062
VDE	2767.0	4466.0	337	1
2999	4269	2541	4591	3010	4503	2521	4502
BED	3176.0	2676.0	229	1
3185	2488	3202	2961	3386	2679	2933	2579
MBP	799.0	2987.0	496	1
1034	2768	682	3044	801	2930	679	3209
SOL	3935.0	4102.0	474	1
4149	4174	3895	3838	3697	4299	4002	4098
EGB	4282.0	3558.0	498	1
4147	3621	3985	3644	4521	3588	4478	3379
IER	3664.0	1161.0	273	1
3553	1080	3690	1000	3837	1264	3577	1300
GKS	3568.0	2318.0	499	1
3594	2364	3515	2073	3529	2398	3636	2440
SBW	4202.0	2541.0	460	1
4367	2205	3993	2694	4287	2745	4161	2522
JCG	2483.0	3358.0	456	1
2281	3183	2662	3414	2479	3551	2511	3287
RPV	1737.0	3366.0	334	1
1635	3524	2012	3421	1483	3458	1819	3064
NVN	1489.0	2467.0	480	1
1442	2434	1409	2531	1753	2628	1352	2278
NCU	3988.0	1896.0	329	1
3831	1950	4137	1797	4148	1842	3837	1997
DPC	2449.0	3760.0	482	1
2431	3672	2538	3871	2558	3673	2271	3824
SCA	926.0	1701.0	326	1
947	1697	985	1621	868	1928	906	1560
FXO	1209.0	1526.0	304	1
1404	1675	1049	1280	1249	1622	1135	1530
YXL	2947.0	498.0	233	1
2947	405	3188	331	2908	533	2747	725
VYM	2015.0	4136.0	415	1
2070	4047	1907	4198	1843	4204	2243	4097
YPI	1223.0	2744.0	360	1
1121	2655	1236	2532	1346	2871	1189	2919
PVM	3076.0	3787.0	266	1
3078	4097	2755	3768	3207	3694	3265	3592
VZO	3618.0	3384.0	391	1
3699	3562	3363	3415	3621	3172	3792	3388
PUL	4237.0	722.0	420	1
4278	543	4218	887	4120	706	4335	752
PBC	3774.0	1381.0	478	1
3895	1401	3499	1310	3911	1436	3792	1378
BPX	1776.0	3715.0	211	1
1917	3644	1888	3836	1670	3596	1632	3786
MHW	623.0	3675.0	241	1
517	3289	655	3872	668	3732	653	3807
BJB	2125.0	1319.0	298	1
2054	1197	2005	1277	2413	1465	2029	1338
IWP	4370.0	4407.0	380	1
4158	4582	4487	4353	4384	4124	4453	4570
KVR	2808.0	3052.0	294	1
2856	3021	2681	3143	2901	3072	2796	2975
JMB	4041.0	1009.0	305	1
4038	919	4021	1078	4097	1165	4009	877
UTJ	1143.0	2116.0	414	1
1229	1942	958	2264	1054	2242	1332	2017
MDU	1807.0	1815.0	498	1
1842	2066	1826	1878	1637	1625	1924	1691
PUZ	588.0	2015.0	285	1
599	2054	655	1912	484	2005	616	2089
HGQ	1179.0	3140.0	438	1
1255	3104	1120	3104	1061	3182	1282	3170
