JFD	3338.0	1503.0	348	1
3313	1593	3167	1355	3547	1580	3326	1484
QME	2057.0	3527.0	454	1
1855	3433	2073	3587	2169	3439	2133	3651
NPM	3069.0	809.0	371	1
2871	941	2905	855	3094	909	3409	534
IDJ	1106.0	2909.0	231	1
1136	2853	1018	2819	1198	3013	1073	2951
ZOR	1416.0	1144.0	447	1
1274	1149	1310	1011	1582	965	1498	1454
VRX	706.0	3604.0	391	1
802	3722	767	3773	728	3502	527	3419
QOF	3980.0	3242.0	333	1
3765	3006	3883	3337	4020	3294	4255	3333
WXS	1190.0	3726.0	291	1
1176	3539	964	3657	1376	3661	1244	4049
KXR	2403.0	3757.0	407	1
2560	3740	2357	3647	2318	3891	2378	3753
IXC	1894.0	1958.0	464	1
2210	1860	1788	1956	1712	1864	1869	2152
XAR	4098.0	1861.0	434	1
4280	1797	3915	1803	4272	1950	3926	1897
TBC	351.0	1912.0	380	1
326	2052	246	1643	628	1914	207	2039
TIM	1859.0	859.0	450	1
1930	877	1688	708	1912	836	1909	1017
CBG	2287.0	4363.0	254	1
2008	4270	2195	4322	2419	4262	2529	4598
HCF	738.0	2832.0	332	1
734	2563	843	2828	765	3147	613	2793
IBK	460.0	675.0	428	1
357	468	174	480	640	929	671	823
YUM	3542.0	1893.0	392	1
3381	1692	3661	2111	3468	1974	3660	1798
UGF	2265.0	749.0	437	1
2192	494	2137	906	2223	899	2510	699
LFB	3910.0	4278.0	339	1
3949	4287	3882	4295	3846	4235	3963	4298
AUX	1904.0	4013.0	402	1
1713	3986	1827	4034	1940	4062	2136	3970
KBO	3628.0	913.0	272	1
3547	838	3588	788	3804	789	3576	1238
INA	954.0	847.0	428	1
1045	1061	1173	944	905	660	693	725
NHE	3643.0	4328.0	342	1
3560	4414	3816	4489	3711	4262	3486	4148
VMG	3089.0	3466.0	442	1
2744	3549	3240	3470	3257	3278	3115	3570
LVZ	1876.0	1346.0	283	1
1821	1292	1712	1160	2095	1207	1879	1725
UKP	2515.0	2465.0	353	1
2725	2405	2538	2396	2393	2567	2407	2494
UEB	822.0	2256.0	442	1
1060	2131	649	2462	743	2362	838	2072
MJR	2741.0	1122.0	254	1
2809	1118	2951	1419	2676	988	2531	965
TLO	1695.0	3110.0	246	1
1632	3177	1729	3153	1801	2894	1621	3219
VGR	4270.0	959.0	201	1
4161	1232	4347	845	4147	913	4428	846
BMP	1707.0	2424.0	483	1
1446	2479	1959	2502	1869	2334	1557	2383
BFI	3999.0	2356.0	241	1
3939	2353	4141	2431	4044	2405	3873	2238
DJJ	2356.0	3512.0	447	1
2467	3417	2189	3447	2480	3603	2289	3582
DYM	1150.0	1888.0	351	1
1311	2008	1472	1829	892	1718	925	1998
VQI	3003.0	2420.0	401	1
2732	2186	3033	2446	3073	2667	3176	2384
JCG	2922.0	2905.0	434	1
2937	2938	2971	2981	2673	2868	3107	2833
KMS	1828.0	4460.0	278	1
1891	4640	1779	4462	1691	4259	1953	4481
WRX	3125.0	3789.0	405	1
3315	3617	3334	3895	2853	3991	2998	3656
UXF	3619.0	2392.0	277	1
3491	2473	3767	2501	3460	2394	3758	2201
XTD	2331.0	1445.0	325	1
2206	1479	2425	1458	2300	1315	2394	1529
SAF	2494.0	2992.0	223	1
2349	2925	2659	3009	2367	2770	2603	3264
FHX	3860.0	3905.0	391	1
3746	4023	4001	3726	3936	3800	3757	4074
QCO	2630.0	1822.0	288	1
2933	1776	2448	2004	2673	1973	2466	1536
ZUV	642.0	4237.0	489	1
656	4176	511	4102	734	4230	668	4440
DYB	4153.0	4017.0	485	1
4206	3980	4079	4045	4024	4222	4303	3823
PXL	3776.0	2642.0	405	1
3868	2707	3708	2688	3772	2555	3757	2619
JGH	1277.0	3274.0	264	1
1542	3471	1326	3192	1101	3165	1140	3269
CUM	4198.0	355.0	203	1
3951	248	4077	198	4397	677	4369	300
MPS	1934.0	2672.0	487	1
1752	2531	2013	2627	1778	2820	2196	2710
UDP	2159.0	2341.0	214	1
2087	2392	2170	2205	2154	2431	2226	2337
