AZT	2755.0	3477.0	189	1
2794	3291	2607	3627	3003	3362	2618	3631
MBU	951.0	2586.0	280	1
713	2708	1174	2602	881	2539	1037	2495
RFL	1210.0	3350.0	241	1
1166	3399	1150	3451	1133	3178	1391	3372
GYL	558.0	4213.0	284	1
383	4146	528	4441	767	4023	556	4245
IMF	3774.0	4007.0	152	1
3696	4312	3876	3721	3699	3791	3826	4205
KVS	437.0	2608.0	44	1
255	2531	672	2673	552	2409	269	2821
USY	606.0	737.0	286	1
436	752	645	875	637	581	706	743
OVA	500.0	1395.0	281	1
622	1325	454	1590	233	1370	691	1297
BMH	2017.0	630.0	167	1
1821	829	2089	431	2011	829	2150	432
YSC	1028.0	3692.0	12	1
915	3693	919	3493	1105	3970	1176	3614
RNO	4200.0	1810.0	198	1
3925	1991	4402	1844	4474	1688	4002	1718
QQN	3028.0	1544.0	230	1
2798	1494	2879	1441	3186	1762	3249	1479
DNE	3612.0	3383.0	190	1
3584	3357	3968	3451	3492	3335	3404	3389
RRS	1288.0	2715.0	181	1
1304	2803	1197	2864	1175	2874	1476	2321
KZQ	4338.0	1251.0	208	1
4455	1438	4280	1255	4371	1102	4246	1211
BYM	1948.0	2521.0	107	1
2094	2400	2010	2590	1954	2344	1736	2751
UOP	2473.0	3601.0	204	1
2562	3753	2475	3638	2325	3494	2531	3519
MNO	3201.0	2412.0	247	1
3301	2291	3201	2251	3147	2544	3155	2564
AZR	2814.0	3833.0	25	1
2581	3681	2878	3949	2968	4049	2829	3653
HXR	1396.0	1207.0	233	1
1239	1081	1604	1172	1349	1358	1392	1217
XOC	3811.0	2658.0	248	1
3678	2552	3857	2686	3910	2709	3801	2688
IMU	3971.0	3606.0	290	1
3922	3526	3920	3767	3962	3624	4083	3507
YIV	1004.0	1762.0	235	1
1228	1744	1031	1825	801	1983	957	1497
BUJ	2353.0	4034.0	67	1
2176	4135	2268	3989	2503	4035	2466	3979
ABL	656.0	3241.0	220	1
647	3333	556	3034	676	3250	745	3348
MOF	853.0	2935.0	255	1
1020	2992	914	2982	696	2950	785	2818
DRJ	1945.0	3826.0	196	1
1900	3938	1870	3836	2029	3932	1983	3601
XLP	2186.0	1129.0	204	1
2218	1523	1988	1085	2154	960	2386	951
ZKB	2520.0	530.0	109	1
2590	333	2609	401	2414	724	2468	662
EUA	2102.0	4302.0	184	1
2211	4516	1949	4145	2022	4195	2226	4354
GDQ	3445.0	1173.0	118	1
3490	1385	3133	1160	3614	928	3546	1220
QZH	4324.0	3100.0	259	1
4239	3150	4348	2972	4142	3169	4569	3110
ERM	4119.0	824.0	192	1
4080	970	4279	802	3966	579	4152	945
TUZ	2161.0	3617.0	123	1
2154	3755	2124	3574	2153	3719	2213	3420
VHB	1109.0	1179.0	79	1
1131	990	959	1341	1161	1177	1185	1210
TVS	3796.0	2201.0	110	1
3895	2463	3761	1985	3883	1970	3647	2386
HLY	2888.0	1035.0	243	1
2843	1066	3029	1129	2690	1082	2992	864
ORK	1893.0	1976.0	144	1
2018	1929	1865	1932	1618	1967	2072	2076
AEZ	1131.0	770.0	213	1
1059	887	992	671	1182	610	1291	913
NGM	3273.0	3628.0	127	1
3311	3611	3190	3462	3131	3643	3461	3799
OLI	3463.0	651.0	114	1
3463	656	3643	760	3332	508	3417	682
MCD	1820.0	2999.0	265	1
1671	2820	1709	2946	1972	3182	1930	3049
IFM	1361.0	4081.0	275	1
1663	4033	1178	4355	1219	3852	1384	4086
WDB	4319.0	3741.0	82	1
4435	3923	4404	3875	4123	3641	4315	3527
OKR	4307.0	2368.0	59	1
4130	2276	4354	2444	4503	2124	4243	2628
VJM	2598.0	2668.0	132	1
2579	2861	2497	2695	2435	2521	2882	2595
QCH	2387.0	2111.0	181	1
2406	2180	2100	1957	2587	2214	2457	2094
BVU	3074.0	614.0	194	1
3324	784	2968	809	2812	296	3194	569
XKN	4416.0	2777.0	230	1
4604	2865	4387	2803	4107	2711	4567	2732
MEN	3292.0	4317.0	216	1
3330	4511	3375	4118	3072	4487	3393	4152
