FUB	3717.0	3775.0	424	1
3789	3753	3783	3874	3391	3717	3905	3757
NSR	3105.0	3657.0	482	1
3121	3570	2954	3488	3325	3774	3021	3798
XAY	2685.0	1164.0	398	1
2693	1526	2514	941	2892	949	2642	1242
BPK	464.0	2694.0	310	1
605	2712	199	2662	503	2763	549	2640
NID	2637.0	1835.0	437	1
2688	1740	2657	1872	2766	1855	2437	1875
ESU	3306.0	872.0	206	1
3327	1067	3254	673	3497	1057	3149	692
OSI	3011.0	4285.0	270	1
3185	4368	2813	4075	3082	4264	2967	4435
YTO	1013.0	711.0	211	1
867	726	1075	652	1236	804	875	663
XVG	2323.0	378.0	238	1
2362	144	2488	397	2107	668	2336	305
HSR	4145.0	2614.0	244	1
4052	2587	4366	2559	4108	2680	4054	2630
ZGJ	1722.0	1022.0	359	1
1985	1100	1494	760	1784	1137	1626	1092
FXT	2111.0	1623.0	479	1
2336	1566	1975	1775	1961	1542	2173	1612
ULA	472.0	3612.0	212	1
520	3360	467	3687	371	3820	533	3582
XYC	3612.0	3050.0	445	1
3856	3108	3549	2947	3342	2788	3704	3359
XVJ	2241.0	3308.0	239	1
2232	3277	2114	3203	2143	3546	2477	3207
BVG	1131.0	3477.0	255	1
1416	3363	921	3574	1320	3406	870	3567
SSM	1199.0	4038.0	458	1
1114	3871	1400	3934	1086	4162	1198	4186
VBY	1726.0	1672.0	499	1
1768	1775	1705	1290	1728	1748	1704	1877
BYQ	1857.0	2548.0	490	1
1800	2683	1974	2669	1767	2309	1890	2533
KZN	1342.0	1431.0	275	1
1413	1350	1212	1193	1410	1600	1335	1584
HYA	1605.0	3625.0	361	1
1552	3508	1680	3626	1497	3956	1691	3412
OWR	1062.0	1750.0	218	1
1072	1886	1181	1590	985	1651	1011	1875
QQW	2178.0	2646.0	410	1
2148	2526	2278	2636	2089	2625	2200	2800
EEW	545.0	1172.0	463	1
433	1065	619	1343	378	1319	751	962
CIC	2295.0	4203.0	404	1
2015	4396	2417	4288	2156	4013	2595	4118
WVN	1396.0	2214.0	417	1
1529	2293	1317	1947	1319	2451	1420	2167
DOJ	1606.0	3102.0	270	1
1432	3140	1344	3235	1898	3066	1752	2968
JOH	3867.0	1114.0	480	1
4048	1219	3853	1173	3930	930	3638	1134
PLN	741.0	1723.0	219	1
583	1953	983	1766	496	1598	902	1577
YEW	2781.0	2061.0	324	1
2896	2051	2602	2024	2927	1886	2702	2283
MRW	2819.0	3137.0	455	1
2670	3052	2994	3147	2641	3134	2972	3215
BTB	1715.0	4374.0	272	1
1686	4244	1702	4320	1717	4468	1758	4465
HPR	3368.0	2150.0	304	1
3141	2199	3355	2256	3353	2080	3623	2066
OLO	1632.0	2656.0	335	1
1640	2690	1545	2744	1595	2779	1750	2412
DVO	1777.0	2078.0	288	1
1880	2050	1820	2266	1716	1938	1694	2058
IJH	1649.0	1519.0	243	1
1685	1603	1694	1666	1571	1664	1648	1143
DAK	2191.0	1001.0	358	1
1993	992	2121	1261	2354	793	2297	960
VXT	4267.0	1616.0	495	1
4078	1800	4029	1652	4507	1573	4456	1439
FBA	737.0	2069.0	205	1
512	2208	805	1999	789	2054	843	2015
ZEO	3672.0	1671.0	415	1
3673	1791	3382	1473	3708	1634	3925	1789
ENH	4420.0	4114.0	223	1
4348	4125	4493	4184	4326	4053	4513	4095
UEO	364.0	1721.0	360	1
405	1881	305	1670	284	1817	465	1516
IYQ	772.0	4129.0	452	1
1001	4300	752	4111	689	4122	647	3985
MOS	435.0	3971.0	348	1
301	4187	544	3931	434	3879	464	3890
TRP	486.0	833.0	359	1
582	946	493	788	370	907	502	692
NWP	4317.0	2907.0	317	1
4098	3107	4478	2803	4284	2821	4411	2899
IUB	2079.0	2050.0	237	1
2226	2210	1994	2136	1905	1845	2192	2011
RNA	4408.0	3703.0	446	1
4401	3454	4535	4025	4275	3558	4421	3775
TJL	4102.0	4263.0	226	1
4074	4076	4043	4240	4146	4200	4147	4537
SBR	3894.0	4163.0	240	1
3762	4039	3961	4380	3965	4143	3889	4091
