EVT	3706.0	1487.0	308	1
3569	1617	3537	1470	3689	1325	4029	1536
ZXP	2737.0	2863.0	449	1
2604	2917	2596	2740	3063	2823	2685	2973
SFT	1999.0	1212.0	301	1
1961	973	1972	1374	2088	977	1978	1525
CRC	4327.0	3912.0	281	1
4482	3913	4349	3904	4110	3752	4367	4080
MYC	3330.0	2560.0	247	1
3662	2459	3332	2663	3149	2611	3178	2510
GCI	2552.0	2430.0	355	1
2382	2428	2738	2401	2630	2449	2460	2445
RLL	567.0	672.0	427	1
420	459	593	834	716	639	542	757
NXU	1578.0	1844.0	257	1
1434	1852	1743	1677	1506	1898	1629	1951
ZQI	834.0	2792.0	336	1
625	2868	824	2897	1091	2832	798	2571
RUC	1085.0	3401.0	233	1
1106	3533	1054	3276	1308	3190	874	3606
KXZ	2989.0	598.0	485	1
2856	489	2992	738	3149	495	2961	670
PRZ	1476.0	2551.0	344	1
1373	2862	1687	2463	1339	2470	1505	2411
DIX	1993.0	3447.0	206	1
2166	3411	1853	3331	1758	3563	2196	3483
GOV	3307.0	4040.0	378	1
3482	4209	2987	4260	3405	3755	3357	3939
ZDQ	2150.0	2153.0	322	1
2027	2102	2238	2166	2064	2092	2274	2253
DCW	718.0	1253.0	453	1
718	1142	530	1244	569	1215	1056	1413
TWJ	3178.0	3395.0	387	1
2826	3461	3267	3476	3379	3205	3240	3438
AFV	3875.0	701.0	368	1
3904	636	3894	682	3813	636	3889	852
FVW	1558.0	3017.0	201	1
1835	3043	1351	2991	1350	3142	1699	2893
XSP	1987.0	1819.0	226	1
1795	2040	1985	2062	2042	1604	2128	1572
ZGC	4109.0	2692.0	441	1
4339	2499	4206	2746	4040	2827	3852	2698
XND	929.0	1754.0	442	1
814	1853	906	1500	977	1854	1021	1810
FAX	934.0	4054.0	465	1
883	4229	775	4169	863	4044	1218	3776
YYK	1342.0	458.0	349	1
1317	333	1675	447	1182	404	1194	651
WOV	4042.0	1927.0	467	1
4056	2139	3869	1728	4249	1927	3997	1916
UFC	1754.0	4221.0	333	1
1550	4146	1926	4258	1564	4293	1978	4188
AZY	2325.0	624.0	417	1
2379	664	2517	468	2235	592	2170	774
CYE	1149.0	1693.0	355	1
1079	1364	1127	1796	1205	1745	1185	1868
HID	3887.0	3777.0	324	1
3878	3840	3950	3824	3642	3571	4079	3874
CUB	2833.0	1529.0	225	1
3063	1611	3133	1609	2571	1558	2567	1340
SVB	4076.0	1024.0	368	1
4113	1233	4186	1246	3928	786	4077	831
MRR	2604.0	4007.0	426	1
2670	3753	2630	3852	2392	4226	2724	4197
UZT	549.0	2293.0	490	1
488	2122	357	2483	605	2024	749	2543
XCE	1456.0	1291.0	275	1
1665	1304	1222	1489	1566	1325	1373	1047
AVJ	1799.0	2497.0	318	1
1792	2357	1739	2489	1710	2575	1957	2567
TYH	2098.0	3077.0	414	1
2204	3184	1883	3008	1889	3143	2416	2975
NZN	2667.0	681.0	315	1
2555	520	2769	861	2724	814	2621	531
CTL	3339.0	1858.0	280	1
3357	1882	3483	2066	3458	1714	3058	1773
JQZ	1397.0	4146.0	358	1
1264	4319	1453	3836	1363	4388	1509	4042
ZVO	4371.0	498.0	402	1
4267	662	4431	472	4355	474	4433	385
LQS	2320.0	1701.0	340	1
2235	1773	2377	2006	2289	1577	2382	1448
FWD	2990.0	3571.0	283	1
3239	3692	2975	3493	2956	3612	2793	3490
HHF	4259.0	1442.0	324	1
4164	1352	4270	1508	4548	1472	4057	1436
OBV	2758.0	2147.0	340	1
2980	2241	2410	2287	2818	1984	2825	2077
KKS	2522.0	3282.0	268	1
2500	3238	2423	3393	2615	3440	2550	3058
BHT	1731.0	3785.0	406	1
1805	3868	1795	3739	1803	3718	1523	3816
BLS	2881.0	1681.0	438	1
2908	1639	2933	1703	2973	1762	2711	1621
KRD	3743.0	2404.0	371	1
3671	2443	3875	2351	3608	2417	3821	2406
BVO	518.0	3830.0	205	1
709	3584	421	3925	493	3912	450	3899
QOW	511.0	3193.0	258	1
457	3402	683	3046	456	3170	448	3154
