ZCG	1316.0	3638.0	343	1
1196	3909	1410	3417	1547	3651	1114	3575
GDQ	779.0	3271.0	443	1
587	3398	706	3167	759	3430	1067	3091
NHP	2707.0	2250.0	387	1
2669	2171	2824	2224	2727	2107	2611	2499
RMU	1785.0	2731.0	316	1
1998	2753	1664	2641	1763	2514	1715	3019
AYT	4366.0	2627.0	313	1
4296	2705	4197	2657	4418	2340	4553	2806
IPO	4296.0	1267.0	404	1
4441	992	4146	1371	4326	1333	4271	1375
RYV	1494.0	761.0	244	1
1263	653	1588	468	1496	955	1631	969
OJC	516.0	757.0	249	1
648	615	317	719	673	869	427	825
MQA	4009.0	3378.0	306	1
4108	3428	3899	3135	4156	3396	3876	3553
BTV	3817.0	439.0	476	1
3829	305	3640	340	3999	435	3801	679
DLS	2418.0	4162.0	492	1
2539	4421	2155	3966	2321	4364	2659	3899
PLQ	3642.0	3649.0	362	1
3615	3802	3427	3773	3714	3652	3812	3371
MXQ	3610.0	1221.0	299	1
3632	1144	3869	1377	3371	1005	3569	1360
PTC	2023.0	3203.0	301	1
2103	3109	2189	3293	1675	3140	2127	3270
SDO	3979.0	849.0	463	1
4020	784	3984	829	4001	1016	3914	769
TQN	1007.0	2912.0	387	1
1366	3006	824	2712	1001	2931	837	3000
SYO	639.0	1466.0	491	1
532	1736	620	1225	640	1507	767	1398
JQG	2536.0	3031.0	449	1
2564	3318	2553	2781	2664	3135	2365	2892
QYL	1947.0	1774.0	434	1
1968	1480	1868	1940	1938	1688	2014	1988
QQH	3618.0	3060.0	411	1
3830	3009	3413	3133	3736	3110	3495	2991
WKC	4396.0	4050.0	471	1
4555	4056	4077	4122	4613	3883	4339	4140
NHP	3898.0	2261.0	272	1
3999	2425	3947	2178	3911	2287	3738	2155
WLD	4300.0	3605.0	312	1
4270	3622	4260	3487	4486	3562	4186	3752
AAL	3413.0	464.0	253	1
3348	295	3587	718	3344	325	3375	518
CDE	3331.0	4106.0	272	1
3131	4355	3369	4273	3371	3935	3456	3864
KGU	3227.0	1387.0	367	1
3352	1463	3313	1218	3220	1546	3025	1322
OSH	2174.0	2123.0	423	1
2070	2120	2121	2216	2395	1915	2113	2244
ACT	715.0	1983.0	395	1
374	2016	879	1880	723	2095	884	1942
OOG	2655.0	463.0	245	1
2387	494	2864	552	2860	553	2511	253
JXR	477.0	2499.0	313	1
319	2895	720	2331	230	2332	639	2441
XBY	2923.0	3947.0	363	1
2947	3959	2801	3925	3129	3798	2816	4106
ZKJ	2672.0	3621.0	387	1
2861	3710	2374	3518	2758	3516	2698	3743
QOK	2917.0	3356.0	392	1
2921	3444	2842	3236	3105	3367	2801	3377
LOJ	1430.0	1395.0	254	1
1327	1334	1346	1455	1690	1508	1359	1285
BAO	3725.0	1505.0	382	1
3968	1717	3686	1468	3628	1410	3619	1428
OBN	1409.0	2316.0	318	1
1498	2336	1110	2184	1533	2525	1495	2219
JTO	872.0	4267.0	440	1
961	4406	765	4274	1129	4414	636	3976
DNY	1973.0	562.0	446	1
1929	453	1978	483	1964	592	2021	723
RGT	2661.0	1704.0	426	1
2798	1497	2695	2027	2610	1779	2544	1515
RHQ	1204.0	1883.0	289	1
1205	1801	1407	1817	1238	2083	967	1834
UNF	3405.0	2684.0	467	1
3116	2831	3569	2638	3530	2607	3407	2662
ZWN	4042.0	1461.0	431	1
3972	1473	3994	1310	4057	1635	4145	1429
AGJ	3770.0	4167.0	399	1
3604	4045	3647	4101	4067	4301	3764	4221
XRE	3312.0	1830.0	263	1
3305	1645	3431	1787	3451	1986	3061	1903
MML	2364.0	2631.0	268	1
2490	2674	2182	2577	2420	2761	2366	2515
NFT	2870.0	1276.0	264	1
3009	1272	2942	1376	2777	1286	2755	1172
HKE	2851.0	802.0	308	1
2662	802	2676	690	3009	847	3058	871
AOZ	4207.0	1936.0	375	1
4084	1804	4303	2208	4215	1893	4228	1840
EKG	2901.0	2730.0	260	1
2864	2785	2938	2660	2833	2826	2969	2649
HZT	3371.0	2092.0	261	1
3523	2079	3135	2219	3556	2038	3273	2033
