XJF	4018.0	4193.0	394	1
4062	4358	3933	4199	4283	3906	3794	4312
HII	1444.0	2749.0	412	1
1344	2796	1723	2768	1170	2748	1540	2687
JVW	2182.0	486.0	443	1
2069	573	2228	487	2191	610	2243	277
GUU	801.0	1163.0	326	1
592	1103	974	1195	658	979	983	1375
QRE	1350.0	1779.0	296	1
1589	1634	1436	1949	1271	1741	1104	1795
OQK	4211.0	1082.0	252	1
3897	871	4354	1095	4281	1333	4315	1032
BWW	1903.0	1232.0	309	1
2037	1092	1930	1246	1862	1440	1785	1150
UDX	1974.0	2283.0	401	1
2123	2131	1820	2312	1863	2363	2090	2327
YNM	4021.0	2304.0	210	1
4174	2177	3754	2479	4095	2316	4062	2246
PFW	1151.0	570.0	238	1
1045	676	1279	743	894	427	1388	436
ZUJ	3361.0	957.0	495	1
3337	1083	3510	985	3085	906	3513	854
ROT	3230.0	468.0	319	1
3255	358	2964	350	3313	798	3388	368
PYL	1398.0	4027.0	349	1
1503	4136	1552	3990	1129	3891	1409	4091
AZF	1750.0	4029.0	381	1
1561	4002	1637	4402	2013	3851	1790	3861
EDO	1791.0	342.0	287	1
2012	192	1888	389	1535	387	1731	402
EWB	2760.0	2719.0	479	1
2880	2947	2953	2554	2646	2532	2564	2845
ORO	3317.0	3611.0	386	1
3474	3733	3441	3526	3091	3569	3263	3617
YRW	2210.0	4026.0	241	1
2282	3792	2135	3979	2122	4292	2303	4042
LKQ	3946.0	3246.0	367	1
3873	3503	3733	3221	4197	3036	3984	3225
SZZ	1702.0	2828.0	312	1
1916	2823	1578	2830	1772	2854	1544	2807
SQH	737.0	4256.0	470	1
874	4496	547	4167	831	4139	699	4225
SGU	2532.0	3981.0	267	1
2477	3879	2511	3987	2586	3802	2554	4258
CAM	1591.0	3501.0	419	1
1704	3425	1552	3406	1340	3531	1771	3645
KMW	2553.0	1406.0	427	1
2464	1419	2415	1497	2781	1329	2555	1379
RBH	3496.0	1612.0	435	1
3319	1399	3835	1728	3345	1910	3486	1411
QZJ	518.0	3581.0	205	1
684	3666	444	3683	546	3606	399	3372
JES	2262.0	2539.0	436	1
2154	2318	2437	2361	2186	2758	2271	2720
QFY	2144.0	1619.0	398	1
2302	1532	2151	1535	2255	1621	1871	1788
KVN	3715.0	3861.0	487	1
3738	4123	3733	3738	3702	3615	3689	3969
IBU	2458.0	3410.0	301	1
2728	3481	2196	3150	2427	3495	2481	3516
NUU	1217.0	3179.0	207	1
1133	3280	1046	2835	1450	3367	1242	3235
NXB	2908.0	3988.0	479	1
3017	4151	2826	3752	2901	3884	2890	4167
XAN	3345.0	3143.0	209	1
3502	3099	3203	3028	3197	3224	3481	3223
TBQ	2421.0	1145.0	304	1
2418	1244	2644	1211	2398	1097	2224	1028
XHH	3637.0	909.0	418	1
3568	846	3577	733	3769	1083	3635	977
XOP	3254.0	1435.0	326	1
3275	1178	3295	1547	3162	1320	3287	1695
WUE	3673.0	2872.0	235	1
3623	2827	3983	2968	3627	2787	3462	2906
UKJ	3258.0	4163.0	289	1
3101	3950	3278	4097	3359	4418	3295	4188
WLY	2936.0	1991.0	273	1
2938	2058	2823	1803	2859	1995	3127	2108
SCR	495.0	480.0	422	1
418	300	477	622	439	376	647	624
EZL	3836.0	465.0	250	1
3866	503	3625	551	4035	351	3821	455
FTX	1608.0	836.0	398	1
1418	579	1640	1096	1705	706	1670	963
GEN	1437.0	2394.0	296	1
1476	2541	1354	2238	1345	2409	1576	2388
NNT	4174.0	2625.0	311	1
4237	2714	4158	2553	4167	2734	4134	2501
TFW	844.0	3969.0	239	1
952	4071	729	4051	854	3893	843	3861
OLL	3010.0	1675.0	278	1
3074	1788	3060	1724	2889	1505	3017	1684
QEY	1993.0	1887.0	230	1
1799	1872	2079	2036	2149	1802	1947	1838
NNG	1159.0	1419.0	303	1
1194	1241	990	1335	1369	1523	1084	1580
CDZ	3228.0	2305.0	253	1
3218	2138	3022	2119	3132	2631	3540	2335
EGL	4381.0	3027.0	487	1
4200	2933	4446	3249	4445	2863	4433	3065
