OTZ	4247.0	3925.0	166	1
4299	4076	4214	4142	4084	3714	4394	3768
YOK	1820.0	4060.0	265	1
1579	3909	2022	4209	1694	4166	1986	3957
JEM	1213.0	2766.0	270	1
1235	2845	1306	2825	1263	2579	1048	2818
QPW	3626.0	4121.0	274	1
3550	4010	3582	4075	3467	4318	3908	4083
WYU	3355.0	1424.0	85	1
3187	1223	3071	1542	3585	1443	3579	1490
FPV	1442.0	2043.0	68	1
1371	2082	1486	1973	1452	1954	1461	2163
JKY	2682.0	2725.0	184	1
2610	2671	2698	2793	2659	2946	2761	2493
KSG	1314.0	555.0	275	1
1572	643	1269	215	1175	640	1240	724
DKV	3411.0	3232.0	126	1
3493	3066	3386	3378	3481	3077	3287	3409
KEX	3530.0	748.0	17	1
3561	568	3628	900	3604	1001	3330	523
BED	2488.0	4051.0	45	1
2352	3893	2543	4190	2597	4289	2463	3833
UBF	3120.0	4061.0	63	1
3429	4099	2872	4171	3058	3916	3121	4058
IQQ	4251.0	530.0	72	1
4302	427	4250	662	4191	420	4262	612
UXU	1000.0	1796.0	179	1
1247	1873	1233	1542	789	1934	734	1835
WQH	860.0	3877.0	4	1
812	3784	1017	4003	836	3808	775	3913
HAX	729.0	2374.0	72	1
748	2402	977	2176	565	2284	626	2634
PXY	486.0	1385.0	46	1
699	1357	187	1476	706	1422	352	1285
LBM	1359.0	3037.0	80	1
1175	2870	1632	3103	1371	2911	1258	3266
BUU	1769.0	2445.0	233	1
1586	2627	1741	2329	1928	2417	1823	2410
JFU	1870.0	1974.0	176	1
1740	1850	1732	1705	2035	2204	1975	2139
HPS	3538.0	3681.0	58	1
3511	3643	3502	3541	3513	3794	3626	3747
TDE	4215.0	2652.0	11	1
4335	2747	4002	2603	4261	2476	4263	2785
IAL	3201.0	2755.0	146	1
3121	2680	3337	2513	3004	3009	3344	2818
AWM	850.0	3460.0	108	1
1003	3495	654	3309	1084	3563	659	3474
UKR	3591.0	1770.0	224	1
3858	1604	3362	1838	3453	1781	3693	1859
ABV	2180.0	2414.0	266	1
2052	2415	2230	2574	2151	2258	2288	2409
CWB	2198.0	2898.0	283	1
2366	2775	2069	3150	2261	2777	2097	2890
UJQ	704.0	565.0	236	1
757	632	596	404	732	560	731	667
HDA	2150.0	3621.0	282	1
2397	3492	2052	3626	2116	3691	2037	3675
DCW	3781.0	2593.0	10	1
3930	2475	3519	2681	3981	2746	3694	2473
CKH	3032.0	501.0	269	1
2920	496	2838	551	3185	495	3187	464
PDP	4033.0	2143.0	192	1
4042	2245	4011	2221	3972	1815	4109	2292
DEZ	2102.0	504.0	194	1
2201	366	1830	379	2200	844	2179	430
SUH	2745.0	590.0	132	1
2780	631	2824	624	2672	568	2706	538
QJL	2347.0	1133.0	160	1
2346	1256	2322	1143	2353	1070	2369	1063
STZ	491.0	890.0	52	1
740	1046	177	765	600	788	448	962
XPN	4321.0	4491.0	246	1
4546	4464	4300	4631	4428	4496	4013	4375
XLA	2929.0	3373.0	115	1
2984	3308	2669	3264	3107	3565	2956	3358
PKQ	2052.0	1093.0	206	1
1778	1121	2266	1114	2150	1089	2016	1049
TIW	3833.0	2245.0	111	1
3956	2442	3781	2281	3655	2136	3943	2123
KAS	2269.0	1598.0	89	1
2505	1768	2098	1330	2216	1530	2259	1767
LPS	3931.0	1078.0	3	1
3701	1063	4002	1070	3961	1128	4060	1051
RRJ	3835.0	711.0	67	1
3870	840	3988	798	3664	542	3820	666
MYU	4320.0	1659.0	229	1
4195	1896	4518	1375	4151	1449	4417	1918
ZZY	2682.0	1943.0	186	1
2526	1903	3047	1740	2608	1971	2550	2158
EQW	1119.0	2276.0	185	1
1256	2261	991	2524	1219	2035	1011	2285
AKM	3302.0	2248.0	205	1
3309	2339	3387	2167	3105	1985	3408	2503
RXA	4423.0	3463.0	254	1
4392	3238	4375	3681	4425	3432	4503	3502
ILX	1905.0	3150.0	120	1
1954	3400	2026	3240	1867	2960	1776	3001
VDH	1855.0	2672.0	147	1
1845	2675	1975	2681	1875	2676	1726	2659
