YVR	1276.0	3089.0	103	1
1190	3103	1206	3036	1277	2861	1434	3358
OJK	4109.0	1744.0	82	1
4238	1656	3927	1670	4004	1856	4267	1794
AYB	898.0	3117.0	254	1
992	3262	984	2897	832	2981	784	3329
WYO	562.0	1660.0	43	1
486	1599	807	1728	370	1799	585	1516
BIL	2151.0	3342.0	19	1
2035	3220	1983	3279	2084	3206	2502	3664
WNN	1144.0	4278.0	294	1
1040	4373	1276	4375	1054	4189	1206	4178
VHB	2395.0	4098.0	132	1
2708	3911	2444	4113	2208	3987	2220	4382
QYH	4095.0	2121.0	128	1
4111	1956	4096	2091	3935	2193	4240	2245
QQA	3413.0	4243.0	291	1
3438	4027	3454	4382	3100	4459	3661	4107
NSN	524.0	610.0	286	1
335	851	348	544	835	339	578	707
NGQ	1590.0	472.0	133	1
1752	282	1653	763	1510	579	1448	264
FSA	979.0	2178.0	3	1
978	1962	856	2085	894	2234	1189	2434
ULD	1981.0	4292.0	34	1
2146	4322	1939	4172	1739	4398	2101	4277
ERM	3245.0	895.0	296	1
3062	984	3229	849	3333	854	3357	893
WDU	2781.0	1025.0	189	1
2819	1224	2894	1097	2823	1024	2589	758
NIS	2095.0	2406.0	65	1
1977	2426	2117	2408	2000	2152	2289	2640
EQT	4272.0	297.0	281	1
4302	196	4111	273	4395	253	4282	466
OCR	1803.0	2132.0	99	1
1861	2012	1794	2329	1627	2034	1933	2155
IVR	3862.0	4208.0	156	1
3802	4389	3936	4266	3932	4120	3779	4060
PQS	2939.0	1449.0	220	1
2864	1305	2959	1820	2975	1348	2958	1323
QBN	4150.0	3317.0	154	1
4202	3034	4150	3469	4065	3396	4183	3370
PRY	3276.0	2831.0	100	1
3182	2791	3172	2951	3198	2722	3554	2863
UPD	1041.0	1457.0	201	1
1110	1242	1095	1329	1011	1639	950	1618
LFH	3847.0	2531.0	162	1
3674	2652	4000	2736	3737	2457	3978	2282
XCF	2278.0	537.0	223	1
2268	616	2442	301	1940	815	2465	417
UBG	4047.0	3933.0	222	1
4153	3862	3851	3978	4243	3933	3944	3959
FJX	3344.0	1591.0	10	1
3186	1654	3284	1561	3530	1652	3379	1500
FTV	331.0	4012.0	253	1
233	3813	212	4118	380	3950	500	4168
IYP	4321.0	2312.0	32	1
4209	2350	4509	2254	4414	2325	4152	2320
AMB	3281.0	2102.0	276	1
3586	1910	3106	1918	3124	2308	3311	2274
MAS	2329.0	1437.0	62	1
2298	1634	2426	1477	2117	1372	2477	1266
RZY	3263.0	3814.0	143	1
3104	3799	3179	3771	3465	3776	3306	3911
CTY	1492.0	4050.0	136	1
1602	4158	1433	3925	1614	3948	1321	4170
AHL	3674.0	3174.0	249	1
3863	3120	3547	3285	3414	3162	3875	3132
MCS	1657.0	925.0	205	1
1838	1015	1716	852	1610	1013	1465	821
EPR	3327.0	473.0	296	1
3361	563	3195	305	3417	366	3336	661
GWI	1133.0	946.0	117	1
1269	1028	1004	1045	1058	752	1204	960
LMF	4481.0	2619.0	216	1
4123	2652	4681	2586	4655	2697	4468	2543
OFU	1416.0	2127.0	135	1
1468	2196	1432	2179	1464	2050	1301	2086
QVP	2761.0	2866.0	28	1
2682	2764	2701	2865	2873	2969	2789	2867
VLV	4120.0	1160.0	261	1
4116	1065	3996	1034	4164	1216	4206	1326
XBG	732.0	3579.0	98	1
501	3689	1008	3515	800	3689	621	3425
AUW	2534.0	1799.0	11	1
2329	1746	2594	1701	2828	1975	2386	1775
KTB	579.0	3076.0	200	1
617	3274	522	3001	502	2954	677	3078
XPW	2824.0	2424.0	264	1
2539	2524	2960	2607	3093	2444	2705	2123
ROD	1603.0	1848.0	227	1
1519	1876	1738	1807	1637	1861	1520	1851
MRJ	1252.0	1519.0	44	1
1291	1642	1219	1349	1376	1648	1122	1437
CAX	2040.0	2862.0	276	1
1976	3092	2073	2717	2132	2652	1979	2987
QOL	1685.0	3681.0	216	1
1648	3744	1735	3721	1555	3856	1805	3405
GNK	591.0	2435.0	252	1
512	2565	730	2213	574	2475	550	2489
