FVT	1959.0	3996.0	454	1
1759	3837	1824	4039	2137	4202	2117	3908
IWC	2196.0	3561.0	484	1
2292	3338	2213	3551	1997	3591	2284	3767
XXA	1553.0	764.0	496	1
1443	475	1463	795	1551	953	1758	836
TYT	3860.0	2382.0	255	1
3953	2429	3927	2618	3808	2211	3755	2271
WWC	491.0	1325.0	263	1
323	1114	683	1600	611	1367	350	1222
FDD	3297.0	3070.0	491	1
3570	2948	3206	3249	3012	3164	3400	2922
YUB	4411.0	3039.0	463	1
4544	2851	4461	3151	4196	3023	4445	3131
LYN	3038.0	4049.0	267	1
2797	4249	3067	3820	3178	4198	3112	3930
XBZ	4403.0	2043.0	358	1
4146	2218	4514	2240	4479	1939	4473	1778
VSI	1773.0	1385.0	322	1
1889	1123	1617	1513	1753	1480	1835	1427
EPN	3508.0	1394.0	498	1
3366	1312	3451	1306	3502	1559	3715	1399
OYO	2531.0	2201.0	414	1
2709	1981	2551	2072	2413	2314	2453	2437
HVF	2643.0	3178.0	381	1
2296	3050	2795	3089	2796	3289	2688	3285
EKH	283.0	426.0	480	1
205	466	250	468	171	374	508	398
NSK	1017.0	1220.0	410	1
1188	1462	1019	1182	975	1193	889	1043
SXE	820.0	3041.0	366	1
681	2836	741	3057	733	3361	1127	2911
AYO	2203.0	2897.0	465	1
2109	2510	2229	2883	2222	3099	2252	3096
SVH	2864.0	1096.0	456	1
3016	1088	2478	856	3027	1233	2938	1210
BHB	1390.0	2450.0	218	1
1348	2580	1137	2539	1501	2168	1575	2514
FAG	4076.0	1033.0	476	1
4097	1092	4020	939	3982	1112	4205	989
MZY	4336.0	4089.0	278	1
4344	4185	4441	4013	4183	3928	4376	4232
JRI	4289.0	786.0	455	1
4201	882	4443	532	4416	863	4098	868
OCP	1207.0	3855.0	407	1
1318	3700	1271	4087	1075	3884	1167	3750
TBN	3489.0	3908.0	338	1
3754	4067	3305	3706	3394	4115	3505	3744
SXK	3446.0	2426.0	489	1
3565	2559	3653	2433	3384	2522	3185	2191
EHU	1271.0	3063.0	311	1
1495	3133	1153	3064	1225	3185	1214	2870
SDA	2642.0	573.0	471	1
2843	573	2724	728	2411	431	2590	563
HPV	2898.0	3543.0	485	1
2713	3553	2948	3770	2791	3335	3140	3514
TTP	880.0	1562.0	374	1
960	1657	970	1608	738	1513	852	1473
TDY	4020.0	3340.0	436	1
4209	3270	4082	3207	3983	3538	3808	3346
EZH	3258.0	1300.0	496	1
3203	1150	3311	1413	3297	1485	3223	1155
BLA	2044.0	1708.0	253	1
2076	1706	2044	1694	2195	1574	1861	1861
KRO	1787.0	1882.0	262	1
1623	1780	1822	1811	1858	1722	1845	2218
RAH	3421.0	698.0	260	1
3346	960	3687	562	3249	599	3404	671
QOK	2034.0	363.0	239	1
1891	614	2318	492	1959	228	1969	118
FCH	2125.0	1295.0	331	1
2073	1473	2221	1378	1975	1115	2232	1215
BFI	2648.0	4341.0	284	1
2780	4342	2775	4277	2293	4150	2745	4596
PAT	519.0	840.0	393	1
493	811	635	898	233	1012	716	641
KOG	1698.0	3017.0	366	1
1852	3154	1734	2752	1712	2998	1497	3165
KZC	2898.0	2475.0	375	1
3033	2429	2718	2340	2860	2480	2982	2653
GQY	3534.0	1857.0	431	1
3520	2036	3583	1796	3375	1692	3658	1906
RDE	1117.0	450.0	439	1
808	379	1081	549	1266	531	1316	343
DYK	499.0	3988.0	339	1
790	3784	746	3877	234	4215	227	4076
EAD	1372.0	1995.0	494	1
1179	2141	1559	1705	1184	2137	1569	1997
ITH	3825.0	405.0	271	1
3840	476	3945	170	3801	273	3714	701
UAS	3981.0	1892.0	323	1
4053	2011	3876	1935	3990	1920	4005	1705
CGB	2857.0	2171.0	367	1
2968	2288	2961	2116	2786	2172	2714	2111
GKE	761.0	1970.0	263	1
667	2183	751	1906	836	1894	792	1897
XEK	1992.0	2463.0	272	1
2027	2469	1992	2478	1815	2500	2136	2406
SNN	3042.0	1738.0	243	1
3357	1881	2936	1849	2908	1543	2968	1680
