SCN	4242.0	1793.0	221	1
4317	1972	4040	1512	4263	1941	4350	1747
ZMG	2947.0	4075.0	329	1
2838	3885	3040	3929	2753	4127	3160	4361
HQL	2618.0	2017.0	217	1
2623	1927	2407	2026	2676	2283	2767	1834
GQL	3925.0	1343.0	393	1
3742	1372	4106	1372	3841	1291	4013	1337
IBK	2950.0	1643.0	386	1
2728	1591	3013	1480	2897	1748	3163	1755
BVD	3941.0	556.0	378	1
3896	386	3900	343	4104	719	3866	776
UYR	2352.0	4268.0	202	1
2238	4111	2527	4158	2485	4450	2159	4355
VOX	2070.0	616.0	347	1
1948	670	2162	752	2200	487	1972	555
JVJ	974.0	1444.0	233	1
1126	1313	1182	1411	738	1615	853	1437
GKE	3189.0	2095.0	287	1
2979	2049	3209	2080	3319	2134	3249	2120
NGB	1521.0	2386.0	212	1
1390	2484	1803	2401	1447	2499	1447	2160
NCU	1441.0	466.0	303	1
1248	533	1451	594	1546	460	1520	280
WNF	1452.0	1525.0	262	1
1428	1453	1624	1569	1269	1274	1489	1807
DUJ	636.0	1950.0	200	1
517	1907	835	2028	839	1755	353	2113
TSZ	2005.0	2946.0	229	1
2258	2788	2154	3068	1818	2917	1791	3014
RTJ	2882.0	3356.0	456	1
3047	3266	3074	3242	2596	3592	2812	3327
FME	2442.0	1333.0	325	1
2398	1475	2416	1031	2396	1411	2558	1417
PER	2900.0	2913.0	261	1
2754	2971	2933	2584	3058	2967	2857	3130
LBN	1285.0	2801.0	380	1
1324	2612	1306	2944	1355	2813	1157	2838
ADE	3737.0	3294.0	401	1
3417	3403	3766	3236	3915	3298	3852	3241
ATK	3660.0	2243.0	218	1
3666	2308	3465	2028	3786	2497	3726	2140
YPI	3300.0	2517.0	452	1
3447	2550	3269	2292	3364	2628	3123	2601
TTF	3311.0	863.0	478	1
3368	775	3389	833	3057	902	3433	945
WSV	4335.0	414.0	273	1
4413	408	4297	560	4120	223	4513	466
EAJ	1537.0	3432.0	235	1
1404	3497	1729	3469	1610	3382	1408	3382
NHV	2607.0	684.0	451	1
2749	589	2469	825	2408	466	2804	858
GPH	1003.0	2710.0	369	1
987	2781	951	2782	1050	2889	1026	2390
WKW	4207.0	3019.0	483	1
4207	3043	4086	3204	4291	3026	4246	2804
JKF	2955.0	367.0	210	1
2928	212	3187	344	2830	363	2877	552
ZXL	2191.0	3580.0	371	1
2050	3621	2500	3398	2135	3719	2080	3582
HUF	3711.0	3089.0	357	1
3726	3103	3630	2938	3722	3187	3766	3131
CSK	853.0	3132.0	434	1
781	3164	954	3045	927	3258	752	3061
SXW	1307.0	3968.0	212	1
1307	3943	1231	4005	1268	4096	1424	3831
TYY	3247.0	1242.0	424	1
3155	1383	3133	1017	3506	1228	3195	1342
UGE	907.0	562.0	327	1
694	642	1129	602	1111	339	695	666
QFK	4067.0	4400.0	279	1
4004	4455	4230	4184	4073	4518	3964	4445
QDC	1791.0	1238.0	455	1
1734	1180	1831	1301	1968	1257	1633	1214
NYD	4218.0	2160.0	494	1
4129	2283	4105	2162	4388	2054	4250	2141
DKL	3907.0	2654.0	314	1
3960	2550	4046	2630	3850	2934	3774	2502
ENR	1189.0	4455.0	357	1
1392	4573	1288	4393	1206	4206	870	4648
HHO	660.0	2400.0	276	1
787	2327	592	2392	687	2259	577	2623
CQA	2220.0	1839.0	355	1
2307	2119	2026	2006	2333	1604	2217	1628
LHQ	1654.0	4216.0	246	1
1620	4154	1630	4518	1664	4088	1705	4104
FNY	405.0	2555.0	217	1
500	2682	389	2657	339	2526	394	2356
VPB	390.0	3758.0	235	1
208	3963	518	3575	219	3810	615	3686
OXX	3380.0	3965.0	298	1
3369	3981	3494	4055	3391	4159	3269	3665
EUA	1329.0	995.0	238	1
1085	882	1591	1005	1199	1118	1444	976
QTR	4416.0	2912.0	356	1
4375	2831	4389	3269	4453	2801	4450	2748
WWG	3647.0	4293.0	461	1
3734	4277	3681	4435	3572	4103	3604	4358
RFT	579.0	1529.0	284	1
380	1533	547	1424	692	1600	697	1561
