SSD	3685.0	1806.0	370	1
3721	2099	3511	1713	3529	1646	3979	1767
FGV	2089.0	1597.0	295	1
2053	1760	2151	1519	2097	1465	2057	1644
IBW	481.0	2005.0	292	1
300	1828	758	2144	273	2105	593	1945
SXD	853.0	2753.0	310	1
909	2430	1015	2868	946	2885	544	2831
IQZ	2276.0	3923.0	277	1
2319	4008	2159	3632	2501	3895	2125	4158
MLT	758.0	4156.0	397	1
828	4174	960	4275	741	3897	505	4281
FJP	2977.0	2276.0	345	1
2732	2226	3197	2182	2763	2320	3218	2376
URR	4010.0	465.0	382	1
4111	465	3753	622	4064	384	4114	392
QMR	1207.0	1374.0	435	1
904	1329	1298	1040	1213	1552	1414	1578
RZQ	667.0	448.0	456	1
448	379	577	491	706	503	938	421
SOV	1282.0	4209.0	419	1
1199	3993	1275	4386	1213	3969	1442	4489
IRQ	1512.0	490.0	411	1
1517	397	1482	591	1435	760	1617	215
KVO	918.0	2015.0	263	1
1119	1762	758	1982	841	2331	954	1987
YXJ	1605.0	2854.0	312	1
1895	2738	1393	3138	1322	2794	1812	2747
NOB	3343.0	3832.0	239	1
3124	3714	3471	3895	3593	3905	3185	3815
MFV	1884.0	1836.0	269	1
1900	1692	1872	2166	1898	1741	1867	1745
XLX	2297.0	2313.0	380	1
2609	2260	2186	2170	2314	2573	2081	2252
QXO	3930.0	2333.0	486	1
3972	2337	4034	2430	4112	2190	3605	2376
UXP	3158.0	1075.0	438	1
3259	924	3074	1012	3330	1403	2969	963
OCU	3839.0	4114.0	442	1
3958	3924	3750	4010	3756	4222	3893	4302
PSV	2638.0	835.0	201	1
2430	695	2791	951	2673	790	2658	906
LXQ	1358.0	2471.0	343	1
1509	2575	1226	2527	1333	2466	1364	2318
XRD	2253.0	2064.0	444	1
2370	2085	2175	2023	2316	2117	2154	2032
RNT	1509.0	1834.0	471	1
1408	1937	1571	1754	1645	1828	1413	1818
HFA	4051.0	3344.0	310	1
3953	3208	4288	3405	3982	3297	3981	3467
BIN	2298.0	4390.0	371	1
2337	4284	2146	4628	2430	4266	2279	4382
NKC	3088.0	1791.0	236	1
2903	1879	3324	1713	2975	1959	3152	1613
VVK	1651.0	1386.0	419	1
1908	1613	1569	1470	1466	1378	1664	1084
CXJ	1128.0	3373.0	358	1
1307	3327	1090	3292	1072	3722	1046	3154
URC	2553.0	2778.0	309	1
2607	2829	2506	2694	2700	2676	2402	2914
JKN	590.0	927.0	476	1
667	1161	330	839	631	804	734	905
PLF	2780.0	3923.0	334	1
2942	4010	2631	4027	2609	4044	2939	3614
ZVF	3172.0	461.0	390	1
3212	455	3114	305	3180	469	3185	616
SGV	3317.0	3225.0	352	1
3311	3358	3202	3186	3423	3222	3334	3135
PPT	4291.0	531.0	215	1
4160	432	4159	440	4306	686	4539	566
ULO	2039.0	1329.0	313	1
1987	1390	2168	1388	1976	1410	2028	1129
JOU	3301.0	2765.0	421	1
3180	2934	3394	2579	3443	2632	3187	2915
RPL	4343.0	1320.0	283	1
4543	1196	4311	1387	3974	1223	4544	1476
LXB	2674.0	1993.0	319	1
2609	2037	2813	1870	2605	2129	2669	1938
WIO	1709.0	3690.0	425	1
1523	3859	1933	3758	1676	3545	1707	3600
YHP	2415.0	1199.0	496	1
2427	1101	2361	1353	2368	1160	2504	1183
KMU	4486.0	2094.0	359	1
4526	2041	4570	2246	4644	1946	4207	2145
AXP	531.0	3122.0	394	1
489	2978	205	3354	723	2991	707	3168
ITY	4329.0	4156.0	246	1
4355	4347	4479	3873	4170	4215	4314	4192
OBQ	3922.0	1603.0	416	1
3805	1549	4062	1620	3933	1640	3890	1605
PHG	4488.0	2724.0	251	1
4381	2670	4636	2651	4304	2560	4631	3015
UOV	3719.0	2985.0	305	1
3645	2941	3531	3093	3941	2897	3760	3010
UVW	1221.0	883.0	460	1
1141	817	1182	996	1293	767	1269	955
MLX	2000.0	498.0	435	1
2038	415	2086	721	2074	282	1803	576
LIV	3407.0	4213.0	289	1
3324	4214	3314	4199	3383	4333	3608	4108
