XQA	2539.0	2321.0	475	1
2636	2272	2807	2379	2333	2088	2383	2546
GTX	1165.0	1590.0	241	1
1098	1755	1042	1552	1230	1311	1293	1743
FYG	2358.0	4283.0	451	1
2390	4389	2196	4245	2209	4045	2638	4455
XSZ	3719.0	1315.0	477	1
3584	1227	3808	1305	3505	1334	3980	1394
AKE	4049.0	2160.0	374	1
3884	2108	4086	1949	4151	2337	4075	2247
FLX	2976.0	3946.0	429	1
2928	3869	2888	3778	3294	3892	2795	4247
DWW	2102.0	638.0	466	1
2236	397	1826	633	2038	755	2309	768
WXX	2536.0	1362.0	381	1
2345	1209	2614	1224	2611	1444	2575	1571
FWD	1517.0	2839.0	337	1
1410	2533	1602	2995	1428	3015	1629	2815
WHP	4290.0	2249.0	334	1
4390	2391	4316	2411	4192	1898	4262	2296
JCJ	3050.0	1696.0	465	1
3207	1682	3124	1680	2793	1693	3077	1729
TAF	506.0	4225.0	267	1
551	4311	354	4068	447	4297	673	4225
ONP	2899.0	711.0	365	1
2634	624	3010	712	3048	997	2907	514
VPX	3235.0	2946.0	498	1
3369	2890	2893	2748	3387	3002	3294	3147
LJS	431.0	1896.0	230	1
734	2001	570	1972	257	1948	165	1665
PPS	3624.0	3053.0	326	1
3591	2759	3677	2996	3503	3186	3727	3271
ZJB	1137.0	2895.0	482	1
979	2959	1200	3053	1238	2522	1132	3048
EMJ	1323.0	2360.0	398	1
1155	2426	1445	2468	1104	2416	1589	2130
EPS	3667.0	3967.0	351	1
3890	3855	3472	3904	3856	4034	3450	4078
FDA	2922.0	1119.0	325	1
3032	1346	2874	1026	3059	1010	2725	1096
KFW	453.0	1216.0	392	1
263	1468	656	1161	729	1032	167	1206
UOS	3599.0	947.0	256	1
3685	894	3861	1176	3395	642	3457	1076
RMV	1858.0	3526.0	221	1
1702	3632	2063	3665	1785	3323	1885	3486
XYW	3968.0	2900.0	381	1
4124	2553	4002	3118	3838	2861	3910	3071
RJZ	1206.0	3965.0	453	1
1125	4055	1277	4025	1268	3754	1155	4028
LHF	3168.0	2334.0	336	1
3014	2201	3144	2368	3241	2558	3273	2211
YCR	2705.0	3105.0	469	1
2891	3028	2865	3154	2419	2943	2645	3298
HVR	4260.0	3888.0	236	1
4495	3940	4322	3784	4079	3740	4147	4088
YTV	2051.0	2971.0	447	1
2037	2837	2219	2839	1833	3039	2115	3171
YBJ	1318.0	571.0	216	1
1201	524	1292	534	1478	521	1304	705
LSD	965.0	2199.0	445	1
980	2414	964	1924	1003	2023	913	2438
XJC	1858.0	2254.0	310	1
1750	2369	2059	2031	1679	2400	1944	2219
DVQ	4174.0	3455.0	382	1
4217	3539	4353	3212	4176	3637	3952	3433
XLF	1866.0	1680.0	336	1
1844	1788	1964	1438	1768	1705	1888	1789
SHE	417.0	3512.0	415	1
472	3663	435	3568	361	3636	401	3184
AZF	503.0	2800.0	210	1
328	2667	529	2682	439	2988	717	2866
HJS	4205.0	912.0	411	1
4264	1178	4130	679	4119	778	4309	1016
SXY	1744.0	3902.0	305	1
1893	3722	1953	4240	1702	3708	1431	3938
TDI	3592.0	4304.0	448	1
3596	4594	3829	4276	3491	4266	3454	4080
XTU	4092.0	4319.0	339	1
3887	4307	4247	4211	4015	4232	4219	4526
INZ	1760.0	1163.0	366	1
1772	1381	1699	1002	1615	1022	1956	1248
QUP	721.0	3549.0	223	1
802	3466	595	3492	713	3782	774	3457
KZZ	3668.0	3545.0	306	1
3713	3489	3516	3563	3769	3548	3674	3581
SID	1302.0	3413.0	482	1
1053	3426	1506	3424	1060	3400	1592	3402
HRC	3423.0	3540.0	226	1
3511	3522	3401	3562	3359	3439	3421	3637
QLD	3356.0	1753.0	259	1
3249	1791	3447	1555	3327	1879	3402	1787
OTG	906.0	3640.0	227	1
826	3750	1078	3545	865	3496	856	3769
MEK	3912.0	362.0	302	1
4114	572	3790	184	3996	458	3751	237
FWC	3568.0	2562.0	247	1
3426	2633	3619	2432	3792	2710	3438	2476
RNC	3944.0	1705.0	240	1
4002	1570	4083	1702	3780	1650	3914	1898
