PAK	2349.0	2623.0	163	1
2217	2656	2277	2416	2427	2680	2476	2741
WPY	819.0	1064.0	108	1
634	1361	910	892	1049	969	686	1034
IQO	4130.0	3637.0	41	1
3964	3557	4312	3508	4085	3764	4159	3721
WQV	1298.0	4262.0	81	1
1089	4346	1552	4109	1282	4499	1269	4094
JLA	1199.0	1377.0	156	1
1308	1317	1140	1211	1197	1352	1152	1629
YPH	2545.0	4324.0	35	1
2649	4332	2473	4364	2709	4317	2352	4284
YAE	2288.0	1699.0	106	1
2358	1521	2110	1988	2343	1827	2341	1461
HAR	1347.0	2780.0	137	1
1232	2572	1377	2734	1513	2894	1269	2922
GVH	771.0	4040.0	277	1
875	3858	982	4140	649	4275	578	3888
WPD	3070.0	3369.0	186	1
2973	3569	3066	3342	3266	3332	2975	3235
WRA	3519.0	4082.0	13	1
3540	4331	3621	4233	3355	3914	3561	3850
XWG	4174.0	2600.0	228	1
4145	2529	4258	2728	4348	2594	3945	2551
CUO	3817.0	4090.0	297	1
3734	4167	3789	3901	4023	4039	3724	4256
XPO	2243.0	1011.0	229	1
2421	1118	2023	1090	2016	721	2513	1115
SOS	1118.0	453.0	248	1
1374	274	879	591	1243	740	979	209
SHS	787.0	3158.0	186	1
644	3291	910	3224	727	2985	870	3134
SBD	1385.0	3910.0	233	1
1399	4044	1208	3884	1337	3814	1597	3899
YZB	3563.0	3595.0	266	1
3481	3485	3502	3705	3827	3510	3444	3681
QKY	1913.0	1297.0	43	1
2008	1148	1885	1228	1723	1195	2038	1620
VAC	340.0	4296.0	172	1
201	4519	467	4033	486	4319	207	4314
YNM	1855.0	2453.0	241	1
1977	2374	1631	2328	2193	2323	1619	2790
OEC	2706.0	3547.0	212	1
2632	3667	2688	3453	2813	3600	2694	3469
JHZ	3845.0	1832.0	203	1
4017	1930	3660	1742	3955	1919	3751	1737
JIP	1219.0	2338.0	183	1
1366	2378	1268	2033	1191	2414	1053	2529
PJP	1904.0	648.0	285	1
1944	373	1970	754	1770	666	1935	799
MVI	4345.0	1547.0	240	1
4482	1423	4383	1491	4297	1813	4221	1463
QHT	3560.0	1253.0	214	1
3376	1048	3800	1533	3298	1422	3766	1011
DNX	3514.0	2598.0	290	1
3605	2429	3594	2508	3438	2833	3422	2622
ZJR	2170.0	3233.0	254	1
2481	3237	2209	3131	2043	3100	1948	3466
VIA	528.0	1739.0	135	1
418	1861	554	1811	499	1811	644	1476
OJN	540.0	2178.0	278	1
786	2231	416	1894	632	2378	328	2210
JDP	1244.0	1858.0	272	1
1168	1923	1352	1863	1240	1870	1219	1777
PUX	3230.0	1890.0	155	1
3189	2092	3410	1779	2979	1807	3344	1885
NCD	539.0	985.0	219	1
630	633	519	1106	556	1147	454	1055
JJY	3055.0	2882.0	48	1
3023	2853	3042	2957	3252	2633	2906	3088
XVC	1264.0	3124.0	85	1
1204	3387	1251	3144	1397	2964	1204	3002
AUC	1707.0	3500.0	212	1
1739	3593	1632	3467	1786	3443	1671	3500
NAA	2742.0	3871.0	2	1
2887	3813	2703	3865	2535	4008	2843	3800
YZN	2792.0	1123.0	71	1
2832	1141	2788	1240	2556	1076	2995	1035
LWG	3848.0	3267.0	239	1
4018	3282	3759	3159	3616	3334	4002	3296
SGN	2929.0	405.0	234	1
2906	406	2678	522	2986	373	3146	322
YEA	4111.0	586.0	118	1
4144	663	4141	547	4063	395	4096	741
OVV	4216.0	3903.0	250	1
4183	3810	4296	4087	4145	3783	4242	3933
JCQ	2652.0	2140.0	73	1
2650	2056	2559	2047	2881	2051	2520	2407
RMG	3503.0	478.0	2	1
3304	428	3642	469	3493	260	3575	756
DXM	1112.0	3432.0	117	1
962	3629	1142	3183	1172	3633	1175	3284
BWD	4142.0	1104.0	111	1
4177	868	4160	1225	3871	1260	4361	1066
ZOD	972.0	1906.0	165	1
796	1944	1154	1962	788	2006	1153	1714
BSJ	289.0	3178.0	28	1
209	3102	425	3170	317	3222	207	3219
AGF	3829.0	2085.0	242	1
3617	1976	3790	2242	3898	2096	4013	2028
