HLD	2410.0	3707.0	279	1
2395	3788	2361	3637	2506	3762	2379	3642
GHS	1139.0	696.0	431	1
1034	690	1396	797	1131	599	998	700
ICG	944.0	1968.0	301	1
909	1679	1062	1732	815	2234	991	2230
AXO	4405.0	737.0	268	1
4464	907	4466	857	4504	350	4189	837
PKD	3952.0	3714.0	214	1
3701	3606	3993	3598	4182	3964	3935	3691
PKD	2926.0	3747.0	451	1
2999	3916	2592	3706	2955	3685	3160	3681
RBW	3526.0	2547.0	295	1
3807	2284	3388	2792	3602	2691	3310	2421
MPZ	619.0	1206.0	404	1
483	1053	579	1169	670	1437	747	1167
NYX	4121.0	2697.0	204	1
4012	2673	4419	2655	4058	2709	3995	2754
MZQ	1848.0	2749.0	325	1
1846	2736	1673	2790	1741	2926	2133	2545
FQO	3042.0	3276.0	379	1
2988	3435	3104	3270	3088	2977	2989	3425
VWM	2988.0	778.0	301	1
3211	628	2870	908	2869	604	3002	972
GPZ	3830.0	3375.0	262	1
3870	3268	4066	3366	3682	3411	3705	3457
TKP	1240.0	3098.0	238	1
1325	2841	1046	3214	1117	3004	1473	3333
CNL	1563.0	2034.0	406	1
1473	2117	1609	1744	1517	2076	1653	2200
BBW	2259.0	3583.0	298	1
2237	3661	2288	3340	2333	3749	2178	3583
NWB	802.0	2964.0	348	1
702	3115	849	2958	825	2863	834	2921
XMF	1651.0	1136.0	206	1
1616	1228	1740	984	1394	1168	1856	1165
KNA	1560.0	2330.0	433	1
1799	2262	1629	2390	1374	2383	1440	2288
LDM	2304.0	4263.0	486	1
2171	4377	2294	4264	2270	4061	2481	4350
KNB	1396.0	3503.0	485	1
1554	3563	1285	3462	1381	3574	1365	3413
AEA	3389.0	447.0	424	1
3446	426	3117	545	3333	237	3661	580
WFE	4480.0	1920.0	330	1
4312	1795	4492	2124	4610	2120	4508	1643
WDG	3845.0	1231.0	297	1
3924	1199	3639	1061	3744	1253	4075	1411
ZFS	3876.0	1941.0	281	1
4059	1765	3724	1937	4141	2121	3583	1942
MBM	2751.0	1366.0	436	1
3021	1481	2738	1230	2669	1315	2578	1439
CCH	1290.0	1769.0	481	1
1378	1809	1233	1726	1222	1665	1330	1876
KNX	803.0	3945.0	334	1
777	3891	746	4127	691	3721	1000	4044
RSU	4279.0	1338.0	437	1
4228	1463	4313	1596	4246	1192	4330	1101
TIT	3303.0	4237.0	399	1
3371	4050	3136	4356	3257	4481	3449	4061
XVA	1365.0	4405.0	393	1
1137	4613	1313	4177	1402	4566	1609	4264
UFT	2245.0	999.0	457	1
2200	1141	2376	798	2150	1056	2255	1004
BOQ	1849.0	3588.0	470	1
1625	3500	1893	3361	1988	3674	1893	3817
CKL	3173.0	1847.0	205	1
3176	1895	2953	1999	3146	1844	3419	1650
IIX	2322.0	1617.0	258	1
2368	1490	2158	1804	2571	1761	2191	1414
DZT	622.0	1858.0	294	1
788	1812	328	1853	697	1677	676	2092
MXR	603.0	3982.0	402	1
614	4029	605	4062	619	4131	574	3709
JDU	2597.0	3320.0	350	1
2546	3454	2597	3373	2769	3422	2478	3033
YJY	1175.0	2552.0	461	1
969	2400	1476	2678	1349	2639	909	2491
QWC	2568.0	2459.0	471	1
2468	2650	2731	2360	2599	2540	2474	2289
UXW	1665.0	771.0	220	1
1872	658	1475	930	1777	746	1538	750
JWT	1111.0	1141.0	412	1
1311	1420	1057	1049	1263	1046	814	1049
PCL	4069.0	3112.0	216	1
4251	3070	3953	3040	3956	3142	4119	3196
EBK	2567.0	2062.0	355	1
2468	2106	2571	2121	2581	2064	2649	1960
GDS	4166.0	2492.0	280	1
4131	2506	4121	2649	4385	2612	4030	2203
BLP	3379.0	3086.0	218	1
3501	3262	3421	2797	3137	3304	3458	2983
AMI	3700.0	790.0	304	1
3617	670	3637	812	3598	875	3950	804
LYX	3538.0	3678.0	330	1
3691	3664	3551	3640	3700	3803	3211	3606
KVR	4433.0	4433.0	479	1
4543	4421	4221	4651	4581	4080	4389	4581
DSJ	596.0	4483.0	326	1
677	4517	558	4564	624	4483	527	4371
