TSA	3564.0	2884.0	209	1
3645	2671	3644	3019	3640	2852	3329	2994
DPD	1056.0	1908.0	33	1
1163	2162	816	1886	969	1604	1279	1983
ELJ	2586.0	3477.0	136	1
2596	3635	2429	3540	2849	3378	2472	3355
SOA	2474.0	3011.0	163	1
2457	2895	2137	2899	2671	3111	2633	3141
WUK	3384.0	1206.0	297	1
3181	973	3158	1121	3608	1227	3590	1505
BAY	1274.0	4208.0	244	1
1322	4191	1247	4334	1461	4123	1066	4187
XUZ	4408.0	969.0	235	1
4452	1018	4497	1095	4312	669	4372	1096
IIO	1990.0	2262.0	213	1
1881	2255	1857	2055	2182	2409	2042	2330
CZK	1999.0	4237.0	201	1
1956	4088	2096	4228	1961	4182	1985	4450
JIM	3116.0	4054.0	166	1
2927	3965	3263	3916	3278	3923	2999	4414
PBA	1048.0	3478.0	30	1
1134	3560	862	3310	1217	3566	979	3479
UGK	2234.0	4267.0	225	1
2116	4386	2408	4280	2236	4179	2178	4225
PBV	1447.0	2475.0	3	1
1620	2334	1672	2703	1172	2473	1324	2392
FYD	3544.0	2154.0	179	1
3266	1989	3526	2249	3771	2136	3613	2245
WHS	2447.0	1676.0	271	1
2587	1829	2077	1446	2471	1761	2653	1668
OEP	2801.0	1115.0	184	1
2938	1177	2677	1251	2761	912	2831	1120
AHY	2851.0	1521.0	51	1
2780	1339	3079	1336	2736	1559	2811	1853
AUR	1822.0	3434.0	268	1
1854	3259	1918	3368	1761	3528	1755	3582
TPF	668.0	3034.0	158	1
791	3015	569	2946	869	2993	444	3183
SOK	401.0	862.0	70	1
462	628	697	924	207	821	240	1078
BTA	2336.0	1126.0	279	1
2470	1022	2450	1086	2373	1186	2051	1211
MJQ	4228.0	591.0	72	1
4275	684	4217	272	4240	671	4181	739
RTX	3523.0	4243.0	73	1
3621	4390	3662	4268	3306	4326	3505	3989
PHM	882.0	4186.0	231	1
884	4091	837	4214	806	4242	1003	4198
AEK	1847.0	1460.0	288	1
1623	1425	2052	1400	1870	1531	1843	1484
IHK	800.0	1258.0	272	1
927	1097	775	1216	627	1489	873	1231
VIN	3162.0	2698.0	93	1
3165	2788	3266	2600	3177	2535	3041	2872
EIM	590.0	1669.0	273	1
802	1764	670	1489	547	1537	341	1889
IZI	1875.0	574.0	81	1
1988	337	1775	920	1632	326	2106	715
SSP	2800.0	541.0	218	1
2553	600	2612	753	3011	518	3024	296
DAH	3964.0	4182.0	1	1
4061	4356	3761	3877	4006	4260	4031	4237
AAS	4387.0	2831.0	27	1
4473	2951	4496	2824	4193	2777	4389	2772
UJR	3573.0	3411.0	190	1
3583	3508	3831	3550	3313	3177	3565	3410
LKA	963.0	439.0	135	1
1113	285	751	525	896	391	1094	558
CAQ	766.0	2294.0	177	1
1036	2275	704	2372	704	2293	621	2239
PDH	1344.0	2981.0	201	1
1305	3032	1233	3065	1240	2894	1599	2936
AFP	2641.0	2632.0	105	1
2678	2574	2889	2578	2451	2605	2549	2772
VHI	4131.0	1822.0	152	1
4268	1546	4223	1750	4203	2039	3830	1954
MOW	2729.0	2288.0	105	1
2691	2386	2867	1994	2719	2464	2642	2310
QVA	3390.0	2481.0	120	1
3408	2471	3309	2522	3219	2489	3627	2444
RMH	2132.0	3812.0	66	1
2005	3915	2399	3658	2183	3787	1942	3889
NPW	3416.0	341.0	43	1
3387	163	3563	365	3546	268	3171	571
XCF	343.0	2321.0	157	1
463	2435	305	2082	371	2500	236	2270
CWL	3551.0	3783.0	203	1
3595	3568	3444	3810	3463	3932	3705	3824
CKO	1288.0	1460.0	146	1
1179	1494	1462	1442	976	1337	1538	1567
ERR	3865.0	2434.0	220	1
3743	2541	3894	2259	3888	2252	3937	2686
UVH	2509.0	4014.0	279	1
2636	4087	2447	4043	2386	3935	2569	3991
NZN	906.0	2478.0	186	1
747	2436	1042	2473	821	2406	1017	2599
GDT	927.0	3886.0	252	1
898	3845	912	4028	826	3759	1075	3912
XOR	526.0	4024.0	30	1
786	3990	653	3845	207	4091	459	4172
