MKB	1449.0	2869.0	217	1
1683	2928	1212	2739	1553	2937	1351	2873
XNB	4122.0	405.0	390	1
3950	381	4105	456	4198	371	4236	414
ZDE	1166.0	1177.0	365	1
1035	1043	1059	1400	1076	1072	1496	1194
HXT	3250.0	3984.0	457	1
3166	3773	3484	4106	2979	3877	3371	4183
HFI	3576.0	2620.0	257	1
3619	2584	3527	2608	3423	2808	3737	2483
ECT	1575.0	4389.0	404	1
1650	4252	1637	4547	1674	4234	1342	4526
SQG	2381.0	874.0	386	1
2443	1036	2229	856	2471	552	2382	1055
PVG	3092.0	589.0	403	1
3037	578	3232	578	3076	779	3026	423
LRQ	1028.0	4221.0	446	1
1341	4241	1096	4352	821	4157	856	4137
CCV	3586.0	474.0	491	1
3733	439	3720	245	3373	556	3521	657
DJV	3913.0	797.0	371	1
3991	725	3922	747	3973	859	3769	859
AWD	2330.0	3846.0	393	1
2531	3816	2177	3763	2120	3895	2495	3910
WHI	2920.0	2804.0	201	1
2837	2871	2750	2947	3093	2949	3001	2450
DLQ	1297.0	2437.0	448	1
990	2226	1352	2703	1384	2488	1462	2331
OOL	1424.0	3849.0	266	1
1457	4007	1490	3954	1398	3512	1354	3926
CAB	1803.0	968.0	392	1
1762	1022	1599	980	2058	1028	1796	843
KLA	605.0	2901.0	281	1
340	3101	721	2871	764	3000	595	2634
AKN	656.0	3868.0	368	1
486	3713	883	4024	638	3795	617	3940
YRJ	619.0	2006.0	219	1
433	2149	639	2187	705	1983	702	1708
HXC	1918.0	664.0	488	1
1696	670	2081	802	1914	649	1981	537
FWN	3549.0	4406.0	321	1
3535	4449	3539	4589	3474	4208	3648	4380
ZWM	3712.0	2150.0	227	1
3839	1874	3533	2407	3691	1881	3788	2439
GVX	4075.0	1124.0	226	1
4251	1190	4180	1280	3911	996	3960	1030
TXE	3682.0	1326.0	256	1
3875	1243	3743	1447	3735	1314	3378	1303
OOX	2485.0	1499.0	448	1
2491	1518	2547	1450	2380	1626	2524	1405
XTT	3015.0	1983.0	459	1
2979	1856	2922	2114	3278	1905	2883	2059
RKH	3966.0	3840.0	458	1
3873	3685	3888	4200	4085	3839	4019	3636
SUC	363.0	751.0	340	1
518	739	326	748	360	756	249	761
ACI	1090.0	1693.0	477	1
1039	1694	1188	1732	1236	1857	900	1490
DPL	3993.0	2859.0	386	1
4029	2950	4114	2854	4078	2926	3751	2707
QJI	3957.0	1843.0	367	1
4025	1956	4034	1668	3928	2056	3843	1694
WXT	1726.0	3475.0	248	1
1568	3624	1611	3414	1997	3398	1731	3465
IUF	577.0	1401.0	456	1
879	1382	516	1391	502	1568	411	1264
BGC	2078.0	3145.0	419	1
1978	3034	2214	3183	1984	3334	2139	3029
MME	4224.0	862.0	242	1
4247	810	4214	809	4105	945	4331	884
CXG	2369.0	2211.0	220	1
2292	2312	2550	2095	2603	2408	2032	2031
OMF	2747.0	3394.0	387	1
2622	3594	2634	3242	3028	3114	2705	3627
SPM	2057.0	1709.0	343	1
2105	1678	1902	1814	2222	1784	2001	1561
ASY	2581.0	886.0	308	1
2472	680	2535	1178	2548	864	2770	825
HFW	2812.0	2304.0	340	1
2713	2250	2939	2259	2884	2263	2715	2447
MUB	4340.0	3800.0	297	1
4282	3921	4568	3747	4318	3876	4193	3659
WOU	1815.0	1323.0	294	1
1743	1152	2152	1461	1666	1138	1702	1542
OIV	4374.0	3301.0	298	1
4596	3408	4310	3252	4247	3179	4343	3367
MIS	3564.0	3643.0	499	1
3477	3590	3746	3693	3666	3744	3370	3547
BQY	765.0	968.0	406	1
577	1117	625	817	882	1052	976	886
LVC	2932.0	922.0	484	1
2908	1045	3021	1136	2892	663	2909	847
TIM	626.0	4304.0	434	1
592	4251	666	4140	476	4226	772	4600
VRR	733.0	687.0	329	1
698	670	891	816	689	653	656	610
JJC	1134.0	3230.0	211	1
1098	3336	871	3097	1299	3126	1268	3364
QXO	1616.0	2019.0	297	1
1612	2059	1632	1981	1565	1925	1657	2114
