KXV	2180.0	539.0	344	1
1897	707	2201	452	2411	325	2211	675
SAD	4095.0	2412.0	417	1
4233	2445	4255	2636	4139	2404	3755	2165
OTG	4376.0	4480.0	482	1
4197	4666	4554	4493	4300	4373	4455	4390
GVQ	2560.0	3701.0	472	1
2655	3662	2434	3646	2690	3834	2464	3663
KKT	3077.0	3208.0	478	1
3090	3133	3166	3138	2986	3431	3066	3130
HZR	4117.0	3073.0	438	1
4061	2859	4256	3037	3980	3048	4172	3351
USC	2465.0	1053.0	351	1
2284	1013	2157	1162	2728	977	2692	1060
XGV	3442.0	2334.0	449	1
3235	2595	3390	2240	3420	2278	3723	2225
ZVA	2544.0	2528.0	435	1
2436	2679	2611	2370	2562	2723	2568	2342
UMF	1236.0	1463.0	410	1
1386	1623	1425	1670	1161	1277	975	1283
FBQ	3567.0	3334.0	344	1
3458	3092	3732	3433	3654	3294	3425	3519
TVY	520.0	367.0	308	1
737	351	339	266	340	671	664	183
AQE	3875.0	585.0	319	1
3983	785	3862	658	4022	323	3633	574
FPU	3002.0	2037.0	471	1
3233	1837	2932	2251	3055	2251	2790	1809
CAJ	1378.0	4195.0	305	1
1223	4091	1551	4419	1540	4222	1198	4050
PXY	1098.0	3225.0	299	1
1117	3373	1253	3291	1029	3247	996	2989
DSR	1893.0	915.0	303	1
1774	925	1971	1023	1757	910	2073	804
FLZ	1620.0	3179.0	326	1
1473	3039	1475	3075	1776	3297	1757	3305
NCX	4187.0	888.0	453	1
4081	618	4139	911	4118	987	4410	1039
REX	1935.0	2798.0	319	1
1699	2699	2030	2749	1871	2952	2141	2792
EKU	3720.0	4334.0	360	1
3544	4512	3849	4389	3518	4280	3972	4155
VDJ	562.0	2622.0	270	1
707	2514	721	2567	276	2836	546	2573
FSN	2402.0	3142.0	388	1
2549	2960	2500	3235	2296	3075	2265	3299
TRE	1809.0	2353.0	258	1
1975	2425	1844	2343	1765	2366	1655	2279
PNI	1899.0	3811.0	428	1
1663	4067	1901	3713	1925	3840	2110	3625
LIB	4330.0	3952.0	204	1
4369	4049	4536	3999	4212	3786	4204	3975
PJR	2999.0	807.0	444	1
2927	1044	3124	786	3105	612	2840	786
RFD	981.0	2075.0	408	1
1192	1925	923	2328	964	1843	847	2207
RPM	1763.0	1740.0	463	1
1873	1745	1611	1699	1808	1703	1760	1813
XNG	3372.0	353.0	203	1
3432	265	3387	379	3370	231	3302	538
CMC	2230.0	4309.0	376	1
2522	4325	2155	4335	2223	4176	2023	4400
JAM	511.0	3627.0	330	1
444	3793	458	3546	374	3518	770	3653
THE	573.0	1217.0	423	1
455	1354	411	1004	808	1230	619	1281
AWX	3660.0	4004.0	401	1
3699	4126	3403	3954	3704	4108	3836	3831
FSN	3797.0	1334.0	207	1
3670	1489	3819	1349	3882	1319	3819	1179
VTO	2141.0	3201.0	363	1
2240	3238	2149	3135	2164	3073	2014	3359
ZGX	534.0	3088.0	203	1
645	3198	329	2858	322	3054	842	3242
RHB	2753.0	1316.0	497	1
2737	1369	2734	1317	2647	1384	2897	1197
WYW	2248.0	3472.0	258	1
2137	3450	2272	3547	2128	3385	2457	3506
GIO	2913.0	1571.0	392	1
2744	1532	2993	1597	3132	1404	2783	1753
UHD	2229.0	1447.0	467	1
2246	1379	2009	1541	2325	1312	2337	1557
GQZ	2599.0	4000.0	387	1
2511	3963	2583	4125	2479	4067	2825	3845
LXN	1640.0	560.0	228	1
1860	658	1679	657	1426	619	1596	307
CIQ	2275.0	1935.0	433	1
2405	1760	2241	1742	2320	2138	2134	2103
HXW	3101.0	2971.0	390	1
3064	2900	3022	3054	2959	2999	3361	2932
AYY	3292.0	3312.0	221	1
3334	3513	3244	3227	3269	3349	3324	3160
FGK	1186.0	686.0	223	1
1249	473	1114	747	1148	749	1236	778
GOF	3087.0	2596.0	407	1
3101	2519	3228	2753	3204	2437	2817	2676
EUB	2578.0	714.0	491	1
2678	514	2543	908	2659	669	2432	766
BRD	3669.0	1920.0	270	1
3533	1953	3873	1944	3859	1859	3413	1927
