AOX	669.0	2279.0	40	1
715	2471	552	2227	659	1960	751	2461
ZHK	2964.0	877.0	175	1
3046	793	3026	951	2760	1006	3025	759
BYQ	3435.0	773.0	283	1
3625	777	3229	743	3522	717	3364	856
SAS	2147.0	1782.0	190	1
2459	1855	2146	1973	1952	1666	2034	1636
HIX	2381.0	971.0	209	1
2430	785	2670	1142	2248	962	2179	995
ERJ	3534.0	3498.0	126	1
3574	3228	3215	3499	3585	3613	3763	3652
JQV	2282.0	558.0	223	1
2158	580	2316	490	2253	721	2403	441
RFG	4000.0	3060.0	156	1
4097	3007	3964	3111	4087	2898	3854	3227
BNR	2551.0	4324.0	188	1
2656	4501	2350	3994	2631	4393	2570	4409
DHA	3357.0	4281.0	145	1
3209	4195	3542	4115	3242	4175	3437	4639
FMB	1482.0	2208.0	212	1
1423	2205	1487	2202	1620	2361	1400	2064
LDV	4087.0	1733.0	167	1
4009	1888	3939	1734	3942	1711	4461	1602
LMO	604.0	1562.0	274	1
767	1787	572	1579	583	1408	494	1476
TLP	1035.0	3294.0	214	1
945	3320	971	3209	1170	3321	1055	3326
LVZ	2731.0	2938.0	161	1
2440	2938	2997	2955	2695	2895	2792	2965
PIU	1019.0	2581.0	110	1
1270	2789	845	2384	1085	2656	878	2496
KRL	2930.0	2224.0	112	1
2947	2106	3030	2185	2785	2238	2959	2367
LRB	2197.0	1499.0	227	1
2081	1580	2452	1457	2362	1502	1896	1460
IMZ	1025.0	1240.0	155	1
1037	942	1046	1386	956	1368	1062	1264
SUR	4095.0	799.0	168	1
3974	918	4056	663	4009	941	4341	676
AKJ	2203.0	2906.0	243	1
1888	2728	2397	3063	2291	2722	2238	3111
EKF	1502.0	808.0	72	1
1305	977	1506	845	1564	711	1633	700
UWF	1648.0	4275.0	298	1
1755	4360	1936	4333	1485	4006	1416	4404
QMS	807.0	4068.0	162	1
590	4130	762	4005	1088	4169	790	3968
KLS	3215.0	1250.0	291	1
3408	1379	3375	1281	3202	1234	2875	1108
PPW	916.0	3856.0	164	1
700	3909	1037	3840	857	3794	1073	3884
PJC	1345.0	3452.0	247	1
1208	3504	1286	3607	1412	3500	1477	3197
GHK	2118.0	4133.0	240	1
2174	3890	2090	4233	2141	4231	2070	4180
WTA	2734.0	2593.0	205	1
2598	2606	2817	2538	2824	2518	2698	2710
UHL	300.0	961.0	69	1
207	870	322	908	339	834	334	1235
BEB	4229.0	2448.0	298	1
4371	2689	4059	2542	4334	2309	4153	2255
TSN	1687.0	1765.0	212	1
1719	1533	1677	1863	1681	1680	1672	1985
KPD	4207.0	1286.0	129	1
4213	1295	4081	1422	4360	1190	4176	1239
YBD	2055.0	3494.0	14	1
2098	3665	2137	3488	2121	3458	1866	3366
ZKO	963.0	400.0	114	1
827	600	1066	238	963	310	996	452
NMZ	400.0	2975.0	136	1
563	2813	322	3028	513	2953	203	3107
GYU	4443.0	881.0	214	1
4548	881	4383	1029	4477	802	4367	813
PCO	1530.0	1494.0	260	1
1493	1600	1600	1429	1447	1447	1582	1502
MLK	3134.0	1665.0	160	1
3108	1653	2964	1565	3227	1539	3237	1905
XMG	2895.0	3199.0	260	1
2713	3047	2968	3135	2997	3349	2904	3267
RZO	2402.0	2494.0	268	1
2556	2536	2270	2431	2541	2311	2241	2701
JZM	3932.0	3906.0	277	1
3828	3938	4035	3852	3965	4032	3902	3805
LCN	1232.0	478.0	44	1
1285	664	1192	246	1252	487	1200	515
XOD	977.0	2976.0	44	1
1097	3116	932	2997	1204	2829	677	2963
RPX	743.0	1148.0	124	1
939	1026	625	1246	780	1123	631	1200
HNM	3326.0	2439.0	125	1
3419	2656	3105	2570	3284	2205	3499	2325
CRS	4266.0	3935.0	150	1
4253	3933	4511	3961	4195	4033	4106	3813
OBX	3678.0	983.0	241	1
3610	978	3885	925	3603	900	3615	1130
YQT	2901.0	4285.0	154	1
2664	4035	2754	4393	2985	4393	3203	4321
VXT	3908.0	2043.0	60	1
4008	2072	4070	2147	3853	1998	3702	1958
