FGO	591.0	3360.0	52	1
348	3620	377	3305	911	3183	731	3332
HWB	1813.0	1394.0	121	1
1787	1432	2011	1414	1764	1635	1690	1095
WIV	3975.0	3429.0	31	1
3963	3468	3829	3686	3838	3227	4271	3337
PYA	2999.0	1087.0	157	1
3003	1089	2862	1237	3123	1149	3010	876
BBN	2133.0	2159.0	59	1
1889	1787	1847	2318	2403	2221	2394	2313
LNC	2727.0	1992.0	2	1
2821	2034	2575	1931	2567	1988	2946	2018
LMV	1778.0	3230.0	278	1
1674	3120	1673	3264	2108	3560	1658	2978
LVV	3378.0	4082.0	102	1
3340	4206	3564	4190	3291	4110	3320	3824
JNL	4370.0	1371.0	284	1
4189	1625	4601	1381	4458	1133	4234	1345
KPI	843.0	573.0	219	1
834	784	881	441	808	572	851	495
EFY	2095.0	851.0	37	1
2137	759	2036	1128	2143	608	2066	909
MGB	4121.0	4198.0	127	1
4198	4261	3940	4313	4153	4007	4196	4213
YVR	2974.0	4105.0	281	1
2958	4202	2864	4215	3277	4009	2798	3996
XXI	2030.0	2904.0	9	1
2227	2813	2105	2907	1943	2925	1845	2973
HDA	535.0	2216.0	193	1
436	1967	621	2257	299	2255	784	2388
UET	538.0	4149.0	1	1
547	4258	657	3980	303	4333	648	4026
IHJ	4117.0	2268.0	6	1
4092	2237	4315	2405	3979	2326	4083	2105
KGL	3717.0	740.0	124	1
3711	794	3787	1078	3933	579	3440	511
NQK	1656.0	794.0	66	1
1617	837	1513	808	1622	931	1873	600
HXU	804.0	1119.0	74	1
713	1048	573	864	1073	1256	857	1311
BCW	2465.0	3586.0	88	1
2364	3696	2742	3468	2329	3739	2426	3442
FUU	3339.0	1573.0	57	1
3307	1636	3394	1750	3226	1288	3429	1619
RFU	2944.0	604.0	273	1
2850	758	3257	620	2720	763	2952	278
VDJ	2676.0	1493.0	151	1
2595	1832	2733	1282	2732	1300	2645	1558
PVB	3839.0	1457.0	201	1
3935	1502	3676	1604	3959	1409	3787	1315
ABF	941.0	4310.0	162	1
1057	4055	743	4422	1157	4437	809	4329
RGE	1040.0	1645.0	290	1
1008	1753	1017	1887	1270	1515	867	1427
NGL	4333.0	3093.0	136	1
4403	3138	4386	3211	4163	2985	4380	3039
QLW	2337.0	710.0	198	1
2256	801	2378	762	2160	437	2555	842
BEN	3398.0	3378.0	66	1
3305	3681	3501	3262	3291	3451	3498	3121
CEK	1932.0	2517.0	65	1
1725	2624	2008	2413	1952	2526	2045	2508
FTB	3764.0	2648.0	199	1
3618	3054	3592	2494	3977	2486	3872	2558
TMH	1508.0	1565.0	46	1
1478	1374	1526	1602	1591	1480	1437	1804
RTK	2357.0	1398.0	174	1
2414	1440	2380	1233	2099	1539	2535	1381
HQF	1486.0	4380.0	227	1
1532	4386	1399	4256	1657	4453	1358	4426
WYW	3643.0	2234.0	276	1
3586	2147	3520	2351	3685	2451	3784	1990
GEL	1007.0	2034.0	185	1
1006	2310	1233	1898	816	1948	973	1983
OYG	2032.0	3961.0	56	1
1980	4214	2163	3729	1957	3854	2028	4047
TYC	304.0	634.0	46	1
241	517	492	621	194	839	290	559
TIT	4350.0	805.0	94	1
4422	1032	4203	708	4451	829	4326	651
MRB	3007.0	1541.0	212	1
3151	1543	3184	1703	2891	1277	2803	1642
ZSG	1032.0	2868.0	114	1
1336	2808	1074	2897	815	2629	905	3138
OPI	1455.0	2542.0	212	1
1523	2431	1367	2879	1393	2395	1537	2465
ZPC	3019.0	3223.0	150	1
2895	3287	3238	3145	2762	3281	3184	3179
OCG	2783.0	2992.0	83	1
3077	2964	2605	2946	2830	3045	2622	3016
EQS	4480.0	2586.0	95	1
4602	2337	4492	2769	4462	2543	4367	2697
RTK	3415.0	2621.0	142	1
3353	2722	3412	2770	3377	2392	3519	2601
PQR	1196.0	3696.0	145	1
1201	3565	980	3541	1446	3915	1158	3763
XBO	1200.0	347.0	292	1
1138	469	1049	202	1469	245	1146	475
KSN	4105.0	1778.0	69	1
4282	1713	3814	1901	4046	1708	4279	1791
