FBZ	932.0	2075.0	88	1
1008	1957	698	1901	1070	2186	954	2259
EMX	2764.0	1623.0	163	1
2808	1483	2984	1673	2620	1702	2646	1634
WKQ	1273.0	1401.0	34	1
1332	1468	1307	1563	1400	1162	1054	1414
ZQT	829.0	3904.0	262	1
627	3789	912	4114	976	4025	804	3688
AXC	2568.0	969.0	175	1
2601	1109	2555	977	2508	773	2608	1019
FUJ	1154.0	3394.0	56	1
862	3572	1339	3248	1192	3236	1226	3522
UJP	4000.0	3979.0	107	1
3979	3824	3948	4098	4028	4132	4046	3863
LAR	3434.0	3260.0	67	1
3423	3075	3542	3335	3258	3475	3516	3155
IKE	1874.0	1475.0	58	1
2067	1497	1715	1200	1646	1629	2069	1575
CTN	347.0	3056.0	257	1
260	2966	404	3262	139	2955	585	3041
QWL	4057.0	973.0	233	1
4049	1201	3769	769	4339	976	4074	949
XCO	3736.0	2751.0	132	1
3754	2755	3661	2675	3619	2729	3913	2845
XEH	678.0	743.0	288	1
699	564	807	944	653	689	553	777
XXD	3727.0	516.0	291	1
3728	671	3569	507	3947	304	3666	585
OOK	2315.0	1355.0	52	1
2191	1290	2172	1308	2394	1363	2504	1460
CEE	2435.0	1520.0	89	1
2585	1507	2347	1516	2286	1532	2522	1526
UAN	3050.0	3606.0	12	1
3058	3752	2940	3475	3080	3729	3125	3470
SRH	2084.0	3857.0	139	1
1882	3938	2297	3720	2364	3874	1793	3896
XJC	1635.0	707.0	170	1
1540	572	1871	673	1674	838	1457	745
NWT	2184.0	3142.0	298	1
2391	3243	2117	3259	2179	2900	2050	3166
LQU	3164.0	2722.0	63	1
3230	2765	3259	2599	2942	2848	3228	2676
WHE	3240.0	1217.0	212	1
3299	1194	3178	1264	3172	1351	3312	1059
DTQ	2980.0	4164.0	164	1
3052	4088	3021	4196	2853	4250	2994	4123
OXW	2363.0	1768.0	57	1
2102	1539	2351	1841	2528	2117	2472	1577
ECL	1733.0	2244.0	49	1
1785	2253	1758	2109	1507	2420	1884	2196
NPS	2426.0	2367.0	216	1
2599	2408	2320	2202	2187	2325	2598	2534
WEN	4190.0	2006.0	216	1
4280	1870	4100	1831	4258	2216	4125	2109
QGI	2990.0	421.0	138	1
3144	532	3044	277	3018	343	2757	534
PXS	2920.0	2166.0	46	1
2887	2206	2750	2114	3090	2220	2955	2124
GUX	3467.0	4299.0	207	1
3812	4109	3309	4220	3451	4538	3296	4331
DPF	718.0	1486.0	214	1
1014	1605	729	1432	596	1411	533	1497
GFN	2244.0	4133.0	273	1
2090	4213	2324	4190	2265	4169	2298	3960
KQV	2190.0	867.0	62	1
2049	917	2305	1018	2330	725	2079	811
BKH	1263.0	2914.0	29	1
1484	3232	1454	2719	1102	2905	1013	2803
HUW	3333.0	684.0	107	1
3287	799	3371	734	3301	724	3376	479
JLV	4290.0	3682.0	194	1
4099	3957	4330	3562	4396	3751	4337	3460
LBG	3428.0	2159.0	257	1
3489	2208	3280	1911	3526	2272	3419	2248
BXM	2293.0	4404.0	169	1
2512	4482	2100	4298	2398	4332	2165	4506
HZM	772.0	2551.0	200	1
629	2677	952	2272	964	2534	545	2723
ZLN	4081.0	2505.0	11	1
4121	2552	4005	2364	4124	2472	4075	2634
BXL	1251.0	3905.0	268	1
1360	3882	1137	3948	1122	3909	1388	3884
USP	4057.0	1500.0	62	1
4212	1431	3758	1398	4269	1729	3991	1445
RAJ	3828.0	3173.0	157	1
3845	2987	3738	3124	3746	3322	3986	3260
UPN	1377.0	1963.0	162	1
1474	2084	1191	1990	1666	1861	1180	1917
OLB	3591.0	1590.0	120	1
3654	1868	3583	1509	3689	1359	3441	1627
NDG	378.0	3686.0	247	1
367	3534	419	3566	345	3910	384	3735
YTQ	1803.0	2853.0	184	1
1930	2700	1825	2892	1746	2869	1713	2954
SZP	3601.0	974.0	285	1
3755	1019	3622	784	3599	1180	3428	913
NPS	4295.0	4439.0	122	1
4567	4379	4223	4620	4176	4370	4216	4389
AMM	2917.0	811.0	197	1
3089	1120	2858	677	2825	713	2899	736
