JTM	411.0	2749.0	406	1
496	2684	435	2892	273	2503	441	2919
VIU	3882.0	3741.0	401	1
4043	3675	3760	3704	3776	3643	3951	3942
FCB	2498.0	1989.0	486	1
2201	2182	2734	1831	2272	1685	2786	2261
KIO	3309.0	892.0	209	1
3414	641	3237	753	3250	1079	3336	1096
WCP	743.0	3885.0	272	1
732	4014	515	3672	904	3796	821	4061
LUC	3359.0	3014.0	453	1
3431	3053	3061	2860	3364	3087	3582	3057
EFQ	3001.0	1994.0	287	1
2814	2195	3245	2256	3037	1798	2908	1728
HGF	3481.0	1707.0	472	1
3605	1546	3604	1791	3436	1731	3282	1763
QBO	1946.0	3445.0	319	1
1968	3567	2009	3428	1856	3586	1951	3199
SUQ	2327.0	2677.0	463	1
2503	2912	2238	2859	2409	2368	2161	2570
XFS	1232.0	3825.0	261	1
1319	3879	1334	3684	1112	3858	1166	3879
TTJ	4334.0	2976.0	479	1
4270	2704	4235	2968	4635	3044	4197	3191
IDB	3495.0	4066.0	245	1
3369	4168	3503	4133	3386	3874	3725	4091
NZI	2735.0	3703.0	335	1
2561	3535	3044	3663	2490	3747	2845	3868
YOB	1350.0	2581.0	338	1
1313	2633	1518	2265	1256	2628	1314	2800
WYP	3501.0	2473.0	385	1
3256	2580	3335	2434	3659	2251	3754	2630
JCT	680.0	1022.0	497	1
702	770	706	1152	640	985	672	1183
CBH	1959.0	1549.0	254	1
1658	1813	2003	1287	2027	1526	2149	1573
SYE	1879.0	2296.0	319	1
2086	2226	1906	2489	1574	2000	1953	2469
MDM	4136.0	1565.0	333	1
3926	1525	4385	1465	4132	1415	4103	1858
QFJ	3740.0	1030.0	335	1
3538	954	3938	1128	3715	1245	3770	795
UOK	4156.0	412.0	380	1
4000	383	4075	637	4093	454	4459	174
NFQ	922.0	2371.0	286	1
1200	2386	747	2444	950	2180	793	2474
DVN	2090.0	454.0	201	1
2084	508	2200	302	1977	349	2100	660
BMU	1053.0	1984.0	430	1
1336	1738	1042	2146	847	2068	987	1985
WIY	914.0	522.0	426	1
1067	357	807	323	970	746	815	665
IGK	493.0	3555.0	402	1
614	3390	358	3500	414	3659	588	3672
RNB	2813.0	1267.0	359	1
2646	1081	2907	1269	2699	1280	3000	1438
RUC	939.0	3258.0	253	1
1108	3202	714	3125	1158	3211	778	3494
UVM	897.0	965.0	353	1
979	879	743	1043	1062	1116	805	823
WWD	956.0	2693.0	249	1
798	2615	1056	2655	801	2779	1171	2724
GRI	3707.0	2913.0	250	1
3714	2743	3698	2890	3644	2857	3773	3164
FVV	1369.0	1596.0	318	1
1107	1487	1547	1663	1593	1562	1229	1675
YNS	2368.0	3982.0	419	1
2290	4045	2383	3881	2298	4012	2503	3990
LML	1421.0	3576.0	302	1
1382	3572	1421	3583	1650	3613	1233	3536
MYT	3971.0	3179.0	424	1
3808	3321	3888	3184	4129	3003	4061	3209
QOU	761.0	4213.0	333	1
782	4087	999	4232	714	4129	549	4404
BMY	1818.0	3947.0	405	1
1916	3708	1757	4115	1866	3806	1734	4159
UWA	1357.0	3106.0	493	1
1457	3097	1296	3073	1300	3190	1376	3064
FPA	1467.0	715.0	400	1
1528	955	1672	468	1289	858	1380	581
PUF	4118.0	2484.0	369	1
3909	2598	4185	2337	4158	2476	4223	2527
BPV	2940.0	586.0	261	1
3237	555	2936	486	2804	639	2785	665
BDF	1832.0	2836.0	374	1
1907	2922	1737	2613	2017	2620	1668	3190
WWV	1363.0	4286.0	318	1
1351	4255	1274	4418	1416	4159	1412	4314
OKL	3224.0	3726.0	459	1
3132	3735	3277	3588	3306	3646	3184	3938
UWO	806.0	1252.0	433	1
853	1139	804	1308	718	1347	852	1216
HXT	3747.0	649.0	233	1
3992	793	3698	638	3789	402	3510	765
CRC	2691.0	813.0	372	1
2697	774	2642	820	2867	671	2560	987
ARF	2420.0	4265.0	434	1
2761	4416	2339	4100	2162	4295	2418	4250
ZZK	719.0	1788.0	404	1
711	1973	637	1884	774	1888	756	1408
