NAL	1294.0	2229.0	375	1
1125	2381	1404	2045	1297	2379	1350	2114
DKG	3431.0	3386.0	487	1
3671	3132	3402	3367	3335	3488	3319	3559
WEH	4285.0	2554.0	279	1
4492	2433	4066	2742	4051	2709	4531	2335
QTY	3280.0	1701.0	440	1
3334	1464	3223	1599	3200	1903	3366	1841
SGJ	375.0	1198.0	323	1
468	1499	393	945	230	1024	409	1324
IRW	2349.0	1600.0	318	1
2558	1437	2497	1679	2067	1852	2277	1432
JSR	746.0	1672.0	439	1
1002	1728	516	1662	712	1723	757	1575
VSJ	856.0	1938.0	236	1
1031	1993	1029	1831	648	2174	717	1754
LZE	4041.0	1188.0	448	1
3724	1041	3923	1216	4269	1266	4249	1229
YKN	1891.0	2723.0	420	1
1979	2574	2132	2594	1760	2832	1694	2893
EQV	2758.0	1160.0	455	1
2834	1229	2660	1128	2552	1046	2986	1238
AEQ	2343.0	2111.0	421	1
2488	2293	2292	1860	2480	2059	2115	2233
CQC	4471.0	1356.0	244	1
4399	1289	4527	1397	4568	1311	4391	1427
PSW	2449.0	2857.0	412	1
2586	2858	2383	2965	2691	2781	2136	2824
QGI	1383.0	3105.0	225	1
1280	3240	1666	3112	1429	3046	1160	3023
XCS	2998.0	2166.0	471	1
2887	2191	3058	1903	2887	2271	3162	2299
MDJ	778.0	4003.0	228	1
927	4319	822	3995	906	3806	460	3895
DUJ	3680.0	1663.0	227	1
3684	1602	3709	1843	3938	1580	3391	1629
VWP	1185.0	2821.0	316	1
983	2978	1399	2766	1293	2937	1068	2604
VKM	3459.0	2631.0	338	1
3315	2444	3261	2893	3553	2466	3710	2724
GAV	894.0	885.0	406	1
892	881	732	865	891	780	1064	1015
VIP	1187.0	4138.0	424	1
1146	3999	1315	4104	957	4086	1330	4366
BOI	1432.0	1691.0	494	1
1327	1531	1485	2015	1721	1688	1198	1532
BXP	3533.0	3867.0	451	1
3770	3640	3415	3994	3313	3813	3634	4021
FCY	2532.0	3946.0	364	1
2517	3955	2610	3948	2553	3914	2451	3968
LCQ	4069.0	3794.0	210	1
3895	3884	4013	3782	4024	3618	4345	3892
ZQW	1740.0	3339.0	419	1
1891	3312	1713	3606	1680	3162	1677	3278
XGF	1230.0	560.0	415	1
1192	588	1121	671	1269	528	1339	456
ZTH	4136.0	3246.0	442	1
3937	3237	4108	3280	4386	3253	4115	3217
VKL	4401.0	1805.0	474	1
4507	1751	4203	2033	4486	1695	4411	1742
HLR	3285.0	2951.0	326	1
3091	2968	3398	3025	3090	2893	3562	2921
RFD	2316.0	4212.0	233	1
2144	4237	2120	4166	2616	4218	2386	4230
LMQ	3984.0	730.0	254	1
3786	604	4250	896	4079	938	3822	485
RRL	839.0	492.0	404	1
859	410	893	463	703	323	903	773
PDK	1912.0	715.0	464	1
2117	455	2095	696	1700	1011	1737	699
EQV	1661.0	3958.0	384	1
1867	4062	1491	3903	1811	3700	1475	4170
LPP	3800.0	1993.0	351	1
4143	1975	3635	1980	3666	2012	3756	2006
RBP	377.0	2448.0	208	1
325	2143	423	2649	450	2626	313	2377
JFK	3111.0	4307.0	244	1
2963	4532	3383	4116	3175	4275	2925	4305
RLV	3753.0	3299.0	402	1
3819	3342	3747	3378	3739	3080	3709	3396
QVH	3220.0	639.0	305	1
3367	540	3235	647	2939	713	3341	659
CBY	1607.0	4350.0	393	1
1764	4640	1516	4209	1594	4202	1557	4352
QSW	4170.0	4533.0	298	1
4255	4378	4339	4617	4051	4549	4035	4589
YDE	2073.0	1111.0	460	1
2300	1149	1784	1168	2208	1027	2000	1103
OGS	1341.0	1108.0	287	1
1228	1173	1229	882	1371	1170	1539	1208
PCF	2722.0	849.0	420	1
2707	720	2852	984	2761	885	2571	808
QBT	2596.0	2462.0	269	1
2511	2366	2629	2397	2680	2685	2567	2403
ZJS	2089.0	358.0	268	1
2148	416	2138	451	1951	269	2122	299
NRZ	2657.0	4506.0	360	1
2565	4641	2503	4431	2651	4431	2909	4521
ORS	811.0	3574.0	254	1
978	3427	648	3396	548	3765	1073	3711
