GLB	2403.0	3715.0	348	1
2121	3563	2401	3600	2500	3768	2593	3931
ODP	2666.0	1181.0	488	1
2573	1059	2783	1444	2619	1182	2690	1042
NEV	4210.0	2568.0	301	1
4389	2607	4038	2707	4445	2650	3968	2309
OOH	3291.0	928.0	209	1
3493	917	3236	990	2965	926	3472	879
NAG	729.0	2963.0	271	1
645	3142	814	2946	943	3071	514	2696
YXH	1677.0	739.0	498	1
1717	438	1818	962	1380	783	1794	775
SDH	4046.0	4055.0	465	1
4013	3856	4046	4032	4086	4196	4042	4138
DLX	3828.0	1573.0	316	1
3908	1525	3887	1593	3733	1633	3784	1542
ALG	1941.0	2814.0	377	1
1828	2874	1892	2787	2300	2845	1747	2751
VCR	2120.0	1137.0	382	1
2146	1146	2013	1105	2048	1312	2273	987
GUR	1623.0	4424.0	337	1
1607	4557	1468	4574	1883	4088	1534	4477
BFP	2039.0	1649.0	377	1
2197	1477	2081	1685	2152	1447	1728	1987
PWY	3048.0	3151.0	351	1
3111	3114	3064	3165	3110	3189	2910	3136
XKS	962.0	4231.0	392	1
875	4244	1191	4459	930	4115	854	4109
EDA	2758.0	2827.0	453	1
2770	2618	2829	2926	2587	2722	2849	3045
DPG	3808.0	575.0	460	1
4003	557	3883	658	3648	521	3701	567
UFI	1169.0	3798.0	251	1
1161	3885	1231	3799	1124	3626	1160	3884
ZUH	3316.0	2175.0	390	1
3274	2168	3344	2271	3262	2027	3386	2234
ZJH	3076.0	1617.0	313	1
3116	1776	3011	1875	3096	1509	3082	1310
IMH	1438.0	1301.0	322	1
1420	1555	1386	1038	1523	1139	1423	1473
FCA	910.0	557.0	250	1
1077	770	835	525	931	556	799	379
HBJ	2983.0	496.0	440	1
2685	473	2998	392	3023	441	3229	678
ARW	842.0	1503.0	332	1
870	1468	896	1556	854	1449	749	1539
RWG	2832.0	3708.0	477	1
2905	3675	2813	3764	2855	3702	2758	3691
PUT	4351.0	1571.0	283	1
4638	1420	4200	1918	4390	1470	4176	1479
PRA	420.0	3398.0	475	1
340	3186	242	3452	767	3367	333	3589
MMY	3337.0	2644.0	308	1
3249	2770	3094	2658	3520	2533	3487	2616
KBS	3290.0	1410.0	206	1
3450	1352	3304	1686	3206	1142	3200	1462
NQO	2691.0	892.0	464	1
2626	781	2695	920	2963	987	2483	881
IGX	528.0	1476.0	295	1
656	1707	571	1421	332	1410	553	1369
CYX	4363.0	884.0	375	1
4488	863	4465	1067	4418	832	4081	775
WZF	1417.0	2438.0	435	1
1446	2475	1405	2440	1193	2622	1626	2215
HMO	4106.0	3537.0	370	1
4335	3393	4094	3781	3879	3427	4119	3548
SQO	2204.0	2541.0	469	1
2250	2638	2254	2425	2185	2477	2128	2624
HMX	1865.0	3476.0	272	1
1863	3342	1731	3714	1999	3469	1867	3379
QNO	714.0	2097.0	370	1
772	2236	961	2126	412	2016	712	2011
CIR	3316.0	2418.0	373	1
3465	2349	3226	2413	3509	2383	3064	2527
CTM	3525.0	3005.0	415	1
3486	2779	3620	3164	3629	2873	3368	3207
UXO	1683.0	3987.0	440	1
1430	3975	1820	4038	1795	3994	1689	3942
IQQ	1216.0	3146.0	265	1
1363	3106	1083	3520	1226	2984	1195	2977
ELO	1388.0	2769.0	256	1
1433	2913	1317	2754	1245	2756	1559	2655
ETP	3824.0	1258.0	285	1
3867	1141	3801	1219	3786	1386	3843	1288
NVA	2768.0	3439.0	220	1
2971	3387	2781	3630	2675	3449	2646	3293
NOX	437.0	666.0	319	1
209	441	381	659	613	904	547	663
YEL	2284.0	3117.0	331	1
2115	2942	2206	3118	2388	3351	2427	3059
CUG	999.0	1169.0	204	1
1086	1141	720	1429	1057	1012	1135	1096
QSF	3757.0	4086.0	380	1
3762	4421	3886	3910	3800	4104	3582	3909
IOZ	2552.0	1838.0	434	1
2753	1737	2611	1816	2496	1871	2348	1931
PCZ	901.0	1819.0	305	1
876	1645	956	1951	747	1733	1025	1949
UJE	3192.0	4139.0	398	1
3289	4057	2928	4245	3335	4084	3217	4173
