XSZ	2657.0	3306.0	483	1
2549	3202	2580	3390	2710	3359	2792	3276
IUF	2724.0	2779.0	210	1
2775	2772	3041	2932	2526	2704	2556	2708
MHG	516.0	4282.0	432	1
478	4348	702	4125	550	4320	334	4338
RWW	2769.0	4005.0	253	1
2655	4124	2940	4084	2890	4156	2593	3657
LUP	1785.0	1031.0	469	1
1610	1016	1807	1121	1919	985	1804	1002
OKO	618.0	939.0	479	1
626	1028	728	804	488	860	632	1065
CDR	1504.0	1760.0	222	1
1159	1807	1635	1688	1678	1782	1546	1764
YXQ	2366.0	465.0	352	1
2524	384	2218	365	2319	691	2404	423
WUX	2535.0	985.0	214	1
2466	1050	2566	1057	2485	820	2623	1014
VUZ	3787.0	2618.0	267	1
3660	2779	4117	2743	3629	2411	3742	2542
LKF	2132.0	2893.0	315	1
2265	2867	1953	3072	2400	2983	1910	2651
BKT	685.0	1535.0	375	1
618	1431	635	1630	767	1292	723	1787
MYB	3614.0	1935.0	500	1
3615	2054	3800	2053	3669	1756	3375	1879
LEP	3335.0	3692.0	355	1
3203	3723	3320	3405	3354	3697	3464	3943
AKO	1383.0	3324.0	407	1
1396	3606	1334	3228	1351	3103	1451	3362
JKM	1178.0	3958.0	378	1
1405	4196	1072	3847	1147	3942	1090	3848
LFQ	3230.0	721.0	249	1
3337	814	3045	534	3372	651	3166	888
QJC	2040.0	3992.0	430	1
2139	4067	2148	4076	2071	3986	1803	3841
ZUL	4285.0	3910.0	360	1
4353	4102	4457	3894	4314	3909	4016	3737
QOK	1148.0	843.0	419	1
1025	884	1240	907	1204	700	1124	884
ACE	4282.0	4433.0	392	1
4328	4525	4278	4237	4267	4426	4257	4545
KNY	2245.0	1545.0	411	1
2178	1565	2069	1426	2508	1572	2225	1618
QPY	4195.0	1789.0	242	1
4093	1750	4286	1908	4265	1826	4139	1674
LYC	943.0	2823.0	236	1
787	2576	1067	3049	1069	2739	849	2931
WDJ	1500.0	2758.0	263	1
1508	2579	1305	2746	1660	3036	1530	2674
HIV	3584.0	3757.0	428	1
3484	3777	3550	3820	3703	3595	3601	3837
DFY	3480.0	1127.0	281	1
3646	1386	3290	928	3559	1253	3427	943
IGM	3402.0	2294.0	295	1
3495	2198	3273	2530	3356	2209	3485	2240
REA	3247.0	2604.0	309	1
3489	2594	3064	2615	3305	2561	3130	2649
JBY	583.0	2190.0	429	1
627	2016	678	2011	416	2441	611	2293
NRA	3787.0	3225.0	474	1
3844	3309	3714	3151	3585	3289	4005	3153
JQU	1048.0	2048.0	209	1
1005	1968	833	2065	1013	1988	1343	2174
UOT	1134.0	1235.0	383	1
1252	1430	978	1192	1275	977	1033	1343
HIT	2796.0	946.0	270	1
2769	758	2754	740	2866	1054	2798	1234
RWJ	1373.0	1266.0	441	1
1470	1630	1401	1109	1308	1123	1316	1205
QKJ	3132.0	2173.0	453	1
3109	2189	3188	2091	3036	1967	3195	2445
JNQ	1689.0	4520.0	496	1
1744	4393	1546	4383	1470	4696	1999	4609
OPH	2421.0	3961.0	437	1
2291	4133	2502	3679	2533	4089	2358	3946
DPU	1790.0	2108.0	383	1
1701	2081	1918	2169	1732	1980	1810	2205
RFY	2887.0	1695.0	496	1
2861	1563	2944	1653	2692	1921	3052	1646
CNS	2230.0	994.0	441	1
2357	801	2104	1044	2204	1140	2257	993
RIU	1704.0	766.0	477	1
1608	766	1881	866	1691	886	1638	547
AAI	3784.0	674.0	382	1
4032	814	3816	635	3732	441	3559	807
ZZH	257.0	2196.0	269	1
215	2224	188	2337	388	2151	239	2073
QNI	1277.0	2298.0	319	1
1439	2278	989	2404	1434	2269	1246	2242
IRK	2263.0	2366.0	487	1
2438	2484	2137	2294	2127	2420	2353	2267
LFK	1885.0	3436.0	446	1
1938	3591	1831	3300	1876	3659	1895	3194
IWG	2032.0	878.0	354	1
2035	828	2012	604	2037	966	2045	1114
OTF	4460.0	731.0	424	1
4494	900	4334	624	4638	860	4374	543
VGI	3817.0	2904.0	240	1
3905	2850	3566	2927	3741	2860	4056	2982
