JVS	2465.0	2522.0	321	1
2448	2364	2496	2802	2383	2326	2533	2596
FEM	2001.0	1111.0	332	1
1794	1330	2289	1191	1835	908	2086	1018
ETJ	2002.0	729.0	464	1
1925	747	2035	837	2126	531	1924	801
SMB	1140.0	2563.0	400	1
1101	2416	1319	2645	945	2473	1197	2718
YFG	2852.0	4390.0	475	1
2934	4232	2826	4362	2833	4354	2817	4612
VGG	4165.0	1837.0	335	1
4103	1802	4344	1810	4242	1675	3971	2061
IWB	1108.0	3473.0	311	1
1191	3609	846	3266	1405	3352	990	3667
ULR	3297.0	2205.0	424	1
3467	2378	3474	2073	3325	2246	2924	2124
LXS	573.0	544.0	220	1
314	525	665	361	818	527	498	766
RST	3632.0	2836.0	469	1
3543	2864	3908	2875	3600	2882	3477	2723
EEE	4386.0	2771.0	380	1
4614	2693	4323	2872	4162	2807	4448	2714
PYR	2763.0	845.0	362	1
2788	762	2734	1124	2898	794	2634	700
QKE	1870.0	2745.0	344	1
2041	2624	1976	2656	1590	2941	1876	2762
EDU	3444.0	3655.0	403	1
3542	3532	3349	3573	3614	3738	3271	3777
SFM	1604.0	1470.0	216	1
1418	1638	1537	1337	1757	1568	1704	1340
LJX	2251.0	3823.0	375	1
2112	3862	2569	3816	2277	3763	2048	3853
IWC	2034.0	4222.0	290	1
1968	4494	2054	4320	2101	4072	2015	4004
IUF	2962.0	2835.0	472	1
2900	3036	2709	2912	3057	2622	3182	2771
LEH	4093.0	692.0	332	1
3923	637	4021	591	4370	674	4058	866
TBI	2746.0	3774.0	479	1
2740	3788	2916	3600	2641	3837	2688	3874
LNO	4520.0	573.0	438	1
4426	679	4641	516	4522	336	4491	763
BZW	3291.0	717.0	260	1
3271	747	3276	555	3287	764	3330	803
RXL	3203.0	1756.0	367	1
3143	1875	3242	1605	3378	1741	3051	1805
CKB	4314.0	3706.0	270	1
4052	3599	4477	3928	4185	3589	4545	3709
COJ	2799.0	4058.0	274	1
2600	4077	2933	3926	2734	4119	2931	4112
QWC	3280.0	4143.0	462	1
3228	4238	3445	4268	3173	4161	3277	3906
WPM	835.0	4306.0	256	1
819	4490	925	4173	788	4200	808	4362
PIJ	3554.0	1529.0	498	1
3416	1718	3761	1445	3542	1468	3499	1487
WKH	4255.0	1403.0	341	1
4285	1513	4276	1462	3998	1236	4464	1404
XBC	1077.0	4050.0	407	1
1009	3906	987	3958	1132	3938	1183	4401
WVG	538.0	4332.0	287	1
671	4356	471	4324	386	4363	627	4285
GUW	1711.0	2128.0	260	1
1618	2259	1799	2095	1564	1948	1865	2212
TAW	479.0	1943.0	286	1
711	1810	233	1974	508	1770	465	2221
QIC	997.0	1531.0	363	1
924	1308	1212	1647	1107	1627	746	1542
OFC	1390.0	2232.0	261	1
1315	2135	1380	2373	1528	2106	1339	2317
BEM	4309.0	3359.0	404	1
4566	3292	4070	3498	4319	3465	4281	3183
UMF	949.0	3053.0	406	1
776	3164	1062	3006	829	3176	1130	2868
XTT	3098.0	1317.0	215	1
3196	1204	3081	1319	3078	1495	3039	1252
YTX	3953.0	4164.0	458	1
3730	4219	4145	4010	3733	4472	4206	3957
CZD	2362.0	1695.0	400	1
2432	1961	2521	1462	2189	1867	2308	1493
IEF	1147.0	616.0	450	1
1369	691	1027	553	1159	775	1036	448
JUL	342.0	3529.0	272	1
258	3553	523	3710	144	3284	444	3570
UJA	2303.0	3244.0	464	1
2542	3456	1969	3200	2233	3094	2470	3229
VRM	4161.0	1070.0	415	1
4031	991	4247	1216	4197	963	4170	1112
JLT	2770.0	2142.0	289	1
2750	2237	2663	2276	2786	2140	2881	1915
KRF	2455.0	421.0	256	1
2414	442	2350	380	2281	523	2775	341
YFU	3084.0	3202.0	243	1
3261	3037	2821	3311	3305	3425	2949	3038
MZC	3600.0	2558.0	455	1
3491	2691	3660	2655	3612	2405	3640	2484
DKJ	2804.0	1692.0	357	1
2889	1802	2843	1648	2700	1844	2787	1474
SUF	1337.0	3033.0	439	1
1267	2905	1542	2866	1207	3261	1335	3101
