BQG	2214.0	1829.0	165	1
2037	1762	1975	1554	2288	1963	2558	2038
JWK	2415.0	4148.0	156	1
2422	4321	2253	4412	2246	3991	2740	3870
CGQ	1234.0	566.0	221	1
1145	592	981	679	1400	704	1413	292
LOX	3681.0	1188.0	27	1
3418	1182	3728	1378	3777	1059	3803	1133
VDR	2087.0	1155.0	296	1
2261	1052	2230	1418	1790	1126	2069	1026
UYN	773.0	420.0	204	1
911	442	624	356	633	418	927	464
ZMF	3497.0	2009.0	56	1
3251	2089	3699	1779	3348	2057	3691	2112
FHY	3158.0	1283.0	73	1
3135	1291	3230	1385	3183	1045	3086	1414
TDJ	1958.0	2795.0	10	1
1761	2565	1916	3075	1975	2775	2182	2766
HMG	3534.0	600.0	249	1
3217	285	3510	576	3750	825	3659	715
KVP	4015.0	3916.0	272	1
4113	3801	4145	4123	3956	3750	3849	3990
KXT	3627.0	4339.0	273	1
3839	4269	3304	4420	3799	4341	3569	4329
NGG	1280.0	3471.0	168	1
1325	3516	1028	3552	1316	3292	1452	3526
FXU	3026.0	2340.0	14	1
2915	2391	3338	2335	2908	2498	2944	2137
IEM	983.0	4176.0	234	1
1161	4024	857	4171	884	4460	1032	4049
VEN	1291.0	2415.0	184	1
1181	2369	1562	2249	1199	2546	1222	2498
BPH	3194.0	3849.0	13	1
3384	3757	3071	4130	3128	3916	3193	3594
XQP	1319.0	1789.0	85	1
1469	1857	1136	1688	1510	1719	1164	1893
BFT	1001.0	2151.0	122	1
962	2012	1167	2412	778	2117	1098	2066
KQE	466.0	3017.0	171	1
541	3042	719	2782	352	2930	255	3316
CRJ	2433.0	3229.0	168	1
2542	3231	2408	3254	2490	3262	2295	3172
BFK	3111.0	4355.0	198	1
3290	4204	2762	4549	3206	4496	3189	4172
CMI	809.0	3539.0	231	1
930	3622	932	3496	655	3698	719	3343
BVW	2730.0	2741.0	247	1
2673	2710	2628	2619	2669	2808	2952	2828
HTC	2632.0	1274.0	53	1
2655	1386	2523	1121	2781	1248	2570	1341
IUE	2051.0	420.0	277	1
2224	322	1947	718	1784	337	2250	303
TTE	3340.0	3340.0	185	1
3464	3363	3413	3336	3040	3307	3446	3357
NTD	1042.0	1299.0	4	1
1298	1086	782	1377	776	1219	1315	1516
INS	3925.0	3527.0	128	1
3744	3434	3987	3443	4224	3633	3745	3601
NOS	2720.0	3498.0	120	1
2571	3392	2982	3617	2574	3517	2755	3467
OFB	2740.0	2266.0	40	1
2655	2185	2642	2486	2887	2092	2777	2303
GKN	4375.0	2444.0	167	1
4494	2371	4531	2415	4354	2446	4122	2545
SGM	2138.0	3911.0	206	1
2175	3970	2069	3856	2245	4041	2063	3778
KSG	291.0	3496.0	214	1
301	3564	178	3561	336	3427	349	3434
JPI	875.0	2642.0	51	1
910	2578	988	2676	1033	2748	570	2567
JEY	4335.0	1031.0	37	1
4210	883	4398	1054	4176	1170	4557	1020
YMO	2449.0	2975.0	105	1
2353	2859	2499	3041	2474	3122	2470	2878
GMG	424.0	4361.0	50	1
452	4097	594	4503	304	4385	349	4460
HPT	3781.0	2940.0	123	1
3581	2706	3979	3154	4019	2826	3546	3074
RAL	1400.0	4388.0	84	1
1380	4151	1389	4341	1402	4446	1430	4617
PCY	2334.0	3550.0	14	1
2164	3326	2486	3566	2185	3584	2502	3726
KSY	2584.0	990.0	15	1
2712	1101	2519	989	2488	863	2617	1009
ELG	455.0	468.0	99	1
498	521	486	378	264	307	573	668
OFE	2906.0	1651.0	267	1
2833	1435	2859	1630	2885	1677	3048	1862
MPS	3025.0	477.0	121	1
3145	239	2866	451	3058	524	3033	697
STZ	3510.0	2234.0	91	1
3439	2182	3546	2295	3489	2299	3566	2161
CXR	3667.0	3982.0	111	1
3708	4097	3849	3855	3631	4117	3483	3862
QJJ	3358.0	3124.0	43	1
3414	3264	3393	2986	3203	3174	3425	3073
MHE	421.0	1543.0	229	1
730	1531	203	1320	346	1587	407	1736
JIX	1408.0	1158.0	116	1
1415	1405	1369	1238	1444	968	1405	1021
