UKJ	2403.0	3955.0	269	1
2528	3748	2227	3984	2470	4076	2388	4012
GKR	1848.0	2082.0	66	1
1803	2166	1779	1751	1771	2121	2039	2290
RON	3606.0	3405.0	103	1
3503	3155	3682	3336	3845	3683	3395	3448
BIL	2267.0	3391.0	287	1
2219	3288	2056	3495	2235	3488	2561	3293
ABJ	3554.0	1464.0	299	1
3602	1174	3493	1571	3554	1532	3570	1582
FAF	2592.0	1920.0	37	1
2404	2044	2707	1828	2698	1952	2562	1857
HER	1812.0	2884.0	80	1
1762	2854	1658	2885	2167	3022	1662	2778
PAZ	863.0	522.0	279	1
981	419	890	709	915	560	666	400
VAG	4304.0	2940.0	265	1
4210	2877	4312	2964	4460	2822	4236	3099
SFT	4232.0	3237.0	29	1
3994	3245	4143	3213	4341	3158	4451	3332
GOR	1123.0	3365.0	183	1
1020	3312	1091	3537	1390	3183	994	3428
OBA	4203.0	707.0	257	1
4331	624	3923	802	4170	576	4388	828
JCY	3252.0	2117.0	286	1
3106	2183	3287	2213	3187	2246	3430	1828
KGQ	3890.0	2777.0	93	1
4027	2836	3903	2890	3937	2801	3693	2581
DVR	1199.0	1045.0	111	1
1180	1041	1421	807	1028	1017	1167	1316
IOD	2824.0	3076.0	202	1
2776	3018	2938	3078	2810	3045	2773	3163
TEE	4021.0	3976.0	25	1
4084	4057	3809	3752	4285	4084	3909	4012
YVI	850.0	2894.0	200	1
821	3028	764	2520	1026	3009	790	3021
WCB	349.0	3063.0	78	1
231	3123	396	2889	294	2856	477	3384
PCI	4365.0	2206.0	138	1
4372	2074	4371	2153	4313	2336	4407	2261
OUB	3090.0	1489.0	245	1
2988	1256	2819	1659	3374	1547	3182	1494
INT	483.0	3848.0	231	1
394	3738	728	3848	433	3993	377	3814
OGT	3099.0	3387.0	153	1
3386	3454	2961	3279	3183	3287	2868	3530
RNW	2453.0	2595.0	134	1
2717	2477	2178	2421	2348	2938	2572	2546
RFY	2017.0	1335.0	290	1
2044	1251	1974	1617	2194	1388	1859	1087
ZKX	4075.0	2131.0	5	1
3979	2305	4242	2111	3772	1930	4307	2179
SVV	2565.0	772.0	115	1
2585	568	2751	556	2546	833	2381	1133
IBQ	3573.0	978.0	90	1
3439	883	3568	1062	3583	1152	3702	815
XGK	4028.0	1614.0	211	1
4085	1648	4017	1793	3930	1340	4082	1676
JZE	3750.0	1557.0	94	1
3755	1548	3681	1618	3641	1401	3924	1663
WHT	1224.0	4202.0	23	1
947	4606	1443	4044	1373	4114	1135	4045
RIH	2975.0	4000.0	213	1
3173	3976	2907	3924	3095	4138	2725	3963
BFC	938.0	1611.0	169	1
977	1581	897	1872	847	1479	1034	1512
BCS	481.0	908.0	104	1
375	952	642	953	277	992	631	738
GJI	1842.0	4141.0	225	1
1933	4079	1893	4209	1800	4023	1742	4255
JVM	343.0	3627.0	276	1
315	3539	333	3864	376	3425	350	3682
PRP	3317.0	2456.0	87	1
3370	2326	3036	2586	3549	2484	3314	2429
YLQ	3539.0	2875.0	40	1
3316	2644	3565	2926	3588	3083	3688	2850
HFD	1220.0	1981.0	229	1
1106	2214	1358	1773	1363	2174	1053	1763
TKZ	368.0	2170.0	8	1
275	2098	517	2066	411	2417	270	2099
EYC	1653.0	3686.0	214	1
1765	3680	1469	3595	1797	3787	1581	3684
WUK	3692.0	4179.0	59	1
3699	4203	3766	4100	3655	4261	3650	4152
YNG	1267.0	2542.0	132	1
1505	2580	1291	2392	1165	2407	1107	2792
IYR	2706.0	1178.0	224	1
2693	1143	2730	1234	2847	1178	2557	1158
LMI	4243.0	1115.0	67	1
4121	1134	4173	939	4329	1248	4351	1140
EDG	4089.0	4177.0	257	1
3929	4169	3967	4128	4211	4088	4252	4326
III	656.0	1828.0	186	1
563	1876	660	1770	794	2004	608	1665
DDI	2662.0	1532.0	90	1
2552	1612	2630	1529	2819	1328	2649	1659
ZRF	1541.0	945.0	115	1
1527	1052	1541	965	1571	725	1525	1041
THI	651.0	4351.0	194	1
630	4390	692	4243	518	4501	764	4271
