XER	4144.0	1630.0	67	1
4355	1689	4135	1594	3931	1583	4158	1657
MYG	2573.0	1029.0	74	1
2516	1263	2614	955	2389	1135	2775	764
EGA	3069.0	369.0	283	1
3210	660	3050	206	2854	500	3165	111
CAP	2948.0	3534.0	73	1
3241	3593	2752	3631	2741	3727	3058	3186
KGP	3574.0	2190.0	79	1
3563	2168	3608	2425	3447	2069	3678	2099
UFY	3817.0	973.0	290	1
3837	803	3668	1285	3859	916	3905	890
AMH	1118.0	3540.0	163	1
1303	3521	808	3357	1165	3527	1196	3758
PDN	4235.0	2954.0	222	1
4379	3132	3963	2886	4153	2721	4448	3080
CIZ	1202.0	975.0	201	1
1313	1037	1178	813	1242	915	1076	1138
FVZ	2023.0	2382.0	123	1
2065	2162	2175	2594	2180	2254	1672	2519
SFO	3479.0	1303.0	195	1
3315	1377	3639	1271	3543	1111	3422	1456
YTI	982.0	1595.0	121	1
844	1418	972	1515	878	1964	1236	1484
WFL	3084.0	1532.0	228	1
3103	1715	3112	1400	3129	1545	2995	1468
NPZ	681.0	2637.0	274	1
512	2527	678	2672	834	2637	702	2712
KOD	3830.0	1440.0	75	1
3742	1434	3990	1463	3787	1522	3803	1342
EDG	432.0	3470.0	286	1
435	3678	514	3224	562	3526	218	3454
UTM	1891.0	634.0	187	1
1935	525	1969	404	2038	827	1624	780
TLT	599.0	1056.0	143	1
440	1242	764	1132	700	900	494	951
VPO	2158.0	2997.0	267	1
2188	3018	2029	3299	2145	2937	2272	2735
RYX	636.0	1370.0	293	1
621	1333	578	1429	653	1455	692	1266
HCZ	2838.0	2272.0	180	1
2892	2251	2810	2055	2662	2453	2988	2331
BUV	1598.0	3564.0	132	1
1903	3632	1454	3379	1547	3783	1490	3462
AFN	2908.0	917.0	59	1
2879	1097	2868	889	2805	673	3081	1012
UBN	655.0	3951.0	289	1
634	3947	796	3798	693	3784	498	4278
TBS	3605.0	3379.0	77	1
3873	3608	3524	3459	3552	3138	3474	3312
LEZ	359.0	495.0	240	1
221	288	469	422	470	668	279	604
CTA	4128.0	3845.0	60	1
4152	3952	3845	3852	4303	3656	4214	3922
RNR	4213.0	664.0	234	1
4116	628	4340	794	4013	453	4386	782
XDK	2611.0	4001.0	280	1
2509	3910	2416	4102	2596	3929	2923	4063
CMY	2147.0	1570.0	39	1
2134	1556	2142	1350	2079	1596	2233	1778
KKM	2728.0	1568.0	80	1
2907	1643	2690	1594	2711	1524	2606	1511
YAS	4190.0	2486.0	22	1
3961	2234	4162	2693	4422	2691	4217	2327
QLP	1947.0	1029.0	14	1
1882	1287	2188	915	1949	1066	1769	848
SDJ	2985.0	1142.0	140	1
3086	1141	2797	1205	3121	1103	2936	1120
AGC	2672.0	3495.0	14	1
2676	3529	2708	3661	2566	3195	2741	3598
ZHO	1091.0	3181.0	78	1
905	3233	1058	3190	1085	3336	1316	2966
LCT	1108.0	2136.0	153	1
1396	2239	964	2073	1259	2158	814	2075
EHF	1644.0	1098.0	265	1
1675	912	1761	1097	1491	1328	1649	1055
FFW	3875.0	4355.0	134	1
3831	4498	3802	4432	3941	4237	3928	4255
OOZ	3522.0	299.0	153	1
3679	275	3304	285	3727	369	3378	268
NDZ	392.0	1858.0	155	1
310	2041	423	1886	346	1622	492	1885
QKD	3257.0	786.0	52	1
3154	707	3266	855	3302	862	3306	720
QJT	3382.0	4065.0	182	1
3560	4185	3217	3823	3274	4100	3478	4154
KAA	1222.0	314.0	298	1
1490	181	1152	215	1045	669	1204	193
DBV	3662.0	556.0	223	1
3744	604	3893	579	3647	564	3365	479
EEH	2212.0	3793.0	39	1
2043	3969	2137	3668	2299	3800	2370	3737
CUX	2426.0	563.0	214	1
2530	572	2205	760	2675	627	2296	296
MCK	4436.0	4006.0	5	1
4380	4193	4545	3747	4499	4009	4321	4075
SXD	4179.0	1413.0	196	1
4175	1371	4201	1310	4177	1426	4163	1548
LEM	3692.0	1673.0	114	1
3666	1575	3763	1753	3631	1554	3708	1811
