YSI	1655.0	3061.0	53	1
1467	3138	1795	2913	1614	2957	1745	3238
NRF	2341.0	2084.0	134	1
2197	2206	2455	2086	2174	2176	2541	1868
BOJ	1587.0	3760.0	105	1
1658	3772	1494	3452	1601	3801	1597	4017
EGK	2862.0	2930.0	100	1
2891	3096	2706	2917	2853	2652	2998	3058
BWD	3493.0	2072.0	116	1
3545	2043	3299	1909	3668	2316	3463	2023
EGF	3589.0	1043.0	221	1
3607	1070	3588	1204	3559	884	3603	1014
NSK	3746.0	1117.0	279	1
3668	1177	3897	1230	3653	1073	3766	988
LXE	4361.0	3379.0	241	1
4177	3529	4184	3358	4503	3098	4582	3531
INX	1883.0	2611.0	69	1
2163	2769	1982	2473	1660	2602	1727	2600
EAW	3078.0	4278.0	14	1
3283	4220	3044	3952	2878	4465	3109	4476
JLU	1040.0	2379.0	175	1
977	2518	1129	2114	933	2539	1122	2346
WGN	3922.0	4222.0	286	1
3789	4021	3860	4348	4072	4481	3970	4040
AUR	1729.0	1461.0	236	1
1739	1228	1650	1583	1704	1380	1824	1653
ROS	717.0	3820.0	298	1
732	4031	830	3526	412	3859	897	3865
TVA	1331.0	2768.0	100	1
1237	2810	1494	2894	1294	2539	1302	2829
VHX	1680.0	2261.0	98	1
1590	2116	1676	2306	1910	2174	1545	2449
DEC	1593.0	1705.0	37	1
1480	1754	1798	1719	1765	1664	1330	1686
OKH	3330.0	813.0	263	1
3430	692	3194	1090	3292	593	3406	877
WQD	838.0	1712.0	111	1
900	1622	882	1599	797	2078	773	1550
JYN	3574.0	543.0	45	1
3509	551	3503	656	3709	297	3575	669
OKE	2825.0	591.0	97	1
2610	395	2960	788	2964	327	2766	857
ATX	811.0	2949.0	27	1
771	2859	1115	3166	702	2812	657	2962
YLL	3147.0	2146.0	9	1
3119	1859	3166	2241	3237	2312	3067	2175
FJE	859.0	4446.0	86	1
849	4390	913	4470	768	4619	906	4307
AAT	4095.0	3732.0	28	1
3890	3969	4120	3681	4264	3550	4109	3731
ULD	2061.0	560.0	166	1
2187	357	2142	442	1956	772	1961	672
OHM	3551.0	4345.0	218	1
3581	4421	3406	4471	3523	4239	3694	4252
QHS	427.0	952.0	29	1
313	996	430	1058	385	891	582	866
YEE	926.0	1157.0	164	1
899	1021	1210	1427	688	1017	910	1164
SSS	3199.0	2964.0	297	1
3054	2802	3373	2949	3079	2897	3291	3209
YUJ	2176.0	1397.0	44	1
1966	1491	2342	1479	1928	1317	2468	1302
KCS	2893.0	1641.0	50	1
2697	1494	2956	1749	3000	1563	2922	1760
ICJ	2081.0	3041.0	125	1
2128	2790	1899	3320	2083	3062	2217	2992
AWJ	1127.0	760.0	238	1
1307	597	1020	1014	1339	687	843	743
DXG	4228.0	2708.0	245	1
4394	2855	4319	2585	4009	2701	4190	2694
IYJ	1668.0	728.0	227	1
1538	575	1677	683	1651	804	1808	852
HGD	3651.0	2616.0	207	1
3775	2863	3656	2560	3665	2379	3508	2664
RGK	1879.0	3817.0	24	1
2137	4047	1737	3768	1800	3913	1843	3541
PUS	688.0	2512.0	230	1
655	2371	885	2519	778	2383	437	2777
UZX	4219.0	1069.0	39	1
4365	781	4127	1217	4020	1235	4364	1045
ZBO	544.0	2234.0	15	1
386	2359	708	2365	629	2309	455	1904
CGT	3400.0	1495.0	44	1
3585	1386	3232	1644	3284	1321	3501	1631
CGJ	3099.0	1257.0	238	1
3061	1367	3129	1230	3180	1208	3028	1224
OKX	1980.0	4373.0	136	1
1995	4479	1922	4391	2057	4338	1946	4287
GAA	2780.0	3535.0	64	1
2820	3432	2645	3426	2867	3823	2790	3462
WSI	1362.0	4202.0	111	1
1311	4056	1497	4379	1331	4051	1311	4322
NWO	4185.0	2298.0	87	1
3974	2177	4295	2527	4407	2480	4067	2009
LAE	2864.0	1297.0	105	1
2906	1220	3001	1262	2681	1352	2870	1357
GQU	682.0	565.0	212	1
808	386	578	639	679	722	665	513
XFU	2808.0	2032.0	65	1
2945	1903	2736	2152	2963	2267	2589	1809
