PTO	1541.0	2564.0	63	1
1527	2697	1470	2696	1291	2423	1878	2442
FNR	1001.0	2710.0	70	1
788	2466	791	2866	1255	2703	1171	2807
TKA	2678.0	4171.0	278	1
2538	4217	2741	3978	2551	4484	2882	4005
DUN	653.0	2731.0	262	1
724	2440	768	2516	501	2950	622	3019
YWW	1710.0	4256.0	131	1
1643	4302	1471	4251	1838	4289	1890	4183
KQX	4075.0	1796.0	233	1
4188	1591	4171	1711	4148	1908	3794	1977
KUQ	1955.0	2953.0	14	1
2322	2838	1782	2999	1850	2809	1866	3168
QON	3335.0	4263.0	180	1
3121	4437	3296	4352	3354	4105	3572	4158
FIQ	786.0	2031.0	158	1
729	2036	870	2018	643	1889	905	2181
JKL	2570.0	1121.0	204	1
2303	1107	2504	829	2683	1404	2790	1146
MZM	1904.0	630.0	265	1
1969	705	1981	613	1812	489	1854	713
PXL	591.0	1671.0	161	1
546	1649	590	1843	590	1462	639	1733
NKE	2271.0	1487.0	102	1
2295	1551	2027	1537	2441	1451	2323	1411
ELS	2980.0	2812.0	285	1
3162	2856	3055	2971	2662	2760	3042	2663
ASB	321.0	2682.0	282	1
268	2804	297	2787	306	2832	413	2306
XCE	2486.0	474.0	6	1
2727	661	2528	280	2322	635	2367	323
ITW	1096.0	3441.0	246	1
983	3601	988	3559	1094	3321	1321	3285
CKH	3570.0	2514.0	119	1
3582	2361	3667	2837	3719	2392	3312	2469
JEF	500.0	906.0	273	1
639	877	404	917	509	1018	449	815
YBK	4060.0	3896.0	136	1
3947	3967	4152	3710	4145	3902	3997	4005
HNL	3148.0	3405.0	127	1
3221	3577	3243	3378	2862	3408	3267	3258
YJC	2932.0	1910.0	222	1
2598	2074	2930	1664	3131	1813	3069	2092
BED	1391.0	1580.0	130	1
1399	1569	1067	1690	1515	1565	1585	1499
DBK	1994.0	2540.0	119	1
2247	2513	1887	2392	1921	2519	1924	2736
JWJ	1182.0	4033.0	60	1
1060	4051	1108	4061	1317	3946	1246	4074
KRY	4374.0	2166.0	223	1
4380	2304	4456	2285	4218	2073	4442	2002
ZNC	4085.0	668.0	209	1
3920	669	4309	451	4105	621	4006	932
AOL	806.0	4367.0	28	1
788	4293	594	4413	721	4378	1122	4387
XSL	3201.0	1147.0	297	1
3305	1002	2839	1280	3331	1404	3330	902
DFG	513.0	3378.0	89	1
605	3442	396	3369	308	3454	743	3250
ZTN	3417.0	458.0	275	1
3272	326	3369	633	3491	389	3539	486
WGI	3585.0	1258.0	147	1
3542	1342	3822	1355	3451	1131	3525	1204
NVU	2063.0	946.0	294	1
1996	1082	2060	786	2271	874	1926	1043
OPS	1702.0	3889.0	220	1
1412	3891	1665	3703	1788	3850	1946	4114
KBN	1532.0	2932.0	116	1
1564	2996	1644	2996	1436	2805	1484	2931
ATU	2450.0	2468.0	222	1
2389	2519	2431	2590	2356	2610	2627	2156
GKI	2125.0	1987.0	84	1
2254	2120	1877	1795	2040	1971	2332	2065
UOJ	709.0	3759.0	19	1
592	3540	878	3650	751	3899	615	3950
FXH	1807.0	1410.0	299	1
1830	1662	1955	1575	1657	1089	1788	1317
MFX	3942.0	4091.0	59	1
3857	4076	3905	4241	4177	4015	3830	4035
YSL	4013.0	3609.0	37	1
4209	3632	3858	3608	3976	3578	4009	3620
VMB	444.0	2039.0	150	1
235	2034	487	2016	442	2008	615	2101
AMO	3410.0	1994.0	145	1
3430	2150	3377	1950	3401	1865	3433	2011
YER	1999.0	3444.0	88	1
1986	3738	2025	3393	1965	3398	2022	3248
EYZ	3659.0	3480.0	10	1
3745	3363	3715	3531	3804	3308	3372	3721
KBJ	2110.0	4457.0	103	1
1882	4317	2227	4501	2050	4554	2281	4456
MBH	4280.0	3057.0	137	1
4387	3174	4398	3055	4407	2800	3928	3199
RFE	804.0	1268.0	26	1
716	1332	827	1073	796	1052	880	1618
GHG	808.0	521.0	243	1
735	363	751	641	1027	794	722	289
MOQ	2914.0	717.0	88	1
3023	824	3073	816	2824	657	2736	572
