BCF	2553.0	3206.0	292	1
2838	3092	2330	3286	2673	3064	2373	3384
AYP	3481.0	3230.0	203	1
3709	3260	3507	3333	3306	3189	3404	3140
OJT	3178.0	1878.0	106	1
2981	1633	3434	1927	3192	1778	3108	2177
SFZ	790.0	2423.0	264	1
1033	2395	584	2427	910	2451	633	2419
VVY	827.0	3328.0	168	1
1064	3619	739	3068	669	3187	836	3438
JMX	1086.0	490.0	16	1
1015	417	922	671	1194	515	1215	360
YJL	1733.0	2346.0	118	1
1956	2200	1447	2283	1624	2523	1906	2380
YXU	3962.0	3386.0	248	1
4023	3491	3882	3262	4214	3228	3732	3566
PXE	4606.0	574.0	103	1
4630	364	4630	614	4542	739	4625	582
NAQ	2090.0	3667.0	225	1
2346	3987	2230	3767	1964	3473	1822	3443
CFF	1025.0	2841.0	5	1
1071	2994	1022	2695	948	2906	1061	2771
IFF	1311.0	3700.0	230	1
1270	3779	1297	3587	1304	3839	1375	3598
ZHB	1737.0	796.0	170	1
1576	694	1947	1036	1755	622	1671	833
PWJ	1600.0	4222.0	230	1
1690	4156	1601	4304	1492	4123	1620	4307
LMK	2520.0	2786.0	128	1
2541	2709	2808	2946	2402	2663	2330	2828
JVP	2167.0	1839.0	185	1
2465	1691	2161	1938	2043	1940	2001	1789
RJZ	3899.0	2107.0	38	1
4086	2327	4145	1938	3781	1896	3587	2269
BEY	2032.0	3244.0	167	1
2131	3265	1682	3396	2178	3052	2140	3266
OCC	3136.0	1216.0	236	1
2972	1426	2984	887	3255	1388	3335	1165
VEH	2676.0	4545.0	209	1
2755	4349	2555	4659	2459	4670	2936	4502
NLS	2286.0	509.0	14	1
2281	700	2240	585	2346	402	2280	350
WZZ	4214.0	3846.0	181	1
4327	4070	4010	3917	4234	3707	4286	3690
OFB	1686.0	3547.0	15	1
1709	3517	1791	3660	1731	3518	1513	3493
WSE	1535.0	1359.0	67	1
1740	1346	1357	1421	1368	1570	1676	1102
TZI	748.0	1929.0	136	1
1086	1697	706	2082	625	2126	576	1811
VDZ	3563.0	532.0	116	1
3565	668	3545	697	3547	385	3595	378
XBK	2503.0	1007.0	65	1
2493	971	2470	1111	2705	1035	2346	912
XLN	725.0	3993.0	110	1
650	4199	870	3990	555	3753	826	4032
FXC	526.0	2816.0	96	1
546	2713	472	2848	749	2725	338	2978
WGE	4145.0	2880.0	274	1
4311	2815	3921	2911	4149	2700	4202	3096
KXB	3415.0	3538.0	211	1
3423	3612	3295	3479	3643	3382	3299	3682
ZOR	2177.0	430.0	276	1
2181	289	2203	632	2143	341	2182	461
RWH	1469.0	2803.0	95	1
1566	2910	1274	2955	1680	2741	1356	2606
YSI	961.0	800.0	44	1
909	707	1182	820	870	729	885	944
OHA	2832.0	2400.0	63	1
2738	2199	2945	2596	2989	2317	2659	2490
ZOD	2543.0	3766.0	219	1
2506	3769	2407	3709	2476	3984	2784	3605
BTJ	3060.0	4216.0	215	1
3167	4283	2896	4012	3185	4286	2992	4285
XGI	1249.0	4407.0	125	1
1146	4610	1441	4623	1385	4052	1024	4346
REP	4204.0	378.0	88	1
4350	431	3995	296	3998	564	4476	223
TOO	310.0	767.0	34	1
203	868	242	726	213	508	583	967
WER	3847.0	1227.0	184	1
3885	1147	3898	1580	3950	1157	3655	1024
ZFU	530.0	1172.0	151	1
386	1262	794	1102	621	1252	320	1072
LLU	1267.0	3334.0	95	1
1200	3532	1306	3086	1187	3297	1378	3422
IWA	1010.0	1526.0	271	1
1094	1418	1192	1513	811	1490	943	1684
FNC	1540.0	1851.0	46	1
1636	1898	1350	1821	1714	1917	1462	1769
VNS	3126.0	3199.0	13	1
3302	3049	2989	3214	3245	3314	2970	3221
PUO	3645.0	3969.0	65	1
3647	3874	3883	4122	3706	3890	3347	3991
EQA	1142.0	2951.0	46	1
1146	2888	1140	3045	1159	2994	1123	2878
GIJ	4129.0	1221.0	64	1
4072	1249	4307	1139	4171	1265	3969	1233
XSS	1935.0	2825.0	228	1
1986	2854	1761	2774	2068	2653	1927	3022
