TDM	3614.0	2060.0	83	1
3500	2072	3783	1833	3744	2201	3430	2134
JEO	680.0	4407.0	103	1
547	4402	762	4388	584	4271	827	4570
OIH	3052.0	742.0	175	1
2878	772	3201	1001	3047	557	3085	639
MNE	4209.0	2869.0	154	1
3889	2852	4335	2958	4332	2688	4280	2978
PVL	1831.0	865.0	174	1
1939	898	1756	877	1990	763	1640	925
JWK	1330.0	3631.0	204	1
1280	3722	1213	3597	1678	3310	1152	3897
DBS	2983.0	1923.0	167	1
2930	2052	3002	1746	3038	1764	2965	2133
ONS	4149.0	1210.0	29	1
3971	1013	4151	1371	4242	1046	4232	1411
UWC	2540.0	2150.0	120	1
2419	2144	2669	2401	2662	2109	2410	1949
BYI	3203.0	3570.0	295	1
3316	3568	3035	3434	3421	3673	3042	3608
BQW	1811.0	1612.0	43	1
1781	1770	1895	1797	1809	1463	1759	1420
UKO	2989.0	4003.0	251	1
2790	4162	3144	3798	2875	4044	3149	4009
WJK	4237.0	2178.0	118	1
4348	2361	4072	2190	4362	1991	4167	2173
DPO	490.0	1101.0	160	1
441	1207	646	1275	425	879	451	1046
QBH	2508.0	1601.0	219	1
2499	1585	2414	1682	2430	1432	2689	1705
FSC	1138.0	2605.0	287	1
925	2379	1426	2888	1162	2660	1039	2495
SWT	2826.0	2087.0	168	1
2762	2263	2781	2269	2836	1896	2926	1920
JCO	982.0	979.0	249	1
945	1122	913	1031	1195	943	875	821
JOG	3927.0	3528.0	219	1
3876	3677	4082	3723	4056	3404	3695	3308
QVW	1710.0	2352.0	203	1
1824	2219	1832	2375	1508	2215	1676	2602
DGC	2477.0	971.0	138	1
2305	1110	2753	813	2507	1056	2344	907
HSN	3088.0	1489.0	25	1
3003	1416	3008	1572	3387	1484	2955	1484
PME	4090.0	587.0	210	1
3839	425	4116	863	4154	490	4252	573
VQY	4085.0	4331.0	37	1
4269	4138	4047	4473	4118	4281	3908	4434
GPT	4296.0	1799.0	205	1
4312	1803	4159	1631	4117	1823	4599	1940
XAO	4004.0	2628.0	182	1
4086	2631	3822	2589	3954	2671	4155	2623
KXM	1600.0	1431.0	71	1
1577	1673	1733	1508	1332	1310	1759	1236
TLK	514.0	3752.0	16	1
471	3539	672	4007	350	3621	565	3842
HPL	521.0	1745.0	276	1
664	1828	665	1627	464	1704	293	1822
OKI	2229.0	3337.0	230	1
2464	3264	2141	3521	2306	3148	2005	3415
WLK	1974.0	336.0	26	1
2019	164	1874	507	2015	147	1990	526
NWW	2423.0	2855.0	186	1
2627	2973	2283	2569	2392	2859	2393	3021
UZV	3080.0	2431.0	161	1
3003	2528	2972	2298	3175	2345	3171	2555
TJT	3755.0	2946.0	299	1
3712	2844	3855	3057	3668	2989	3785	2896
CAU	2048.0	1058.0	207	1
1822	956	2095	1125	2106	1047	2171	1107
OXG	2200.0	4165.0	134	1
1935	4329	2077	4296	2412	3826	2378	4212
QCV	3367.0	4328.0	50	1
3371	4501	3332	4093	3525	4378	3241	4342
HBR	788.0	3021.0	206	1
967	3005	951	3081	583	3011	654	2988
ALY	351.0	3193.0	182	1
423	2987	305	3490	342	2998	336	3298
ALA	964.0	1608.0	299	1
821	1523	1165	1578	1087	1469	783	1862
DRT	3602.0	561.0	48	1
3460	598	3812	661	3710	292	3428	693
LLD	1152.0	4115.0	29	1
986	4145	1278	4105	968	4032	1377	4178
XYK	4361.0	977.0	20	1
4289	827	4448	827	4424	1052	4285	1202
GUL	3145.0	3277.0	90	1
3155	3170	3078	3343	3364	3181	2984	3415
IAD	2721.0	346.0	162	1
2707	383	2826	216	2703	526	2651	260
REG	1702.0	4048.0	219	1
1714	4007	1715	4273	1677	3945	1705	3969
ZOW	2311.0	490.0	23	1
2297	765	2041	228	2599	257	2307	712
FHR	4391.0	3470.0	126	1
4553	3491	4419	3299	4380	3566	4212	3524
CEP	860.0	2037.0	126	1
726	1981	699	1978	786	2061	1231	2128
QFR	3100.0	430.0	36	1
3262	436	2971	479	3152	350	3018	455
