UXS	4221.0	455.0	436	1
4218	425	4373	369	4070	649	4225	380
RVT	4159.0	1182.0	356	1
4060	1377	4020	1327	4137	1018	4422	1009
HPL	2798.0	4127.0	332	1
2601	4394	2884	4023	3102	3985	2606	4107
FAV	3756.0	1226.0	480	1
3952	1189	3745	1380	3449	1107	3879	1230
TWK	985.0	3824.0	365	1
1008	3913	1106	3875	863	3877	964	3633
OLP	447.0	2523.0	400	1
356	2766	349	2590	631	2443	453	2296
IKR	2426.0	1156.0	298	1
2547	971	2392	972	2632	1538	2134	1146
VZY	3942.0	2792.0	290	1
4083	2859	3993	2823	3747	2820	3948	2668
UON	1554.0	733.0	223	1
1617	512	1369	987	1614	613	1616	823
TVC	2358.0	2510.0	219	1
2498	2432	2288	2479	2326	2751	2322	2380
ZSN	3143.0	409.0	227	1
3038	669	3407	204	2939	171	3189	593
AUF	2866.0	1384.0	433	1
2717	1376	2822	1528	2804	1473	3122	1161
KMY	3344.0	2530.0	390	1
3602	2541	3232	2552	3119	2621	3426	2408
BHW	610.0	457.0	390	1
574	494	364	299	661	438	841	599
LVS	1077.0	2027.0	282	1
1143	2059	1198	2178	1212	1882	757	1991
SOD	1637.0	3013.0	356	1
1593	2956	1836	3210	1604	2781	1517	3107
IEL	2993.0	3744.0	264	1
2891	3754	3116	3705	2821	3580	3144	3937
OAR	1831.0	1897.0	444	1
1844	1882	1857	1832	1864	2032	1760	1842
PRA	2729.0	2105.0	441	1
2540	2123	2810	2060	2771	2101	2798	2137
KAW	3640.0	3566.0	342	1
3698	3746	3497	3552	3830	3617	3538	3350
RMU	666.0	3274.0	391	1
616	3376	830	3190	699	3259	522	3273
QGR	4377.0	3270.0	330	1
4615	3059	4369	3296	4126	3353	4401	3373
TJN	1259.0	3593.0	332	1
1143	3414	1383	3664	1190	3744	1323	3550
ZTV	3874.0	2291.0	358	1
3705	2325	4042	2607	3673	2068	4077	2166
ABI	2239.0	3691.0	427	1
2225	3799	2161	3456	2231	3649	2340	3861
SHZ	2348.0	3195.0	292	1
2431	3242	2382	3092	2101	3201	2481	3248
OKW	4099.0	4045.0	353	1
4065	4257	4085	3854	4136	4184	4112	3888
SPV	1385.0	1715.0	267	1
1177	1526	1474	1819	1534	1847	1355	1670
OQD	429.0	1412.0	381	1
274	1541	552	1490	307	1430	584	1189
ERA	4383.0	3615.0	248	1
4126	3558	4613	3381	4449	3761	4345	3762
EHY	1213.0	2517.0	462	1
1263	2564	1352	2457	1147	2363	1092	2687
FEP	2602.0	3760.0	276	1
2765	3850	2543	3518	2590	3880	2513	3795
BBY	2378.0	642.0	411	1
2313	930	2289	666	2461	621	2450	354
WTY	3412.0	898.0	360	1
3417	892	3618	900	3188	923	3425	877
IPK	871.0	2617.0	299	1
972	2423	975	2904	886	2697	653	2446
MPW	787.0	3044.0	456	1
541	2944	663	3043	980	3070	967	3121
UKJ	2843.0	3299.0	300	1
3078	3391	2611	3192	2747	3290	2937	3325
JPV	1393.0	2262.0	354	1
1299	2266	1449	2205	1361	2328	1466	2252
HKR	3349.0	3750.0	491	1
3240	3808	3342	3721	3375	3724	3440	3750
JHJ	1118.0	703.0	387	1
1030	660	1082	534	1080	707	1283	914
EGN	985.0	327.0	404	1
1054	516	1051	216	935	213	902	365
OJG	2147.0	2613.0	426	1
2161	2684	2218	2706	2284	2492	1926	2570
AUO	428.0	3828.0	220	1
346	3975	494	4036	432	3799	441	3502
NJD	3021.0	1863.0	329	1
2791	1900	3115	1708	3104	1786	3074	2058
WJH	4204.0	1644.0	469	1
4166	1584	4093	1815	4052	1643	4506	1537
ZUJ	3641.0	4259.0	472	1
3631	4454	3570	4012	3895	4089	3470	4482
GFV	1602.0	4013.0	485	1
1484	3778	1658	4345	1827	4120	1442	3812
PTG	2373.0	4332.0	401	1
2136	4398	2416	4396	2391	4316	2550	4218
FZO	1382.0	3021.0	231	1
1369	2982	1304	3080	1363	2985	1492	3038
QVT	2737.0	2878.0	207	1
2844	2919	2559	2947	2678	2985	2867	2662
