ARK	2960.0	1280.0	36	1
3122	1229	3056	1388	2737	1416	2925	1088
DPG	1777.0	4119.0	250	1
1694	3980	1998	4270	1721	4318	1695	3908
PNI	3398.0	1980.0	37	1
3621	1832	3206	2071	3330	1902	3435	2116
EZF	4050.0	4108.0	297	1
4137	4286	3879	4130	4287	4124	3899	3893
TPF	3405.0	1397.0	250	1
3442	1508	3336	1479	3407	1246	3437	1358
IBQ	3270.0	1180.0	174	1
3283	1192	3343	1169	3144	1156	3313	1206
PGD	3961.0	1358.0	278	1
4136	1266	3957	1230	3848	1422	3905	1515
QHX	2162.0	1367.0	252	1
2170	1606	1956	1248	2378	1326	2144	1289
JRZ	1484.0	2350.0	113	1
1466	2504	1543	2591	1530	2189	1397	2118
EEX	4468.0	3177.0	34	1
4241	3028	4454	3148	4585	3264	4595	3268
IEG	1260.0	1566.0	97	1
1125	1367	1047	1550	1297	1509	1572	1840
HOV	2738.0	3795.0	57	1
2807	3872	2386	3938	2957	3555	2805	3817
WRC	641.0	4352.0	88	1
583	4302	660	4300	790	4307	533	4499
ZQA	1129.0	4288.0	127	1
1175	4220	1045	4345	1312	4122	987	4465
QFA	2021.0	381.0	116	1
1879	549	1715	264	2240	420	2253	293
LKG	3936.0	3328.0	132	1
3862	3445	4090	3302	3875	3255	3917	3313
SFU	653.0	1091.0	68	1
316	1128	811	774	803	1189	685	1275
WAS	1057.0	726.0	64	1
1124	696	945	377	1093	931	1066	900
VXA	3353.0	3536.0	58	1
3231	3203	3104	3490	3520	3723	3560	3730
JYO	3357.0	3870.0	8	1
3137	3962	3466	3852	3253	3872	3572	3795
UYX	2812.0	3026.0	178	1
2991	2786	2512	3064	2823	3091	2922	3165
TFW	2800.0	576.0	7	1
2644	905	2661	341	3056	620	2842	439
JPM	1498.0	2857.0	43	1
1395	2855	1492	2946	1462	2995	1645	2633
CRA	2170.0	2484.0	47	1
2004	2568	2278	2731	2415	2285	1985	2353
JCQ	4070.0	829.0	55	1
4275	780	4061	663	4035	991	3910	882
RLF	3316.0	4206.0	295	1
3487	4261	3137	4051	3349	4186	3291	4327
RDI	1508.0	672.0	191	1
1479	713	1495	630	1348	522	1710	825
VVN	2872.0	1686.0	25	1
2927	1595	2877	1802	2950	1636	2736	1713
JHD	813.0	3599.0	43	1
674	3763	1183	3829	665	3394	730	3412
ZKS	4189.0	2645.0	76	1
4140	2583	4050	2756	4168	2656	4400	2586
FJS	3854.0	2587.0	262	1
3716	2678	3888	2508	3852	2488	3962	2675
FIR	405.0	2295.0	69	1
231	2315	683	2597	376	2115	333	2156
DAZ	3502.0	490.0	51	1
3755	699	3318	531	3319	491	3617	239
NMK	604.0	1658.0	299	1
312	1555	682	1775	650	1793	775	1511
VZG	3376.0	857.0	161	1
3184	874	3223	762	3511	1045	3587	748
SRM	3378.0	2596.0	248	1
3186	2704	3621	2502	3326	2589	3382	2592
RMZ	2223.0	1794.0	297	1
2318	1645	2056	2056	2275	1699	2243	1779
VUK	1065.0	2875.0	270	1
1102	2944	1219	2809	876	3099	1065	2650
OAI	1441.0	4105.0	83	1
1464	4118	1560	3953	1380	4277	1363	4073
HSC	3961.0	2064.0	290	1
3930	2068	3892	2193	4061	2170	3964	1827
PGG	3610.0	2307.0	67	1
3537	2434	3870	2377	3675	2203	3360	2217
CLC	555.0	3665.0	206	1
598	3343	312	3822	660	3818	652	3677
QJS	1990.0	725.0	20	1
1804	827	2004	736	2163	665	1990	675
USH	2807.0	4326.0	100	1
2575	4247	3030	4511	2521	4065	3104	4481
EFD	1965.0	3295.0	192	1
2182	3300	1850	3082	2002	3393	1827	3407
JQH	4046.0	3646.0	215	1
3897	3574	4207	3601	4297	3682	3784	3729
NGB	3332.0	3060.0	209	1
3037	3171	3404	3193	3532	2864	3356	3014
LSJ	2349.0	712.0	67	1
2494	591	2167	718	2327	787	2411	755
CVJ	4338.0	2198.0	179	1
4515	2217	4274	2117	4437	2097	4128	2363
NIV	1056.0	1095.0	136	1
892	1081	866	1207	1246	1083	1220	1010
