NFB	2872.0	2484.0	136	1
2974	2414	2593	2532	3077	2443	2846	2550
VJH	2237.0	2676.0	269	1
2325	2849	2361	2554	2111	2615	2153	2688
VMD	4289.0	2462.0	153	1
4522	2555	4169	2483	4410	2422	4056	2389
OJR	1813.0	492.0	101	1
2003	388	1657	478	1802	624	1792	481
WQK	1263.0	2301.0	235	1
1489	2392	989	2123	1517	2332	1057	2358
PQG	443.0	2682.0	264	1
419	2530	667	2786	337	2639	351	2775
KXG	1763.0	1079.0	145	1
1706	1178	1789	1155	1613	865	1946	1119
XIK	2338.0	3637.0	236	1
2623	3731	2313	3407	2183	3455	2233	3958
BWT	1702.0	4059.0	99	1
1505	3928	1665	4056	1774	3964	1864	4291
CFU	3349.0	1062.0	254	1
3221	983	3201	975	3554	1193	3422	1098
WJI	2459.0	1266.0	231	1
2503	1196	2540	1238	2327	1478	2467	1153
PAX	3376.0	3481.0	29	1
3446	3455	3258	3335	3372	3548	3428	3589
NFM	1232.0	1282.0	297	1
1157	1489	1352	1010	1399	1089	1022	1540
GLG	1061.0	3654.0	58	1
1092	3588	1144	3673	1113	3592	898	3763
DKD	3081.0	3880.0	4	1
3247	3865	3152	3750	2915	3953	3012	3954
ERY	3746.0	2171.0	37	1
3501	2250	4001	2326	3671	2160	3811	1951
STL	2850.0	3473.0	82	1
2734	3309	2907	3267	2999	3687	2760	3631
CPN	3752.0	675.0	57	1
3699	926	3722	586	3845	677	3742	511
OLQ	4497.0	2976.0	16	1
4589	3073	4395	3006	4516	2819	4488	3008
QHR	700.0	1301.0	284	1
845	1258	514	1138	800	1443	641	1365
LJY	3418.0	4087.0	70	1
3364	4097	3616	3981	3503	4082	3190	4190
XYM	599.0	2064.0	62	1
394	1942	571	2292	654	2162	779	1862
EWM	4110.0	4360.0	246	1
4098	4256	4163	4293	4347	4240	3833	4654
ZEF	3608.0	1651.0	27	1
3841	1415	3620	1902	3562	1536	3412	1754
KEM	3832.0	3365.0	176	1
3523	3435	4014	3424	4081	3213	3713	3389
NCM	1682.0	1572.0	285	1
1545	1583	1674	1591	1641	1369	1868	1748
TGJ	828.0	4278.0	244	1
604	4581	904	4092	866	4026	938	4414
WZG	2008.0	1877.0	268	1
1988	1904	2069	1845	1752	1847	2226	1914
YDY	3250.0	2154.0	183	1
3180	1999	3061	2308	3485	2392	3276	1920
MSC	2393.0	875.0	231	1
2659	1078	2295	895	2452	967	2169	562
MVI	4056.0	1245.0	211	1
4026	1170	3937	1158	4017	1328	4244	1326
GNH	1834.0	2661.0	87	1
2051	2703	1927	2776	1761	2751	1597	2417
OXB	3132.0	675.0	297	1
3253	467	3103	694	3118	720	3054	822
EAZ	1333.0	2994.0	239	1
1153	2988	1153	3107	1588	2994	1439	2890
ZCQ	1533.0	3645.0	202	1
1450	3683	1392	3724	1685	3395	1605	3780
HUH	4137.0	672.0	272	1
4287	693	3989	769	3925	472	4349	757
LQR	2059.0	4366.0	43	1
2059	4594	1893	4485	1969	4363	2318	4025
UEK	4443.0	1698.0	135	1
4310	1476	4374	1445	4532	1944	4559	1930
MJO	2575.0	3092.0	241	1
2388	3168	2859	2951	2703	3144	2351	3105
XBJ	536.0	3329.0	266	1
568	3184	353	3300	558	3387	665	3445
HPC	945.0	1860.0	33	1
811	1642	1081	2068	856	1721	1033	2010
CER	2999.0	1442.0	233	1
3125	1398	2852	1709	3111	1354	2909	1309
COI	422.0	2399.0	5	1
621	2392	396	2458	250	2354	422	2394
QSU	2677.0	1510.0	101	1
2605	1239	2541	1373	2822	1711	2742	1719
XST	3312.0	3002.0	218	1
3633	2947	3196	3068	3172	2849	3248	3146
FWF	3328.0	4374.0	44	1
3242	4383	3499	4237	3160	4405	3413	4474
OLU	644.0	770.0	157	1
495	1114	554	605	829	678	699	685
QGZ	4440.0	3937.0	92	1
4538	4152	4397	3846	4364	3597	4464	4156
AWC	4419.0	3301.0	257	1
4221	3399	4489	3268	4327	3147	4642	3390
ICV	2643.0	4231.0	266	1
2744	4283	2582	4030	2744	4199	2504	4414
