ADT	647.0	4010.0	358	1
622	3768	965	3858	407	4177	597	4237
VWW	3490.0	312.0	426	1
3323	385	3400	355	3718	162	3519	348
AES	1205.0	858.0	374	1
941	616	1324	1008	1340	997	1218	811
OSJ	4132.0	1809.0	329	1
3992	2018	4144	1720	4416	1645	3977	1856
GAP	973.0	3310.0	394	1
1076	2993	1104	3288	850	3530	862	3431
ZOP	3760.0	1936.0	259	1
3779	1934	3761	2020	3973	1849	3527	1943
FCC	3963.0	3932.0	391	1
3952	4057	3968	3776	3993	3967	3941	3928
SFF	429.0	3561.0	482	1
181	3537	462	3712	676	3725	398	3273
JYQ	3731.0	4155.0	442	1
3672	3986	3880	4107	3794	4072	3581	4457
OWX	801.0	2435.0	473	1
591	2299	856	2479	960	2365	800	2600
NQP	1473.0	2798.0	463	1
1487	2970	1548	2909	1264	2719	1595	2597
GXM	2773.0	1424.0	465	1
2698	1221	2692	1383	2690	1602	3015	1490
GKD	2273.0	3796.0	389	1
2415	3847	2341	3757	2162	3781	2176	3802
GEQ	2742.0	842.0	352	1
2742	566	2832	989	2749	857	2648	957
DIX	645.0	1335.0	442	1
834	1348	419	1593	864	1147	464	1252
OHR	3128.0	724.0	350	1
3132	841	3171	677	3258	628	2954	750
JEM	1597.0	3288.0	484	1
1655	3321	1265	3269	1677	3293	1791	3269
HDT	691.0	743.0	349	1
681	685	745	904	680	863	658	521
UCD	3470.0	3936.0	282	1
3476	4160	3513	3849	3537	3955	3357	3782
DXU	3564.0	2433.0	268	1
3895	2631	3460	2469	3473	2299	3430	2335
XUI	3705.0	3485.0	400	1
3617	3242	3760	3395	3660	3578	3784	3726
YSU	2860.0	1088.0	388	1
2625	1012	2856	1106	2914	1188	3047	1049
BCK	4011.0	1279.0	262	1
4039	1241	3980	1499	3850	1050	4176	1328
TBC	744.0	1989.0	375	1
547	1650	587	2075	787	2122	1055	2111
ARU	3183.0	2532.0	369	1
3135	2438	3170	2682	3251	2539	3177	2471
HQM	2017.0	1410.0	224	1
1749	1184	2106	1587	1948	1465	2266	1405
EYK	518.0	2873.0	297	1
639	2764	347	2932	731	3173	356	2626
QTJ	1739.0	4156.0	377	1
1791	4068	1749	4462	1562	3985	1854	4110
RQV	2931.0	3549.0	386	1
2864	3898	3034	3351	2864	3346	2964	3604
VZN	2142.0	3100.0	319	1
2218	3280	2004	2886	2168	2982	2181	3252
UIU	4328.0	3148.0	495	1
4145	3211	4392	2975	4414	3004	4362	3405
ARU	3991.0	2838.0	229	1
4057	3035	3945	2658	4130	2923	3834	2737
MRO	2498.0	1755.0	289	1
2595	1661	2506	1855	2435	1639	2456	1866
QQU	2412.0	615.0	458	1
2153	654	2552	354	2603	848	2342	604
KIG	1874.0	2481.0	269	1
1802	2433	1942	2442	1685	2502	2070	2547
WEV	2743.0	2409.0	475	1
2609	2386	2962	2369	2486	2520	2917	2361
QYD	2186.0	2087.0	208	1
2322	2077	2153	2157	2022	1872	2249	2243
XSK	3535.0	1141.0	457	1
3269	1180	3588	1000	3707	1331	3576	1056
KXG	1556.0	1304.0	490	1
1646	1554	1439	1047	1460	1021	1681	1597
WMK	1395.0	1900.0	472	1
1489	1718	1380	1960	1276	2022	1436	1902
GXN	1564.0	557.0	343	1
1421	620	1757	702	1537	615	1543	294
MRF	2249.0	4021.0	470	1
2290	3983	2133	4109	2284	4117	2289	3877
IMM	3105.0	4045.0	486	1
3089	4096	3115	3955	3084	4038	3134	4092
VQP	4001.0	628.0	317	1
4019	590	4247	502	3951	622	3788	801
YOJ	4490.0	1468.0	245	1
4513	1432	4536	1532	4371	1558	4541	1351
XLF	3014.0	2966.0	326	1
2777	3268	2885	2897	3201	2929	3195	2773
GTY	2804.0	4027.0	317	1
2732	3994	2925	4042	2813	4150	2748	3925
EWY	4467.0	2462.0	275	1
4577	2660	4445	2528	4360	2305	4487	2357
LKC	3464.0	515.0	315	1
3598	698	3510	494	3371	429	3380	439
AKI	2956.0	4423.0	327	1
3237	4514	2938	4336	2714	4509	2935	4336
