ZHV	3117.0	516.0	105	1
3189	564	3230	810	2873	386	3178	306
GGQ	3112.0	3635.0	46	1
3100	3623	3116	3490	3093	3542	3140	3886
FEH	994.0	2848.0	6	1
1156	2617	966	2975	1016	2954	841	2848
PNF	3653.0	3631.0	248	1
3627	3695	3549	3800	3777	3495	3661	3535
PSJ	4094.0	974.0	159	1
4113	955	4104	724	4209	1036	3953	1181
QZT	1539.0	3819.0	121	1
1611	3700	1659	3948	1542	3870	1346	3761
SOC	2299.0	1712.0	22	1
2370	1435	2388	1866	2249	1831	2190	1717
CMV	1851.0	4418.0	44	1
1649	4678	1938	4129	1676	4655	2144	4210
IGM	2009.0	457.0	87	1
2136	464	2082	426	1800	546	2020	392
MXW	3128.0	1128.0	279	1
2999	1075	3241	1111	3048	1071	3227	1256
OEL	3420.0	3023.0	124	1
3506	3171	3380	2883	3205	2974	3592	3065
QQZ	2645.0	2095.0	74	1
2808	2252	2732	1899	2536	2263	2507	1969
XCY	1247.0	3173.0	9	1
1017	3371	1378	2979	1363	3231	1233	3112
XDH	3990.0	3362.0	75	1
4211	3434	4161	3454	3896	3222	3695	3340
JOS	2557.0	2965.0	109	1
2565	2741	2400	3170	2826	3160	2439	2792
EMG	2419.0	2421.0	150	1
2610	2345	2299	2271	2247	2555	2523	2516
FHP	3844.0	1501.0	21	1
4023	1638	3595	1672	3692	1254	4066	1440
MWQ	922.0	1876.0	292	1
995	2089	965	1886	653	1859	1076	1673
UYW	454.0	4076.0	58	1
317	4095	417	4030	632	4107	452	4072
HHS	3534.0	3957.0	299	1
3460	3849	3421	3808	3808	4261	3448	3912
PUA	2047.0	1915.0	139	1
2076	2084	1795	1718	2136	2000	2183	1858
IXJ	1572.0	1458.0	4	1
1507	1498	1382	1318	1859	1501	1541	1517
NFU	2644.0	768.0	121	1
2550	812	2692	467	2691	903	2643	891
XQP	2745.0	1545.0	14	1
2855	1471	2642	1477	2965	1385	2521	1848
NWN	3378.0	2128.0	213	1
3441	1807	3617	2260	3335	2343	3120	2102
WXT	671.0	1567.0	270	1
700	1583	813	1645	359	1545	815	1495
CJU	2918.0	3798.0	149	1
3090	3596	2801	3934	2983	3911	2800	3751
NYG	4142.0	3881.0	73	1
3955	3739	4266	3769	3966	3955	4381	4064
AZA	742.0	2722.0	145	1
777	2585	755	2666	631	2799	808	2840
DIA	1357.0	2238.0	172	1
1521	2268	1458	1944	1198	2251	1254	2492
DXB	313.0	530.0	152	1
678	389	171	382	200	504	205	848
ETB	3972.0	4525.0	291	1
4112	4376	4056	4633	4018	4631	3704	4462
DAA	3177.0	1380.0	120	1
3195	1358	3368	1260	3114	1310	3034	1592
RCG	1171.0	731.0	141	1
1168	664	1249	889	1070	723	1200	651
HWQ	1932.0	3281.0	211	1
1866	3407	2101	3099	1718	3518	2044	3102
OOG	4335.0	376.0	173	1
4547	387	4186	531	4153	338	4456	250
BVA	2477.0	4266.0	255	1
2355	4086	2643	4202	2458	4384	2455	4395
HDX	4266.0	1629.0	207	1
4188	1461	4070	1750	4245	1792	4561	1514
UEY	1669.0	1616.0	84	1
1589	1682	1738	1690	1839	1560	1513	1532
XEW	4137.0	2459.0	152	1
4347	2622	3948	2239	3911	2535	4345	2441
DIU	3932.0	2720.0	206	1
3725	2800	3899	2720	4221	2734	3884	2629
ZGD	3549.0	871.0	90	1
3434	1036	3572	690	3698	1057	3493	702
CHK	569.0	3298.0	5	1
570	3323	571	3424	753	3180	382	3265
YQS	2299.0	3481.0	40	1
2249	3570	2240	3424	2168	3274	2539	3657
ZOW	1238.0	4190.0	65	1
1089	4218	1568	4333	1129	4128	1166	4083
GGV	870.0	1105.0	218	1
958	1258	548	1061	968	1117	1009	985
HTS	1557.0	871.0	43	1
1616	886	1524	518	1512	1089	1577	991
OGR	2354.0	404.0	255	1
2233	245	2306	377	2422	557	2455	439
EZO	4490.0	2206.0	282	1
4450	2184	4520	2086	4505	2094	4487	2461
CHF	3047.0	2577.0	225	1
2989	2718	3168	2439	3136	2731	2897	2423
