YJV	2293.0	1991.0	145	1
2409	1934	2429	1742	1983	2065	2352	2224
QJA	3888.0	1805.0	235	1
3787	1648	4009	1915	4010	1720	3746	1937
BBI	3892.0	2527.0	32	1
3680	2685	3943	2685	3788	2542	4159	2198
IUO	3399.0	1223.0	198	1
3261	1438	3657	966	3396	1211	3285	1280
LAO	741.0	3746.0	203	1
742	3850	776	3675	928	3564	520	3898
IJL	298.0	1595.0	92	1
224	1681	427	1421	264	1651	278	1630
HAM	4141.0	1398.0	38	1
3924	1483	4275	1422	4289	1146	4076	1542
YQQ	2981.0	3389.0	37	1
3005	3602	3136	3330	2936	3131	2849	3493
VNR	511.0	2320.0	85	1
567	2339	863	2305	322	2349	293	2289
HWY	2528.0	3693.0	230	1
2308	3750	2659	3908	2490	3499	2656	3617
EJI	1180.0	1169.0	75	1
1357	1127	848	1365	1184	1083	1333	1101
BTM	2974.0	2689.0	5	1
3279	2786	2933	2520	2864	2764	2823	2689
PHB	1109.0	2958.0	229	1
1018	3006	1061	2968	1113	3122	1244	2736
TPP	1823.0	2824.0	4	1
1600	2753	1862	2821	2071	2909	1759	2813
JEK	2389.0	3151.0	13	1
2382	3247	2306	3362	2306	2931	2565	3067
VHO	810.0	435.0	179	1
595	281	989	404	871	567	787	491
QWR	1270.0	280.0	79	1
1357	280	1279	320	1014	244	1431	277
NPC	3891.0	912.0	260	1
4129	881	3722	852	3967	998	3748	919
HAW	2553.0	809.0	214	1
2571	718	2562	1002	2620	674	2461	842
YXU	3070.0	1649.0	215	1
3045	1570	2950	1592	2936	1668	3350	1768
ECD	2228.0	516.0	100	1
2214	620	2413	705	2239	255	2048	486
YZF	2104.0	1370.0	55	1
1743	1230	2309	1583	2156	1549	2211	1118
QSB	2941.0	4293.0	140	1
3003	4304	2912	4149	2741	4286	3108	4435
OLC	1799.0	3152.0	93	1
1619	3101	1737	3042	1856	3468	1987	2998
JYT	1592.0	2519.0	159	1
1768	2714	1791	2293	1468	2617	1344	2454
ATF	1429.0	3849.0	46	1
1309	3916	1240	3834	1591	3750	1578	3898
AFD	1866.0	3607.0	178	1
2032	3631	1892	3482	1877	3745	1664	3570
KYD	3532.0	673.0	59	1
3603	699	3741	623	3441	702	3346	669
ROY	1469.0	4319.0	171	1
1551	4518	1442	4303	1396	4451	1487	4006
CIM	2402.0	2452.0	229	1
2517	2282	2301	2335	2426	2861	2367	2331
LDX	4189.0	2925.0	101	1
4006	2863	4140	2904	4323	2858	4288	3075
OMZ	2911.0	1204.0	129	1
3053	1311	2870	1004	3037	1080	2686	1422
KLS	4156.0	3572.0	67	1
4349	3719	4317	3700	4088	3525	3870	3345
DZH	1749.0	373.0	279	1
1684	729	1924	313	1739	231	1652	219
QVK	4231.0	2125.0	69	1
4271	2183	4050	2059	4492	2161	4113	2098
PMJ	1571.0	1894.0	160	1
1588	1811	1730	2128	1427	1805	1540	1832
PTC	1854.0	1953.0	65	1
1965	1759	1922	1748	1774	2062	1758	2246
QHQ	2700.0	2531.0	100	1
2730	2692	2823	2380	2661	2560	2586	2494
PCE	561.0	2993.0	57	1
709	3074	315	2859	861	2979	360	3062
AVG	1635.0	1305.0	185	1
1585	1287	1655	1255	1622	1068	1679	1612
LRN	801.0	4341.0	18	1
914	4634	847	4381	719	4125	726	4224
EFT	475.0	3383.0	148	1
284	3378	667	3306	345	3493	604	3358
UBZ	2931.0	801.0	168	1
3014	608	2947	994	3011	895	2755	708
CUZ	1757.0	4259.0	103	1
1633	4360	1948	4501	1687	4073	1761	4105
MBT	3991.0	454.0	53	1
3933	490	3867	262	4052	633	4113	433
FLF	2591.0	1575.0	219	1
2440	1546	2661	1428	2447	1722	2817	1606
TAG	2540.0	4219.0	296	1
2704	4383	2276	4169	2573	4337	2607	3989
PRX	3786.0	3943.0	130	1
3826	4099	3777	3737	3633	4115	3909	3824
IMN	1295.0	3426.0	48	1
957	3213	1532	3474	1528	3623	1164	3396
STD	835.0	874.0	172	1
663	1034	703	905	1043	856	932	702
