RZV	2710.0	583.0	38	1
2826	430	2745	540	2504	851	2766	512
AXZ	2522.0	3901.0	184	1
2679	4007	2252	3720	2486	3762	2674	4116
DYV	4032.0	1272.0	78	1
4089	1320	4064	1205	4176	1364	3800	1199
YDO	2351.0	3161.0	251	1
2404	3445	2396	3199	2547	2976	2058	3027
YOV	2885.0	3020.0	38	1
2866	2974	3047	2854	2691	2867	2939	3385
NLN	4158.0	4139.0	32	1
3974	3990	4188	3982	3981	4430	4490	4155
RZF	4209.0	1708.0	110	1
4307	1698	4294	1992	4267	1471	3970	1672
NZS	2150.0	735.0	85	1
2082	785	2109	600	2304	555	2105	1001
CKD	3500.0	2685.0	278	1
3685	2530	3718	2956	3428	2715	3170	2539
KTB	2303.0	1213.0	43	1
2553	1030	2092	1314	2424	1157	2143	1352
YFW	3331.0	1785.0	251	1
2961	2031	3471	1693	3422	1701	3473	1718
KOQ	4080.0	2223.0	297	1
4011	2095	4023	2416	4164	2322	4125	2062
MFB	4207.0	696.0	242	1
4104	895	4178	688	4314	775	4234	427
PFK	1267.0	1307.0	22	1
1283	1362	1317	1283	1284	1301	1186	1282
PAE	1231.0	1723.0	12	1
1205	1833	1341	2003	1156	1547	1222	1511
PJC	492.0	1206.0	39	1
678	1055	350	1327	658	1202	285	1241
KYJ	1544.0	1659.0	191	1
1793	1886	1344	1552	1399	1432	1641	1768
YBW	3178.0	3785.0	174	1
2912	3929	3289	3643	3143	3831	3368	3738
ALF	1591.0	4272.0	15	1
1442	4252	1746	4434	1352	4172	1827	4230
BPT	3039.0	1361.0	129	1
3036	1476	3252	994	2880	1399	2989	1578
ZJS	3920.0	3520.0	156	1
4059	3454	3923	3702	3659	3549	4042	3378
DFJ	1645.0	610.0	257	1
1829	517	1418	525	1478	821	1857	580
CQN	633.0	3752.0	216	1
440	3871	723	3602	690	3693	682	3845
IBW	1369.0	2280.0	36	1
1332	2305	1289	2063	1377	2617	1478	2137
XTX	3774.0	2005.0	239	1
3857	1918	3878	2120	3842	2198	3521	1784
BDG	2302.0	1822.0	159	1
2352	1693	2479	1903	2194	2068	2186	1625
TMB	2864.0	4413.0	179	1
2744	4309	2867	4117	2854	4627	2993	4599
CEG	1741.0	3623.0	297	1
1458	3525	1971	3592	1580	3722	1957	3653
YLI	4493.0	523.0	13	1
4629	536	4423	566	4424	654	4496	339
XZX	2960.0	2167.0	248	1
3009	2194	2815	2080	3004	2125	3014	2272
ROR	807.0	4068.0	116	1
959	3946	675	4097	912	4161	682	4068
NJT	2871.0	2460.0	179	1
2711	2521	2995	2431	2681	2431	3097	2459
QQW	432.0	3235.0	177	1
228	3210	161	3421	632	3196	710	3114
BGA	1042.0	780.0	178	1
1279	581	885	648	1068	945	936	948
KLL	3487.0	1315.0	175	1
3341	1289	3510	1459	3560	1141	3539	1374
RER	2636.0	2342.0	254	1
2675	2145	2647	2334	2661	2355	2564	2536
EXN	3461.0	4162.0	195	1
3570	4136	3390	4129	3365	4165	3521	4220
FWH	3471.0	4319.0	75	1
3196	4287	3630	4344	3521	4253	3538	4394
POO	2200.0	4224.0	120	1
2211	4271	2030	4315	2227	4188	2335	4124
YZT	3790.0	430.0	150	1
3685	588	3929	277	3706	471	3842	385
YFM	3106.0	559.0	297	1
2945	576	3202	355	3146	718	3132	588
DQT	1853.0	3095.0	159	1
1748	3343	2001	2900	1812	2880	1851	3259
VCV	2269.0	418.0	162	1
2247	313	2256	295	2244	531	2329	536
HSB	2826.0	3542.0	261	1
2934	3591	2764	3556	2771	3429	2836	3594
UKJ	1918.0	2118.0	133	1
2132	2098	1818	2058	1797	2141	1926	2177
CWV	4223.0	2787.0	178	1
4112	2696	4192	2655	4537	2955	4054	2844
UNH	675.0	2992.0	54	1
764	2876	640	2974	449	3088	849	3031
WFT	4445.0	2518.0	38	1
4470	2597	4661	2518	4240	2574	4411	2386
JRE	847.0	2483.0	274	1
793	2567	772	2731	895	2181	930	2455
DBE	4324.0	3204.0	209	1
4568	3309	4112	3259	4530	2979	4088	3270
