ZAI	2582.0	2219.0	69	1
2698	2368	2532	2135	2689	2248	2409	2126
SXH	4082.0	3884.0	135	1
4099	3781	4255	4149	3967	3947	4007	3659
QTW	2774.0	4380.0	13	1
2907	4461	2929	4567	2622	4273	2639	4222
IDW	2446.0	1309.0	12	1
2752	1493	2281	1291	2556	1283	2197	1171
KZN	3916.0	1599.0	6	1
4017	1605	3657	1554	3948	1562	4045	1675
SIG	4447.0	1704.0	230	1
4298	1614	4562	1705	4586	1867	4343	1631
YAE	2331.0	2867.0	9	1
2512	2942	2525	2963	2090	2590	2200	2975
GGZ	2014.0	2148.0	16	1
2008	2121	1984	1942	2194	2254	1870	2276
GNJ	2305.0	3479.0	115	1
2146	3350	2405	3338	2097	3457	2573	3771
LXX	2130.0	1012.0	88	1
2098	1117	2051	776	2432	993	1939	1165
YDZ	1353.0	3443.0	248	1
1624	3252	1228	3422	1205	3479	1358	3620
XEA	3444.0	3285.0	35	1
3432	3198	3525	3429	3288	3316	3533	3198
VFD	1127.0	737.0	198	1
1210	782	1141	494	1134	887	1025	787
ENK	1202.0	2982.0	125	1
1150	2845	1190	3096	1202	3128	1268	2862
JWH	4270.0	2414.0	37	1
4075	2115	4438	2389	4268	2537	4302	2615
LQF	4197.0	1072.0	201	1
4224	1295	4224	1159	4184	920	4157	914
AHG	3904.0	936.0	102	1
3994	1023	4090	1034	3621	682	3913	1005
OZT	785.0	1046.0	39	1
608	1112	939	1124	669	1064	924	887
JNJ	451.0	2033.0	216	1
406	2118	338	2104	404	1952	657	1959
TIQ	1355.0	3931.0	131	1
1486	3756	1161	4184	1328	3649	1448	4136
SPN	1063.0	2365.0	208	1
1002	2351	857	2475	1033	2127	1363	2510
FQV	3736.0	468.0	140	1
3778	625	3652	293	3937	423	3579	532
WND	601.0	1507.0	289	1
690	1401	654	1584	543	1429	520	1616
LHZ	3343.0	3676.0	33	1
3585	3442	3414	3983	3158	3771	3216	3510
MLQ	2055.0	1745.0	138	1
1930	1639	1879	1712	2118	1937	2295	1695
ILA	3396.0	741.0	235	1
3474	750	3483	683	3427	669	3203	862
NBZ	4468.0	985.0	185	1
4670	1150	4256	820	4504	983	4444	990
AME	2001.0	1373.0	292	1
2133	1287	2194	1323	1685	1563	1992	1321
ZEZ	3022.0	1155.0	181	1
2873	967	2913	1392	3250	1061	3052	1202
VND	3781.0	3430.0	181	1
3738	3523	3700	3360	3731	3591	3956	3246
SCX	1597.0	674.0	156	1
1790	864	1532	464	1524	836	1542	534
IAN	3292.0	1955.0	69	1
3389	1858	3406	2077	3426	2023	2947	1864
BGA	4088.0	1821.0	291	1
4054	1992	4188	1677	3834	1876	4276	1740
SCJ	532.0	3499.0	76	1
726	3460	448	3341	431	3564	523	3632
RZU	2639.0	800.0	283	1
2813	809	2575	766	2624	931	2547	697
ATL	690.0	2920.0	277	1
766	2616	662	3120	693	2828	642	3118
VMZ	283.0	4374.0	68	1
371	4038	175	4600	237	4238	351	4621
SOY	1414.0	394.0	67	1
1289	443	1666	295	1274	397	1430	442
GCF	1535.0	1132.0	287	1
1438	957	1492	1339	1535	1191	1675	1043
JWW	957.0	1374.0	11	1
1104	1483	868	1393	845	1181	1013	1441
UZR	850.0	3392.0	186	1
814	3203	807	3434	882	3528	900	3403
JCH	4167.0	3059.0	111	1
4162	3269	4408	2910	3996	2847	4103	3210
JVM	2886.0	2941.0	48	1
2892	3016	3015	2865	2696	3023	2943	2860
DXE	2705.0	1794.0	72	1
2686	1654	2705	2003	2777	1653	2652	1869
WXI	2301.0	4035.0	169	1
2094	3941	2421	3972	2196	4239	2494	3989
HVQ	3251.0	2515.0	46	1
3151	2230	3282	2758	3419	2733	3153	2341
QJO	3496.0	1643.0	226	1
3466	1570	3465	1881	3531	1590	3523	1532
TTW	731.0	4040.0	91	1
651	3770	655	4121	699	4103	919	4166
RGQ	1574.0	1925.0	248	1
1553	1797	1684	2217	1449	1781	1612	1907
MAX	1862.0	4081.0	119	1
1832	3927	1818	4212	1828	4093	1973	4095
