BBA	1386.0	1861.0	324	1
1216	1775	1384	1886	1617	2140	1329	1643
VSL	3948.0	2546.0	270	1
3682	2640	4087	2398	3901	2436	4125	2713
ECW	4155.0	3458.0	256	1
4042	3233	4008	3241	4388	3657	4184	3704
YMC	1747.0	4433.0	448	1
1936	4530	1589	4585	1675	4389	1788	4230
HNL	2053.0	1912.0	412	1
1890	2099	2110	2104	1955	1667	2260	1778
ODO	3927.0	852.0	357	1
3743	1088	3866	826	4006	692	4093	805
YKN	1246.0	2456.0	479	1
1223	2467	1187	2338	1180	2522	1396	2497
PNS	1979.0	2327.0	203	1
1629	2340	2155	2482	2091	2127	2044	2361
BQS	2026.0	3106.0	368	1
1763	3303	2122	3272	2013	2899	2206	2950
VXD	3123.0	2954.0	385	1
3299	2821	3104	3107	3296	2996	2793	2894
EFB	1218.0	4112.0	200	1
1403	4356	1278	4169	1068	4087	1124	3837
DTH	341.0	2975.0	228	1
286	2856	363	3233	277	2912	440	2900
GJH	900.0	2588.0	257	1
1110	2423	642	2402	830	2773	1020	2755
CBF	1008.0	752.0	367	1
796	637	1003	690	1082	699	1153	982
QAH	1014.0	1152.0	297	1
1007	1303	845	1091	922	1158	1285	1059
SOE	390.0	4130.0	214	1
558	4304	320	3907	294	3963	390	4346
BNN	859.0	3357.0	275	1
874	3281	759	3597	1174	3300	629	3253
ZBJ	4308.0	660.0	455	1
4161	874	4426	441	4182	577	4464	749
LND	3575.0	580.0	276	1
3605	485	3505	648	3486	585	3705	602
ISP	2666.0	2784.0	379	1
2768	2843	2396	2905	2789	2704	2714	2687
FNL	2924.0	3786.0	252	1
2707	3825	3103	3532	2954	3707	2934	4081
DFO	2420.0	280.0	318	1
2451	404	2388	138	2257	326	2585	254
HFW	4458.0	1667.0	361	1
4537	1574	4651	1605	4291	1730	4356	1759
MLX	2407.0	886.0	227	1
2455	769	2312	1049	2342	1007	2520	719
MIY	3818.0	4077.0	259	1
3847	3898	3739	3818	4009	4294	3677	4300
PVN	2303.0	3779.0	215	1
2477	3810	2353	3820	2377	3635	2008	3851
OGZ	1717.0	430.0	230	1
1669	153	1597	697	1893	625	1712	248
FFH	1628.0	3740.0	449	1
1800	3610	1535	3910	1585	3937	1594	3503
GDS	3720.0	3590.0	245	1
3847	3549	3975	3490	3445	3664	3614	3660
DJS	633.0	2084.0	210	1
943	2135	430	2089	602	2119	560	1994
EWW	3543.0	1874.0	356	1
3354	1652	3623	1876	3560	1910	3635	2061
SQZ	2575.0	1202.0	337	1
2751	1471	2414	1122	2353	1091	2785	1126
BFR	3093.0	1736.0	238	1
3178	1763	2964	1591	3067	1765	3164	1827
ZPH	384.0	2583.0	490	1
371	2420	459	2676	363	2484	343	2754
JLC	3254.0	1928.0	362	1
3211	2031	3279	1872	3292	1920	3234	1889
FUS	3029.0	1048.0	311	1
3309	1055	3111	1176	2835	865	2861	1099
XLB	976.0	1591.0	220	1
891	1466	826	1472	1044	1899	1143	1527
RBL	4095.0	2085.0	344	1
3833	2173	3903	2155	4317	2009	4329	2006
GEK	2917.0	4192.0	339	1
2834	4161	2929	4144	2866	4169	3042	4295
AGN	497.0	1753.0	402	1
409	1977	267	1899	642	1562	670	1577
TWD	810.0	4053.0	475	1
780	3955	772	4284	1026	4015	665	3961
YHN	2368.0	4165.0	300	1
2378	4423	2080	4175	2512	3995	2502	4069
OQA	3727.0	1964.0	260	1
3692	2015	3685	2031	3806	1807	3728	2003
PYI	3153.0	2496.0	258	1
3030	2292	3172	2670	3210	2256	3202	2767
ZMG	1616.0	2835.0	326	1
1558	2859	1552	2890	1655	2945	1701	2646
JQZ	2433.0	3422.0	249	1
2631	3593	2444	3311	2235	3311	2422	3474
YKT	2713.0	4470.0	346	1
2746	4653	2742	4578	2660	4188	2705	4462
LJK	3451.0	3244.0	327	1
3510	3126	3522	3202	3574	3322	3198	3327
PTK	4439.0	2895.0	498	1
4449	3222	4588	2780	4239	2666	4483	2913
BPA	1615.0	3315.0	366	1
1696	3359	1435	3232	1730	3398	1600	3271
