RFH	889.0	1198.0	265	1
794	1228	786	1159	856	1221	1123	1186
PCQ	698.0	2570.0	262	1
800	2639	607	2586	803	2258	584	2800
SIV	617.0	1254.0	143	1
566	1454	754	1193	570	1127	578	1244
XPP	4181.0	1150.0	119	1
4057	1085	4308	1078	4424	1275	3938	1164
RUG	2507.0	1015.0	75	1
2288	948	2593	983	2840	1205	2309	924
WIZ	1016.0	2409.0	193	1
1121	2343	1032	2501	913	2528	999	2267
JHA	2262.0	3043.0	186	1
2358	2967	2086	2995	2379	3173	2227	3038
DGL	3243.0	2831.0	22	1
3321	3006	3192	2616	3326	2955	3134	2747
KYG	1276.0	4152.0	70	1
1348	4057	985	4102	1300	4159	1473	4292
XSP	3587.0	3657.0	89	1
3572	3785	3437	3553	3714	3493	3625	3797
DQS	2515.0	3340.0	238	1
2556	3269	2381	3170	2493	3590	2633	3334
DBT	3980.0	3232.0	180	1
3824	3118	3981	3356	4110	3265	4006	3190
MAM	3284.0	1250.0	75	1
3542	1384	3190	1273	3018	1376	3389	968
HSS	3334.0	2382.0	30	1
3275	2489	3239	2589	3504	2261	3320	2189
ZGE	3815.0	1678.0	183	1
3939	1818	3674	1712	3671	1741	3977	1443
ECE	3140.0	4241.0	88	1
3255	4156	2973	4468	3225	4214	3110	4128
OYH	3779.0	512.0	65	1
3899	670	3704	587	3809	425	3705	367
KIV	1026.0	3677.0	257	1
1157	3500	1102	3564	1054	3796	793	3849
NWF	2210.0	3943.0	213	1
2219	4113	1866	3830	2353	3832	2404	3998
DHO	2733.0	2568.0	245	1
2893	2785	2722	2624	2727	2464	2590	2400
QCB	1098.0	3337.0	157	1
1073	3456	1239	3362	1167	3330	913	3201
WQQ	3945.0	3846.0	258	1
3878	3854	4085	3908	3947	3762	3873	3862
DUT	3704.0	2726.0	72	1
3769	2506	3759	2758	3675	2749	3615	2891
BHN	900.0	1880.0	185	1
1150	1780	802	2054	1072	1815	579	1872
NPC	1652.0	669.0	97	1
1747	587	1856	745	1539	837	1467	508
VAE	1678.0	2812.0	188	1
1614	3052	1650	2672	1979	2830	1472	2694
QOO	1863.0	4203.0	41	1
1691	4184	2011	4210	1669	4238	2084	4181
MNJ	4278.0	2723.0	241	1
3963	2449	4416	2821	4493	2895	4242	2729
FAR	4100.0	438.0	222	1
4012	500	4036	507	4169	534	4184	214
ZYU	293.0	3079.0	137	1
113	3086	628	2977	125	3094	306	3162
QAA	3360.0	1447.0	95	1
3370	1500	3336	1481	3266	1421	3468	1386
KBS	3046.0	3372.0	273	1
3121	3643	3162	3641	2846	3094	3057	3110
VBF	2589.0	4216.0	176	1
2435	4139	2763	4451	2533	4317	2628	3957
TSA	690.0	704.0	153	1
648	479	855	784	535	971	725	583
IPT	1696.0	3977.0	65	1
1793	3708	1734	4147	1705	3995	1555	4060
RXT	3762.0	937.0	101	1
3657	826	3881	940	3962	993	3551	992
NDU	3747.0	4269.0	53	1
4037	4129	3565	4360	3736	4171	3652	4419
BRN	3176.0	893.0	288	1
3241	889	3231	911	3234	843	2998	930
SQF	2042.0	2452.0	30	1
1786	2600	2184	2349	1883	2522	2318	2337
LHE	1077.0	2762.0	282	1
1341	3029	959	2844	970	2531	1041	2646
ENK	2371.0	1448.0	86	1
2215	1745	2534	1349	2486	1410	2252	1289
BMA	1624.0	1439.0	136	1
1529	1535	1858	1282	1509	1373	1601	1568
TZM	3015.0	429.0	272	1
2935	581	3195	335	2884	367	3048	433
QHE	1316.0	2125.0	258	1
1380	2363	1329	2271	1342	1909	1214	1958
DPE	540.0	3291.0	202	1
423	3394	360	3224	737	3315	643	3231
HQG	1453.0	3196.0	293	1
1454	3173	1375	3419	1487	3127	1496	3067
YYN	2049.0	815.0	227	1
1872	746	1916	840	2142	1015	2266	659
HMK	351.0	697.0	226	1
198	715	308	805	370	413	528	857
RTD	1015.0	691.0	97	1
1141	753	923	713	1028	582	971	718
RMX	1424.0	1201.0	118	1
1480	1051	1490	1366	1467	1294	1259	1096
