HYJ	325.0	2033.0	244	1
244	2090	274	1886	319	2049	465	2107
XRB	2389.0	2341.0	464	1
2044	2323	2407	2342	2556	2145	2549	2554
SLV	4019.0	1194.0	462	1
4268	1351	3890	1382	4025	1015	3896	1031
KPJ	932.0	3888.0	349	1
1092	3523	872	4028	815	4005	952	3998
ZTX	2995.0	1448.0	341	1
2932	1660	2772	1320	3301	1585	2977	1228
BWK	720.0	3049.0	200	1
819	2848	750	3279	398	3178	916	2892
VEU	496.0	744.0	207	1
632	755	353	895	304	668	695	658
SBU	1550.0	1779.0	270	1
1513	1865	1433	1663	1584	1986	1673	1602
JNG	2353.0	4185.0	414	1
2459	4109	2257	4048	2379	4280	2320	4305
MBI	1328.0	1275.0	378	1
1528	1071	1392	1582	1377	1335	1015	1114
BZM	3324.0	2255.0	401	1
3382	2366	3162	2484	3168	2052	3586	2120
VJY	2929.0	885.0	425	1
2801	1016	2861	1042	2866	667	3188	818
DRA	712.0	2556.0	481	1
727	2680	687	2656	656	2389	779	2502
SEN	2962.0	474.0	275	1
2944	623	3044	598	3034	292	2828	384
FAP	4372.0	2573.0	465	1
4394	2730	4488	2745	4084	2442	4525	2375
REY	2196.0	3448.0	477	1
2242	3765	2412	3363	2139	3313	1991	3352
OWZ	3705.0	832.0	237	1
3800	741	3809	639	3517	836	3695	1113
DSK	3151.0	2722.0	277	1
3191	3045	3161	2556	2933	2699	3321	2590
QFE	3873.0	2349.0	477	1
3858	2425	3863	2213	3962	2469	3811	2292
LVF	3263.0	734.0	231	1
3199	829	3260	762	3398	857	3195	491
RCX	4142.0	718.0	495	1
3923	717	4052	690	4220	702	4375	766
OTF	1484.0	753.0	250	1
1313	591	1718	629	1586	984	1321	811
QVP	1559.0	2429.0	371	1
1371	2534	1339	2307	1796	2655	1730	2223
OCO	2802.0	3545.0	247	1
2738	3534	2956	3677	2835	3585	2681	3384
OHO	2146.0	1782.0	368	1
2052	1830	2248	1766	2203	1742	2083	1792
FFO	274.0	3219.0	212	1
276	3146	193	3326	232	3244	396	3163
UCA	572.0	3749.0	256	1
751	3678	519	3858	336	3908	682	3553
GUX	3802.0	512.0	474	1
3836	623	3995	400	3744	449	3634	579
DRV	1620.0	4011.0	209	1
1658	3839	1488	3968	1748	4259	1587	3980
PUA	740.0	2146.0	388	1
540	2157	722	2236	755	2133	943	2059
HGC	3861.0	2891.0	357	1
4055	2774	3943	2776	3766	3086	3680	2928
CYS	3121.0	4281.0	324	1
3010	4353	3173	4082	3117	4311	3187	4380
MPW	394.0	1482.0	377	1
468	1429	456	1548	210	1384	442	1570
LAQ	3577.0	4198.0	494	1
3425	4135	3588	4141	3498	4261	3799	4256
JUB	3783.0	3544.0	322	1
3700	3431	3831	3631	3720	3551	3881	3563
UEF	4225.0	4144.0	470	1
4301	4008	4345	4332	4265	4235	3989	4001
SOT	2051.0	927.0	342	1
1907	949	2351	836	2119	1046	1829	878
GXG	3986.0	926.0	372	1
4116	956	4015	997	3953	881	3862	871
PCZ	947.0	2586.0	355	1
987	2617	955	2480	955	2674	892	2575
LKE	4264.0	3601.0	434	1
4300	3568	4445	3426	4071	3845	4242	3565
NAA	4229.0	1914.0	241	1
4161	1690	4293	2195	4120	1988	4345	1785
HFV	2193.0	2875.0	372	1
2284	2976	2044	2930	2458	2918	1987	2676
EFM	1522.0	2926.0	456	1
1276	2802	1773	2798	1732	3249	1309	2857
NFI	2239.0	439.0	467	1
2091	569	2200	600	2459	307	2207	282
SSR	2477.0	4492.0	325	1
2407	4467	2439	4365	2368	4574	2695	4563
CGC	1293.0	3540.0	418	1
1385	3591	1199	3631	1210	3385	1379	3555
GYH	3188.0	1767.0	292	1
2931	1805	3425	1664	3201	1885	3197	1715
QOW	3915.0	3802.0	434	1
3950	3754	3910	3804	3759	3931	4043	3722
SIX	3561.0	3819.0	393	1
3503	3731	3560	3743	3602	3796	3579	4009
MBM	1932.0	3622.0	237	1
1976	3843	1870	3483	1967	3676	1917	3489
