PDQ	4449.0	2792.0	145	1
4441	2730	4476	3173	4590	2616	4291	2651
PTG	3172.0	1917.0	19	1
3372	1906	2925	1908	3413	1879	2979	1978
TOM	2059.0	3217.0	273	1
1876	3213	2201	2955	1993	3329	2167	3373
MYG	1388.0	4060.0	212	1
1303	4107	1629	4033	1392	4200	1231	3903
ILB	3545.0	3938.0	234	1
3667	3923	3573	3823	3326	3965	3617	4042
AVL	3129.0	2192.0	77	1
3202	2059	3190	2179	3259	2198	2866	2333
HNP	2301.0	3869.0	171	1
2538	3981	2317	3961	2211	3815	2141	3719
JJY	2813.0	4036.0	288	1
2931	3880	3013	4112	2724	4152	2587	4001
JBK	1606.0	2819.0	19	1
1681	2983	1384	2702	1625	2747	1734	2845
GNU	2116.0	2381.0	250	1
1958	2542	2372	2353	2284	2116	1851	2515
LKY	3325.0	2199.0	37	1
3259	2289	3292	2057	3317	2112	3435	2341
WFB	1106.0	4437.0	101	1
1135	4407	930	4302	1105	4492	1256	4549
QHN	3713.0	1042.0	229	1
3845	1082	3704	901	3591	1167	3712	1021
SZI	2548.0	2967.0	49	1
2902	3069	2428	3190	2422	2780	2442	2832
CQP	4306.0	3709.0	14	1
4514	3626	4137	3662	4455	3731	4121	3818
EEK	1742.0	3552.0	54	1
1635	3494	1708	3432	1663	3699	1965	3584
EOS	509.0	4248.0	74	1
773	4396	340	4421	365	4174	561	4003
HUW	1028.0	972.0	203	1
798	1065	954	709	1161	1063	1199	1052
TEP	3408.0	3540.0	158	1
3255	3377	3606	3442	3204	3590	3569	3753
EQX	1756.0	1648.0	130	1
1478	1342	1882	1623	1740	1797	1924	1833
OOQ	2685.0	659.0	162	1
2622	397	2717	640	2668	808	2734	791
LUQ	4345.0	4204.0	23	1
4332	4007	4524	4343	4217	4149	4310	4320
QAN	4194.0	1425.0	83	1
4098	1422	4225	1303	4333	1257	4120	1721
FCY	3861.0	2827.0	181	1
3921	2697	3600	2636	3892	3046	4031	2931
DRB	1256.0	1340.0	184	1
1220	1249	1324	1451	1390	1571	1091	1090
OFD	4101.0	3366.0	27	1
4001	3195	4198	3553	3882	3517	4324	3200
DAV	1190.0	2251.0	68	1
1341	2089	1203	2312	964	2463	1252	2143
RZG	1135.0	3114.0	19	1
958	3106	1323	3054	1101	3060	1161	3238
FUT	1557.0	572.0	42	1
1408	373	1663	686	1541	490	1616	742
RLI	789.0	1953.0	4	1
529	2138	935	2008	861	1882	831	1787
YZV	3346.0	1187.0	74	1
3389	1175	3498	1267	3246	1176	3252	1130
VVU	952.0	3380.0	168	1
921	3656	747	3291	1043	3296	1098	3278
RXB	2187.0	310.0	147	1
2314	290	2088	270	2038	524	2310	159
ENY	2921.0	3563.0	93	1
3023	3301	3027	3613	2695	3679	2940	3659
VDV	1630.0	2423.0	223	1
1575	2529	1825	2333	1543	2279	1578	2554
JOD	2030.0	4417.0	140	1
2098	4578	2199	4431	1883	4286	1942	4373
ZTH	3828.0	555.0	195	1
3568	523	3919	489	4107	805	3721	405
RWX	1852.0	420.0	171	1
1950	665	1678	373	1825	325	1958	318
BHI	3077.0	1805.0	144	1
3326	1740	2993	1794	2977	1818	3014	1871
DNU	750.0	1644.0	48	1
873	1691	734	1499	798	1711	597	1678
DBL	890.0	1284.0	39	1
852	1178	743	1182	894	1409	1074	1370
TJV	3288.0	4387.0	115	1
3277	4337	3383	4423	3430	4562	3065	4226
PTI	2551.0	1696.0	13	1
2360	1814	2811	1375	2308	1843	2726	1753
WEX	2759.0	1255.0	191	1
2864	1166	2716	1219	2824	1340	2634	1296
YLB	937.0	2936.0	275	1
924	2951	1006	2876	1039	2899	782	3021
QLB	1983.0	2747.0	217	1
2049	2910	1838	2626	2008	2756	2038	2696
UBE	486.0	3365.0	294	1
737	3187	426	3519	244	3509	538	3245
LXA	3851.0	1633.0	288	1
3986	1857	3986	1389	3955	1690	3477	1596
ADD	432.0	2789.0	295	1
383	2758	434	2812	421	3035	491	2552
IIU	1952.0	1088.0	227	1
1701	1300	1846	970	2120	971	2144	1114
