RLB	1779.0	901.0	495	1
1749	699	1685	960	1673	897	2010	1051
VBT	1354.0	1689.0	344	1
1500	1557	1390	1824	1521	1680	1005	1698
WDY	424.0	2612.0	328	1
325	2546	680	2419	436	2691	256	2795
TVA	610.0	3495.0	430	1
774	3502	746	3485	354	3502	568	3493
CPO	1842.0	4195.0	497	1
1795	4414	1988	4208	2081	4091	1505	4069
KIQ	2072.0	3934.0	327	1
2117	3962	2222	3781	2130	4024	1822	3969
MRN	2818.0	455.0	441	1
2994	407	2732	433	2531	597	3016	383
HQU	2545.0	2169.0	304	1
2697	2167	2498	2034	2477	2213	2508	2265
KEU	1022.0	2662.0	426	1
1133	2724	914	2700	1148	2399	895	2827
OSI	4141.0	3915.0	232	1
3875	3677	4223	3734	4247	4170	4222	4081
KHO	2898.0	1680.0	206	1
2826	1659	2913	1646	2867	1572	2989	1846
LMI	3654.0	1418.0	442	1
3735	1422	3576	1196	3777	1480	3528	1576
FJV	1182.0	3212.0	494	1
1138	3132	1298	3047	1064	3589	1231	3081
QLQ	2889.0	3495.0	201	1
2938	3537	2737	3441	3149	3519	2735	3486
UJH	2130.0	1297.0	439	1
2159	1481	2247	1135	1999	1309	2118	1265
PQS	485.0	1426.0	343	1
688	1487	378	1340	710	1551	165	1327
QVR	2008.0	2692.0	272	1
1874	2784	2147	2812	2170	2794	1841	2378
NGU	3931.0	2682.0	305	1
4069	2452	3766	2838	3784	2508	4107	2931
XJL	1970.0	564.0	292	1
1871	535	2231	470	1769	660	2011	593
MZE	2778.0	976.0	349	1
2735	773	2883	1092	2843	822	2651	1217
JGE	1945.0	3245.0	206	1
2064	3225	1965	3372	2106	3145	1646	3239
ZQU	2098.0	2024.0	210	1
2194	2298	2016	1950	2208	1915	1976	1936
JHL	832.0	2163.0	469	1
805	2187	1023	2278	758	2209	743	1980
RGN	855.0	4239.0	235	1
523	4159	924	4224	1072	4364	904	4211
CQN	1736.0	1372.0	344	1
1500	1361	1921	1244	1928	1502	1597	1384
WKI	1011.0	979.0	486	1
990	804	968	991	1188	923	901	1200
ZBX	2891.0	3853.0	263	1
3080	3898	2843	4120	2930	3803	2714	3592
WJF	3119.0	1805.0	395	1
3000	2135	3057	1674	3180	1835	3239	1578
JMN	3707.0	3367.0	453	1
3635	3355	3855	3240	3719	3380	3621	3494
AED	3472.0	3372.0	408	1
3372	3209	3591	3561	3350	3238	3575	3480
LAO	1478.0	2496.0	320	1
1416	2343	1482	2570	1694	2704	1320	2369
IBD	3603.0	1766.0	346	1
3871	1771	3549	1676	3574	1632	3418	1987
OKE	697.0	3682.0	409	1
590	3777	893	3740	654	3516	651	3698
XNX	2011.0	1716.0	286	1
1888	1719	2239	1861	2114	1525	1803	1762
TMM	4005.0	1730.0	442	1
4073	1932	4160	1788	3914	1558	3875	1643
NAN	3704.0	583.0	340	1
3822	239	3525	591	3592	754	3878	748
OMT	2502.0	4291.0	221	1
2682	4372	2387	4466	2335	3996	2607	4332
EXC	595.0	745.0	444	1
355	481	455	949	898	558	674	992
DSA	466.0	3820.0	497	1
253	4049	481	3755	548	3834	582	3644
KXB	1730.0	2214.0	450	1
1700	2250	1611	2086	1765	2254	1846	2266
LKJ	2768.0	2608.0	494	1
2694	2751	2885	2595	2634	2467	2861	2620
FNG	855.0	4475.0	234	1
673	4402	892	4500	1147	4440	710	4558
YPK	3544.0	2351.0	385	1
3365	2283	3537	2439	3530	2459	3747	2226
OAD	4252.0	1085.0	390	1
4349	1034	4288	1204	4229	998	4142	1107
ZLI	1008.0	3889.0	291	1
1118	3874	1136	3779	1033	3982	748	3922
HQZ	1459.0	2148.0	392	1
1313	2303	1531	2029	1528	1971	1464	2289
SZU	3878.0	904.0	354	1
3823	878	3976	1017	3867	967	3846	754
NCN	612.0	3191.0	335	1
604	3467	601	3000	725	3199	521	3101
RBI	3397.0	4014.0	207	1
3366	4351	3593	3825	3368	4053	3262	3829
SDW	2792.0	3032.0	304	1
2524	3082	3017	2906	2917	3242	2712	2900
