MLD	3547.0	2066.0	46	1
3678	2189	3466	1989	3491	1904	3554	2182
TNS	2747.0	2868.0	167	1
2907	3143	2463	2740	2694	2842	2924	2749
XMM	899.0	3373.0	174	1
959	3678	956	3136	765	3375	917	3305
MUJ	2537.0	1687.0	265	1
2523	1808	2587	1589	2789	1811	2251	1543
LRS	516.0	3292.0	37	1
605	3236	518	3363	538	3465	405	3107
LNC	2322.0	4131.0	12	1
2614	4268	2361	4163	2173	4202	2143	3892
COD	713.0	1078.0	95	1
418	963	951	1164	541	900	944	1286
RIC	671.0	1652.0	85	1
870	1508	607	1532	710	1863	500	1707
UZI	4092.0	2957.0	107	1
4216	3274	3931	2867	4162	2810	4062	2877
DKG	1330.0	2524.0	200	1
1096	2255	1456	2371	1576	2782	1192	2688
EXT	3412.0	520.0	135	1
3699	503	3314	488	3157	457	3478	633
HKE	4154.0	4055.0	131	1
3958	3891	4139	4318	4478	3791	4044	4220
SZJ	2691.0	1248.0	251	1
2641	1016	2850	1409	2801	1098	2475	1472
QCV	1687.0	2053.0	161	1
1454	2092	1838	1925	1818	2235	1641	1961
DTU	1550.0	4511.0	158	1
1552	4598	1563	4466	1614	4447	1472	4536
XPP	4025.0	909.0	154	1
4149	776	4148	1086	3926	917	3880	857
ZJZ	578.0	582.0	241	1
404	581	828	404	479	527	604	816
SQD	3678.0	1401.0	28	1
3834	1232	3619	1212	3751	1530	3508	1632
XMH	1416.0	362.0	73	1
1489	227	1489	189	1390	433	1299	599
WGF	2806.0	712.0	161	1
2652	645	2724	845	2927	956	2924	403
PMT	1393.0	3266.0	185	1
1513	3336	1502	3259	1453	3135	1107	3337
SWT	3730.0	3882.0	164	1
3694	4054	3605	3677	3820	3689	3801	4110
BWR	1865.0	2825.0	234	1
1667	2799	2033	2690	1873	2699	1887	3113
FOP	3733.0	3208.0	21	1
3529	3382	3679	3089	3879	3075	3845	3287
DEV	3279.0	3588.0	77	1
3578	3654	3305	3550	3121	3411	3114	3740
YLF	1770.0	4272.0	134	1
1789	4179	1777	4287	1668	4258	1847	4366
GEI	1791.0	1546.0	152	1
1778	1800	1828	1646	1864	1404	1695	1337
QYU	3703.0	2553.0	198	1
3623	2452	3562	2591	3596	2732	4031	2438
HMX	1854.0	1146.0	180	1
1826	1072	1689	1252	1917	1183	1987	1080
YWL	3128.0	1204.0	137	1
2947	1108	3184	1372	3384	993	3000	1346
ZEE	1436.0	3599.0	264	1
1426	3461	1496	3345	1242	3860	1583	3730
CFG	1237.0	1661.0	285	1
1068	1735	1524	1627	1334	1649	1023	1634
CYN	2281.0	928.0	228	1
2144	678	2220	1136	2412	988	2351	913
ENK	4355.0	1034.0	215	1
4338	1128	4341	948	4441	931	4303	1132
KDV	3939.0	1883.0	26	1
3999	1901	3803	1891	3719	1634	4237	2108
WRS	4101.0	1376.0	228	1
3878	1490	4065	1332	4099	1226	4363	1459
TTS	1390.0	4103.0	177	1
1160	4180	1318	4137	1446	4107	1637	3988
XZI	4323.0	3201.0	199	1
4302	3091	4284	3226	4443	3204	4266	3283
WSW	2744.0	3735.0	55	1
2873	3737	2692	3766	2460	3592	2954	3846
ORU	1865.0	708.0	16	1
1830	845	1733	369	1921	804	1978	815
BGH	2907.0	4312.0	274	1
3127	4585	3031	4047	2790	4541	2682	4077
QWA	843.0	2810.0	244	1
777	2767	808	2758	771	2861	1019	2857
ELH	2247.0	2338.0	105	1
2309	2305	1958	2356	2235	2139	2487	2554
LKQ	1290.0	1258.0	68	1
1309	1371	1275	1145	1525	1419	1053	1098
RSF	4241.0	2658.0	37	1
4409	2705	4344	2780	4180	2347	4032	2803
BKP	4180.0	4439.0	266	1
4037	4590	4291	4434	4354	4360	4041	4373
XQK	2528.0	454.0	219	1
2585	694	2559	418	2504	346	2467	360
DBM	4108.0	580.0	172	1
4102	494	4163	682	3988	587	4181	560
CYO	965.0	4247.0	278	1
895	4468	986	4359	1035	4104	944	4058
YUS	529.0	4053.0	135	1
809	4164	298	4038	505	4143	505	3867
