PMJ	3325.0	4556.0	212	1
3342	4563	3233	4671	3370	4633	3355	4358
FEI	1482.0	1099.0	377	1
1491	1078	1523	1404	1395	901	1520	1013
XXD	1749.0	4224.0	216	1
1970	4478	1821	4093	1478	4256	1728	4071
VDQ	4287.0	1890.0	480	1
4254	2037	4406	1945	4160	1943	4329	1638
GFM	3635.0	2109.0	252	1
3341	2160	3915	2272	3694	1933	3593	2071
YQI	697.0	4151.0	336	1
663	4397	560	3960	751	4268	817	3982
RYG	4192.0	3583.0	476	1
3888	3597	4375	3390	4449	3651	4057	3694
JLH	2076.0	291.0	218	1
2093	154	1956	238	2174	513	2082	259
KNK	780.0	1910.0	235	1
730	1979	603	1931	699	1723	1091	2009
SYY	1654.0	2140.0	258	1
1860	1896	1790	1990	1536	2317	1431	2359
ZWI	4378.0	3077.0	201	1
4355	3345	4437	2957	4146	2942	4574	3064
CCS	2134.0	2141.0	312	1
2117	2218	2115	2139	2016	1951	2291	2257
EHX	2562.0	4240.0	469	1
2501	4240	2519	4484	2731	4193	2498	4046
CNW	2219.0	700.0	281	1
2091	601	2175	637	2113	793	2499	772
AYL	4347.0	993.0	471	1
4239	824	4207	1262	4424	865	4518	1022
XHT	4292.0	2350.0	336	1
4231	2222	4373	2303	4450	2252	4115	2625
LAA	2701.0	1817.0	356	1
2710	1689	2699	1807	2750	1932	2648	1843
DUP	3509.0	1461.0	391	1
3785	1525	3414	1323	3475	1534	3363	1462
PAR	1525.0	3862.0	418	1
1310	4027	1715	3881	1452	3691	1623	3849
IVF	1954.0	3900.0	281	1
1867	4010	1808	3958	1949	3944	2192	3691
UKT	1429.0	1666.0	310	1
1189	1722	1653	1643	1664	1612	1211	1687
RQA	2901.0	999.0	365	1
2789	1075	2907	1156	3054	861	2856	904
SQQ	1462.0	2903.0	415	1
1236	3137	1351	2701	1785	2894	1479	2883
HDG	463.0	2669.0	413	1
356	2447	627	2477	483	2807	387	2946
YHR	976.0	3335.0	395	1
967	3246	1096	3206	1105	3300	739	3588
JHC	3383.0	4047.0	381	1
3277	4036	3549	4038	3274	3916	3434	4200
ELR	2583.0	1399.0	265	1
2793	1328	2589	1386	2540	1260	2412	1623
GWN	2349.0	3365.0	288	1
2186	3150	2680	3473	2198	3262	2334	3576
JZQ	3697.0	962.0	265	1
3557	1016	3516	1231	3920	820	3798	781
HCB	3853.0	4529.0	475	1
3812	4581	4014	4535	3901	4459	3687	4543
YII	2255.0	2738.0	293	1
2081	2513	2217	2755	2371	2691	2354	2993
EUO	1066.0	887.0	395	1
963	819	1283	1054	982	957	1039	721
RBT	3520.0	3560.0	262	1
3542	3761	3396	3679	3325	3355	3818	3447
QDU	3934.0	2828.0	357	1
3852	2719	4131	2640	3861	2978	3895	2975
SHE	2672.0	3804.0	368	1
2681	4009	2746	3737	2631	3740	2631	3732
IIG	1644.0	544.0	439	1
1572	507	1712	718	1593	355	1702	597
XJC	857.0	456.0	327	1
1038	268	933	634	627	557	833	367
FYL	3088.0	2021.0	393	1
2822	2156	3039	1995	3239	1913	3254	2023
BPE	3543.0	2442.0	401	1
3559	2321	3561	2526	3463	2493	3590	2431
UKC	3794.0	4023.0	418	1
3871	3908	3847	3914	3607	4139	3854	4133
ILL	3058.0	2730.0	211	1
3050	2756	3082	2822	3095	2548	3006	2796
LZL	1148.0	4170.0	280	1
1212	4034	1181	4314	841	4087	1358	4245
QYT	2536.0	2563.0	334	1
2597	2566	2404	2444	2556	2383	2587	2860
WVJ	2920.0	3530.0	320	1
2860	3488	2863	3817	2985	3291	2972	3526
VWT	2875.0	507.0	223	1
2868	486	2779	371	2956	401	2897	770
SGU	783.0	1309.0	292	1
658	1489	514	1361	892	1220	1068	1166
ILQ	3341.0	2602.0	451	1
3419	2406	3255	2562	3339	2922	3354	2521
UNK	543.0	3815.0	386	1
599	3955	426	3625	407	3807	743	3875
PNP	1918.0	3414.0	225	1
1787	3468	1697	3616	2149	3289	2042	3283
SVE	482.0	1591.0	237	1
522	1785	272	1494	555	1595	581	1490
