NPM	1775.0	3626.0	422	1
1850	3611	1862	3774	1719	3674	1669	3446
ZWJ	2515.0	365.0	228	1
2490	347	2396	620	2723	156	2451	339
QAN	3349.0	3936.0	277	1
3356	4212	3354	3735	3504	3992	3183	3808
SBM	4273.0	2352.0	477	1
4221	2463	4512	2638	4365	2076	3994	2232
NJB	2086.0	4220.0	394	1
2065	4259	2001	4301	2228	4329	2050	3993
UHT	4014.0	480.0	319	1
4049	693	4277	235	3904	485	3826	509
ZSJ	3899.0	3494.0	473	1
3901	3520	3707	3664	3957	3605	4033	3189
NMI	2221.0	1453.0	462	1
1946	1186	2453	1673	2134	1720	2353	1236
CVK	3061.0	1486.0	241	1
2885	1367	2919	1468	3252	1729	3190	1382
GQO	1296.0	4182.0	392	1
1479	4430	1075	3925	1301	3995	1329	4378
QAV	929.0	642.0	376	1
832	867	1048	546	792	591	1046	567
VCL	3701.0	966.0	485	1
3626	709	3897	1047	3602	1023	3680	1085
ATY	3412.0	685.0	423	1
3499	868	3499	431	3458	649	3193	795
HUL	3282.0	3220.0	426	1
3276	3369	3487	2991	3105	3167	3263	3355
EJW	1004.0	2140.0	243	1
1244	2114	760	1903	953	2335	1060	2209
SID	750.0	2646.0	260	1
656	2436	932	2913	860	2623	553	2613
GLD	1862.0	1530.0	380	1
1723	1585	1940	1342	1848	1721	1937	1473
CIA	2613.0	2021.0	457	1
2377	2182	2753	1928	2746	1899	2579	2076
KNO	1899.0	2234.0	254	1
1809	2362	1979	2204	1881	1987	1929	2385
RKH	959.0	3844.0	353	1
1043	3986	1055	3877	1001	3554	739	3962
APY	2160.0	3092.0	433	1
2107	3238	2319	2893	2027	3159	2188	3080
GGG	2646.0	3283.0	248	1
2681	3380	2766	3166	2664	3077	2474	3511
MJS	1418.0	743.0	422	1
1204	932	1682	455	1282	741	1504	847
IDS	3650.0	1634.0	415	1
3798	1646	3532	1519	3510	1588	3760	1783
HON	3878.0	3970.0	474	1
3936	3925	3831	3715	4083	4201	3665	4039
AQR	2887.0	2583.0	375	1
2825	2706	2940	2391	3079	2713	2704	2523
WRT	1337.0	3505.0	211	1
1371	3522	1064	3504	1583	3392	1332	3602
JBG	430.0	2241.0	351	1
273	2288	416	2156	380	2268	651	2253
CZN	703.0	1675.0	437	1
672	1784	732	1663	685	1761	725	1494
MNA	3750.0	2942.0	204	1
3793	2870	3641	3078	3798	2970	3771	2851
HIH	1357.0	2949.0	331	1
1328	3240	1218	2667	1458	2681	1426	3211
PXX	2994.0	2153.0	473	1
2874	1906	2860	2332	3021	2286	3222	2091
VRF	1485.0	2385.0	459	1
1402	2463	1683	2310	1521	2341	1337	2427
QWB	3592.0	2287.0	385	1
3323	2066	3742	2228	3862	2487	3444	2368
NKV	3448.0	1044.0	476	1
3525	947	3315	895	3475	1218	3479	1117
NXD	1537.0	1074.0	405	1
1555	960	1437	1283	1471	966	1688	1089
RGQ	2913.0	4059.0	305	1
2727	3998	2826	4252	2957	3779	3144	4209
RAK	2592.0	1355.0	355	1
2535	1217	2625	1309	2669	1422	2540	1472
SKS	489.0	642.0	417	1
251	726	707	701	562	440	438	701
JJQ	1749.0	2910.0	270	1
1928	2730	1623	2861	1616	3082	1829	2969
UHL	2492.0	788.0	202	1
2626	693	2467	1030	2386	688	2492	744
BRH	4374.0	3112.0	470	1
4332	3216	4350	3280	4363	2955	4451	2999
EBW	934.0	1233.0	439	1
1019	1155	671	1169	966	1252	1081	1357
BTB	4124.0	2861.0	284	1
4312	2949	4276	2956	4072	2763	3836	2779
MLE	2186.0	3545.0	381	1
2039	3539	2474	3539	2061	3574	2170	3530
LAK	1431.0	1675.0	475	1
1442	1578	1475	1890	1369	1550	1439	1684
HVB	476.0	243.0	222	1
464	197	209	413	588	213	643	149
QBE	1181.0	1739.0	240	1
1340	1840	1061	1788	1156	1558	1169	1771
SCO	2088.0	2046.0	313	1
1987	1994	2074	2154	2184	1987	2108	2050
QVO	459.0	1502.0	316	1
463	1369	360	1542	578	1503	437	1597
