CCK	2596.0	3443.0	141	1
2343	3538	2861	3484	2625	3182	2557	3570
CQX	1385.0	4449.0	247	1
1563	4517	1240	4522	1489	4254	1250	4503
ITT	1532.0	3402.0	170	1
1527	3547	1415	3274	1577	3407	1611	3383
HGI	3596.0	1667.0	98	1
3754	1801	3633	1723	3692	1592	3308	1553
LEI	2797.0	2466.0	144	1
2561	2605	3036	2602	2753	2273	2841	2386
XMH	1707.0	3790.0	144	1
1542	3862	1751	3938	1535	3553	2002	3807
DOT	2980.0	381.0	137	1
3167	223	2899	229	3123	447	2734	625
EZR	1861.0	2284.0	253	1
1582	2297	1919	2138	1960	2516	1985	2185
VGV	2667.0	2071.0	270	1
2784	2172	2430	1981	2846	2177	2609	1954
SVX	4366.0	1861.0	298	1
4250	1744	4440	1711	4298	2005	4477	1985
XCC	3441.0	4237.0	232	1
3262	4111	3384	4468	3604	4277	3514	4094
JTP	2884.0	1072.0	262	1
3085	1157	2917	917	2812	1008	2722	1208
WCY	2085.0	1977.0	145	1
2296	2056	2050	2122	1902	2036	2092	1696
BEJ	2359.0	2466.0	24	1
2295	2686	2400	2375	2418	2568	2323	2235
UUA	639.0	2812.0	103	1
856	3021	705	2955	490	2485	508	2787
NWN	3170.0	3602.0	31	1
3273	3648	3297	3786	2917	3627	3194	3347
SKP	1258.0	888.0	292	1
1011	755	1316	881	1496	1041	1209	876
GEZ	4098.0	4487.0	20	1
4245	4610	4012	4441	4228	4220	3908	4677
XHS	1810.0	548.0	44	1
1945	358	2038	579	1752	481	1508	776
TGA	404.0	2527.0	127	1
459	2404	298	2607	385	2700	477	2400
RAF	987.0	3470.0	180	1
858	3234	1300	3586	842	3677	950	3385
ASN	4337.0	4100.0	167	1
4233	4177	4496	3948	4149	4184	4472	4091
RND	1143.0	3013.0	89	1
926	2765	923	3121	1403	3119	1323	3048
FSK	1934.0	2835.0	262	1
2029	3060	1782	3009	2075	2589	1851	2682
ZWX	3542.0	3126.0	107	1
3440	3032	3436	3456	3445	2988	3847	3030
BKL	3583.0	665.0	18	1
3808	815	3457	907	3745	383	3324	556
XMP	3631.0	3951.0	180	1
3679	3928	3729	4046	3604	3832	3514	4001
QNQ	4305.0	2843.0	158	1
4417	2839	4447	2770	4018	2816	4339	2948
CTN	570.0	487.0	141	1
475	699	764	311	441	604	602	334
CVU	1080.0	4013.0	30	1
1184	4053	1007	3943	963	3957	1168	4100
TZR	813.0	1261.0	262	1
822	1293	746	1233	667	1337	1018	1182
NVN	2391.0	2900.0	77	1
2448	2994	2371	2730	2468	3014	2277	2863
UTS	1298.0	1778.0	59	1
1381	1771	1114	1765	1289	1648	1409	1930
CTU	4028.0	1398.0	141	1
3835	1429	3930	1451	4150	1456	4198	1258
XGZ	3131.0	4225.0	77	1
3140	4412	3130	4016	3051	4107	3204	4366
YQK	2170.0	1250.0	282	1
2385	988	2024	1412	1994	1252	2279	1348
QET	2446.0	1361.0	232	1
2421	1430	2478	1096	2399	1324	2489	1595
SSF	3697.0	3636.0	222	1
3605	3482	3782	3700	3917	3573	3485	3792
NXO	359.0	3417.0	6	1
280	3359	463	3393	457	3272	239	3644
CGR	3868.0	2396.0	66	1
3946	2071	3823	2410	3627	2532	4078	2574
LFN	2375.0	540.0	226	1
2453	531	2468	720	2116	413	2463	499
IXD	2443.0	4078.0	115	1
2653	4251	2409	4050	2490	3885	2221	4127
KAR	319.0	4420.0	236	1
420	4436	421	4488	251	4307	184	4449
NQC	4235.0	3511.0	203	1
4118	3498	4167	3708	4489	3426	4167	3415
NFQ	3500.0	1291.0	287	1
3732	1258	3379	1131	3246	1263	3645	1515
ICG	695.0	3779.0	138	1
682	3847	697	3898	806	3631	596	3741
CVO	1581.0	1331.0	220	1
1612	1431	1774	1245	1514	1391	1424	1258
MLA	660.0	1569.0	237	1
655	1587	657	1613	643	1535	688	1541
WSS	3337.0	2682.0	74	1
3500	2826	3260	2821	3324	2443	3266	2639
IIG	669.0	3371.0	120	1
583	3325	665	3257	715	3435	716	3467
