VCZ	1912.0	3332.0	470	1
2003	3272	1721	3350	1961	3324	1965	3385
YRN	887.0	2654.0	403	1
775	2654	961	2861	886	2431	929	2673
LHU	778.0	753.0	370	1
975	611	451	945	794	868	894	591
JDM	1475.0	3973.0	306	1
1761	3936	1347	4084	1328	4009	1467	3863
LKC	2752.0	3424.0	261	1
2926	3312	2524	3310	2902	3773	2656	3301
VQN	1251.0	1497.0	414	1
1351	1390	1212	1595	1451	1477	992	1526
ICG	2642.0	2703.0	252	1
2528	2588	2583	2863	2638	2709	2820	2653
XJL	3347.0	681.0	378	1
3481	451	3128	721	3302	857	3480	695
ALI	2138.0	3946.0	420	1
1991	4056	2218	3898	2050	3772	2293	4060
TUW	1378.0	2403.0	464	1
1370	2683	1507	2422	1333	2328	1302	2181
XYG	4002.0	1982.0	296	1
4125	2088	4054	1924	3971	2041	3860	1877
PWS	481.0	1267.0	307	1
567	1101	468	1213	374	1380	515	1376
ZCE	3747.0	4092.0	470	1
3923	4337	3845	3937	3594	4031	3628	4064
GZU	2657.0	2197.0	436	1
2705	2355	2607	2253	2499	1984	2818	2199
XOA	2323.0	527.0	341	1
2343	403	2337	645	2421	598	2191	464
UPR	3303.0	3658.0	202	1
3269	3486	3453	3684	3419	3969	3072	3496
EGE	3124.0	989.0	411	1
3460	1134	2980	1011	3005	924	3054	887
DJM	3279.0	4475.0	253	1
3142	4356	3140	4380	3522	4591	3315	4576
ZYH	2621.0	3183.0	396	1
2703	3011	2750	3268	2385	3259	2648	3195
AKV	4264.0	4549.0	308	1
4068	4597	4476	4556	4282	4431	4231	4612
SYU	464.0	1633.0	409	1
368	1582	572	1604	634	1412	285	1934
PKL	1295.0	803.0	355	1
1050	838	1492	919	1324	794	1317	661
KQC	408.0	3016.0	201	1
184	2772	270	2975	495	2997	684	3320
QIH	3807.0	3163.0	239	1
3867	3078	3763	3372	3574	3171	4026	3031
EIA	4356.0	743.0	350	1
4445	967	4490	896	4491	670	4000	439
BWN	1808.0	634.0	408	1
1742	802	1843	428	1679	706	1970	602
NYU	934.0	3487.0	335	1
639	3643	879	3364	1215	3379	1004	3562
OFY	2583.0	1475.0	204	1
2525	1458	2592	1602	2421	1382	2796	1460
HGR	644.0	2291.0	253	1
511	2441	762	2331	733	2222	572	2171
PGK	3460.0	1527.0	422	1
3232	1713	3410	1546	3411	1394	3789	1458
MSJ	1493.0	1753.0	234	1
1284	1925	1250	1674	1754	1620	1686	1796
QZX	4203.0	2214.0	488	1
4333	2026	4146	2019	4206	2411	4127	2401
CWR	2952.0	2031.0	321	1
2971	2100	2851	2146	2968	1739	3021	2142
GNA	4246.0	1580.0	272	1
4122	1847	4471	1447	4002	1616	4392	1413
QOO	3744.0	937.0	277	1
3731	879	3627	1074	3758	817	3861	979
AQL	2242.0	1130.0	335	1
2288	1299	2058	919	2175	1255	2450	1050
OVV	4026.0	3632.0	460	1
3956	3739	4296	3589	3946	3669	3908	3532
IWW	1897.0	1469.0	355	1
1743	1313	1798	1506	1949	1490	2101	1568
XFE	3195.0	2966.0	453	1
3241	2744	3156	3192	2967	2888	3417	3041
CWZ	3186.0	2195.0	239	1
3172	2170	3210	2197	3200	2185	3163	2229
NOW	3234.0	1811.0	332	1
3186	1796	3498	1828	3152	1784	3100	1839
ECX	2091.0	2901.0	284	1
2054	2693	2072	3088	2085	3104	2155	2722
RGA	1049.0	1933.0	226	1
1172	1907	972	1796	1224	2001	829	2028
OPX	1114.0	4322.0	302	1
1011	4078	919	4524	1324	4444	1204	4244
FXV	2719.0	1006.0	242	1
2760	885	2630	1037	2601	1206	2888	898
JRQ	3642.0	2398.0	494	1
3848	2379	3421	2491	3575	2476	3727	2246
ZCT	951.0	3889.0	430	1
799	4060	897	3742	993	3808	1117	3948
QVZ	2096.0	2404.0	383	1
2031	2468	2302	2251	2005	2423	2049	2476
GCD	502.0	4209.0	211	1
744	4060	460	4349	607	4107	197	4323
DCV	2662.0	4430.0	251	1
2763	4400	2598	4613	2803	4284	2487	4426
