EKC	1139.0	1199.0	402	1
1029	1496	1397	1110	1092	1135	1039	1058
GUZ	2640.0	4133.0	284	1
2736	4124	2371	3988	2611	4256	2844	4164
EFW	2760.0	3729.0	487	1
2934	3500	2910	3821	2485	3741	2712	3856
UWE	3860.0	2923.0	313	1
3539	2789	4066	2890	3863	3136	3973	2877
IHN	3811.0	3604.0	376	1
3720	3776	3793	3803	3932	3359	3802	3480
GKS	3652.0	4123.0	479	1
3473	3814	3742	4382	3714	4052	3680	4245
HCX	3293.0	2110.0	207	1
3386	1954	3387	2326	3280	1949	3119	2212
IIN	1499.0	4161.0	284	1
1578	4193	1436	4366	1606	4061	1379	4026
DVL	3169.0	848.0	380	1
2994	752	3405	1143	2954	832	3324	668
GOJ	3199.0	1355.0	290	1
3557	1408	3077	1255	3050	1178	3115	1580
SCI	4357.0	510.0	296	1
4549	551	4227	424	4093	444	4561	623
UUM	1713.0	682.0	273	1
1501	551	1780	765	1902	696	1669	717
KOK	1832.0	4262.0	280	1
1681	4354	2030	4139	1779	4438	1841	4120
LWE	1089.0	3600.0	308	1
810	3396	1211	3727	1288	3601	1047	3677
UUT	2474.0	3066.0	378	1
2333	3070	2595	3002	2272	2981	2697	3213
WZW	1904.0	3789.0	206	1
1773	3678	1984	3860	2130	3868	1729	3750
PKT	1177.0	2257.0	381	1
1061	2231	989	2295	1315	2142	1346	2360
WFT	4318.0	3460.0	408	1
4582	3551	4089	3300	4243	3586	4361	3406
RCG	2720.0	2226.0	411	1
2842	2342	2507	2350	2883	2153	2650	2062
IQI	4035.0	2468.0	286	1
3956	2386	4038	2393	4159	2646	3989	2450
SZM	628.0	2318.0	401	1
471	2204	868	2213	506	2442	668	2413
XOU	2882.0	615.0	437	1
2935	612	2885	633	2844	706	2865	511
NHT	1224.0	2009.0	210	1
1401	1860	1074	1977	1043	2111	1381	2091
DYM	3011.0	3169.0	293	1
2890	3027	3159	3144	2930	3426	3065	3081
NJM	911.0	4371.0	394	1
1024	4243	871	4610	797	4461	954	4171
PCC	679.0	1068.0	412	1
589	901	801	1090	414	1180	914	1104
HPW	1597.0	3591.0	343	1
1458	3648	1508	3623	1770	3646	1654	3448
OAR	2878.0	1912.0	372	1
3007	2053	2798	1823	2839	2008	2870	1766
BAB	2103.0	1323.0	361	1
1933	1232	2018	1167	2331	1504	2132	1390
BQQ	550.0	727.0	318	1
695	895	554	441	211	896	742	676
DKL	4010.0	4133.0	446	1
3994	4011	3820	4114	4305	4180	3922	4227
UJH	1685.0	3007.0	294	1
1743	3252	1612	2859	1857	2885	1529	3034
DAC	719.0	2960.0	206	1
656	2865	587	2970	754	3025	882	2982
GGN	1297.0	763.0	420	1
1311	752	1224	538	1161	897	1492	868
KPD	1287.0	2661.0	486	1
1091	2703	1416	2841	1181	2482	1461	2619
LJA	1691.0	1977.0	455	1
1760	2099	1593	1842	1765	1790	1646	2180
KBQ	4040.0	1616.0	226	1
4131	1593	4168	1778	4007	1421	3854	1673
RMB	2096.0	2706.0	406	1
1905	2783	2318	2440	2198	2810	1965	2791
SGV	2288.0	997.0	303	1
2095	880	2603	1020	2334	934	2122	1155
UPW	2317.0	423.0	330	1
2129	178	2448	472	2436	510	2255	535
LHG	489.0	1503.0	414	1
812	1438	256	1408	432	1637	456	1529
NCQ	3145.0	3931.0	231	1
3198	4001	3029	3693	3108	3898	3247	4135
CTX	3614.0	922.0	481	1
3889	859	3551	1139	3554	571	3465	1119
XYQ	2685.0	598.0	369	1
2534	559	2582	692	2842	812	2783	332
XJB	451.0	3812.0	205	1
557	3903	488	3738	353	3596	408	4011
DZE	4440.0	2075.0	487	1
4372	2167	4591	2176	4141	2064	4659	1895
VCZ	4241.0	919.0	405	1
4034	687	4472	1030	4300	1126	4159	835
LWU	2004.0	569.0	434	1
2083	731	1907	668	1920	387	2107	493
PHE	3024.0	2737.0	392	1
3319	2815	2784	2811	2991	2507	3002	2816
SKR	551.0	1856.0	363	1
482	2076	745	1763	294	1663	683	1925
