WRQ	3708.0	1727.0	299	1
3904	1799	3611	2007	3551	1602	3769	1502
AFM	3739.0	2699.0	433	1
3578	2812	3884	2776	3534	2646	3960	2563
RPF	2396.0	2965.0	297	1
2542	2872	2469	3044	2183	3011	2391	2933
OHS	362.0	1393.0	384	1
620	1328	199	1410	433	1456	196	1379
WZS	3348.0	4170.0	483	1
3212	3849	3642	4143	3202	4315	3337	4373
DFX	389.0	3554.0	258	1
244	3710	422	3528	396	3650	494	3329
NUZ	4100.0	1335.0	373	1
4215	1300	3889	1341	4152	1384	4145	1315
FXQ	2686.0	2142.0	214	1
2643	1913	2625	2277	2672	2207	2805	2171
LRH	2691.0	1416.0	221	1
2571	1206	2520	1407	2871	1537	2805	1514
KBZ	553.0	1717.0	268	1
586	1801	537	1832	538	1615	551	1623
CQH	3089.0	3070.0	369	1
3027	3128	3098	3114	3122	3036	3110	3003
JTI	869.0	2945.0	346	1
782	3055	1104	2944	719	3011	871	2773
XUK	3205.0	2136.0	404	1
3249	2104	3209	2343	3003	2028	3360	2069
YAI	921.0	3206.0	340	1
1145	3130	862	3193	908	3316	771	3186
KQD	396.0	4215.0	251	1
502	4423	325	4169	391	4178	367	4091
LDJ	3698.0	3180.0	232	1
3660	3251	3869	3450	3720	3076	3546	2946
PKJ	897.0	3845.0	210	1
1047	3787	865	3921	863	3855	814	3818
FXZ	4079.0	3342.0	380	1
4020	3333	3950	3397	4170	3343	4177	3297
WAO	3706.0	1251.0	456	1
3686	1202	3572	1087	3712	1434	3854	1284
YII	3000.0	882.0	215	1
2799	672	3319	938	3069	841	2813	1079
TLU	3298.0	1601.0	335	1
3134	1361	3447	1816	3146	1549	3468	1681
DTX	1511.0	4296.0	469	1
1496	4151	1535	4130	1648	4560	1368	4344
KBD	1947.0	4174.0	409	1
1900	4213	1982	4188	1830	4247	2079	4048
HAV	2421.0	3891.0	208	1
2505	3667	2518	3961	2152	3930	2511	4009
FXV	944.0	2092.0	362	1
908	1994	1012	2097	788	2147	1068	2133
FIE	940.0	1437.0	320	1
1082	1501	904	1175	715	1500	1060	1575
GUS	3813.0	374.0	222	1
3982	158	3920	362	3715	377	3637	602
YGL	4164.0	2544.0	429	1
4092	2436	4194	2568	4296	2841	4075	2331
SVZ	1985.0	3408.0	485	1
1859	3325	1776	3506	2085	3317	2220	3484
LRS	1154.0	1713.0	310	1
1406	1859	941	1695	1101	1626	1171	1675
CLX	996.0	4169.0	320	1
1079	3992	994	4447	832	4011	1081	4228
KZP	2149.0	473.0	272	1
2070	613	1985	378	2145	529	2399	375
XLP	4412.0	1708.0	453	1
4306	1772	4505	1526	4484	2015	4353	1521
FJE	1948.0	2380.0	480	1
1852	2419	2150	2385	1933	2381	1860	2336
DTI	1509.0	2565.0	368	1
1475	2457	1612	2581	1453	2624	1499	2599
BZK	4491.0	2389.0	432	1
4568	2429	4530	2347	4412	2568	4455	2213
QUZ	2423.0	965.0	272	1
2364	1031	2230	1154	2538	657	2561	1019
FGP	3000.0	1702.0	239	1
2935	1651	2964	1836	3125	1595	2976	1727
BHZ	2787.0	3009.0	234	1
2901	3051	2658	2871	2688	3238	2903	2878
JDH	1702.0	3897.0	464	1
1842	3807	1733	4022	1417	3862	1819	3899
RXC	4252.0	3795.0	432	1
4095	3584	4073	3942	4628	3812	4214	3842
EJV	592.0	2762.0	281	1
679	2846	675	2729	500	2725	515	2748
YSH	1212.0	4250.0	480	1
1263	4328	1130	4172	1100	4267	1356	4234
RIN	1220.0	2118.0	341	1
1093	1905	1330	2423	1302	1986	1158	2161
UFF	423.0	468.0	434	1
690	343	437	337	248	666	317	529
EJW	3175.0	2873.0	295	1
3262	2852	3170	2741	3002	2977	3268	2924
EKT	2376.0	2500.0	372	1
2324	2517	2395	2418	2314	2634	2473	2432
LCY	1621.0	512.0	474	1
1462	639	1720	637	1646	624	1658	151
MQI	451.0	3072.0	415	1
500	3221	373	3054	259	3017	675	2997
KVM	3047.0	1181.0	309	1
2932	1264	3179	1085	3188	1262	2889	1113
