RPQ	1426.0	2291.0	416	1
1452	2587	1589	2306	1428	2150	1238	2122
DCM	1962.0	3207.0	472	1
1879	3365	2050	3311	1826	3262	2094	2893
KHU	929.0	3862.0	208	1
932	3611	850	3939	1040	3961	896	3939
FWA	496.0	3268.0	256	1
603	3319	383	3288	633	3048	367	3417
JJQ	1583.0	1756.0	206	1
1753	1730	1613	1541	1355	1798	1614	1958
PMQ	3375.0	3524.0	340	1
3230	3474	3414	3887	3283	3393	3576	3344
MOF	3857.0	2902.0	215	1
3934	3020	3747	2924	3715	2733	4032	2931
DLX	3067.0	918.0	274	1
3031	862	3105	852	3135	1123	2999	837
SAL	977.0	2317.0	225	1
1214	2491	787	2218	952	2284	957	2275
UBB	3918.0	2459.0	218	1
4131	2616	3682	2207	3689	2505	4170	2508
NPI	1378.0	483.0	477	1
1462	570	1281	402	1463	357	1308	603
ZKH	4558.0	3254.0	313	1
4646	3126	4570	3457	4496	3347	4522	3089
CYW	3052.0	3220.0	450	1
3053	3519	2957	3053	3122	2996	3077	3312
QAH	1040.0	867.0	384	1
973	685	871	1037	1210	707	1106	1042
EKE	3306.0	410.0	273	1
3436	468	3213	356	3350	452	3225	365
OXU	4254.0	4107.0	499	1
4374	4306	4442	3789	4348	4052	3853	4283
ZRO	1015.0	3242.0	204	1
1110	3035	709	3205	1168	3550	1075	3179
ZQT	2538.0	1470.0	295	1
2699	1490	2360	1538	2616	1356	2477	1497
BNS	2758.0	2677.0	414	1
2669	2734	2602	2811	2885	2732	2879	2431
AJA	3376.0	1415.0	212	1
3353	1560	3146	1305	3414	1435	3594	1360
VHX	652.0	4164.0	240	1
741	4314	418	4075	629	3963	821	4306
CVL	3693.0	926.0	457	1
3636	849	3761	876	3784	875	3594	1106
YRI	4099.0	1303.0	426	1
4146	1302	4147	1372	3915	1193	4189	1347
IHB	1338.0	4025.0	343	1
1515	3984	1231	4096	1470	4110	1136	3913
ZOE	2609.0	3337.0	392	1
2689	3399	2657	3298	2709	3290	2384	3361
TMU	1059.0	1995.0	253	1
1178	2035	974	2093	1009	1735	1076	2119
JAE	516.0	2741.0	336	1
306	2568	763	2772	546	2597	452	3030
AJI	2639.0	3649.0	346	1
2672	3487	2632	3510	2355	3873	2898	3729
XIE	3127.0	2354.0	359	1
2974	2508	2970	2448	3272	2002	3293	2458
LOM	4364.0	2446.0	302	1
4309	2389	4450	2471	4408	2446	4292	2478
UZQ	2000.0	3578.0	322	1
2142	3596	1948	3443	1757	3797	2153	3477
ARA	4232.0	3258.0	432	1
4201	3173	4235	3074	4287	3365	4205	3423
RLA	2142.0	4410.0	465	1
1838	4382	2417	4576	2270	4570	2046	4115
YPL	4375.0	650.0	426	1
4518	686	4482	843	4300	698	4201	374
WRD	2925.0	4155.0	381	1
2823	4195	2976	3907	2917	4125	2987	4394
PNL	1996.0	1503.0	263	1
1927	1346	2025	1669	1869	1740	2163	1257
BYC	452.0	3649.0	302	1
415	3783	660	3421	304	3510	430	3885
VXP	3420.0	688.0	263	1
3402	608	3494	507	3282	764	3503	876
YQT	3425.0	1849.0	387	1
3453	1797	3449	1952	3412	1856	3388	1791
AZY	3486.0	3013.0	441	1
3504	2948	3643	3003	3477	3181	3323	2920
UNX	2189.0	1053.0	298	1
2301	1139	1975	819	2357	1026	2123	1228
TPG	1562.0	971.0	363	1
1645	810	1610	685	1535	1177	1460	1215
DQM	897.0	458.0	437	1
872	520	987	444	654	395	1075	474
GZH	2160.0	2282.0	283	1
2450	2075	1914	2530	2260	2079	2016	2447
IJI	1685.0	2767.0	374	1
1679	2633	1819	2632	1627	2770	1615	3033
PXA	577.0	690.0	237	1
442	718	744	591	561	767	564	684
SDV	870.0	1299.0	257	1
863	1190	669	1309	961	1272	988	1427
OSV	2615.0	3044.0	265	1
2564	3227	2781	3134	2374	2975	2741	2841
YGP	4006.0	3499.0	201	1
4184	3353	3897	3195	3931	3707	4012	3741
SAN	3856.0	530.0	328	1
3692	338	4024	715	3983	667	3725	403
