FPI	1775.0	1735.0	363	1
1907	1890	1479	1781	1837	1555	1878	1717
XFY	2535.0	4058.0	385	1
2477	3869	2637	3989	2400	4187	2628	4189
ORW	2107.0	3707.0	489	1
2038	3842	2162	3477	2046	3951	2182	3559
NBS	1244.0	1024.0	365	1
1117	813	1497	940	1346	1272	1018	1074
KOR	3829.0	2041.0	349	1
3777	2090	3726	1842	3718	2294	4098	1938
KBT	4145.0	1665.0	368	1
4229	1720	3957	1800	4201	1587	4194	1555
URN	4446.0	3236.0	399	1
4593	3281	4517	3437	4213	2913	4462	3314
ZKU	518.0	610.0	475	1
368	733	768	611	471	404	465	692
TSD	2458.0	3161.0	302	1
2239	3055	2542	3050	2456	3328	2596	3214
HJH	618.0	1188.0	417	1
398	1071	748	1271	795	987	531	1425
AVG	1256.0	3294.0	342	1
1383	3311	1365	3184	1215	3128	1063	3553
GQQ	3760.0	3749.0	276	1
3800	3819	3634	3696	3973	3817	3635	3666
VEZ	3379.0	3319.0	265	1
3284	3262	3289	3333	3507	3479	3438	3203
HLY	3957.0	899.0	204	1
3989	998	3975	881	3799	901	4067	819
WHW	2462.0	1995.0	261	1
2261	2120	2527	1597	2294	2147	2768	2118
UTI	2794.0	440.0	214	1
2496	445	2848	741	3014	215	2820	359
ZAZ	1808.0	986.0	367	1
1527	1135	2012	753	1905	1168	1789	890
TIZ	554.0	3652.0	456	1
714	3809	360	3525	611	3699	533	3578
CDE	2752.0	3581.0	389	1
2852	3573	2574	3382	2738	3634	2844	3737
FAL	1026.0	2304.0	270	1
1043	2304	956	2020	1061	2453	1045	2442
MRJ	2776.0	2989.0	430	1
2809	2956	2852	2988	2668	3142	2777	2872
XQE	718.0	2729.0	364	1
933	2792	447	2731	666	2899	829	2497
XAA	2929.0	4222.0	356	1
2982	4441	3007	3976	3026	3981	2704	4490
XTU	2708.0	1512.0	438	1
2470	1541	2762	1528	2850	1441	2750	1539
JWA	1981.0	1602.0	206	1
2092	1572	1980	1569	1934	1732	1918	1536
XNM	3401.0	967.0	208	1
3341	1227	3554	1108	3395	822	3314	711
QRG	2072.0	2265.0	316	1
2010	2219	2061	2092	2146	2101	2073	2648
PAT	3950.0	4111.0	494	1
3772	4069	3768	4171	4252	4201	4009	4003
DQO	3785.0	3121.0	446	1
3975	3048	3510	3068	3995	3162	3660	3208
ORU	952.0	1700.0	443	1
815	1942	889	1502	1107	1735	998	1624
ZCH	3296.0	2541.0	285	1
3581	2554	3301	2607	3113	2458	3192	2546
TCL	3208.0	1658.0	247	1
3081	1727	3490	1351	3192	1748	3071	1807
HLO	2610.0	2508.0	420	1
2697	2305	2700	2620	2693	2413	2352	2696
QZN	474.0	3425.0	281	1
254	3476	651	3417	260	3444	731	3364
YBD	4380.0	1123.0	316	1
4376	991	4495	869	4088	1410	4563	1225
WRI	1769.0	3216.0	465	1
1749	3259	1906	3096	1668	3041	1755	3470
WCM	3914.0	664.0	222	1
3978	812	3970	761	3738	287	3970	798
KHX	1017.0	4311.0	426	1
1038	4252	906	4258	1077	4416	1050	4320
PPN	1656.0	4097.0	354	1
1716	4187	1853	4157	1657	3938	1401	4109
QZL	1452.0	2380.0	404	1
1149	2580	1590	2198	1576	2105	1494	2637
NAU	4012.0	2694.0	260	1
3909	2812	4009	2765	4148	2412	3983	2789
SLO	1808.0	2368.0	352	1
1682	2573	1937	2420	1928	2297	1685	2185
CKT	1945.0	2842.0	232	1
2148	2894	1933	2843	1687	2789	2014	2845
XLJ	4440.0	2323.0	441	1
4565	2529	4508	2540	4210	2154	4477	2072
VDQ	1880.0	346.0	326	1
1984	180	1688	226	1891	432	1957	547
DOH	4007.0	4493.0	498	1
3861	4585	3764	4652	4238	4299	4167	4438
EQJ	3270.0	4143.0	353	1
3143	4003	3477	4430	3345	4006	3116	4134
AIU	4352.0	3611.0	453	1
4023	3749	4368	3597	4461	3491	4558	3609
YUE	3365.0	2291.0	404	1
3342	2344	3366	2106	3392	2408	3362	2308
QDK	2511.0	985.0	470	1
2420	921	2547	1233	2780	767	2297	1020
