RQX	474.0	2795.0	114	1
690	2620	235	2813	364	3030	610	2717
UIJ	3259.0	2985.0	254	1
3232	3016	3310	3146	3130	2898	3367	2882
ABG	2210.0	1320.0	169	1
2213	1460	2284	1213	2085	1399	2259	1208
ZLX	3738.0	818.0	253	1
3927	701	3910	724	3397	994	3720	855
EYP	3728.0	3999.0	241	1
3393	4058	3944	3759	3675	4279	3903	3902
VOU	2379.0	1789.0	251	1
2556	1993	2297	1687	2432	1637	2233	1839
POU	727.0	1710.0	49	1
663	1803	926	1683	712	1824	610	1530
DTY	1537.0	1191.0	159	1
1577	963	1503	1405	1576	1258	1492	1139
LXL	2052.0	2711.0	153	1
1822	2742	2181	2817	2125	2603	2082	2682
ZMW	3712.0	1912.0	154	1
3882	1804	3524	1928	3926	1706	3518	2213
MLZ	1174.0	2690.0	212	1
1113	2890	1227	2624	1187	2718	1171	2529
IXJ	3641.0	2658.0	123	1
3761	2719	3478	2681	3431	2576	3896	2658
LTL	3852.0	3211.0	289	1
3962	3142	3777	3023	3840	3526	3829	3154
CIC	4004.0	3601.0	84	1
4109	3533	4033	3624	4023	3599	3854	3649
BCF	1649.0	2247.0	255	1
1639	2283	1599	2070	1665	2340	1695	2298
CVL	3203.0	3290.0	6	1
3093	3149	3162	3162	3147	3293	3413	3557
GVY	809.0	1987.0	285	1
883	1888	702	2086	746	1874	905	2103
AVB	935.0	3455.0	66	1
888	3459	1040	3616	720	3270	1092	3475
MSH	2657.0	1281.0	199	1
2804	1453	2731	1261	2637	1080	2458	1330
KRH	1750.0	559.0	45	1
1751	490	1771	416	1713	471	1768	860
MWZ	2531.0	792.0	279	1
2542	544	2609	996	2622	897	2353	733
BBI	1540.0	3989.0	9	1
1321	4023	1602	3878	1739	3884	1498	4171
DOO	4445.0	1867.0	209	1
4351	1936	4657	1942	4676	1616	4099	1975
KME	1270.0	1869.0	283	1
1274	1676	1080	1991	1416	1801	1311	2008
GLQ	4290.0	3714.0	86	1
4346	3524	4163	3862	4464	3784	4187	3687
FTL	3129.0	2472.0	188	1
3055	2575	3063	2373	3224	2347	3176	2593
YZP	3767.0	1577.0	172	1
3993	1665	3576	1676	3881	1566	3620	1403
DYY	828.0	711.0	107	1
990	829	602	503	620	837	1100	676
QVR	4341.0	4310.0	2	1
4300	4455	4286	4015	4622	4239	4158	4532
LCL	2854.0	3972.0	279	1
2807	4127	2826	3841	2819	3695	2967	4228
LON	1908.0	3066.0	47	1
2119	2905	1819	3079	1655	3196	2041	3087
PKU	2943.0	1817.0	97	1
2896	1850	2913	1837	2879	1942	3084	1641
DFO	2669.0	2957.0	61	1
2871	3097	2405	2965	2892	2925	2509	2842
HVI	2024.0	2239.0	223	1
1805	2171	2142	2320	1994	2225	2157	2243
ZSZ	3567.0	2947.0	73	1
3743	3076	3375	2839	3687	3114	3465	2761
JFP	525.0	4256.0	250	1
392	4277	471	4124	842	4373	397	4251
XVW	1262.0	1393.0	160	1
1093	1540	1127	1268	1449	1274	1382	1490
CAE	2337.0	3947.0	211	1
2144	4107	2522	4077	2464	3677	2218	3927
RFS	3431.0	1245.0	178	1
3724	1304	3532	1279	3273	1207	3197	1192
XGV	2736.0	4241.0	209	1
2637	4028	2701	4476	2805	4098	2801	4365
OVA	3995.0	292.0	9	1
3947	164	3961	382	4224	208	3849	414
WSM	1849.0	3661.0	266	1
1863	3568	1861	3693	1674	3874	2001	3510
RMX	4332.0	2275.0	194	1
4162	2315	4340	2006	4432	2333	4395	2447
ZJO	3828.0	1277.0	232	1
3737	1226	4002	1400	3779	1270	3794	1215
UMZ	3041.0	4252.0	11	1
3076	4386	2979	4348	3003	4257	3106	4019
LCY	1937.0	3299.0	142	1
1817	3196	2251	3401	1893	3262	1788	3337
AWO	1360.0	3558.0	124	1
1352	3506	1292	3380	1536	3580	1262	3767
QOL	1355.0	2380.0	176	1
1264	2324	1232	2558	1465	2135	1461	2503
SIB	4257.0	1449.0	180	1
4129	1599	4427	1497	4290	1450	4183	1251
ZJT	1609.0	353.0	164	1
1624	283	1667	659	1545	308	1601	164
