LAN	912.0	590.0	331	1
943	509	915	624	843	643	950	586
NZO	1121.0	2733.0	374	1
1046	2961	1004	2533	1271	2564	1163	2875
NMP	1422.0	2647.0	329	1
1619	2677	1275	2628	1347	2597	1450	2689
YUM	716.0	2019.0	297	1
580	1935	614	2076	656	1802	1015	2266
KBX	4265.0	2843.0	273	1
4174	3035	4343	2740	4212	3092	4331	2507
YVJ	3344.0	3747.0	421	1
3448	3920	3081	3766	3337	3605	3511	3698
LON	407.0	1456.0	405	1
270	1242	519	1367	161	1641	680	1575
JNY	3947.0	1054.0	475	1
3910	900	4027	1004	3929	1151	3924	1162
LCD	3146.0	1193.0	320	1
3282	1208	2861	1162	3035	1050	3406	1355
ALI	799.0	3588.0	331	1
827	3540	854	3595	785	3583	730	3635
WAQ	2440.0	594.0	236	1
2645	636	2227	721	2513	487	2377	533
PHZ	3219.0	2360.0	232	1
3220	2187	3178	2176	3241	2460	3239	2620
AXL	2365.0	2260.0	405	1
2612	2531	2325	2039	2267	2402	2259	2071
BAA	2226.0	3828.0	426	1
2422	4041	2092	3697	2305	3638	2088	3938
PMN	1846.0	3032.0	429	1
1850	3136	1851	2978	1902	2888	1783	3127
AQY	1645.0	3892.0	216	1
1460	3934	1727	3862	1794	4131	1600	3642
KLK	1907.0	615.0	218	1
2039	437	1902	683	2034	653	1656	687
HSM	3007.0	3994.0	213	1
2900	3957	2912	3939	3275	4038	2944	4042
PWU	1853.0	1766.0	490	1
1909	1472	1671	1757	1688	1895	2145	1941
PYV	2768.0	4265.0	427	1
2536	4199	2681	4361	2966	4231	2892	4272
CDP	4269.0	4150.0	483	1
4480	4011	4479	4211	4060	4328	4057	4050
BQF	674.0	748.0	452	1
787	846	501	880	715	652	694	615
VVD	1404.0	1756.0	458	1
1316	1842	1542	1671	1098	1637	1663	1875
ASQ	3760.0	3623.0	364	1
3661	3471	3860	3906	3774	3496	3748	3620
JRT	3718.0	2757.0	290	1
3890	2773	3602	2804	3881	2801	3500	2651
QRO	278.0	2928.0	202	1
247	3087	158	2833	237	2834	471	2958
REY	2870.0	696.0	209	1
2901	622	2941	542	2820	788	2819	832
QEX	2760.0	1458.0	433	1
3017	1461	2708	1459	2773	1451	2544	1464
LNR	2046.0	2986.0	243	1
1944	3188	2004	3074	1953	2911	2285	2771
ABY	3147.0	773.0	346	1
3408	651	3123	752	2961	863	3098	829
AYA	2572.0	3897.0	481	1
2596	4149	2641	3840	2586	3858	2467	3744
TBK	3146.0	3387.0	378	1
3382	3523	3335	3447	2873	3158	2995	3420
DRE	2288.0	1307.0	257	1
2382	1460	2094	1042	2460	1447	2216	1282
UDL	1027.0	4051.0	343	1
988	4268	1072	4236	992	3815	1059	3885
URB	859.0	3091.0	277	1
927	3108	942	3220	622	3165	946	2873
RZJ	1112.0	359.0	281	1
1258	208	931	442	1004	305	1258	483
VOR	3681.0	4180.0	344	1
3462	4122	3817	4334	3795	3922	3652	4342
LUY	3767.0	1852.0	491	1
3694	1812	3612	2136	3914	1671	3848	1790
CDN	4307.0	978.0	277	1
4167	1251	4337	844	4535	837	4192	982
BOP	1999.0	4329.0	354	1
1800	4321	1788	4448	2170	4181	2240	4367
BTM	1094.0	3567.0	325	1
1157	3488	873	3783	1025	3545	1323	3452
TVC	1696.0	1033.0	320	1
1680	895	1803	1149	1793	1115	1508	973
LYW	4377.0	1610.0	280	1
4179	1708	4524	1660	4237	1368	4569	1704
HZJ	2210.0	897.0	396	1
2092	1009	2448	738	2377	924	1924	919
FLV	2060.0	2476.0	291	1
2049	2374	1998	2449	2223	2690	1971	2393
CAI	2787.0	1948.0	372	1
2818	1903	2821	2122	2780	2073	2732	1696
OMU	2962.0	2694.0	309	1
2936	2956	2834	2577	3115	2828	2966	2418
LNA	3195.0	4382.0	343	1
3290	4499	2989	4112	3315	4300	3187	4619
FWO	3829.0	3014.0	291	1
3779	3066	3937	3129	3787	3058	3816	2804
PAT	3783.0	2312.0	452	1
3620	2230	3951	2395	3640	2200	3922	2424
