ZXP	3073.0	2863.0	89	1
3213	2861	3031	2765	3115	2693	2934	3133
ZCP	2010.0	4000.0	227	1
2162	3744	1887	4136	1940	3948	2053	4175
NTD	4381.0	2436.0	269	1
4530	2378	4445	2335	4388	2588	4163	2446
VHQ	2734.0	3693.0	42	1
2685	3755	2909	3701	2614	3640	2731	3676
LGJ	1941.0	1212.0	177	1
2101	1025	1799	1296	2061	1188	1805	1341
KEI	3254.0	1576.0	251	1
3495	1785	3052	1612	3323	1459	3149	1448
OSP	3213.0	265.0	110	1
3217	399	3153	223	3422	267	3062	173
YFS	4215.0	1452.0	20	1
4393	1336	4033	1613	4466	1487	3968	1374
SQP	3741.0	2798.0	213	1
3767	2644	3509	2690	3920	2936	3771	2925
UCQ	417.0	3174.0	47	1
691	3051	366	3221	201	2951	412	3476
MPO	4099.0	3113.0	178	1
4215	3012	3819	3051	4299	3336	4065	3054
VMA	1101.0	1243.0	206	1
925	1094	1325	1152	909	1166	1246	1563
JPZ	2150.0	480.0	206	1
2394	406	2042	704	1974	470	2193	340
YBI	2263.0	3211.0	101	1
2151	3121	2561	3074	2263	3457	2079	3192
XKI	3254.0	4153.0	284	1
3406	4274	3562	4293	3067	3965	2984	4082
PMV	1481.0	651.0	67	1
1484	636	1519	704	1586	569	1336	698
MUN	1334.0	4099.0	109	1
1431	4314	1123	3901	1382	4027	1401	4155
AWW	1786.0	2561.0	215	1
1629	2661	1913	2563	1778	2458	1826	2563
ZUO	4345.0	4225.0	136	1
4244	4287	4463	4052	4266	4186	4409	4376
GJL	529.0	4350.0	263	1
620	4420	648	4310	528	4597	323	4074
OOD	3042.0	832.0	184	1
3165	852	2740	652	3155	1132	3108	693
EOQ	4124.0	4000.0	171	1
4142	3743	4197	3950	4006	4173	4152	4135
SZN	2391.0	1645.0	198	1
2405	1786	2166	1532	2449	1569	2544	1696
UJD	554.0	939.0	263	1
744	1097	443	801	473	955	557	904
LNF	3689.0	790.0	115	1
3581	645	4026	964	3529	758	3620	794
PDO	1838.0	1712.0	80	1
1973	1875	1550	1500	1986	1511	1846	1964
XSJ	4593.0	795.0	133	1
4636	831	4608	600	4607	841	4521	909
HQB	471.0	2161.0	173	1
606	2157	476	2206	350	2093	454	2190
QFB	464.0	1660.0	253	1
179	1489	663	1533	651	1737	366	1881
WTZ	646.0	475.0	9	1
725	691	774	553	573	443	512	213
WWV	2923.0	2454.0	98	1
3026	2362	2763	2640	2900	2387	3004	2430
HNH	3483.0	2098.0	148	1
3664	2304	3242	1957	3585	1977	3443	2154
SMY	2968.0	2238.0	230	1
3008	2337	3215	2050	2915	2331	2734	2234
FGO	917.0	3902.0	1	1
758	4239	924	3702	1016	3842	973	3828
BJA	2634.0	4296.0	103	1
2568	4484	2664	4014	2526	4163	2779	4524
QZA	2948.0	3472.0	82	1
3193	3506	2994	3477	2958	3461	2650	3445
FPE	1961.0	2344.0	153	1
2114	2335	2108	2414	1708	2235	1917	2393
XPY	4323.0	2818.0	244	1
4541	2700	4055	2747	4169	2845	4530	2983
AHA	3540.0	3858.0	235	1
3632	3943	3494	3853	3456	3682	3578	3954
BEQ	1787.0	3347.0	52	1
2043	3458	1793	3175	1482	3577	1830	3179
LFY	527.0	1982.0	3	1
707	1922	579	2023	203	2031	619	1953
YXY	4254.0	739.0	43	1
4091	724	4436	522	4246	792	4244	921
LBF	2793.0	1578.0	87	1
2767	1520	2711	1618	2757	1564	2940	1612
RRX	3560.0	3219.0	162	1
3679	3390	3334	3072	3787	3252	3443	3165
VCY	1631.0	2217.0	130	1
1630	1993	1544	2271	1703	2233	1648	2373
QVE	3795.0	4147.0	293	1
3714	4177	3931	4185	3663	4001	3874	4225
CSY	1022.0	2459.0	135	1
1233	2329	906	2435	1090	2678	859	2395
UJT	1411.0	401.0	50	1
1298	278	1396	499	1217	392	1735	438
WFF	3612.0	1658.0	1	1
3522	1803	3817	1521	3606	1906	3505	1404
ZIR	2320.0	1180.0	243	1
2207	1334	2223	1097	2480	1066	2370	1225
