EHB	1093.0	3141.0	424	1
1081	3104	1385	3279	939	3167	968	3014
SQQ	1626.0	4380.0	272	1
1346	4116	1608	4498	1688	4401	1862	4506
VTQ	4164.0	3796.0	263	1
4125	3917	4482	3910	4057	3826	3994	3534
FLW	1909.0	1666.0	417	1
2049	1547	1777	1531	1920	2057	1892	1529
XZF	3052.0	792.0	311	1
3086	655	3040	687	3030	930	3054	896
OEA	517.0	1253.0	325	1
437	1111	408	1256	396	1290	829	1355
SEL	3969.0	1209.0	495	1
3906	1475	3778	1081	4094	1212	4100	1071
DVX	2918.0	3193.0	421	1
2752	3543	3119	3032	3017	2953	2785	3246
KNW	1356.0	1665.0	273	1
1133	1621	1265	1509	1504	1692	1525	1839
SSF	3423.0	1792.0	349	1
3541	1685	3572	2087	3282	1690	3299	1708
VTM	3448.0	3055.0	362	1
3503	3232	3563	2815	3210	3102	3518	3072
CIZ	2249.0	3655.0	218	1
2494	3560	2137	3875	2379	3501	1989	3685
JHZ	2511.0	1560.0	396	1
2330	1658	2714	1319	2557	1849	2445	1415
XWC	1614.0	2459.0	325	1
1674	2492	1472	2555	1648	2230	1664	2559
FSF	536.0	2168.0	426	1
316	1949	586	2183	476	2280	766	2261
PYW	1089.0	2123.0	258	1
1007	2311	1206	1925	967	1910	1179	2349
IMZ	2324.0	4224.0	413	1
2421	4030	2504	4258	2138	4467	2236	4144
PNF	3046.0	4303.0	250	1
2906	4206	3179	4496	3161	4064	2938	4447
LMW	2091.0	1371.0	314	1
2165	1446	1888	1244	2161	1298	2150	1499
HYH	4353.0	2976.0	207	1
4429	2861	4278	3089	4216	3200	4489	2754
LOE	3467.0	3913.0	325	1
3643	4153	3671	3708	3279	3630	3275	4161
AMW	3558.0	4430.0	296	1
3659	4473	3453	4434	3694	4381	3428	4434
TPQ	4341.0	4548.0	456	1
4447	4640	4057	4450	4537	4607	4323	4496
BSN	3040.0	2108.0	461	1
2803	2376	3240	2070	3146	2072	2972	1914
TMC	2335.0	1027.0	240	1
2195	780	2368	1182	2207	849	2573	1298
SVF	2782.0	1109.0	286	1
2786	1132	2771	932	2938	1263	2634	1111
SCO	572.0	2771.0	244	1
549	2994	693	2470	430	2769	619	2851
PAY	2280.0	398.0	424	1
2185	292	2333	349	2221	503	2382	448
EHR	4415.0	702.0	470	1
4511	788	4503	423	4124	756	4522	841
UDK	944.0	477.0	249	1
942	296	1052	501	924	570	859	544
CEV	4222.0	1883.0	352	1
4019	1736	4167	1986	4161	1997	4543	1815
IXM	3745.0	2501.0	398	1
3679	2590	3937	2326	3713	2521	3652	2567
YBR	1893.0	979.0	437	1
1748	992	1672	1067	2081	837	2072	1022
YJN	901.0	4402.0	393	1
1062	4539	886	4321	817	4550	842	4198
TKY	3991.0	3262.0	374	1
4123	3281	3828	3217	4035	3044	3979	3506
KJU	2686.0	2497.0	461	1
2512	2381	2683	2558	2884	2396	2665	2656
DOM	2132.0	2868.0	340	1
1971	2746	2323	2953	2248	2727	1989	3046
NLI	3808.0	3770.0	474	1
3695	3646	3767	3727	3794	3758	3978	3950
NAB	1306.0	3759.0	203	1
1155	3795	1488	3524	1057	3909	1526	3808
VOK	706.0	3849.0	346	1
975	3927	683	3886	566	3762	602	3823
BOF	3219.0	3821.0	367	1
3205	3818	3205	3716	3246	3815	3221	3937
DAI	1726.0	3777.0	453	1
1636	3812	1741	3642	1967	3867	1560	3790
XLJ	2462.0	2945.0	233	1
2693	2835	2348	2818	2367	3084	2442	3045
JRR	1367.0	676.0	347	1
1286	593	1361	642	1308	984	1513	487
KCH	4310.0	4180.0	428	1
4211	4178	4234	4181	4524	4436	4274	3925
RPL	759.0	3241.0	296	1
856	3450	481	3020	797	3296	905	3199
EFL	2350.0	2323.0	458	1
2311	2094	2333	2317	2474	2315	2284	2566
GPO	1429.0	2042.0	264	1
1535	2135	1435	1968	1495	2008	1254	2057
BTH	533.0	669.0	357	1
529	570	421	870	781	707	404	531
ZXB	3850.0	456.0	462	1
3868	749	4075	703	3658	175	3800	200
