GQZ	4320.0	2036.0	300	1
4470	2051	4120	1883	4213	2139	4477	2072
VVZ	3610.0	2604.0	211	1
3500	2703	3672	2710	3727	2277	3541	2729
AZJ	1368.0	1589.0	333	1
1344	1575	1409	1479	1087	1607	1635	1696
OCO	1453.0	350.0	482	1
1423	247	1360	512	1363	344	1666	297
ILJ	2312.0	3138.0	204	1
2516	3170	2250	3283	2136	2977	2347	3125
ZOQ	1284.0	3657.0	472	1
1119	3709	1431	3619	1311	3848	1275	3453
RSZ	3091.0	3911.0	397	1
3071	4073	2858	3885	3213	4023	3222	3664
BPY	2595.0	403.0	226	1
2480	326	2531	276	2547	461	2825	549
JKR	2309.0	2479.0	243	1
2168	2677	2383	2597	2271	2359	2415	2284
DUV	1828.0	3725.0	205	1
1624	3609	2034	3608	1663	3988	1992	3695
HKN	2669.0	999.0	321	1
2826	1114	2654	880	2523	713	2674	1292
TSO	687.0	529.0	485	1
559	519	509	630	843	746	837	222
TOO	4040.0	2710.0	235	1
4330	2547	3854	2674	3946	2908	4031	2713
LKY	3748.0	3923.0	252	1
3840	3918	3810	3655	3824	4146	3520	3975
DWK	600.0	3426.0	366	1
767	3347	590	3277	282	3785	761	3297
ITI	1502.0	3119.0	380	1
1550	2839	1253	3290	1677	3020	1529	3327
GLE	2938.0	1767.0	498	1
3125	1840	2742	1655	2654	1726	3231	1849
UQZ	3755.0	973.0	438	1
3924	917	4037	826	3514	1031	3545	1120
XMQ	2288.0	1023.0	290	1
2249	1157	2325	848	2317	1083	2262	1004
JXW	3574.0	2021.0	242	1
3441	1883	3743	1914	3617	2127	3497	2163
MUL	4313.0	2192.0	468	1
4229	2239	4437	2193	4556	2150	4030	2187
JQX	894.0	2305.0	221	1
758	2162	1237	2538	876	2289	707	2231
SNX	1549.0	4288.0	434	1
1872	4314	1408	4453	1452	4365	1465	4022
TUL	3764.0	3268.0	237	1
4073	3191	3641	3340	3738	3363	3606	3181
RPP	1682.0	1181.0	495	1
1699	1238	1440	978	1667	1280	1925	1229
JNQ	4116.0	1519.0	209	1
4258	1695	4005	1668	4252	1499	3949	1214
OAG	3794.0	589.0	365	1
3883	667	3586	212	3833	727	3874	752
HUB	3205.0	1001.0	331	1
3189	1198	3127	943	3140	845	3366	1018
LCH	4126.0	4252.0	490	1
4213	4390	4154	4297	4268	4210	3871	4112
KIY	1497.0	1824.0	288	1
1352	1882	1756	1776	1518	1885	1362	1754
BCQ	417.0	2376.0	359	1
424	2554	259	2216	628	2364	359	2371
NJB	3273.0	3098.0	318	1
3093	3237	3134	3034	3304	2965	3564	3156
YVA	2501.0	2426.0	396	1
2497	2385	2476	2742	2473	2350	2561	2229
XSN	1652.0	2469.0	233	1
1616	2469	1677	2554	1624	2330	1691	2523
AWR	1029.0	4294.0	233	1
1014	4349	960	4246	999	4263	1144	4321
KNQ	920.0	3636.0	463	1
1046	3607	809	3934	975	3514	852	3492
HYK	833.0	1605.0	415	1
953	1539	566	1702	951	1399	865	1780
RKB	2828.0	2800.0	280	1
2943	3064	2617	2608	3034	2968	2718	2560
ZGP	1485.0	2438.0	376	1
1386	2226	1391	2438	1561	2599	1602	2491
MZQ	1990.0	729.0	326	1
1706	645	2263	827	1766	694	2225	752
KRW	2018.0	1824.0	424	1
2187	1788	1784	1999	2015	1793	2089	1716
UTP	395.0	1889.0	446	1
474	1847	385	1864	586	1894	135	1954
PIF	778.0	4117.0	228	1
855	4149	944	4004	455	4351	858	3966
CNC	3156.0	441.0	235	1
3283	183	2857	470	3340	501	3145	613
XHS	2398.0	4429.0	494	1
2307	4534	2478	4088	2598	4497	2209	4597
MXN	1299.0	929.0	359	1
1299	1102	1256	747	1292	999	1351	871
YTD	3360.0	3791.0	272	1
3335	3625	3416	3990	3394	3641	3297	3910
YWC	3549.0	1782.0	426	1
3723	1796	3426	1794	3412	1747	3637	1792
IUH	927.0	3199.0	213	1
696	3264	1128	3068	1038	3234	847	3231
BSB	2409.0	2050.0	468	1
2564	2074	2504	2114	2348	2092	2223	1920
