EFR	1442.0	3590.0	88	1
1745	3621	1197	3732	1469	3373	1358	3635
OBW	4402.0	2615.0	290	1
4385	2934	4389	2429	4204	2685	4630	2414
PIZ	3791.0	2378.0	47	1
3744	2311	3879	2637	3931	2328	3612	2238
FHP	1977.0	3537.0	204	1
1924	3593	2151	3311	1755	3709	2080	3536
NPB	1380.0	647.0	30	1
1445	621	1569	558	1509	658	999	753
LBK	550.0	1266.0	281	1
438	1111	615	1411	379	1156	768	1386
LWL	3313.0	1174.0	260	1
3163	980	3554	1374	3137	1363	3398	979
ZWD	2937.0	3261.0	1	1
2906	3545	3061	3206	2734	3015	3048	3281
STD	3119.0	1711.0	226	1
3224	1423	3173	1973	2974	1767	3108	1683
YIQ	4115.0	1134.0	59	1
4206	1275	4197	1287	3808	969	4250	1006
WTM	1489.0	1374.0	261	1
1366	1237	1379	1467	1427	1580	1784	1212
KMC	1487.0	2356.0	214	1
1482	2208	1340	2592	1530	2509	1596	2115
QFM	2389.0	3063.0	271	1
2498	2832	2223	3076	2504	3167	2334	3179
YGP	1513.0	4029.0	114	1
1538	4117	1512	4109	1464	4067	1539	3826
LLA	3299.0	686.0	110	1
3597	978	3448	467	3020	807	3131	493
HYE	825.0	2707.0	175	1
788	2857	913	2505	714	2653	886	2815
AYB	740.0	1963.0	195	1
801	1996	785	2145	638	2070	738	1641
USI	4143.0	3435.0	21	1
4156	3306	4081	3269	4258	3613	4079	3554
VDA	1911.0	3191.0	288	1
1723	3058	2090	3187	1890	3293	1943	3229
TRY	4415.0	1953.0	296	1
4415	2002	4427	1812	4484	1857	4334	2143
APS	629.0	945.0	270	1
603	1055	564	814	597	934	752	978
MPY	3212.0	2547.0	10	1
3385	2378	3252	2386	3098	2478	3114	2949
BNA	2562.0	2746.0	284	1
2628	2635	2506	2749	2265	2790	2852	2811
ISJ	4507.0	3784.0	8	1
4641	3799	4580	3672	4461	3619	4348	4046
HMD	451.0	2249.0	94	1
612	2247	261	2310	584	2199	349	2242
VOA	2249.0	1428.0	235	1
2074	1259	2501	1310	2317	1552	2107	1593
HPR	1078.0	801.0	167	1
970	770	1193	918	857	757	1295	762
UNO	2762.0	947.0	56	1
2743	904	2580	873	2787	1028	2938	985
IFR	2162.0	1958.0	293	1
2093	2004	2286	1825	1929	2038	2343	1966
CCD	4118.0	2716.0	176	1
4084	2838	4067	2866	4177	2368	4145	2792
SJD	1998.0	4050.0	220	1
2197	3976	2076	4207	2013	3808	1706	4210
ZEC	4202.0	1574.0	13	1
4244	1657	4013	1502	4143	1418	4409	1722
ZNK	3287.0	2111.0	33	1
3428	2303	3161	2022	3490	2057	3069	2062
NJO	4098.0	4325.0	9	1
4042	4635	3856	4052	4157	4142	4339	4472
RIY	1289.0	4382.0	117	1
1082	4273	1431	4178	1455	4553	1191	4527
AKU	3650.0	2975.0	250	1
3739	2996	3534	3153	3502	2842	3825	2910
ZUS	1088.0	1772.0	174	1
977	1821	1153	2035	959	1673	1264	1561
RFL	3497.0	3427.0	28	1
3676	3314	3462	3601	3383	3433	3467	3363
OMH	2551.0	3918.0	242	1
2393	3773	2826	4020	2566	4061	2419	3818
RIT	2691.0	592.0	164	1
2552	639	2524	268	2839	786	2849	675
CTC	456.0	3570.0	290	1
297	3564	534	3522	334	3519	661	3678
BUX	976.0	2355.0	75	1
1017	2458	974	2149	958	2404	957	2412
NLU	3678.0	1572.0	143	1
3718	1698	3626	1423	3662	1564	3708	1605
GCS	500.0	3947.0	155	1
433	4052	319	3787	472	4011	776	3939
TJM	2704.0	2093.0	241	1
2480	2108	2872	2047	2635	2345	2830	1874
QFZ	4462.0	1182.0	273	1
4456	1120	4552	1144	4452	1213	4389	1253
WJE	577.0	3198.0	135	1
701	2925	429	3356	659	3361	522	3152
LDR	886.0	578.0	77	1
919	649	824	733	986	308	818	623
MPI	3116.0	354.0	213	1
3204	416	2970	326	3051	242	3239	435
ZXR	3926.0	695.0	62	1
3910	639	3928	555	3799	844	4067	745
