DKK	1497.0	794.0	232	1
1357	963	1376	897	1566	729	1692	587
OOL	3218.0	1462.0	403	1
3429	1528	3104	1358	3245	1282	3094	1683
BYH	1766.0	4130.0	368	1
1763	4514	1894	4026	1573	3955	1837	4025
IYY	1011.0	4196.0	387	1
842	4182	1206	4061	1196	4049	800	4494
DHG	3815.0	496.0	453	1
3741	394	3767	416	4062	575	3691	600
MAY	3729.0	1128.0	279	1
3843	1107	3668	1188	3798	1007	3610	1212
SWY	4161.0	3524.0	279	1
3821	3479	4338	3497	4315	3441	4173	3679
RQR	887.0	1358.0	378	1
1156	1481	780	1253	559	1236	1056	1465
UHK	3771.0	4403.0	218	1
4020	4237	3655	4481	3450	4496	3959	4399
URG	993.0	2867.0	349	1
1086	2851	1089	2957	1138	2784	660	2879
HYR	2360.0	1911.0	385	1
2100	1717	2555	2007	2217	1888	2570	2035
NOL	4152.0	2225.0	356	1
4178	1932	3846	2168	4309	2454	4276	2346
PVY	3540.0	3215.0	415	1
3687	3027	3365	3387	3561	3256	3549	3193
RKU	1670.0	1549.0	437	1
1877	1614	1696	1261	1541	1551	1567	1770
OHC	3919.0	3232.0	242	1
3735	3236	4060	3222	4037	3251	3844	3219
WBH	3687.0	1626.0	450	1
3964	1829	3526	1540	3540	1716	3718	1421
GTX	323.0	4132.0	224	1
390	4159	222	4126	211	4004	472	4241
KST	896.0	604.0	250	1
1038	548	836	699	691	675	1022	496
KXP	2194.0	1542.0	315	1
2202	1457	2005	1544	2019	1638	2550	1532
MME	1327.0	2138.0	481	1
1071	2309	1356	2351	1538	1951	1344	1943
RJK	2260.0	3031.0	346	1
2411	2830	2159	3098	2116	3038	2355	3160
IVZ	2847.0	493.0	215	1
2892	696	2893	432	2647	401	2956	444
KRK	559.0	315.0	250	1
478	352	806	140	429	346	524	423
SCJ	772.0	2373.0	215	1
873	2109	546	2534	802	2473	868	2379
CCT	3312.0	2022.0	271	1
3142	1940	3445	2166	3422	1946	3240	2037
FNS	2854.0	3426.0	302	1
2796	3231	2908	3493	2936	3263	2777	3720
PBK	3387.0	2728.0	347	1
3431	2871	3551	2687	3151	2809	3416	2545
XKP	1588.0	2683.0	294	1
1734	2582	1649	2751	1284	2670	1688	2732
HRP	3645.0	735.0	328	1
3719	696	3508	903	3440	645	3913	698
YRE	1936.0	3509.0	490	1
2310	3554	1817	3554	1855	3494	1763	3435
FPK	715.0	3240.0	343	1
821	3056	776	3458	751	3328	512	3120
ERN	2034.0	434.0	466	1
2170	641	1891	344	2046	331	2031	423
KRU	707.0	3903.0	216	1
902	3942	647	3780	517	3920	762	3973
QUO	2625.0	2554.0	378	1
2544	2646	2601	2816	2953	2395	2405	2360
GLR	1876.0	2744.0	417	1
1861	2512	2021	2858	1771	2883	1851	2725
LEG	998.0	3315.0	299	1
1038	3644	920	3102	1117	3389	918	3128
CWT	3859.0	3763.0	300	1
3924	3743	3557	3699	4031	3793	3926	3817
UDP	4493.0	1673.0	277	1
4562	1778	4471	1679	4323	1606	4618	1629
ASW	2070.0	4342.0	203	1
2087	4301	2065	4443	2137	4426	1991	4200
ZCM	1865.0	2291.0	405	1
1896	2116	2044	2161	1692	2449	1831	2441
NFJ	795.0	1765.0	369	1
980	1793	920	1976	674	1573	607	1719
MEH	3143.0	747.0	401	1
3231	840	2978	594	3268	611	3098	946
QOP	3845.0	2745.0	304	1
3791	2849	3920	2951	3647	2613	4023	2570
NKJ	2951.0	4275.0	420	1
3093	4447	2885	4139	2756	4309	3072	4207
ULF	2886.0	1719.0	208	1
2991	1868	2951	1544	2927	1593	2675	1873
PWA	1868.0	1076.0	285	1
1850	1160	1860	1063	1667	984	2097	1097
QDX	4454.0	1380.0	342	1
4592	1592	4407	1394	4345	1466	4474	1069
YWA	2663.0	4041.0	455	1
2744	4201	2661	4142	2494	4036	2753	3788
XRN	3915.0	1302.0	244	1
3868	1364	3850	1231	3974	1359	3968	1255
JDS	2101.0	3777.0	203	1
2196	3796	2068	3871	1896	3585	2247	3857
