IZZ	806.0	2346.0	238	1
1002	2241	916	2480	550	2095	757	2571
CHS	1804.0	1125.0	425	1
1654	1132	1838	1296	2044	865	1681	1208
UKJ	3819.0	3349.0	314	1
3722	3472	3904	3496	3669	3091	3981	3339
ITR	3443.0	1026.0	221	1
3496	830	3467	1124	3436	1366	3373	787
DEN	491.0	3348.0	394	1
225	3213	695	3547	597	3276	447	3359
OOS	2046.0	3830.0	252	1
1841	3679	2181	3775	1968	4037	2196	3831
AQV	4285.0	3543.0	466	1
4051	3337	4053	3721	4555	3300	4481	3814
EYG	3085.0	3474.0	294	1
3055	3550	3453	3325	2943	3312	2889	3710
UYY	2636.0	1265.0	394	1
2695	1216	2375	1507	2597	1321	2878	1017
NXO	2921.0	2592.0	236	1
2782	2496	3033	2423	2875	2630	2997	2821
QAP	1472.0	1715.0	211	1
1513	1482	1349	1829	1566	1700	1462	1851
JMG	3044.0	2039.0	249	1
2961	2077	3025	2323	3146	1847	3047	1912
FGG	3098.0	457.0	213	1
2820	747	3146	531	3250	218	3178	335
UML	2298.0	1269.0	434	1
2347	1286	2255	1281	2342	1405	2249	1104
NBL	1925.0	2953.0	361	1
1776	2858	2156	2968	2067	3005	1702	2981
QFY	408.0	4088.0	232	1
323	4067	490	3924	398	4073	421	4290
IJS	3148.0	4148.0	377	1
3012	4081	3208	4261	3284	4272	3090	3979
BQH	3766.0	2086.0	431	1
3877	1896	3956	2304	3645	1987	3589	2159
FXY	3920.0	2960.0	389	1
4057	3017	3767	3064	3829	2945	4027	2814
BDT	2523.0	2050.0	417	1
2251	2280	2682	1835	2583	1821	2579	2267
NZC	1390.0	2756.0	430	1
1116	2848	1538	2457	1429	2854	1477	2867
HIZ	1455.0	493.0	388	1
1389	583	1356	310	1522	477	1555	603
WTM	991.0	4516.0	381	1
718	4458	1201	4647	828	4506	1220	4454
LEI	4016.0	4324.0	389	1
4108	4359	4026	4380	3721	4340	4210	4218
LHK	4171.0	1884.0	328	1
4003	1874	4244	2047	4341	1802	4098	1816
AKF	4018.0	544.0	418	1
3848	424	4069	308	4028	711	4129	735
NJL	1486.0	3895.0	455	1
1487	4046	1613	3739	1490	4154	1355	3643
OPE	4200.0	3188.0	353	1
4257	3036	4121	3198	4104	3285	4318	3236
XGM	1821.0	1754.0	368	1
1754	1952	1705	1893	1871	1601	1956	1572
GGQ	2575.0	3723.0	380	1
2449	3870	2489	3858	2765	3679	2597	3487
VZO	2368.0	3185.0	462	1
2495	3249	2311	3256	2529	3075	2140	3161
YSG	2182.0	882.0	425	1
2050	932	2179	938	2381	674	2118	985
IWR	886.0	931.0	225	1
733	1212	1039	1090	788	702	984	723
RBH	4034.0	1067.0	203	1
4274	770	3883	1058	4151	1305	3828	1136
KTV	4384.0	3937.0	323	1
4136	3816	4522	4138	4532	3869	4349	3927
GSM	1381.0	1276.0	240	1
1476	916	1546	1266	1156	1477	1347	1446
GXQ	580.0	2950.0	306	1
392	3021	472	2866	822	3160	637	2755
XWN	889.0	3651.0	332	1
852	3665	857	3443	866	3801	984	3695
EKH	4295.0	2566.0	210	1
4523	2680	4154	2534	4070	2572	4434	2478
BBY	470.0	1814.0	214	1
438	1883	370	1769	302	1979	771	1628
REK	1336.0	3441.0	277	1
1284	3418	1062	3585	1491	3558	1508	3206
EKH	1669.0	4346.0	383	1
1464	4301	1715	4440	1773	4256	1724	4389
JYC	1770.0	3277.0	231	1
1918	3446	1641	3147	1698	3196	1824	3322
NLF	1063.0	4192.0	333	1
977	4422	1125	3982	1001	3997	1151	4367
CTP	3188.0	4443.0	231	1
3395	4406	2996	4425	3213	4489	3150	4453
PDX	1306.0	1967.0	253	1
1090	1886	1196	2152	1511	1890	1428	1941
NIK	672.0	561.0	244	1
546	672	734	550	565	594	843	431
YRC	3316.0	2304.0	350	1
3262	2445	3345	2390	3477	2250	3183	2133
HST	2500.0	4427.0	477	1
2505	4452	2609	4410	2416	4391	2473	4457
UHQ	1926.0	2150.0	424	1
1994	2282	1872	2225	1895	2125	1946	1968
