ELM	4283.0	4063.0	152	1
4309	4288	4216	3854	4261	4257	4349	3853
DHG	1006.0	4093.0	20	1
1227	3878	1031	4197	948	4210	818	4089
AZS	4200.0	3154.0	0	1
4134	3075	4021	3305	4383	3040	4264	3197
SME	993.0	540.0	107	1
848	400	834	337	977	813	1316	613
DOC	1706.0	2085.0	236	1
1743	2222	1439	2126	1715	2123	1929	1869
MPO	3454.0	1737.0	139	1
3359	1906	3625	1681	3408	1658	3426	1706
VAK	2674.0	4046.0	31	1
2648	4011	2739	4144	2573	4291	2738	3739
IKS	1565.0	4028.0	266	1
1555	4291	1438	3996	1635	3818	1635	4007
LTU	4021.0	2036.0	195	1
4136	1958	4191	1927	3973	2089	3786	2173
HAT	1054.0	2955.0	99	1
961	3116	1105	2915	891	2954	1259	2836
UVF	531.0	1301.0	18	1
425	1402	707	1160	457	1239	536	1406
UCP	3333.0	1127.0	278	1
3514	1086	3249	914	3436	1263	3135	1248
BAR	4482.0	2697.0	87	1
4640	2408	4450	2808	4235	2791	4604	2781
MTQ	2688.0	3170.0	108	1
2497	3136	2659	3067	2822	3216	2776	3261
MFU	4023.0	3640.0	213	1
3807	3604	3958	3650	4257	3572	4071	3737
TUF	2118.0	4240.0	262	1
1949	4238	1936	4243	2470	4399	2120	4083
VLO	4044.0	417.0	200	1
3954	650	3900	287	4101	234	4222	500
GVR	2483.0	2266.0	37	1
2416	2204	2732	2128	2554	2336	2233	2399
EFH	3737.0	4019.0	55	1
3571	3879	3968	4082	3765	4220	3647	3897
PRZ	1080.0	1307.0	38	1
1215	1147	1171	1330	760	1084	1175	1667
RRZ	1122.0	3514.0	94	1
1097	3642	1034	3257	1440	3521	919	3639
ROW	3676.0	2752.0	1	1
3726	2564	3962	2731	3552	2841	3465	2872
VXG	1582.0	1067.0	64	1
1468	1108	1484	1292	1776	856	1600	1012
AFB	2172.0	2755.0	114	1
2044	2926	2235	2550	2126	2716	2286	2831
MRA	689.0	4415.0	2	1
944	4232	534	4452	600	4457	681	4519
FIP	3134.0	735.0	82	1
3051	799	3347	684	2834	676	3304	781
NXS	623.0	1626.0	160	1
753	1579	626	1736	502	1632	612	1557
VGT	440.0	2895.0	36	1
390	3020	783	2713	347	2985	243	2864
ILS	3502.0	3312.0	29	1
3492	3445	3379	3520	3381	3189	3757	3097
SZJ	4114.0	977.0	157	1
4308	669	3920	1170	3965	886	4263	1184
MOZ	2528.0	687.0	61	1
2508	817	2452	771	2494	588	2659	573
HTQ	1816.0	758.0	232	1
1778	836	2026	678	1706	671	1755	847
VNU	3184.0	3442.0	95	1
3332	3398	3216	3382	3091	3280	3097	3709
GZT	2846.0	2625.0	237	1
2777	2524	2751	2415	2884	2601	2973	2961
JHG	2117.0	1164.0	166	1
2027	1069	2285	1388	2049	930	2109	1272
LHL	700.0	595.0	194	1
818	825	618	437	816	793	551	327
PTL	3018.0	1519.0	187	1
3112	1816	3153	1442	2963	1357	2846	1464
VXY	3825.0	1608.0	1	1
3863	1450	3786	1676	3822	1789	3830	1517
SCJ	3306.0	2113.0	230	1
3202	2047	3278	1973	3379	2162	3367	2271
TEB	2300.0	1710.0	103	1
2417	1649	2271	1692	2320	1792	2194	1707
VIA	1450.0	399.0	7	1
1371	236	1560	601	1446	243	1426	516
HGD	1809.0	2738.0	59	1
1695	2558	1893	2987	1698	2531	1952	2877
TGE	3497.0	3784.0	191	1
3572	3573	3641	3838	3440	3870	3337	3857
QFA	769.0	2157.0	92	1
737	2376	563	2398	827	1921	949	1935
AEH	771.0	3585.0	180	1
765	3461	857	3625	737	3641	725	3613
ZAX	1395.0	1767.0	211	1
1447	1865	1212	1708	1461	1811	1461	1684
NIJ	441.0	392.0	75	1
386	249	396	410	448	482	535	429
VZF	2756.0	1176.0	181	1
2997	1349	2601	1155	2648	1036	2778	1167
OHS	2153.0	1487.0	142	1
2179	1499	1987	1423	2411	1428	2036	1600
SPF	1976.0	2170.0	290	1
1933	2047	1945	2350	1982	2050	2047	2234
