NFP	3075.0	2596.0	98	1
2921	2798	3415	2487	3041	2576	2923	2523
NQF	1731.0	1310.0	249	1
1823	1586	1799	1059	1853	1394	1451	1202
HSQ	1394.0	3452.0	295	1
1477	3174	1191	3433	1683	3671	1227	3533
SYD	2494.0	1678.0	129	1
2710	1532	2311	1699	2403	1622	2555	1860
UAB	3864.0	827.0	273	1
3785	956	3981	769	3721	743	3971	842
NHV	3854.0	3539.0	212	1
4021	3496	3863	3555	3623	3649	3910	3459
QDA	4194.0	1957.0	187	1
3974	2163	4405	1787	4436	2144	3964	1735
UFY	3924.0	474.0	138	1
3846	575	3859	431	3877	225	4117	665
RQJ	1974.0	576.0	186	1
1891	494	2010	567	1791	601	2207	644
JHV	423.0	3246.0	176	1
182	3181	650	3224	449	3396	412	3184
DEA	3647.0	1944.0	77	1
3548	1871	3953	1972	3584	1986	3503	1949
OOZ	1166.0	1264.0	38	1
1190	1348	1203	1268	1327	1244	946	1196
LPM	338.0	4039.0	268	1
220	4175	534	3999	273	3933	326	4050
QUM	4275.0	2972.0	77	1
4297	3075	4409	3014	4310	2886	4087	2916
WAT	1459.0	2804.0	100	1
1446	2802	1572	2852	1206	2938	1615	2626
TGA	701.0	2985.0	146	1
523	2917	791	3051	596	3172	897	2800
PAT	2107.0	2626.0	57	1
2374	2734	2035	2364	2090	2672	1930	2737
PCA	2566.0	3679.0	197	1
2542	3729	2504	3592	2661	3502	2559	3894
YRE	3793.0	4383.0	203	1
3659	4273	4063	4513	3807	4570	3646	4177
NPX	2249.0	1012.0	253	1
2210	832	2461	1278	2082	963	2244	976
SRQ	4053.0	2519.0	264	1
4057	2428	4324	2530	4028	2483	3803	2636
JVJ	2140.0	4019.0	73	1
2336	3935	1959	4071	2215	3796	2053	4275
IAU	2322.0	3231.0	13	1
2234	3269	2344	3171	2170	3380	2543	3104
TEZ	1545.0	438.0	156	1
1579	426	1366	539	1739	341	1496	447
ACG	3235.0	3738.0	30	1
3406	3515	3039	3945	3247	3553	3249	3942
DRB	3207.0	1712.0	265	1
3146	1582	3257	1783	3239	1787	3189	1698
NNE	3103.0	3323.0	72	1
3048	3369	2951	3202	3083	3476	3333	3247
DVJ	2261.0	2853.0	247	1
2221	2864	2273	2872	2234	2861	2319	2815
DMW	1679.0	2010.0	99	1
1876	2186	1760	1950	1689	1865	1394	2042
DYC	2725.0	2241.0	277	1
2784	2093	2548	2281	2972	2356	2599	2236
SWK	3654.0	1557.0	123	1
3565	1614	3649	1647	3668	1687	3734	1281
ROM	1375.0	2453.0	124	1
1049	2442	1640	2585	1498	2262	1315	2524
NCU	3574.0	823.0	135	1
3600	1019	3663	835	3510	715	3526	726
RVJ	937.0	925.0	259	1
812	870	1246	928	953	789	739	1116
GRK	1320.0	4100.0	263	1
1148	3781	1650	4256	1297	4053	1185	4313
IOM	2857.0	3749.0	105	1
2733	3910	2966	3672	2760	3643	2970	3772
XRK	4313.0	1519.0	296	1
4436	1376	4383	1423	4227	1607	4208	1672
JHT	1136.0	1655.0	120	1
1305	1673	1152	1950	1105	1510	984	1490
GJB	3250.0	1352.0	200	1
3080	1360	3206	1388	3455	1486	3262	1177
YYF	3396.0	4227.0	20	1
3626	4294	3326	4300	3406	3995	3227	4319
KVA	3292.0	487.0	41	1
3407	403	3187	416	3174	538	3402	591
BRL	4152.0	3918.0	85	1
4240	4096	4031	3747	4264	3911	4076	3920
QYG	2165.0	2162.0	89	1
2223	2106	2101	2215	2131	2296	2208	2031
SBZ	3274.0	2303.0	230	1
3498	2060	3154	2388	3029	2345	3417	2419
JDJ	3454.0	2925.0	130	1
3409	2894	3559	2850	3239	2988	3611	2968
FQZ	3693.0	2759.0	42	1
3733	2802	3695	2695	3711	2739	3636	2803
NII	1054.0	568.0	242	1
808	733	1156	559	1159	625	1095	357
CPS	3924.0	1340.0	38	1
3924	1410	3779	1112	3850	1373	4146	1468
WXJ	2927.0	1044.0	206	1
2901	1255	3041	955	2707	1001	3060	967
LTC	700.0	2479.0	264	1
894	2697	597	2142	503	2668	806	2412
