TFL	4291.0	4110.0	393	1
4222	3880	4262	4101	4353	4199	4327	4262
LVM	3584.0	1669.0	253	1
3678	1665	3571	1974	3376	1438	3711	1600
MOX	3555.0	2684.0	297	1
3767	2745	3427	2783	3361	2766	3665	2442
ZSO	3654.0	4217.0	377	1
3840	3915	3517	4417	3672	4324	3589	4214
LSF	3372.0	3756.0	417	1
3420	3875	3326	4007	3359	3664	3386	3480
NMW	4155.0	3574.0	298	1
4216	3534	3955	3589	4368	3684	4082	3490
EFG	806.0	3235.0	378	1
705	3333	1146	3236	711	3225	663	3147
WWB	2051.0	3136.0	306	1
1998	3277	2159	3102	2062	3118	1987	3047
OXY	566.0	395.0	454	1
488	655	443	137	717	162	618	628
KTB	3789.0	1178.0	374	1
4046	1427	3854	940	3455	1110	3801	1238
LTE	1360.0	3985.0	266	1
1419	3991	1298	3823	1412	3997	1311	4132
DPX	2965.0	1730.0	491	1
3155	1723	3021	1498	2843	1936	2843	1766
PIV	3837.0	3165.0	291	1
3914	2986	3863	3166	3800	3428	3772	3083
ARC	2765.0	3997.0	318	1
2756	3771	2851	4108	2680	4128	2775	3984
YPE	4343.0	2085.0	306	1
4599	2111	4582	2250	4062	1791	4132	2191
UYA	1831.0	4425.0	224	1
1938	4552	1809	4256	1984	4536	1596	4357
EGA	899.0	1692.0	474	1
1074	1916	903	1608	812	1581	810	1666
WZD	2251.0	2301.0	471	1
2059	2444	2368	2228	2297	2246	2281	2288
UZK	2019.0	3707.0	270	1
1883	3469	2023	3768	2313	3826	1859	3766
FGG	2606.0	1488.0	287	1
2643	1435	2573	1698	2485	1550	2723	1272
BJN	3075.0	747.0	405	1
2829	476	3001	616	3335	919	3137	977
CYR	893.0	2053.0	454	1
1086	2054	706	1986	1064	2001	719	2174
BYX	1319.0	1983.0	396	1
1134	1821	1617	2110	1395	2039	1133	1964
CWM	3037.0	2979.0	296	1
2855	2739	3335	3043	3138	3167	2821	2969
UIV	867.0	4139.0	293	1
905	3956	578	3945	895	4295	1091	4360
SEW	4218.0	2656.0	434	1
4051	2951	4208	2617	4358	2525	4258	2533
SXI	1793.0	2456.0	406	1
1860	2460	1970	2328	1679	2308	1664	2731
PRY	3317.0	2140.0	426	1
3260	2245	3363	1951	3347	2305	3299	2061
RLL	972.0	611.0	422	1
802	483	732	777	1260	479	1094	705
FSU	2760.0	2331.0	223	1
2728	2366	2737	2359	2787	2416	2791	2184
OYC	1529.0	1441.0	492	1
1808	1704	1316	1311	1578	1382	1414	1368
UEF	2056.0	1659.0	438	1
1984	1488	2291	1885	2012	1873	1939	1390
QQY	2481.0	3940.0	203	1
2607	3809	2348	3851	2432	4246	2540	3856
TYQ	1013.0	2581.0	460	1
963	2667	1073	2593	957	2431	1062	2633
YDM	2695.0	4488.0	223	1
2852	4605	2433	4279	2891	4436	2604	4634
KDU	2388.0	1625.0	243	1
2412	1456	2390	1393	2432	1859	2318	1794
NBL	414.0	2683.0	232	1
339	2823	339	2474	306	2553	673	2883
MJA	1001.0	3616.0	377	1
959	3482	1029	3601	1153	3638	863	3743
SPG	2987.0	3400.0	202	1
3122	3434	2888	3272	2774	3390	3165	3505
NDY	1437.0	3331.0	355	1
1602	3169	1515	3292	1261	3495	1371	3369
TJW	4449.0	767.0	220	1
4442	840	4510	826	4475	672	4372	733
JMQ	1693.0	995.0	320	1
1841	1074	1572	651	1681	1177	1680	1078
ESP	771.0	2520.0	443	1
754	2658	784	2346	869	2366	679	2710
QOD	605.0	934.0	314	1
793	848	477	781	430	852	722	1255
JWU	2992.0	1269.0	492	1
3038	1413	2723	1048	3289	1292	2921	1323
HZC	1537.0	2898.0	382	1
1524	3025	1783	2806	1284	2846	1558	2915
WZV	3743.0	3723.0	404	1
3886	3673	3832	3610	3579	3875	3675	3735
RKI	3043.0	334.0	213	1
3194	340	3058	280	2881	364	3041	353
UTG	4089.0	558.0	329	1
3973	743	3855	433	4347	475	4183	583
CAY	3949.0	2725.0	279	1
4006	2807	3880	2632	3984	2879	3927	2584
