FPT	1026.0	2252.0	208	1
817	2241	1008	2335	982	2074	1298	2361
SYG	2196.0	3014.0	69	1
2225	2797	2463	3123	2157	3190	1939	2949
EBF	637.0	3830.0	59	1
728	3767	514	3692	688	3841	620	4021
UMQ	3564.0	640.0	252	1
3360	857	3706	356	3467	550	3726	799
NVC	3295.0	1666.0	150	1
3469	1597	3213	1650	3429	1460	3070	1957
XLR	3202.0	2789.0	44	1
3333	2919	3056	3104	3240	2566	3180	2569
FWI	4017.0	2098.0	61	1
3876	1802	4118	2128	3929	2278	4145	2187
ADR	1635.0	1767.0	148	1
1380	1531	1744	1806	1569	1935	1849	1798
FBT	2727.0	4232.0	153	1
3002	4365	2649	4409	2574	4293	2686	3863
NGD	2914.0	806.0	245	1
2988	675	2952	983	3057	777	2660	789
ISV	3382.0	3603.0	205	1
3510	3472	3269	3306	3487	3831	3263	3804
WEH	2310.0	3525.0	135	1
2273	3844	2316	3628	2570	3304	2081	3325
YCZ	4015.0	3457.0	248	1
3835	3314	4068	3372	4011	3643	4147	3500
TPA	2023.0	678.0	237	1
2342	677	1822	573	2146	824	1782	638
OBQ	4007.0	3922.0	103	1
4213	3948	4177	3708	3833	4076	3808	3957
UBO	862.0	1061.0	289	1
646	897	695	1041	1046	983	1062	1324
JJG	2262.0	2147.0	182	1
2008	1833	2503	2296	2322	2110	2216	2349
QRU	4421.0	2183.0	223	1
4198	2060	4347	2484	4475	2209	4665	1982
LXK	3857.0	3089.0	130	1
3945	3101	3770	3193	3975	2948	3739	3116
AUE	3456.0	4295.0	298	1
3514	4310	3324	4219	3738	4192	3249	4461
XJM	2867.0	2237.0	219	1
2764	2322	2899	2394	2998	2117	2809	2116
NGI	1625.0	2319.0	262	1
1664	2298	1423	2004	1514	2516	1899	2461
KIC	3847.0	1250.0	182	1
3576	1084	4058	1220	3871	1463	3886	1233
SHZ	2902.0	1887.0	234	1
2980	2050	2915	1711	2777	1824	2939	1964
UPK	892.0	3337.0	267	1
798	3147	1106	3516	887	3277	778	3409
TEL	468.0	1953.0	263	1
739	1987	292	2047	590	1856	253	1923
DLE	1171.0	3944.0	242	1
993	3946	1113	4045	1522	3884	1058	3903
VYS	705.0	720.0	281	1
950	531	596	874	774	669	500	807
GLR	1285.0	4262.0	28	1
1482	4088	1301	4573	1274	4101	1085	4287
QRB	1047.0	2746.0	100	1
1299	2807	1024	2813	911	2826	954	2541
WOW	2487.0	1608.0	278	1
2259	1698	2708	1567	2446	1571	2538	1599
PQZ	2231.0	1243.0	196	1
2313	1514	2166	1256	2169	1032	2277	1170
YVI	3183.0	2283.0	259	1
3295	2157	3109	2242	3120	2397	3208	2336
EAV	444.0	3470.0	230	1
526	3501	598	3407	305	3344	350	3628
CDX	451.0	2941.0	172	1
267	3108	694	2813	234	2999	609	2846
GGV	3974.0	581.0	298	1
3813	615	4158	683	3908	410	4017	617
DGI	2891.0	1268.0	63	1
2959	1406	2946	1346	2974	1324	2687	998
LJL	2637.0	3175.0	195	1
2692	3040	2465	3246	2631	3246	2760	3170
KZT	892.0	1546.0	37	1
842	1327	764	1352	765	1831	1198	1674
QIS	3699.0	1957.0	262	1
3730	2215	3681	1785	3696	1883	3692	1946
ZFK	4396.0	788.0	96	1
4440	924	4544	891	4212	577	4391	763
ULD	1649.0	4139.0	183	1
1666	4022	1564	4307	1747	4211	1620	4016
WVX	2261.0	4167.0	198	1
2352	3987	1920	4200	2342	4148	2430	4335
HQI	4441.0	4289.0	235	1
4568	4527	4245	4096	4561	4358	4390	4176
AAQ	1836.0	3315.0	252	1
1808	3434	1910	2933	1890	3392	1739	3503
QBZ	4418.0	1350.0	282	1
4422	1282	4515	1559	4102	1363	4633	1198
MUQ	1587.0	490.0	1	1
1588	377	1486	767	1496	366	1779	451
QKE	3808.0	2799.0	215	1
3952	2917	3799	2537	3851	2893	3631	2849
EUY	477.0	2482.0	204	1
593	2597	693	2378	313	2550	310	2403
IMI	1295.0	3734.0	187	1
1166	3737	1273	3806	1408	3566	1336	3829
