OVY	3166.0	4101.0	43	1
3219	4100	3360	3901	2945	4457	3143	3949
TJU	2853.0	2006.0	41	1
3066	2277	2536	1844	2956	2067	2855	1838
UCY	3285.0	3353.0	60	1
3301	3480	3388	3486	3014	3387	3440	3062
KKX	4044.0	4322.0	61	1
3924	4076	4131	4479	4009	4627	4113	4108
WLW	1507.0	2327.0	154	1
1320	2227	1457	2126	1479	2493	1772	2463
LCT	3217.0	1425.0	250	1
3154	1633	3200	1467	3218	1435	3296	1165
MCC	4184.0	3765.0	141	1
4209	3656	4342	3999	4088	3786	4100	3621
BUV	805.0	4115.0	161	1
1014	4187	1029	4328	570	4010	608	3936
HTR	1554.0	2995.0	199	1
1582	2861	1700	2977	1344	3264	1592	2879
YUF	2670.0	676.0	40	1
2528	608	2739	718	2834	775	2581	605
JAC	2468.0	1197.0	247	1
2367	1144	2569	1055	2621	1213	2318	1379
TLM	1069.0	2167.0	70	1
1251	2273	1068	2141	933	2196	1025	2061
KTF	1817.0	4156.0	74	1
1896	4205	1774	4370	1709	3919	1892	4133
OJQ	3505.0	1970.0	144	1
3495	1723	3394	1745	3704	2170	3427	2243
FKD	3797.0	3652.0	145	1
3971	3408	4018	3810	3701	3708	3501	3682
FYJ	533.0	3173.0	213	1
236	3163	755	3070	418	3127	723	3335
WSY	586.0	3662.0	50	1
535	3546	787	3817	453	3651	572	3635
GRL	3380.0	865.0	69	1
3354	735	3277	1028	3525	1029	3367	669
JJN	4207.0	948.0	214	1
4330	1107	4086	973	4312	717	4103	996
BIG	4011.0	3190.0	291	1
4189	3326	4131	2913	4007	3222	3717	3301
ZUG	810.0	1542.0	169	1
685	1447	1046	1807	737	1328	773	1587
MWV	3704.0	2732.0	296	1
4030	2848	3556	2782	3746	2612	3484	2686
DKB	2181.0	3389.0	13	1
2096	3555	2091	3637	2463	3155	2075	3211
USB	1808.0	1936.0	36	1
1869	1964	1645	1902	1928	1960	1792	1919
BQU	2789.0	2950.0	283	1
2937	2957	2922	2746	2770	3094	2530	3005
GIP	4283.0	1327.0	118	1
4404	1168	4057	1340	4496	1631	4177	1169
ZYO	2179.0	1244.0	246	1
2147	1392	2232	1413	2208	1029	2132	1143
XJF	512.0	1103.0	255	1
720	1289	319	942	309	931	703	1252
ERV	1679.0	3621.0	141	1
1643	3892	1488	3576	1705	3422	1881	3595
KYW	4088.0	2442.0	132	1
4113	2416	4072	2397	4064	2725	4106	2231
FTC	1058.0	955.0	32	1
1194	1170	1206	726	812	955	1021	969
DMU	2677.0	1585.0	55	1
2536	1727	2676	1566	2940	1578	2559	1469
XVE	2201.0	2528.0	262	1
2185	2646	2333	2725	1975	2558	2311	2185
GUI	614.0	745.0	46	1
504	652	784	877	508	788	662	664
GKW	1990.0	1311.0	162	1
1840	1275	1968	1262	2097	1462	2058	1247
MAE	1254.0	4115.0	3	1
1259	4075	1352	4077	1053	4369	1354	3941
REE	2259.0	3823.0	169	1
2231	3869	2071	3963	2340	3809	2396	3654
MDX	1755.0	1033.0	184	1
1833	1098	1757	996	1661	977	1772	1063
KRM	3899.0	428.0	50	1
3656	385	4082	732	3928	452	3931	144
SKT	4213.0	1897.0	281	1
4265	2071	4255	1781	4274	1866	4059	1872
HRN	1049.0	2501.0	208	1
1136	2518	1045	2559	1038	2352	979	2576
AEX	4344.0	2838.0	45	1
4356	3122	4368	2946	4338	2661	4315	2626
QAP	1426.0	1472.0	168	1
1735	1483	1212	1263	1509	1756	1250	1386
HLR	2371.0	1784.0	121	1
2426	1876	2401	1559	2505	1874	2152	1828
QTO	3263.0	500.0	2	1
3306	613	3109	563	3355	456	3284	371
TQK	1111.0	421.0	57	1
1160	318	968	569	1351	568	966	232
JXN	642.0	2780.0	62	1
505	2835	789	2894	577	2548	699	2846
SPZ	3193.0	2615.0	15	1
3055	2458	3157	2643	3264	2710	3297	2650
CKD	515.0	2152.0	260	1
534	2165	356	1994	708	2200	464	2252
ZJS	3741.0	4190.0	49	1
3517	4214	3908	4316	3861	4063	3680	4169
