IDX	3603.0	1394.0	157	1
3892	1446	3597	1275	3522	1590	3404	1265
YDA	517.0	4199.0	180	1
527	4007	616	4448	484	4091	444	4252
IWH	2331.0	588.0	193	1
2601	684	2246	595	2266	499	2212	576
FNT	1936.0	3406.0	207	1
2052	3312	1728	3310	1983	3618	1983	3385
YYP	4105.0	3286.0	291	1
4287	3382	3999	3287	4189	3322	3947	3155
BDC	2112.0	2235.0	87	1
1909	2017	2349	2120	2307	2582	1883	2224
HAE	1955.0	1449.0	89	1
2027	1425	1845	1693	2067	1233	1883	1448
XUR	1211.0	2994.0	161	1
1209	2967	1172	3210	1247	3078	1218	2723
YGX	2481.0	907.0	231	1
2339	1006	2453	839	2643	862	2492	923
ZMG	1007.0	709.0	183	1
863	652	1201	841	1062	467	902	877
OHU	1700.0	3022.0	264	1
1300	3219	1839	2999	1791	3099	1870	2772
AIX	3899.0	824.0	262	1
4074	851	3864	707	3885	932	3775	806
VPT	4206.0	2504.0	185	1
4325	2660	3903	2417	4321	2298	4275	2641
GXA	1037.0	1682.0	252	1
831	1605	1174	1553	1104	1833	1040	1738
MIG	3445.0	1960.0	153	1
3454	1931	3553	2038	3217	1882	3559	1989
KAV	1445.0	543.0	141	1
1276	691	1223	587	1594	323	1688	574
TZY	509.0	2925.0	226	1
740	2887	344	3257	401	2766	552	2792
SKI	2918.0	1891.0	130	1
2914	2008	2997	1723	3020	2159	2742	1677
LWR	1341.0	2245.0	193	1
1305	2201	1321	2467	1429	2283	1309	2031
UOM	2773.0	2354.0	238	1
2737	2392	2676	2304	2987	2320	2693	2403
BEM	3603.0	2528.0	129	1
3868	2719	3711	2551	3445	2552	3389	2291
DTT	1018.0	4410.0	151	1
928	4497	1014	4404	1082	4109	1051	4630
BIS	3541.0	4301.0	100	1
3541	4060	3449	4104	3515	4635	3662	4407
FVD	2799.0	3456.0	160	1
2812	3310	2917	3657	2808	3525	2659	3332
ZYY	747.0	3700.0	237	1
747	3670	680	3830	912	3527	651	3773
POT	1196.0	1271.0	293	1
1187	1286	1173	1372	1293	1194	1133	1232
CUC	2305.0	4124.0	149	1
2271	4166	2502	4444	2084	3971	2363	3918
RQF	4050.0	1875.0	222	1
4119	1930	3805	1789	3909	2087	4368	1696
SIV	3189.0	559.0	14	1
3249	535	3268	659	3067	457	3174	588
DJG	4389.0	3985.0	200	1
4615	4136	4299	3925	4294	3859	4348	4023
KSC	3200.0	3371.0	120	1
3172	3286	3504	3453	3076	3376	3048	3370
FMB	3408.0	2900.0	252	1
3577	2892	3102	2823	3415	3146	3541	2740
TPB	4036.0	3731.0	93	1
4117	3681	4092	3793	4150	3665	3787	3786
VND	839.0	1328.0	116	1
889	1490	1035	1497	771	1208	662	1120
JXB	1294.0	4067.0	40	1
1252	4304	1252	3880	1391	3977	1283	4110
BBT	3045.0	1453.0	3	1
2914	1167	2955	1364	3212	1631	3102	1652
KXT	1859.0	4252.0	10	1
2026	4435	1978	4391	1745	4010	1689	4174
HXA	1082.0	2195.0	61	1
1079	1998	1145	2043	1116	2292	989	2448
NOF	3480.0	718.0	135	1
3421	675	3531	647	3327	704	3643	849
QWR	538.0	1943.0	170	1
482	1886	628	1918	696	1943	346	2028
UYR	3236.0	3709.0	211	1
3474	3826	3203	3550	3178	3695	3089	3768
MAX	2988.0	2713.0	81	1
2991	2914	3052	2420	3053	2924	2856	2597
GLZ	555.0	2526.0	294	1
527	2528	697	2442	507	2726	490	2410
QXY	1069.0	3710.0	102	1
960	3694	1049	3817	1018	3461	1249	3870
OHK	822.0	2283.0	5	1
614	2386	841	2344	924	2235	912	2170
LNK	745.0	4033.0	144	1
747	3889	774	4110	760	4039	702	4096
UWM	175.0	2233.0	276	1
179	2249	120	2167	212	2064	189	2455
GPX	3027.0	4345.0	251	1
3070	4464	2963	4127	3267	4246	2808	4543
ZMF	2516.0	3481.0	36	1
2560	3453	2347	3607	2552	3692	2607	3173
GPR	2784.0	699.0	173	1
3037	837	2602	476	2661	730	2836	756
