SJX	1859.0	1756.0	271	1
2166	1904	1883	1845	1632	1839	1756	1438
FMX	844.0	3402.0	286	1
878	3659	880	3183	687	3471	931	3296
OCR	1712.0	4436.0	66	1
1755	4153	1900	4281	1601	4636	1595	4677
UBM	1424.0	2908.0	239	1
1269	2700	1417	2828	1298	3034	1714	3071
DUS	3893.0	1788.0	156	1
3850	1986	4117	1673	3919	1994	3689	1501
OPE	1881.0	2954.0	148	1
2037	2927	1778	3115	1868	3064	1843	2711
EEU	1052.0	3822.0	246	1
984	3887	1010	3826	987	3866	1228	3710
BEL	3303.0	1947.0	39	1
3476	1920	3177	1911	3182	1985	3378	1973
OHW	410.0	997.0	98	1
241	854	425	1028	438	916	538	1192
YOC	899.0	2981.0	145	1
759	2871	1152	3127	1029	2929	658	2997
KLE	2155.0	3595.0	215	1
2285	3811	1946	3494	2365	3616	2025	3459
QAY	3576.0	4014.0	100	1
3654	3819	3486	3840	3732	4283	3432	4117
JJG	3192.0	627.0	51	1
3371	711	3237	578	3195	515	2965	707
HTM	1444.0	525.0	61	1
1443	539	1475	490	1528	368	1332	705
NGI	1839.0	423.0	114	1
1898	334	1758	452	1861	446	1841	461
ATI	2662.0	4233.0	199	1
2514	4369	2502	4409	2757	4095	2877	4062
PAU	2302.0	2162.0	270	1
2285	2456	2210	2117	2207	2067	2507	2011
VTX	571.0	2631.0	46	1
810	2631	479	2591	328	2494	667	2809
LYN	1816.0	2365.0	269	1
1799	2296	1530	2539	1953	2181	1984	2447
SYD	3951.0	3721.0	137	1
3908	3615	3897	3909	4210	3652	3790	3711
HMV	1014.0	2093.0	28	1
1046	2083	967	2005	989	2093	1054	2192
IWS	771.0	3976.0	124	1
970	3721	396	3824	824	4172	894	4187
MPH	868.0	1028.0	66	1
1036	1039	1083	968	648	840	705	1267
IGI	2878.0	3017.0	220	1
2786	3081	2747	2956	2969	3156	3012	2876
FXG	3032.0	1840.0	275	1
3070	1721	3177	1779	2719	1886	3163	1976
KYL	2851.0	2359.0	243	1
3077	2058	2635	2339	2962	2489	2730	2551
WCI	3980.0	3274.0	45	1
4276	3432	3838	3327	3957	3300	3852	3037
EPV	2890.0	1181.0	262	1
2819	1327	2791	1272	2850	1282	3102	845
MTU	2890.0	3915.0	138	1
2918	3962	2940	3928	2786	3916	2917	3856
YFA	4359.0	1703.0	239	1
4379	1874	4354	1638	4362	1457	4343	1846
NSV	3868.0	2350.0	296	1
4079	2120	4093	2481	3642	2375	3660	2425
AXR	1438.0	3591.0	138	1
1626	3274	1451	3596	1262	3724	1414	3771
BED	3293.0	3829.0	80	1
3310	3688	3402	3743	3135	3902	3327	3985
FEH	3402.0	2441.0	226	1
3624	2476	3088	2681	3465	2193	3432	2417
THV	2326.0	3108.0	146	1
2374	3152	2482	3330	2192	3047	2256	2906
GAR	3232.0	3432.0	4	1
3259	3460	3276	3512	3147	3178	3247	3580
CIG	747.0	1967.0	40	1
673	2015	654	1827	866	2034	798	1993
XLY	1233.0	4409.0	188	1
1110	4535	1273	4448	1267	4319	1283	4334
ZLU	2269.0	4345.0	201	1
2102	4197	2134	4447	2459	4383	2381	4355
ZEK	2409.0	808.0	55	1
2712	938	2362	857	2239	487	2323	953
KTM	1057.0	1705.0	94	1
936	1740	1213	1705	941	1601	1140	1774
GHA	4318.0	4384.0	34	1
4175	4008	4330	4504	4505	4481	4263	4546
AOH	366.0	2370.0	116	1
234	2472	369	2423	218	2245	645	2340
QRT	3668.0	879.0	112	1
3382	676	3842	1085	3695	705	3755	1051
KJW	331.0	3219.0	207	1
644	3344	265	3340	203	3062	214	3132
OCN	4160.0	922.0	4	1
4105	1093	4162	788	4013	867	4361	942
AVR	3695.0	1223.0	97	1
3636	1209	3777	1238	3800	1321	3567	1126
VFJ	4227.0	2853.0	297	1
4346	2706	4070	2837	4066	2907	4428	2965
XYN	3606.0	3057.0	225	1
3476	3210	3514	3224	3812	2808	3625	2987
ZYC	3948.0	305.0	189	1
4091	219	3984	454	3831	258	3887	290
