RGQ	1764.0	1170.0	379	1
1904	970	1779	1368	1645	1008	1729	1335
WIO	2564.0	4126.0	399	1
2820	3987	2357	4181	2373	3980	2708	4359
PXI	1309.0	3134.0	436	1
1397	3276	1393	3219	1066	3192	1380	2850
ODA	1768.0	1829.0	423	1
1800	1849	1916	1577	1547	2065	1812	1826
WZC	2903.0	3442.0	465	1
3052	3673	2626	3308	3037	3378	2899	3410
IJP	3495.0	3401.0	241	1
3725	3175	3470	3139	3237	3699	3550	3594
IIL	685.0	1652.0	266	1
841	1925	594	1501	813	1577	492	1607
GNT	1429.0	4137.0	384	1
1272	4101	1595	4277	1340	4207	1509	3966
MKL	2229.0	1766.0	392	1
2128	1858	2087	1604	2278	1823	2426	1781
VSY	542.0	4460.0	464	1
776	4525	422	4561	688	4484	285	4272
OVK	4060.0	1486.0	365	1
3911	1212	3952	1564	4281	1653	4097	1515
AMI	820.0	787.0	491	1
1040	644	577	973	637	768	1026	763
NTV	2261.0	1137.0	385	1
2229	999	2608	1446	2111	1134	2099	970
IXO	563.0	2543.0	447	1
555	2236	516	2677	699	2723	482	2536
IIV	3341.0	666.0	453	1
3248	545	3363	859	3252	568	3504	692
WXR	1430.0	740.0	358	1
1494	664	1421	973	1315	459	1490	864
PCA	1528.0	2568.0	230	1
1431	2750	1524	2370	1728	2772	1431	2380
DWY	3338.0	2478.0	475	1
3157	2612	3252	2429	3434	2546	3511	2327
DSA	3244.0	1546.0	448	1
3521	1499	3105	1671	3061	1347	3291	1667
FKY	266.0	1428.0	236	1
299	1558	288	1216	180	1450	297	1491
OHC	4023.0	3447.0	390	1
4061	3517	3982	3386	3823	3343	4226	3543
FID	2881.0	1302.0	277	1
2860	1334	2914	1521	2844	1117	2908	1237
RQB	697.0	3424.0	270	1
792	3412	604	3396	560	3624	834	3265
DXW	1998.0	3164.0	344	1
1751	3119	2094	3149	2080	3413	2067	2977
LJL	4377.0	2856.0	428	1
4167	2969	4552	2767	4329	3035	4461	2656
XJR	4142.0	1860.0	218	1
4027	1912	4107	1900	4446	1807	3988	1824
HXL	558.0	3013.0	275	1
740	2835	600	3108	440	2996	455	3116
KCP	3682.0	1911.0	356	1
3791	1905	3631	1821	3597	2013	3710	1905
NOZ	2084.0	3997.0	448	1
2100	4021	2105	4157	1975	3956	2159	3855
LFI	2174.0	416.0	486	1
2478	382	2172	164	1950	564	2097	554
GIH	2493.0	3048.0	387	1
2273	3078	2285	2830	2755	3291	2659	2993
FOF	4086.0	891.0	245	1
4173	1041	4208	942	3788	983	4178	599
QVL	1190.0	1562.0	307	1
1148	1625	1032	1594	1212	1544	1370	1487
AYO	582.0	1401.0	399	1
352	1406	542	1271	865	1474	570	1456
EOE	2198.0	798.0	336	1
2381	852	2132	718	2029	834	2253	790
YPE	2986.0	2751.0	433	1
2944	2895	2813	2672	3035	2682	3155	2757
EZW	3803.0	2213.0	271	1
3885	2384	3577	2208	3834	2196	3919	2065
RKF	2968.0	672.0	449	1
3013	927	2867	487	3169	659	2823	618
ZLP	3947.0	473.0	481	1
3735	487	4049	457	4059	359	3945	589
LEP	2788.0	2476.0	387	1
2597	2548	2870	2582	2902	2498	2785	2277
TNK	854.0	4102.0	400	1
1072	3904	699	4235	887	4025	760	4244
OSX	2667.0	1984.0	221	1
2833	2140	2695	1904	2632	1757	2509	2138
KFF	3861.0	2565.0	281	1
4008	2508	3846	2730	3965	2535	3626	2489
EBM	1913.0	2285.0	279	1
2081	2349	1737	2105	1910	2437	1927	2250
EEK	3208.0	4016.0	295	1
2972	4218	3172	3822	3231	4080	3457	3947
IWB	246.0	849.0	377	1
135	753	202	1103	422	700	226	840
ZIE	4399.0	2274.0	225	1
4565	2534	4196	2162	4359	2202	4476	2201
VZO	3965.0	4024.0	235	1
4194	4218	3749	4052	4002	4053	3917	3774
GXK	945.0	3057.0	466	1
846	3030	905	3202	1020	2996	1011	3001
EXZ	1844.0	659.0	442	1
1889	452	1715	482	1935	851	1839	851
