SWP	3468.0	3836.0	84	1
3663	3632	3642	3939	3165	3860	3405	3914
DRT	3389.0	1312.0	260	1
3282	1039	3409	1412	3233	1399	3633	1399
IVD	2134.0	524.0	285	1
2030	419	2371	543	2089	334	2047	802
IDO	3505.0	4322.0	254	1
3374	4460	3687	4461	3683	4206	3279	4162
TQO	1441.0	707.0	115	1
1152	791	1662	430	1549	862	1402	746
IEO	3782.0	622.0	163	1
3513	396	3901	806	3893	758	3821	528
OIN	3385.0	2505.0	200	1
3435	2503	3298	2462	3537	2591	3273	2467
TJO	1755.0	1299.0	25	1
1805	1182	1781	1428	1983	1106	1453	1483
FLQ	2475.0	3986.0	198	1
2630	4008	2167	3838	2445	3990	2660	4109
GUK	1637.0	2019.0	190	1
1568	1919	1468	2105	1775	2052	1740	2003
VCK	2165.0	3290.0	101	1
2240	3559	2109	3336	2016	3154	2296	3114
KIB	3141.0	3364.0	63	1
3109	3269	3227	3344	3237	3370	2993	3474
WAZ	3857.0	2435.0	208	1
3682	2689	4146	2231	3776	2581	3825	2239
ASW	4264.0	2855.0	184	1
4102	2903	4673	2808	4138	2946	4146	2763
JXI	1049.0	3033.0	46	1
1168	2897	882	2875	1187	3186	961	3176
CBI	1006.0	1636.0	242	1
1148	1392	971	1652	948	1877	957	1626
HTQ	3945.0	1316.0	3	1
4052	1125	3726	1350	4075	1611	3927	1178
WBO	2514.0	2312.0	291	1
2227	2200	2713	2575	2667	2237	2450	2239
SIT	3516.0	2051.0	211	1
3252	1958	3658	1977	3665	2192	3492	2079
OFS	1408.0	4385.0	98	1
1508	4258	1490	4138	1522	4630	1113	4514
NZI	4238.0	1114.0	20	1
4147	1116	4367	1027	4118	1140	4321	1173
BYO	4077.0	3351.0	36	1
3987	3259	4271	3438	3966	3254	4086	3454
JKJ	795.0	1302.0	14	1
716	1169	774	1327	765	1236	926	1477
ASC	2273.0	1281.0	54	1
2172	1091	2152	1483	2264	1543	2504	1009
KHZ	1578.0	3101.0	33	1
1888	2778	1438	3262	1553	3257	1433	3110
ESW	3880.0	3940.0	222	1
4098	4123	3820	3829	3766	3747	3839	4063
OOY	1637.0	2491.0	81	1
1811	2721	1713	2471	1569	2422	1458	2350
RES	2543.0	1773.0	116	1
2548	1916	2553	1617	2644	1744	2427	1816
QWF	618.0	3664.0	38	1
528	3536	681	3935	590	3707	675	3480
KGG	1209.0	1016.0	192	1
1288	1218	1264	940	1129	890	1158	1017
ZQR	1231.0	2697.0	292	1
874	2504	1382	2722	1402	2854	1269	2710
LXA	3618.0	2947.0	219	1
3871	2825	3654	3180	3419	3046	3528	2738
SWK	627.0	878.0	168	1
832	689	324	654	540	1111	814	1060
EXB	4371.0	3877.0	61	1
4266	3708	4403	3988	4283	4086	4534	3726
DHG	1682.0	4259.0	263	1
1645	4354	1662	4361	1856	4129	1565	4193
PAD	836.0	2273.0	70	1
981	2483	965	1985	579	2129	822	2495
BXP	2967.0	4284.0	94	1
2923	4403	2941	4394	2940	4194	3067	4147
EBF	2750.0	1545.0	88	1
2907	1766	2709	1400	2685	1347	2700	1669
KRK	2603.0	3141.0	264	1
2775	3033	2798	3431	2386	2996	2454	3107
KAX	3188.0	1742.0	16	1
3186	1703	3090	1705	3205	1788	3271	1772
TKM	2908.0	1019.0	68	1
2620	1001	3158	1237	2797	871	3059	968
MTL	1830.0	524.0	150	1
1892	378	1759	291	1707	564	1962	866
QWP	1657.0	3439.0	146	1
1705	3365	1595	3521	1665	3382	1663	3490
WJI	436.0	1901.0	36	1
394	2099	497	1828	561	1816	293	1862
SIA	514.0	3069.0	271	1
788	2867	485	3157	229	3139	556	3114
OBE	3102.0	710.0	275	1
3105	751	3122	810	3143	662	3041	620
KEF	3646.0	3396.0	236	1
3718	3345	3862	3377	3410	3471	3594	3392
CZA	3205.0	3053.0	139	1
3303	3132	2953	3024	3270	2987	3294	3072
RMX	1483.0	3810.0	271	1
1411	3634	1271	3813	1584	3707	1669	4087
NNV	1271.0	2109.0	271	1
1175	2246	1173	1955	1331	1926	1405	2309
