TXV	1187.0	1205.0	247	1
1130	1405	1026	1104	1155	1392	1438	921
RXJ	1813.0	1201.0	412	1
1943	1318	1944	934	1895	1319	1472	1236
RSW	2374.0	280.0	454	1
2438	173	2204	437	2458	185	2398	328
ABB	2343.0	2489.0	379	1
2245	2192	2404	2665	2408	2382	2316	2720
RMV	1748.0	2493.0	431	1
1684	2602	1775	2448	1573	2630	1963	2295
ITL	837.0	3514.0	360	1
771	3483	680	3358	839	3525	1059	3691
OQP	1083.0	640.0	431	1
1278	783	1108	619	1051	342	895	817
CNB	1016.0	2687.0	418	1
1085	2883	826	2601	1108	2882	1045	2382
GNI	2107.0	3137.0	483	1
2256	3085	2069	3390	2150	2967	1954	3107
UJH	408.0	3717.0	240	1
403	3984	409	3603	602	3849	218	3434
RNX	2274.0	3892.0	391	1
2280	3821	2103	4057	2398	3779	2316	3913
MVP	2838.0	3954.0	228	1
2703	3667	2969	4264	2943	4159	2739	3726
NBE	2044.0	1837.0	257	1
2156	1691	2048	1879	1875	1835	2100	1946
VFK	3888.0	3136.0	254	1
3818	3060	4043	3301	3984	3062	3707	3121
KDA	4486.0	1885.0	482	1
4333	2152	4664	1811	4526	1675	4424	1902
BST	4320.0	864.0	248	1
4331	831	4125	788	4389	935	4437	902
YAT	1357.0	2046.0	441	1
1074	2065	1391	2242	1579	1689	1386	2191
PLQ	3426.0	1913.0	202	1
3384	1874	3256	2179	3607	1703	3459	1896
EVW	3443.0	1198.0	467	1
3506	1283	3328	1455	3340	1137	3599	920
DUG	4294.0	645.0	245	1
4343	306	4549	759	4035	766	4252	750
SOQ	2721.0	1602.0	230	1
2606	1678	2743	1391	2979	1467	2556	1873
MHH	2332.0	1613.0	298	1
2552	1612	2329	1706	2157	1452	2292	1682
RLY	593.0	994.0	303	1
668	1264	554	756	345	1130	808	827
YDK	4458.0	1160.0	368	1
4363	1093	4630	1195	4216	1298	4625	1057
NPU	1223.0	4182.0	252	1
1064	4238	1293	4173	1159	4085	1379	4235
PUR	3181.0	360.0	261	1
3357	172	2854	128	3212	560	3301	581
GQT	1731.0	3757.0	307	1
1585	3723	1725	3828	1709	3880	1905	3599
UHR	2533.0	955.0	382	1
2708	1077	2436	1095	2588	680	2400	969
GGB	4126.0	1591.0	415	1
4142	1625	3969	1557	4290	1669	4103	1514
TIH	3137.0	1567.0	408	1
3246	1569	3184	1759	3104	1390	3016	1550
ZWD	4161.0	2178.0	383	1
4039	2243	4190	2068	4126	2226	4291	2178
ALG	1500.0	4456.0	245	1
1481	4395	1683	4293	1354	4547	1485	4591
UTG	643.0	1775.0	281	1
715	1882	885	1537	552	1683	422	2001
XBJ	3344.0	2478.0	302	1
3513	2477	3545	2451	3128	2642	3193	2344
WXU	547.0	3062.0	346	1
398	2995	642	3078	433	3030	715	3148
LPG	3928.0	972.0	474	1
3883	1026	3915	959	4077	801	3838	1102
UVW	1195.0	2938.0	357	1
1123	2916	1291	3122	1143	2763	1225	2951
QSI	3997.0	4317.0	344	1
3826	4150	4019	4107	4299	4592	3846	4422
GBO	840.0	4116.0	302	1
856	4202	1016	3925	817	4361	671	3978
QXR	602.0	2540.0	201	1
665	2310	421	2733	681	2594	644	2526
LKP	2505.0	1971.0	310	1
2429	1882	2500	1946	2736	2149	2356	1910
QQV	2572.0	3444.0	266	1
2561	3273	2598	3558	2608	3578	2521	3367
ERA	3138.0	2955.0	336	1
2840	3078	3360	2963	3134	2913	3218	2869
CEP	3832.0	3760.0	454	1
3814	3837	3974	3545	3746	4024	3797	3634
UKZ	1751.0	3002.0	414	1
1651	2903	1786	3304	1697	2868	1871	2933
NLO	3270.0	3711.0	255	1
3285	3813	3226	3476	3143	3679	3426	3877
FQR	4293.0	3417.0	354	1
4218	3363	4369	3770	4330	3235	4255	3300
PBV	4202.0	2434.0	375	1
4250	2360	3935	2498	4505	2444	4121	2435
QZJ	2556.0	3603.0	346	1
2660	3599	2344	3617	2577	3598	2646	3600
QEB	1770.0	547.0	428	1
1596	778	1907	384	1771	435	1806	592
