VOL	2031.0	2200.0	116	1
2191	2174	2118	2025	1921	2217	1896	2384
RNU	4131.0	606.0	134	1
4195	437	4122	434	4312	907	3896	648
YBN	4276.0	3079.0	104	1
4311	2932	4120	2942	4126	3168	4549	3277
HEN	3531.0	1792.0	185	1
3676	1851	3536	1703	3231	1874	3683	1742
VAU	4243.0	1773.0	293	1
4458	1816	4160	1945	4014	1479	4340	1854
YPU	612.0	2487.0	68	1
749	2199	528	2741	567	2662	606	2349
PXW	3262.0	760.0	33	1
3360	522	3216	614	3153	994	3320	910
DZR	3056.0	2818.0	241	1
3207	2710	2843	2730	3137	2882	3039	2951
IQV	2601.0	406.0	155	1
2708	506	2310	604	2674	276	2713	239
WPV	1074.0	1316.0	70	1
1223	1258	1176	1351	931	1288	966	1370
YGK	3049.0	4260.0	160	1
2954	4235	3101	4359	3304	4261	2838	4185
OID	726.0	3562.0	178	1
648	3741	993	3577	600	3242	663	3691
HLN	3161.0	3936.0	152	1
3348	4055	3112	4089	2915	3859	3272	3743
IYC	1542.0	1941.0	268	1
1478	2006	1475	1722	1551	2265	1666	1771
TRX	2271.0	4289.0	210	1
2110	4329	2376	4050	2398	4441	2201	4338
UYN	1251.0	2284.0	297	1
1412	2221	1192	2307	1356	2100	1046	2508
UOW	2235.0	1848.0	46	1
2153	1551	2197	1912	2188	1998	2404	1932
IEX	3552.0	4291.0	210	1
3681	4483	3492	4595	3498	4021	3537	4066
FLY	2674.0	2520.0	237	1
2711	2453	2550	2441	2576	2704	2859	2485
VLA	3577.0	1215.0	190	1
3517	970	3460	1285	3642	1384	3691	1221
XZJ	3789.0	3907.0	120	1
3592	4009	3728	3893	3886	3732	3952	3997
VZP	3657.0	613.0	174	1
3657	239	3620	655	3677	735	3675	825
PAX	3208.0	2166.0	27	1
3502	2331	3107	1935	3117	2024	3109	2374
URW	2734.0	4028.0	108	1
2644	3955	2868	4105	2615	3894	2810	4160
UMJ	1741.0	3837.0	217	1
2013	3554	1754	3792	1487	4093	1712	3909
DBV	759.0	476.0	159	1
857	534	591	344	966	410	624	619
GXP	891.0	950.0	93	1
734	935	1071	1111	916	698	845	1057
LKW	3807.0	2517.0	52	1
3917	2645	3994	2489	3612	2503	3707	2432
VXB	333.0	4335.0	121	1
565	3961	176	4488	363	4479	229	4414
DCT	3351.0	3468.0	79	1
3390	3446	3138	3510	3431	3602	3447	3314
DQR	2497.0	1283.0	262	1
2699	1172	2483	1269	2483	1432	2326	1262
ZPT	1032.0	2813.0	231	1
948	3077	980	2711	1232	2848	969	2618
IKR	1396.0	591.0	29	1
1348	524	1302	889	1628	571	1309	383
LIB	3150.0	1232.0	30	1
3082	1220	3416	998	2885	1375	3219	1337
GEF	3748.0	2092.0	173	1
3686	2207	3763	2049	3640	1929	3904	2185
XRI	2455.0	3122.0	211	1
2484	3150	2520	3141	2315	3043	2502	3157
SFA	763.0	4198.0	78	1
648	4002	887	4490	833	4289	685	4011
RYQ	3555.0	2798.0	225	1
3754	2915	3661	2710	3318	2774	3488	2796
NSI	3943.0	1131.0	10	1
3821	949	4046	1195	4148	1004	3758	1378
JED	2696.0	3494.0	232	1
2564	3635	2908	3445	2508	3508	2806	3390
QIW	385.0	877.0	203	1
261	1019	335	854	437	859	507	778
JDJ	1396.0	3921.0	54	1
1483	3735	1414	3681	1411	4085	1279	4185
LGF	1541.0	1061.0	67	1
1656	952	1702	1178	1403	1163	1404	951
VWJ	1721.0	1341.0	220	1
1644	1571	1519	1268	1769	1210	1952	1317
THU	1217.0	1815.0	155	1
1252	1764	1205	1585	1393	2050	1021	1862
PWQ	414.0	1979.0	79	1
733	1882	179	2030	198	1944	548	2061
MRE	2703.0	3074.0	57	1
2593	2993	2750	3128	2850	3200	2622	2976
TZH	2175.0	3820.0	5	1
2215	4016	2242	3618	2120	3667	2123	3981
NAP	3059.0	645.0	213	1
2964	794	3087	675	3048	395	3138	716
AQP	4337.0	3890.0	151	1
4111	3985	4209	3709	4560	3704	4471	4163
