MZP	1595.0	2799.0	36	1
1740	2866	1471	2745	1639	2756	1531	2830
ETE	3694.0	2248.0	250	1
3858	2137	3783	2171	3381	2149	3755	2538
ZAU	1984.0	1798.0	207	1
1911	1899	2038	1837	2213	1787	1777	1671
KSV	3990.0	4342.0	284	1
4004	4109	3947	4283	3854	4437	4155	4541
URZ	1127.0	2786.0	266	1
1077	2771	1313	2773	882	2823	1237	2778
NWG	1060.0	3659.0	195	1
880	3551	893	3692	1148	3564	1320	3831
DAF	3066.0	988.0	189	1
2967	1064	3065	803	2969	884	3265	1203
WYR	3018.0	2914.0	61	1
2890	3276	3141	2753	2952	2766	3091	2861
MAS	1646.0	2985.0	78	1
1664	2923	1600	2928	1650	3044	1673	3045
IUK	3110.0	2198.0	208	1
3041	2294	3162	1900	3335	2429	2905	2171
MIG	1406.0	3324.0	283	1
1278	3209	1485	3450	1341	3251	1521	3386
OQP	2428.0	1893.0	53	1
2445	1641	2256	2189	2448	1947	2566	1795
OXO	3131.0	3817.0	150	1
3005	3754	3200	3868	3292	3876	3027	3770
ZPN	3770.0	3241.0	165	1
3521	3067	3877	3350	3844	3138	3840	3412
GRG	852.0	3119.0	215	1
665	3074	841	3032	964	3108	940	3262
LZF	2247.0	3059.0	283	1
2186	3121	2483	3194	2094	3015	2228	2906
KJC	1854.0	3971.0	135	1
1986	4005	2060	3916	1656	3937	1715	4027
CXJ	2229.0	1456.0	254	1
2040	1406	2059	1585	2499	1371	2319	1462
QPB	3663.0	1675.0	223	1
3609	1888	3521	1686	3788	1567	3737	1561
HJW	2504.0	3594.0	56	1
2494	3710	2454	3376	2554	3420	2516	3870
TAJ	1365.0	766.0	169	1
1547	811	1509	977	1241	513	1163	763
DVM	2281.0	3708.0	211	1
2119	3437	2441	3810	2316	3788	2251	3800
XAA	3686.0	1059.0	29	1
3607	1362	3728	1013	3710	1018	3702	845
PMS	654.0	1701.0	145	1
394	1669	754	1875	675	1683	793	1580
QEJ	2217.0	4227.0	165	1
2446	4285	2410	4180	2049	4120	1963	4325
WYP	1975.0	2277.0	275	1
2047	2251	1747	2392	2214	2265	1894	2202
MUG	3387.0	2773.0	169	1
3441	2730	3609	3038	3175	2779	3325	2548
CRK	4129.0	3501.0	283	1
4190	3492	3967	3766	4243	3381	4117	3367
PWH	1246.0	2336.0	149	1
1534	2381	1182	2518	1013	2052	1257	2393
YQE	4447.0	1052.0	242	1
4385	888	4410	1028	4346	1046	4649	1246
NNX	1828.0	3574.0	151	1
1731	3517	2068	3477	1672	3447	1842	3856
LWU	1904.0	2075.0	67	1
1940	1968	1998	2008	1865	2181	1816	2145
TXR	1151.0	1377.0	110	1
1277	1236	1390	1593	970	1352	968	1327
XOQ	455.0	3554.0	207	1
379	3416	392	3700	533	3742	516	3359
LDT	4108.0	1224.0	219	1
4111	1274	4038	1093	4059	1373	4224	1156
UTO	4273.0	1601.0	192	1
4421	1636	4282	1741	4263	1509	4127	1518
DJZ	1736.0	4266.0	296	1
1734	4291	1855	4336	1903	4358	1455	4079
QLF	4200.0	898.0	283	1
4157	689	4203	1072	4329	1027	4111	807
QNW	4265.0	2920.0	234	1
4392	2958	4039	2791	4229	2856	4403	3077
JXL	3184.0	4301.0	126	1
3257	4420	3197	4102	3062	4419	3220	4266
KME	771.0	4070.0	25	1
776	3871	711	4045	537	4262	1062	4103
GQZ	620.0	927.0	124	1
691	818	711	1056	538	812	540	1024
ENO	2589.0	4215.0	21	1
2463	4446	2688	4187	2654	4023	2554	4206
CVN	1098.0	1836.0	129	1
1282	1989	936	1700	1207	1859	969	1799
KJS	4354.0	2015.0	203	1
4482	2118	4168	2184	4323	1899	4446	1862
DLE	552.0	2056.0	296	1
659	2110	422	1933	765	2095	362	2089
OAF	2976.0	4224.0	45	1
2840	4339	3035	4114	2973	4252	3056	4192
ULW	3683.0	561.0	87	1
3672	652	3877	692	3532	660	3654	243
RRK	3756.0	3832.0	23	1
3708	3794	3730	3900	3702	3743	3884	3894
HJA	772.0	2261.0	144	1
860	2252	949	2458	811	2188	471	2147
