XTM	1353.0	2899.0	341	1
1115	3122	1299	2712	1484	2773	1515	2990
IWC	2606.0	1942.0	495	1
2416	1950	2693	1911	2800	1889	2518	2018
TPF	3820.0	2534.0	476	1
4051	2511	3718	2628	3550	2387	3963	2613
CLC	3199.0	4101.0	303	1
3161	4148	3274	4066	3080	4127	3281	4063
IFA	3975.0	1127.0	333	1
4119	963	3656	1235	3991	1083	4135	1227
WSN	2958.0	559.0	290	1
2768	813	3036	505	2954	523	3077	396
ZVM	901.0	3984.0	460	1
913	3903	1080	3931	827	3899	787	4206
RES	3024.0	2365.0	475	1
2843	2333	3253	2555	2769	2502	3231	2073
PXN	3872.0	4247.0	269	1
3709	4399	4168	4346	3862	4096	3750	4150
XIH	1681.0	3855.0	401	1
1686	3869	1487	3884	1821	3836	1733	3832
RTF	1205.0	639.0	496	1
1363	449	1241	807	876	707	1341	595
RKM	2538.0	3226.0	308	1
2425	3161	2682	3318	2580	3455	2468	2973
TDT	2138.0	1864.0	326	1
1989	1820	2308	1831	1971	1770	2284	2037
IMQ	1720.0	2349.0	234	1
1555	2513	1695	2412	1851	2433	1780	2041
MMQ	2290.0	3799.0	271	1
2259	3611	2334	3637	2044	4048	2523	3900
IYN	991.0	3691.0	475	1
824	3665	1189	3636	896	3665	1058	3801
VCI	677.0	1921.0	495	1
707	1795	900	1884	613	1955	490	2051
BJY	2406.0	1461.0	353	1
2117	1382	2419	1392	2557	1574	2534	1497
OKJ	3569.0	4194.0	321	1
3462	4091	3665	4316	3443	4055	3709	4317
LSX	2825.0	1339.0	300	1
2732	1386	2713	1124	3034	1335	2821	1513
ISI	1593.0	1056.0	304	1
1709	1117	1446	916	1722	1067	1498	1125
YQN	2432.0	2700.0	206	1
2331	2674	2176	2663	2668	2711	2555	2752
SDK	1656.0	668.0	406	1
1775	887	1482	434	1849	766	1520	585
SDC	2847.0	3539.0	233	1
2994	3802	2744	3526	2858	3386	2795	3442
NAC	2022.0	3368.0	366	1
2135	3334	2110	3326	2132	3521	1712	3294
VTM	4037.0	3572.0	491	1
3794	3786	4291	3387	4080	3455	3984	3662
INO	1324.0	3316.0	475	1
1449	3445	1291	3318	1134	3253	1423	3249
JHO	3466.0	3728.0	374	1
3724	3825	3627	3370	3264	3916	3250	3803
RAE	1019.0	1296.0	439	1
1101	1102	1006	1100	1019	1451	950	1533
JZI	441.0	3077.0	476	1
300	3178	496	3135	601	2862	369	3135
QQG	1870.0	4283.0	312	1
1765	4231	2130	4573	1804	4217	1781	4113
HXE	578.0	2493.0	355	1
675	2445	594	2688	341	2681	704	2159
RGN	897.0	3185.0	281	1
995	3282	843	3345	760	3049	991	3065
LRV	3572.0	3058.0	321	1
3641	2959	3527	3148	3696	3297	3425	2831
JYB	1263.0	2392.0	478	1
1177	2380	1379	2460	1150	2254	1349	2477
SXC	1509.0	1856.0	396	1
1267	1937	1731	1670	1627	1935	1413	1885
QCP	4084.0	1977.0	269	1
3977	1804	4104	2090	4278	1862	3979	2155
OMQ	1309.0	3606.0	394	1
1403	3466	1222	3722	1281	3629	1332	3609
EZW	2165.0	2934.0	394	1
2198	3089	2035	2832	2154	2971	2274	2844
XQP	4149.0	2886.0	357	1
4338	3020	3944	2917	4120	2823	4194	2784
UEM	2364.0	2450.0	258	1
2409	2239	2637	2468	2267	2466	2145	2627
TXF	3622.0	815.0	324	1
3634	631	3685	916	3362	768	3810	947
DSY	4030.0	365.0	262	1
4304	260	4083	279	3904	657	3831	264
UKS	2101.0	325.0	274	1
1982	374	2031	370	2396	234	1995	323
BLN	651.0	1375.0	378	1
462	1266	799	1425	679	1485	667	1325
ERU	1845.0	2720.0	465	1
1776	2844	1713	2647	2012	2644	1882	2745
JES	4375.0	3499.0	474	1
4313	3661	4443	3274	4426	3499	4321	3565
WKO	1417.0	4158.0	484	1
1199	4225	1508	4088	1524	3951	1439	4371
VKY	525.0	3791.0	451	1
358	3562	346	3974	759	3931	639	3698
GLO	2522.0	1712.0	291	1
2593	1650	2624	1754	2530	1673	2342	1773
