KSY	3747.0	1276.0	86	1
3867	1409	3608	1538	3724	1144	3791	1016
IKY	583.0	1579.0	230	1
524	1700	705	1444	553	1503	552	1669
CHN	692.0	3251.0	6	1
837	3418	630	2919	470	3298	834	3372
UNN	1653.0	3130.0	192	1
1798	3086	1768	3290	1749	3174	1297	2973
VSG	2379.0	4420.0	236	1
2503	4452	2167	4341	2399	4561	2450	4326
KXM	1068.0	964.0	242	1
1150	1053	1204	889	783	944	1138	970
JPT	3631.0	726.0	295	1
3762	724	3536	533	3446	1008	3780	639
TOU	4323.0	3281.0	76	1
4341	3396	4475	3353	4214	3325	4264	3053
OOP	1153.0	3483.0	89	1
1105	3506	1261	3365	1110	3716	1138	3345
OEP	2671.0	3912.0	247	1
2543	3737	2980	3746	2546	4097	2615	4068
SOQ	2848.0	2162.0	167	1
2953	2345	2905	2158	2727	2280	2807	1867
ICR	4174.0	2687.0	234	1
3939	2432	4168	2766	4243	2668	4346	2882
QKY	3165.0	3102.0	15	1
3455	2963	3128	2906	2993	3362	3086	3180
EOL	1610.0	3577.0	37	1
1817	3549	1428	3523	1642	3662	1553	3577
IFT	3428.0	2402.0	42	1
3452	2307	3221	2420	3351	2314	3690	2570
TUC	2250.0	822.0	163	1
2392	684	2297	966	2164	786	2148	852
XON	1576.0	566.0	126	1
1523	607	1340	662	1737	273	1704	723
DLU	3280.0	2069.0	93	1
3408	1757	3011	2159	3419	2224	3285	2139
SRF	1317.0	2557.0	65	1
1143	2497	1243	2565	1434	2661	1449	2505
TRK	897.0	2089.0	204	1
793	2002	1047	1833	1034	2175	717	2348
HHM	4089.0	1419.0	27	1
4196	1607	3950	1160	4048	1545	4163	1366
OYQ	1958.0	2602.0	180	1
1797	2361	1859	2816	2035	2849	2142	2383
PZB	321.0	2639.0	206	1
221	2859	209	2518	367	2578	490	2604
HRD	1994.0	1133.0	10	1
1725	1209	2017	1065	2073	1133	2164	1125
GMS	3211.0	814.0	109	1
2997	880	3256	885	3329	777	3262	717
VRE	1389.0	1508.0	27	1
1251	1462	1420	1443	1484	1511	1402	1617
YIL	1102.0	420.0	22	1
1077	743	896	266	1312	218	1126	454
UQS	2893.0	1372.0	176	1
2993	1629	2664	1354	3080	1294	2835	1212
VXN	4025.0	3119.0	20	1
4036	3330	4118	3273	4192	2926	3757	2948
PCH	478.0	535.0	136	1
216	591	521	575	413	538	762	437
GMU	1608.0	2034.0	79	1
1734	2090	1451	2096	1595	1820	1653	2131
IEZ	2806.0	2993.0	16	1
2954	2746	2667	3264	2705	2912	2899	3050
OIF	3682.0	1911.0	2	1
3614	1839	3892	1759	3552	1983	3672	2065
WOL	3999.0	4067.0	27	1
3802	4067	3832	4248	4101	3836	4264	4120
KGC	2326.0	1380.0	151	1
2412	1504	2186	1337	2498	1169	2209	1513
KXI	4349.0	1172.0	233	1
4209	1264	4376	1126	4320	1237	4494	1063
BUR	1606.0	4089.0	192	1
1633	4447	1772	4058	1380	3947	1639	3904
KFJ	2036.0	4059.0	48	1
2188	3728	2056	4178	1974	4089	1928	4242
GAZ	2404.0	3228.0	68	1
2222	3314	2609	3502	2280	3126	2508	2971
OXG	1731.0	856.0	175	1
1939	746	1619	812	1648	983	1720	884
HLK	3467.0	3647.0	93	1
3418	3714	3478	3521	3478	3696	3494	3660
MTE	4011.0	2087.0	244	1
4022	2088	4171	2178	3948	1958	3904	2126
GKC	1030.0	2955.0	158	1
1007	3237	1220	3071	1057	2758	837	2756
JJZ	3900.0	3628.0	215	1
4008	3765	3888	3555	4053	3533	3654	3659
MCZ	579.0	2287.0	296	1
451	2270	694	2453	510	2275	663	2151
WVW	1790.0	1676.0	110	1
1657	1766	1642	1513	1987	1614	1877	1811
OWW	1616.0	2538.0	90	1
1531	2456	1693	2692	1717	2512	1526	2492
IVJ	632.0	4555.0	99	1
597	4478	378	4580	729	4638	825	4524
YJK	2407.0	2739.0	198	1
2568	2661	2357	2828	2372	2717	2333	2752
YRG	3528.0	4065.0	119	1
3305	4394	3485	3926	3772	3916	3550	4024
