EHV	1605.0	2935.0	390	1
1618	2855	1434	2927	1511	2856	1858	3103
IUS	3688.0	4102.0	405	1
3678	3914	3507	4141	3691	4106	3877	4247
ZCH	600.0	3230.0	302	1
759	3062	550	3435	529	3471	562	2955
APG	3911.0	368.0	211	1
3774	148	3867	466	4077	365	3927	493
ABF	1525.0	2370.0	203	1
1469	2330	1558	2101	1432	2625	1644	2427
AYD	3853.0	1641.0	223	1
3979	1815	3818	1768	3642	1342	3975	1640
ZMN	3274.0	3212.0	376	1
3378	3192	3081	3249	3328	3182	3312	3227
NAS	3139.0	985.0	387	1
3261	943	3105	1050	3093	924	3099	1026
VNN	409.0	3151.0	302	1
453	3302	464	3012	521	3276	201	3015
EPF	3893.0	2204.0	373	1
4126	2368	3818	2077	3677	2191	3954	2182
OLL	2674.0	1569.0	241	1
2825	1846	2762	1625	2512	1453	2599	1352
BCZ	4246.0	3975.0	477	1
4464	3943	4100	3938	4116	4175	4304	3844
WTJ	3280.0	1960.0	375	1
3268	2108	2999	1913	3428	1912	3428	1910
SVH	610.0	1899.0	286	1
530	2008	772	1622	456	2133	684	1836
TIE	1566.0	3662.0	244	1
1400	3720	1560	3559	1558	3560	1747	3812
JXD	2772.0	3688.0	314	1
2522	3731	2906	3565	2984	3720	2677	3739
LBG	911.0	3907.0	468	1
1085	3784	854	3960	710	3917	998	3968
CFW	4120.0	3419.0	442	1
4064	3608	4290	3388	4058	3306	4068	3376
LXM	3589.0	3505.0	442	1
3483	3524	3591	3739	3787	3388	3497	3371
QSC	2229.0	4160.0	299	1
2068	3941	2257	4110	2389	4102	2203	4490
VJF	4235.0	1582.0	299	1
4043	1753	4536	1834	4138	1445	4225	1299
PLB	3858.0	2785.0	398	1
3920	2722	3966	2838	3882	2861	3667	2719
DUG	2536.0	1004.0	263	1
2506	1092	2607	746	2580	1142	2453	1039
IQU	2003.0	3642.0	348	1
2006	3451	2033	3673	2127	3819	1849	3627
FPZ	3345.0	3766.0	485	1
3282	3740	3419	3704	3250	3827	3430	3794
ESY	1121.0	3008.0	298	1
1141	3003	927	2950	1166	2819	1252	3263
PZQ	2186.0	494.0	316	1
2220	574	2183	495	2217	482	2124	427
ZMJ	543.0	1044.0	379	1
680	982	441	941	316	1249	736	1006
VGI	3036.0	2607.0	437	1
3227	2733	2911	2930	3023	2365	2984	2400
AMP	2201.0	1730.0	232	1
2234	1883	2020	1441	2306	1981	2245	1616
MJY	336.0	531.0	381	1
121	515	486	683	491	521	246	405
BPW	3174.0	3089.0	383	1
3212	3177	3069	3000	3404	3005	3011	3175
LQY	3275.0	420.0	437	1
3462	425	3119	400	3050	346	3469	509
GRM	3545.0	1105.0	247	1
3563	962	3548	1165	3753	1318	3319	976
FQG	2600.0	2938.0	203	1
2598	3022	2363	2820	2728	2920	2711	2992
PHR	1990.0	500.0	387	1
2048	369	1988	557	1974	359	1951	718
MOG	395.0	4331.0	410	1
229	4539	556	4290	315	4046	481	4450
EPY	3995.0	2578.0	257	1
4006	2545	3933	2683	3837	2638	4205	2448
SYP	716.0	2321.0	493	1
961	2333	770	2151	637	2260	499	2541
XKQ	3372.0	1623.0	433	1
3333	1625	3612	1514	3177	1709	3367	1645
HUW	2373.0	1956.0	346	1
2393	1743	2343	2066	2417	2174	2341	1843
JRI	3003.0	1374.0	426	1
2947	1655	3067	1279	3071	1281	2927	1281
HKU	1815.0	2044.0	466	1
1964	1921	1819	1944	1713	2130	1765	2184
LYD	1945.0	987.0	335	1
1806	1174	2221	1164	2038	795	1717	816
NBB	1467.0	1097.0	275	1
1565	1035	1174	833	1434	1144	1698	1377
TDG	2951.0	3871.0	490	1
2825	3954	3144	3818	2904	3845	2931	3869
VFX	3966.0	3259.0	411	1
4027	3310	3865	3102	3936	3459	4038	3167
SKV	3080.0	4249.0	203	1
3232	4247	3072	4245	3058	4172	2959	4333
SLJ	2717.0	439.0	353	1
2599	563	2694	209	2793	274	2785	713
TPM	2080.0	2419.0	256	1
1968	2707	2221	2457	2063	2227	2070	2288
