ZLB	2631.0	4206.0	87	1
2865	4179	2440	4311	2869	4290	2350	4044
BMU	738.0	889.0	277	1
650	1011	944	784	707	857	651	904
FBE	547.0	2566.0	238	1
820	2554	477	2773	436	2535	456	2402
UIR	973.0	2399.0	37	1
1132	2503	836	2188	1046	2645	881	2262
HHQ	950.0	2937.0	42	1
730	2859	1065	2806	1154	3071	853	3014
TYG	3152.0	1156.0	3	1
3032	1246	3014	1312	3420	1143	3144	925
NQV	3531.0	3298.0	251	1
3572	3457	3489	3127	3521	3319	3545	3289
BIR	2022.0	1636.0	174	1
1770	1676	2304	1600	2040	1591	1977	1678
VHN	2041.0	3173.0	30	1
1840	3370	2191	3079	1855	2995	2281	3250
AZP	1735.0	2121.0	164	1
1550	1917	1922	2093	1846	2345	1622	2132
UYK	1400.0	4412.0	14	1
1206	4114	1560	4388	1508	4548	1326	4601
BHM	3378.0	2088.0	186	1
3164	2015	3353	2289	3376	2192	3622	1856
DZO	3252.0	3601.0	152	1
3361	3682	3053	3426	3125	3582	3470	3716
TYO	2920.0	3425.0	205	1
3038	3327	2878	3674	2992	3398	2775	3301
JQN	2096.0	2141.0	224	1
1936	1944	2079	2190	2350	2126	2019	2307
XNL	3453.0	1677.0	139	1
3350	1824	3610	1394	3412	1722	3443	1769
LMY	1480.0	1344.0	56	1
1421	1211	1522	1262	1295	1693	1682	1212
TXU	2464.0	3098.0	169	1
2483	3158	2410	2969	2421	3178	2544	3087
HQA	2525.0	726.0	263	1
2370	672	2595	657	2597	696	2541	879
AMK	4165.0	3426.0	260	1
4336	3416	4403	3411	3935	3644	3986	3236
TOJ	773.0	1795.0	170	1
890	1921	720	1920	520	1646	964	1694
QTJ	4085.0	2474.0	204	1
4084	2593	4254	2668	4066	2369	3939	2269
DEM	530.0	1453.0	136	1
482	1367	560	1617	339	1352	742	1478
DAZ	2347.0	1369.0	278	1
2314	1282	2356	1652	2399	1285	2321	1257
PUD	4136.0	1978.0	218	1
4220	1882	4335	2111	3926	1715	4065	2206
RDH	468.0	4157.0	90	1
286	4051	349	4329	712	4075	527	4175
JCK	1513.0	2823.0	210	1
1381	2665	1729	3037	1323	2642	1621	2949
LLQ	1419.0	1936.0	111	1
1515	1897	1517	2118	1341	1884	1304	1848
WQE	1416.0	388.0	120	1
1737	431	1182	354	1325	399	1421	368
QGJ	1844.0	3900.0	266	1
1839	3895	1896	4032	1793	3882	1850	3792
UHC	2607.0	2564.0	228	1
2366	2612	2516	2375	2841	2669	2705	2601
COR	887.0	3526.0	15	1
733	3276	1106	3723	724	3577	988	3531
LEU	4242.0	610.0	83	1
4125	677	4097	409	4229	512	4520	842
QRZ	772.0	4217.0	7	1
728	4175	807	4348	739	4079	815	4268
SOM	3286.0	2495.0	71	1
3146	2487	3346	2445	3392	2342	3263	2706
NMO	3827.0	628.0	230	1
3798	489	3771	547	3987	833	3754	645
SRN	2885.0	1444.0	200	1
2979	1406	2821	1431	2892	1634	2851	1307
GZG	3949.0	4012.0	76	1
4202	4280	3747	3782	4076	4014	3771	3972
RVU	2096.0	4072.0	69	1
2254	4208	2043	4090	2156	3943	1933	4048
BQI	2661.0	3846.0	271	1
2677	3734	2728	3927	2634	3824	2608	3899
LXZ	2137.0	1028.0	202	1
2294	966	2275	1025	1961	922	2020	1200
ZTB	2039.0	3657.0	158	1
1963	3613	1965	3619	2226	3599	2002	3799
CHH	1560.0	3390.0	177	1
1791	3382	1467	3622	1382	3315	1602	3243
HHL	2722.0	1614.0	191	1
2582	1927	2771	1508	2767	1369	2770	1652
TGP	4065.0	1398.0	23	1
4161	1127	4043	1545	4065	1588	3992	1332
QEG	1748.0	1040.0	142	1
1568	849	1849	1182	1757	1135	1819	995
CGY	3105.0	4036.0	22	1
2996	4116	3214	3920	3237	4183	2975	3928
DJC	3520.0	4195.0	193	1
3642	4043	3594	4156	3573	4341	3271	4241
SHJ	4270.0	2920.0	98	1
4243	3038	4134	2790	4369	3101	4337	2752
RFC	1968.0	553.0	254	1
1987	540	1962	585	1912	506	2013	582
