TBT	1085.0	2417.0	174	1
985	2639	1090	2165	1067	2328	1199	2536
YXD	2094.0	3487.0	239	1
1934	3449	1981	3506	2263	3255	2198	3738
MSW	369.0	2996.0	116	1
251	3037	270	2789	408	3197	547	2964
CWL	3363.0	422.0	179	1
3474	408	3422	247	3273	479	3284	555
UQP	1605.0	3658.0	152	1
1513	3733	1523	3646	1711	3576	1673	3678
KMI	1052.0	3329.0	12	1
1074	3229	1116	3423	897	3298	1123	3367
SZK	2591.0	1203.0	149	1
2498	1077	2710	1229	2650	1078	2508	1428
QID	2505.0	3475.0	179	1
2320	3621	2700	3592	2323	3410	2680	3277
KLT	662.0	4073.0	31	1
786	3923	805	4201	421	4083	639	4088
XCC	3918.0	4351.0	7	1
3971	4421	3740	4148	3982	4371	3981	4465
MRV	4050.0	1770.0	17	1
4157	1362	4154	1917	3839	1894	4053	1908
TCT	3477.0	4160.0	102	1
3556	3956	3260	4388	3547	3964	3545	4332
LIS	4079.0	3673.0	286	1
4107	3938	4086	3620	4157	3531	3968	3603
LSY	2301.0	2001.0	114	1
2128	1862	2471	2060	2403	2066	2205	2019
QDU	2508.0	2258.0	33	1
2435	2401	2530	2329	2464	2234	2606	2071
YVK	2616.0	2942.0	187	1
2500	3038	2945	2985	2471	2898	2550	2849
TIE	682.0	694.0	63	1
462	710	689	585	539	878	1038	603
FHY	3614.0	2633.0	253	1
3731	2841	3775	2435	3310	2397	3642	2861
FVX	1393.0	538.0	138	1
1308	515	1399	494	1363	306	1503	839
YRL	3550.0	3474.0	40	1
3565	3295	3586	3705	3551	3443	3499	3454
XJO	4109.0	2330.0	48	1
4044	2401	4233	2193	3942	2366	4220	2363
KMW	1340.0	4051.0	36	1
1330	4297	1411	3874	1305	4298	1317	3737
QIG	1872.0	2609.0	253	1
2052	2530	1913	2555	1622	2519	1903	2835
BAP	3094.0	1787.0	29	1
2915	1762	3334	1710	3159	1748	2968	1928
QYK	2224.0	813.0	57	1
1902	767	2379	591	2376	808	2241	1088
NPW	1268.0	2841.0	234	1
1279	2722	1064	3182	1216	2741	1516	2722
DRP	3255.0	2232.0	54	1
3325	2080	3055	2111	3443	2340	3199	2397
OVS	3805.0	449.0	276	1
3765	218	3822	548	3999	257	3636	776
FSR	3707.0	1100.0	115	1
3647	1402	3701	1186	3801	839	3679	973
FGP	739.0	2469.0	235	1
826	2589	480	2218	726	2477	927	2593
PHL	2577.0	2558.0	200	1
2419	2505	2644	2547	2693	2606	2552	2577
KTJ	1282.0	2247.0	101	1
1248	2411	1327	1911	1335	2221	1221	2447
OYF	671.0	509.0	146	1
662	511	853	561	509	508	662	456
UJN	4197.0	4075.0	186	1
4319	4128	4352	3990	4153	4104	3964	4078
BRQ	4056.0	3231.0	299	1
4000	3106	4010	3243	4116	3148	4101	3430
FGV	1821.0	4032.0	88	1
2025	3773	1541	4073	1792	3964	1928	4321
HVN	2670.0	1688.0	130	1
2481	1718	2727	1638	2746	1640	2729	1756
QQS	792.0	1480.0	230	1
823	1425	860	1351	774	1734	714	1410
PFU	758.0	1998.0	209	1
805	2046	695	1935	712	2122	820	1889
CBV	2729.0	3863.0	266	1
2810	3768	2573	3948	2552	3626	2983	4111
MPX	2242.0	3921.0	48	1
2366	3789	2270	4140	2214	3972	2121	3786
FWJ	1741.0	2009.0	271	1
1750	2194	1900	1727	1729	2285	1585	1831
AFY	3207.0	3509.0	82	1
3065	3741	3200	3506	3356	3448	3209	3344
WFR	403.0	3572.0	131	1
372	3388	215	3513	680	3548	346	3839
NQF	1170.0	632.0	286	1
1158	482	1245	747	1231	470	1048	830
VTX	3022.0	1562.0	186	1
2844	1686	3148	1390	2976	1507	3120	1668
HMD	3407.0	3054.0	299	1
3391	2897	3201	3096	3723	3160	3316	3065
SMD	3155.0	859.0	127	1
2938	1101	3223	740	3232	556	3229	1041
CPJ	1793.0	475.0	266	1
1922	267	1699	582	1647	577	1906	475
LXB	2624.0	677.0	25	1
2782	816	2501	584	2505	634	2709	677
