NEN	1117.0	2222.0	223	1
1010	2291	1212	2267	1222	2214	1026	2118
SHU	2987.0	2941.0	62	1
3115	3030	3144	3055	2948	2803	2741	2878
SSS	3710.0	2613.0	203	1
3573	2766	3899	2516	3445	2656	3925	2516
EDH	2033.0	4106.0	170	1
1984	4053	1983	4090	2015	4308	2153	3975
LMU	813.0	4076.0	267	1
769	4021	758	4243	708	3794	1019	4249
DHW	2380.0	1401.0	236	1
2351	1425	2651	1252	2237	1396	2284	1534
ECG	4058.0	763.0	254	1
3928	501	3961	934	4220	889	4123	728
PSS	3643.0	3400.0	15	1
3602	3271	3803	3414	3392	3659	3775	3258
VJL	2231.0	2744.0	173	1
2409	2546	2153	2576	2405	2970	1959	2884
PZK	3900.0	2327.0	56	1
3724	2301	3825	2244	3827	2470	4227	2295
ZII	1050.0	1626.0	63	1
927	1721	890	1622	1055	1454	1329	1710
DGU	2396.0	2357.0	138	1
2221	2491	2245	2222	2530	2500	2591	2215
OVB	4160.0	1481.0	56	1
4287	1655	4273	1246	3939	1663	4144	1362
XAU	3757.0	1599.0	79	1
3684	1473	3772	1656	3673	1430	3902	1838
AVJ	1895.0	764.0	233	1
1805	777	1783	950	1845	834	2147	496
PRZ	1173.0	2035.0	56	1
1024	2058	1096	2099	1386	2114	1188	1869
ZXX	3091.0	2661.0	270	1
2970	2705	3188	2552	3084	2647	3123	2740
KGH	432.0	461.0	295	1
447	500	367	488	507	337	410	519
WYP	3238.0	1010.0	144	1
3078	1045	3088	865	3552	1124	3237	1008
PUB	1669.0	1393.0	192	1
1781	1347	1457	1302	1759	1610	1681	1313
ACO	2768.0	1084.0	216	1
2695	1232	2662	1248	2877	762	2839	1094
JGK	3982.0	4077.0	69	1
3994	4243	4181	4302	3736	3872	4018	3892
GDS	2931.0	2056.0	86	1
3148	2211	2989	2020	2946	1848	2641	2146
YYR	751.0	1198.0	285	1
707	1216	609	1353	722	1164	967	1061
GPN	2841.0	3761.0	8	1
2823	3628	2611	3831	3152	3929	2780	3659
FRA	916.0	752.0	219	1
929	421	846	900	740	956	1152	731
UXZ	3319.0	1438.0	175	1
3250	1168	3399	1432	3171	1653	3459	1501
QEH	1088.0	2665.0	135	1
993	2689	1341	2620	820	2590	1201	2761
SVS	2275.0	1981.0	109	1
2361	1944	2533	1953	2085	2085	2123	1942
DXZ	1335.0	2944.0	199	1
1421	2960	1162	3174	1306	2824	1452	2821
FEI	301.0	760.0	157	1
367	627	305	928	273	770	262	715
NKR	641.0	2822.0	89	1
784	2813	604	2654	752	2991	425	2830
WUF	1755.0	3502.0	217	1
1514	3558	2006	3685	1997	3235	1506	3531
XKT	3995.0	3109.0	96	1
4098	3150	4126	3053	4101	3065	3658	3171
LDD	4129.0	2729.0	284	1
4323	2654	4150	2845	4030	2736	4015	2682
RVG	484.0	1572.0	119	1
543	1557	205	1569	658	1627	531	1537
NKS	3375.0	4181.0	18	1
3506	4233	3162	4014	3541	4349	3294	4128
FOS	1580.0	4244.0	290	1
1568	4315	1651	4408	1706	3846	1395	4409
CWA	1823.0	1980.0	59	1
1753	2290	1838	1982	1784	1883	1920	1765
QQO	2330.0	3443.0	66	1
2404	3373	2132	3359	2350	3466	2434	3574
NYX	4259.0	2091.0	0	1
4134	2243	4394	2212	4386	2033	4125	1878
BWJ	3033.0	3296.0	1	1
2925	3258	3203	3312	3121	3427	2884	3187
HCW	632.0	1993.0	135	1
744	2056	716	2007	587	1958	483	1954
BGK	3643.0	2056.0	1	1
3800	2174	3454	2217	3619	1850	3700	1984
XYE	835.0	3375.0	5	1
818	3282	902	3648	969	3245	653	3326
IUJ	2650.0	4400.0	275	1
2735	4437	2559	4413	2471	4499	2836	4251
DLY	513.0	4020.0	118	1
615	3993	636	4129	479	4080	323	3880
JJR	1545.0	2323.0	23	1
1560	2160	1264	2433	1679	2490	1679	2212
LME	1286.0	4003.0	263	1
1184	3883	1200	3868	1372	4200	1388	4061
FXH	414.0	3255.0	1	1
291	3100	600	3528	554	3182	213	3210
