UYX	3988.0	696.0	353	1
4182	626	4004	779	3739	436	4027	945
PAC	574.0	4254.0	266	1
488	4429	608	3954	706	4205	495	4430
WWG	2214.0	3959.0	272	1
2267	4272	1874	4006	2393	3876	2324	3682
TME	1663.0	3300.0	209	1
1670	3520	1732	3013	1430	3144	1822	3524
GFI	3148.0	1992.0	405	1
3306	2031	3272	2133	2932	1892	3084	1914
RFR	4139.0	1363.0	476	1
4059	1323	4184	1420	3969	1349	4347	1363
IDP	2585.0	4068.0	298	1
2852	4066	2503	4226	2412	4211	2576	3772
PWN	469.0	2383.0	382	1
402	2256	647	2279	327	2701	501	2298
RVO	2544.0	3124.0	303	1
2591	3018	2481	3009	2357	3457	2748	3015
BQJ	2037.0	2734.0	354	1
2316	2526	1857	2677	1956	2734	2019	3000
YQG	3151.0	2466.0	469	1
3417	2541	3070	2573	3218	2286	2900	2467
KBJ	3189.0	617.0	355	1
3213	746	2964	784	3363	247	3217	694
GRZ	2399.0	1482.0	366	1
2206	1350	2186	1568	2665	1234	2542	1778
ODE	3732.0	2926.0	293	1
3679	2676	3984	3119	3668	3059	3598	2852
XGW	2296.0	2154.0	332	1
2495	2285	2262	1916	2263	2193	2166	2224
WOB	3563.0	3210.0	455	1
3690	3148	3506	3338	3603	3153	3454	3204
NSX	664.0	820.0	472	1
677	664	585	931	665	838	729	847
EEV	798.0	3049.0	200	1
836	3209	811	3171	905	2860	640	2957
NCT	3626.0	1699.0	413	1
3473	1816	3763	1684	3831	1897	3440	1402
LWO	4131.0	3012.0	268	1
4032	2925	4043	3046	4352	2930	4100	3149
YWN	3775.0	3893.0	497	1
3783	3832	3623	3963	3634	4053	4061	3726
GUY	3089.0	3814.0	232	1
3104	3599	2987	3875	3141	3966	3124	3819
ZJK	3031.0	1624.0	465	1
3023	1705	3059	1741	3186	1548	2858	1504
MXH	3011.0	4106.0	233	1
3014	4040	3054	4145	3090	4252	2887	3988
XFU	4430.0	2170.0	482	1
4500	1992	4210	2023	4596	2323	4415	2343
NYT	4305.0	3679.0	284	1
4137	3605	4656	3783	4257	3766	4171	3562
IRP	1398.0	1618.0	354	1
1284	1567	1566	1838	1438	1599	1307	1468
JDP	1494.0	2072.0	339	1
1327	1841	1631	2189	1475	2243	1544	2015
PSF	3844.0	2436.0	209	1
3734	2594	4090	2266	3511	2282	4044	2603
MYT	1875.0	484.0	476	1
1640	500	2199	773	1857	364	1806	302
ZUH	3072.0	2958.0	311	1
2964	2997	3124	3032	3241	2767	2960	3037
FSJ	1656.0	2398.0	432	1
1750	2429	1536	2418	1829	2383	1510	2364
CLR	1414.0	4461.0	393	1
1546	4379	1521	4269	1231	4584	1358	4614
TZK	3598.0	1258.0	424	1
3386	1299	3935	1332	3404	1208	3670	1196
OVP	1172.0	831.0	299	1
1290	659	1159	928	1036	881	1205	859
FOX	4266.0	1216.0	397	1
4336	1294	4181	1202	4372	1150	4175	1220
BUA	1163.0	2902.0	387	1
1071	3135	1354	2800	1194	2646	1033	3029
AKO	4249.0	2675.0	407	1
4421	2804	4267	2566	4195	2706	4116	2627
FBC	2558.0	741.0	306	1
2359	942	2652	486	2636	657	2585	882
ZJD	1126.0	1915.0	231	1
920	2002	1106	1883	1249	2049	1232	1728
WKK	4469.0	3944.0	230	1
4592	3956	4474	4107	4386	3909	4424	3807
FED	4208.0	1759.0	453	1
4120	1947	4285	1506	4354	1699	4074	1884
KXY	1496.0	558.0	327	1
1523	809	1323	619	1624	456	1515	351
CMC	2781.0	2087.0	210	1
2913	2046	2795	2286	2669	1956	2749	2063
MDD	1960.0	1878.0	214	1
1991	1714	2089	2075	2026	1810	1736	1914
HKG	3008.0	1103.0	460	1
3214	1173	2710	1193	3161	1169	2948	878
EJF	1117.0	1181.0	354	1
1096	1191	1175	1409	1138	951	1059	1175
YOT	411.0	1738.0	332	1
677	1824	404	1689	355	1788	211	1651
EUX	4392.0	972.0	354	1
4393	903	4214	1026	4444	942	4520	1019
GWV	785.0	1126.0	473	1
576	995	762	1128	1001	1316	802	1067
