HGG	3744.0	3020.0	10	1
3669	3025	3947	3039	3943	3069	3418	2949
IHC	577.0	1776.0	35	1
298	1741	542	1642	699	1813	769	1910
REN	2745.0	1554.0	300	1
2672	1690	2811	1567	2737	1599	2762	1361
BGL	2381.0	3679.0	214	1
2206	3752	2624	3543	2258	3605	2438	3819
MEY	4100.0	3575.0	227	1
4110	3825	4045	3284	4139	3696	4108	3497
RIW	3846.0	2473.0	249	1
3512	2480	3995	2299	3956	2700	3922	2413
NEJ	4213.0	4375.0	214	1
4096	4215	4294	4483	4181	4240	4283	4565
ZVH	2840.0	2360.0	43	1
2839	2326	2821	2321	2970	2498	2733	2295
HXW	1161.0	1163.0	257	1
1265	1064	1265	1008	1161	1235	956	1346
WHV	917.0	627.0	184	1
973	623	869	649	977	737	851	501
FXE	3748.0	2063.0	16	1
3662	1789	3649	2152	3834	2282	3847	2031
OES	1832.0	2011.0	8	1
1779	1960	1938	2165	1657	1807	1954	2115
RIA	1867.0	1326.0	267	1
1944	1224	2058	1278	1937	1506	1530	1296
KEL	2185.0	3301.0	296	1
1865	3370	2391	3494	2320	3313	2165	3027
KXB	3604.0	726.0	66	1
3525	631	3597	450	3424	977	3870	847
BPG	2086.0	2638.0	285	1
1737	2809	2241	2638	2216	2392	2153	2716
WZG	4276.0	631.0	158	1
4329	830	4198	681	4459	348	4121	665
IHQ	3862.0	4016.0	150	1
3801	4093	3762	3940	4058	4147	3829	3887
GUJ	597.0	3306.0	223	1
802	3513	400	3522	630	3144	556	3047
TAL	3075.0	3017.0	215	1
2977	2711	3179	3234	3167	2907	2978	3216
KAB	1379.0	3648.0	283	1
1297	3581	1484	3695	1454	3726	1282	3590
TGM	4375.0	1167.0	148	1
4433	1174	4497	1410	4238	1002	4335	1082
HHC	3133.0	3559.0	211	1
2824	3616	3339	3371	3023	3558	3348	3694
GFQ	2135.0	457.0	223	1
2047	533	2145	599	2171	174	2178	524
HHN	560.0	2463.0	40	1
258	2509	475	2468	747	2294	760	2581
YRJ	3288.0	4236.0	50	1
3319	4415	3050	4103	3386	4202	3397	4224
KVM	2191.0	1459.0	87	1
2194	1363	2279	1510	2165	1412	2128	1552
UMT	1435.0	761.0	80	1
1194	747	1725	812	1324	692	1499	794
ZYR	1983.0	3714.0	46	1
1795	3498	2044	3892	1984	3870	2110	3598
IND	3159.0	2044.0	137	1
3264	1974	3094	2170	2967	2166	3313	1867
UPK	2902.0	1115.0	45	1
2873	1137	3185	1049	2694	1098	2857	1177
VRJ	384.0	364.0	87	1
689	406	165	187	393	328	290	537
PJE	750.0	4064.0	125	1
937	4217	638	3972	840	3992	586	4076
EKW	1008.0	2694.0	241	1
1164	2687	1061	2669	965	2577	842	2845
HVJ	3676.0	3332.0	240	1
3873	3175	3785	3366	3451	3260	3598	3527
DYU	2009.0	987.0	121	1
2248	1089	1852	1040	2034	861	1902	960
RXS	2156.0	3900.0	122	1
2147	3755	2120	3953	2162	4049	2198	3846
JPW	1098.0	3815.0	212	1
1101	3749	1127	3496	1036	4007	1129	4008
CNB	619.0	1230.0	243	1
786	1121	496	1326	792	1073	403	1402
VJD	763.0	2205.0	279	1
427	2286	944	2126	721	2229	962	2180
DJI	1153.0	1647.0	142	1
1181	1622	959	1450	1182	1825	1291	1691
WBF	1947.0	4395.0	137	1
2176	4312	1786	4591	2144	4193	1684	4484
TDK	2568.0	2472.0	146	1
2542	2606	2534	2317	2524	2546	2675	2420
KUM	4283.0	2079.0	21	1
4351	2096	4193	2203	4321	1893	4267	2125
VBR	2543.0	4148.0	121	1
2502	3923	2514	4211	2794	4379	2363	4081
PWO	3805.0	1107.0	122	1
3693	989	3696	1058	3960	1358	3873	1025
QQA	508.0	848.0	39	1
487	806	208	974	794	711	543	901
BLE	485.0	2843.0	144	1
269	2846	761	2952	557	2921	355	2653
OGF	3545.0	4258.0	44	1
3542	4428	3569	3984	3547	4221	3525	4400
GHL	2902.0	675.0	298	1
2777	409	3191	892	2652	648	2990	753
