ZLB	4372.0	3811.0	265	1
4149	3654	4524	3870	4264	3977	4551	3744
PEY	2896.0	3092.0	206	1
2762	3116	2725	3076	3047	3126	3051	3051
LHL	2799.0	2533.0	328	1
2854	2603	2566	2672	2954	2348	2822	2511
TAT	1070.0	1777.0	464	1
995	1680	1100	1656	942	1966	1246	1807
WDX	4304.0	3004.0	269	1
4249	3158	4389	2954	4422	3077	4159	2829
SQT	1517.0	1463.0	259	1
1649	1469	1434	1435	1377	1714	1611	1236
ZCZ	3246.0	4309.0	252	1
3279	4411	3249	4461	3007	4026	3449	4338
XAQ	4075.0	741.0	367	1
4077	724	4058	808	4218	801	3949	634
YIT	1896.0	3435.0	262	1
1883	3539	1938	3491	2089	3219	1674	3493
QCZ	3820.0	2296.0	452	1
3640	2384	3666	2480	4028	2152	3947	2170
BIV	4416.0	1349.0	309	1
4194	1340	4415	1124	4548	1323	4510	1612
BGR	3551.0	767.0	223	1
3373	921	3526	831	3694	486	3611	833
LTW	2855.0	1075.0	377	1
2868	1026	2683	867	2792	1313	3080	1095
WFV	2428.0	1126.0	352	1
2538	1182	2381	1287	2305	989	2489	1047
HFQ	708.0	415.0	262	1
878	678	627	158	745	408	584	419
IHV	3763.0	2971.0	446	1
3785	2858	3475	2952	3931	2997	3861	3080
HVA	749.0	1186.0	335	1
842	1330	676	1059	609	1308	871	1048
VAK	2290.0	2074.0	340	1
2166	2198	2406	1870	2059	2011	2531	2218
TQS	1219.0	3976.0	473	1
1120	3947	1349	3890	1082	3840	1327	4230
UZG	1532.0	580.0	272	1
1634	404	1561	790	1572	733	1363	396
UOF	2922.0	591.0	398	1
2961	765	2920	349	2888	756	2922	496
AGY	650.0	4134.0	435	1
795	4032	684	4326	612	4202	512	3976
FZS	2841.0	2087.0	224	1
2712	2101	2803	2135	3126	1844	2723	2271
GMN	1668.0	2756.0	227	1
1746	2841	1691	2700	1575	2486	1662	2999
LRB	2342.0	802.0	397	1
2294	954	2397	586	2347	752	2330	918
DOA	1267.0	1074.0	311	1
1398	975	1115	1030	1385	1181	1171	1110
WPT	2418.0	3767.0	486	1
2509	3672	2596	3560	2365	3828	2203	4010
OBB	1437.0	2750.0	394	1
1356	2718	1552	2780	1559	2786	1284	2717
LZQ	4380.0	2353.0	237	1
4041	2141	4317	2453	4611	2401	4551	2419
RWB	3338.0	1742.0	387	1
3471	1752	3314	1846	3292	1756	3278	1617
MDP	814.0	1973.0	378	1
650	2090	881	1772	921	1897	804	2134
YEJ	1072.0	3164.0	264	1
1191	3218	1084	3417	1273	3049	742	2973
JNO	608.0	3029.0	230	1
665	2961	577	2944	565	3051	625	3162
GFQ	4022.0	303.0	212	1
3926	127	4245	553	3987	331	3932	203
MYE	273.0	2259.0	250	1
177	2328	286	2207	368	2377	262	2125
EBM	417.0	1167.0	482	1
270	1172	526	1294	418	1199	456	1006
LRC	1972.0	572.0	254	1
1783	385	2214	683	1824	523	2070	697
MZB	4036.0	4437.0	381	1
4126	4636	3948	4250	3919	4391	4152	4474
ESD	1184.0	2684.0	443	1
1164	2832	1124	2528	1172	2645	1276	2733
OQO	2034.0	4258.0	486	1
2103	4376	2158	4299	2000	4079	1876	4280
NCP	4161.0	1821.0	269	1
3905	1677	4081	1989	4316	1743	4342	1877
FCH	3412.0	1129.0	462	1
3527	960	3080	975	3552	1098	3491	1484
GJN	3878.0	3781.0	448	1
3860	3690	4053	3772	4013	3618	3588	4045
XCT	2072.0	2399.0	318	1
1843	2406	2102	2432	2148	2258	2198	2502
SKY	3691.0	2001.0	469	1
3785	1981	3644	2055	3748	2045	3588	1924
ALW	2357.0	2862.0	441	1
2406	2762	2571	2847	2214	3077	2239	2763
SSJ	1506.0	2145.0	408	1
1290	2109	1471	2102	1566	2381	1698	1989
OLC	2061.0	2814.0	496	1
2077	2568	2127	3126	2183	2792	1860	2772
RKL	2656.0	3347.0	477	1
2412	3226	2650	3442	2603	3365	2961	3356
KWJ	3420.0	2640.0	364	1
3534	2618	3451	2725	3121	2368	3574	2850
