EAX	3286.0	3417.0	233	1
3376	3217	3029	3404	3326	3613	3415	3437
XNK	628.0	2691.0	39	1
531	2771	713	2707	445	2608	825	2679
ZNY	1478.0	1407.0	217	1
1239	1404	1641	1310	1579	1273	1455	1644
FSG	3315.0	4407.0	277	1
2983	4578	3372	4220	3473	4625	3434	4206
CYB	4237.0	1635.0	63	1
4327	1595	4256	1582	4123	1583	4242	1782
PTW	3442.0	2651.0	208	1
3590	2784	3225	2838	3322	2520	3633	2463
QFP	1394.0	2722.0	221	1
1537	2850	1575	2763	1142	2742	1325	2535
KFJ	835.0	537.0	118	1
728	580	905	475	622	361	1088	732
CZN	587.0	1763.0	300	1
768	1921	620	1846	566	1357	396	1928
KJQ	2125.0	580.0	238	1
2078	563	2001	439	2361	651	2062	668
VVY	2487.0	3948.0	110	1
2482	3895	2481	3886	2395	4076	2591	3935
DMC	2068.0	4429.0	8	1
2200	4476	2203	4302	2166	4377	1704	4561
KVW	3897.0	3261.0	175	1
3711	3105	3860	3523	3945	3226	4072	3192
YQG	2019.0	2840.0	50	1
1813	2767	1965	2946	2170	3007	2130	2642
OHI	1427.0	3574.0	267	1
1236	3724	1539	3593	1480	3586	1453	3394
HPP	1474.0	1940.0	208	1
1490	2270	1585	2034	1449	1764	1372	1693
GMC	1548.0	1172.0	243	1
1532	1249	1435	1136	1730	1157	1495	1149
KVA	638.0	2211.0	168	1
597	2490	763	2105	477	2182	717	2067
BFQ	4114.0	2429.0	173	1
3967	2262	4142	2529	4241	2366	4107	2562
DUL	1867.0	2117.0	84	1
1671	2138	1819	2216	2080	2038	1900	2078
OGN	360.0	3968.0	188	1
580	3886	246	3951	437	3883	179	4155
NAJ	1405.0	574.0	176	1
1541	914	1616	460	1108	509	1358	413
AIW	2305.0	2108.0	295	1
2282	2137	2215	2170	2451	1833	2272	2292
OEU	2030.0	3372.0	27	1
1757	3145	2008	3460	2237	3526	2121	3359
CTO	4153.0	552.0	168	1
4208	373	4118	718	4409	567	3877	551
QDJ	3257.0	574.0	34	1
3022	738	3370	403	3518	668	3120	488
MUB	2060.0	1170.0	130	1
1737	1203	2274	1400	2206	1057	2026	1022
EVA	4343.0	3629.0	150	1
4206	3680	4317	3816	4227	3530	4623	3493
HAU	2764.0	1218.0	39	1
2558	1103	2969	1160	2909	1306	2622	1303
KNZ	1844.0	3852.0	29	1
2007	3770	1722	3937	1951	3790	1699	3911
ZYH	3301.0	1864.0	29	1
3388	1747	3115	1944	3212	1963	3491	1805
MHP	1060.0	2035.0	98	1
1159	2176	1156	1800	936	2244	991	1922
VWL	3595.0	1146.0	291	1
3648	1296	3382	939	3733	1160	3619	1191
SFZ	959.0	4353.0	230	1
1032	4387	979	4405	1079	4494	749	4127
VOU	3082.0	1364.0	3	1
3181	1401	3080	1598	2971	1225	3099	1233
NFV	721.0	3426.0	150	1
958	3560	622	3295	795	3291	512	3560
BQR	1995.0	1793.0	88	1
1993	1707	2155	1627	1888	1946	1945	1894
FTX	2478.0	4230.0	245	1
2257	4121	2677	4143	2762	4402	2218	4257
CFM	2945.0	652.0	286	1
2938	762	2942	785	2994	355	2908	706
OIW	678.0	3727.0	96	1
734	3866	669	3735	748	3564	564	3745
UZV	4236.0	1046.0	161	1
4048	1108	4189	864	4249	1060	4458	1155
UYK	3316.0	2333.0	173	1
3181	2210	3402	2377	3410	2396	3272	2349
OFY	2949.0	2759.0	42	1
2796	2783	3101	2535	3102	2906	2799	2813
MSN	986.0	2979.0	157	1
1098	2850	733	3088	1115	3005	1001	2974
CUR	1171.0	2400.0	231	1
904	2474	1129	2298	1321	2300	1330	2530
HDY	3695.0	1671.0	221	1
3626	1601	4010	1913	3553	1707	3594	1465
JBF	3707.0	2234.0	1	1
3529	2194	3765	2316	3728	1981	3806	2448
VNV	1252.0	1046.0	161	1
1266	925	1144	1063	1228	1151	1370	1046
LKW	2781.0	2026.0	67	1
2896	2224	2796	2231	2749	1791	2686	1860
IOJ	255.0	404.0	26	1
332	603	377	311	182	235	129	469
