KDO	690.0	1421.0	313	1
821	1697	838	1452	589	1250	514	1287
YGR	2307.0	2012.0	319	1
2446	2215	2087	1693	2588	1982	2107	2160
MGW	1565.0	4109.0	320	1
1582	4069	1595	4151	1551	3905	1534	4314
MKQ	2823.0	1977.0	257	1
2677	1997	2881	1830	3033	1867	2703	2215
NNW	1034.0	2164.0	389	1
1091	2124	1253	2118	846	2335	948	2080
EEZ	2106.0	3692.0	279	1
2179	3778	2230	3588	1926	3721	2090	3682
MSS	4159.0	439.0	242	1
4413	480	4212	744	4129	288	3882	244
INP	4515.0	1987.0	378	1
4570	2002	4393	2008	4645	2180	4452	1759
SLQ	3621.0	1957.0	416	1
3791	2215	3842	1856	3480	2057	3373	1702
ITT	1183.0	1383.0	281	1
1418	1508	1421	1208	845	1481	1051	1336
EAK	1466.0	2813.0	421	1
1423	2659	1330	2907	1414	3047	1699	2640
QYH	3395.0	2633.0	253	1
3215	2733	3671	2477	3474	2500	3223	2825
YWM	4150.0	2749.0	475	1
4341	2556	3911	2948	4126	2610	4222	2885
AAX	2597.0	677.0	299	1
2435	660	2757	846	2414	812	2784	393
HWO	2099.0	618.0	369	1
1970	893	1912	633	2216	410	2298	538
MZX	3550.0	3516.0	312	1
3472	3772	3675	3355	3429	3271	3624	3667
FZZ	3138.0	3207.0	389	1
3062	3307	3374	2971	3082	3438	3035	3114
YDA	2309.0	1423.0	277	1
2028	1380	2485	1675	2259	1285	2467	1354
WFK	2819.0	4167.0	318	1
2812	4190	2760	4215	2950	4249	2754	4017
AJJ	3499.0	4172.0	412	1
3353	4367	3746	3838	3198	4181	3700	4303
OFA	3317.0	1157.0	422	1
3366	1101	3100	1065	3467	1082	3337	1382
GWI	2468.0	3984.0	233	1
2471	4245	2495	3871	2429	3756	2477	4064
UJD	882.0	3479.0	375	1
1019	3551	791	3576	804	3535	915	3257
DCA	4039.0	1502.0	498	1
3894	1615	4305	1316	4193	1534	3767	1545
XGJ	3166.0	1577.0	467	1
3293	1678	3155	1420	3074	1747	3144	1463
ETH	3018.0	2748.0	276	1
3052	2756	2789	2630	3069	2662	3164	2945
KSD	1821.0	4220.0	430	1
1745	4248	1633	4413	1827	4185	2082	4034
YND	3636.0	784.0	385	1
3762	912	3640	672	3592	758	3550	795
OCL	1432.0	2260.0	277	1
1550	2403	1453	2068	1284	2353	1442	2218
YOG	2903.0	1024.0	446	1
2709	939	3093	1102	2825	979	2986	1078
HFQ	1570.0	1019.0	204	1
1614	831	1750	1111	1571	1039	1348	1098
MOZ	1980.0	2788.0	278	1
2015	2815	2070	2769	1897	2768	1941	2801
MML	976.0	2715.0	212	1
824	2952	912	2664	1132	2716	1036	2531
JIC	777.0	4077.0	302	1
1054	4131	682	3980	790	4215	583	3984
UKR	4017.0	4109.0	353	1
4233	4191	3992	4151	4034	3944	3812	4152
MGJ	1886.0	2541.0	410	1
1820	2620	1808	2415	1982	2508	1936	2621
LIY	2970.0	568.0	418	1
2947	776	2861	666	3196	366	2878	466
BUG	2540.0	2604.0	463	1
2706	2745	2551	2495	2353	2528	2553	2650
FTM	4013.0	3329.0	228	1
4223	3421	3946	3307	3793	3189	4091	3401
QQX	1303.0	3721.0	358	1
1335	3616	1388	3695	1259	3857	1230	3716
GQX	2729.0	3350.0	426	1
2817	3318	2644	3187	2655	3323	2802	3574
GCQ	3381.0	806.0	352	1
3357	911	3448	677	3236	699	3485	940
MYD	4363.0	4224.0	380	1
4260	4324	4416	4308	4344	3941	4435	4324
NOM	1454.0	3507.0	472	1
1430	3579	1504	3350	1205	3608	1677	3493
ZDB	2266.0	3326.0	390	1
2296	3157	2098	3199	2046	3480	2626	3471
XMQ	1051.0	1837.0	445	1
965	1870	913	1981	1129	1845	1197	1652
TGH	366.0	3664.0	354	1
725	3837	205	3724	363	3755	171	3341
YYT	1654.0	403.0	203	1
1708	626	1589	428	1582	266	1740	294
CUZ	2527.0	4342.0	412	1
2595	4378	2359	4301	2491	4416	2666	4274
WBZ	907.0	909.0	499	1
684	1140	1033	701	992	1148	921	647
