GLL	3694.0	2341.0	443	1
3763	2452	3655	2008	3528	2461	3832	2446
CCQ	2086.0	1343.0	245	1
2175	1352	2141	1213	2133	1586	1896	1224
BWN	1662.0	2129.0	434	1
1692	2192	1772	1901	1483	2081	1703	2342
EBS	2238.0	4258.0	286	1
2202	4431	2204	4423	2177	3980	2371	4201
ZGU	1483.0	3516.0	242	1
1674	3787	1594	3571	1179	3217	1486	3492
UIF	3220.0	2577.0	337	1
3253	2594	3154	2771	3167	2632	3307	2312
UKZ	2731.0	1559.0	472	1
2487	1478	2570	1640	3009	1407	2861	1712
KUW	1172.0	2526.0	236	1
1023	2390	1139	2856	1171	2481	1355	2379
UNV	3582.0	3432.0	406	1
3584	3251	3757	3319	3605	3702	3384	3458
RSE	1262.0	708.0	426	1
1326	317	1267	802	1303	830	1155	884
ANP	2033.0	3283.0	456	1
1824	3073	2241	3169	2183	3469	1884	3421
VDL	2596.0	3820.0	462	1
2933	3986	2620	3589	2397	3961	2434	3747
CBJ	2039.0	3598.0	220	1
2238	3516	1891	3541	2001	3744	2027	3591
UTT	2166.0	2529.0	346	1
2198	2495	2355	2224	1811	2619	2301	2779
DZT	2245.0	571.0	324	1
2181	686	2418	739	2167	386	2214	473
UWV	3995.0	4120.0	443	1
3990	4034	3946	4056	4078	4194	3969	4198
THD	1885.0	814.0	333	1
1821	714	1992	979	2070	1015	1657	548
XZM	3779.0	1573.0	238	1
3537	1353	3945	1810	3889	1732	3745	1398
PEV	2615.0	2730.0	257	1
2539	2590	2477	2925	2842	2708	2603	2697
OKZ	3639.0	3920.0	310	1
3475	3969	3525	3981	3621	3849	3935	3883
LQD	713.0	3344.0	221	1
436	3272	862	3101	779	3472	778	3534
TMM	2143.0	3874.0	449	1
2054	3775	2262	3972	2352	3799	1906	3952
SQN	1005.0	1433.0	224	1
908	1298	1082	1502	1231	1234	802	1701
MFZ	1406.0	1180.0	377	1
1340	1403	1367	1270	1550	1032	1368	1017
ZMQ	2862.0	425.0	236	1
2833	463	3105	405	2920	364	2590	468
XQK	1776.0	4516.0	458	1
1922	4517	1490	4317	1928	4634	1764	4596
GBV	619.0	721.0	278	1
388	590	845	513	686	1024	558	758
FUH	4043.0	2813.0	390	1
3949	2837	3877	2979	4308	2440	4039	2999
LYM	675.0	4329.0	308	1
681	4253	722	4377	542	4209	755	4479
VEI	1770.0	2893.0	320	1
1794	2784	1731	3034	1838	2930	1717	2826
PHH	2979.0	3206.0	395	1
3045	3186	3187	3288	2861	3101	2823	3249
VUA	4052.0	3321.0	365	1
4037	3327	4136	3390	4088	3231	3949	3338
TAD	3354.0	2078.0	390	1
3228	1976	3199	2228	3479	2291	3511	1817
TJF	4198.0	1657.0	317	1
4341	1463	4088	1759	4036	1464	4328	1945
ZMI	4303.0	748.0	268	1
4062	741	4438	474	4240	948	4472	831
WHS	2104.0	273.0	216	1
2209	317	2060	234	2251	258	1897	284
OVT	525.0	1301.0	398	1
677	1134	500	1379	327	1101	598	1590
SDA	3592.0	4452.0	250	1
3646	4507	3586	4534	3464	4151	3675	4618
QFV	3134.0	1129.0	459	1
3269	1033	3007	1378	3098	1071	3163	1034
JZN	2243.0	1707.0	381	1
2390	1609	2420	1665	2037	1801	2125	1756
MLV	4101.0	2394.0	376	1
4203	2361	4005	2402	4321	2426	3875	2388
FNH	4234.0	4458.0	452	1
4208	4281	4147	4470	4278	4397	4305	4686
KHZ	2957.0	2634.0	399	1
2921	2608	3009	2762	2959	2569	2941	2599
EEU	2845.0	2122.0	277	1
2811	2012	2961	2213	2852	2159	2758	2107
SWC	317.0	2249.0	461	1
411	2291	160	2001	286	2246	411	2459
PNU	2535.0	2327.0	451	1
2648	2322	2547	2463	2567	2259	2381	2264
BTU	1006.0	2097.0	488	1
974	2319	996	2139	1105	1806	951	2125
LJC	3074.0	4373.0	483	1
2907	4481	2961	4445	3124	4083	3305	4486
HSK	2710.0	4236.0	485	1
2805	4191	2748	4392	2843	4209	2447	4155
HOF	2868.0	840.0	323	1
2790	813	2779	1021	2735	912	3171	615
