LQD	2500.0	1129.0	154	1
2384	1008	2414	1159	2646	1139	2559	1210
XVW	1004.0	2335.0	19	1
938	2462	934	2188	1126	2430	1020	2260
WDS	2647.0	2291.0	255	1
2478	2105	2960	2472	2542	2250	2611	2338
SCM	599.0	3533.0	24	1
610	3585	639	3473	630	3488	517	3589
UAJ	2336.0	3126.0	286	1
2148	3188	2403	3162	2348	3059	2447	3098
CRZ	3445.0	2376.0	167	1
3469	2234	3625	2232	3438	2337	3251	2704
JCY	1164.0	3967.0	38	1
1025	3702	1163	4049	1296	3852	1172	4267
WJU	2987.0	3295.0	89	1
2656	3057	3070	3443	3119	3423	3103	3258
TAM	1169.0	1079.0	95	1
1313	1239	1101	1215	1214	942	1050	923
SYL	2420.0	1471.0	151	1
2579	1617	2157	1224	2237	1525	2709	1519
RJA	3862.0	4168.0	167	1
3911	4052	3841	4280	3990	3963	3708	4377
FFS	1633.0	2118.0	61	1
1756	2101	1573	1899	1771	2251	1434	2224
JKE	3944.0	1960.0	152	1
4113	1746	3823	1928	3654	2075	4186	2093
ZTA	3333.0	484.0	60	1
2941	680	3477	375	3461	412	3454	471
PAU	2046.0	751.0	212	1
1893	738	2044	991	2310	592	1939	684
QJD	2152.0	2141.0	83	1
2011	2053	2359	2118	1928	2230	2310	2164
LTS	1660.0	3389.0	6	1
1385	3482	1667	3084	1796	3627	1794	3364
VKC	4244.0	2674.0	90	1
4391	2850	4309	2513	4235	2720	4041	2616
PXU	4062.0	1382.0	292	1
4170	1241	4100	1223	4257	1519	3722	1548
BWZ	3446.0	1569.0	284	1
3639	1322	3364	1848	3290	1713	3491	1395
TMP	563.0	3031.0	180	1
372	2882	600	3167	761	2930	520	3148
SMZ	2292.0	4360.0	85	1
2175	4324	2183	4331	2256	4429	2557	4356
DHN	325.0	1757.0	296	1
429	1560	304	1939	346	2032	222	1500
NMK	1560.0	925.0	88	1
1649	1025	1362	858	1344	700	1888	1118
OEP	1124.0	3203.0	172	1
1219	3147	1117	3144	1239	3183	922	3341
BTO	780.0	4196.0	257	1
812	4237	690	4286	839	4258	780	4004
ION	1352.0	2610.0	163	1
1188	2703	1168	2722	1689	2606	1366	2410
KYA	3275.0	4253.0	171	1
3313	4196	3176	4231	3379	4090	3234	4495
KXB	2009.0	2811.0	81	1
2052	2946	1896	2816	2108	2893	1980	2589
EAP	3311.0	1119.0	243	1
3182	1233	3555	1000	2988	1152	3520	1094
JCB	1477.0	1582.0	179	1
1434	1405	1473	1710	1556	1361	1447	1852
ZUF	4140.0	3514.0	111	1
4136	3681	4177	3545	4136	3437	4112	3396
PIR	2178.0	3827.0	131	1
2352	3932	2243	3587	2076	3973	2044	3816
YHX	4246.0	554.0	161	1
4269	173	4384	725	3989	722	4343	597
RQV	3870.0	1032.0	140	1
3668	1169	4000	1146	3965	803	3849	1012
NUJ	1568.0	4115.0	26	1
1654	3861	1607	4231	1499	4361	1515	4007
QTF	396.0	3379.0	115	1
476	3351	355	3333	259	3420	494	3412
REE	288.0	4126.0	91	1
248	3996	205	4141	432	4230	267	4138
DUA	3524.0	3524.0	229	1
3670	3388	3327	3550	3596	3824	3505	3337
XNN	4499.0	1927.0	297	1
4603	2036	4208	2087	4637	1786	4549	1800
RNA	949.0	2792.0	70	1
1007	2840	818	2835	1166	2878	806	2618
JGR	2093.0	1844.0	101	1
2095	1921	2314	1667	2021	1899	1943	1889
VXO	3013.0	2607.0	33	1
2965	2670	3112	2800	2953	2484	3022	2475
SKE	835.0	1645.0	101	1
580	1414	1083	1453	1019	1870	661	1844
FBS	2885.0	3970.0	222	1
2930	3996	2589	3900	2980	4049	3042	3937
HEW	4445.0	4076.0	159	1
4105	4003	4610	4285	4419	4060	4647	3956
FEB	4139.0	3160.0	163	1
4080	3075	4084	3311	4143	3071	4251	3185
TCA	2687.0	601.0	217	1
2812	452	2422	683	2887	854	2630	416
BET	528.0	1159.0	177	1
383	1156	414	1074	914	1030	402	1377
JIO	2346.0	503.0	209	1
2338	418	2393	524	2256	583	2397	487
