DVJ	2993.0	3743.0	307	1
3114	3782	2977	3587	2900	3579	2984	4027
AOA	3337.0	1254.0	318	1
3152	1146	3202	1348	3495	1075	3499	1448
KOH	1136.0	1516.0	206	1
1182	1617	1092	1454	1219	1487	1051	1507
XJX	1334.0	2466.0	249	1
1435	2371	1325	2438	1303	2436	1274	2622
LXK	3140.0	1876.0	382	1
3144	2160	3067	1718	3042	1904	3307	1722
HZK	2714.0	3864.0	449	1
2793	4005	2727	3967	2631	3685	2708	3802
ADP	4111.0	1941.0	296	1
4277	2101	4005	2036	4229	1549	3933	2079
LUU	1635.0	1623.0	308	1
1732	1517	1514	1730	1730	1840	1567	1405
AJB	2300.0	1599.0	246	1
2394	1495	2366	1394	2083	1659	2360	1849
BAJ	665.0	1187.0	318	1
611	1324	664	1035	509	1184	876	1208
LNE	2702.0	3116.0	237	1
2814	3266	2524	3243	2945	2760	2528	3198
UHW	564.0	2596.0	203	1
467	2473	558	2787	515	2286	719	2838
JVH	2187.0	4305.0	410	1
2281	4289	2324	4389	2038	4106	2108	4436
QIO	3730.0	2932.0	379	1
3714	2797	3829	2836	3688	3042	3690	3054
HSQ	1404.0	3000.0	326	1
1590	3029	1322	2846	1134	2883	1573	3243
RHC	1533.0	1183.0	392	1
1359	1294	1566	1058	1604	1095	1605	1285
MQF	2584.0	2343.0	357	1
2612	2115	2513	2538	2695	2565	2517	2154
IYT	4480.0	2516.0	262	1
4386	2764	4614	2318	4591	2671	4332	2312
GUZ	3152.0	2772.0	348	1
3074	2897	2975	2964	3254	2662	3305	2565
SFB	2156.0	981.0	429	1
2183	990	2096	736	2223	1128	2124	1072
CYJ	444.0	3223.0	254	1
506	3212	704	3235	333	3465	233	2980
HJQ	1720.0	539.0	267	1
1608	507	1638	387	1809	756	1826	507
QSI	3961.0	4206.0	442	1
3803	4222	3704	4396	4151	3990	4186	4216
JIP	667.0	784.0	411	1
467	643	845	708	798	805	561	982
EMY	848.0	4488.0	395	1
920	4384	773	4536	948	4475	754	4557
DRZ	3819.0	2124.0	345	1
3930	1886	3766	2234	3919	2212	3662	2164
QQA	1330.0	4495.0	473	1
1628	4580	1198	4300	1220	4442	1274	4658
ZUE	2527.0	712.0	290	1
2541	999	2827	744	2342	585	2400	523
PLA	3568.0	602.0	350	1
3421	804	3594	619	3671	623	3586	365
ZWS	1212.0	2722.0	261	1
1352	2691	969	2779	1274	2774	1255	2647
FCX	4334.0	1249.0	213	1
4390	1113	4381	1248	4517	1225	4049	1413
JDV	378.0	4364.0	268	1
524	4226	160	4462	618	4284	212	4485
QIX	2355.0	3257.0	499	1
2346	3246	2222	3492	2335	3121	2519	3172
SLK	1708.0	3287.0	381	1
1731	3593	1717	3076	1663	3137	1722	3342
JGV	1122.0	3922.0	215	1
1295	4164	1116	3825	1033	3911	1046	3790
ERP	2808.0	3416.0	400	1
3073	3362	2771	3404	2667	3331	2723	3570
ZIC	2599.0	1654.0	408	1
2904	1437	2557	1804	2430	1439	2506	1937
GHE	3760.0	3172.0	239	1
3905	3076	3589	3280	3943	3116	3604	3219
JZW	3025.0	2228.0	420	1
3139	2193	3279	2255	2835	2303	2848	2162
ORG	3438.0	2793.0	384	1
3540	2619	3468	2734	3400	2992	3347	2827
LOK	2371.0	3867.0	311	1
2598	4009	2511	3562	2242	3876	2136	4021
RNZ	546.0	3813.0	268	1
380	3818	804	3853	367	3842	635	3739
XPD	579.0	1531.0	293	1
444	1439	563	1576	419	1505	891	1605
ZFT	3953.0	499.0	462	1
3986	755	3786	667	4094	236	3948	341
UVK	926.0	1857.0	271	1
941	2238	873	1678	1034	1818	856	1697
TUA	1684.0	2187.0	294	1
1659	2035	2038	2295	1500	2126	1539	2294
HIH	1153.0	3560.0	259	1
927	3538	1158	3696	1316	3441	1212	3567
AMT	3539.0	3757.0	310	1
3670	3502	3378	3816	3524	3875	3584	3837
KJA	1810.0	900.0	402	1
1787	886	1704	951	1779	767	1971	996
YEN	4355.0	3133.0	353	1
4501	2969	4170	3307	4532	3301	4219	2956
