ZAH	2151.0	2983.0	461	1
2326	2870	2289	2796	1909	3246	2081	3023
SOS	4151.0	3775.0	232	1
4266	3919	4245	4055	3905	3603	4189	3524
RVX	2725.0	3720.0	470	1
2778	3600	2642	3728	2615	3744	2865	3809
GMA	2623.0	2880.0	446	1
2691	2603	2375	3020	2617	2963	2812	2937
QNR	1862.0	2237.0	251	1
1969	2396	1686	2094	1930	2179	1864	2279
ZGU	990.0	3958.0	444	1
1092	3939	927	3942	850	3976	1092	3975
SIS	2332.0	1410.0	233	1
2106	1511	2211	1312	2356	1379	2657	1438
BIR	3946.0	3398.0	240	1
4052	3433	4091	3348	3786	3390	3857	3422
NMS	1780.0	3956.0	279	1
1563	3955	1850	3843	2007	4016	1701	4013
PCN	1580.0	1419.0	461	1
1405	1225	1729	1698	1359	1437	1830	1317
KVU	3921.0	2772.0	292	1
4015	2796	3614	2709	3967	2634	4089	2951
TKM	684.0	2396.0	228	1
593	2448	750	2255	600	2464	795	2419
GOQ	4042.0	1749.0	272	1
4086	2027	4052	1520	3853	1886	4178	1564
RLO	2255.0	2590.0	477	1
2373	2736	2313	2512	2229	2638	2105	2476
WVS	1264.0	1944.0	297	1
1378	2084	1280	1879	1135	1958	1265	1857
NXJ	334.0	3520.0	233	1
415	3269	133	3421	155	3674	636	3717
EUD	4368.0	3033.0	288	1
4599	2809	4236	3259	4528	2915	4109	3151
ZRC	1514.0	2628.0	462	1
1773	2696	1312	2429	1386	2855	1585	2534
NMT	3947.0	487.0	305	1
3684	560	4142	388	3786	373	4177	630
GKO	3997.0	698.0	293	1
3941	684	3804	740	4026	708	4217	662
WWP	3310.0	2668.0	345	1
3049	2835	3477	2602	3252	2795	3463	2441
KHK	3121.0	3387.0	236	1
3334	3273	3174	3439	3051	3389	2926	3450
UAE	835.0	1132.0	271	1
835	1278	887	1064	644	1184	974	1003
CJP	3632.0	1249.0	273	1
3828	1532	3676	1145	3444	1169	3582	1150
BDO	2689.0	1999.0	215	1
2480	1854	2763	2066	2829	1750	2686	2326
QDA	519.0	2021.0	436	1
568	1967	548	2036	299	2037	662	2046
PUJ	597.0	4201.0	301	1
457	4166	575	4102	665	4367	693	4172
DXU	1949.0	554.0	337	1
2052	685	1950	429	1927	486	1867	619
HIZ	4121.0	2230.0	354	1
4307	2202	4118	2334	3967	2146	4094	2239
QRA	2366.0	4392.0	285	1
2261	4134	2393	4636	2532	4193	2281	4606
GZZ	1620.0	3296.0	290	1
1673	3092	1730	3342	1501	3360	1579	3392
POE	3438.0	1899.0	218	1
3217	1759	3655	1795	3694	2241	3189	1801
BJX	2295.0	1997.0	317	1
2400	2044	2006	2074	2402	2100	2373	1770
UFV	422.0	1607.0	395	1
391	1341	363	1711	355	1891	580	1486
YRU	1952.0	3639.0	218	1
1792	3769	1988	3358	2143	3817	1888	3613
GJE	3634.0	3857.0	409	1
3631	3899	3544	3907	3621	3737	3743	3885
NRS	4331.0	3580.0	254	1
4354	3534	4348	3800	4305	3518	4320	3468
MTB	3484.0	936.0	309	1
3661	754	3312	972	3742	992	3221	1026
PFW	3043.0	491.0	360	1
3163	268	2888	576	3132	638	2989	485
EVL	2157.0	1047.0	242	1
2288	996	2229	1256	1903	1181	2210	758
WDO	4240.0	1402.0	492	1
4516	1342	4241	1424	4089	1454	4116	1391
TPT	1318.0	347.0	333	1
1432	194	1260	444	1062	516	1521	236
YOP	2901.0	4179.0	475	1
2906	4007	2914	4186	3021	4165	2764	4358
CMV	3042.0	1699.0	277	1
3098	1521	3189	1722	2944	1799	2937	1757
KIO	3563.0	3262.0	473	1
3545	3444	3755	3416	3618	3068	3334	3121
SDV	998.0	3184.0	345	1
900	2975	1208	3389	805	3383	1082	2991
VFE	3664.0	4194.0	253	1
3357	4286	3727	4452	3773	4045	3801	3994
ZFU	3392.0	3824.0	422	1
3427	3640	3314	3982	3389	3737	3441	3938
MRI	1172.0	3773.0	433	1
1176	3882	1103	3854	1387	3740	1023	3617
MYU	385.0	2682.0	453	1
135	2691	531	2475	364	2742	512	2823
