TSL	1387.0	2123.0	405	1
1588	2269	1205	2044	1368	1908	1389	2273
POC	3545.0	2901.0	204	1
3643	3067	3694	2688	3302	3089	3541	2761
HKR	3410.0	3502.0	468	1
3432	3722	3463	3285	3160	3660	3586	3342
AFK	434.0	3647.0	450	1
563	3730	376	3449	431	3828	367	3583
RXV	639.0	4116.0	247	1
559	4194	821	4061	845	4244	332	3965
TMX	2768.0	3465.0	205	1
2945	3374	2713	3582	2739	3380	2675	3524
AKR	1464.0	2988.0	470	1
1574	2844	1377	3113	1171	2947	1736	3048
DVP	875.0	3522.0	331	1
669	3634	1203	3296	767	3369	861	3791
CAK	2427.0	2183.0	240	1
2368	2194	2722	2067	2307	2148	2314	2325
VMU	1431.0	3403.0	355	1
1418	3464	1480	3358	1467	3479	1360	3312
UEH	3367.0	1476.0	330	1
3579	1498	3286	1468	3438	1386	3168	1555
DUV	3660.0	717.0	323	1
3587	928	3808	515	3809	770	3439	655
JOF	3931.0	3862.0	436	1
3761	3997	3855	3969	4104	3576	4007	3906
ZGH	1312.0	3604.0	325	1
1358	3716	1340	3538	1234	3407	1317	3758
NHY	810.0	1797.0	499	1
943	1889	581	1603	944	2000	774	1697
QVU	796.0	2581.0	492	1
436	2406	948	2689	989	2712	814	2520
PAD	3035.0	2127.0	216	1
2807	2166	3054	2087	3182	2092	3100	2166
KAF	1082.0	1062.0	344	1
1141	1044	1068	1272	815	1198	1307	737
ZKX	1475.0	2435.0	498	1
1500	2592	1343	2317	1694	2477	1365	2357
TKJ	3976.0	2556.0	322	1
4127	2677	3859	2466	4020	2649	3899	2435
VVI	3998.0	1002.0	390	1
3967	1256	3925	774	3987	773	4115	1205
JEM	3108.0	2710.0	289	1
3130	2615	3201	2686	3033	2606	3070	2935
XAS	1966.0	3416.0	370	1
2016	3670	2061	3359	1763	3281	2025	3355
GBL	4360.0	773.0	290	1
4391	1074	4351	570	4479	723	4219	726
UWQ	708.0	4379.0	261	1
724	4291	552	4609	674	4358	882	4261
BNI	2126.0	3977.0	258	1
2318	4100	2360	3705	1914	4169	1914	3936
GOR	2722.0	3691.0	470	1
2916	3676	2638	3830	2763	3646	2573	3613
JZA	2563.0	762.0	307	1
2678	529	2627	689	2431	790	2519	1040
HGQ	3938.0	2014.0	421	1
4103	2315	3697	1915	3883	1937	4069	1892
JBI	1527.0	1448.0	416	1
1345	1111	1876	1523	1428	1632	1461	1527
DDE	2082.0	1890.0	428	1
2128	1811	2123	2071	1836	1886	2244	1795
JMY	2310.0	2663.0	263	1
2593	2378	2182	2793	2277	2700	2189	2784
BDQ	3186.0	1811.0	371	1
3314	1678	3078	1758	3350	1962	3002	1849
YXV	459.0	3082.0	375	1
505	3097	273	3077	665	2885	393	3271
SQD	2967.0	523.0	454	1
3196	676	2881	525	2838	636	2954	255
NBS	3557.0	4211.0	220	1
3421	4198	3591	4291	3569	4261	3648	4096
SWP	1144.0	4347.0	203	1
936	4336	885	4513	1365	4297	1391	4242
QTK	2093.0	1512.0	311	1
2039	1647	2241	1640	1971	1628	2124	1135
USO	3514.0	2518.0	402	1
3307	2595	3730	2337	3494	2659	3528	2483
TJM	4300.0	4230.0	281	1
4093	4466	4327	4287	4520	4000	4263	4167
QAP	484.0	655.0	389	1
328	991	441	675	750	545	418	409
QLR	1502.0	3819.0	214	1
1555	3877	1461	3741	1447	4018	1545	3643
YRP	1061.0	4073.0	440	1
1281	4125	1007	4081	1007	3919	952	4167
XGG	3197.0	1231.0	259	1
3109	1315	3173	954	3320	1309	3187	1349
RWF	3119.0	4071.0	476	1
3212	4261	3211	3902	3132	4257	2923	3865
RWM	2779.0	1273.0	435	1
2711	1112	2928	1280	2855	1587	2624	1113
MRO	1892.0	566.0	300	1
2028	284	1874	718	1770	404	1898	860
VNV	1528.0	512.0	375	1
1381	556	1642	656	1728	279	1362	560
XPH	936.0	2866.0	460	1
1056	2717	1053	2765	763	2945	874	3039
PQZ	1035.0	451.0	227	1
858	636	860	389	1128	565	1295	216
