NSM	2613.0	773.0	83	1
2755	646	2788	895	2449	651	2461	901
OSB	3345.0	632.0	65	1
3287	623	3551	717	3315	453	3227	735
DNJ	902.0	2080.0	10	1
1076	2048	810	2161	1113	2023	611	2091
CQP	2191.0	3012.0	85	1
2191	2921	2028	3176	2165	3180	2382	2772
ZTM	1753.0	600.0	52	1
1828	388	1614	685	1576	737	1996	592
OXY	1517.0	2071.0	208	1
1424	2175	1739	1770	1684	2334	1222	2008
AEA	2830.0	3781.0	138	1
2888	3827	2675	3752	2614	3990	3146	3556
RWW	573.0	729.0	229	1
727	913	485	688	357	510	726	807
CSY	795.0	2960.0	128	1
764	3001	564	3004	890	2699	965	3136
OQL	2537.0	2341.0	287	1
2632	2526	2189	2358	2732	2465	2598	2015
LZL	3405.0	3227.0	146	1
3487	3410	3083	2958	3489	3416	3561	3126
RGS	2859.0	1217.0	70	1
2816	1333	2956	948	2748	1293	2916	1297
QZH	3698.0	4363.0	186	1
3950	4415	3542	4231	3860	4647	3442	4159
RVH	1142.0	1492.0	293	1
1042	1491	1250	1562	1250	1347	1026	1571
AYD	2257.0	835.0	104	1
2192	1037	2341	722	2085	938	2413	644
ZEW	850.0	3402.0	32	1
1065	3445	750	3279	832	3630	754	3256
BIQ	3082.0	2833.0	151	1
2932	2708	3202	2773	2910	2934	3287	2919
MUB	3559.0	1186.0	231	1
3320	1003	3711	1057	3516	1348	3689	1337
UZG	2056.0	2094.0	132	1
1894	2322	2175	2126	1986	1790	2172	2140
UYZ	3904.0	3240.0	88	1
3881	3242	3976	3285	4126	3144	3635	3292
SRA	1492.0	3572.0	74	1
1574	3614	1341	3727	1497	3391	1556	3557
ILC	439.0	1692.0	243	1
581	1521	268	1665	261	1838	648	1745
YSG	2260.0	4314.0	279	1
2182	4417	2087	4289	2363	4062	2409	4491
ETJ	3198.0	1805.0	81	1
3130	1910	3025	1693	3347	1653	3290	1965
QWE	2561.0	3268.0	91	1
2568	3338	2578	3140	2557	3139	2541	3456
MCZ	1373.0	2694.0	125	1
1167	2947	1463	2675	1295	2418	1570	2737
NRX	1716.0	4079.0	218	1
1931	4104	1861	3866	1538	4109	1534	4240
ZEY	1312.0	4167.0	45	1
1431	4080	1144	4301	1421	4150	1254	4138
HAK	4311.0	1799.0	195	1
4364	2025	4339	1812	4226	1787	4315	1575
MLT	3974.0	2307.0	72	1
4026	2565	3815	2097	3927	2204	4129	2364
ODB	1854.0	2462.0	103	1
1891	2368	2037	2410	1664	2735	1827	2338
XQA	890.0	3955.0	242	1
846	4147	799	4116	1048	3820	870	3738
DFH	1586.0	1045.0	2	1
1733	965	1763	969	1464	860	1385	1387
KNV	1159.0	351.0	63	1
1069	153	1044	583	1494	455	1030	216
FIZ	1103.0	3959.0	224	1
1120	3871	1079	4109	1121	4079	1093	3780
DOR	2081.0	3687.0	233	1
1961	3741	2294	3721	2191	3505	1878	3784
NNL	1383.0	3939.0	114	1
1445	3854	1356	3816	1490	4022	1243	4067
EED	4370.0	3749.0	137	1
4378	3625	4098	3886	4499	3563	4505	3923
AVZ	3788.0	2905.0	271	1
3891	3011	3630	2628	3852	3073	3780	2909
IJN	3306.0	3775.0	128	1
3266	3807	3191	3615	3439	3749	3331	3929
TDX	4026.0	586.0	24	1
4045	462	3793	834	4207	695	4061	355
HOY	2511.0	1562.0	147	1
2412	1783	2530	1571	2607	1412	2495	1482
OYF	2624.0	4341.0	167	1
2743	4403	2660	4485	2633	4385	2463	4092
KIH	4212.0	1048.0	268	1
4415	913	3980	912	4454	1073	4002	1297
EPK	2861.0	1863.0	294	1
2908	2038	2789	1561	2771	2076	2979	1777
ZGH	3560.0	2253.0	279	1
3532	2047	3714	2263	3651	2231	3343	2471
IVE	3604.0	1723.0	195	1
3926	1431	3491	1529	3591	1968	3411	1966
SLR	847.0	2503.0	126	1
509	2301	1035	2643	880	2484	967	2586
JVY	3662.0	3954.0	268	1
3537	4130	3660	3917	3586	3811	3868	3960
YZA	1152.0	1000.0	165	1
1318	885	1335	1256	945	729	1013	1130
