NN1	39.95955254070322	230.88058812380802	108.16648636929195	1
50.7065	248.639	48.1593	243.785	43.4532	246.115	39.248	249.571	37.3377	236.02	20.8043	231.515	23.3398	225.885	18.7153	216.217	40.4595	218.547	59.8429	233.302	61.7727	238.815	56.4338	237.301
NN2	102.79480735795639	292.8620488547301	84.87632135008465	3
128.555	328.588	131.525	326.297	129.378	321.948	120.106	322.414	125.227	327.035
118.226	326.569	117.943	321.094	115.244	323.074
172.921	251.706	169.446	270.189	174.268	273.761	174.819	291.467	144.537	270.966	140.312	282.226	123.693	284.866	133.909	294.263	120.913	295.273	121.383	308.397	129.809	310.455	138.743	325.443	134.709	327.656	144.983	340.703	144.614	348.274	133.249	357.593	129.591	354.72	132.702	350.72	137.435	344.741	135.051	331.617	118.58	333.403	114.475	340.12	119.077	344.624	113.283	347.42	114.153	351.691	111.858	359.535	80.0379	344.43	77.5296	328.549	37.458	295.506	43.0106	289.953	32.8102	275.858	31.7346	267.083	44.7035	258.424	39.248	249.571	43.4532	246.115	48.1593	243.785	50.7065	248.639	52.1897	251.745	53.3663	254.23	64.8131	264.869	87.2485	274.188	124.082	269.024	149.953	226.623	168.906	241.378
NN3	127.25741561079889	341.337253950415	56.74971088288796	1
129.591	354.72	132.702	350.72	137.435	344.741	135.051	331.617	118.58	333.403	114.475	340.12	119.077	344.624
NN4	220.06970449733024	230.72643572147243	57.445466111084386	1
172.921	251.706	168.906	241.378	149.953	226.623	124.082	269.024	117.908	256.288	129.417	243.125	121.946	229.457	121.255	217.77	133.645	215.518	130.741	202.083	138.219	205.112	158.216	169.117	165.128	172.534	169.17	168.962	181.832	179.989	193.628	176.068	206.764	187.173	212.161	186.241	213.023	191.25	226.881	189.502	233.754	180.3	252.186	179.64	256.756	193.191	269.403	195.832	272.082	211.441	286.795	219.673	288.057	225.808	278.365	240.64	293.706	248.251	306.03	260.21	304.963	268.325	314.825	273.451	315.749	280.984	326.163	286.808	317.912	295.622	318.976	305.989	317.959	309.057	310.639	294.108	299.375	287.157	269.815	293.137	263.357	288.866	263.951	284.206	232.807	266.656	222.284	272.169	211.047	265.957	211.591	260.21	199.344	261.763	184.368	254.308	183.773	259.822
NN5	221.97522620951167	340.0062309159728	91.17263522210827	1
273.682	332.976	302.474	326.879	312.892	333.092	316.107	330.18	322.661	328.899	323.065	315.425	316.631	316.124	317.959	309.057	310.639	294.108	299.375	287.157	269.815	293.137	263.357	288.866	263.951	284.206	232.807	266.656	222.284	272.169	211.047	265.957	211.591	260.21	199.344	261.763	184.368	254.308	183.773	259.822	172.921	251.706	169.446	270.189	174.268	273.761	174.819	291.467	185.035	298.185	185.066	309.368	189.474	306.65	192.296	315.697	182.018	322.686	186.371	341.13	182.768	344.508	188.662	344.818	189.039	350.604	168.84	353.128	171.834	358.137	169.748	364.466	174.637	368.232	171.896	372.154	150.819	367.378	149.981	376.425	156.504	386.288	149.577	393.704	129.673	386.171	132.333	394.442	129.009	400.616	143.453	402.13	152.986	414.283	164.918	415.332	165.885	423.68	214.025	428.767	187.435	409.935	192.859	399.567	200.718	404.926	206.539	401.431	197.356	395.257	199.604	393.083	191.213	392.889	192.502	388.074	201.34	384.346	209.393	399.606	227.969	401.082	216.666	420.496	229.456	423.641	235.284	417.429	246.494	418.594	248.218	412.963	254.462	396.112	251.612	379.92	255.941	371.999	262.55	371.533	250.482	347.964	264.67	331.345
NN6	158.28996505011358	318.4039981927495	93.17642050610381	1
150.858	367.262	153.203	359.612	157.044	353.671	156.073	352.39	150.524	343.265	137.19	362.486	137.19	362.486	144.614	348.274	144.983	340.703	134.709	327.656	138.743	325.443	129.809	310.455	121.383	308.397	120.913	295.273	133.909	294.263	123.693	284.866	140.312	282.226	144.537	270.966	174.819	291.467	185.035	298.185	185.066	309.368	189.474	306.65	192.296	315.697	182.018	322.686	186.371	341.13	182.768	344.508	188.662	344.818	189.039	350.604	168.84	353.128	171.834	358.137	169.748	364.466	174.637	368.232	171.896	372.154	150.819	367.378
NN7	148.09849275200813	356.6443766340894	77.5876522111031	1
137.19	362.486	150.524	343.265	156.073	352.39	157.044	353.671	153.203	359.612	150.858	367.262
NN8	119.42461993417517	370.2594018225189	81.0697346202724	1
150.819	367.378	149.981	376.425	156.504	386.288	149.577	393.704	129.673	386.171	132.333	394.442	129.009	400.616	128.698	400.538	109.75	385.628	111.656	380.153	101.227	370.64	84.5149	366.33	76.7141	358.137	80.0379	344.43	111.858	359.535	114.153	351.691	113.283	347.42	119.077	344.624	133.249	357.593	133.249	357.593	137.19	362.486	150.858	367.262
NN9	344.25150358021114	330.5654247342773	89.39854098881415	1
322.661	328.899	323.065	315.425	316.631	316.124	317.959	309.057	318.976	305.989	317.912	295.622	326.163	286.808	331.269	288.827	333.669	297.292	350.688	295.972	347.329	305.989	350.105	316.046	361.28	325.482	367.066	324.084	368.891	333.752	374.898	337.557	374.168	342.722	384.516	348.662	381.961	356.661	371.974	350.449	366.79	360.466	354.272	356.195	341.512	365.32	337.323	369.203	334.263	358.059	323.845	352.895	325.468	345.09	329.743	343.343	324.521	335.305	327.841	330.413
NN10	320.56103662447066	338.7008265185417	57.13873163544692	1
322.661	328.899	327.841	330.413	324.521	335.305	329.743	343.343	325.468	345.09	319.675	344.352	318.25	347.692	313.493	344.081	314.258	348.43	311.964	346.372	313.501	338.14	319.916	331.151	316.107	330.18
NN11	317.928986062042	357.92997043044136	67.88599609153155	1
312.892	333.092	316.107	330.18	319.916	331.151	313.501	338.14	311.964	346.372	314.258	348.43	313.493	344.081	318.25	347.692	319.675	344.352	325.468	345.09	323.845	352.895	334.263	358.059	337.323	369.203	325.002	370.329	314.6	371.067	312.868	374.406	295.807	366.136	299.709	367.417	305.386	366.601	303.06	359.107	309.51	357.748	307.168	338.878
NN12	293.5236589140513	345.5917191596883	65.47167585097837	1
295.807	366.136	287.61	364.466	281.467	351.769	276.419	352.312	273.682	332.976	302.474	326.879	312.892	333.092	307.168	338.878	309.51	357.748	303.06	359.107	305.386	366.601	299.709	367.417
NN13	366.2875645201308	245.92931479106042	96.64085743687149	1
314.825	273.451	315.749	280.984	326.163	286.808	331.269	288.827	333.669	297.292	350.688	295.972	370.751	293.137	384.679	305.058	385.269	300.126	395.217	297.408	392.561	284.129	400.292	277.567	402.354	266.151	396.455	245.183	400.579	231.282	409.331	223.555	398.708	214.469	399.434	205.189	392.006	202.51	393.345	192.609	388.495	188.92	400.719	175.64	393.792	162.322	379.138	164.031	383.211	170.36	376.913	186.513	363.769	191.832	371.83	206.975	358.45	215.207	355.103	210.82	342.522	215.13	332.857	232.137	322.113	237.534	320.071	246.232	324.595	252.561	324.769	271.82
NN14	466.21303275729184	309.70974497805673	83.2108097602452	1
374.898	337.557	368.891	333.752	367.066	324.084	361.28	325.482	350.105	316.046	347.329	305.989	350.688	295.972	370.751	293.137	384.679	305.058	385.269	300.126	395.217	297.408	392.561	284.129	400.292	277.567	402.354	266.151	396.455	245.183	400.579	231.282	409.331	223.555	420.164	234.971	426.381	251.396	420.009	272.48	424.447	281.372	434.085	283.624	440.313	276.091	446.397	283.507	446.137	259.938	456.912	246.969	465.35	244.329	477.033	245.3	479.775	255.473	484.725	252.677	506.819	260.365	511.405	255.589	511.366	243.902	518.507	240.64	517.225	234.117	520.518	231.904	533.394	239.165	524.665	252.444	532.221	265.53	516.639	272.558	517.307	289.099	524.35	301.563	540.985	305.951	541.637	295.739	547.978	290.768	569.47	289.642	571.885	302.378	560.935	306.184	558.516	314.92	565.859	327.035	563.424	333.209	568.763	341.634	571.372	359.845	560.5	370.368	554.233	369.203	550.37	357.671	541.299	358.758	540.247	347.07	524.696	342.527	514.002	353.361	496.755	359.263	496.825	374.756	463.929	381.822	457.37	381.124	447.95	380.192	456.473	366.757	445.085	348.546	420.238	355.962	403.46	344.197	397.368	348.507	390.981	337.208
NN15	457.03082873834364	396.3944323074045	110.9613257349688	1
454.528	419.525	459.11	414.322	457.304	411.1	461.358	407.683	458.745	401.431	467.342	393.898	463.929	381.822	457.37	381.124	447.95	380.192	453.352	388.85	449.127	403.411
NN16	431.712	415.643	107.22871895457178	1
431.712	415.643	415.047	420.496	418.359	430.514	413.136	435.989	418.238	442.396	438.911	442.9	454.194	453.035	456.466	454.316	465.257	449.463	460.985	444.531	457.634	442.124	451.973	441.774	451.235	433.271	435.781	440.377	427.682	428.844
NN17	438.8663129318543	426.7615703415977	76.06598090049813	1
431.712	415.643	427.682	428.844	435.781	440.377	451.235	433.271	446.133	418.283	436.488	412.886
NN18	425.7688440708337	416.29631657032695	96.15979145318241	2
366.433	410.478	369.062	408.459	386.197	409.935	385.249	403.14	390.348	401.819	398.028	394.325	413.039	393.083	413.276	383.919	406.733	377.94	418.72	375.222	420.238	355.962	445.085	348.546	456.473	366.757	447.95	380.192	453.352	388.85	449.127	403.411	454.528	419.525	472.102	440.726	470.176	452.142	462.519	454.2	457.04	467.518	452.66	467.479	451.212	469.304	438.251	456.296	431.052	460.995	431.308	466.547	422.681	462.897	428.497	462.548	426.296	456.685	410.512	461.5	391.353	458.898	397.558	451.093	388.402	448.104	383.005	438.396	388.057	428.223	381.755	422.632	382.924	418.904	365.8	415.177
451.235	433.271	446.133	418.283	436.488	412.886	431.712	415.643	415.047	420.496	418.359	430.514	413.136	435.989	418.238	442.396	438.911	442.9	454.194	453.035	456.466	454.316	465.257	449.463	460.985	444.531	457.634	442.124	451.973	441.774
NN19	397.95001236478674	367.35700756137453	72.23794274244608	1
381.961	356.661	384.516	348.662	374.168	342.722	374.898	337.557	390.981	337.208	397.368	348.507	403.46	344.197	420.238	355.962	418.72	375.222	406.733	377.94	413.276	383.919	413.039	393.083	398.028	394.325	390.348	401.819	383.553	379.765	376.8	375.183	386.302	363.689
NN20	360.2913703313991	381.9537374097204	79.09595687932973	1
328.031	388.889	322.758	391.336	315.373	383.57	330.547	374.872	325.002	370.329	337.323	369.203	341.512	365.32	354.272	356.195	366.79	360.466	371.974	350.449	381.961	356.661	386.302	363.689	376.8	375.183	383.553	379.765	390.348	401.819	385.249	403.14	386.197	409.935	369.062	408.459	366.433	410.478	353.767	407.178	352.369	400.266	345.648	387.647
NN21	400.9927517286524	473.4236780223569	98.46488652845196	1
349.682	494.232	354.349	486.467	364.088	490.699	368.708	487.321	365.854	479.05	358.1	480.332	377.526	465.149	375.352	456.219	381.673	449.152	378.171	443.017	383.005	438.396	388.402	448.104	397.558	451.093	391.353	458.898	410.512	461.5	426.296	456.685	428.497	462.548	422.681	462.897	431.308	466.547	431.052	460.995	438.251	456.296	451.212	469.304	421.085	489.573	392.538	494.543	374.618	488.758	364.957	492.563	356.698	495.63	355.444	495.281	354.419	495.087
NN22	368.78686408652806	496.1602275700122	79.48827169327653	1
364.957	492.563	366.693	495.747	361.812	500.212	366.841	502.076	374.358	497.727	371.593	493.611	374.618	488.758
NN23	351.080135011109	496.26615753877985	77.22023708661027	1
348.812	494.427	349.682	494.232	354.419	495.087	355.444	495.281	348.933	499.397
NN24	336.7821851142018	500.50571060030654	89.24043916177779	1
341.862	491.359	347.298	495.397	348.812	494.427	348.933	499.397	355.444	495.281	356.698	495.63	354.66	502.425	358.139	506.619	352.385	507.162	348.04	515.2	344.46	507.706	343.357	514.812	337.164	516.676	338.29	511.783	325.678	508.677	317.369	492.369	325.655	485.807
NN25	347.7407811403856	445.4702840832768	100.86987828088218	1
349.682	494.232	354.349	486.467	364.088	490.699	368.708	487.321	365.854	479.05	358.1	480.332	377.526	465.149	375.352	456.219	381.673	449.152	378.171	443.017	383.005	438.396	388.057	428.223	381.755	422.632	382.924	418.904	365.8	415.177	366.433	410.478	353.767	407.178	352.369	400.266	344.029	401.975	339.012	409.973	319.411	411.138	317.998	415.41	315.314	422.942	323.406	430.825	318.231	429.582	316.293	441.658	312.096	443.172	315.742	446.706	311.544	461.228	319.912	472.993	328.221	475.478	323.593	479.283	331.017	485.069	336.554	478.778	333.055	475.75	335.816	470.236	340.414	479.283	340.549	479.866	340.526	486.583	344.615	487.942	341.862	491.359	347.298	495.397	348.812	494.427
NN26	336.5633297218343	475.68958384380863	101.93790552585479	1
336.554	478.778	333.055	475.75	335.816	470.236	340.414	479.283	340.549	479.866
NN27	333.089346612093	399.3912141116153	66.19958122883952	1
352.369	400.266	344.029	401.975	339.012	409.973	319.411	411.138	317.998	415.41	318.168	396.15	328.031	388.889	345.648	387.647
NN28	286.73755871543887	444.8277799623848	63.929940285560455	1
317.998	415.41	315.314	422.942	323.406	430.825	318.231	429.582	316.293	441.658	312.096	443.172	315.742	446.706	311.544	461.228	319.912	472.993	293.236	482.661	278.792	471.207	261.028	468.722	254.807	476.565	246.323	476.682	232.966	467.906	242.238	464.256	242.304	459.597	249.895	467.169	262.631	452.724	266.242	448.725	263.392	446.783	271.135	441.969	268.793	431.834	261.591	427.951	256.586	432.145	246.494	418.594	248.218	412.963	259.777	413.235	261.89	420.224	267.318	421.428	269.729	414.711	289.206	416.38	286.927	413.585	290.584	410.828	299.441	422.438	304.563	419.603	312.061	397.082	318.168	396.15
NN29	281.4539429569018	383.18004204542564	88.0916199003106	1
248.218	412.963	254.462	396.112	251.612	379.92	255.941	371.999	262.55	371.533	250.482	347.964	264.67	331.345	273.682	332.976	276.419	352.312	281.467	351.769	287.61	364.466	295.807	366.136	312.868	374.406	314.6	371.067	325.002	370.329	330.547	374.872	315.373	383.57	322.758	391.336	328.031	388.889	318.168	396.15	312.061	397.082	304.563	419.603	299.441	422.438	290.584	410.828	286.927	413.585	289.206	416.38	269.729	414.711	267.318	421.428	261.89	420.224	259.777	413.235
NN30	221.88439624769848	472.48193545158256	65.66637846284004	1
213.629	472.449	230.516	478.973	229.588	472.643	223.259	471.828	217.799	464.373
NN31	231.89756152903922	452.13002485337614	57.535345866513765	1
208.236	461.267	208.321	461.305	210.643	453.773	200.194	453.889	197.282	451.132	197.632	450.705	200.47	445.386	191.737	445.308	199.204	439.134	221.03	448.647	219.896	458.898	227.153	460.218	232.512	455.287	223.15	439.639	239.734	431.757	262.406	445.541	262.631	452.724	249.895	467.169	242.304	459.597	242.238	464.256	232.966	467.906	223.259	471.828	217.799	464.373	213.629	472.449	206.811	467.984	210.74	465.81	206.636	464.645
NN32	204.96212343835555	456.54364706546227	72.08944521765108	1
208.236	461.267	208.321	461.305	210.643	453.773	200.194	453.889	198.944	460.412	203.976	457.19
NN33	194.42048032431114	447.6153564320728	94.06858034198257	1
197.282	451.132	197.632	450.705	200.47	445.386	191.737	445.308	185.734	449.929	192.37	448.492
NN34	223.900390069951	424.1493229947644	72.83676212016921	1
214.025	428.767	187.435	409.935	192.859	399.567	200.718	404.926	206.539	401.431	197.356	395.257	199.604	393.083	191.213	392.889	192.502	388.074	201.34	384.346	209.393	399.606	227.969	401.082	216.666	420.496	229.456	423.641	235.284	417.429	246.494	418.594	256.586	432.145	261.591	427.951	268.793	431.834	271.135	441.969	263.392	446.783	266.242	448.725	262.631	452.724	262.406	445.541	239.734	431.757	223.15	439.639	232.512	455.287	227.153	460.218	219.896	458.898	221.03	448.647	199.204	439.134	213.272	432.883
NN35	164.63655514024185	434.610266423427	59.88957973199424	1
128.698	400.538	140.436	414.516	138.681	422.321	153.429	432.611	148.093	437.853	131.145	435.096	138.491	448.841	146.098	452.452	143.826	459.752	150.33	460.606	170.44	459.675	166.696	450.589	175.868	446.395	185.734	449.929	191.737	445.308	199.204	439.134	213.272	432.883	214.025	428.767	165.885	423.68	164.918	415.332	152.986	414.283	143.453	402.13	129.009	400.616
