NN1	359.37704394583227	576.9136166434489	67.60009482186555	1
354.47327499999983	567.0287500000004	344.4157750000004	573.7449250000004	351.1207750000008	580.4499250000003	377.9407750000005	587.1661000000004	377.9407750000005	580.4499250000003	374.58827500000007	583.8136000000004	367.8832750000006	580.4499250000003	364.53077500000063	573.7449250000004	361.1782750000002	573.7449250000004	364.53077500000063	570.3812500000004
NN2	245.99868132948006	156.617115136634	58.60835359822565	1
253.90945000000056	134.4892000000009	247.20445000000018	137.8417000000004	243.85195000000022	141.19420000000036	247.0144750000004	143.7421000000004	250.55695000000014	141.19420000000036	257.2619500000005	137.8417000000004	257.2619500000005	141.19420000000036	253.90945000000056	144.54670000000033	247.20445000000018	144.54670000000033	240.4994500000007	141.19420000000036	237.73922500000026	144.52435000000014	237.1469500000003	147.89920000000075	233.79445000000032	157.95670000000018	237.1469500000003	157.95670000000018	240.4994500000007	151.2517000000007	247.20445000000018	151.2517000000007	240.4994500000007	154.60420000000022	243.85195000000022	157.95670000000018	237.1469500000003	161.3092000000006	237.1469500000003	164.66170000000056	227.08944999999994	164.66170000000056	223.73695000000043	168.01420000000053	226.78772500000014	170.00335000000086	220.38445000000047	171.36670000000004	223.73695000000043	174.71920000000046	233.79445000000032	178.07170000000042	240.4994500000007	174.71920000000046	243.85195000000022	171.36670000000004	247.20445000000018	168.01420000000053	253.90945000000056	164.66170000000056	260.61445000000003	157.95670000000018	263.96695	151.2517000000007	263.96695	147.89920000000075	267.3194500000004	144.54670000000033	267.3194500000004	141.19420000000036	260.61445000000003	141.19420000000036	257.2619500000005	134.4892000000009
NN3	407.9914290641098	124.53099346195238	64.62574854640671	1
371.2357750000001	134.4892000000009	364.53077500000063	141.19420000000036	367.8832750000006	147.89920000000075	384.6457750000004	157.95670000000018	394.7032750000003	154.60420000000022	411.4657750000001	137.8417000000004	411.4657750000001	134.4892000000009	421.523275	134.4892000000009	431.58077500000036	127.78420000000051	421.523275	137.8417000000004	431.58077500000036	137.8417000000004	431.58077500000036	147.89920000000075	440.4984250000002	141.2836000000002	441.05717500000037	134.0198500000006	447.0134499999999	134.07572500000015	444.9907750000002	131.13670000000047	455.03710000000046	121.07920000000013	455.03710000000046	114.37420000000066	448.34327500000063	117.72670000000062	448.34327500000063	114.37420000000066	455.03710000000046	107.65802500000063	448.34327500000063	100.95302500000025	424.875775	100.95302500000025	421.523275	100.95302500000025	421.523275	97.60052500000029	418.1707750000005	97.60052500000029	414.81827500000054	94.24802499999987	414.81827500000054	90.89552500000082	411.4657750000001	94.24802499999987	408.11327500000016	97.60052500000029	401.4082750000007	100.95302500000025	398.05577500000027	100.95302500000025	398.05577500000027	104.30552500000067	394.7032750000003	107.65802500000063	391.35077500000034	111.02170000000069	387.9982749999999	111.02170000000069	384.6457750000004	111.02170000000069	377.9407750000005	114.37420000000066	371.2357750000001	117.72670000000062	364.53077500000063	121.07920000000013	360.51895000000013	127.06900000000041	357.82577500000025	131.13670000000047	357.82577500000025	134.4892000000009	361.1782750000002	134.4892000000009	361.41295000000036	130.98025000000052	361.1782750000002	127.78420000000051	364.53077500000063	127.78420000000051	364.53077500000063	131.13670000000047	367.8832750000006	131.13670000000047	367.8832750000006	127.78420000000051	371.2357750000001	127.78420000000051	371.2357750000001	131.13670000000047	374.58827500000007	127.78420000000051	374.58827500000007	131.13670000000047	374.58827500000007	134.4892000000009
NN4	462.30767362928	129.5906074920045	22.95571100346556	1
448.34327500000063	131.13670000000047	448.34327500000063	137.8417000000004	441.63827500000025	137.8417000000004	441.63827500000025	151.2517000000007	438.28577499999983	151.2517000000007	441.63827500000025	157.95670000000018	448.34327500000063	154.60420000000022	448.34327500000063	157.95670000000018	458.3896000000004	151.2517000000007	465.0945999999999	154.60420000000022	468.4471000000003	147.89920000000075	481.8571000000002	144.54670000000033	485.20960000000014	137.8417000000004	468.4471000000003	111.02170000000069	468.4471000000003	84.19052500000043	461.7421000000004	87.5430250000004	455.03710000000046	100.95302500000025	461.7421000000004	114.37420000000066	456.0652	114.29597500000045	458.3896000000004	121.07920000000013
NN5	501.4572936868893	160.9805693189708	65.44260427212815	1
481.8571000000002	151.2517000000007	481.8571000000002	154.60420000000022	481.8571000000002	157.95670000000018	488.5621000000001	161.3092000000006	497.5468000000001	164.33762500000057	495.2671000000005	157.95670000000018	505.3246000000004	164.66170000000056	498.6196	164.66170000000056	498.6196	171.36670000000004	491.9146000000005	174.71920000000046	495.2671000000005	178.07170000000042	501.9721000000004	171.36670000000004	522.0871000000002	168.01420000000053	525.4396000000006	161.3092000000006	525.4396000000006	157.95670000000018	505.3246000000004	161.3092000000006	488.5621000000001	144.54670000000033
NN6	293.037913351023	221.87643937758364	54.57707136364058	2
287.4344500000002	275.31655000000046	290.7869500000006	275.31655000000046	300.8444500000005	268.6115500000001	316.6459	259.6827250000006	310.90194999999994	261.91772500000025	310.90194999999994	258.54287500000055	307.54945000000043	258.54287500000055	310.90194999999994	255.19037500000059	307.54945000000043	255.19037500000059	310.90194999999994	251.83787500000062	304.19695000000047	251.83787500000062	304.19695000000047	241.78037500000073	307.54945000000043	241.78037500000073	310.90194999999994	245.13287500000024	307.54945000000043	248.4853750000002	314.25445000000036	248.4853750000002	324.3119500000007	251.83787500000062	324.3119500000007	255.19037500000059	317.6069500000003	258.54287500000055	320.9594500000003	258.54287500000055	324.3119500000007	258.54287500000055	320.9594500000003	268.6115500000001	324.3119500000007	265.25905000000057	324.26725000000033	270.15370000000075	322.14400000000023	275.07070000000067	337.710775	251.83787500000062	327.6644500000002	248.4853750000002	327.26215	246.27272500000072	320.9594500000003	248.4853750000002	317.31640000000016	245.93747500000018	314.25445000000036	245.13287500000024	317.6069500000003	238.42787500000077	317.6069500000003	245.13287500000024	320.9594500000003	245.13287500000024	324.3119500000007	241.78037500000073	327.6644500000002	245.13287500000024	334.3582750000005	238.42787500000077	341.063275	228.37037500000042	344.4157750000004	218.31287500000053	347.76827500000036	218.31287500000053	344.4157750000004	214.9603750000001	341.063275	218.31287500000053	341.063275	214.9603750000001	341.063275	211.60787500000015	344.4157750000004	204.90287500000068	344.4157750000004	201.55037500000026	341.063275	181.42420000000038	337.710775	181.42420000000038	337.710775	174.71920000000046	331.0169500000002	174.71920000000046	324.3119500000007	174.71920000000046	314.25445000000036	168.01420000000053	307.54945000000043	171.36670000000004	300.8444500000005	171.36670000000004	297.4919500000001	174.71920000000046	290.7869500000006	171.36670000000004	284.08195000000023	181.42420000000038	280.72945000000027	174.71920000000046	274.02445000000034	178.07170000000042	267.3194500000004	178.07170000000042	267.3194500000004	181.42420000000038	277.37694999999985	184.78787500000044	274.02445000000034	191.49287500000082	270.6719500000004	198.1978750000003	263.96695	194.84537500000033	257.2619500000005	198.1978750000003	257.2619500000005	201.55037500000026	250.55695000000014	201.55037500000026	243.85195000000022	208.25537500000064	247.20445000000018	208.25537500000064	247.20445000000018	211.60787500000015	247.20445000000018	218.31287500000053	247.20445000000018	225.0178750000009	247.20445000000018	228.37037500000042	243.85195000000022	228.37037500000042	237.1469500000003	228.37037500000042	237.1469500000003	231.72287500000039	243.85195000000022	231.72287500000039	240.4994500000007	238.42787500000077	233.79445000000032	241.78037500000073	230.44195000000036	248.4853750000002	240.4994500000007	241.78037500000073	227.08944999999994	258.54287500000055	233.79445000000032	255.19037500000059	233.79445000000032	258.54287500000055	233.79445000000032	261.89537500000006	240.4994500000007	265.25905000000057	247.20445000000018	255.19037500000059	250.55695000000014	255.19037500000059	257.2619500000005	258.54287500000055	263.96695	265.25905000000057	284.08195000000023	271.9640500000005
287.4344500000002	275.31655000000046	287.4344500000002	268.6115500000001	290.7869500000006	268.6115500000001
NN7	438.10797117916906	248.27894927627452	57.903169031437805	2
424.875775	225.0178750000009	428.2282750000004	225.0178750000009	421.523275	231.72287500000039	418.1707750000005	231.72287500000039	423.9706000000001	228.09100000000035
461.7421000000004	298.78405000000066	458.3896000000004	285.37405000000035	465.0945999999999	295.4315500000007	468.4471000000003	288.7153750000007	465.0945999999999	292.06787500000064	465.0945999999999	288.7153750000007	475.15210000000025	285.37405000000035	471.7996000000003	288.7153750000007	475.15210000000025	298.78405000000066	471.7996000000003	308.8303750000009	485.20960000000014	302.13655000000017	485.20960000000014	298.78405000000066	488.5621000000001	295.4315500000007	478.50460000000066	288.7153750000007	481.8571000000002	278.6690500000004	491.9146000000005	278.6690500000004	501.9721000000004	275.3053750000008	488.5621000000001	258.53170000000046	485.20960000000014	248.47420000000056	488.5621000000001	245.1217000000006	505.3246000000004	238.41670000000022	512.0296000000008	231.71170000000075	515.3821000000003	218.3017000000009	501.9721000000004	208.24420000000055	485.20960000000014	204.89170000000013	478.50460000000066	191.48170000000027	475.15210000000025	191.48170000000027	478.50460000000066	198.18670000000066	471.7996000000003	194.8342000000007	468.4471000000003	191.48170000000027	471.7996000000003	188.1292000000003	485.20960000000014	188.1292000000003	485.20960000000014	181.4130250000003	478.50460000000066	181.4130250000003	485.20960000000014	164.65052500000002	471.7996000000003	157.94552500000054	434.9332750000008	178.06052500000033	448.34327500000063	171.3555250000004	438.28577499999983	184.7767000000008	448.34327500000063	188.1292000000003	438.28577499999983	194.8342000000007	441.63827500000025	201.53920000000062	438.28577499999983	201.53920000000062	431.58077500000036	198.18670000000066	418.1707750000005	201.53920000000062	408.11327500000016	204.89170000000013	404.7607750000002	201.53920000000062	411.4657750000001	198.18670000000066	391.35077500000034	201.53920000000062	387.9982749999999	208.24420000000055	391.35077500000034	208.24420000000055	384.6457750000004	218.3017000000009	374.58827500000007	225.00670000000036	381.29327500000045	221.6542000000004	384.6457750000004	228.35920000000033	381.29327500000045	228.35920000000033	377.9407750000005	225.00670000000036	371.2357750000001	228.35920000000033	374.58827500000007	231.71170000000075	377.9407750000005	231.71170000000075	384.6457750000004	235.0642000000007	381.29327500000045	238.41670000000022	384.6457750000004	245.1217000000006	381.29327500000045	255.17920000000004	375.124675	261.10195000000067	374.58827500000007	258.53170000000046	371.2357750000001	258.53170000000046	371.2357750000001	261.9065500000006	377.9407750000005	261.9065500000006	377.9407750000005	265.2478750000005	377.9407750000005	271.9528750000004	374.58827500000007	278.6690500000004	354.47327499999983	285.37405000000035	371.2357750000001	285.37405000000035	347.76827500000036	298.78405000000066	367.8832750000006	295.4315500000007	381.29327500000045	302.13655000000017	387.9982749999999	295.4315500000007	401.4082750000007	305.48905000000013	398.05577500000027	318.89905	411.4657750000001	318.89905	414.81827500000054	325.60405000000037	414.81827500000054	332.2978750000002	391.35077500000034	342.3777250000003	387.9982749999999	349.08272500000066	401.4082750000007	339.0252250000008	424.875775	335.6503750000006	441.63827500000025	342.3777250000003	441.63827500000025	339.0252250000008	438.28577499999983	335.6503750000006	438.28577499999983	328.94537500000024	428.2282750000004	332.2978750000002	428.2282750000004	325.60405000000037	434.9332750000008	315.54655000000093	428.2282750000004	315.54655000000093	424.875775	305.48905000000013	438.28577499999983	308.8303750000009	441.63827500000025	302.13655000000017	428.2282750000004	295.4315500000007	441.63827500000025	298.78405000000066	443.68330000000014	290.17930000000024	441.63827500000025	285.37405000000035	451.68460000000005	298.78405000000066	461.7421000000004	298.78405000000066
NN8	526.4111886928831	279.3115962717119	70.90545834853938	3
518.737	278.69	525.442	288.736	526.258	292.223	526.258	295.576	528.795	295.453	528.795	292.089	528.795	288.736	532.147	282.043	535.5	282.043	532.147	278.69	535.5	275.326	525.442	268.621	518.737	271.974	518.737	275.326
451.687	298.805	461.745	298.805	471.802	298.805	468.45	312.215	461.745	322.273	465.097	332.319	455.04	335.671	458.392	322.273	448.346	308.851	448.346	302.158
471.802	308.851	485.212	302.158	485.212	298.805	488.565	295.453	478.507	288.736	481.86	278.69	491.917	278.69	501.975	275.326	512.032	278.69	515.385	275.326	515.385	282.043	525.442	292.089	525.442	298.805	522.09	315.568	515.385	335.671	525.442	355.809	491.917	372.571	481.86	369.219	448.346	342.399	451.687	335.671	465.097	342.399	468.45	325.625	468.45	318.92
NN9	228.36864887240048	365.5589956674278	16.652246695426168	2
234.15205000000014	362.3251000000005	237.1469500000003	362.5039000000006	233.79445000000032	365.8564000000001	233.5933	363.21910000000025	230.68780000000015	363.44260000000077	231.02305000000024	366.1246000000001	230.44195000000036	369.20890000000054	227.33530000000064	366.9068500000003	227.08944999999994	369.20890000000054	224.20630000000028	369.92410000000064	220.40680000000066	370.03585000000066	217.83655000000044	369.8123500000006	217.61305000000038	372.8296000000005	213.6794500000001	372.5614000000005	216.94255000000067	372.38260000000037	217.0319500000005	369.20890000000054	220.38445000000047	369.20890000000054	223.73695000000043	369.20890000000054	223.73695000000043	365.8564000000001	226.55304999999998	365.56585000000086	230.44195000000036	365.8564000000001	230.2408000000005	362.7721000000006	233.25805000000037	362.6603500000001	233.36979999999994	358.74910000000045	233.79445000000032	355.79890000000023	237.1469500000003	359.15140000000065	233.79445000000032	359.15140000000065
69.55547500000011	406.0752250000005	79.612975	406.0752250000005	82.96547499999997	399.3702250000006	86.31797500000039	406.0752250000005	76.2604750000005	416.1327250000004	72.90797500000053	426.2014000000004	69.55547500000011	426.2014000000004	69.55547500000011	446.3164000000006	79.612975	476.48890000000074	82.96547499999997	473.1364000000003	76.2604750000005	463.0789000000009	89.67047500000035	456.3739000000005	89.67047500000035	446.3164000000006	96.35312500000055	453.02140000000054	109.7631250000004	446.3164000000006	116.46812499999987	453.02140000000054	119.82062500000029	439.61140000000023	116.46812499999987	436.25890000000027	123.17312500000025	432.9064000000003	133.23062500000015	432.9064000000003	133.23062500000015	446.3164000000006	126.52562500000022	459.72640000000047	133.23062500000015	459.72640000000047	139.93562500000007	473.1364000000003	143.2881250000005	479.8414000000007	156.69812500000035	493.25140000000056	170.1081250000002	489.8989000000006	176.81312500000058	473.1364000000003	163.40312500000073	459.72640000000047	163.40312500000073	446.3164000000006	173.46062500000016	456.3739000000005	170.1081250000002	459.72640000000047	173.46062500000016	466.4314000000004	176.81312500000058	459.72640000000047	186.87062500000002	459.72640000000047	183.51812500000005	449.6689000000001	190.22312500000044	439.61140000000023	196.92812500000036	442.96390000000065	196.92812500000036	449.6689000000001	186.87062500000002	446.3164000000006	190.22312500000044	466.4314000000004	203.6331250000003	459.72640000000047	210.33812500000022	469.78390000000036	213.6794500000001	459.72640000000047	227.08944999999994	459.72640000000047	223.73695000000043	449.6689000000001	237.1469500000003	446.3164000000006	247.20445000000018	446.3164000000006	253.90945000000056	453.02140000000054	263.96695	456.3739000000005	277.37694999999985	469.78390000000036	280.72945000000027	469.78390000000036	284.08195000000023	473.1364000000003	287.4344500000002	473.1364000000003	287.4344500000002	469.78390000000036	290.7869500000006	473.1364000000003	294.1394500000001	473.1364000000003	294.1394500000001	469.78390000000036	294.1394500000001	466.4314000000004	294.1394500000001	463.0789000000009	294.1394500000001	459.72640000000047	290.3287750000004	457.31260000000066	287.4344500000002	453.02140000000054	284.08195000000023	453.02140000000054	284.08195000000023	449.6689000000001	283.1767749999999	446.5846000000006	280.72945000000027	446.3164000000006	280.1595250000005	443.2321000000006	280.72945000000027	439.61140000000023	280.72945000000027	436.25890000000027	279.7125249999999	433.3981000000008	279.7125249999999	430.49260000000095	275.5777750000002	430.26910000000044	272.1135250000002	430.1573500000004	267.3082750000003	429.9338500000008	263.73227499999985	430.1573500000004	257.2619500000005	429.5539000000008	259.8210250000002	429.1516000000006	263.96695	429.5539000000008	267.3194500000004	429.5539000000008	270.6719500000004	429.5539000000008	277.37694999999985	429.5539000000008	280.72945000000027	429.5539000000008	280.8300250000002	432.05710000000045	284.08195000000023	429.5539000000008	287.4344500000002	429.5539000000008	280.72945000000027	432.9064000000003	284.08195000000023	436.25890000000027	281.2770250000003	443.0086000000001	284.08195000000023	446.3164000000006	287.4344500000002	449.6689000000001	290.7869500000006	453.02140000000054	290.8875250000001	456.08335000000034	294.1394500000001	453.02140000000054	294.1394500000001	446.3164000000006	300.8444500000005	442.96390000000065	310.90194999999994	439.61140000000023	331.0169500000002	442.96390000000065	337.710775	442.96390000000065	344.4157750000004	442.96390000000065	344.4157750000004	439.61140000000023	347.76827500000036	432.9064000000003	351.1207750000008	429.5539000000008	354.47327499999983	426.2014000000004	354.47327499999983	422.8489000000004	351.1207750000008	419.49640000000045	351.1207750000008	416.1327250000004	351.1207750000008	409.427725	347.76827500000036	399.3702250000006	344.4157750000004	399.3702250000006	334.3582750000005	385.9602250000007	331.0169500000002	372.55022500000086	327.6644500000002	372.55022500000086	324.3119500000007	379.25522500000034	327.6644500000002	379.25522500000034	327.6644500000002	385.9602250000007	320.9594500000003	385.9602250000007	314.25445000000036	375.9027250000004	314.25445000000036	365.8452250000005	310.90194999999994	362.4927250000005	307.54945000000043	369.19772500000045	310.90194999999994	375.9027250000004	297.4919500000001	375.9027250000004	294.1394500000001	379.25522500000034	300.8444500000005	385.9602250000007	307.54945000000043	382.6077250000003	304.19695000000047	385.9602250000007	310.90194999999994	396.01772500000015	297.4919500000001	396.01772500000015	280.72945000000027	372.55022500000086	284.08195000000023	349.08272500000066	287.4344500000002	349.08272500000066	284.08195000000023	342.3777250000003	287.4344500000002	339.0028750000006	284.08195000000023	328.94537500000024	277.37694999999985	325.60405000000037	280.72945000000027	318.89905	277.37694999999985	315.54655000000093	274.02445000000034	318.89905	274.02445000000034	322.2515500000004	271.3759750000004	318.1615000000006	263.96695	315.54655000000093	263.96695	322.2515500000004	270.6719500000004	318.89905	270.6719500000004	322.2515500000004	267.3194500000004	325.60405000000037	257.2619500000005	322.2515500000004	253.90945000000056	318.89905	243.85195000000022	318.89905	253.90945000000056	315.54655000000093	260.61445000000003	315.54655000000093	260.61445000000003	312.1940500000005	267.3194500000004	308.8303750000009	260.61445000000003	302.13655000000017	267.3194500000004	298.78405000000066	260.61445000000003	295.4315500000007	260.61445000000003	288.7153750000007	240.4994500000007	285.37405000000035	223.73695000000043	292.06787500000064	227.08944999999994	298.78405000000066	217.0319500000005	298.78405000000066	217.0319500000005	305.48905000000013	210.33812500000022	305.48905000000013	206.98562500000025	315.54655000000093	203.6331250000003	315.54655000000093	203.6331250000003	322.2515500000004	196.92812500000036	332.2978750000002	193.5756250000004	332.2978750000002	190.22312500000044	332.2978750000002	186.87062500000002	332.2978750000002	180.16562500000055	335.6503750000006	173.46062500000016	325.60405000000037	156.69812500000035	315.54655000000093	153.34562499999993	315.54655000000093	153.34562499999993	325.60405000000037	143.2881250000005	325.60405000000037	136.5831250000001	315.54655000000093	139.93562500000007	312.1940500000005	133.23062500000015	312.1940500000005	123.17312500000025	318.89905	113.11562500000036	318.89905	103.05812500000002	305.48905000000013	89.67047500000035	315.54655000000093	82.96547499999997	308.8303750000009	72.90797500000053	315.54655000000093	76.2604750000005	328.94537500000024	82.96547499999997	325.60405000000037	82.96547499999997	318.89905	93.02297500000032	328.94537500000024	86.31797500000039	345.73022500000025	86.31797500000039	359.1402250000001	79.612975	362.4927250000005	69.55547500000011	369.19772500000045	69.55547500000011	365.8452250000005	69.55547500000011	349.08272500000066	66.20297500000015	355.7877250000006	69.55547500000011	396.01772500000015	69.55547500000011	406.0752250000005
NN10	234.28074774029056	494.6809269854307	19.93315354684346	1
190.223	466.443	186.871	473.148	173.461	466.443	183.518	483.205	176.813	486.558	176.813	493.263	180.166	503.331	176.813	506.684	190.223	526.799	200.281	530.151	217.032	526.799	213.679	520.094	217.032	513.389	217.032	520.094	227.089	533.504	253.909	536.856	260.614	540.209	277.377	523.446	290.787	523.446	287.434	520.094	284.082	499.979	294.139	476.5	284.082	473.148	274.024	476.5	240.499	463.09	257.262	463.09	270.672	473.148	277.377	469.795	263.967	456.374	253.909	453.021	247.204	446.316	237.147	446.316	223.737	449.669	227.089	459.726	213.679	459.726	210.338	469.784	203.633	459.726
NN11	132.85116797454788	492.50891675218026	10.252853665169607	1
113.118	473.158	116.47	479.863	109.765	479.863	116.47	483.215	113.118	489.92	123.175	493.273	126.528	496.636	123.175	496.636	123.175	506.694	139.938	510.047	146.643	520.104	153.348	523.457	149.995	520.104	153.348	513.399	149.995	503.341	146.643	506.694	143.29	503.341	146.643	489.92	143.29	489.92	136.585	473.158	123.175	466.453	119.823	476.51	117.387	479.718	116.47	476.51
NN12	112.5749883538332	463.16411723091795	69.94712788645039	2
99.7077	469.805	106.413	469.805	109.765	466.453	116.47	473.158	116.47	466.453	123.175	466.453	123.175	463.1	123.175	459.748	119.823	463.1	116.47	456.395	113.118	456.395	113.118	453.043	109.765	453.043	106.413	463.1
99.7077	469.805	93.0251	469.805	86.32	489.92	82.9675	473.158	79.615	479.863	86.32	499.989	96.3552	520.104	119.823	550.277	136.585	546.924	163.405	556.982	176.815	553.629	200.283	556.982	217.034	570.414	240.502	613.985	257.264	634.112	253.912	637.453	270.674	634.112	284.084	640.805	314.257	660.943	320.962	664.295	310.904	650.885	300.847	637.453	304.199	624.043	314.257	607.292	310.904	597.223	314.257	567.039	304.199	556.982	290.789	523.457	280.732	526.809	260.617	543.572	253.912	536.867	237.149	546.924	237.149	543.572	233.797	540.219	223.739	540.219	183.52	526.809	173.463	533.514	163.405	530.162	160.053	530.162	153.348	526.809	149.995	523.457	149.995	526.809	143.29	526.809	143.29	523.457	136.585	520.104	126.528	520.104	119.823	499.989	106.413	489.92	109.765	483.215	106.413	476.51	109.765	476.51	109.765	473.158	113.118	473.158	109.765	469.805	103.06	473.158
NN13	320.5073607256914	314.00954000851704	45.510091796748114	2
320.9594500000003	328.9565500000008	327.6644500000002	322.2627250000005	324.3119500000007	302.1477250000007	314.25445000000036	302.1477250000007	314.25445000000036	318.91022500000054	317.6069500000003	322.2627250000005
320.9594500000003	328.9565500000008	314.25445000000036	332.30905000000075	310.90194999999994	342.3889000000004	317.6069500000003	345.7414000000008	317.6069500000003	335.66155000000026	324.3119500000007	328.9565500000008
NN14	339.5975988592265	144.76080155236278	40.05869408582313	3
331.0169500000002	111.02170000000069	327.6644500000002	127.78420000000051	320.9594500000003	134.4892000000009	327.6644500000002	131.13670000000047	331.0169500000002	141.19420000000036	334.3582750000005	141.19420000000036	334.3582750000005	147.89920000000075	331.0169500000002	144.54670000000033	331.0169500000002	147.89920000000075	344.4157750000004	161.3092000000006	354.47327499999983	188.1403750000004	357.82577500000025	191.49287500000082	351.1207750000008	161.3092000000006	344.4157750000004	151.2517000000007	337.710775	117.72670000000062
304.19695000000047	131.13670000000047	290.7869500000006	141.19420000000036	280.72945000000027	157.95670000000018	297.4919500000001	141.19420000000036	300.8444500000005	147.89920000000075	304.19695000000047	137.8417000000004	310.90194999999994	137.8417000000004	307.54945000000043	144.54670000000033	314.25445000000036	134.4892000000009
317.6069500000003	151.2517000000007	317.6069500000003	154.60420000000022	314.25445000000036	157.95670000000018	314.25445000000036	161.3092000000006	314.25445000000036	164.66170000000056	324.3343	173.64640000000009	327.6644500000002	168.01420000000053	324.3119500000007	161.3092000000006	327.6644500000002	157.95670000000018	331.0169500000002	161.3092000000006	331.0169500000002	157.95670000000018
NN15	105.44683628816401	188.9500483706817	12.625765756628715	3
109.61785000000009	190.69945000000052	109.7631250000004	181.42420000000038	103.05812500000002	174.71920000000046	99.70562500000005	181.42420000000038	99.70562500000005	184.7767000000008	103.05812500000002	201.55037500000026	113.11562500000036	198.1978750000003	109.61785000000009	190.69945000000052
93.02297500000032	248.4853750000002	96.35312500000055	241.78037500000073	99.70562500000005	241.78037500000073	99.70562500000005	225.0178750000009	96.35312500000055	228.37037500000042	86.31797500000039	245.13287500000024	89.67047500000035	251.83787500000062	89.67047500000035	245.13287500000024
223.73695000000043	292.06787500000064	213.6794500000001	292.06787500000064	223.73695000000043	288.7153750000007	233.79445000000032	275.3053750000008	243.85195000000022	275.3053750000008	230.44195000000036	265.2478750000005	233.32510000000048	259.0122250000004	213.6794500000001	258.53170000000046	213.6794500000001	255.17920000000004	217.0319500000005	255.17920000000004	206.98562500000025	251.82670000000053	220.38445000000047	255.17920000000004	227.08944999999994	248.47420000000056	217.0319500000005	238.41670000000022	220.38445000000047	231.71170000000075	213.6794500000001	231.71170000000075	217.0319500000005	228.35920000000033	220.38445000000047	228.35920000000033	223.73695000000043	225.00670000000036	223.73695000000043	221.6542000000004	220.38445000000047	218.3017000000009	223.73695000000043	218.3017000000009	223.84870000000046	215.95495000000028	219.82570000000032	215.73145000000068	216.69670000000042	212.37895000000026	213.6794500000001	211.5967000000005	213.6794500000001	208.24420000000055	217.0319500000005	208.24420000000055	217.0319500000005	211.5967000000005	220.38445000000047	211.5967000000005	220.38445000000047	214.94920000000047	223.73695000000043	214.94920000000047	227.08944999999994	211.5967000000005	230.44195000000036	211.5967000000005	230.44195000000036	208.24420000000055	230.44195000000036	204.89170000000013	227.08944999999994	204.89170000000013	227.08944999999994	201.53920000000062	227.08944999999994	198.18670000000066	223.73695000000043	198.18670000000066	220.38445000000047	194.8342000000007	220.38445000000047	198.18670000000066	217.0319500000005	198.18670000000066	213.6794500000001	194.8342000000007	210.33812500000022	191.48170000000027	206.98562500000025	191.48170000000027	207.64495000000034	188.63207500000044	210.33812500000022	188.1292000000003	210.33812500000022	184.76552500000025	206.98562500000025	184.76552500000025	206.98562500000025	188.1292000000003	203.6331250000003	188.1292000000003	203.6331250000003	184.76552500000025	210.33812500000022	181.4130250000003	213.6794500000001	178.06052500000033	200.28062499999987	168.00302500000043	206.98562500000025	164.65052500000002	213.6794500000001	171.3555250000004	220.38445000000047	164.65052500000002	227.08944999999994	161.29802500000005	230.44195000000036	161.29802500000005	233.79445000000032	151.24052500000016	237.1469500000003	144.53552500000023	227.08944999999994	144.53552500000023	230.44195000000036	141.18302500000073	233.79445000000032	137.8305250000003	233.79445000000032	134.47802500000034	230.44195000000036	134.47802500000034	227.08944999999994	134.47802500000034	220.38445000000047	137.8305250000003	223.73695000000043	141.18302500000073	217.0319500000005	144.53552500000023	223.73695000000043	147.8880250000002	220.38445000000047	151.24052500000016	217.0319500000005	147.8880250000002	213.6794500000001	144.53552500000023	213.6794500000001	141.18302500000073	210.33812500000022	141.18302500000073	203.6331250000003	134.47802500000034	196.92812500000036	131.12552500000038	183.51812500000005	127.77302499999996	180.16562500000055	127.77302499999996	180.16562500000055	134.47802500000034	166.75562500000024	141.18302500000073	116.46812499999987	147.8880250000002	119.82062500000029	161.29802500000005	116.46812499999987	171.3555250000004	122.91609999999991	190.68827500000089	119.82062500000029	208.24420000000055	119.82062500000029	218.3017000000009	106.41062500000044	214.94920000000047	123.17312500000025	225.00670000000036	116.46812499999987	231.71170000000075	116.46812499999987	241.76920000000018	96.35312500000055	248.47420000000056	82.96547499999997	268.60037500000044	86.31797500000039	271.9528750000004	79.612975	271.9528750000004	76.2604750000005	268.60037500000044	82.96547499999997	255.17920000000004	82.96547499999997	251.82670000000053	59.49797500000068	268.60037500000044	69.55547500000011	295.4315500000007	72.90797500000053	312.1940500000005	72.90797500000053	315.54655000000093	82.96547499999997	308.8303750000009	89.67047500000035	315.54655000000093	103.05812500000002	305.48905000000013	113.11562500000036	318.89905	123.17312500000025	318.89905	133.23062500000015	312.1940500000005	139.93562500000007	312.1940500000005	136.5831250000001	315.54655000000093	143.2881250000005	325.60405000000037	153.34562499999993	325.60405000000037	153.34562499999993	315.54655000000093	156.69812500000035	315.54655000000093	173.46062500000016	325.60405000000037	180.16562500000055	335.6503750000006	186.87062500000002	332.2978750000002	190.22312500000044	332.2978750000002	193.5756250000004	332.2978750000002	196.92812500000036	332.2978750000002	203.6331250000003	322.2515500000004	203.6331250000003	315.54655000000093	206.98562500000025	315.54655000000093	210.33812500000022	305.48905000000013	217.0319500000005	305.48905000000013	217.0319500000005	298.78405000000066	227.08944999999994	298.78405000000066	223.73695000000043	292.06787500000064
