R256	1.0	0.0	0.8289341488324004	1
1.0	0.0	0.0	1.0	0.0	0.0
R255	0.0	1.0	0.29195327325496634	1
0.0	1.0	1.0	1.0	1.0	0.0
R254	1.0	1.0	0.7350465371879519	1
1.0	1.0	0.0	2.0	0.0	1.0
R253	0.0	2.0	0.2969143333352333	1
0.0	2.0	1.0	2.0	1.0	1.0
R252	1.0	2.0	1.9859500709534033	1
1.0	2.0	0.0	3.0	0.0	2.0
R251	0.0	3.0	0.10591637432683246	1
0.0	3.0	1.0	3.0	1.0	2.0
R250	1.0	3.0	0.46031901071368253	1
1.0	3.0	0.0	4.0	0.0	3.0
R249	0.0	4.0	0.36348282120364955	1
0.0	4.0	1.0	4.0	1.0	3.0
R248	1.0	4.0	2.7672585934473277	1
1.0	4.0	0.0	5.0	0.0	4.0
R247	0.0	5.0	0.16677804502023527	1
0.0	5.0	1.0	5.0	1.0	4.0
R246	1.0	5.0	3.3981075375203234	1
1.0	5.0	0.0	6.0	0.0	5.0
R245	0.0	6.0	0.2858702683606965	1
0.0	6.0	1.0	6.0	1.0	5.0
R244	1.0	6.0	3.147106428616053	1
1.0	6.0	0.0	7.0	0.0	6.0
R243	0.0	7.0	0.3233885232508891	1
0.0	7.0	1.0	7.0	1.0	6.0
R242	1.0	7.0	3.1062205325146452	1
1.0	7.0	0.0	8.0	0.0	7.0
R241	0.0	8.0	0.3167112872209211	1
0.0	8.0	1.0	8.0	1.0	7.0
R240	1.0	8.0	0.5509608432625311	1
1.0	8.0	0.0	9.0	0.0	8.0
R239	0.0	9.0	0.05551528217758086	1
0.0	9.0	1.0	9.0	1.0	8.0
R238	1.0	9.0	2.697456224342264	1
1.0	9.0	0.0	10.0	0.0	9.0
R237	0.0	10.0	0.2321475564400771	1
0.0	10.0	1.0	10.0	1.0	9.0
R236	1.0	10.0	0.7452989162346058	1
1.0	10.0	0.0	11.0	0.0	10.0
R235	0.0	11.0	0.28791180148358453	1
0.0	11.0	1.0	11.0	1.0	10.0
R234	1.0	11.0	2.755391509450187	1
1.0	11.0	0.0	12.0	0.0	11.0
R233	0.0	12.0	0.0390777999387943	1
0.0	12.0	1.0	12.0	1.0	11.0
R232	1.0	12.0	3.081022310821093	1
1.0	12.0	0.0	13.0	0.0	12.0
R231	0.0	13.0	0.2781242842279711	1
0.0	13.0	1.0	13.0	1.0	12.0
R230	1.0	13.0	1.7305945312853197	1
1.0	13.0	0.0	14.0	0.0	13.0
R229	0.0	14.0	0.2748511825193956	1
0.0	14.0	1.0	14.0	1.0	13.0
R228	1.0	14.0	1.3655499118706036	1
1.0	14.0	0.0	15.0	0.0	14.0
R227	0.0	15.0	0.07928379356816226	1
0.0	15.0	1.0	15.0	1.0	14.0
R226	1.0	15.0	1.6112963741360178	1
1.0	15.0	0.0	16.0	0.0	15.0
R225	0.0	16.0	0.38252399002045573	1
0.0	16.0	1.0	16.0	1.0	15.0
R224	1.0	16.0	0.4959382061605722	1
1.0	16.0	0.0	17.0	0.0	16.0
R223	0.0	17.0	0.14346222955791968	1
0.0	17.0	1.0	17.0	1.0	16.0
R222	1.0	17.0	3.267898981262072	1
1.0	17.0	0.0	18.0	0.0	17.0
R221	0.0	18.0	0.14467753020998939	1
0.0	18.0	1.0	18.0	1.0	17.0
R220	1.0	18.0	3.3075243617746826	1
1.0	18.0	0.0	19.0	0.0	18.0
R219	0.0	19.0	0.28534538942795323	1
0.0	19.0	1.0	19.0	1.0	18.0
R218	1.0	19.0	1.753391886660847	1
1.0	19.0	0.0	20.0	0.0	19.0
R217	0.0	20.0	0.061016775752770064	1
0.0	20.0	1.0	20.0	1.0	19.0
R216	1.0	20.0	3.5045737542468007	1
1.0	20.0	0.0	21.0	0.0	20.0
R215	0.0	21.0	0.34499501055599413	1
0.0	21.0	1.0	21.0	1.0	20.0
R214	1.0	21.0	1.3767804280529246	1
1.0	21.0	0.0	22.0	0.0	21.0
R213	0.0	22.0	0.3595348419867878	1
0.0	22.0	1.0	22.0	1.0	21.0
R212	1.0	22.0	2.9162451611922204	1
1.0	22.0	0.0	23.0	0.0	22.0
R211	0.0	23.0	0.09733380933784033	1
0.0	23.0	1.0	23.0	1.0	22.0
R210	1.0	23.0	2.804008074030979	1
1.0	23.0	0.0	24.0	0.0	23.0
R209	0.0	24.0	0.037937379938839555	1
0.0	24.0	1.0	24.0	1.0	23.0
R208	1.0	24.0	1.9128601364617708	1
1.0	24.0	0.0	25.0	0.0	24.0
R207	0.0	25.0	0.1296937942845334	1
0.0	25.0	1.0	25.0	1.0	24.0
R206	1.0	25.0	2.65557755563079	1
1.0	25.0	0.0	26.0	0.0	25.0
R205	0.0	26.0	0.31627411219513	1
0.0	26.0	1.0	26.0	1.0	25.0
R204	1.0	26.0	3.2489838121599406	1
1.0	26.0	0.0	27.0	0.0	26.0
R203	0.0	27.0	0.1723178102859866	1
0.0	27.0	1.0	27.0	1.0	26.0
R202	1.0	27.0	3.187139340104687	1
1.0	27.0	0.0	28.0	0.0	27.0
R201	0.0	28.0	0.1433211797895433	1
0.0	28.0	1.0	28.0	1.0	27.0
R200	1.0	28.0	1.2461858231145433	1
1.0	28.0	0.0	29.0	0.0	28.0
R199	0.0	29.0	0.34509777660528623	1
0.0	29.0	1.0	29.0	1.0	28.0
R198	1.0	29.0	0.7837264000902551	1
1.0	29.0	0.0	30.0	0.0	29.0
R197	0.0	30.0	0.18819860183753193	1
0.0	30.0	1.0	30.0	1.0	29.0
R196	1.0	30.0	0.46455446668644773	1
1.0	30.0	0.0	31.0	0.0	30.0
R195	0.0	31.0	0.22707060937826032	1
0.0	31.0	1.0	31.0	1.0	30.0
R194	1.0	31.0	1.6700662861115942	1
1.0	31.0	0.0	32.0	0.0	31.0
R193	0.0	32.0	0.3149912777354391	1
0.0	32.0	1.0	32.0	1.0	31.0
R192	1.0	32.0	3.5880897811796406	1
1.0	32.0	0.0	33.0	0.0	32.0
R191	0.0	33.0	0.31327358787879817	1
0.0	33.0	1.0	33.0	1.0	32.0
R190	1.0	33.0	1.0634997306546663	1
1.0	33.0	0.0	34.0	0.0	33.0
R189	0.0	34.0	0.1317697352377672	1
0.0	34.0	1.0	34.0	1.0	33.0
R188	1.0	34.0	1.789993399013194	1
1.0	34.0	0.0	35.0	0.0	34.0
R187	0.0	35.0	0.1714859384001881	1
0.0	35.0	1.0	35.0	1.0	34.0
R186	1.0	35.0	3.472473413243352	1
1.0	35.0	0.0	36.0	0.0	35.0
R185	0.0	36.0	0.20137879423610955	1
0.0	36.0	1.0	36.0	1.0	35.0
R184	1.0	36.0	2.0996095839323394	1
1.0	36.0	0.0	37.0	0.0	36.0
R183	0.0	37.0	0.19915187680957938	1
0.0	37.0	1.0	37.0	1.0	36.0
R182	1.0	37.0	3.4723593341447008	1
1.0	37.0	0.0	38.0	0.0	37.0
R181	0.0	38.0	0.1496774641768658	1
0.0	38.0	1.0	38.0	1.0	37.0
R180	1.0	38.0	1.5133543036084205	1
1.0	38.0	0.0	39.0	0.0	38.0
R179	0.0	39.0	0.1833926953396753	1
0.0	39.0	1.0	39.0	1.0	38.0
R178	1.0	39.0	2.321483272556549	1
1.0	39.0	0.0	40.0	0.0	39.0
R177	0.0	40.0	0.33257279006611234	1
0.0	40.0	1.0	40.0	1.0	39.0
R176	1.0	40.0	2.152393094362067	1
1.0	40.0	0.0	41.0	0.0	40.0
R175	0.0	41.0	0.38447144394388333	1
0.0	41.0	1.0	41.0	1.0	40.0
R174	1.0	41.0	2.0887125499566204	1
1.0	41.0	0.0	42.0	0.0	41.0
R173	0.0	42.0	0.3011930803218428	1
0.0	42.0	1.0	42.0	1.0	41.0
R172	1.0	42.0	0.9200984199597326	1
1.0	42.0	0.0	43.0	0.0	42.0
R171	0.0	43.0	0.09537373271387439	1
0.0	43.0	1.0	43.0	1.0	42.0
R170	1.0	43.0	1.7997727114426192	1
1.0	43.0	0.0	44.0	0.0	43.0
R169	0.0	44.0	0.2848928890038091	1
0.0	44.0	1.0	44.0	1.0	43.0
R168	1.0	44.0	1.852426220973409	1
1.0	44.0	0.0	45.0	0.0	44.0
R167	0.0	45.0	0.3273115044775159	1
0.0	45.0	1.0	45.0	1.0	44.0
R166	1.0	45.0	2.2226185893590285	1
1.0	45.0	0.0	46.0	0.0	45.0
R165	0.0	46.0	0.2944723240545053	1
0.0	46.0	1.0	46.0	1.0	45.0
R164	1.0	46.0	0.30931226966023806	1
1.0	46.0	0.0	47.0	0.0	46.0
R163	0.0	47.0	0.057944195418052465	1
0.0	47.0	1.0	47.0	1.0	46.0
R162	1.0	47.0	1.8026911029715367	1
1.0	47.0	0.0	48.0	0.0	47.0
R161	0.0	48.0	0.2330274776685867	1
0.0	48.0	1.0	48.0	1.0	47.0
R160	1.0	48.0	0.5749841354247531	1
1.0	48.0	0.0	49.0	0.0	48.0
R159	0.0	49.0	0.2309424714382755	1
0.0	49.0	1.0	49.0	1.0	48.0
R158	1.0	49.0	3.4267353575135693	1
1.0	49.0	0.0	50.0	0.0	49.0
R157	0.0	50.0	0.21422691860143941	1
0.0	50.0	1.0	50.0	1.0	49.0
R156	1.0	50.0	3.444731177045508	1
1.0	50.0	0.0	51.0	0.0	50.0
R155	0.0	51.0	0.03719483897509791	1
0.0	51.0	1.0	51.0	1.0	50.0
R154	1.0	51.0	1.6390474395038206	1
1.0	51.0	0.0	52.0	0.0	51.0
R153	0.0	52.0	0.3775304835835521	1
0.0	52.0	1.0	52.0	1.0	51.0
R152	1.0	52.0	0.3501607388736389	1
1.0	52.0	0.0	53.0	0.0	52.0
R151	0.0	53.0	0.3144757075839646	1
0.0	53.0	1.0	53.0	1.0	52.0
R150	1.0	53.0	2.0315510798886445	1
1.0	53.0	0.0	54.0	0.0	53.0
R149	0.0	54.0	0.10693240271823472	1
0.0	54.0	1.0	54.0	1.0	53.0
R148	1.0	54.0	1.389300579359289	1
1.0	54.0	0.0	55.0	0.0	54.0
R147	0.0	55.0	0.29875590574761296	1
0.0	55.0	1.0	55.0	1.0	54.0
R146	1.0	55.0	1.2789839892009207	1
1.0	55.0	0.0	56.0	0.0	55.0
R145	0.0	56.0	0.329219733937764	1
0.0	56.0	1.0	56.0	1.0	55.0
R144	1.0	56.0	2.907081729676365	1
1.0	56.0	0.0	57.0	0.0	56.0
R143	0.0	57.0	0.0715428298643446	1
0.0	57.0	1.0	57.0	1.0	56.0
R142	1.0	57.0	3.567692935068433	1
1.0	57.0	0.0	58.0	0.0	57.0
R141	0.0	58.0	0.36449019245734016	1
0.0	58.0	1.0	58.0	1.0	57.0
R140	1.0	58.0	1.3907551836334406	1
1.0	58.0	0.0	59.0	0.0	58.0
R139	0.0	59.0	0.2486869145541036	1
0.0	59.0	1.0	59.0	1.0	58.0
R138	1.0	59.0	3.346106087419412	1
1.0	59.0	0.0	60.0	0.0	59.0
R137	0.0	60.0	0.25076982627588756	1
0.0	60.0	1.0	60.0	1.0	59.0
R136	1.0	60.0	2.65365724115928	1
1.0	60.0	0.0	61.0	0.0	60.0
R135	0.0	61.0	0.3719849393508452	1
0.0	61.0	1.0	61.0	1.0	60.0
R134	1.0	61.0	2.531856316692134	1
1.0	61.0	0.0	62.0	0.0	61.0
R133	0.0	62.0	0.066011977171929	1
0.0	62.0	1.0	62.0	1.0	61.0
R132	1.0	62.0	1.9544459394575544	1
1.0	62.0	0.0	63.0	0.0	62.0
R131	0.0	63.0	0.22064791051756819	1
0.0	63.0	1.0	63.0	1.0	62.0
R130	1.0	63.0	2.4197842277307964	1
1.0	63.0	0.0	64.0	0.0	63.0
R129	0.0	64.0	0.39954243815220714	1
0.0	64.0	1.0	64.0	1.0	63.0
R128	1.0	64.0	0.3374786225923008	1
1.0	64.0	0.0	65.0	0.0	64.0
R127	0.0	65.0	0.10528221799004829	1
0.0	65.0	1.0	65.0	1.0	64.0
R126	1.0	65.0	2.54664700196286	1
1.0	65.0	0.0	66.0	0.0	65.0
R125	0.0	66.0	0.28114429367216764	1
0.0	66.0	1.0	66.0	1.0	65.0
R124	1.0	66.0	1.7083962175463352	1
1.0	66.0	0.0	67.0	0.0	66.0
R123	0.0	67.0	0.39245763955273844	1
0.0	67.0	1.0	67.0	1.0	66.0
R122	1.0	67.0	3.057296943286837	1
1.0	67.0	0.0	68.0	0.0	67.0
R121	0.0	68.0	0.3094471550571739	1
0.0	68.0	1.0	68.0	1.0	67.0
R120	1.0	68.0	2.2272160613076735	1
1.0	68.0	0.0	69.0	0.0	68.0
R119	0.0	69.0	0.1582044802202692	1
0.0	69.0	1.0	69.0	1.0	68.0
R118	1.0	69.0	2.3083801260638857	1
1.0	69.0	0.0	70.0	0.0	69.0
R117	0.0	70.0	0.3071012635456547	1
0.0	70.0	1.0	70.0	1.0	69.0
R116	1.0	70.0	2.2593166352203022	1
1.0	70.0	0.0	71.0	0.0	70.0
R115	0.0	71.0	0.10889402388824251	1
0.0	71.0	1.0	71.0	1.0	70.0
R114	1.0	71.0	0.7892334344459676	1
1.0	71.0	0.0	72.0	0.0	71.0
R113	0.0	72.0	0.06837571850771265	1
0.0	72.0	1.0	72.0	1.0	71.0
R112	1.0	72.0	0.8726214933659644	1
1.0	72.0	0.0	73.0	0.0	72.0
R111	0.0	73.0	0.2379130565460009	1
0.0	73.0	1.0	73.0	1.0	72.0
R110	1.0	73.0	1.8106276112789557	1
1.0	73.0	0.0	74.0	0.0	73.0
R109	0.0	74.0	0.030323580633616065	1
0.0	74.0	1.0	74.0	1.0	73.0
R108	1.0	74.0	3.2070599941450135	1
1.0	74.0	0.0	75.0	0.0	74.0
R107	0.0	75.0	0.23134253993436155	1
0.0	75.0	1.0	75.0	1.0	74.0
R106	1.0	75.0	2.9353226983267446	1
1.0	75.0	0.0	76.0	0.0	75.0
R105	0.0	76.0	0.24150261435330383	1
0.0	76.0	1.0	76.0	1.0	75.0
R104	1.0	76.0	1.8449925703210455	1
1.0	76.0	0.0	77.0	0.0	76.0
R103	0.0	77.0	0.3954944602051244	1
0.0	77.0	1.0	77.0	1.0	76.0
R102	1.0	77.0	3.1750583776314127	1
1.0	77.0	0.0	78.0	0.0	77.0
R101	0.0	78.0	0.32243152412704235	1
0.0	78.0	1.0	78.0	1.0	77.0
R100	1.0	78.0	1.8287459474643455	1
1.0	78.0	0.0	79.0	0.0	78.0
R99	0.0	79.0	0.3536478720986829	1
0.0	79.0	1.0	79.0	1.0	78.0
R98	1.0	79.0	1.5566072361040664	1
1.0	79.0	0.0	80.0	0.0	79.0
R97	0.0	80.0	0.08449508479696934	1
0.0	80.0	1.0	80.0	1.0	79.0
R96	1.0	80.0	3.078703361625831	1
1.0	80.0	0.0	81.0	0.0	80.0
R95	0.0	81.0	0.07365642357122851	1
0.0	81.0	1.0	81.0	1.0	80.0
R94	1.0	81.0	1.5148632604416583	1
1.0	81.0	0.0	82.0	0.0	81.0
R93	0.0	82.0	0.2238901261838738	1
0.0	82.0	1.0	82.0	1.0	81.0
R92	1.0	82.0	0.6625365850702173	1
1.0	82.0	0.0	83.0	0.0	82.0
R91	0.0	83.0	0.06727437401112787	1
0.0	83.0	1.0	83.0	1.0	82.0
R90	1.0	83.0	0.7036304322651018	1
1.0	83.0	0.0	84.0	0.0	83.0
R89	0.0	84.0	0.15942543109778884	1
0.0	84.0	1.0	84.0	1.0	83.0
R88	1.0	84.0	3.0281573339191428	1
1.0	84.0	0.0	85.0	0.0	84.0
R87	0.0	85.0	0.34606662969739677	1
0.0	85.0	1.0	85.0	1.0	84.0
R86	1.0	85.0	2.599808685014896	1
1.0	85.0	0.0	86.0	0.0	85.0
R85	0.0	86.0	0.262554423199639	1
0.0	86.0	1.0	86.0	1.0	85.0
R84	1.0	86.0	3.439792629581432	1
1.0	86.0	0.0	87.0	0.0	86.0
R83	0.0	87.0	0.05263074149430127	1
0.0	87.0	1.0	87.0	1.0	86.0
R82	1.0	87.0	1.8390541980437887	1
1.0	87.0	0.0	88.0	0.0	87.0
R81	0.0	88.0	0.18492862619281927	1
0.0	88.0	1.0	88.0	1.0	87.0
R80	1.0	88.0	3.323267255761369	1
1.0	88.0	0.0	89.0	0.0	88.0
R79	0.0	89.0	0.10956470608603035	1
0.0	89.0	1.0	89.0	1.0	88.0
R78	1.0	89.0	0.3107105963816106	1
1.0	89.0	0.0	90.0	0.0	89.0
R77	0.0	90.0	0.34801264861778647	1
0.0	90.0	1.0	90.0	1.0	89.0
R76	1.0	90.0	0.9080916580854015	1
1.0	90.0	0.0	91.0	0.0	90.0
R75	0.0	91.0	0.3671644035949328	1
0.0	91.0	1.0	91.0	1.0	90.0
R74	1.0	91.0	0.6568753948995291	1
1.0	91.0	0.0	92.0	0.0	91.0
R73	0.0	92.0	0.29589825228533323	1
0.0	92.0	1.0	92.0	1.0	91.0
R72	1.0	92.0	2.82531880119906	1
1.0	92.0	0.0	93.0	0.0	92.0
R71	0.0	93.0	0.33422789829199884	1
0.0	93.0	1.0	93.0	1.0	92.0
R70	1.0	93.0	2.964872820031287	1
1.0	93.0	0.0	94.0	0.0	93.0
R69	0.0	94.0	0.2763955674269849	1
0.0	94.0	1.0	94.0	1.0	93.0
R68	1.0	94.0	2.9313377153211997	1
1.0	94.0	0.0	95.0	0.0	94.0
R67	0.0	95.0	0.1445811393891625	1
0.0	95.0	1.0	95.0	1.0	94.0
R66	1.0	95.0	2.114159365312904	1
1.0	95.0	0.0	96.0	0.0	95.0
R65	0.0	96.0	0.10676354514999142	1
0.0	96.0	1.0	96.0	1.0	95.0
R64	1.0	96.0	1.0788219223748143	1
1.0	96.0	0.0	97.0	0.0	96.0
R63	0.0	97.0	0.1950209317703659	1
0.0	97.0	1.0	97.0	1.0	96.0
R62	1.0	97.0	2.687782885450095	1
1.0	97.0	0.0	98.0	0.0	97.0
R61	0.0	98.0	0.09906966773927425	1
0.0	98.0	1.0	98.0	1.0	97.0
R60	1.0	98.0	1.9719441608347872	1
1.0	98.0	0.0	99.0	0.0	98.0
R59	0.0	99.0	0.3882952787971497	1
0.0	99.0	1.0	99.0	1.0	98.0
R58	1.0	99.0	0.5849583575384494	1
1.0	99.0	0.0	100.0	0.0	99.0
R57	0.0	100.0	0.1911408088649938	1
0.0	100.0	1.0	100.0	1.0	99.0
R56	1.0	100.0	2.9987069405825535	1
1.0	100.0	0.0	101.0	0.0	100.0
R55	0.0	101.0	0.12751049354581986	1
0.0	101.0	1.0	101.0	1.0	100.0
R54	1.0	101.0	2.225106898394961	1
1.0	101.0	0.0	102.0	0.0	101.0
R53	0.0	102.0	0.32738232857128324	1
0.0	102.0	1.0	102.0	1.0	101.0
R52	1.0	102.0	0.27881848714210133	1
1.0	102.0	0.0	103.0	0.0	102.0
R51	0.0	103.0	0.3859660705568884	1
0.0	103.0	1.0	103.0	1.0	102.0
R50	1.0	103.0	1.1398318388647148	1
1.0	103.0	0.0	104.0	0.0	103.0
R49	0.0	104.0	0.18440185140534057	1
0.0	104.0	1.0	104.0	1.0	103.0
R48	1.0	104.0	0.600969099090322	1
1.0	104.0	0.0	105.0	0.0	104.0
R47	0.0	105.0	0.3188748504969607	1
0.0	105.0	1.0	105.0	1.0	104.0
R46	1.0	105.0	1.8077782790601395	1
1.0	105.0	0.0	106.0	0.0	105.0
R45	0.0	106.0	0.16437692788552033	1
0.0	106.0	1.0	106.0	1.0	105.0
R44	1.0	106.0	1.0736312280336595	1
1.0	106.0	0.0	107.0	0.0	106.0
R43	0.0	107.0	0.11572565102983601	1
0.0	107.0	1.0	107.0	1.0	106.0
R42	1.0	107.0	3.548138470532702	1
1.0	107.0	0.0	108.0	0.0	107.0
R41	0.0	108.0	0.18445268524947397	1
0.0	108.0	1.0	108.0	1.0	107.0
R40	1.0	108.0	2.928618954607776	1
1.0	108.0	0.0	109.0	0.0	108.0
R39	0.0	109.0	0.11418897715925036	1
0.0	109.0	1.0	109.0	1.0	108.0
R38	1.0	109.0	1.4017218766315716	1
1.0	109.0	0.0	110.0	0.0	109.0
R37	0.0	110.0	0.2981457725266973	1
0.0	110.0	1.0	110.0	1.0	109.0
R36	1.0	110.0	3.246598624447634	1
1.0	110.0	0.0	111.0	0.0	110.0
R35	0.0	111.0	0.10845401538033568	1
0.0	111.0	1.0	111.0	1.0	110.0
R34	1.0	111.0	3.069016160511579	1
1.0	111.0	0.0	112.0	0.0	111.0
R33	0.0	112.0	0.21976526916197917	1
0.0	112.0	1.0	112.0	1.0	111.0
R32	1.0	112.0	0.5435423255747784	1
1.0	112.0	0.0	113.0	0.0	112.0
R31	0.0	113.0	0.1617157852769053	1
0.0	113.0	1.0	113.0	1.0	112.0
R30	1.0	113.0	0.26750704524536784	1
1.0	113.0	0.0	114.0	0.0	113.0
R29	0.0	114.0	0.38523896219038356	1
0.0	114.0	1.0	114.0	1.0	113.0
R28	1.0	114.0	2.7917591302425637	1
1.0	114.0	0.0	115.0	0.0	114.0
R27	0.0	115.0	0.07420656170585932	1
0.0	115.0	1.0	115.0	1.0	114.0
R26	1.0	115.0	2.190719137474364	1
1.0	115.0	0.0	116.0	0.0	115.0
R25	0.0	116.0	0.1474553592846492	1
0.0	116.0	1.0	116.0	1.0	115.0
R24	1.0	116.0	1.5486265957969505	1
1.0	116.0	0.0	117.0	0.0	116.0
R23	0.0	117.0	0.21468383080150866	1
0.0	117.0	1.0	117.0	1.0	116.0
R22	1.0	117.0	3.59897277602542	1
1.0	117.0	0.0	118.0	0.0	117.0
R21	0.0	118.0	0.1962969321545305	1
0.0	118.0	1.0	118.0	1.0	117.0
R20	1.0	118.0	1.6804756129733853	1
1.0	118.0	0.0	119.0	0.0	118.0
R19	0.0	119.0	0.3196496292178238	1
0.0	119.0	1.0	119.0	1.0	118.0
R18	1.0	119.0	1.3217289399409402	1
1.0	119.0	0.0	120.0	0.0	119.0
R17	0.0	120.0	0.18794941613062316	1
0.0	120.0	1.0	120.0	1.0	119.0
R16	1.0	120.0	3.5732579214130156	1
1.0	120.0	0.0	121.0	0.0	120.0
R15	0.0	121.0	0.22578204865810272	1
0.0	121.0	1.0	121.0	1.0	120.0
R14	1.0	121.0	2.9786175398252133	1
1.0	121.0	0.0	122.0	0.0	121.0
R13	0.0	122.0	0.3648249517552591	1
0.0	122.0	1.0	122.0	1.0	121.0
R12	1.0	122.0	2.090641697530849	1
1.0	122.0	0.0	123.0	0.0	122.0
R11	0.0	123.0	0.32710948649733207	1
0.0	123.0	1.0	123.0	1.0	122.0
R10	1.0	123.0	1.405808842282426	1
1.0	123.0	0.0	124.0	0.0	123.0
R9	0.0	124.0	0.1465334819456777	1
0.0	124.0	1.0	124.0	1.0	123.0
R8	1.0	124.0	3.2490453602027807	1
1.0	124.0	0.0	125.0	0.0	124.0
R7	0.0	125.0	0.08935186583083035	1
0.0	125.0	1.0	125.0	1.0	124.0
R6	1.0	125.0	2.856297010785973	1
1.0	125.0	0.0	126.0	0.0	125.0
R5	0.0	126.0	0.2737772031968403	1
0.0	126.0	1.0	126.0	1.0	125.0
R4	1.0	126.0	1.8778246860993044	1
1.0	126.0	0.0	127.0	0.0	126.0
R3	0.0	127.0	0.2095902272471712	1
0.0	127.0	1.0	127.0	1.0	126.0
R2	1.0	127.0	1.6519182846600395	1
1.0	127.0	0.0	128.0	0.0	127.0
R1	0.0	128.0	0.3408271286996056	1
0.0	128.0	1.0	128.0	1.0	127.0
