R256	0.5	0.5	6.981845247784024	2
0.0	1.0	0.0	0.0	1.0	0.0	1.0	1.0
5010.0	5010.1	5010.0	5010.0	5010.1	5010.0	5010.1	5010.1
R255	0.5	0.5	6.594612168722033	2
0.0	1.0	0.0	0.0	1.0	0.0	1.0	1.0
5020.0	5010.1	5020.0	5010.0	5020.1	5010.0	5020.1	5010.1
R254	0.5	0.5	6.204313207396998	2
0.0	1.0	0.0	0.0	1.0	0.0	1.0	1.0
5030.0	5010.1	5030.0	5010.0	5030.1	5010.0	5030.1	5010.1
R253	0.5	0.5	4.790036072697181	2
0.0	1.0	0.0	0.0	1.0	0.0	1.0	1.0
5040.0	5010.1	5040.0	5010.0	5040.1	5010.0	5040.1	5010.1
R252	0.5	0.5	4.888375372901231	2
0.0	1.0	0.0	0.0	1.0	0.0	1.0	1.0
5050.0	5010.1	5050.0	5010.0	5050.1	5010.0	5050.1	5010.1
R251	0.5	0.5	4.265696851089132	2
0.0	1.0	0.0	0.0	1.0	0.0	1.0	1.0
5060.0	5010.1	5060.0	5010.0	5060.1	5010.0	5060.1	5010.1
R250	0.5	0.5	6.2517992125285415	2
0.0	1.0	0.0	0.0	1.0	0.0	1.0	1.0
5070.0	5010.1	5070.0	5010.0	5070.1	5010.0	5070.1	5010.1
R249	0.5	0.5	3.6487960921577773	2
0.0	1.0	0.0	0.0	1.0	0.0	1.0	1.0
5080.0	5010.1	5080.0	5010.0	5080.1	5010.0	5080.1	5010.1
R248	0.5	0.5	5.8156400032442965	2
0.0	1.0	0.0	0.0	1.0	0.0	1.0	1.0
5090.0	5010.1	5090.0	5010.0	5090.1	5010.0	5090.1	5010.1
R247	0.5	0.5	4.651614466560904	2
0.0	1.0	0.0	0.0	1.0	0.0	1.0	1.0
5100.0	5010.1	5100.0	5010.0	5100.1	5010.0	5100.1	5010.1
R246	0.5	0.5	7.189466577658643	2
0.0	1.0	0.0	0.0	1.0	0.0	1.0	1.0
5110.0	5010.1	5110.0	5010.0	5110.1	5010.0	5110.1	5010.1
R245	0.5	0.5	5.536099939399264	2
0.0	1.0	0.0	0.0	1.0	0.0	1.0	1.0
5120.0	5010.1	5120.0	5010.0	5120.1	5010.0	5120.1	5010.1
R244	0.5	0.5	5.7106355613002835	2
0.0	1.0	0.0	0.0	1.0	0.0	1.0	1.0
5130.0	5010.1	5130.0	5010.0	5130.1	5010.0	5130.1	5010.1
R243	0.5	0.5	3.6128252225626687	2
0.0	1.0	0.0	0.0	1.0	0.0	1.0	1.0
5140.0	5010.1	5140.0	5010.0	5140.1	5010.0	5140.1	5010.1
R242	0.5	0.5	4.798607001287766	2
0.0	1.0	0.0	0.0	1.0	0.0	1.0	1.0
5150.0	5010.1	5150.0	5010.0	5150.1	5010.0	5150.1	5010.1
R241	0.5	0.5	5.069674664545117	2
0.0	1.0	0.0	0.0	1.0	0.0	1.0	1.0
5160.0	5010.1	5160.0	5010.0	5160.1	5010.0	5160.1	5010.1
R240	0.5	0.5	3.4081950889128136	2
0.0	1.0	0.0	0.0	1.0	0.0	1.0	1.0
5010.0	5020.1	5010.0	5020.0	5010.1	5020.0	5010.1	5020.1
R239	0.5	0.5	3.958211812387897	2
0.0	1.0	0.0	0.0	1.0	0.0	1.0	1.0
5020.0	5020.1	5020.0	5020.0	5020.1	5020.0	5020.1	5020.1
R238	0.5	0.5	7.320306989054309	2
0.0	1.0	0.0	0.0	1.0	0.0	1.0	1.0
5030.0	5020.1	5030.0	5020.0	5030.1	5020.0	5030.1	5020.1
R237	0.5	0.5	5.662918498948852	2
0.0	1.0	0.0	0.0	1.0	0.0	1.0	1.0
5040.0	5020.1	5040.0	5020.0	5040.1	5020.0	5040.1	5020.1
R236	0.5	0.5	3.8235542870912225	2
0.0	1.0	0.0	0.0	1.0	0.0	1.0	1.0
5050.0	5020.1	5050.0	5020.0	5050.1	5020.0	5050.1	5020.1
R235	0.5	0.5	6.707610517011316	2
0.0	1.0	0.0	0.0	1.0	0.0	1.0	1.0
5060.0	5020.1	5060.0	5020.0	5060.1	5020.0	5060.1	5020.1
R234	0.5	0.5	6.089901174358944	2
0.0	1.0	0.0	0.0	1.0	0.0	1.0	1.0
5070.0	5020.1	5070.0	5020.0	5070.1	5020.0	5070.1	5020.1
R233	0.5	0.5	5.915389744577419	2
0.0	1.0	0.0	0.0	1.0	0.0	1.0	1.0
5080.0	5020.1	5080.0	5020.0	5080.1	5020.0	5080.1	5020.1
R232	0.5	0.5	4.595033280362905	2
0.0	1.0	0.0	0.0	1.0	0.0	1.0	1.0
5090.0	5020.1	5090.0	5020.0	5090.1	5020.0	5090.1	5020.1
R231	0.5	0.5	5.243422808222114	2
0.0	1.0	0.0	0.0	1.0	0.0	1.0	1.0
5100.0	5020.1	5100.0	5020.0	5100.1	5020.0	5100.1	5020.1
R230	0.5	0.5	3.905203216142941	2
0.0	1.0	0.0	0.0	1.0	0.0	1.0	1.0
5110.0	5020.1	5110.0	5020.0	5110.1	5020.0	5110.1	5020.1
R229	0.5	0.5	4.855422391704404	2
0.0	1.0	0.0	0.0	1.0	0.0	1.0	1.0
5120.0	5020.1	5120.0	5020.0	5120.1	5020.0	5120.1	5020.1
R228	0.5	0.5	6.97743521479582	2
0.0	1.0	0.0	0.0	1.0	0.0	1.0	1.0
5130.0	5020.1	5130.0	5020.0	5130.1	5020.0	5130.1	5020.1
R227	0.5	0.5	3.4589178323890577	2
0.0	1.0	0.0	0.0	1.0	0.0	1.0	1.0
5140.0	5020.1	5140.0	5020.0	5140.1	5020.0	5140.1	5020.1
R226	0.5	0.5	7.076010259648294	2
0.0	1.0	0.0	0.0	1.0	0.0	1.0	1.0
5150.0	5020.1	5150.0	5020.0	5150.1	5020.0	5150.1	5020.1
R225	0.5	0.5	5.2743956330014825	2
0.0	1.0	0.0	0.0	1.0	0.0	1.0	1.0
5160.0	5020.1	5160.0	5020.0	5160.1	5020.0	5160.1	5020.1
R224	0.5	0.5	3.493309911529074	2
0.0	1.0	0.0	0.0	1.0	0.0	1.0	1.0
5010.0	5030.1	5010.0	5030.0	5010.1	5030.0	5010.1	5030.1
R223	0.5	0.5	6.114514758895552	2
0.0	1.0	0.0	0.0	1.0	0.0	1.0	1.0
5020.0	5030.1	5020.0	5030.0	5020.1	5030.0	5020.1	5030.1
R222	0.5	0.5	5.905270752471628	2
0.0	1.0	0.0	0.0	1.0	0.0	1.0	1.0
5030.0	5030.1	5030.0	5030.0	5030.1	5030.0	5030.1	5030.1
R221	0.5	0.5	4.113050563334764	2
0.0	1.0	0.0	0.0	1.0	0.0	1.0	1.0
5040.0	5030.1	5040.0	5030.0	5040.1	5030.0	5040.1	5030.1
R220	0.5	0.5	5.123478639833161	2
0.0	1.0	0.0	0.0	1.0	0.0	1.0	1.0
5050.0	5030.1	5050.0	5030.0	5050.1	5030.0	5050.1	5030.1
R219	0.5	0.5	6.326385892046331	2
0.0	1.0	0.0	0.0	1.0	0.0	1.0	1.0
5060.0	5030.1	5060.0	5030.0	5060.1	5030.0	5060.1	5030.1
R218	0.5	0.5	4.472914193415914	2
0.0	1.0	0.0	0.0	1.0	0.0	1.0	1.0
5070.0	5030.1	5070.0	5030.0	5070.1	5030.0	5070.1	5030.1
R217	0.5	0.5	3.607155284096373	2
0.0	1.0	0.0	0.0	1.0	0.0	1.0	1.0
5080.0	5030.1	5080.0	5030.0	5080.1	5030.0	5080.1	5030.1
R216	0.5	0.5	4.660177870158063	2
0.0	1.0	0.0	0.0	1.0	0.0	1.0	1.0
5090.0	5030.1	5090.0	5030.0	5090.1	5030.0	5090.1	5030.1
R215	0.5	0.5	4.767484411642347	2
0.0	1.0	0.0	0.0	1.0	0.0	1.0	1.0
5100.0	5030.1	5100.0	5030.0	5100.1	5030.0	5100.1	5030.1
R214	0.5	0.5	5.698320149634588	2
0.0	1.0	0.0	0.0	1.0	0.0	1.0	1.0
5110.0	5030.1	5110.0	5030.0	5110.1	5030.0	5110.1	5030.1
R213	0.5	0.5	6.672767754438091	2
0.0	1.0	0.0	0.0	1.0	0.0	1.0	1.0
5120.0	5030.1	5120.0	5030.0	5120.1	5030.0	5120.1	5030.1
R212	0.5	0.5	5.255847298502334	2
0.0	1.0	0.0	0.0	1.0	0.0	1.0	1.0
5130.0	5030.1	5130.0	5030.0	5130.1	5030.0	5130.1	5030.1
R211	0.5	0.5	4.426237753087264	2
0.0	1.0	0.0	0.0	1.0	0.0	1.0	1.0
5140.0	5030.1	5140.0	5030.0	5140.1	5030.0	5140.1	5030.1
R210	0.5	0.5	3.413425049218	2
0.0	1.0	0.0	0.0	1.0	0.0	1.0	1.0
5150.0	5030.1	5150.0	5030.0	5150.1	5030.0	5150.1	5030.1
R209	0.5	0.5	3.977004503368306	2
0.0	1.0	0.0	0.0	1.0	0.0	1.0	1.0
5160.0	5030.1	5160.0	5030.0	5160.1	5030.0	5160.1	5030.1
R208	0.5	0.5	3.344628717620153	2
0.0	1.0	0.0	0.0	1.0	0.0	1.0	1.0
5010.0	5040.1	5010.0	5040.0	5010.1	5040.0	5010.1	5040.1
R207	0.5	0.5	4.475990681868531	2
0.0	1.0	0.0	0.0	1.0	0.0	1.0	1.0
5020.0	5040.1	5020.0	5040.0	5020.1	5040.0	5020.1	5040.1
R206	0.5	0.5	4.58553238071844	2
0.0	1.0	0.0	0.0	1.0	0.0	1.0	1.0
5030.0	5040.1	5030.0	5040.0	5030.1	5040.0	5030.1	5040.1
R205	0.5	0.5	5.798588390153981	2
0.0	1.0	0.0	0.0	1.0	0.0	1.0	1.0
5040.0	5040.1	5040.0	5040.0	5040.1	5040.0	5040.1	5040.1
R204	0.5	0.5	7.158731130706393	2
0.0	1.0	0.0	0.0	1.0	0.0	1.0	1.0
5050.0	5040.1	5050.0	5040.0	5050.1	5040.0	5050.1	5040.1
R203	0.5	0.5	4.458837827159348	2
0.0	1.0	0.0	0.0	1.0	0.0	1.0	1.0
5060.0	5040.1	5060.0	5040.0	5060.1	5040.0	5060.1	5040.1
R202	0.5	0.5	6.053660002237291	2
0.0	1.0	0.0	0.0	1.0	0.0	1.0	1.0
5070.0	5040.1	5070.0	5040.0	5070.1	5040.0	5070.1	5040.1
R201	0.5	0.5	6.633523576949701	2
0.0	1.0	0.0	0.0	1.0	0.0	1.0	1.0
5080.0	5040.1	5080.0	5040.0	5080.1	5040.0	5080.1	5040.1
R200	0.5	0.5	4.341271794728735	2
0.0	1.0	0.0	0.0	1.0	0.0	1.0	1.0
5090.0	5040.1	5090.0	5040.0	5090.1	5040.0	5090.1	5040.1
R199	0.5	0.5	4.747412410318894	2
0.0	1.0	0.0	0.0	1.0	0.0	1.0	1.0
5100.0	5040.1	5100.0	5040.0	5100.1	5040.0	5100.1	5040.1
R198	0.5	0.5	6.184741250445056	2
0.0	1.0	0.0	0.0	1.0	0.0	1.0	1.0
5110.0	5040.1	5110.0	5040.0	5110.1	5040.0	5110.1	5040.1
R197	0.5	0.5	7.045027404294847	2
0.0	1.0	0.0	0.0	1.0	0.0	1.0	1.0
5120.0	5040.1	5120.0	5040.0	5120.1	5040.0	5120.1	5040.1
R196	0.5	0.5	6.337708122893381	2
0.0	1.0	0.0	0.0	1.0	0.0	1.0	1.0
5130.0	5040.1	5130.0	5040.0	5130.1	5040.0	5130.1	5040.1
R195	0.5	0.5	5.284167956212201	2
0.0	1.0	0.0	0.0	1.0	0.0	1.0	1.0
5140.0	5040.1	5140.0	5040.0	5140.1	5040.0	5140.1	5040.1
R194	0.5	0.5	5.216186186545098	2
0.0	1.0	0.0	0.0	1.0	0.0	1.0	1.0
5150.0	5040.1	5150.0	5040.0	5150.1	5040.0	5150.1	5040.1
R193	0.5	0.5	5.493340538191587	2
0.0	1.0	0.0	0.0	1.0	0.0	1.0	1.0
5160.0	5040.1	5160.0	5040.0	5160.1	5040.0	5160.1	5040.1
R192	0.5	0.5	5.829516978116727	2
0.0	1.0	0.0	0.0	1.0	0.0	1.0	1.0
5010.0	5050.1	5010.0	5050.0	5010.1	5050.0	5010.1	5050.1
R191	0.5	0.5	3.576369078489125	2
0.0	1.0	0.0	0.0	1.0	0.0	1.0	1.0
5020.0	5050.1	5020.0	5050.0	5020.1	5050.0	5020.1	5050.1
R190	0.5	0.5	5.395868687277719	2
0.0	1.0	0.0	0.0	1.0	0.0	1.0	1.0
5030.0	5050.1	5030.0	5050.0	5030.1	5050.0	5030.1	5050.1
R189	0.5	0.5	4.476902273334991	2
0.0	1.0	0.0	0.0	1.0	0.0	1.0	1.0
5040.0	5050.1	5040.0	5050.0	5040.1	5050.0	5040.1	5050.1
R188	0.5	0.5	7.2896962632143	2
0.0	1.0	0.0	0.0	1.0	0.0	1.0	1.0
5050.0	5050.1	5050.0	5050.0	5050.1	5050.0	5050.1	5050.1
R187	0.5	0.5	4.013060167393858	2
0.0	1.0	0.0	0.0	1.0	0.0	1.0	1.0
5060.0	5050.1	5060.0	5050.0	5060.1	5050.0	5060.1	5050.1
R186	0.5	0.5	5.026217428801165	2
0.0	1.0	0.0	0.0	1.0	0.0	1.0	1.0
5070.0	5050.1	5070.0	5050.0	5070.1	5050.0	5070.1	5050.1
R185	0.5	0.5	4.43828594628865	2
0.0	1.0	0.0	0.0	1.0	0.0	1.0	1.0
5080.0	5050.1	5080.0	5050.0	5080.1	5050.0	5080.1	5050.1
R184	0.5	0.5	4.789955319784549	2
0.0	1.0	0.0	0.0	1.0	0.0	1.0	1.0
5090.0	5050.1	5090.0	5050.0	5090.1	5050.0	5090.1	5050.1
R183	0.5	0.5	7.101042176300889	2
0.0	1.0	0.0	0.0	1.0	0.0	1.0	1.0
5100.0	5050.1	5100.0	5050.0	5100.1	5050.0	5100.1	5050.1
R182	0.5	0.5	5.832394833491115	2
0.0	1.0	0.0	0.0	1.0	0.0	1.0	1.0
5110.0	5050.1	5110.0	5050.0	5110.1	5050.0	5110.1	5050.1
R181	0.5	0.5	6.369571443584514	2
0.0	1.0	0.0	0.0	1.0	0.0	1.0	1.0
5120.0	5050.1	5120.0	5050.0	5120.1	5050.0	5120.1	5050.1
R180	0.5	0.5	6.307463786845822	2
0.0	1.0	0.0	0.0	1.0	0.0	1.0	1.0
5130.0	5050.1	5130.0	5050.0	5130.1	5050.0	5130.1	5050.1
R179	0.5	0.5	3.357025671508339	2
0.0	1.0	0.0	0.0	1.0	0.0	1.0	1.0
5140.0	5050.1	5140.0	5050.0	5140.1	5050.0	5140.1	5050.1
R178	0.5	0.5	4.038910579585231	2
0.0	1.0	0.0	0.0	1.0	0.0	1.0	1.0
5150.0	5050.1	5150.0	5050.0	5150.1	5050.0	5150.1	5050.1
R177	0.5	0.5	5.725822047530427	2
0.0	1.0	0.0	0.0	1.0	0.0	1.0	1.0
5160.0	5050.1	5160.0	5050.0	5160.1	5050.0	5160.1	5050.1
R176	0.5	0.5	6.631403948382227	2
0.0	1.0	0.0	0.0	1.0	0.0	1.0	1.0
5010.0	5060.1	5010.0	5060.0	5010.1	5060.0	5010.1	5060.1
R175	0.5	0.5	6.509304640566532	2
0.0	1.0	0.0	0.0	1.0	0.0	1.0	1.0
5020.0	5060.1	5020.0	5060.0	5020.1	5060.0	5020.1	5060.1
R174	0.5	0.5	3.821075093652573	2
0.0	1.0	0.0	0.0	1.0	0.0	1.0	1.0
5030.0	5060.1	5030.0	5060.0	5030.1	5060.0	5030.1	5060.1
R173	0.5	0.5	6.95536759841014	2
0.0	1.0	0.0	0.0	1.0	0.0	1.0	1.0
5040.0	5060.1	5040.0	5060.0	5040.1	5060.0	5040.1	5060.1
R172	0.5	0.5	4.056323375975504	2
0.0	1.0	0.0	0.0	1.0	0.0	1.0	1.0
5050.0	5060.1	5050.0	5060.0	5050.1	5060.0	5050.1	5060.1
R171	0.5	0.5	3.521184985707229	2
0.0	1.0	0.0	0.0	1.0	0.0	1.0	1.0
5060.0	5060.1	5060.0	5060.0	5060.1	5060.0	5060.1	5060.1
R170	0.5	0.5	6.564140090970827	2
0.0	1.0	0.0	0.0	1.0	0.0	1.0	1.0
5070.0	5060.1	5070.0	5060.0	5070.1	5060.0	5070.1	5060.1
R169	0.5	0.5	7.181667777266294	2
0.0	1.0	0.0	0.0	1.0	0.0	1.0	1.0
5080.0	5060.1	5080.0	5060.0	5080.1	5060.0	5080.1	5060.1
R168	0.5	0.5	6.03707610046289	2
0.0	1.0	0.0	0.0	1.0	0.0	1.0	1.0
5090.0	5060.1	5090.0	5060.0	5090.1	5060.0	5090.1	5060.1
R167	0.5	0.5	3.9166610175029803	2
0.0	1.0	0.0	0.0	1.0	0.0	1.0	1.0
5100.0	5060.1	5100.0	5060.0	5100.1	5060.0	5100.1	5060.1
R166	0.5	0.5	7.280451948079644	2
0.0	1.0	0.0	0.0	1.0	0.0	1.0	1.0
5110.0	5060.1	5110.0	5060.0	5110.1	5060.0	5110.1	5060.1
R165	0.5	0.5	5.990312532078496	2
0.0	1.0	0.0	0.0	1.0	0.0	1.0	1.0
5120.0	5060.1	5120.0	5060.0	5120.1	5060.0	5120.1	5060.1
R164	0.5	0.5	5.0356445626370725	2
0.0	1.0	0.0	0.0	1.0	0.0	1.0	1.0
5130.0	5060.1	5130.0	5060.0	5130.1	5060.0	5130.1	5060.1
R163	0.5	0.5	4.633137037414303	2
0.0	1.0	0.0	0.0	1.0	0.0	1.0	1.0
5140.0	5060.1	5140.0	5060.0	5140.1	5060.0	5140.1	5060.1
R162	0.5	0.5	3.936800268959933	2
0.0	1.0	0.0	0.0	1.0	0.0	1.0	1.0
5150.0	5060.1	5150.0	5060.0	5150.1	5060.0	5150.1	5060.1
R161	0.5	0.5	4.219542380045519	2
0.0	1.0	0.0	0.0	1.0	0.0	1.0	1.0
5160.0	5060.1	5160.0	5060.0	5160.1	5060.0	5160.1	5060.1
R160	0.5	0.5	7.080008426658431	2
0.0	1.0	0.0	0.0	1.0	0.0	1.0	1.0
5010.0	5070.1	5010.0	5070.0	5010.1	5070.0	5010.1	5070.1
R159	0.5	0.5	7.479671968826947	2
0.0	1.0	0.0	0.0	1.0	0.0	1.0	1.0
5020.0	5070.1	5020.0	5070.0	5020.1	5070.0	5020.1	5070.1
R158	0.5	0.5	4.663707676980547	2
0.0	1.0	0.0	0.0	1.0	0.0	1.0	1.0
5030.0	5070.1	5030.0	5070.0	5030.1	5070.0	5030.1	5070.1
R157	0.5	0.5	3.9568685691022183	2
0.0	1.0	0.0	0.0	1.0	0.0	1.0	1.0
5040.0	5070.1	5040.0	5070.0	5040.1	5070.0	5040.1	5070.1
R156	0.5	0.5	3.746145412180648	2
0.0	1.0	0.0	0.0	1.0	0.0	1.0	1.0
5050.0	5070.1	5050.0	5070.0	5050.1	5070.0	5050.1	5070.1
R155	0.5	0.5	5.075606674208599	2
0.0	1.0	0.0	0.0	1.0	0.0	1.0	1.0
5060.0	5070.1	5060.0	5070.0	5060.1	5070.0	5060.1	5070.1
R154	0.5	0.5	6.02234522694495	2
0.0	1.0	0.0	0.0	1.0	0.0	1.0	1.0
5070.0	5070.1	5070.0	5070.0	5070.1	5070.0	5070.1	5070.1
R153	0.5	0.5	6.2746144377909765	2
0.0	1.0	0.0	0.0	1.0	0.0	1.0	1.0
5080.0	5070.1	5080.0	5070.0	5080.1	5070.0	5080.1	5070.1
R152	0.5	0.5	5.8662086451446696	2
0.0	1.0	0.0	0.0	1.0	0.0	1.0	1.0
5090.0	5070.1	5090.0	5070.0	5090.1	5070.0	5090.1	5070.1
R151	0.5	0.5	4.55020149841891	2
0.0	1.0	0.0	0.0	1.0	0.0	1.0	1.0
5100.0	5070.1	5100.0	5070.0	5100.1	5070.0	5100.1	5070.1
R150	0.5	0.5	4.359738421161919	2
0.0	1.0	0.0	0.0	1.0	0.0	1.0	1.0
5110.0	5070.1	5110.0	5070.0	5110.1	5070.0	5110.1	5070.1
R149	0.5	0.5	5.926816741557937	2
0.0	1.0	0.0	0.0	1.0	0.0	1.0	1.0
5120.0	5070.1	5120.0	5070.0	5120.1	5070.0	5120.1	5070.1
R148	0.5	0.5	4.2589275609170745	2
0.0	1.0	0.0	0.0	1.0	0.0	1.0	1.0
5130.0	5070.1	5130.0	5070.0	5130.1	5070.0	5130.1	5070.1
R147	0.5	0.5	7.132375631081114	2
0.0	1.0	0.0	0.0	1.0	0.0	1.0	1.0
5140.0	5070.1	5140.0	5070.0	5140.1	5070.0	5140.1	5070.1
R146	0.5	0.5	4.288950761221938	2
0.0	1.0	0.0	0.0	1.0	0.0	1.0	1.0
5150.0	5070.1	5150.0	5070.0	5150.1	5070.0	5150.1	5070.1
R145	0.5	0.5	7.44558029418716	2
0.0	1.0	0.0	0.0	1.0	0.0	1.0	1.0
5160.0	5070.1	5160.0	5070.0	5160.1	5070.0	5160.1	5070.1
R144	0.5	0.5	5.838985947315633	2
0.0	1.0	0.0	0.0	1.0	0.0	1.0	1.0
5010.0	5080.1	5010.0	5080.0	5010.1	5080.0	5010.1	5080.1
R143	0.5	0.5	6.0508240503019906	2
0.0	1.0	0.0	0.0	1.0	0.0	1.0	1.0
5020.0	5080.1	5020.0	5080.0	5020.1	5080.0	5020.1	5080.1
R142	0.5	0.5	3.4879970599061227	2
0.0	1.0	0.0	0.0	1.0	0.0	1.0	1.0
5030.0	5080.1	5030.0	5080.0	5030.1	5080.0	5030.1	5080.1
R141	0.5	0.5	5.650015328360847	2
0.0	1.0	0.0	0.0	1.0	0.0	1.0	1.0
5040.0	5080.1	5040.0	5080.0	5040.1	5080.0	5040.1	5080.1
R140	0.5	0.5	4.257219317879289	2
0.0	1.0	0.0	0.0	1.0	0.0	1.0	1.0
5050.0	5080.1	5050.0	5080.0	5050.1	5080.0	5050.1	5080.1
R139	0.5	0.5	4.89866825405181	2
0.0	1.0	0.0	0.0	1.0	0.0	1.0	1.0
5060.0	5080.1	5060.0	5080.0	5060.1	5080.0	5060.1	5080.1
R138	0.5	0.5	7.152674561991523	2
0.0	1.0	0.0	0.0	1.0	0.0	1.0	1.0
5070.0	5080.1	5070.0	5080.0	5070.1	5080.0	5070.1	5080.1
R137	0.5	0.5	6.348625052410981	2
0.0	1.0	0.0	0.0	1.0	0.0	1.0	1.0
5080.0	5080.1	5080.0	5080.0	5080.1	5080.0	5080.1	5080.1
R136	0.5	0.5	3.58626313802678	2
0.0	1.0	0.0	0.0	1.0	0.0	1.0	1.0
5090.0	5080.1	5090.0	5080.0	5090.1	5080.0	5090.1	5080.1
R135	0.5	0.5	6.2933987257199755	2
0.0	1.0	0.0	0.0	1.0	0.0	1.0	1.0
5100.0	5080.1	5100.0	5080.0	5100.1	5080.0	5100.1	5080.1
R134	0.5	0.5	4.397650663673505	2
0.0	1.0	0.0	0.0	1.0	0.0	1.0	1.0
5110.0	5080.1	5110.0	5080.0	5110.1	5080.0	5110.1	5080.1
R133	0.5	0.5	5.809794487000392	2
0.0	1.0	0.0	0.0	1.0	0.0	1.0	1.0
5120.0	5080.1	5120.0	5080.0	5120.1	5080.0	5120.1	5080.1
R132	0.5	0.5	4.83012153673778	2
0.0	1.0	0.0	0.0	1.0	0.0	1.0	1.0
5130.0	5080.1	5130.0	5080.0	5130.1	5080.0	5130.1	5080.1
R131	0.5	0.5	5.448831140997605	2
0.0	1.0	0.0	0.0	1.0	0.0	1.0	1.0
5140.0	5080.1	5140.0	5080.0	5140.1	5080.0	5140.1	5080.1
R130	0.5	0.5	6.010331165573566	2
0.0	1.0	0.0	0.0	1.0	0.0	1.0	1.0
5150.0	5080.1	5150.0	5080.0	5150.1	5080.0	5150.1	5080.1
R129	0.5	0.5	4.561523188322556	2
0.0	1.0	0.0	0.0	1.0	0.0	1.0	1.0
5160.0	5080.1	5160.0	5080.0	5160.1	5080.0	5160.1	5080.1
R128	0.5	0.5	4.867665100028866	2
0.0	1.0	0.0	0.0	1.0	0.0	1.0	1.0
5010.0	5090.1	5010.0	5090.0	5010.1	5090.0	5010.1	5090.1
R127	0.5	0.5	3.504480948173485	2
0.0	1.0	0.0	0.0	1.0	0.0	1.0	1.0
5020.0	5090.1	5020.0	5090.0	5020.1	5090.0	5020.1	5090.1
R126	0.5	0.5	6.556600529981301	2
0.0	1.0	0.0	0.0	1.0	0.0	1.0	1.0
5030.0	5090.1	5030.0	5090.0	5030.1	5090.0	5030.1	5090.1
R125	0.5	0.5	6.4274090179013275	2
0.0	1.0	0.0	0.0	1.0	0.0	1.0	1.0
5040.0	5090.1	5040.0	5090.0	5040.1	5090.0	5040.1	5090.1
R124	0.5	0.5	4.172655263513006	2
0.0	1.0	0.0	0.0	1.0	0.0	1.0	1.0
5050.0	5090.1	5050.0	5090.0	5050.1	5090.0	5050.1	5090.1
R123	0.5	0.5	6.1291452551823	2
0.0	1.0	0.0	0.0	1.0	0.0	1.0	1.0
5060.0	5090.1	5060.0	5090.0	5060.1	5090.0	5060.1	5090.1
R122	0.5	0.5	6.416460389578394	2
0.0	1.0	0.0	0.0	1.0	0.0	1.0	1.0
5070.0	5090.1	5070.0	5090.0	5070.1	5090.0	5070.1	5090.1
R121	0.5	0.5	5.744465817327237	2
0.0	1.0	0.0	0.0	1.0	0.0	1.0	1.0
5080.0	5090.1	5080.0	5090.0	5080.1	5090.0	5080.1	5090.1
R120	0.5	0.5	6.619848890134081	2
0.0	1.0	0.0	0.0	1.0	0.0	1.0	1.0
5090.0	5090.1	5090.0	5090.0	5090.1	5090.0	5090.1	5090.1
R119	0.5	0.5	6.529577303038348	2
0.0	1.0	0.0	0.0	1.0	0.0	1.0	1.0
5100.0	5090.1	5100.0	5090.0	5100.1	5090.0	5100.1	5090.1
R118	0.5	0.5	6.72424417284472	2
0.0	1.0	0.0	0.0	1.0	0.0	1.0	1.0
5110.0	5090.1	5110.0	5090.0	5110.1	5090.0	5110.1	5090.1
R117	0.5	0.5	6.939638170027596	2
0.0	1.0	0.0	0.0	1.0	0.0	1.0	1.0
5120.0	5090.1	5120.0	5090.0	5120.1	5090.0	5120.1	5090.1
R116	0.5	0.5	5.221406766400378	2
0.0	1.0	0.0	0.0	1.0	0.0	1.0	1.0
5130.0	5090.1	5130.0	5090.0	5130.1	5090.0	5130.1	5090.1
R115	0.5	0.5	6.051941484512278	2
0.0	1.0	0.0	0.0	1.0	0.0	1.0	1.0
5140.0	5090.1	5140.0	5090.0	5140.1	5090.0	5140.1	5090.1
R114	0.5	0.5	5.73576962259196	2
0.0	1.0	0.0	0.0	1.0	0.0	1.0	1.0
5150.0	5090.1	5150.0	5090.0	5150.1	5090.0	5150.1	5090.1
R113	0.5	0.5	5.232537485502464	2
0.0	1.0	0.0	0.0	1.0	0.0	1.0	1.0
5160.0	5090.1	5160.0	5090.0	5160.1	5090.0	5160.1	5090.1
R112	0.5	0.5	6.74020509749417	2
0.0	1.0	0.0	0.0	1.0	0.0	1.0	1.0
5010.0	5100.1	5010.0	5100.0	5010.1	5100.0	5010.1	5100.1
R111	0.5	0.5	4.229915650138063	2
0.0	1.0	0.0	0.0	1.0	0.0	1.0	1.0
5020.0	5100.1	5020.0	5100.0	5020.1	5100.0	5020.1	5100.1
R110	0.5	0.5	3.8435263738533947	2
0.0	1.0	0.0	0.0	1.0	0.0	1.0	1.0
5030.0	5100.1	5030.0	5100.0	5030.1	5100.0	5030.1	5100.1
R109	0.5	0.5	6.015285967537379	2
0.0	1.0	0.0	0.0	1.0	0.0	1.0	1.0
5040.0	5100.1	5040.0	5100.0	5040.1	5100.0	5040.1	5100.1
R108	0.5	0.5	5.796733912592589	2
0.0	1.0	0.0	0.0	1.0	0.0	1.0	1.0
5050.0	5100.1	5050.0	5100.0	5050.1	5100.0	5050.1	5100.1
R107	0.5	0.5	5.908859847345466	2
0.0	1.0	0.0	0.0	1.0	0.0	1.0	1.0
5060.0	5100.1	5060.0	5100.0	5060.1	5100.0	5060.1	5100.1
R106	0.5	0.5	3.810763812963887	2
0.0	1.0	0.0	0.0	1.0	0.0	1.0	1.0
5070.0	5100.1	5070.0	5100.0	5070.1	5100.0	5070.1	5100.1
R105	0.5	0.5	6.769763880988866	2
0.0	1.0	0.0	0.0	1.0	0.0	1.0	1.0
5080.0	5100.1	5080.0	5100.0	5080.1	5100.0	5080.1	5100.1
R104	0.5	0.5	4.490726528206361	2
0.0	1.0	0.0	0.0	1.0	0.0	1.0	1.0
5090.0	5100.1	5090.0	5100.0	5090.1	5100.0	5090.1	5100.1
R103	0.5	0.5	4.293735273527751	2
0.0	1.0	0.0	0.0	1.0	0.0	1.0	1.0
5100.0	5100.1	5100.0	5100.0	5100.1	5100.0	5100.1	5100.1
R102	0.5	0.5	6.1294935197622795	2
0.0	1.0	0.0	0.0	1.0	0.0	1.0	1.0
5110.0	5100.1	5110.0	5100.0	5110.1	5100.0	5110.1	5100.1
R101	0.5	0.5	5.051340147344395	2
0.0	1.0	0.0	0.0	1.0	0.0	1.0	1.0
5120.0	5100.1	5120.0	5100.0	5120.1	5100.0	5120.1	5100.1
R100	0.5	0.5	3.364163918291215	2
0.0	1.0	0.0	0.0	1.0	0.0	1.0	1.0
5130.0	5100.1	5130.0	5100.0	5130.1	5100.0	5130.1	5100.1
R99	0.5	0.5	5.429422107158029	2
0.0	1.0	0.0	0.0	1.0	0.0	1.0	1.0
5140.0	5100.1	5140.0	5100.0	5140.1	5100.0	5140.1	5100.1
R98	0.5	0.5	5.05927701680956	2
0.0	1.0	0.0	0.0	1.0	0.0	1.0	1.0
5150.0	5100.1	5150.0	5100.0	5150.1	5100.0	5150.1	5100.1
R97	0.5	0.5	4.096319288891841	2
0.0	1.0	0.0	0.0	1.0	0.0	1.0	1.0
5160.0	5100.1	5160.0	5100.0	5160.1	5100.0	5160.1	5100.1
R96	0.5	0.5	5.405509384090289	2
0.0	1.0	0.0	0.0	1.0	0.0	1.0	1.0
5010.0	5110.1	5010.0	5110.0	5010.1	5110.0	5010.1	5110.1
R95	0.5	0.5	3.3924360508367584	2
0.0	1.0	0.0	0.0	1.0	0.0	1.0	1.0
5020.0	5110.1	5020.0	5110.0	5020.1	5110.0	5020.1	5110.1
R94	0.5	0.5	5.539896689333609	2
0.0	1.0	0.0	0.0	1.0	0.0	1.0	1.0
5030.0	5110.1	5030.0	5110.0	5030.1	5110.0	5030.1	5110.1
R93	0.5	0.5	5.664542100850762	2
0.0	1.0	0.0	0.0	1.0	0.0	1.0	1.0
5040.0	5110.1	5040.0	5110.0	5040.1	5110.0	5040.1	5110.1
R92	0.5	0.5	5.902612824062321	2
0.0	1.0	0.0	0.0	1.0	0.0	1.0	1.0
5050.0	5110.1	5050.0	5110.0	5050.1	5110.0	5050.1	5110.1
R91	0.5	0.5	4.686091609626417	2
0.0	1.0	0.0	0.0	1.0	0.0	1.0	1.0
5060.0	5110.1	5060.0	5110.0	5060.1	5110.0	5060.1	5110.1
R90	0.5	0.5	4.7916177044786865	2
0.0	1.0	0.0	0.0	1.0	0.0	1.0	1.0
5070.0	5110.1	5070.0	5110.0	5070.1	5110.0	5070.1	5110.1
R89	0.5	0.5	3.6421481775414795	2
0.0	1.0	0.0	0.0	1.0	0.0	1.0	1.0
5080.0	5110.1	5080.0	5110.0	5080.1	5110.0	5080.1	5110.1
R88	0.5	0.5	3.960348828328038	2
0.0	1.0	0.0	0.0	1.0	0.0	1.0	1.0
5090.0	5110.1	5090.0	5110.0	5090.1	5110.0	5090.1	5110.1
R87	0.5	0.5	5.820258228314382	2
0.0	1.0	0.0	0.0	1.0	0.0	1.0	1.0
5100.0	5110.1	5100.0	5110.0	5100.1	5110.0	5100.1	5110.1
R86	0.5	0.5	6.688391451215491	2
0.0	1.0	0.0	0.0	1.0	0.0	1.0	1.0
5110.0	5110.1	5110.0	5110.0	5110.1	5110.0	5110.1	5110.1
R85	0.5	0.5	5.035791303565674	2
0.0	1.0	0.0	0.0	1.0	0.0	1.0	1.0
5120.0	5110.1	5120.0	5110.0	5120.1	5110.0	5120.1	5110.1
R84	0.5	0.5	3.908723729879542	2
0.0	1.0	0.0	0.0	1.0	0.0	1.0	1.0
5130.0	5110.1	5130.0	5110.0	5130.1	5110.0	5130.1	5110.1
R83	0.5	0.5	3.988658043903416	2
0.0	1.0	0.0	0.0	1.0	0.0	1.0	1.0
5140.0	5110.1	5140.0	5110.0	5140.1	5110.0	5140.1	5110.1
R82	0.5	0.5	3.5787098734283047	2
0.0	1.0	0.0	0.0	1.0	0.0	1.0	1.0
5150.0	5110.1	5150.0	5110.0	5150.1	5110.0	5150.1	5110.1
R81	0.5	0.5	7.288591570958092	2
0.0	1.0	0.0	0.0	1.0	0.0	1.0	1.0
5160.0	5110.1	5160.0	5110.0	5160.1	5110.0	5160.1	5110.1
R80	0.5	0.5	5.8045603068158975	2
0.0	1.0	0.0	0.0	1.0	0.0	1.0	1.0
5010.0	5120.1	5010.0	5120.0	5010.1	5120.0	5010.1	5120.1
R79	0.5	0.5	4.6311647757742955	2
0.0	1.0	0.0	0.0	1.0	0.0	1.0	1.0
5020.0	5120.1	5020.0	5120.0	5020.1	5120.0	5020.1	5120.1
R78	0.5	0.5	6.635881605106599	2
0.0	1.0	0.0	0.0	1.0	0.0	1.0	1.0
5030.0	5120.1	5030.0	5120.0	5030.1	5120.0	5030.1	5120.1
R77	0.5	0.5	6.506472101250468	2
0.0	1.0	0.0	0.0	1.0	0.0	1.0	1.0
5040.0	5120.1	5040.0	5120.0	5040.1	5120.0	5040.1	5120.1
R76	0.5	0.5	5.44162059136748	2
0.0	1.0	0.0	0.0	1.0	0.0	1.0	1.0
5050.0	5120.1	5050.0	5120.0	5050.1	5120.0	5050.1	5120.1
R75	0.5	0.5	6.485785217917868	2
0.0	1.0	0.0	0.0	1.0	0.0	1.0	1.0
5060.0	5120.1	5060.0	5120.0	5060.1	5120.0	5060.1	5120.1
R74	0.5	0.5	7.044275220689293	2
0.0	1.0	0.0	0.0	1.0	0.0	1.0	1.0
5070.0	5120.1	5070.0	5120.0	5070.1	5120.0	5070.1	5120.1
R73	0.5	0.5	4.367936685378762	2
0.0	1.0	0.0	0.0	1.0	0.0	1.0	1.0
5080.0	5120.1	5080.0	5120.0	5080.1	5120.0	5080.1	5120.1
R72	0.5	0.5	6.563489728639304	2
0.0	1.0	0.0	0.0	1.0	0.0	1.0	1.0
5090.0	5120.1	5090.0	5120.0	5090.1	5120.0	5090.1	5120.1
R71	0.5	0.5	6.9949311477832214	2
0.0	1.0	0.0	0.0	1.0	0.0	1.0	1.0
5100.0	5120.1	5100.0	5120.0	5100.1	5120.0	5100.1	5120.1
R70	0.5	0.5	6.37055212715709	2
0.0	1.0	0.0	0.0	1.0	0.0	1.0	1.0
5110.0	5120.1	5110.0	5120.0	5110.1	5120.0	5110.1	5120.1
R69	0.5	0.5	5.534125746466688	2
0.0	1.0	0.0	0.0	1.0	0.0	1.0	1.0
5120.0	5120.1	5120.0	5120.0	5120.1	5120.0	5120.1	5120.1
R68	0.5	0.5	3.820706734202873	2
0.0	1.0	0.0	0.0	1.0	0.0	1.0	1.0
5130.0	5120.1	5130.0	5120.0	5130.1	5120.0	5130.1	5120.1
R67	0.5	0.5	3.633227675215416	2
0.0	1.0	0.0	0.0	1.0	0.0	1.0	1.0
5140.0	5120.1	5140.0	5120.0	5140.1	5120.0	5140.1	5120.1
R66	0.5	0.5	6.995771042183674	2
0.0	1.0	0.0	0.0	1.0	0.0	1.0	1.0
5150.0	5120.1	5150.0	5120.0	5150.1	5120.0	5150.1	5120.1
R65	0.5	0.5	6.445815525450238	2
0.0	1.0	0.0	0.0	1.0	0.0	1.0	1.0
5160.0	5120.1	5160.0	5120.0	5160.1	5120.0	5160.1	5120.1
R64	0.5	0.5	3.5951759350453627	2
0.0	1.0	0.0	0.0	1.0	0.0	1.0	1.0
5010.0	5130.1	5010.0	5130.0	5010.1	5130.0	5010.1	5130.1
R63	0.5	0.5	7.369448534724866	2
0.0	1.0	0.0	0.0	1.0	0.0	1.0	1.0
5020.0	5130.1	5020.0	5130.0	5020.1	5130.0	5020.1	5130.1
R62	0.5	0.5	6.662139638398218	2
0.0	1.0	0.0	0.0	1.0	0.0	1.0	1.0
5030.0	5130.1	5030.0	5130.0	5030.1	5130.0	5030.1	5130.1
R61	0.5	0.5	3.823220699674179	2
0.0	1.0	0.0	0.0	1.0	0.0	1.0	1.0
5040.0	5130.1	5040.0	5130.0	5040.1	5130.0	5040.1	5130.1
R60	0.5	0.5	6.964140674002462	2
0.0	1.0	0.0	0.0	1.0	0.0	1.0	1.0
5050.0	5130.1	5050.0	5130.0	5050.1	5130.0	5050.1	5130.1
R59	0.5	0.5	3.896555019272104	2
0.0	1.0	0.0	0.0	1.0	0.0	1.0	1.0
5060.0	5130.1	5060.0	5130.0	5060.1	5130.0	5060.1	5130.1
R58	0.5	0.5	3.350463345693587	2
0.0	1.0	0.0	0.0	1.0	0.0	1.0	1.0
5070.0	5130.1	5070.0	5130.0	5070.1	5130.0	5070.1	5130.1
R57	0.5	0.5	5.306370948987665	2
0.0	1.0	0.0	0.0	1.0	0.0	1.0	1.0
5080.0	5130.1	5080.0	5130.0	5080.1	5130.0	5080.1	5130.1
R56	0.5	0.5	5.626295941005061	2
0.0	1.0	0.0	0.0	1.0	0.0	1.0	1.0
5090.0	5130.1	5090.0	5130.0	5090.1	5130.0	5090.1	5130.1
R55	0.5	0.5	4.794578608197631	2
0.0	1.0	0.0	0.0	1.0	0.0	1.0	1.0
5100.0	5130.1	5100.0	5130.0	5100.1	5130.0	5100.1	5130.1
R54	0.5	0.5	4.517653907065803	2
0.0	1.0	0.0	0.0	1.0	0.0	1.0	1.0
5110.0	5130.1	5110.0	5130.0	5110.1	5130.0	5110.1	5130.1
R53	0.5	0.5	5.488446292885916	2
0.0	1.0	0.0	0.0	1.0	0.0	1.0	1.0
5120.0	5130.1	5120.0	5130.0	5120.1	5130.0	5120.1	5130.1
R52	0.5	0.5	4.230616691230315	2
0.0	1.0	0.0	0.0	1.0	0.0	1.0	1.0
5130.0	5130.1	5130.0	5130.0	5130.1	5130.0	5130.1	5130.1
R51	0.5	0.5	3.5978881895497845	2
0.0	1.0	0.0	0.0	1.0	0.0	1.0	1.0
5140.0	5130.1	5140.0	5130.0	5140.1	5130.0	5140.1	5130.1
R50	0.5	0.5	6.521349379077966	2
0.0	1.0	0.0	0.0	1.0	0.0	1.0	1.0
5150.0	5130.1	5150.0	5130.0	5150.1	5130.0	5150.1	5130.1
R49	0.5	0.5	6.4351148093614725	2
0.0	1.0	0.0	0.0	1.0	0.0	1.0	1.0
5160.0	5130.1	5160.0	5130.0	5160.1	5130.0	5160.1	5130.1
R48	0.5	0.5	6.234189246411644	2
0.0	1.0	0.0	0.0	1.0	0.0	1.0	1.0
5010.0	5140.1	5010.0	5140.0	5010.1	5140.0	5010.1	5140.1
R47	0.5	0.5	7.48789771863837	2
0.0	1.0	0.0	0.0	1.0	0.0	1.0	1.0
5020.0	5140.1	5020.0	5140.0	5020.1	5140.0	5020.1	5140.1
R46	0.5	0.5	3.340762359000382	2
0.0	1.0	0.0	0.0	1.0	0.0	1.0	1.0
5030.0	5140.1	5030.0	5140.0	5030.1	5140.0	5030.1	5140.1
R45	0.5	0.5	4.31628143513092	2
0.0	1.0	0.0	0.0	1.0	0.0	1.0	1.0
5040.0	5140.1	5040.0	5140.0	5040.1	5140.0	5040.1	5140.1
R44	0.5	0.5	6.002082593233107	2
0.0	1.0	0.0	0.0	1.0	0.0	1.0	1.0
5050.0	5140.1	5050.0	5140.0	5050.1	5140.0	5050.1	5140.1
R43	0.5	0.5	4.024486710445606	2
0.0	1.0	0.0	0.0	1.0	0.0	1.0	1.0
5060.0	5140.1	5060.0	5140.0	5060.1	5140.0	5060.1	5140.1
R42	0.5	0.5	6.802641990297982	2
0.0	1.0	0.0	0.0	1.0	0.0	1.0	1.0
5070.0	5140.1	5070.0	5140.0	5070.1	5140.0	5070.1	5140.1
R41	0.5	0.5	3.836064251357082	2
0.0	1.0	0.0	0.0	1.0	0.0	1.0	1.0
5080.0	5140.1	5080.0	5140.0	5080.1	5140.0	5080.1	5140.1
R40	0.5	0.5	4.8500927875502295	2
0.0	1.0	0.0	0.0	1.0	0.0	1.0	1.0
5090.0	5140.1	5090.0	5140.0	5090.1	5140.0	5090.1	5140.1
R39	0.5	0.5	6.464337172074776	2
0.0	1.0	0.0	0.0	1.0	0.0	1.0	1.0
5100.0	5140.1	5100.0	5140.0	5100.1	5140.0	5100.1	5140.1
R38	0.5	0.5	5.1053869548934605	2
0.0	1.0	0.0	0.0	1.0	0.0	1.0	1.0
5110.0	5140.1	5110.0	5140.0	5110.1	5140.0	5110.1	5140.1
R37	0.5	0.5	5.56559669793304	2
0.0	1.0	0.0	0.0	1.0	0.0	1.0	1.0
5120.0	5140.1	5120.0	5140.0	5120.1	5140.0	5120.1	5140.1
R36	0.5	0.5	4.786690176586624	2
0.0	1.0	0.0	0.0	1.0	0.0	1.0	1.0
5130.0	5140.1	5130.0	5140.0	5130.1	5140.0	5130.1	5140.1
R35	0.5	0.5	4.958692678564734	2
0.0	1.0	0.0	0.0	1.0	0.0	1.0	1.0
5140.0	5140.1	5140.0	5140.0	5140.1	5140.0	5140.1	5140.1
R34	0.5	0.5	6.66953116947848	2
0.0	1.0	0.0	0.0	1.0	0.0	1.0	1.0
5150.0	5140.1	5150.0	5140.0	5150.1	5140.0	5150.1	5140.1
R33	0.5	0.5	4.7280803659966155	2
0.0	1.0	0.0	0.0	1.0	0.0	1.0	1.0
5160.0	5140.1	5160.0	5140.0	5160.1	5140.0	5160.1	5140.1
R32	0.5	0.5	5.833714762234625	2
0.0	1.0	0.0	0.0	1.0	0.0	1.0	1.0
5010.0	5150.1	5010.0	5150.0	5010.1	5150.0	5010.1	5150.1
R31	0.5	0.5	5.1100566436202355	2
0.0	1.0	0.0	0.0	1.0	0.0	1.0	1.0
5020.0	5150.1	5020.0	5150.0	5020.1	5150.0	5020.1	5150.1
R30	0.5	0.5	3.8957246945487527	2
0.0	1.0	0.0	0.0	1.0	0.0	1.0	1.0
5030.0	5150.1	5030.0	5150.0	5030.1	5150.0	5030.1	5150.1
R29	0.5	0.5	5.956375817845099	2
0.0	1.0	0.0	0.0	1.0	0.0	1.0	1.0
5040.0	5150.1	5040.0	5150.0	5040.1	5150.0	5040.1	5150.1
R28	0.5	0.5	3.496275843192125	2
0.0	1.0	0.0	0.0	1.0	0.0	1.0	1.0
5050.0	5150.1	5050.0	5150.0	5050.1	5150.0	5050.1	5150.1
R27	0.5	0.5	5.830402011200862	2
0.0	1.0	0.0	0.0	1.0	0.0	1.0	1.0
5060.0	5150.1	5060.0	5150.0	5060.1	5150.0	5060.1	5150.1
R26	0.5	0.5	4.615267684709482	2
0.0	1.0	0.0	0.0	1.0	0.0	1.0	1.0
5070.0	5150.1	5070.0	5150.0	5070.1	5150.0	5070.1	5150.1
R25	0.5	0.5	5.373662660847909	2
0.0	1.0	0.0	0.0	1.0	0.0	1.0	1.0
5080.0	5150.1	5080.0	5150.0	5080.1	5150.0	5080.1	5150.1
R24	0.5	0.5	6.377612698241042	2
0.0	1.0	0.0	0.0	1.0	0.0	1.0	1.0
5090.0	5150.1	5090.0	5150.0	5090.1	5150.0	5090.1	5150.1
R23	0.5	0.5	5.182556888952363	2
0.0	1.0	0.0	0.0	1.0	0.0	1.0	1.0
5100.0	5150.1	5100.0	5150.0	5100.1	5150.0	5100.1	5150.1
R22	0.5	0.5	5.373239585767596	2
0.0	1.0	0.0	0.0	1.0	0.0	1.0	1.0
5110.0	5150.1	5110.0	5150.0	5110.1	5150.0	5110.1	5150.1
R21	0.5	0.5	6.53731392979137	2
0.0	1.0	0.0	0.0	1.0	0.0	1.0	1.0
5120.0	5150.1	5120.0	5150.0	5120.1	5150.0	5120.1	5150.1
R20	0.5	0.5	3.4276679698488333	2
0.0	1.0	0.0	0.0	1.0	0.0	1.0	1.0
5130.0	5150.1	5130.0	5150.0	5130.1	5150.0	5130.1	5150.1
R19	0.5	0.5	5.068236660927816	2
0.0	1.0	0.0	0.0	1.0	0.0	1.0	1.0
5140.0	5150.1	5140.0	5150.0	5140.1	5150.0	5140.1	5150.1
R18	0.5	0.5	3.523616843222527	2
0.0	1.0	0.0	0.0	1.0	0.0	1.0	1.0
5150.0	5150.1	5150.0	5150.0	5150.1	5150.0	5150.1	5150.1
R17	0.5	0.5	3.6684553634831785	2
0.0	1.0	0.0	0.0	1.0	0.0	1.0	1.0
5160.0	5150.1	5160.0	5150.0	5160.1	5150.0	5160.1	5150.1
R16	0.5	0.5	5.874838294134651	2
0.0	1.0	0.0	0.0	1.0	0.0	1.0	1.0
5010.0	5160.1	5010.0	5160.0	5010.1	5160.0	5010.1	5160.1
R15	0.5	0.5	4.917370146284817	2
0.0	1.0	0.0	0.0	1.0	0.0	1.0	1.0
5020.0	5160.1	5020.0	5160.0	5020.1	5160.0	5020.1	5160.1
R14	0.5	0.5	6.106173682637098	2
0.0	1.0	0.0	0.0	1.0	0.0	1.0	1.0
5030.0	5160.1	5030.0	5160.0	5030.1	5160.0	5030.1	5160.1
R13	0.5	0.5	4.998045700585837	2
0.0	1.0	0.0	0.0	1.0	0.0	1.0	1.0
5040.0	5160.1	5040.0	5160.0	5040.1	5160.0	5040.1	5160.1
R12	0.5	0.5	3.8521183916089234	2
0.0	1.0	0.0	0.0	1.0	0.0	1.0	1.0
5050.0	5160.1	5050.0	5160.0	5050.1	5160.0	5050.1	5160.1
R11	0.5	0.5	5.933920876418046	2
0.0	1.0	0.0	0.0	1.0	0.0	1.0	1.0
5060.0	5160.1	5060.0	5160.0	5060.1	5160.0	5060.1	5160.1
R10	0.5	0.5	5.116396222530824	2
0.0	1.0	0.0	0.0	1.0	0.0	1.0	1.0
5070.0	5160.1	5070.0	5160.0	5070.1	5160.0	5070.1	5160.1
R9	0.5	0.5	5.9947205357727995	2
0.0	1.0	0.0	0.0	1.0	0.0	1.0	1.0
5080.0	5160.1	5080.0	5160.0	5080.1	5160.0	5080.1	5160.1
R8	0.5	0.5	3.758312322164957	2
0.0	1.0	0.0	0.0	1.0	0.0	1.0	1.0
5090.0	5160.1	5090.0	5160.0	5090.1	5160.0	5090.1	5160.1
R7	0.5	0.5	3.463332993089716	2
0.0	1.0	0.0	0.0	1.0	0.0	1.0	1.0
5100.0	5160.1	5100.0	5160.0	5100.1	5160.0	5100.1	5160.1
R6	0.5	0.5	5.238789120837739	2
0.0	1.0	0.0	0.0	1.0	0.0	1.0	1.0
5110.0	5160.1	5110.0	5160.0	5110.1	5160.0	5110.1	5160.1
R5	0.5	0.5	6.7000940407566025	2
0.0	1.0	0.0	0.0	1.0	0.0	1.0	1.0
5120.0	5160.1	5120.0	5160.0	5120.1	5160.0	5120.1	5160.1
R4	0.5	0.5	3.6588210479993433	2
0.0	1.0	0.0	0.0	1.0	0.0	1.0	1.0
5130.0	5160.1	5130.0	5160.0	5130.1	5160.0	5130.1	5160.1
R3	0.5	0.5	4.832702036278364	2
0.0	1.0	0.0	0.0	1.0	0.0	1.0	1.0
5140.0	5160.1	5140.0	5160.0	5140.1	5160.0	5140.1	5160.1
R2	0.5	0.5	7.2241425781562	2
0.0	1.0	0.0	0.0	1.0	0.0	1.0	1.0
5150.0	5160.1	5150.0	5160.0	5150.1	5160.0	5150.1	5160.1
R1	0.5	0.5	3.550366946436786	2
0.0	1.0	0.0	0.0	1.0	0.0	1.0	1.0
5160.0	5160.1	5160.0	5160.0	5160.1	5160.0	5160.1	5160.1
