R256	1.0	0.0	0.9243066727401867	1
1.0	0.0	0.0	1.0	0.0	0.0
R255	0.0	1.0	0.09112149653339961	1
0.0	1.0	1.0	1.0	1.0	0.0
R254	1.0	1.0	0.9147050385884491	1
1.0	1.0	0.0	2.0	0.0	1.0
R253	0.0	2.0	0.09820454840518597	1
0.0	2.0	1.0	2.0	1.0	1.0
R252	1.0	2.0	0.9099489318577998	1
1.0	2.0	0.0	3.0	0.0	2.0
R251	0.0	3.0	0.09891758948028492	1
0.0	3.0	1.0	3.0	1.0	2.0
R250	1.0	3.0	0.829397577822584	1
1.0	3.0	0.0	4.0	0.0	3.0
R249	0.0	4.0	0.10676854535183544	1
0.0	4.0	1.0	4.0	1.0	3.0
R248	1.0	4.0	0.9763464108860895	1
1.0	4.0	0.0	5.0	0.0	4.0
R247	0.0	5.0	0.09958952635450916	1
0.0	5.0	1.0	5.0	1.0	4.0
R246	1.0	5.0	0.9755729015116229	1
1.0	5.0	0.0	6.0	0.0	5.0
R245	0.0	6.0	0.09435440364914471	1
0.0	6.0	1.0	6.0	1.0	5.0
R244	1.0	6.0	0.8557150411604996	1
1.0	6.0	0.0	7.0	0.0	6.0
R243	0.0	7.0	0.09448856820707809	1
0.0	7.0	1.0	7.0	1.0	6.0
R242	1.0	7.0	0.926571130848013	1
1.0	7.0	0.0	8.0	0.0	7.0
R241	0.0	8.0	0.10870979737213016	1
0.0	8.0	1.0	8.0	1.0	7.0
R240	1.0	8.0	0.8607692659017491	1
1.0	8.0	0.0	9.0	0.0	8.0
R239	0.0	9.0	0.09407650949935205	1
0.0	9.0	1.0	9.0	1.0	8.0
R238	1.0	9.0	0.8685041972551584	1
1.0	9.0	0.0	10.0	0.0	9.0
R237	0.0	10.0	0.10734968486583592	1
0.0	10.0	1.0	10.0	1.0	9.0
R236	1.0	10.0	0.9074189047044279	1
1.0	10.0	0.0	11.0	0.0	10.0
R235	0.0	11.0	0.10641435655335933	1
0.0	11.0	1.0	11.0	1.0	10.0
R234	1.0	11.0	0.82908720995325	1
1.0	11.0	0.0	12.0	0.0	11.0
R233	0.0	12.0	0.10385534221489609	1
0.0	12.0	1.0	12.0	1.0	11.0
R232	1.0	12.0	0.8732013931183122	1
1.0	12.0	0.0	13.0	0.0	12.0
R231	0.0	13.0	0.10719435553856335	1
0.0	13.0	1.0	13.0	1.0	12.0
R230	1.0	13.0	0.8582911032551175	1
1.0	13.0	0.0	14.0	0.0	13.0
R229	0.0	14.0	0.10993606989999001	1
0.0	14.0	1.0	14.0	1.0	13.0
R228	1.0	14.0	0.8597133919592173	1
1.0	14.0	0.0	15.0	0.0	14.0
R227	0.0	15.0	0.10473114913592674	1
0.0	15.0	1.0	15.0	1.0	14.0
R226	1.0	15.0	0.8382286807294157	1
1.0	15.0	0.0	16.0	0.0	15.0
R225	0.0	16.0	0.1002919466519843	1
0.0	16.0	1.0	16.0	1.0	15.0
R224	1.0	16.0	0.9254954968791226	1
1.0	16.0	0.0	17.0	0.0	16.0
R223	0.0	17.0	0.09842105679420571	1
0.0	17.0	1.0	17.0	1.0	16.0
R222	1.0	17.0	0.9214129553725359	1
1.0	17.0	0.0	18.0	0.0	17.0
R221	0.0	18.0	0.1000370712299874	1
0.0	18.0	1.0	18.0	1.0	17.0
R220	1.0	18.0	0.9667693514140099	1
1.0	18.0	0.0	19.0	0.0	18.0
R219	0.0	19.0	0.09975464119043556	1
0.0	19.0	1.0	19.0	1.0	18.0
R218	1.0	19.0	0.9623726904657931	1
1.0	19.0	0.0	20.0	0.0	19.0
R217	0.0	20.0	0.1076467456561337	1
0.0	20.0	1.0	20.0	1.0	19.0
R216	1.0	20.0	0.9289457635970761	1
1.0	20.0	0.0	21.0	0.0	20.0
R215	0.0	21.0	0.10466322326254078	1
0.0	21.0	1.0	21.0	1.0	20.0
R214	1.0	21.0	0.8857573132274678	1
1.0	21.0	0.0	22.0	0.0	21.0
R213	0.0	22.0	0.10371537739642014	1
0.0	22.0	1.0	22.0	1.0	21.0
R212	1.0	22.0	0.9782793012631017	1
1.0	22.0	0.0	23.0	0.0	22.0
R211	0.0	23.0	0.10115843994754285	1
0.0	23.0	1.0	23.0	1.0	22.0
R210	1.0	23.0	0.8381479821443282	1
1.0	23.0	0.0	24.0	0.0	23.0
R209	0.0	24.0	0.10089089805544463	1
0.0	24.0	1.0	24.0	1.0	23.0
R208	1.0	24.0	0.8222573737832727	1
1.0	24.0	0.0	25.0	0.0	24.0
R207	0.0	25.0	0.10324898526728328	1
0.0	25.0	1.0	25.0	1.0	24.0
R206	1.0	25.0	0.8535411266272828	1
1.0	25.0	0.0	26.0	0.0	25.0
R205	0.0	26.0	0.09409527936650096	1
0.0	26.0	1.0	26.0	1.0	25.0
R204	1.0	26.0	0.8192800160807712	1
1.0	26.0	0.0	27.0	0.0	26.0
R203	0.0	27.0	0.10735393489868529	1
0.0	27.0	1.0	27.0	1.0	26.0
R202	1.0	27.0	0.8438849806709389	1
1.0	27.0	0.0	28.0	0.0	27.0
R201	0.0	28.0	0.1016401912323707	1
0.0	28.0	1.0	28.0	1.0	27.0
R200	1.0	28.0	0.9456377855175306	1
1.0	28.0	0.0	29.0	0.0	28.0
R199	0.0	29.0	0.09542299163396414	1
0.0	29.0	1.0	29.0	1.0	28.0
R198	1.0	29.0	0.9443104799871588	1
1.0	29.0	0.0	30.0	0.0	29.0
R197	0.0	30.0	0.1016474566618933	1
0.0	30.0	1.0	30.0	1.0	29.0
R196	1.0	30.0	0.9734565723317574	1
1.0	30.0	0.0	31.0	0.0	30.0
R195	0.0	31.0	0.09153881387475829	1
0.0	31.0	1.0	31.0	1.0	30.0
R194	1.0	31.0	0.9723507726061217	1
1.0	31.0	0.0	32.0	0.0	31.0
R193	0.0	32.0	0.09155841831415105	1
0.0	32.0	1.0	32.0	1.0	31.0
R192	1.0	32.0	0.9280587955326356	1
1.0	32.0	0.0	33.0	0.0	32.0
R191	0.0	33.0	0.10227887529165584	1
0.0	33.0	1.0	33.0	1.0	32.0
R190	1.0	33.0	0.9842157302766829	1
1.0	33.0	0.0	34.0	0.0	33.0
R189	0.0	34.0	0.10873739928656168	1
0.0	34.0	1.0	34.0	1.0	33.0
R188	1.0	34.0	0.8443633150161195	1
1.0	34.0	0.0	35.0	0.0	34.0
R187	0.0	35.0	0.1082814102252229	1
0.0	35.0	1.0	35.0	1.0	34.0
R186	1.0	35.0	0.9454431063804334	1
1.0	35.0	0.0	36.0	0.0	35.0
R185	0.0	36.0	0.10724207665411516	1
0.0	36.0	1.0	36.0	1.0	35.0
R184	1.0	36.0	0.9676929276185257	1
1.0	36.0	0.0	37.0	0.0	36.0
R183	0.0	37.0	0.0943827363994168	1
0.0	37.0	1.0	37.0	1.0	36.0
R182	1.0	37.0	0.9825314411233	1
1.0	37.0	0.0	38.0	0.0	37.0
R181	0.0	38.0	0.10883875066561632	1
0.0	38.0	1.0	38.0	1.0	37.0
R180	1.0	38.0	0.9719515695009148	1
1.0	38.0	0.0	39.0	0.0	38.0
R179	0.0	39.0	0.09564443805799847	1
0.0	39.0	1.0	39.0	1.0	38.0
R178	1.0	39.0	0.9728354740905114	1
1.0	39.0	0.0	40.0	0.0	39.0
R177	0.0	40.0	0.10710130779164566	1
0.0	40.0	1.0	40.0	1.0	39.0
R176	1.0	40.0	0.8375731609190135	1
1.0	40.0	0.0	41.0	0.0	40.0
R175	0.0	41.0	0.09111392157656507	1
0.0	41.0	1.0	41.0	1.0	40.0
R174	1.0	41.0	0.8738906187550385	1
1.0	41.0	0.0	42.0	0.0	41.0
R173	0.0	42.0	0.10467647873256843	1
0.0	42.0	1.0	42.0	1.0	41.0
R172	1.0	42.0	0.935657700410811	1
1.0	42.0	0.0	43.0	0.0	42.0
R171	0.0	43.0	0.098078930506101	1
0.0	43.0	1.0	43.0	1.0	42.0
R170	1.0	43.0	0.881338273827904	1
1.0	43.0	0.0	44.0	0.0	43.0
R169	0.0	44.0	0.10279744089370753	1
0.0	44.0	1.0	44.0	1.0	43.0
R168	1.0	44.0	0.9260249831705226	1
1.0	44.0	0.0	45.0	0.0	44.0
R167	0.0	45.0	0.09779483442380231	1
0.0	45.0	1.0	45.0	1.0	44.0
R166	1.0	45.0	0.9685662874967428	1
1.0	45.0	0.0	46.0	0.0	45.0
R165	0.0	46.0	0.09161025171177582	1
0.0	46.0	1.0	46.0	1.0	45.0
R164	1.0	46.0	0.9691687001270747	1
1.0	46.0	0.0	47.0	0.0	46.0
R163	0.0	47.0	0.09372830716504486	1
0.0	47.0	1.0	47.0	1.0	46.0
R162	1.0	47.0	0.8828773031166499	1
1.0	47.0	0.0	48.0	0.0	47.0
R161	0.0	48.0	0.09802478813412478	1
0.0	48.0	1.0	48.0	1.0	47.0
R160	1.0	48.0	0.9016470580231457	1
1.0	48.0	0.0	49.0	0.0	48.0
R159	0.0	49.0	0.10709059468364075	1
0.0	49.0	1.0	49.0	1.0	48.0
R158	1.0	49.0	0.9879062933407821	1
1.0	49.0	0.0	50.0	0.0	49.0
R157	0.0	50.0	0.09643201593139489	1
0.0	50.0	1.0	50.0	1.0	49.0
R156	1.0	50.0	0.922209750010265	1
1.0	50.0	0.0	51.0	0.0	50.0
R155	0.0	51.0	0.10364610824582943	1
0.0	51.0	1.0	51.0	1.0	50.0
R154	1.0	51.0	0.9346726733397505	1
1.0	51.0	0.0	52.0	0.0	51.0
R153	0.0	52.0	0.10765160416192361	1
0.0	52.0	1.0	52.0	1.0	51.0
R152	1.0	52.0	0.9137531880239642	1
1.0	52.0	0.0	53.0	0.0	52.0
R151	0.0	53.0	0.10956847058396894	1
0.0	53.0	1.0	53.0	1.0	52.0
R150	1.0	53.0	0.9313453015995576	1
1.0	53.0	0.0	54.0	0.0	53.0
R149	0.0	54.0	0.09834270008621558	1
0.0	54.0	1.0	54.0	1.0	53.0
R148	1.0	54.0	0.9003800649293748	1
1.0	54.0	0.0	55.0	0.0	54.0
R147	0.0	55.0	0.1006582359412562	1
0.0	55.0	1.0	55.0	1.0	54.0
R146	1.0	55.0	0.8427012433556292	1
1.0	55.0	0.0	56.0	0.0	55.0
R145	0.0	56.0	0.09591694034747492	1
0.0	56.0	1.0	56.0	1.0	55.0
R144	1.0	56.0	0.8321426780432467	1
1.0	56.0	0.0	57.0	0.0	56.0
R143	0.0	57.0	0.10126153395193309	1
0.0	57.0	1.0	57.0	1.0	56.0
R142	1.0	57.0	0.8789180039327116	1
1.0	57.0	0.0	58.0	0.0	57.0
R141	0.0	58.0	0.10273658916695641	1
0.0	58.0	1.0	58.0	1.0	57.0
R140	1.0	58.0	0.9124723361794472	1
1.0	58.0	0.0	59.0	0.0	58.0
R139	0.0	59.0	0.09946414409401146	1
0.0	59.0	1.0	59.0	1.0	58.0
R138	1.0	59.0	0.8970257018692264	1
1.0	59.0	0.0	60.0	0.0	59.0
R137	0.0	60.0	0.09715285951988692	1
0.0	60.0	1.0	60.0	1.0	59.0
R136	1.0	60.0	0.9766572672725495	1
1.0	60.0	0.0	61.0	0.0	60.0
R135	0.0	61.0	0.0999446457402968	1
0.0	61.0	1.0	61.0	1.0	60.0
R134	1.0	61.0	0.8279702625930053	1
1.0	61.0	0.0	62.0	0.0	61.0
R133	0.0	62.0	0.1086491963034858	1
0.0	62.0	1.0	62.0	1.0	61.0
R132	1.0	62.0	0.8494839386764398	1
1.0	62.0	0.0	63.0	0.0	62.0
R131	0.0	63.0	0.10798054464817894	1
0.0	63.0	1.0	63.0	1.0	62.0
R130	1.0	63.0	0.9805278692450893	1
1.0	63.0	0.0	64.0	0.0	63.0
R129	0.0	64.0	0.1000014667390557	1
0.0	64.0	1.0	64.0	1.0	63.0
R128	1.0	64.0	0.9572099740000517	1
1.0	64.0	0.0	65.0	0.0	64.0
R127	0.0	65.0	0.09114903873960546	1
0.0	65.0	1.0	65.0	1.0	64.0
R126	1.0	65.0	0.8466285721002871	1
1.0	65.0	0.0	66.0	0.0	65.0
R125	0.0	66.0	0.09731536253507085	1
0.0	66.0	1.0	66.0	1.0	65.0
R124	1.0	66.0	0.9597552085503456	1
1.0	66.0	0.0	67.0	0.0	66.0
R123	0.0	67.0	0.10197662496579618	1
0.0	67.0	1.0	67.0	1.0	66.0
R122	1.0	67.0	0.9464475928724051	1
1.0	67.0	0.0	68.0	0.0	67.0
R121	0.0	68.0	0.10177803359691648	1
0.0	68.0	1.0	68.0	1.0	67.0
R120	1.0	68.0	0.8479257588248211	1
1.0	68.0	0.0	69.0	0.0	68.0
R119	0.0	69.0	0.09698723963285619	1
0.0	69.0	1.0	69.0	1.0	68.0
R118	1.0	69.0	0.8386336634973258	1
1.0	69.0	0.0	70.0	0.0	69.0
R117	0.0	70.0	0.09769341147497528	1
0.0	70.0	1.0	70.0	1.0	69.0
R116	1.0	70.0	0.9658065562647711	1
1.0	70.0	0.0	71.0	0.0	70.0
R115	0.0	71.0	0.09436796990140152	1
0.0	71.0	1.0	71.0	1.0	70.0
R114	1.0	71.0	0.9794466031886865	1
1.0	71.0	0.0	72.0	0.0	71.0
R113	0.0	72.0	0.09531332175206104	1
0.0	72.0	1.0	72.0	1.0	71.0
R112	1.0	72.0	0.8865339279735165	1
1.0	72.0	0.0	73.0	0.0	72.0
R111	0.0	73.0	0.1074509703323329	1
0.0	73.0	1.0	73.0	1.0	72.0
R110	1.0	73.0	0.9752804098942521	1
1.0	73.0	0.0	74.0	0.0	73.0
R109	0.0	74.0	0.10322027254978738	1
0.0	74.0	1.0	74.0	1.0	73.0
R108	1.0	74.0	0.8223098020331284	1
1.0	74.0	0.0	75.0	0.0	74.0
R107	0.0	75.0	0.10803637349538386	1
0.0	75.0	1.0	75.0	1.0	74.0
R106	1.0	75.0	0.8696895713181708	1
1.0	75.0	0.0	76.0	0.0	75.0
R105	0.0	76.0	0.09901727820157506	1
0.0	76.0	1.0	76.0	1.0	75.0
R104	1.0	76.0	0.9158340376872511	1
1.0	76.0	0.0	77.0	0.0	76.0
R103	0.0	77.0	0.09589012116350391	1
0.0	77.0	1.0	77.0	1.0	76.0
R102	1.0	77.0	0.9722517316834436	1
1.0	77.0	0.0	78.0	0.0	77.0
R101	0.0	78.0	0.09610793911909626	1
0.0	78.0	1.0	78.0	1.0	77.0
R100	1.0	78.0	0.8312199455430027	1
1.0	78.0	0.0	79.0	0.0	78.0
R99	0.0	79.0	0.09490636129722561	1
0.0	79.0	1.0	79.0	1.0	78.0
R98	1.0	79.0	0.9523891092903929	1
1.0	79.0	0.0	80.0	0.0	79.0
R97	0.0	80.0	0.09749721411051052	1
0.0	80.0	1.0	80.0	1.0	79.0
R96	1.0	80.0	0.8270115145705057	1
1.0	80.0	0.0	81.0	0.0	80.0
R95	0.0	81.0	0.09697180416587106	1
0.0	81.0	1.0	81.0	1.0	80.0
R94	1.0	81.0	0.8993613477198228	1
1.0	81.0	0.0	82.0	0.0	81.0
R93	0.0	82.0	0.09662799888501131	1
0.0	82.0	1.0	82.0	1.0	81.0
R92	1.0	82.0	0.9348664609701887	1
1.0	82.0	0.0	83.0	0.0	82.0
R91	0.0	83.0	0.09696380265684623	1
0.0	83.0	1.0	83.0	1.0	82.0
R90	1.0	83.0	0.9791250293611161	1
1.0	83.0	0.0	84.0	0.0	83.0
R89	0.0	84.0	0.10847264411223619	1
0.0	84.0	1.0	84.0	1.0	83.0
R88	1.0	84.0	0.9020793277676934	1
1.0	84.0	0.0	85.0	0.0	84.0
R87	0.0	85.0	0.10110031331807431	1
0.0	85.0	1.0	85.0	1.0	84.0
R86	1.0	85.0	0.9278112462658599	1
1.0	85.0	0.0	86.0	0.0	85.0
R85	0.0	86.0	0.10233096895155858	1
0.0	86.0	1.0	86.0	1.0	85.0
R84	1.0	86.0	0.9407576212234056	1
1.0	86.0	0.0	87.0	0.0	86.0
R83	0.0	87.0	0.10967469577005588	1
0.0	87.0	1.0	87.0	1.0	86.0
R82	1.0	87.0	0.9620210195234028	1
1.0	87.0	0.0	88.0	0.0	87.0
R81	0.0	88.0	0.1001380676280024	1
0.0	88.0	1.0	88.0	1.0	87.0
R80	1.0	88.0	0.8238583465418767	1
1.0	88.0	0.0	89.0	0.0	88.0
R79	0.0	89.0	0.09677881259166371	1
0.0	89.0	1.0	89.0	1.0	88.0
R78	1.0	89.0	0.8988878628310005	1
1.0	89.0	0.0	90.0	0.0	89.0
R77	0.0	90.0	0.09237443614075218	1
0.0	90.0	1.0	90.0	1.0	89.0
R76	1.0	90.0	0.897533181863465	1
1.0	90.0	0.0	91.0	0.0	90.0
R75	0.0	91.0	0.1057622333691994	1
0.0	91.0	1.0	91.0	1.0	90.0
R74	1.0	91.0	0.8584526970556609	1
1.0	91.0	0.0	92.0	0.0	91.0
R73	0.0	92.0	0.09880679342937691	1
0.0	92.0	1.0	92.0	1.0	91.0
R72	1.0	92.0	0.9757726231103495	1
1.0	92.0	0.0	93.0	0.0	92.0
R71	0.0	93.0	0.10080266229577653	1
0.0	93.0	1.0	93.0	1.0	92.0
R70	1.0	93.0	0.9846118950499859	1
1.0	93.0	0.0	94.0	0.0	93.0
R69	0.0	94.0	0.10508856093030192	1
0.0	94.0	1.0	94.0	1.0	93.0
R68	1.0	94.0	0.8844554548527037	1
1.0	94.0	0.0	95.0	0.0	94.0
R67	0.0	95.0	0.10934569336013424	1
0.0	95.0	1.0	95.0	1.0	94.0
R66	1.0	95.0	0.9896428796620895	1
1.0	95.0	0.0	96.0	0.0	95.0
R65	0.0	96.0	0.10598707661715037	1
0.0	96.0	1.0	96.0	1.0	95.0
R64	1.0	96.0	0.9339632061296045	1
1.0	96.0	0.0	97.0	0.0	96.0
R63	0.0	97.0	0.09731067295970713	1
0.0	97.0	1.0	97.0	1.0	96.0
R62	1.0	97.0	0.9738111770730565	1
1.0	97.0	0.0	98.0	0.0	97.0
R61	0.0	98.0	0.0962256733191978	1
0.0	98.0	1.0	98.0	1.0	97.0
R60	1.0	98.0	0.8943285545824012	1
1.0	98.0	0.0	99.0	0.0	98.0
R59	0.0	99.0	0.10067198459100687	1
0.0	99.0	1.0	99.0	1.0	98.0
R58	1.0	99.0	0.8339999169612992	1
1.0	99.0	0.0	100.0	0.0	99.0
R57	0.0	100.0	0.09790549296948278	1
0.0	100.0	1.0	100.0	1.0	99.0
R56	1.0	100.0	0.9217239807697882	1
1.0	100.0	0.0	101.0	0.0	100.0
R55	0.0	101.0	0.09785691922551562	1
0.0	101.0	1.0	101.0	1.0	100.0
R54	1.0	101.0	0.9145861185103975	1
1.0	101.0	0.0	102.0	0.0	101.0
R53	0.0	102.0	0.09193160349449746	1
0.0	102.0	1.0	102.0	1.0	101.0
R52	1.0	102.0	0.8454176478739277	1
1.0	102.0	0.0	103.0	0.0	102.0
R51	0.0	103.0	0.10917066236319233	1
0.0	103.0	1.0	103.0	1.0	102.0
R50	1.0	103.0	0.9235548642719911	1
1.0	103.0	0.0	104.0	0.0	103.0
R49	0.0	104.0	0.09890154497204141	1
0.0	104.0	1.0	104.0	1.0	103.0
R48	1.0	104.0	0.8710358795651947	1
1.0	104.0	0.0	105.0	0.0	104.0
R47	0.0	105.0	0.10034757642378098	1
0.0	105.0	1.0	105.0	1.0	104.0
R46	1.0	105.0	0.9043644146523905	1
1.0	105.0	0.0	106.0	0.0	105.0
R45	0.0	106.0	0.1052491172320124	1
0.0	106.0	1.0	106.0	1.0	105.0
R44	1.0	106.0	0.9727126216256133	1
1.0	106.0	0.0	107.0	0.0	106.0
R43	0.0	107.0	0.09369961248456748	1
0.0	107.0	1.0	107.0	1.0	106.0
R42	1.0	107.0	0.931171550152703	1
1.0	107.0	0.0	108.0	0.0	107.0
R41	0.0	108.0	0.09579933855215281	1
0.0	108.0	1.0	108.0	1.0	107.0
R40	1.0	108.0	0.8852938345078913	1
1.0	108.0	0.0	109.0	0.0	108.0
R39	0.0	109.0	0.0921872422922471	1
0.0	109.0	1.0	109.0	1.0	108.0
R38	1.0	109.0	0.9544235816723328	1
1.0	109.0	0.0	110.0	0.0	109.0
R37	0.0	110.0	0.09155473455666434	1
0.0	110.0	1.0	110.0	1.0	109.0
R36	1.0	110.0	0.8300169716566711	1
1.0	110.0	0.0	111.0	0.0	110.0
R35	0.0	111.0	0.09180312543281648	1
0.0	111.0	1.0	111.0	1.0	110.0
R34	1.0	111.0	0.8246125885313444	1
1.0	111.0	0.0	112.0	0.0	111.0
R33	0.0	112.0	0.09968031700660993	1
0.0	112.0	1.0	112.0	1.0	111.0
R32	1.0	112.0	0.9266392306933425	1
1.0	112.0	0.0	113.0	0.0	112.0
R31	0.0	113.0	0.09502465892234645	1
0.0	113.0	1.0	113.0	1.0	112.0
R30	1.0	113.0	0.8678053359449649	1
1.0	113.0	0.0	114.0	0.0	113.0
R29	0.0	114.0	0.10855748156429001	1
0.0	114.0	1.0	114.0	1.0	113.0
R28	1.0	114.0	0.8472973801674852	1
1.0	114.0	0.0	115.0	0.0	114.0
R27	0.0	115.0	0.09366774110488213	1
0.0	115.0	1.0	115.0	1.0	114.0
R26	1.0	115.0	0.8383171961023296	1
1.0	115.0	0.0	116.0	0.0	115.0
R25	0.0	116.0	0.09352653163370571	1
0.0	116.0	1.0	116.0	1.0	115.0
R24	1.0	116.0	0.8588103715585165	1
1.0	116.0	0.0	117.0	0.0	116.0
R23	0.0	117.0	0.10053319780771879	1
0.0	117.0	1.0	117.0	1.0	116.0
R22	1.0	117.0	0.9715912636364831	1
1.0	117.0	0.0	118.0	0.0	117.0
R21	0.0	118.0	0.10671540151878686	1
0.0	118.0	1.0	118.0	1.0	117.0
R20	1.0	118.0	0.9806837469820182	1
1.0	118.0	0.0	119.0	0.0	118.0
R19	0.0	119.0	0.0939612222261367	1
0.0	119.0	1.0	119.0	1.0	118.0
R18	1.0	119.0	0.8676102691478956	1
1.0	119.0	0.0	120.0	0.0	119.0
R17	0.0	120.0	0.1053402601416785	1
0.0	120.0	1.0	120.0	1.0	119.0
R16	1.0	120.0	0.9884691641660696	1
1.0	120.0	0.0	121.0	0.0	120.0
R15	0.0	121.0	0.09507057891765577	1
0.0	121.0	1.0	121.0	1.0	120.0
R14	1.0	121.0	0.9792819725565459	1
1.0	121.0	0.0	122.0	0.0	121.0
R13	0.0	122.0	0.09797110168791374	1
0.0	122.0	1.0	122.0	1.0	121.0
R12	1.0	122.0	0.8291006439024773	1
1.0	122.0	0.0	123.0	0.0	122.0
R11	0.0	123.0	0.09224003732210095	1
0.0	123.0	1.0	123.0	1.0	122.0
R10	1.0	123.0	0.9639257981424443	1
1.0	123.0	0.0	124.0	0.0	123.0
R9	0.0	124.0	0.09748216212154967	1
0.0	124.0	1.0	124.0	1.0	123.0
R8	1.0	124.0	0.8854620544079504	1
1.0	124.0	0.0	125.0	0.0	124.0
R7	0.0	125.0	0.10856227203138337	1
0.0	125.0	1.0	125.0	1.0	124.0
R6	1.0	125.0	0.831067355526282	1
1.0	125.0	0.0	126.0	0.0	125.0
R5	0.0	126.0	0.1000257948393158	1
0.0	126.0	1.0	126.0	1.0	125.0
R4	1.0	126.0	0.8235563683437308	1
1.0	126.0	0.0	127.0	0.0	126.0
R3	0.0	127.0	0.10374707425145654	1
0.0	127.0	1.0	127.0	1.0	126.0
R2	1.0	127.0	0.8725822727565632	1
1.0	127.0	0.0	128.0	0.0	127.0
R1	0.0	128.0	0.09319743907578391	1
0.0	128.0	1.0	128.0	1.0	127.0
