R256	0.5	0.5	4.666581259921027	2
0.0	1.0	0.0	0.0	1.0	0.0	1.0	1.0
5010.0	5010.1	5010.0	5010.0	5010.1	5010.0	5010.1	5010.1
R255	0.5	0.5	5.3648625165436	2
0.0	1.0	0.0	0.0	1.0	0.0	1.0	1.0
5020.0	5010.1	5020.0	5010.0	5020.1	5010.0	5020.1	5010.1
R254	0.5	0.5	5.008040118620044	2
0.0	1.0	0.0	0.0	1.0	0.0	1.0	1.0
5030.0	5010.1	5030.0	5010.0	5030.1	5010.0	5030.1	5010.1
R253	0.5	0.5	5.440961562105419	2
0.0	1.0	0.0	0.0	1.0	0.0	1.0	1.0
5040.0	5010.1	5040.0	5010.0	5040.1	5010.0	5040.1	5010.1
R252	0.5	0.5	4.8982883986159305	2
0.0	1.0	0.0	0.0	1.0	0.0	1.0	1.0
5050.0	5010.1	5050.0	5010.0	5050.1	5010.0	5050.1	5010.1
R251	0.5	0.5	5.110771499224454	2
0.0	1.0	0.0	0.0	1.0	0.0	1.0	1.0
5060.0	5010.1	5060.0	5010.0	5060.1	5010.0	5060.1	5010.1
R250	0.5	0.5	4.927950205884169	2
0.0	1.0	0.0	0.0	1.0	0.0	1.0	1.0
5070.0	5010.1	5070.0	5010.0	5070.1	5010.0	5070.1	5010.1
R249	0.5	0.5	5.364100730605635	2
0.0	1.0	0.0	0.0	1.0	0.0	1.0	1.0
5080.0	5010.1	5080.0	5010.0	5080.1	5010.0	5080.1	5010.1
R248	0.5	0.5	5.361654348398741	2
0.0	1.0	0.0	0.0	1.0	0.0	1.0	1.0
5090.0	5010.1	5090.0	5010.0	5090.1	5010.0	5090.1	5010.1
R247	0.5	0.5	5.434327695503207	2
0.0	1.0	0.0	0.0	1.0	0.0	1.0	1.0
5100.0	5010.1	5100.0	5010.0	5100.1	5010.0	5100.1	5010.1
R246	0.5	0.5	5.212834349342328	2
0.0	1.0	0.0	0.0	1.0	0.0	1.0	1.0
5110.0	5010.1	5110.0	5010.0	5110.1	5010.0	5110.1	5010.1
R245	0.5	0.5	4.832147719102322	2
0.0	1.0	0.0	0.0	1.0	0.0	1.0	1.0
5120.0	5010.1	5120.0	5010.0	5120.1	5010.0	5120.1	5010.1
R244	0.5	0.5	5.251336932784621	2
0.0	1.0	0.0	0.0	1.0	0.0	1.0	1.0
5130.0	5010.1	5130.0	5010.0	5130.1	5010.0	5130.1	5010.1
R243	0.5	0.5	5.136668854969302	2
0.0	1.0	0.0	0.0	1.0	0.0	1.0	1.0
5140.0	5010.1	5140.0	5010.0	5140.1	5010.0	5140.1	5010.1
R242	0.5	0.5	5.29280429348626	2
0.0	1.0	0.0	0.0	1.0	0.0	1.0	1.0
5150.0	5010.1	5150.0	5010.0	5150.1	5010.0	5150.1	5010.1
R241	0.5	0.5	4.604354953556681	2
0.0	1.0	0.0	0.0	1.0	0.0	1.0	1.0
5160.0	5010.1	5160.0	5010.0	5160.1	5010.0	5160.1	5010.1
R240	0.5	0.5	5.385874395744434	2
0.0	1.0	0.0	0.0	1.0	0.0	1.0	1.0
5010.0	5020.1	5010.0	5020.0	5010.1	5020.0	5010.1	5020.1
R239	0.5	0.5	5.239819061603629	2
0.0	1.0	0.0	0.0	1.0	0.0	1.0	1.0
5020.0	5020.1	5020.0	5020.0	5020.1	5020.0	5020.1	5020.1
R238	0.5	0.5	4.867460977861621	2
0.0	1.0	0.0	0.0	1.0	0.0	1.0	1.0
5030.0	5020.1	5030.0	5020.0	5030.1	5020.0	5030.1	5020.1
R237	0.5	0.5	4.689918639486619	2
0.0	1.0	0.0	0.0	1.0	0.0	1.0	1.0
5040.0	5020.1	5040.0	5020.0	5040.1	5020.0	5040.1	5020.1
R236	0.5	0.5	5.307151266557385	2
0.0	1.0	0.0	0.0	1.0	0.0	1.0	1.0
5050.0	5020.1	5050.0	5020.0	5050.1	5020.0	5050.1	5020.1
R235	0.5	0.5	5.094857789783856	2
0.0	1.0	0.0	0.0	1.0	0.0	1.0	1.0
5060.0	5020.1	5060.0	5020.0	5060.1	5020.0	5060.1	5020.1
R234	0.5	0.5	4.685131417192766	2
0.0	1.0	0.0	0.0	1.0	0.0	1.0	1.0
5070.0	5020.1	5070.0	5020.0	5070.1	5020.0	5070.1	5020.1
R233	0.5	0.5	4.81838981069944	2
0.0	1.0	0.0	0.0	1.0	0.0	1.0	1.0
5080.0	5020.1	5080.0	5020.0	5080.1	5020.0	5080.1	5020.1
R232	0.5	0.5	4.979860185247161	2
0.0	1.0	0.0	0.0	1.0	0.0	1.0	1.0
5090.0	5020.1	5090.0	5020.0	5090.1	5020.0	5090.1	5020.1
R231	0.5	0.5	4.933290004565475	2
0.0	1.0	0.0	0.0	1.0	0.0	1.0	1.0
5100.0	5020.1	5100.0	5020.0	5100.1	5020.0	5100.1	5020.1
R230	0.5	0.5	5.225324743945691	2
0.0	1.0	0.0	0.0	1.0	0.0	1.0	1.0
5110.0	5020.1	5110.0	5020.0	5110.1	5020.0	5110.1	5020.1
R229	0.5	0.5	4.898059146972727	2
0.0	1.0	0.0	0.0	1.0	0.0	1.0	1.0
5120.0	5020.1	5120.0	5020.0	5120.1	5020.0	5120.1	5020.1
R228	0.5	0.5	4.986302121379388	2
0.0	1.0	0.0	0.0	1.0	0.0	1.0	1.0
5130.0	5020.1	5130.0	5020.0	5130.1	5020.0	5130.1	5020.1
R227	0.5	0.5	4.7227469118975725	2
0.0	1.0	0.0	0.0	1.0	0.0	1.0	1.0
5140.0	5020.1	5140.0	5020.0	5140.1	5020.0	5140.1	5020.1
R226	0.5	0.5	5.422492410193329	2
0.0	1.0	0.0	0.0	1.0	0.0	1.0	1.0
5150.0	5020.1	5150.0	5020.0	5150.1	5020.0	5150.1	5020.1
R225	0.5	0.5	4.822757083617711	2
0.0	1.0	0.0	0.0	1.0	0.0	1.0	1.0
5160.0	5020.1	5160.0	5020.0	5160.1	5020.0	5160.1	5020.1
R224	0.5	0.5	4.657366776719213	2
0.0	1.0	0.0	0.0	1.0	0.0	1.0	1.0
5010.0	5030.1	5010.0	5030.0	5010.1	5030.0	5010.1	5030.1
R223	0.5	0.5	4.9428080091660505	2
0.0	1.0	0.0	0.0	1.0	0.0	1.0	1.0
5020.0	5030.1	5020.0	5030.0	5020.1	5030.0	5020.1	5030.1
R222	0.5	0.5	5.013114213346775	2
0.0	1.0	0.0	0.0	1.0	0.0	1.0	1.0
5030.0	5030.1	5030.0	5030.0	5030.1	5030.0	5030.1	5030.1
R221	0.5	0.5	5.214473219435426	2
0.0	1.0	0.0	0.0	1.0	0.0	1.0	1.0
5040.0	5030.1	5040.0	5030.0	5040.1	5030.0	5040.1	5030.1
R220	0.5	0.5	4.706999639215013	2
0.0	1.0	0.0	0.0	1.0	0.0	1.0	1.0
5050.0	5030.1	5050.0	5030.0	5050.1	5030.0	5050.1	5030.1
R219	0.5	0.5	4.789180090973612	2
0.0	1.0	0.0	0.0	1.0	0.0	1.0	1.0
5060.0	5030.1	5060.0	5030.0	5060.1	5030.0	5060.1	5030.1
R218	0.5	0.5	5.1812156794507445	2
0.0	1.0	0.0	0.0	1.0	0.0	1.0	1.0
5070.0	5030.1	5070.0	5030.0	5070.1	5030.0	5070.1	5030.1
R217	0.5	0.5	4.713035393469417	2
0.0	1.0	0.0	0.0	1.0	0.0	1.0	1.0
5080.0	5030.1	5080.0	5030.0	5080.1	5030.0	5080.1	5030.1
R216	0.5	0.5	4.826711187235929	2
0.0	1.0	0.0	0.0	1.0	0.0	1.0	1.0
5090.0	5030.1	5090.0	5030.0	5090.1	5030.0	5090.1	5030.1
R215	0.5	0.5	5.071970499743108	2
0.0	1.0	0.0	0.0	1.0	0.0	1.0	1.0
5100.0	5030.1	5100.0	5030.0	5100.1	5030.0	5100.1	5030.1
R214	0.5	0.5	4.874199929644712	2
0.0	1.0	0.0	0.0	1.0	0.0	1.0	1.0
5110.0	5030.1	5110.0	5030.0	5110.1	5030.0	5110.1	5030.1
R213	0.5	0.5	4.835710667921436	2
0.0	1.0	0.0	0.0	1.0	0.0	1.0	1.0
5120.0	5030.1	5120.0	5030.0	5120.1	5030.0	5120.1	5030.1
R212	0.5	0.5	4.621444031854836	2
0.0	1.0	0.0	0.0	1.0	0.0	1.0	1.0
5130.0	5030.1	5130.0	5030.0	5130.1	5030.0	5130.1	5030.1
R211	0.5	0.5	5.1508960568290485	2
0.0	1.0	0.0	0.0	1.0	0.0	1.0	1.0
5140.0	5030.1	5140.0	5030.0	5140.1	5030.0	5140.1	5030.1
R210	0.5	0.5	5.415893028506567	2
0.0	1.0	0.0	0.0	1.0	0.0	1.0	1.0
5150.0	5030.1	5150.0	5030.0	5150.1	5030.0	5150.1	5030.1
R209	0.5	0.5	5.319904099218183	2
0.0	1.0	0.0	0.0	1.0	0.0	1.0	1.0
5160.0	5030.1	5160.0	5030.0	5160.1	5030.0	5160.1	5030.1
R208	0.5	0.5	5.228385174771992	2
0.0	1.0	0.0	0.0	1.0	0.0	1.0	1.0
5010.0	5040.1	5010.0	5040.0	5010.1	5040.0	5010.1	5040.1
R207	0.5	0.5	5.32879359356354	2
0.0	1.0	0.0	0.0	1.0	0.0	1.0	1.0
5020.0	5040.1	5020.0	5040.0	5020.1	5040.0	5020.1	5040.1
R206	0.5	0.5	4.675138525144539	2
0.0	1.0	0.0	0.0	1.0	0.0	1.0	1.0
5030.0	5040.1	5030.0	5040.0	5030.1	5040.0	5030.1	5040.1
R205	0.5	0.5	5.2765933089752455	2
0.0	1.0	0.0	0.0	1.0	0.0	1.0	1.0
5040.0	5040.1	5040.0	5040.0	5040.1	5040.0	5040.1	5040.1
R204	0.5	0.5	5.22882150352393	2
0.0	1.0	0.0	0.0	1.0	0.0	1.0	1.0
5050.0	5040.1	5050.0	5040.0	5050.1	5040.0	5050.1	5040.1
R203	0.5	0.5	5.159288320264794	2
0.0	1.0	0.0	0.0	1.0	0.0	1.0	1.0
5060.0	5040.1	5060.0	5040.0	5060.1	5040.0	5060.1	5040.1
R202	0.5	0.5	5.283405711303177	2
0.0	1.0	0.0	0.0	1.0	0.0	1.0	1.0
5070.0	5040.1	5070.0	5040.0	5070.1	5040.0	5070.1	5040.1
R201	0.5	0.5	4.829837821636411	2
0.0	1.0	0.0	0.0	1.0	0.0	1.0	1.0
5080.0	5040.1	5080.0	5040.0	5080.1	5040.0	5080.1	5040.1
R200	0.5	0.5	5.221702964578412	2
0.0	1.0	0.0	0.0	1.0	0.0	1.0	1.0
5090.0	5040.1	5090.0	5040.0	5090.1	5040.0	5090.1	5040.1
R199	0.5	0.5	5.251296530448538	2
0.0	1.0	0.0	0.0	1.0	0.0	1.0	1.0
5100.0	5040.1	5100.0	5040.0	5100.1	5040.0	5100.1	5040.1
R198	0.5	0.5	4.5518818263639105	2
0.0	1.0	0.0	0.0	1.0	0.0	1.0	1.0
5110.0	5040.1	5110.0	5040.0	5110.1	5040.0	5110.1	5040.1
R197	0.5	0.5	4.562277440302598	2
0.0	1.0	0.0	0.0	1.0	0.0	1.0	1.0
5120.0	5040.1	5120.0	5040.0	5120.1	5040.0	5120.1	5040.1
R196	0.5	0.5	5.267111512903341	2
0.0	1.0	0.0	0.0	1.0	0.0	1.0	1.0
5130.0	5040.1	5130.0	5040.0	5130.1	5040.0	5130.1	5040.1
R195	0.5	0.5	4.735824463468093	2
0.0	1.0	0.0	0.0	1.0	0.0	1.0	1.0
5140.0	5040.1	5140.0	5040.0	5140.1	5040.0	5140.1	5040.1
R194	0.5	0.5	4.953760960892572	2
0.0	1.0	0.0	0.0	1.0	0.0	1.0	1.0
5150.0	5040.1	5150.0	5040.0	5150.1	5040.0	5150.1	5040.1
R193	0.5	0.5	5.027984653492355	2
0.0	1.0	0.0	0.0	1.0	0.0	1.0	1.0
5160.0	5040.1	5160.0	5040.0	5160.1	5040.0	5160.1	5040.1
R192	0.5	0.5	5.2374233108638215	2
0.0	1.0	0.0	0.0	1.0	0.0	1.0	1.0
5010.0	5050.1	5010.0	5050.0	5010.1	5050.0	5010.1	5050.1
R191	0.5	0.5	5.417459436429297	2
0.0	1.0	0.0	0.0	1.0	0.0	1.0	1.0
5020.0	5050.1	5020.0	5050.0	5020.1	5050.0	5020.1	5050.1
R190	0.5	0.5	4.583651652452154	2
0.0	1.0	0.0	0.0	1.0	0.0	1.0	1.0
5030.0	5050.1	5030.0	5050.0	5030.1	5050.0	5030.1	5050.1
R189	0.5	0.5	5.332361805027944	2
0.0	1.0	0.0	0.0	1.0	0.0	1.0	1.0
5040.0	5050.1	5040.0	5050.0	5040.1	5050.0	5040.1	5050.1
R188	0.5	0.5	5.433598859198188	2
0.0	1.0	0.0	0.0	1.0	0.0	1.0	1.0
5050.0	5050.1	5050.0	5050.0	5050.1	5050.0	5050.1	5050.1
R187	0.5	0.5	4.673120840491519	2
0.0	1.0	0.0	0.0	1.0	0.0	1.0	1.0
5060.0	5050.1	5060.0	5050.0	5060.1	5050.0	5060.1	5050.1
R186	0.5	0.5	5.201382322092113	2
0.0	1.0	0.0	0.0	1.0	0.0	1.0	1.0
5070.0	5050.1	5070.0	5050.0	5070.1	5050.0	5070.1	5050.1
R185	0.5	0.5	5.495792528049469	2
0.0	1.0	0.0	0.0	1.0	0.0	1.0	1.0
5080.0	5050.1	5080.0	5050.0	5080.1	5050.0	5080.1	5050.1
R184	0.5	0.5	5.179193157558945	2
0.0	1.0	0.0	0.0	1.0	0.0	1.0	1.0
5090.0	5050.1	5090.0	5050.0	5090.1	5050.0	5090.1	5050.1
R183	0.5	0.5	4.565868417951989	2
0.0	1.0	0.0	0.0	1.0	0.0	1.0	1.0
5100.0	5050.1	5100.0	5050.0	5100.1	5050.0	5100.1	5050.1
R182	0.5	0.5	4.9028972323058735	2
0.0	1.0	0.0	0.0	1.0	0.0	1.0	1.0
5110.0	5050.1	5110.0	5050.0	5110.1	5050.0	5110.1	5050.1
R181	0.5	0.5	5.286196015051708	2
0.0	1.0	0.0	0.0	1.0	0.0	1.0	1.0
5120.0	5050.1	5120.0	5050.0	5120.1	5050.0	5120.1	5050.1
R180	0.5	0.5	4.768074975308845	2
0.0	1.0	0.0	0.0	1.0	0.0	1.0	1.0
5130.0	5050.1	5130.0	5050.0	5130.1	5050.0	5130.1	5050.1
R179	0.5	0.5	4.957304754132693	2
0.0	1.0	0.0	0.0	1.0	0.0	1.0	1.0
5140.0	5050.1	5140.0	5050.0	5140.1	5050.0	5140.1	5050.1
R178	0.5	0.5	4.727315231402408	2
0.0	1.0	0.0	0.0	1.0	0.0	1.0	1.0
5150.0	5050.1	5150.0	5050.0	5150.1	5050.0	5150.1	5050.1
R177	0.5	0.5	5.380038376789804	2
0.0	1.0	0.0	0.0	1.0	0.0	1.0	1.0
5160.0	5050.1	5160.0	5050.0	5160.1	5050.0	5160.1	5050.1
R176	0.5	0.5	5.340752539645002	2
0.0	1.0	0.0	0.0	1.0	0.0	1.0	1.0
5010.0	5060.1	5010.0	5060.0	5010.1	5060.0	5010.1	5060.1
R175	0.5	0.5	5.082907199446936	2
0.0	1.0	0.0	0.0	1.0	0.0	1.0	1.0
5020.0	5060.1	5020.0	5060.0	5020.1	5060.0	5020.1	5060.1
R174	0.5	0.5	5.424750960675947	2
0.0	1.0	0.0	0.0	1.0	0.0	1.0	1.0
5030.0	5060.1	5030.0	5060.0	5030.1	5060.0	5030.1	5060.1
R173	0.5	0.5	5.455362248015359	2
0.0	1.0	0.0	0.0	1.0	0.0	1.0	1.0
5040.0	5060.1	5040.0	5060.0	5040.1	5060.0	5040.1	5060.1
R172	0.5	0.5	5.407712743598462	2
0.0	1.0	0.0	0.0	1.0	0.0	1.0	1.0
5050.0	5060.1	5050.0	5060.0	5050.1	5060.0	5050.1	5060.1
R171	0.5	0.5	4.918659459862621	2
0.0	1.0	0.0	0.0	1.0	0.0	1.0	1.0
5060.0	5060.1	5060.0	5060.0	5060.1	5060.0	5060.1	5060.1
R170	0.5	0.5	5.4923552149905355	2
0.0	1.0	0.0	0.0	1.0	0.0	1.0	1.0
5070.0	5060.1	5070.0	5060.0	5070.1	5060.0	5070.1	5060.1
R169	0.5	0.5	4.906733077557307	2
0.0	1.0	0.0	0.0	1.0	0.0	1.0	1.0
5080.0	5060.1	5080.0	5060.0	5080.1	5060.0	5080.1	5060.1
R168	0.5	0.5	5.14447568115531	2
0.0	1.0	0.0	0.0	1.0	0.0	1.0	1.0
5090.0	5060.1	5090.0	5060.0	5090.1	5060.0	5090.1	5060.1
R167	0.5	0.5	5.487354876228786	2
0.0	1.0	0.0	0.0	1.0	0.0	1.0	1.0
5100.0	5060.1	5100.0	5060.0	5100.1	5060.0	5100.1	5060.1
R166	0.5	0.5	4.618035334616368	2
0.0	1.0	0.0	0.0	1.0	0.0	1.0	1.0
5110.0	5060.1	5110.0	5060.0	5110.1	5060.0	5110.1	5060.1
R165	0.5	0.5	5.209758107674704	2
0.0	1.0	0.0	0.0	1.0	0.0	1.0	1.0
5120.0	5060.1	5120.0	5060.0	5120.1	5060.0	5120.1	5060.1
R164	0.5	0.5	5.3885085429156625	2
0.0	1.0	0.0	0.0	1.0	0.0	1.0	1.0
5130.0	5060.1	5130.0	5060.0	5130.1	5060.0	5130.1	5060.1
R163	0.5	0.5	5.438003020144078	2
0.0	1.0	0.0	0.0	1.0	0.0	1.0	1.0
5140.0	5060.1	5140.0	5060.0	5140.1	5060.0	5140.1	5060.1
R162	0.5	0.5	5.07974215825739	2
0.0	1.0	0.0	0.0	1.0	0.0	1.0	1.0
5150.0	5060.1	5150.0	5060.0	5150.1	5060.0	5150.1	5060.1
R161	0.5	0.5	4.779284331453358	2
0.0	1.0	0.0	0.0	1.0	0.0	1.0	1.0
5160.0	5060.1	5160.0	5060.0	5160.1	5060.0	5160.1	5060.1
R160	0.5	0.5	4.790914315068412	2
0.0	1.0	0.0	0.0	1.0	0.0	1.0	1.0
5010.0	5070.1	5010.0	5070.0	5010.1	5070.0	5010.1	5070.1
R159	0.5	0.5	4.600066999562858	2
0.0	1.0	0.0	0.0	1.0	0.0	1.0	1.0
5020.0	5070.1	5020.0	5070.0	5020.1	5070.0	5020.1	5070.1
R158	0.5	0.5	4.614873403123282	2
0.0	1.0	0.0	0.0	1.0	0.0	1.0	1.0
5030.0	5070.1	5030.0	5070.0	5030.1	5070.0	5030.1	5070.1
R157	0.5	0.5	4.687798710489149	2
0.0	1.0	0.0	0.0	1.0	0.0	1.0	1.0
5040.0	5070.1	5040.0	5070.0	5040.1	5070.0	5040.1	5070.1
R156	0.5	0.5	5.225002795056647	2
0.0	1.0	0.0	0.0	1.0	0.0	1.0	1.0
5050.0	5070.1	5050.0	5070.0	5050.1	5070.0	5050.1	5070.1
R155	0.5	0.5	5.08397777259046	2
0.0	1.0	0.0	0.0	1.0	0.0	1.0	1.0
5060.0	5070.1	5060.0	5070.0	5060.1	5070.0	5060.1	5070.1
R154	0.5	0.5	4.981063819587216	2
0.0	1.0	0.0	0.0	1.0	0.0	1.0	1.0
5070.0	5070.1	5070.0	5070.0	5070.1	5070.0	5070.1	5070.1
R153	0.5	0.5	4.702572294974124	2
0.0	1.0	0.0	0.0	1.0	0.0	1.0	1.0
5080.0	5070.1	5080.0	5070.0	5080.1	5070.0	5080.1	5070.1
R152	0.5	0.5	4.647646271799816	2
0.0	1.0	0.0	0.0	1.0	0.0	1.0	1.0
5090.0	5070.1	5090.0	5070.0	5090.1	5070.0	5090.1	5070.1
R151	0.5	0.5	5.097781789425563	2
0.0	1.0	0.0	0.0	1.0	0.0	1.0	1.0
5100.0	5070.1	5100.0	5070.0	5100.1	5070.0	5100.1	5070.1
R150	0.5	0.5	5.376410081209602	2
0.0	1.0	0.0	0.0	1.0	0.0	1.0	1.0
5110.0	5070.1	5110.0	5070.0	5110.1	5070.0	5110.1	5070.1
R149	0.5	0.5	5.034438651059736	2
0.0	1.0	0.0	0.0	1.0	0.0	1.0	1.0
5120.0	5070.1	5120.0	5070.0	5120.1	5070.0	5120.1	5070.1
R148	0.5	0.5	4.602263678199895	2
0.0	1.0	0.0	0.0	1.0	0.0	1.0	1.0
5130.0	5070.1	5130.0	5070.0	5130.1	5070.0	5130.1	5070.1
R147	0.5	0.5	5.204155817186963	2
0.0	1.0	0.0	0.0	1.0	0.0	1.0	1.0
5140.0	5070.1	5140.0	5070.0	5140.1	5070.0	5140.1	5070.1
R146	0.5	0.5	4.755830600547921	2
0.0	1.0	0.0	0.0	1.0	0.0	1.0	1.0
5150.0	5070.1	5150.0	5070.0	5150.1	5070.0	5150.1	5070.1
R145	0.5	0.5	5.376865553155636	2
0.0	1.0	0.0	0.0	1.0	0.0	1.0	1.0
5160.0	5070.1	5160.0	5070.0	5160.1	5070.0	5160.1	5070.1
R144	0.5	0.5	5.080731291320028	2
0.0	1.0	0.0	0.0	1.0	0.0	1.0	1.0
5010.0	5080.1	5010.0	5080.0	5010.1	5080.0	5010.1	5080.1
R143	0.5	0.5	5.343273755184066	2
0.0	1.0	0.0	0.0	1.0	0.0	1.0	1.0
5020.0	5080.1	5020.0	5080.0	5020.1	5080.0	5020.1	5080.1
R142	0.5	0.5	5.234423926878917	2
0.0	1.0	0.0	0.0	1.0	0.0	1.0	1.0
5030.0	5080.1	5030.0	5080.0	5030.1	5080.0	5030.1	5080.1
R141	0.5	0.5	4.705713834084256	2
0.0	1.0	0.0	0.0	1.0	0.0	1.0	1.0
5040.0	5080.1	5040.0	5080.0	5040.1	5080.0	5040.1	5080.1
R140	0.5	0.5	4.88911828013518	2
0.0	1.0	0.0	0.0	1.0	0.0	1.0	1.0
5050.0	5080.1	5050.0	5080.0	5050.1	5080.0	5050.1	5080.1
R139	0.5	0.5	4.867865021026433	2
0.0	1.0	0.0	0.0	1.0	0.0	1.0	1.0
5060.0	5080.1	5060.0	5080.0	5060.1	5080.0	5060.1	5080.1
R138	0.5	0.5	4.753819439945057	2
0.0	1.0	0.0	0.0	1.0	0.0	1.0	1.0
5070.0	5080.1	5070.0	5080.0	5070.1	5080.0	5070.1	5080.1
R137	0.5	0.5	5.180504937705429	2
0.0	1.0	0.0	0.0	1.0	0.0	1.0	1.0
5080.0	5080.1	5080.0	5080.0	5080.1	5080.0	5080.1	5080.1
R136	0.5	0.5	4.897986317417667	2
0.0	1.0	0.0	0.0	1.0	0.0	1.0	1.0
5090.0	5080.1	5090.0	5080.0	5090.1	5080.0	5090.1	5080.1
R135	0.5	0.5	4.895441896037463	2
0.0	1.0	0.0	0.0	1.0	0.0	1.0	1.0
5100.0	5080.1	5100.0	5080.0	5100.1	5080.0	5100.1	5080.1
R134	0.5	0.5	5.321791085676861	2
0.0	1.0	0.0	0.0	1.0	0.0	1.0	1.0
5110.0	5080.1	5110.0	5080.0	5110.1	5080.0	5110.1	5080.1
R133	0.5	0.5	4.655321900601642	2
0.0	1.0	0.0	0.0	1.0	0.0	1.0	1.0
5120.0	5080.1	5120.0	5080.0	5120.1	5080.0	5120.1	5080.1
R132	0.5	0.5	4.7838882945042025	2
0.0	1.0	0.0	0.0	1.0	0.0	1.0	1.0
5130.0	5080.1	5130.0	5080.0	5130.1	5080.0	5130.1	5080.1
R131	0.5	0.5	4.979095156976162	2
0.0	1.0	0.0	0.0	1.0	0.0	1.0	1.0
5140.0	5080.1	5140.0	5080.0	5140.1	5080.0	5140.1	5080.1
R130	0.5	0.5	5.009739162799808	2
0.0	1.0	0.0	0.0	1.0	0.0	1.0	1.0
5150.0	5080.1	5150.0	5080.0	5150.1	5080.0	5150.1	5080.1
R129	0.5	0.5	4.953464544285061	2
0.0	1.0	0.0	0.0	1.0	0.0	1.0	1.0
5160.0	5080.1	5160.0	5080.0	5160.1	5080.0	5160.1	5080.1
R128	0.5	0.5	5.402836838597183	2
0.0	1.0	0.0	0.0	1.0	0.0	1.0	1.0
5010.0	5090.1	5010.0	5090.0	5010.1	5090.0	5010.1	5090.1
R127	0.5	0.5	5.4324644853143935	2
0.0	1.0	0.0	0.0	1.0	0.0	1.0	1.0
5020.0	5090.1	5020.0	5090.0	5020.1	5090.0	5020.1	5090.1
R126	0.5	0.5	5.143399645376459	2
0.0	1.0	0.0	0.0	1.0	0.0	1.0	1.0
5030.0	5090.1	5030.0	5090.0	5030.1	5090.0	5030.1	5090.1
R125	0.5	0.5	4.911941271753582	2
0.0	1.0	0.0	0.0	1.0	0.0	1.0	1.0
5040.0	5090.1	5040.0	5090.0	5040.1	5090.0	5040.1	5090.1
R124	0.5	0.5	5.278887381049908	2
0.0	1.0	0.0	0.0	1.0	0.0	1.0	1.0
5050.0	5090.1	5050.0	5090.0	5050.1	5090.0	5050.1	5090.1
R123	0.5	0.5	4.843752318203517	2
0.0	1.0	0.0	0.0	1.0	0.0	1.0	1.0
5060.0	5090.1	5060.0	5090.0	5060.1	5090.0	5060.1	5090.1
R122	0.5	0.5	5.3402249750904796	2
0.0	1.0	0.0	0.0	1.0	0.0	1.0	1.0
5070.0	5090.1	5070.0	5090.0	5070.1	5090.0	5070.1	5090.1
R121	0.5	0.5	4.941626693181735	2
0.0	1.0	0.0	0.0	1.0	0.0	1.0	1.0
5080.0	5090.1	5080.0	5090.0	5080.1	5090.0	5080.1	5090.1
R120	0.5	0.5	5.341592648849154	2
0.0	1.0	0.0	0.0	1.0	0.0	1.0	1.0
5090.0	5090.1	5090.0	5090.0	5090.1	5090.0	5090.1	5090.1
R119	0.5	0.5	5.287061366501037	2
0.0	1.0	0.0	0.0	1.0	0.0	1.0	1.0
5100.0	5090.1	5100.0	5090.0	5100.1	5090.0	5100.1	5090.1
R118	0.5	0.5	5.414111964165845	2
0.0	1.0	0.0	0.0	1.0	0.0	1.0	1.0
5110.0	5090.1	5110.0	5090.0	5110.1	5090.0	5110.1	5090.1
R117	0.5	0.5	4.885534703884	2
0.0	1.0	0.0	0.0	1.0	0.0	1.0	1.0
5120.0	5090.1	5120.0	5090.0	5120.1	5090.0	5120.1	5090.1
R116	0.5	0.5	5.050391802986716	2
0.0	1.0	0.0	0.0	1.0	0.0	1.0	1.0
5130.0	5090.1	5130.0	5090.0	5130.1	5090.0	5130.1	5090.1
R115	0.5	0.5	5.259621459669985	2
0.0	1.0	0.0	0.0	1.0	0.0	1.0	1.0
5140.0	5090.1	5140.0	5090.0	5140.1	5090.0	5140.1	5090.1
R114	0.5	0.5	5.2299865438637205	2
0.0	1.0	0.0	0.0	1.0	0.0	1.0	1.0
5150.0	5090.1	5150.0	5090.0	5150.1	5090.0	5150.1	5090.1
R113	0.5	0.5	4.927516558281596	2
0.0	1.0	0.0	0.0	1.0	0.0	1.0	1.0
5160.0	5090.1	5160.0	5090.0	5160.1	5090.0	5160.1	5090.1
R112	0.5	0.5	4.720177654315571	2
0.0	1.0	0.0	0.0	1.0	0.0	1.0	1.0
5010.0	5100.1	5010.0	5100.0	5010.1	5100.0	5010.1	5100.1
R111	0.5	0.5	5.122450829718965	2
0.0	1.0	0.0	0.0	1.0	0.0	1.0	1.0
5020.0	5100.1	5020.0	5100.0	5020.1	5100.0	5020.1	5100.1
R110	0.5	0.5	4.938100722315424	2
0.0	1.0	0.0	0.0	1.0	0.0	1.0	1.0
5030.0	5100.1	5030.0	5100.0	5030.1	5100.0	5030.1	5100.1
R109	0.5	0.5	4.706792300590591	2
0.0	1.0	0.0	0.0	1.0	0.0	1.0	1.0
5040.0	5100.1	5040.0	5100.0	5040.1	5100.0	5040.1	5100.1
R108	0.5	0.5	4.846705105964293	2
0.0	1.0	0.0	0.0	1.0	0.0	1.0	1.0
5050.0	5100.1	5050.0	5100.0	5050.1	5100.0	5050.1	5100.1
R107	0.5	0.5	4.75421415008032	2
0.0	1.0	0.0	0.0	1.0	0.0	1.0	1.0
5060.0	5100.1	5060.0	5100.0	5060.1	5100.0	5060.1	5100.1
R106	0.5	0.5	5.196208568458332	2
0.0	1.0	0.0	0.0	1.0	0.0	1.0	1.0
5070.0	5100.1	5070.0	5100.0	5070.1	5100.0	5070.1	5100.1
R105	0.5	0.5	5.448242022127223	2
0.0	1.0	0.0	0.0	1.0	0.0	1.0	1.0
5080.0	5100.1	5080.0	5100.0	5080.1	5100.0	5080.1	5100.1
R104	0.5	0.5	5.159525543429961	2
0.0	1.0	0.0	0.0	1.0	0.0	1.0	1.0
5090.0	5100.1	5090.0	5100.0	5090.1	5100.0	5090.1	5100.1
R103	0.5	0.5	5.288950952309444	2
0.0	1.0	0.0	0.0	1.0	0.0	1.0	1.0
5100.0	5100.1	5100.0	5100.0	5100.1	5100.0	5100.1	5100.1
R102	0.5	0.5	5.269792688336486	2
0.0	1.0	0.0	0.0	1.0	0.0	1.0	1.0
5110.0	5100.1	5110.0	5100.0	5110.1	5100.0	5110.1	5100.1
R101	0.5	0.5	5.14250488204365	2
0.0	1.0	0.0	0.0	1.0	0.0	1.0	1.0
5120.0	5100.1	5120.0	5100.0	5120.1	5100.0	5120.1	5100.1
R100	0.5	0.5	5.321937606653472	2
0.0	1.0	0.0	0.0	1.0	0.0	1.0	1.0
5130.0	5100.1	5130.0	5100.0	5130.1	5100.0	5130.1	5100.1
R99	0.5	0.5	5.42522470172371	2
0.0	1.0	0.0	0.0	1.0	0.0	1.0	1.0
5140.0	5100.1	5140.0	5100.0	5140.1	5100.0	5140.1	5100.1
R98	0.5	0.5	4.877119312441417	2
0.0	1.0	0.0	0.0	1.0	0.0	1.0	1.0
5150.0	5100.1	5150.0	5100.0	5150.1	5100.0	5150.1	5100.1
R97	0.5	0.5	5.376384745112871	2
0.0	1.0	0.0	0.0	1.0	0.0	1.0	1.0
5160.0	5100.1	5160.0	5100.0	5160.1	5100.0	5160.1	5100.1
R96	0.5	0.5	5.197489206604001	2
0.0	1.0	0.0	0.0	1.0	0.0	1.0	1.0
5010.0	5110.1	5010.0	5110.0	5010.1	5110.0	5010.1	5110.1
R95	0.5	0.5	5.2307214280263175	2
0.0	1.0	0.0	0.0	1.0	0.0	1.0	1.0
5020.0	5110.1	5020.0	5110.0	5020.1	5110.0	5020.1	5110.1
R94	0.5	0.5	4.680745885601106	2
0.0	1.0	0.0	0.0	1.0	0.0	1.0	1.0
5030.0	5110.1	5030.0	5110.0	5030.1	5110.0	5030.1	5110.1
R93	0.5	0.5	4.8228408034449854	2
0.0	1.0	0.0	0.0	1.0	0.0	1.0	1.0
5040.0	5110.1	5040.0	5110.0	5040.1	5110.0	5040.1	5110.1
R92	0.5	0.5	4.956303195377628	2
0.0	1.0	0.0	0.0	1.0	0.0	1.0	1.0
5050.0	5110.1	5050.0	5110.0	5050.1	5110.0	5050.1	5110.1
R91	0.5	0.5	4.986045292613103	2
0.0	1.0	0.0	0.0	1.0	0.0	1.0	1.0
5060.0	5110.1	5060.0	5110.0	5060.1	5110.0	5060.1	5110.1
R90	0.5	0.5	4.783825596620413	2
0.0	1.0	0.0	0.0	1.0	0.0	1.0	1.0
5070.0	5110.1	5070.0	5110.0	5070.1	5110.0	5070.1	5110.1
R89	0.5	0.5	4.741860840551453	2
0.0	1.0	0.0	0.0	1.0	0.0	1.0	1.0
5080.0	5110.1	5080.0	5110.0	5080.1	5110.0	5080.1	5110.1
R88	0.5	0.5	5.411020914444991	2
0.0	1.0	0.0	0.0	1.0	0.0	1.0	1.0
5090.0	5110.1	5090.0	5110.0	5090.1	5110.0	5090.1	5110.1
R87	0.5	0.5	5.050777792921495	2
0.0	1.0	0.0	0.0	1.0	0.0	1.0	1.0
5100.0	5110.1	5100.0	5110.0	5100.1	5110.0	5100.1	5110.1
R86	0.5	0.5	5.1954212880361395	2
0.0	1.0	0.0	0.0	1.0	0.0	1.0	1.0
5110.0	5110.1	5110.0	5110.0	5110.1	5110.0	5110.1	5110.1
R85	0.5	0.5	5.209681420714172	2
0.0	1.0	0.0	0.0	1.0	0.0	1.0	1.0
5120.0	5110.1	5120.0	5110.0	5120.1	5110.0	5120.1	5110.1
R84	0.5	0.5	4.942372324405236	2
0.0	1.0	0.0	0.0	1.0	0.0	1.0	1.0
5130.0	5110.1	5130.0	5110.0	5130.1	5110.0	5130.1	5110.1
R83	0.5	0.5	5.311971521398149	2
0.0	1.0	0.0	0.0	1.0	0.0	1.0	1.0
5140.0	5110.1	5140.0	5110.0	5140.1	5110.0	5140.1	5110.1
R82	0.5	0.5	4.574966463298756	2
0.0	1.0	0.0	0.0	1.0	0.0	1.0	1.0
5150.0	5110.1	5150.0	5110.0	5150.1	5110.0	5150.1	5110.1
R81	0.5	0.5	4.729587647378425	2
0.0	1.0	0.0	0.0	1.0	0.0	1.0	1.0
5160.0	5110.1	5160.0	5110.0	5160.1	5110.0	5160.1	5110.1
R80	0.5	0.5	5.061926176752712	2
0.0	1.0	0.0	0.0	1.0	0.0	1.0	1.0
5010.0	5120.1	5010.0	5120.0	5010.1	5120.0	5010.1	5120.1
R79	0.5	0.5	4.808319462963375	2
0.0	1.0	0.0	0.0	1.0	0.0	1.0	1.0
5020.0	5120.1	5020.0	5120.0	5020.1	5120.0	5020.1	5120.1
R78	0.5	0.5	5.151993033581954	2
0.0	1.0	0.0	0.0	1.0	0.0	1.0	1.0
5030.0	5120.1	5030.0	5120.0	5030.1	5120.0	5030.1	5120.1
R77	0.5	0.5	5.3374421793210844	2
0.0	1.0	0.0	0.0	1.0	0.0	1.0	1.0
5040.0	5120.1	5040.0	5120.0	5040.1	5120.0	5040.1	5120.1
R76	0.5	0.5	5.246265781873518	2
0.0	1.0	0.0	0.0	1.0	0.0	1.0	1.0
5050.0	5120.1	5050.0	5120.0	5050.1	5120.0	5050.1	5120.1
R75	0.5	0.5	5.021367525536197	2
0.0	1.0	0.0	0.0	1.0	0.0	1.0	1.0
5060.0	5120.1	5060.0	5120.0	5060.1	5120.0	5060.1	5120.1
R74	0.5	0.5	5.270556547389676	2
0.0	1.0	0.0	0.0	1.0	0.0	1.0	1.0
5070.0	5120.1	5070.0	5120.0	5070.1	5120.0	5070.1	5120.1
R73	0.5	0.5	4.662793465633366	2
0.0	1.0	0.0	0.0	1.0	0.0	1.0	1.0
5080.0	5120.1	5080.0	5120.0	5080.1	5120.0	5080.1	5120.1
R72	0.5	0.5	4.66267525819483	2
0.0	1.0	0.0	0.0	1.0	0.0	1.0	1.0
5090.0	5120.1	5090.0	5120.0	5090.1	5120.0	5090.1	5120.1
R71	0.5	0.5	4.997412447254872	2
0.0	1.0	0.0	0.0	1.0	0.0	1.0	1.0
5100.0	5120.1	5100.0	5120.0	5100.1	5120.0	5100.1	5120.1
R70	0.5	0.5	5.346613049952714	2
0.0	1.0	0.0	0.0	1.0	0.0	1.0	1.0
5110.0	5120.1	5110.0	5120.0	5110.1	5120.0	5110.1	5120.1
R69	0.5	0.5	4.869170880876441	2
0.0	1.0	0.0	0.0	1.0	0.0	1.0	1.0
5120.0	5120.1	5120.0	5120.0	5120.1	5120.0	5120.1	5120.1
R68	0.5	0.5	4.927773314363395	2
0.0	1.0	0.0	0.0	1.0	0.0	1.0	1.0
5130.0	5120.1	5130.0	5120.0	5130.1	5120.0	5130.1	5120.1
R67	0.5	0.5	4.95560411340043	2
0.0	1.0	0.0	0.0	1.0	0.0	1.0	1.0
5140.0	5120.1	5140.0	5120.0	5140.1	5120.0	5140.1	5120.1
R66	0.5	0.5	4.9236623803255455	2
0.0	1.0	0.0	0.0	1.0	0.0	1.0	1.0
5150.0	5120.1	5150.0	5120.0	5150.1	5120.0	5150.1	5120.1
R65	0.5	0.5	4.611352165470289	2
0.0	1.0	0.0	0.0	1.0	0.0	1.0	1.0
5160.0	5120.1	5160.0	5120.0	5160.1	5120.0	5160.1	5120.1
R64	0.5	0.5	5.2337568137264086	2
0.0	1.0	0.0	0.0	1.0	0.0	1.0	1.0
5010.0	5130.1	5010.0	5130.0	5010.1	5130.0	5010.1	5130.1
R63	0.5	0.5	5.212886539955173	2
0.0	1.0	0.0	0.0	1.0	0.0	1.0	1.0
5020.0	5130.1	5020.0	5130.0	5020.1	5130.0	5020.1	5130.1
R62	0.5	0.5	4.558182638904083	2
0.0	1.0	0.0	0.0	1.0	0.0	1.0	1.0
5030.0	5130.1	5030.0	5130.0	5030.1	5130.0	5030.1	5130.1
R61	0.5	0.5	4.658441574331704	2
0.0	1.0	0.0	0.0	1.0	0.0	1.0	1.0
5040.0	5130.1	5040.0	5130.0	5040.1	5130.0	5040.1	5130.1
R60	0.5	0.5	4.769290853012031	2
0.0	1.0	0.0	0.0	1.0	0.0	1.0	1.0
5050.0	5130.1	5050.0	5130.0	5050.1	5130.0	5050.1	5130.1
R59	0.5	0.5	5.069311476493661	2
0.0	1.0	0.0	0.0	1.0	0.0	1.0	1.0
5060.0	5130.1	5060.0	5130.0	5060.1	5130.0	5060.1	5130.1
R58	0.5	0.5	5.1890097004112645	2
0.0	1.0	0.0	0.0	1.0	0.0	1.0	1.0
5070.0	5130.1	5070.0	5130.0	5070.1	5130.0	5070.1	5130.1
R57	0.5	0.5	5.321343206760706	2
0.0	1.0	0.0	0.0	1.0	0.0	1.0	1.0
5080.0	5130.1	5080.0	5130.0	5080.1	5130.0	5080.1	5130.1
R56	0.5	0.5	4.808149275494965	2
0.0	1.0	0.0	0.0	1.0	0.0	1.0	1.0
5090.0	5130.1	5090.0	5130.0	5090.1	5130.0	5090.1	5130.1
R55	0.5	0.5	4.929760418470535	2
0.0	1.0	0.0	0.0	1.0	0.0	1.0	1.0
5100.0	5130.1	5100.0	5130.0	5100.1	5130.0	5100.1	5130.1
R54	0.5	0.5	5.352956495176617	2
0.0	1.0	0.0	0.0	1.0	0.0	1.0	1.0
5110.0	5130.1	5110.0	5130.0	5110.1	5130.0	5110.1	5130.1
R53	0.5	0.5	4.746198828936715	2
0.0	1.0	0.0	0.0	1.0	0.0	1.0	1.0
5120.0	5130.1	5120.0	5130.0	5120.1	5130.0	5120.1	5130.1
R52	0.5	0.5	4.774833140567777	2
0.0	1.0	0.0	0.0	1.0	0.0	1.0	1.0
5130.0	5130.1	5130.0	5130.0	5130.1	5130.0	5130.1	5130.1
R51	0.5	0.5	4.890214456565665	2
0.0	1.0	0.0	0.0	1.0	0.0	1.0	1.0
5140.0	5130.1	5140.0	5130.0	5140.1	5130.0	5140.1	5130.1
R50	0.5	0.5	5.420801807246285	2
0.0	1.0	0.0	0.0	1.0	0.0	1.0	1.0
5150.0	5130.1	5150.0	5130.0	5150.1	5130.0	5150.1	5130.1
R49	0.5	0.5	5.037037069403707	2
0.0	1.0	0.0	0.0	1.0	0.0	1.0	1.0
5160.0	5130.1	5160.0	5130.0	5160.1	5130.0	5160.1	5130.1
R48	0.5	0.5	5.386211946258788	2
0.0	1.0	0.0	0.0	1.0	0.0	1.0	1.0
5010.0	5140.1	5010.0	5140.0	5010.1	5140.0	5010.1	5140.1
R47	0.5	0.5	4.833872711067496	2
0.0	1.0	0.0	0.0	1.0	0.0	1.0	1.0
5020.0	5140.1	5020.0	5140.0	5020.1	5140.0	5020.1	5140.1
R46	0.5	0.5	5.488758829697671	2
0.0	1.0	0.0	0.0	1.0	0.0	1.0	1.0
5030.0	5140.1	5030.0	5140.0	5030.1	5140.0	5030.1	5140.1
R45	0.5	0.5	4.733070786022993	2
0.0	1.0	0.0	0.0	1.0	0.0	1.0	1.0
5040.0	5140.1	5040.0	5140.0	5040.1	5140.0	5040.1	5140.1
R44	0.5	0.5	4.611742865232229	2
0.0	1.0	0.0	0.0	1.0	0.0	1.0	1.0
5050.0	5140.1	5050.0	5140.0	5050.1	5140.0	5050.1	5140.1
R43	0.5	0.5	4.6737285321322215	2
0.0	1.0	0.0	0.0	1.0	0.0	1.0	1.0
5060.0	5140.1	5060.0	5140.0	5060.1	5140.0	5060.1	5140.1
R42	0.5	0.5	5.079755747841217	2
0.0	1.0	0.0	0.0	1.0	0.0	1.0	1.0
5070.0	5140.1	5070.0	5140.0	5070.1	5140.0	5070.1	5140.1
R41	0.5	0.5	5.434233754784117	2
0.0	1.0	0.0	0.0	1.0	0.0	1.0	1.0
5080.0	5140.1	5080.0	5140.0	5080.1	5140.0	5080.1	5140.1
R40	0.5	0.5	4.646571679977076	2
0.0	1.0	0.0	0.0	1.0	0.0	1.0	1.0
5090.0	5140.1	5090.0	5140.0	5090.1	5140.0	5090.1	5140.1
R39	0.5	0.5	5.470941587942507	2
0.0	1.0	0.0	0.0	1.0	0.0	1.0	1.0
5100.0	5140.1	5100.0	5140.0	5100.1	5140.0	5100.1	5140.1
R38	0.5	0.5	4.886318628250979	2
0.0	1.0	0.0	0.0	1.0	0.0	1.0	1.0
5110.0	5140.1	5110.0	5140.0	5110.1	5140.0	5110.1	5140.1
R37	0.5	0.5	5.024487828083846	2
0.0	1.0	0.0	0.0	1.0	0.0	1.0	1.0
5120.0	5140.1	5120.0	5140.0	5120.1	5140.0	5120.1	5140.1
R36	0.5	0.5	4.806353048910752	2
0.0	1.0	0.0	0.0	1.0	0.0	1.0	1.0
5130.0	5140.1	5130.0	5140.0	5130.1	5140.0	5130.1	5140.1
R35	0.5	0.5	4.616129960851114	2
0.0	1.0	0.0	0.0	1.0	0.0	1.0	1.0
5140.0	5140.1	5140.0	5140.0	5140.1	5140.0	5140.1	5140.1
R34	0.5	0.5	4.922545327836263	2
0.0	1.0	0.0	0.0	1.0	0.0	1.0	1.0
5150.0	5140.1	5150.0	5140.0	5150.1	5140.0	5150.1	5140.1
R33	0.5	0.5	4.7588820223757	2
0.0	1.0	0.0	0.0	1.0	0.0	1.0	1.0
5160.0	5140.1	5160.0	5140.0	5160.1	5140.0	5160.1	5140.1
R32	0.5	0.5	5.184489043684043	2
0.0	1.0	0.0	0.0	1.0	0.0	1.0	1.0
5010.0	5150.1	5010.0	5150.0	5010.1	5150.0	5010.1	5150.1
R31	0.5	0.5	4.992639923131677	2
0.0	1.0	0.0	0.0	1.0	0.0	1.0	1.0
5020.0	5150.1	5020.0	5150.0	5020.1	5150.0	5020.1	5150.1
R30	0.5	0.5	4.919322487304107	2
0.0	1.0	0.0	0.0	1.0	0.0	1.0	1.0
5030.0	5150.1	5030.0	5150.0	5030.1	5150.0	5030.1	5150.1
R29	0.5	0.5	4.820943308910968	2
0.0	1.0	0.0	0.0	1.0	0.0	1.0	1.0
5040.0	5150.1	5040.0	5150.0	5040.1	5150.0	5040.1	5150.1
R28	0.5	0.5	4.834405564114563	2
0.0	1.0	0.0	0.0	1.0	0.0	1.0	1.0
5050.0	5150.1	5050.0	5150.0	5050.1	5150.0	5050.1	5150.1
R27	0.5	0.5	5.456023305643244	2
0.0	1.0	0.0	0.0	1.0	0.0	1.0	1.0
5060.0	5150.1	5060.0	5150.0	5060.1	5150.0	5060.1	5150.1
R26	0.5	0.5	5.321840229261435	2
0.0	1.0	0.0	0.0	1.0	0.0	1.0	1.0
5070.0	5150.1	5070.0	5150.0	5070.1	5150.0	5070.1	5150.1
R25	0.5	0.5	5.185361418034772	2
0.0	1.0	0.0	0.0	1.0	0.0	1.0	1.0
5080.0	5150.1	5080.0	5150.0	5080.1	5150.0	5080.1	5150.1
R24	0.5	0.5	4.606006907787177	2
0.0	1.0	0.0	0.0	1.0	0.0	1.0	1.0
5090.0	5150.1	5090.0	5150.0	5090.1	5150.0	5090.1	5150.1
R23	0.5	0.5	4.698726855567753	2
0.0	1.0	0.0	0.0	1.0	0.0	1.0	1.0
5100.0	5150.1	5100.0	5150.0	5100.1	5150.0	5100.1	5150.1
R22	0.5	0.5	4.69523682289231	2
0.0	1.0	0.0	0.0	1.0	0.0	1.0	1.0
5110.0	5150.1	5110.0	5150.0	5110.1	5150.0	5110.1	5150.1
R21	0.5	0.5	5.373460420426355	2
0.0	1.0	0.0	0.0	1.0	0.0	1.0	1.0
5120.0	5150.1	5120.0	5150.0	5120.1	5150.0	5120.1	5150.1
R20	0.5	0.5	4.985664323981839	2
0.0	1.0	0.0	0.0	1.0	0.0	1.0	1.0
5130.0	5150.1	5130.0	5150.0	5130.1	5150.0	5130.1	5150.1
R19	0.5	0.5	5.441556535805933	2
0.0	1.0	0.0	0.0	1.0	0.0	1.0	1.0
5140.0	5150.1	5140.0	5150.0	5140.1	5150.0	5140.1	5150.1
R18	0.5	0.5	5.076493117858059	2
0.0	1.0	0.0	0.0	1.0	0.0	1.0	1.0
5150.0	5150.1	5150.0	5150.0	5150.1	5150.0	5150.1	5150.1
R17	0.5	0.5	5.329263514630142	2
0.0	1.0	0.0	0.0	1.0	0.0	1.0	1.0
5160.0	5150.1	5160.0	5150.0	5160.1	5150.0	5160.1	5150.1
R16	0.5	0.5	5.453910962797565	2
0.0	1.0	0.0	0.0	1.0	0.0	1.0	1.0
5010.0	5160.1	5010.0	5160.0	5010.1	5160.0	5010.1	5160.1
R15	0.5	0.5	4.585640829135939	2
0.0	1.0	0.0	0.0	1.0	0.0	1.0	1.0
5020.0	5160.1	5020.0	5160.0	5020.1	5160.0	5020.1	5160.1
R14	0.5	0.5	4.964862007111176	2
0.0	1.0	0.0	0.0	1.0	0.0	1.0	1.0
5030.0	5160.1	5030.0	5160.0	5030.1	5160.0	5030.1	5160.1
R13	0.5	0.5	5.308419999585348	2
0.0	1.0	0.0	0.0	1.0	0.0	1.0	1.0
5040.0	5160.1	5040.0	5160.0	5040.1	5160.0	5040.1	5160.1
R12	0.5	0.5	4.802617092325908	2
0.0	1.0	0.0	0.0	1.0	0.0	1.0	1.0
5050.0	5160.1	5050.0	5160.0	5050.1	5160.0	5050.1	5160.1
R11	0.5	0.5	5.1067432733072105	2
0.0	1.0	0.0	0.0	1.0	0.0	1.0	1.0
5060.0	5160.1	5060.0	5160.0	5060.1	5160.0	5060.1	5160.1
R10	0.5	0.5	5.26460978175947	2
0.0	1.0	0.0	0.0	1.0	0.0	1.0	1.0
5070.0	5160.1	5070.0	5160.0	5070.1	5160.0	5070.1	5160.1
R9	0.5	0.5	5.406327582654447	2
0.0	1.0	0.0	0.0	1.0	0.0	1.0	1.0
5080.0	5160.1	5080.0	5160.0	5080.1	5160.0	5080.1	5160.1
R8	0.5	0.5	4.9528958835969235	2
0.0	1.0	0.0	0.0	1.0	0.0	1.0	1.0
5090.0	5160.1	5090.0	5160.0	5090.1	5160.0	5090.1	5160.1
R7	0.5	0.5	4.75968625450589	2
0.0	1.0	0.0	0.0	1.0	0.0	1.0	1.0
5100.0	5160.1	5100.0	5160.0	5100.1	5160.0	5100.1	5160.1
R6	0.5	0.5	4.764488331703649	2
0.0	1.0	0.0	0.0	1.0	0.0	1.0	1.0
5110.0	5160.1	5110.0	5160.0	5110.1	5160.0	5110.1	5160.1
R5	0.5	0.5	4.655449380365843	2
0.0	1.0	0.0	0.0	1.0	0.0	1.0	1.0
5120.0	5160.1	5120.0	5160.0	5120.1	5160.0	5120.1	5160.1
R4	0.5	0.5	5.449977021876644	2
0.0	1.0	0.0	0.0	1.0	0.0	1.0	1.0
5130.0	5160.1	5130.0	5160.0	5130.1	5160.0	5130.1	5160.1
R3	0.5	0.5	4.811614839639883	2
0.0	1.0	0.0	0.0	1.0	0.0	1.0	1.0
5140.0	5160.1	5140.0	5160.0	5140.1	5160.0	5140.1	5160.1
R2	0.5	0.5	4.794508993145868	2
0.0	1.0	0.0	0.0	1.0	0.0	1.0	1.0
5150.0	5160.1	5150.0	5160.0	5150.1	5160.0	5150.1	5160.1
R1	0.5	0.5	5.0405488514135355	2
0.0	1.0	0.0	0.0	1.0	0.0	1.0	1.0
5160.0	5160.1	5160.0	5160.0	5160.1	5160.0	5160.1	5160.1
