R256	1.0	0.0	0.5285509204116053	1
1.0	0.0	0.0	1.0	0.0	0.0
R255	0.0	1.0	0.13200290952901242	1
0.0	1.0	1.0	1.0	1.0	0.0
R254	1.0	1.0	0.6506089401927754	1
1.0	1.0	0.0	2.0	0.0	1.0
R253	0.0	2.0	0.07334749489401327	1
0.0	2.0	1.0	2.0	1.0	1.0
R252	1.0	2.0	0.8673298334233733	1
1.0	2.0	0.0	3.0	0.0	2.0
R251	0.0	3.0	0.17994645094131578	1
0.0	3.0	1.0	3.0	1.0	2.0
R250	1.0	3.0	1.725462379397055	1
1.0	3.0	0.0	4.0	0.0	3.0
R249	0.0	4.0	0.12879012182350505	1
0.0	4.0	1.0	4.0	1.0	3.0
R248	1.0	4.0	1.3344661329288894	1
1.0	4.0	0.0	5.0	0.0	4.0
R247	0.0	5.0	0.07206531906134424	1
0.0	5.0	1.0	5.0	1.0	4.0
R246	1.0	5.0	1.019360999747075	1
1.0	5.0	0.0	6.0	0.0	5.0
R245	0.0	6.0	0.08891320230433576	1
0.0	6.0	1.0	6.0	1.0	5.0
R244	1.0	6.0	0.8491516689434708	1
1.0	6.0	0.0	7.0	0.0	6.0
R243	0.0	7.0	0.14020154033115736	1
0.0	7.0	1.0	7.0	1.0	6.0
R242	1.0	7.0	1.0486595899669315	1
1.0	7.0	0.0	8.0	0.0	7.0
R241	0.0	8.0	0.0984404347607126	1
0.0	8.0	1.0	8.0	1.0	7.0
R240	1.0	8.0	0.7339525017183316	1
1.0	8.0	0.0	9.0	0.0	8.0
R239	0.0	9.0	0.12308131774901933	1
0.0	9.0	1.0	9.0	1.0	8.0
R238	1.0	9.0	1.7484091313616354	1
1.0	9.0	0.0	10.0	0.0	9.0
R237	0.0	10.0	0.17327724566224628	1
0.0	10.0	1.0	10.0	1.0	9.0
R236	1.0	10.0	1.0653988822850367	1
1.0	10.0	0.0	11.0	0.0	10.0
R235	0.0	11.0	0.1761679797930567	1
0.0	11.0	1.0	11.0	1.0	10.0
R234	1.0	11.0	0.6864230184754648	1
1.0	11.0	0.0	12.0	0.0	11.0
R233	0.0	12.0	0.12852496512189007	1
0.0	12.0	1.0	12.0	1.0	11.0
R232	1.0	12.0	1.3338973216767895	1
1.0	12.0	0.0	13.0	0.0	12.0
R231	0.0	13.0	0.06950623747419671	1
0.0	13.0	1.0	13.0	1.0	12.0
R230	1.0	13.0	0.8983216502550818	1
1.0	13.0	0.0	14.0	0.0	13.0
R229	0.0	14.0	0.1629058722561754	1
0.0	14.0	1.0	14.0	1.0	13.0
R228	1.0	14.0	1.419859271814011	1
1.0	14.0	0.0	15.0	0.0	14.0
R227	0.0	15.0	0.07093168796961904	1
0.0	15.0	1.0	15.0	1.0	14.0
R226	1.0	15.0	1.6080441967375936	1
1.0	15.0	0.0	16.0	0.0	15.0
R225	0.0	16.0	0.18972222749851755	1
0.0	16.0	1.0	16.0	1.0	15.0
R224	1.0	16.0	1.3358622457931721	1
1.0	16.0	0.0	17.0	0.0	16.0
R223	0.0	17.0	0.1877519531746629	1
0.0	17.0	1.0	17.0	1.0	16.0
R222	1.0	17.0	1.7904533360875885	1
1.0	17.0	0.0	18.0	0.0	17.0
R221	0.0	18.0	0.10442331672897531	1
0.0	18.0	1.0	18.0	1.0	17.0
R220	1.0	18.0	1.5135163108480238	1
1.0	18.0	0.0	19.0	0.0	18.0
R219	0.0	19.0	0.051675739499890225	1
0.0	19.0	1.0	19.0	1.0	18.0
R218	1.0	19.0	1.535737129737206	1
1.0	19.0	0.0	20.0	0.0	19.0
R217	0.0	20.0	0.1397434432992913	1
0.0	20.0	1.0	20.0	1.0	19.0
R216	1.0	20.0	1.5285031011381438	1
1.0	20.0	0.0	21.0	0.0	20.0
R215	0.0	21.0	0.12937358097091628	1
0.0	21.0	1.0	21.0	1.0	20.0
R214	1.0	21.0	0.7893241743278473	1
1.0	21.0	0.0	22.0	0.0	21.0
R213	0.0	22.0	0.18119981577994737	1
0.0	22.0	1.0	22.0	1.0	21.0
R212	1.0	22.0	1.607988032583477	1
1.0	22.0	0.0	23.0	0.0	22.0
R211	0.0	23.0	0.17459889787739935	1
0.0	23.0	1.0	23.0	1.0	22.0
R210	1.0	23.0	1.7659800748300332	1
1.0	23.0	0.0	24.0	0.0	23.0
R209	0.0	24.0	0.14850299950371834	1
0.0	24.0	1.0	24.0	1.0	23.0
R208	1.0	24.0	1.0512756171066047	1
1.0	24.0	0.0	25.0	0.0	24.0
R207	0.0	25.0	0.15728042879677037	1
0.0	25.0	1.0	25.0	1.0	24.0
R206	1.0	25.0	1.2726417038126039	1
1.0	25.0	0.0	26.0	0.0	25.0
R205	0.0	26.0	0.09213382756212159	1
0.0	26.0	1.0	26.0	1.0	25.0
R204	1.0	26.0	1.317185183437743	1
1.0	26.0	0.0	27.0	0.0	26.0
R203	0.0	27.0	0.06041705914166509	1
0.0	27.0	1.0	27.0	1.0	26.0
R202	1.0	27.0	1.4213722767859935	1
1.0	27.0	0.0	28.0	0.0	27.0
R201	0.0	28.0	0.05897922524847975	1
0.0	28.0	1.0	28.0	1.0	27.0
R200	1.0	28.0	0.9401695740993272	1
1.0	28.0	0.0	29.0	0.0	28.0
R199	0.0	29.0	0.17696344257231608	1
0.0	29.0	1.0	29.0	1.0	28.0
R198	1.0	29.0	1.6715834942306138	1
1.0	29.0	0.0	30.0	0.0	29.0
R197	0.0	30.0	0.1964956732488225	1
0.0	30.0	1.0	30.0	1.0	29.0
R196	1.0	30.0	1.0316815578387737	1
1.0	30.0	0.0	31.0	0.0	30.0
R195	0.0	31.0	0.0661897513737382	1
0.0	31.0	1.0	31.0	1.0	30.0
R194	1.0	31.0	0.7593721446842783	1
1.0	31.0	0.0	32.0	0.0	31.0
R193	0.0	32.0	0.09138267047238105	1
0.0	32.0	1.0	32.0	1.0	31.0
R192	1.0	32.0	1.0537129202640227	1
1.0	32.0	0.0	33.0	0.0	32.0
R191	0.0	33.0	0.14223132446165054	1
0.0	33.0	1.0	33.0	1.0	32.0
R190	1.0	33.0	1.6514579318505502	1
1.0	33.0	0.0	34.0	0.0	33.0
R189	0.0	34.0	0.1761997249250354	1
0.0	34.0	1.0	34.0	1.0	33.0
R188	1.0	34.0	0.6177879841307008	1
1.0	34.0	0.0	35.0	0.0	34.0
R187	0.0	35.0	0.06671390034519778	1
0.0	35.0	1.0	35.0	1.0	34.0
R186	1.0	35.0	1.7517844882313864	1
1.0	35.0	0.0	36.0	0.0	35.0
R185	0.0	36.0	0.08574905799345815	1
0.0	36.0	1.0	36.0	1.0	35.0
R184	1.0	36.0	0.6149889378043885	1
1.0	36.0	0.0	37.0	0.0	36.0
R183	0.0	37.0	0.052447498081399854	1
0.0	37.0	1.0	37.0	1.0	36.0
R182	1.0	37.0	0.6403597869332963	1
1.0	37.0	0.0	38.0	0.0	37.0
R181	0.0	38.0	0.15437242545041907	1
0.0	38.0	1.0	38.0	1.0	37.0
R180	1.0	38.0	1.0708226432871928	1
1.0	38.0	0.0	39.0	0.0	38.0
R179	0.0	39.0	0.156227047641896	1
0.0	39.0	1.0	39.0	1.0	38.0
R178	1.0	39.0	1.2363637320215992	1
1.0	39.0	0.0	40.0	0.0	39.0
R177	0.0	40.0	0.0655741010671665	1
0.0	40.0	1.0	40.0	1.0	39.0
R176	1.0	40.0	0.7929077550203159	1
1.0	40.0	0.0	41.0	0.0	40.0
R175	0.0	41.0	0.19576011620142394	1
0.0	41.0	1.0	41.0	1.0	40.0
R174	1.0	41.0	1.0509379063105986	1
1.0	41.0	0.0	42.0	0.0	41.0
R173	0.0	42.0	0.09658321639323426	1
0.0	42.0	1.0	42.0	1.0	41.0
R172	1.0	42.0	1.6395697433067562	1
1.0	42.0	0.0	43.0	0.0	42.0
R171	0.0	43.0	0.11866220143701697	1
0.0	43.0	1.0	43.0	1.0	42.0
R170	1.0	43.0	0.6294005945524191	1
1.0	43.0	0.0	44.0	0.0	43.0
R169	0.0	44.0	0.1426073924444216	1
0.0	44.0	1.0	44.0	1.0	43.0
R168	1.0	44.0	1.3334750341307173	1
1.0	44.0	0.0	45.0	0.0	44.0
R167	0.0	45.0	0.080317295862015	1
0.0	45.0	1.0	45.0	1.0	44.0
R166	1.0	45.0	0.5278922991749343	1
1.0	45.0	0.0	46.0	0.0	45.0
R165	0.0	46.0	0.10860567421066725	1
0.0	46.0	1.0	46.0	1.0	45.0
R164	1.0	46.0	1.476418758242416	1
1.0	46.0	0.0	47.0	0.0	46.0
R163	0.0	47.0	0.10219650288198394	1
0.0	47.0	1.0	47.0	1.0	46.0
R162	1.0	47.0	1.1756589191739324	1
1.0	47.0	0.0	48.0	0.0	47.0
R161	0.0	48.0	0.0704225424497871	1
0.0	48.0	1.0	48.0	1.0	47.0
R160	1.0	48.0	1.139299925646572	1
1.0	48.0	0.0	49.0	0.0	48.0
R159	0.0	49.0	0.08295978427208624	1
0.0	49.0	1.0	49.0	1.0	48.0
R158	1.0	49.0	1.0913179897374243	1
1.0	49.0	0.0	50.0	0.0	49.0
R157	0.0	50.0	0.08207592071653246	1
0.0	50.0	1.0	50.0	1.0	49.0
R156	1.0	50.0	1.7051762245650985	1
1.0	50.0	0.0	51.0	0.0	50.0
R155	0.0	51.0	0.1713359229349796	1
0.0	51.0	1.0	51.0	1.0	50.0
R154	1.0	51.0	1.2995304153582812	1
1.0	51.0	0.0	52.0	0.0	51.0
R153	0.0	52.0	0.1418807106312876	1
0.0	52.0	1.0	52.0	1.0	51.0
R152	1.0	52.0	0.8830839224098714	1
1.0	52.0	0.0	53.0	0.0	52.0
R151	0.0	53.0	0.1323832057674643	1
0.0	53.0	1.0	53.0	1.0	52.0
R150	1.0	53.0	1.283512311359894	1
1.0	53.0	0.0	54.0	0.0	53.0
R149	0.0	54.0	0.1769156337163372	1
0.0	54.0	1.0	54.0	1.0	53.0
R148	1.0	54.0	1.436042696086229	1
1.0	54.0	0.0	55.0	0.0	54.0
R147	0.0	55.0	0.19727813795041418	1
0.0	55.0	1.0	55.0	1.0	54.0
R146	1.0	55.0	0.808774269041873	1
1.0	55.0	0.0	56.0	0.0	55.0
R145	0.0	56.0	0.06310481914326528	1
0.0	56.0	1.0	56.0	1.0	55.0
R144	1.0	56.0	0.678333599253329	1
1.0	56.0	0.0	57.0	0.0	56.0
R143	0.0	57.0	0.1312621256038067	1
0.0	57.0	1.0	57.0	1.0	56.0
R142	1.0	57.0	1.2143632471584447	1
1.0	57.0	0.0	58.0	0.0	57.0
R141	0.0	58.0	0.066886700381364	1
0.0	58.0	1.0	58.0	1.0	57.0
R140	1.0	58.0	0.49474659868177256	1
1.0	58.0	0.0	59.0	0.0	58.0
R139	0.0	59.0	0.08479578655564853	1
0.0	59.0	1.0	59.0	1.0	58.0
R138	1.0	59.0	0.8397084248895457	1
1.0	59.0	0.0	60.0	0.0	59.0
R137	0.0	60.0	0.12408151306507358	1
0.0	60.0	1.0	60.0	1.0	59.0
R136	1.0	60.0	1.0180389216879526	1
1.0	60.0	0.0	61.0	0.0	60.0
R135	0.0	61.0	0.10932807751049557	1
0.0	61.0	1.0	61.0	1.0	60.0
R134	1.0	61.0	0.7879361052399507	1
1.0	61.0	0.0	62.0	0.0	61.0
R133	0.0	62.0	0.16214481353724974	1
0.0	62.0	1.0	62.0	1.0	61.0
R132	1.0	62.0	1.7203274754021047	1
1.0	62.0	0.0	63.0	0.0	62.0
R131	0.0	63.0	0.07138233995733756	1
0.0	63.0	1.0	63.0	1.0	62.0
R130	1.0	63.0	0.9202205352365501	1
1.0	63.0	0.0	64.0	0.0	63.0
R129	0.0	64.0	0.1735081546994397	1
0.0	64.0	1.0	64.0	1.0	63.0
R128	1.0	64.0	0.6795593954351898	1
1.0	64.0	0.0	65.0	0.0	64.0
R127	0.0	65.0	0.08689375613483137	1
0.0	65.0	1.0	65.0	1.0	64.0
R126	1.0	65.0	1.4303750372159088	1
1.0	65.0	0.0	66.0	0.0	65.0
R125	0.0	66.0	0.11015916184466541	1
0.0	66.0	1.0	66.0	1.0	65.0
R124	1.0	66.0	0.6235607957161443	1
1.0	66.0	0.0	67.0	0.0	66.0
R123	0.0	67.0	0.12190267085705798	1
0.0	67.0	1.0	67.0	1.0	66.0
R122	1.0	67.0	1.6144650265176375	1
1.0	67.0	0.0	68.0	0.0	67.0
R121	0.0	68.0	0.19300200310749605	1
0.0	68.0	1.0	68.0	1.0	67.0
R120	1.0	68.0	0.48146043423233276	1
1.0	68.0	0.0	69.0	0.0	68.0
R119	0.0	69.0	0.11581558053499161	1
0.0	69.0	1.0	69.0	1.0	68.0
R118	1.0	69.0	1.726737603458881	1
1.0	69.0	0.0	70.0	0.0	69.0
R117	0.0	70.0	0.11386536540849246	1
0.0	70.0	1.0	70.0	1.0	69.0
R116	1.0	70.0	0.4855161053359848	1
1.0	70.0	0.0	71.0	0.0	70.0
R115	0.0	71.0	0.17949063246726857	1
0.0	71.0	1.0	71.0	1.0	70.0
R114	1.0	71.0	1.3006138655494737	1
1.0	71.0	0.0	72.0	0.0	71.0
R113	0.0	72.0	0.15328872175557656	1
0.0	72.0	1.0	72.0	1.0	71.0
R112	1.0	72.0	0.515541805338254	1
1.0	72.0	0.0	73.0	0.0	72.0
R111	0.0	73.0	0.10238677732448613	1
0.0	73.0	1.0	73.0	1.0	72.0
R110	1.0	73.0	0.6618785618225912	1
1.0	73.0	0.0	74.0	0.0	73.0
R109	0.0	74.0	0.14341889161213123	1
0.0	74.0	1.0	74.0	1.0	73.0
R108	1.0	74.0	0.8632415654411543	1
1.0	74.0	0.0	75.0	0.0	74.0
R107	0.0	75.0	0.07093572721933106	1
0.0	75.0	1.0	75.0	1.0	74.0
R106	1.0	75.0	1.620527989448146	1
1.0	75.0	0.0	76.0	0.0	75.0
R105	0.0	76.0	0.17248748958294582	1
0.0	76.0	1.0	76.0	1.0	75.0
R104	1.0	76.0	1.7648005804595783	1
1.0	76.0	0.0	77.0	0.0	76.0
R103	0.0	77.0	0.10415321980142533	1
0.0	77.0	1.0	77.0	1.0	76.0
R102	1.0	77.0	0.8980007111344197	1
1.0	77.0	0.0	78.0	0.0	77.0
R101	0.0	78.0	0.10541613288818937	1
0.0	78.0	1.0	78.0	1.0	77.0
R100	1.0	78.0	0.9570660039602829	1
1.0	78.0	0.0	79.0	0.0	78.0
R99	0.0	79.0	0.1523011174225246	1
0.0	79.0	1.0	79.0	1.0	78.0
R98	1.0	79.0	1.377716810557155	1
1.0	79.0	0.0	80.0	0.0	79.0
R97	0.0	80.0	0.08410984160175075	1
0.0	80.0	1.0	80.0	1.0	79.0
R96	1.0	80.0	1.7555709041471343	1
1.0	80.0	0.0	81.0	0.0	80.0
R95	0.0	81.0	0.18014415266635153	1
0.0	81.0	1.0	81.0	1.0	80.0
R94	1.0	81.0	0.8089899217183127	1
1.0	81.0	0.0	82.0	0.0	81.0
R93	0.0	82.0	0.1709503108141981	1
0.0	82.0	1.0	82.0	1.0	81.0
R92	1.0	82.0	1.5815114573213254	1
1.0	82.0	0.0	83.0	0.0	82.0
R91	0.0	83.0	0.06801516363655574	1
0.0	83.0	1.0	83.0	1.0	82.0
R90	1.0	83.0	0.8474528909253504	1
1.0	83.0	0.0	84.0	0.0	83.0
R89	0.0	84.0	0.1098894238138074	1
0.0	84.0	1.0	84.0	1.0	83.0
R88	1.0	84.0	1.2295822731280739	1
1.0	84.0	0.0	85.0	0.0	84.0
R87	0.0	85.0	0.11151005542575744	1
0.0	85.0	1.0	85.0	1.0	84.0
R86	1.0	85.0	0.7791511080204857	1
1.0	85.0	0.0	86.0	0.0	85.0
R85	0.0	86.0	0.051369405008411674	1
0.0	86.0	1.0	86.0	1.0	85.0
R84	1.0	86.0	0.6193081400491098	1
1.0	86.0	0.0	87.0	0.0	86.0
R83	0.0	87.0	0.08417861225880656	1
0.0	87.0	1.0	87.0	1.0	86.0
R82	1.0	87.0	1.0004088657868369	1
1.0	87.0	0.0	88.0	0.0	87.0
R81	0.0	88.0	0.17005990590215822	1
0.0	88.0	1.0	88.0	1.0	87.0
R80	1.0	88.0	1.3591790510131376	1
1.0	88.0	0.0	89.0	0.0	88.0
R79	0.0	89.0	0.09705975955640889	1
0.0	89.0	1.0	89.0	1.0	88.0
R78	1.0	89.0	1.0114629897340894	1
1.0	89.0	0.0	90.0	0.0	89.0
R77	0.0	90.0	0.09810329244849174	1
0.0	90.0	1.0	90.0	1.0	89.0
R76	1.0	90.0	1.4755039656672315	1
1.0	90.0	0.0	91.0	0.0	90.0
R75	0.0	91.0	0.19432973096511943	1
0.0	91.0	1.0	91.0	1.0	90.0
R74	1.0	91.0	1.3786839016896995	1
1.0	91.0	0.0	92.0	0.0	91.0
R73	0.0	92.0	0.05119816160367713	1
0.0	92.0	1.0	92.0	1.0	91.0
R72	1.0	92.0	1.0664431029518466	1
1.0	92.0	0.0	93.0	0.0	92.0
R71	0.0	93.0	0.11568909376175059	1
0.0	93.0	1.0	93.0	1.0	92.0
R70	1.0	93.0	0.8279680846884175	1
1.0	93.0	0.0	94.0	0.0	93.0
R69	0.0	94.0	0.09042731245193883	1
0.0	94.0	1.0	94.0	1.0	93.0
R68	1.0	94.0	1.7361608479732942	1
1.0	94.0	0.0	95.0	0.0	94.0
R67	0.0	95.0	0.18340946544911638	1
0.0	95.0	1.0	95.0	1.0	94.0
R66	1.0	95.0	0.7005869195998339	1
1.0	95.0	0.0	96.0	0.0	95.0
R65	0.0	96.0	0.13924997474928869	1
0.0	96.0	1.0	96.0	1.0	95.0
R64	1.0	96.0	1.6444618824020314	1
1.0	96.0	0.0	97.0	0.0	96.0
R63	0.0	97.0	0.1851931444558353	1
0.0	97.0	1.0	97.0	1.0	96.0
R62	1.0	97.0	1.6824158704233794	1
1.0	97.0	0.0	98.0	0.0	97.0
R61	0.0	98.0	0.16252939041447945	1
0.0	98.0	1.0	98.0	1.0	97.0
R60	1.0	98.0	1.1236299765525062	1
1.0	98.0	0.0	99.0	0.0	98.0
R59	0.0	99.0	0.12316888592399922	1
0.0	99.0	1.0	99.0	1.0	98.0
R58	1.0	99.0	0.5580437378690417	1
1.0	99.0	0.0	100.0	0.0	99.0
R57	0.0	100.0	0.06285540658258376	1
0.0	100.0	1.0	100.0	1.0	99.0
R56	1.0	100.0	0.566483985344169	1
1.0	100.0	0.0	101.0	0.0	100.0
R55	0.0	101.0	0.1844543979829451	1
0.0	101.0	1.0	101.0	1.0	100.0
R54	1.0	101.0	1.5927757488222096	1
1.0	101.0	0.0	102.0	0.0	101.0
R53	0.0	102.0	0.1087479634849476	1
0.0	102.0	1.0	102.0	1.0	101.0
R52	1.0	102.0	0.6778983056569164	1
1.0	102.0	0.0	103.0	0.0	102.0
R51	0.0	103.0	0.059761071710164815	1
0.0	103.0	1.0	103.0	1.0	102.0
R50	1.0	103.0	0.7579951944028476	1
1.0	103.0	0.0	104.0	0.0	103.0
R49	0.0	104.0	0.12959104993337092	1
0.0	104.0	1.0	104.0	1.0	103.0
R48	1.0	104.0	1.2562045141652185	1
1.0	104.0	0.0	105.0	0.0	104.0
R47	0.0	105.0	0.1934989332922027	1
0.0	105.0	1.0	105.0	1.0	104.0
R46	1.0	105.0	1.4387371371678241	1
1.0	105.0	0.0	106.0	0.0	105.0
R45	0.0	106.0	0.09334783121458616	1
0.0	106.0	1.0	106.0	1.0	105.0
R44	1.0	106.0	0.530998420140447	1
1.0	106.0	0.0	107.0	0.0	106.0
R43	0.0	107.0	0.09175963419976807	1
0.0	107.0	1.0	107.0	1.0	106.0
R42	1.0	107.0	0.8466536543742986	1
1.0	107.0	0.0	108.0	0.0	107.0
R41	0.0	108.0	0.1252463270911011	1
0.0	108.0	1.0	108.0	1.0	107.0
R40	1.0	108.0	1.1299223771835523	1
1.0	108.0	0.0	109.0	0.0	108.0
R39	0.0	109.0	0.0934128254045682	1
0.0	109.0	1.0	109.0	1.0	108.0
R38	1.0	109.0	0.7068141548333543	1
1.0	109.0	0.0	110.0	0.0	109.0
R37	0.0	110.0	0.1287012201803774	1
0.0	110.0	1.0	110.0	1.0	109.0
R36	1.0	110.0	1.2789737460033432	1
1.0	110.0	0.0	111.0	0.0	110.0
R35	0.0	111.0	0.12434606563711538	1
0.0	111.0	1.0	111.0	1.0	110.0
R34	1.0	111.0	1.0929849527609172	1
1.0	111.0	0.0	112.0	0.0	111.0
R33	0.0	112.0	0.13375104242607253	1
0.0	112.0	1.0	112.0	1.0	111.0
R32	1.0	112.0	1.5588118157482531	1
1.0	112.0	0.0	113.0	0.0	112.0
R31	0.0	113.0	0.05561096974224151	1
0.0	113.0	1.0	113.0	1.0	112.0
R30	1.0	113.0	1.103171595300384	1
1.0	113.0	0.0	114.0	0.0	113.0
R29	0.0	114.0	0.07324112415303813	1
0.0	114.0	1.0	114.0	1.0	113.0
R28	1.0	114.0	0.7933918224418072	1
1.0	114.0	0.0	115.0	0.0	114.0
R27	0.0	115.0	0.12290808606634418	1
0.0	115.0	1.0	115.0	1.0	114.0
R26	1.0	115.0	0.5952829265939693	1
1.0	115.0	0.0	116.0	0.0	115.0
R25	0.0	116.0	0.12287137230785665	1
0.0	116.0	1.0	116.0	1.0	115.0
R24	1.0	116.0	1.3870501742432493	1
1.0	116.0	0.0	117.0	0.0	116.0
R23	0.0	117.0	0.13745052230306537	1
0.0	117.0	1.0	117.0	1.0	116.0
R22	1.0	117.0	1.6917899846387896	1
1.0	117.0	0.0	118.0	0.0	117.0
R21	0.0	118.0	0.13805420769170107	1
0.0	118.0	1.0	118.0	1.0	117.0
R20	1.0	118.0	1.6018972509165055	1
1.0	118.0	0.0	119.0	0.0	118.0
R19	0.0	119.0	0.07679121053047085	1
0.0	119.0	1.0	119.0	1.0	118.0
R18	1.0	119.0	1.3122039181205907	1
1.0	119.0	0.0	120.0	0.0	119.0
R17	0.0	120.0	0.17829145084225903	1
0.0	120.0	1.0	120.0	1.0	119.0
R16	1.0	120.0	0.779044054055307	1
1.0	120.0	0.0	121.0	0.0	120.0
R15	0.0	121.0	0.0886811132233565	1
0.0	121.0	1.0	121.0	1.0	120.0
R14	1.0	121.0	0.6030860439852098	1
1.0	121.0	0.0	122.0	0.0	121.0
R13	0.0	122.0	0.1284804118494283	1
0.0	122.0	1.0	122.0	1.0	121.0
R12	1.0	122.0	1.104796645862645	1
1.0	122.0	0.0	123.0	0.0	122.0
R11	0.0	123.0	0.1214456719928888	1
0.0	123.0	1.0	123.0	1.0	122.0
R10	1.0	123.0	1.507128152310833	1
1.0	123.0	0.0	124.0	0.0	123.0
R9	0.0	124.0	0.1561977887380226	1
0.0	124.0	1.0	124.0	1.0	123.0
R8	1.0	124.0	0.6564964602750911	1
1.0	124.0	0.0	125.0	0.0	124.0
R7	0.0	125.0	0.06072406335695878	1
0.0	125.0	1.0	125.0	1.0	124.0
R6	1.0	125.0	1.1456069304762124	1
1.0	125.0	0.0	126.0	0.0	125.0
R5	0.0	126.0	0.18458646381737173	1
0.0	126.0	1.0	126.0	1.0	125.0
R4	1.0	126.0	0.6821683391413788	1
1.0	126.0	0.0	127.0	0.0	126.0
R3	0.0	127.0	0.10471095894577294	1
0.0	127.0	1.0	127.0	1.0	126.0
R2	1.0	127.0	1.5822154000850277	1
1.0	127.0	0.0	128.0	0.0	127.0
R1	0.0	128.0	0.1119836804718269	1
0.0	128.0	1.0	128.0	1.0	127.0
