R256	1.0	0.0	0.9	1
1.0	0.0	0.0	1.0	0.0	0.0
R255	0.0	1.0	0.09999999999999998	1
0.0	1.0	1.0	1.0	1.0	0.0
R254	1.0	1.0	0.9	1
1.0	1.0	0.0	2.0	0.0	1.0
R253	0.0	2.0	0.09999999999999998	1
0.0	2.0	1.0	2.0	1.0	1.0
R252	1.0	2.0	0.9	1
1.0	2.0	0.0	3.0	0.0	2.0
R251	0.0	3.0	0.09999999999999998	1
0.0	3.0	1.0	3.0	1.0	2.0
R250	1.0	3.0	0.9	1
1.0	3.0	0.0	4.0	0.0	3.0
R249	0.0	4.0	0.09999999999999998	1
0.0	4.0	1.0	4.0	1.0	3.0
R248	1.0	4.0	0.9	1
1.0	4.0	0.0	5.0	0.0	4.0
R247	0.0	5.0	0.09999999999999998	1
0.0	5.0	1.0	5.0	1.0	4.0
R246	1.0	5.0	0.9	1
1.0	5.0	0.0	6.0	0.0	5.0
R245	0.0	6.0	0.09999999999999998	1
0.0	6.0	1.0	6.0	1.0	5.0
R244	1.0	6.0	0.9	1
1.0	6.0	0.0	7.0	0.0	6.0
R243	0.0	7.0	0.09999999999999998	1
0.0	7.0	1.0	7.0	1.0	6.0
R242	1.0	7.0	0.9	1
1.0	7.0	0.0	8.0	0.0	7.0
R241	0.0	8.0	0.09999999999999998	1
0.0	8.0	1.0	8.0	1.0	7.0
R240	1.0	8.0	0.9	1
1.0	8.0	0.0	9.0	0.0	8.0
R239	0.0	9.0	0.09999999999999998	1
0.0	9.0	1.0	9.0	1.0	8.0
R238	1.0	9.0	0.9	1
1.0	9.0	0.0	10.0	0.0	9.0
R237	0.0	10.0	0.09999999999999998	1
0.0	10.0	1.0	10.0	1.0	9.0
R236	1.0	10.0	0.9	1
1.0	10.0	0.0	11.0	0.0	10.0
R235	0.0	11.0	0.09999999999999998	1
0.0	11.0	1.0	11.0	1.0	10.0
R234	1.0	11.0	0.9	1
1.0	11.0	0.0	12.0	0.0	11.0
R233	0.0	12.0	0.09999999999999998	1
0.0	12.0	1.0	12.0	1.0	11.0
R232	1.0	12.0	0.9	1
1.0	12.0	0.0	13.0	0.0	12.0
R231	0.0	13.0	0.09999999999999998	1
0.0	13.0	1.0	13.0	1.0	12.0
R230	1.0	13.0	0.9	1
1.0	13.0	0.0	14.0	0.0	13.0
R229	0.0	14.0	0.09999999999999998	1
0.0	14.0	1.0	14.0	1.0	13.0
R228	1.0	14.0	0.9	1
1.0	14.0	0.0	15.0	0.0	14.0
R227	0.0	15.0	0.09999999999999998	1
0.0	15.0	1.0	15.0	1.0	14.0
R226	1.0	15.0	0.9	1
1.0	15.0	0.0	16.0	0.0	15.0
R225	0.0	16.0	0.09999999999999998	1
0.0	16.0	1.0	16.0	1.0	15.0
R224	1.0	16.0	0.9	1
1.0	16.0	0.0	17.0	0.0	16.0
R223	0.0	17.0	0.09999999999999998	1
0.0	17.0	1.0	17.0	1.0	16.0
R222	1.0	17.0	0.9	1
1.0	17.0	0.0	18.0	0.0	17.0
R221	0.0	18.0	0.09999999999999998	1
0.0	18.0	1.0	18.0	1.0	17.0
R220	1.0	18.0	0.9	1
1.0	18.0	0.0	19.0	0.0	18.0
R219	0.0	19.0	0.09999999999999998	1
0.0	19.0	1.0	19.0	1.0	18.0
R218	1.0	19.0	0.9	1
1.0	19.0	0.0	20.0	0.0	19.0
R217	0.0	20.0	0.09999999999999998	1
0.0	20.0	1.0	20.0	1.0	19.0
R216	1.0	20.0	0.9	1
1.0	20.0	0.0	21.0	0.0	20.0
R215	0.0	21.0	0.09999999999999998	1
0.0	21.0	1.0	21.0	1.0	20.0
R214	1.0	21.0	0.9	1
1.0	21.0	0.0	22.0	0.0	21.0
R213	0.0	22.0	0.09999999999999998	1
0.0	22.0	1.0	22.0	1.0	21.0
R212	1.0	22.0	0.9	1
1.0	22.0	0.0	23.0	0.0	22.0
R211	0.0	23.0	0.09999999999999998	1
0.0	23.0	1.0	23.0	1.0	22.0
R210	1.0	23.0	0.9	1
1.0	23.0	0.0	24.0	0.0	23.0
R209	0.0	24.0	0.09999999999999998	1
0.0	24.0	1.0	24.0	1.0	23.0
R208	1.0	24.0	0.9	1
1.0	24.0	0.0	25.0	0.0	24.0
R207	0.0	25.0	0.09999999999999998	1
0.0	25.0	1.0	25.0	1.0	24.0
R206	1.0	25.0	0.9	1
1.0	25.0	0.0	26.0	0.0	25.0
R205	0.0	26.0	0.09999999999999998	1
0.0	26.0	1.0	26.0	1.0	25.0
R204	1.0	26.0	0.9	1
1.0	26.0	0.0	27.0	0.0	26.0
R203	0.0	27.0	0.09999999999999998	1
0.0	27.0	1.0	27.0	1.0	26.0
R202	1.0	27.0	0.9	1
1.0	27.0	0.0	28.0	0.0	27.0
R201	0.0	28.0	0.09999999999999998	1
0.0	28.0	1.0	28.0	1.0	27.0
R200	1.0	28.0	0.9	1
1.0	28.0	0.0	29.0	0.0	28.0
R199	0.0	29.0	0.09999999999999998	1
0.0	29.0	1.0	29.0	1.0	28.0
R198	1.0	29.0	0.9	1
1.0	29.0	0.0	30.0	0.0	29.0
R197	0.0	30.0	0.09999999999999998	1
0.0	30.0	1.0	30.0	1.0	29.0
R196	1.0	30.0	0.9	1
1.0	30.0	0.0	31.0	0.0	30.0
R195	0.0	31.0	0.09999999999999998	1
0.0	31.0	1.0	31.0	1.0	30.0
R194	1.0	31.0	0.9	1
1.0	31.0	0.0	32.0	0.0	31.0
R193	0.0	32.0	0.09999999999999998	1
0.0	32.0	1.0	32.0	1.0	31.0
R192	1.0	32.0	0.9	1
1.0	32.0	0.0	33.0	0.0	32.0
R191	0.0	33.0	0.09999999999999998	1
0.0	33.0	1.0	33.0	1.0	32.0
R190	1.0	33.0	0.9	1
1.0	33.0	0.0	34.0	0.0	33.0
R189	0.0	34.0	0.09999999999999998	1
0.0	34.0	1.0	34.0	1.0	33.0
R188	1.0	34.0	0.9	1
1.0	34.0	0.0	35.0	0.0	34.0
R187	0.0	35.0	0.09999999999999998	1
0.0	35.0	1.0	35.0	1.0	34.0
R186	1.0	35.0	0.9	1
1.0	35.0	0.0	36.0	0.0	35.0
R185	0.0	36.0	0.09999999999999998	1
0.0	36.0	1.0	36.0	1.0	35.0
R184	1.0	36.0	0.9	1
1.0	36.0	0.0	37.0	0.0	36.0
R183	0.0	37.0	0.09999999999999998	1
0.0	37.0	1.0	37.0	1.0	36.0
R182	1.0	37.0	0.9	1
1.0	37.0	0.0	38.0	0.0	37.0
R181	0.0	38.0	0.09999999999999998	1
0.0	38.0	1.0	38.0	1.0	37.0
R180	1.0	38.0	0.9	1
1.0	38.0	0.0	39.0	0.0	38.0
R179	0.0	39.0	0.09999999999999998	1
0.0	39.0	1.0	39.0	1.0	38.0
R178	1.0	39.0	0.9	1
1.0	39.0	0.0	40.0	0.0	39.0
R177	0.0	40.0	0.09999999999999998	1
0.0	40.0	1.0	40.0	1.0	39.0
R176	1.0	40.0	0.9	1
1.0	40.0	0.0	41.0	0.0	40.0
R175	0.0	41.0	0.09999999999999998	1
0.0	41.0	1.0	41.0	1.0	40.0
R174	1.0	41.0	0.9	1
1.0	41.0	0.0	42.0	0.0	41.0
R173	0.0	42.0	0.09999999999999998	1
0.0	42.0	1.0	42.0	1.0	41.0
R172	1.0	42.0	0.9	1
1.0	42.0	0.0	43.0	0.0	42.0
R171	0.0	43.0	0.09999999999999998	1
0.0	43.0	1.0	43.0	1.0	42.0
R170	1.0	43.0	0.9	1
1.0	43.0	0.0	44.0	0.0	43.0
R169	0.0	44.0	0.09999999999999998	1
0.0	44.0	1.0	44.0	1.0	43.0
R168	1.0	44.0	0.9	1
1.0	44.0	0.0	45.0	0.0	44.0
R167	0.0	45.0	0.09999999999999998	1
0.0	45.0	1.0	45.0	1.0	44.0
R166	1.0	45.0	0.9	1
1.0	45.0	0.0	46.0	0.0	45.0
R165	0.0	46.0	0.09999999999999998	1
0.0	46.0	1.0	46.0	1.0	45.0
R164	1.0	46.0	0.9	1
1.0	46.0	0.0	47.0	0.0	46.0
R163	0.0	47.0	0.09999999999999998	1
0.0	47.0	1.0	47.0	1.0	46.0
R162	1.0	47.0	0.9	1
1.0	47.0	0.0	48.0	0.0	47.0
R161	0.0	48.0	0.09999999999999998	1
0.0	48.0	1.0	48.0	1.0	47.0
R160	1.0	48.0	0.9	1
1.0	48.0	0.0	49.0	0.0	48.0
R159	0.0	49.0	0.09999999999999998	1
0.0	49.0	1.0	49.0	1.0	48.0
R158	1.0	49.0	0.9	1
1.0	49.0	0.0	50.0	0.0	49.0
R157	0.0	50.0	0.09999999999999998	1
0.0	50.0	1.0	50.0	1.0	49.0
R156	1.0	50.0	0.9	1
1.0	50.0	0.0	51.0	0.0	50.0
R155	0.0	51.0	0.09999999999999998	1
0.0	51.0	1.0	51.0	1.0	50.0
R154	1.0	51.0	0.9	1
1.0	51.0	0.0	52.0	0.0	51.0
R153	0.0	52.0	0.09999999999999998	1
0.0	52.0	1.0	52.0	1.0	51.0
R152	1.0	52.0	0.9	1
1.0	52.0	0.0	53.0	0.0	52.0
R151	0.0	53.0	0.09999999999999998	1
0.0	53.0	1.0	53.0	1.0	52.0
R150	1.0	53.0	0.9	1
1.0	53.0	0.0	54.0	0.0	53.0
R149	0.0	54.0	0.09999999999999998	1
0.0	54.0	1.0	54.0	1.0	53.0
R148	1.0	54.0	0.9	1
1.0	54.0	0.0	55.0	0.0	54.0
R147	0.0	55.0	0.09999999999999998	1
0.0	55.0	1.0	55.0	1.0	54.0
R146	1.0	55.0	0.9	1
1.0	55.0	0.0	56.0	0.0	55.0
R145	0.0	56.0	0.09999999999999998	1
0.0	56.0	1.0	56.0	1.0	55.0
R144	1.0	56.0	0.9	1
1.0	56.0	0.0	57.0	0.0	56.0
R143	0.0	57.0	0.09999999999999998	1
0.0	57.0	1.0	57.0	1.0	56.0
R142	1.0	57.0	0.9	1
1.0	57.0	0.0	58.0	0.0	57.0
R141	0.0	58.0	0.09999999999999998	1
0.0	58.0	1.0	58.0	1.0	57.0
R140	1.0	58.0	0.9	1
1.0	58.0	0.0	59.0	0.0	58.0
R139	0.0	59.0	0.09999999999999998	1
0.0	59.0	1.0	59.0	1.0	58.0
R138	1.0	59.0	0.9	1
1.0	59.0	0.0	60.0	0.0	59.0
R137	0.0	60.0	0.09999999999999998	1
0.0	60.0	1.0	60.0	1.0	59.0
R136	1.0	60.0	0.9	1
1.0	60.0	0.0	61.0	0.0	60.0
R135	0.0	61.0	0.09999999999999998	1
0.0	61.0	1.0	61.0	1.0	60.0
R134	1.0	61.0	0.9	1
1.0	61.0	0.0	62.0	0.0	61.0
R133	0.0	62.0	0.09999999999999998	1
0.0	62.0	1.0	62.0	1.0	61.0
R132	1.0	62.0	0.9	1
1.0	62.0	0.0	63.0	0.0	62.0
R131	0.0	63.0	0.09999999999999998	1
0.0	63.0	1.0	63.0	1.0	62.0
R130	1.0	63.0	0.9	1
1.0	63.0	0.0	64.0	0.0	63.0
R129	0.0	64.0	0.09999999999999998	1
0.0	64.0	1.0	64.0	1.0	63.0
R128	1.0	64.0	0.9	1
1.0	64.0	0.0	65.0	0.0	64.0
R127	0.0	65.0	0.09999999999999998	1
0.0	65.0	1.0	65.0	1.0	64.0
R126	1.0	65.0	0.9	1
1.0	65.0	0.0	66.0	0.0	65.0
R125	0.0	66.0	0.09999999999999998	1
0.0	66.0	1.0	66.0	1.0	65.0
R124	1.0	66.0	0.9	1
1.0	66.0	0.0	67.0	0.0	66.0
R123	0.0	67.0	0.09999999999999998	1
0.0	67.0	1.0	67.0	1.0	66.0
R122	1.0	67.0	0.9	1
1.0	67.0	0.0	68.0	0.0	67.0
R121	0.0	68.0	0.09999999999999998	1
0.0	68.0	1.0	68.0	1.0	67.0
R120	1.0	68.0	0.9	1
1.0	68.0	0.0	69.0	0.0	68.0
R119	0.0	69.0	0.09999999999999998	1
0.0	69.0	1.0	69.0	1.0	68.0
R118	1.0	69.0	0.9	1
1.0	69.0	0.0	70.0	0.0	69.0
R117	0.0	70.0	0.09999999999999998	1
0.0	70.0	1.0	70.0	1.0	69.0
R116	1.0	70.0	0.9	1
1.0	70.0	0.0	71.0	0.0	70.0
R115	0.0	71.0	0.09999999999999998	1
0.0	71.0	1.0	71.0	1.0	70.0
R114	1.0	71.0	0.9	1
1.0	71.0	0.0	72.0	0.0	71.0
R113	0.0	72.0	0.09999999999999998	1
0.0	72.0	1.0	72.0	1.0	71.0
R112	1.0	72.0	0.9	1
1.0	72.0	0.0	73.0	0.0	72.0
R111	0.0	73.0	0.09999999999999998	1
0.0	73.0	1.0	73.0	1.0	72.0
R110	1.0	73.0	0.9	1
1.0	73.0	0.0	74.0	0.0	73.0
R109	0.0	74.0	0.09999999999999998	1
0.0	74.0	1.0	74.0	1.0	73.0
R108	1.0	74.0	0.9	1
1.0	74.0	0.0	75.0	0.0	74.0
R107	0.0	75.0	0.09999999999999998	1
0.0	75.0	1.0	75.0	1.0	74.0
R106	1.0	75.0	0.9	1
1.0	75.0	0.0	76.0	0.0	75.0
R105	0.0	76.0	0.09999999999999998	1
0.0	76.0	1.0	76.0	1.0	75.0
R104	1.0	76.0	0.9	1
1.0	76.0	0.0	77.0	0.0	76.0
R103	0.0	77.0	0.09999999999999998	1
0.0	77.0	1.0	77.0	1.0	76.0
R102	1.0	77.0	0.9	1
1.0	77.0	0.0	78.0	0.0	77.0
R101	0.0	78.0	0.09999999999999998	1
0.0	78.0	1.0	78.0	1.0	77.0
R100	1.0	78.0	0.9	1
1.0	78.0	0.0	79.0	0.0	78.0
R99	0.0	79.0	0.09999999999999998	1
0.0	79.0	1.0	79.0	1.0	78.0
R98	1.0	79.0	0.9	1
1.0	79.0	0.0	80.0	0.0	79.0
R97	0.0	80.0	0.09999999999999998	1
0.0	80.0	1.0	80.0	1.0	79.0
R96	1.0	80.0	0.9	1
1.0	80.0	0.0	81.0	0.0	80.0
R95	0.0	81.0	0.09999999999999998	1
0.0	81.0	1.0	81.0	1.0	80.0
R94	1.0	81.0	0.9	1
1.0	81.0	0.0	82.0	0.0	81.0
R93	0.0	82.0	0.09999999999999998	1
0.0	82.0	1.0	82.0	1.0	81.0
R92	1.0	82.0	0.9	1
1.0	82.0	0.0	83.0	0.0	82.0
R91	0.0	83.0	0.09999999999999998	1
0.0	83.0	1.0	83.0	1.0	82.0
R90	1.0	83.0	0.9	1
1.0	83.0	0.0	84.0	0.0	83.0
R89	0.0	84.0	0.09999999999999998	1
0.0	84.0	1.0	84.0	1.0	83.0
R88	1.0	84.0	0.9	1
1.0	84.0	0.0	85.0	0.0	84.0
R87	0.0	85.0	0.09999999999999998	1
0.0	85.0	1.0	85.0	1.0	84.0
R86	1.0	85.0	0.9	1
1.0	85.0	0.0	86.0	0.0	85.0
R85	0.0	86.0	0.09999999999999998	1
0.0	86.0	1.0	86.0	1.0	85.0
R84	1.0	86.0	0.9	1
1.0	86.0	0.0	87.0	0.0	86.0
R83	0.0	87.0	0.09999999999999998	1
0.0	87.0	1.0	87.0	1.0	86.0
R82	1.0	87.0	0.9	1
1.0	87.0	0.0	88.0	0.0	87.0
R81	0.0	88.0	0.09999999999999998	1
0.0	88.0	1.0	88.0	1.0	87.0
R80	1.0	88.0	0.9	1
1.0	88.0	0.0	89.0	0.0	88.0
R79	0.0	89.0	0.09999999999999998	1
0.0	89.0	1.0	89.0	1.0	88.0
R78	1.0	89.0	0.9	1
1.0	89.0	0.0	90.0	0.0	89.0
R77	0.0	90.0	0.09999999999999998	1
0.0	90.0	1.0	90.0	1.0	89.0
R76	1.0	90.0	0.9	1
1.0	90.0	0.0	91.0	0.0	90.0
R75	0.0	91.0	0.09999999999999998	1
0.0	91.0	1.0	91.0	1.0	90.0
R74	1.0	91.0	0.9	1
1.0	91.0	0.0	92.0	0.0	91.0
R73	0.0	92.0	0.09999999999999998	1
0.0	92.0	1.0	92.0	1.0	91.0
R72	1.0	92.0	0.9	1
1.0	92.0	0.0	93.0	0.0	92.0
R71	0.0	93.0	0.09999999999999998	1
0.0	93.0	1.0	93.0	1.0	92.0
R70	1.0	93.0	0.9	1
1.0	93.0	0.0	94.0	0.0	93.0
R69	0.0	94.0	0.09999999999999998	1
0.0	94.0	1.0	94.0	1.0	93.0
R68	1.0	94.0	0.9	1
1.0	94.0	0.0	95.0	0.0	94.0
R67	0.0	95.0	0.09999999999999998	1
0.0	95.0	1.0	95.0	1.0	94.0
R66	1.0	95.0	0.9	1
1.0	95.0	0.0	96.0	0.0	95.0
R65	0.0	96.0	0.09999999999999998	1
0.0	96.0	1.0	96.0	1.0	95.0
R64	1.0	96.0	0.9	1
1.0	96.0	0.0	97.0	0.0	96.0
R63	0.0	97.0	0.09999999999999998	1
0.0	97.0	1.0	97.0	1.0	96.0
R62	1.0	97.0	0.9	1
1.0	97.0	0.0	98.0	0.0	97.0
R61	0.0	98.0	0.09999999999999998	1
0.0	98.0	1.0	98.0	1.0	97.0
R60	1.0	98.0	0.9	1
1.0	98.0	0.0	99.0	0.0	98.0
R59	0.0	99.0	0.09999999999999998	1
0.0	99.0	1.0	99.0	1.0	98.0
R58	1.0	99.0	0.9	1
1.0	99.0	0.0	100.0	0.0	99.0
R57	0.0	100.0	0.09999999999999998	1
0.0	100.0	1.0	100.0	1.0	99.0
R56	1.0	100.0	0.9	1
1.0	100.0	0.0	101.0	0.0	100.0
R55	0.0	101.0	0.09999999999999998	1
0.0	101.0	1.0	101.0	1.0	100.0
R54	1.0	101.0	0.9	1
1.0	101.0	0.0	102.0	0.0	101.0
R53	0.0	102.0	0.09999999999999998	1
0.0	102.0	1.0	102.0	1.0	101.0
R52	1.0	102.0	0.9	1
1.0	102.0	0.0	103.0	0.0	102.0
R51	0.0	103.0	0.09999999999999998	1
0.0	103.0	1.0	103.0	1.0	102.0
R50	1.0	103.0	0.9	1
1.0	103.0	0.0	104.0	0.0	103.0
R49	0.0	104.0	0.09999999999999998	1
0.0	104.0	1.0	104.0	1.0	103.0
R48	1.0	104.0	0.9	1
1.0	104.0	0.0	105.0	0.0	104.0
R47	0.0	105.0	0.09999999999999998	1
0.0	105.0	1.0	105.0	1.0	104.0
R46	1.0	105.0	0.9	1
1.0	105.0	0.0	106.0	0.0	105.0
R45	0.0	106.0	0.09999999999999998	1
0.0	106.0	1.0	106.0	1.0	105.0
R44	1.0	106.0	0.9	1
1.0	106.0	0.0	107.0	0.0	106.0
R43	0.0	107.0	0.09999999999999998	1
0.0	107.0	1.0	107.0	1.0	106.0
R42	1.0	107.0	0.9	1
1.0	107.0	0.0	108.0	0.0	107.0
R41	0.0	108.0	0.09999999999999998	1
0.0	108.0	1.0	108.0	1.0	107.0
R40	1.0	108.0	0.9	1
1.0	108.0	0.0	109.0	0.0	108.0
R39	0.0	109.0	0.09999999999999998	1
0.0	109.0	1.0	109.0	1.0	108.0
R38	1.0	109.0	0.9	1
1.0	109.0	0.0	110.0	0.0	109.0
R37	0.0	110.0	0.09999999999999998	1
0.0	110.0	1.0	110.0	1.0	109.0
R36	1.0	110.0	0.9	1
1.0	110.0	0.0	111.0	0.0	110.0
R35	0.0	111.0	0.09999999999999998	1
0.0	111.0	1.0	111.0	1.0	110.0
R34	1.0	111.0	0.9	1
1.0	111.0	0.0	112.0	0.0	111.0
R33	0.0	112.0	0.09999999999999998	1
0.0	112.0	1.0	112.0	1.0	111.0
R32	1.0	112.0	0.9	1
1.0	112.0	0.0	113.0	0.0	112.0
R31	0.0	113.0	0.09999999999999998	1
0.0	113.0	1.0	113.0	1.0	112.0
R30	1.0	113.0	0.9	1
1.0	113.0	0.0	114.0	0.0	113.0
R29	0.0	114.0	0.09999999999999998	1
0.0	114.0	1.0	114.0	1.0	113.0
R28	1.0	114.0	0.9	1
1.0	114.0	0.0	115.0	0.0	114.0
R27	0.0	115.0	0.09999999999999998	1
0.0	115.0	1.0	115.0	1.0	114.0
R26	1.0	115.0	0.9	1
1.0	115.0	0.0	116.0	0.0	115.0
R25	0.0	116.0	0.09999999999999998	1
0.0	116.0	1.0	116.0	1.0	115.0
R24	1.0	116.0	0.9	1
1.0	116.0	0.0	117.0	0.0	116.0
R23	0.0	117.0	0.09999999999999998	1
0.0	117.0	1.0	117.0	1.0	116.0
R22	1.0	117.0	0.9	1
1.0	117.0	0.0	118.0	0.0	117.0
R21	0.0	118.0	0.09999999999999998	1
0.0	118.0	1.0	118.0	1.0	117.0
R20	1.0	118.0	0.9	1
1.0	118.0	0.0	119.0	0.0	118.0
R19	0.0	119.0	0.09999999999999998	1
0.0	119.0	1.0	119.0	1.0	118.0
R18	1.0	119.0	0.9	1
1.0	119.0	0.0	120.0	0.0	119.0
R17	0.0	120.0	0.09999999999999998	1
0.0	120.0	1.0	120.0	1.0	119.0
R16	1.0	120.0	0.9	1
1.0	120.0	0.0	121.0	0.0	120.0
R15	0.0	121.0	0.09999999999999998	1
0.0	121.0	1.0	121.0	1.0	120.0
R14	1.0	121.0	0.9	1
1.0	121.0	0.0	122.0	0.0	121.0
R13	0.0	122.0	0.09999999999999998	1
0.0	122.0	1.0	122.0	1.0	121.0
R12	1.0	122.0	0.9	1
1.0	122.0	0.0	123.0	0.0	122.0
R11	0.0	123.0	0.09999999999999998	1
0.0	123.0	1.0	123.0	1.0	122.0
R10	1.0	123.0	0.9	1
1.0	123.0	0.0	124.0	0.0	123.0
R9	0.0	124.0	0.09999999999999998	1
0.0	124.0	1.0	124.0	1.0	123.0
R8	1.0	124.0	0.9	1
1.0	124.0	0.0	125.0	0.0	124.0
R7	0.0	125.0	0.09999999999999998	1
0.0	125.0	1.0	125.0	1.0	124.0
R6	1.0	125.0	0.9	1
1.0	125.0	0.0	126.0	0.0	125.0
R5	0.0	126.0	0.09999999999999998	1
0.0	126.0	1.0	126.0	1.0	125.0
R4	1.0	126.0	0.9	1
1.0	126.0	0.0	127.0	0.0	126.0
R3	0.0	127.0	0.09999999999999998	1
0.0	127.0	1.0	127.0	1.0	126.0
R2	1.0	127.0	0.9	1
1.0	127.0	0.0	128.0	0.0	127.0
R1	0.0	128.0	0.09999999999999998	1
0.0	128.0	1.0	128.0	1.0	127.0
