R100	358.10524207564396	463.08258134738924	14.623623759760116	1
358.10524207564396	463.08258134738924	358.10524207564396	438.36504268266515	373.0416939442618	438.36504268266515	373.0416939442618	463.08258134738924	358.10524207564396	463.08258134738924
R99	423.780442869109	496.9583552305578	14.623623759760116	1
423.780442869109	496.9583552305578	423.780442869109	490.4624786678688	433.34360147657736	490.4624786678688	433.34360147657736	496.9583552305578	423.780442869109	496.9583552305578
R98	368.7737268591442	484.20818902150256	14.623623759760116	1
368.7737268591442	484.20818902150256	368.7737268591442	465.3750814352236	374.38399143190827	465.3750814352236	374.38399143190827	484.20818902150256	368.7737268591442	484.20818902150256
R97	419.2625960598591	34.397459221459016	14.623623759760116	1
419.2625960598591	34.397459221459016	419.2625960598591	22.34968338006157	432.4282979704608	22.34968338006157	432.4282979704608	34.397459221459016	419.2625960598591	34.397459221459016
R96	489.5834752776919	283.9667843118036	14.623623759760116	1
489.5834752776919	283.9667843118036	489.5834752776919	277.9785547475042	504.10316608838303	277.9785547475042	504.10316608838303	283.9667843118036	489.5834752776919	283.9667843118036
R95	286.34944572672384	429.6533428623992	14.623623759760116	1
286.34944572672384	429.6533428623992	286.34944572672384	421.58962547827934	295.9229224103191	421.58962547827934	295.9229224103191	429.6533428623992	286.34944572672384	429.6533428623992
R94	473.29472666881253	124.90177587606101	14.623623759760116	1
473.29472666881253	124.90177587606101	473.29472666881253	107.72386783314158	490.62755978801096	107.72386783314158	490.62755978801096	124.90177587606101	473.29472666881253	124.90177587606101
R93	114.41954566327163	430.15661560031344	14.623623759760116	1
114.41954566327163	430.15661560031344	114.41954566327163	409.2034726561469	133.1994533488522	409.2034726561469	133.1994533488522	430.15661560031344	114.41954566327163	430.15661560031344
R92	59.03447187553031	65.61388850156092	14.623623759760116	1
59.03447187553031	65.61388850156092	59.03447187553031	41.96063555798612	64.68974771143515	41.96063555798612	64.68974771143515	65.61388850156092	59.03447187553031	65.61388850156092
R91	128.6407909209529	281.1324227969451	14.623623759760116	1
128.6407909209529	281.1324227969451	128.6407909209529	273.27511471197363	138.18613388132923	273.27511471197363	138.18613388132923	281.1324227969451	128.6407909209529	281.1324227969451
R90	22.234352726422145	72.56613498780688	14.623623759760116	1
22.234352726422145	72.56613498780688	22.234352726422145	58.359931052802416	28.392868942799147	58.359931052802416	28.392868942799147	72.56613498780688	22.234352726422145	72.56613498780688
R89	223.58294307707573	136.77640365370013	14.623623759760116	1
223.58294307707573	136.77640365370013	223.58294307707573	116.33789121433904	244.36979092494337	116.33789121433904	244.36979092494337	136.77640365370013	223.58294307707573	136.77640365370013
R88	161.30256959610315	369.01941379965245	14.623623759760116	1
161.30256959610315	369.01941379965245	161.30256959610315	355.5678559164007	183.9907126761846	355.5678559164007	183.9907126761846	369.01941379965245	161.30256959610315	369.01941379965245
R87	80.14623726339579	86.27617440095514	14.623623759760116	1
80.14623726339579	86.27617440095514	80.14623726339579	70.00796047318792	88.63302746382948	70.00796047318792	88.63302746382948	86.27617440095514	80.14623726339579	86.27617440095514
R86	39.81886339075674	88.4036261664762	14.623623759760116	1
39.81886339075674	88.4036261664762	39.81886339075674	72.84418257407846	57.498731404870774	72.84418257407846	57.498731404870774	88.4036261664762	39.81886339075674	88.4036261664762
R85	5.84502161104391	285.73320537485273	14.623623759760116	1
5.84502161104391	285.73320537485273	5.84502161104391	270.96606494479414	22.793375519170525	270.96606494479414	22.793375519170525	285.73320537485273	5.84502161104391	285.73320537485273
R84	445.54165324174096	26.92885713154873	14.623623759760116	1
445.54165324174096	26.92885713154873	445.54165324174096	14.037501700746311	459.7532008585056	14.037501700746311	459.7532008585056	26.92885713154873	445.54165324174096	26.92885713154873
R83	390.9855994478886	174.53948671043645	14.623623759760116	1
390.9855994478886	174.53948671043645	390.9855994478886	154.88895724294252	409.21169888125644	154.88895724294252	409.21169888125644	174.53948671043645	390.9855994478886	174.53948671043645
R82	350.0163480466299	277.7413496438758	14.623623759760116	1
350.0163480466299	277.7413496438758	350.0163480466299	253.748469481976	355.03566431062416	253.748469481976	355.03566431062416	277.7413496438758	350.0163480466299	277.7413496438758
R81	175.77727012908073	322.2640027444619	14.623623759760116	1
175.77727012908073	322.2640027444619	175.77727012908073	307.4323809870283	184.33697009428195	307.4323809870283	184.33697009428195	322.2640027444619	175.77727012908073	322.2640027444619
R80	445.0738938437169	146.42898748551545	14.623623759760116	1
445.0738938437169	146.42898748551545	445.0738938437169	136.0327516096234	464.87984816454394	136.0327516096234	464.87984816454394	146.42898748551545	445.0738938437169	146.42898748551545
R79	315.9157417426041	409.60338579136106	14.623623759760116	1
315.9157417426041	409.60338579136106	315.9157417426041	403.8668574718942	331.55471527560127	403.8668574718942	331.55471527560127	409.60338579136106	315.9157417426041	409.60338579136106
R78	305.0087172419115	95.18095018901448	14.623623759760116	1
305.0087172419115	95.18095018901448	305.0087172419115	78.49519806303198	312.1783349301459	78.49519806303198	312.1783349301459	95.18095018901448	305.0087172419115	95.18095018901448
R77	186.6777578651023	444.4517234156145	14.623623759760116	1
186.6777578651023	444.4517234156145	186.6777578651023	421.4681215026408	202.20609949190106	421.4681215026408	202.20609949190106	444.4517234156145	186.6777578651023	444.4517234156145
R76	435.72495858343905	160.40624567967924	14.623623759760116	1
435.72495858343905	160.40624567967924	435.72495858343905	147.12683327901286	448.20601353205643	147.12683327901286	448.20601353205643	160.40624567967924	435.72495858343905	160.40624567967924
R75	358.0662866239419	441.64398441187666	14.623623759760116	1
358.0662866239419	441.64398441187666	358.0662866239419	431.2635490958777	381.1451214371573	431.2635490958777	381.1451214371573	441.64398441187666	358.0662866239419	441.64398441187666
R74	154.6402575067605	456.11570608776964	14.623623759760116	1
154.6402575067605	456.11570608776964	154.6402575067605	449.73611700896873	172.6776917819337	449.73611700896873	172.6776917819337	456.11570608776964	154.6402575067605	456.11570608776964
R73	96.04508197977046	172.42784501859907	14.623623759760116	1
96.04508197977046	172.42784501859907	96.04508197977046	148.23623300854652	120.70085534062724	148.23623300854652	120.70085534062724	172.42784501859907	96.04508197977046	172.42784501859907
R72	267.635904791402	22.872370841848802	14.623623759760116	1
267.635904791402	22.872370841848802	267.635904791402	-1.6737183259041437	284.4568142889002	-1.6737183259041437	284.4568142889002	22.872370841848802	267.635904791402	22.872370841848802
R71	277.40183308871156	137.21867420387852	14.623623759760116	1
277.40183308871156	137.21867420387852	277.40183308871156	121.58834376427191	284.41208047623877	121.58834376427191	284.41208047623877	137.21867420387852	277.40183308871156	137.21867420387852
R70	71.84274914142907	119.61466076871658	14.623623759760116	1
71.84274914142907	119.61466076871658	71.84274914142907	103.27001815824427	88.0327905206646	103.27001815824427	88.0327905206646	119.61466076871658	71.84274914142907	119.61466076871658
R69	188.27889829549798	312.6921462523626	14.623623759760116	1
188.27889829549798	312.6921462523626	188.27889829549798	299.1651121359341	209.40141464303224	299.1651121359341	209.40141464303224	312.6921462523626	188.27889829549798	312.6921462523626
R68	165.55153726319526	343.1572347521221	14.623623759760116	1
165.55153726319526	343.1572347521221	165.55153726319526	324.6332813531801	178.38375104511698	324.6332813531801	178.38375104511698	343.1572347521221	165.55153726319526	343.1572347521221
R67	398.91073270085565	91.76946636211683	14.623623759760116	1
398.91073270085565	91.76946636211683	398.91073270085565	82.64129836965581	423.7561977381737	82.64129836965581	423.7561977381737	91.76946636211683	398.91073270085565	91.76946636211683
R66	159.03712812266923	117.67409830209121	14.623623759760116	1
159.03712812266923	117.67409830209121	159.03712812266923	98.49965704555228	164.34228129391636	98.49965704555228	164.34228129391636	117.67409830209121	159.03712812266923	117.67409830209121
R65	149.6069697191223	42.54963955683057	14.623623759760116	1
149.6069697191223	42.54963955683057	149.6069697191223	32.571454977126635	162.78319597112372	32.571454977126635	162.78319597112372	42.54963955683057	149.6069697191223	42.54963955683057
R64	52.5853457921764	253.96879322570192	14.623623759760116	1
52.5853457921764	253.96879322570192	52.5853457921764	248.6469971617958	68.08103618700383	248.6469971617958	68.08103618700383	253.96879322570192	52.5853457921764	253.96879322570192
R63	275.52041167529933	379.7435685741783	14.623623759760116	1
275.52041167529933	379.7435685741783	275.52041167529933	364.90563864761555	285.50451730723887	364.90563864761555	285.50451730723887	379.7435685741783	275.52041167529933	379.7435685741783
R62	210.51171902533844	65.83611489107227	14.623623759760116	1
210.51171902533844	65.83611489107227	210.51171902533844	56.42764195118838	225.8355977264697	56.42764195118838	225.8355977264697	65.83611489107227	210.51171902533844	65.83611489107227
R61	60.238753735413525	339.66474042588044	14.623623759760116	1
60.238753735413525	339.66474042588044	60.238753735413525	333.07221181809865	80.26168404117496	333.07221181809865	80.26168404117496	339.66474042588044	60.238753735413525	339.66474042588044
R60	302.46105607389444	178.3203250797095	14.623623759760116	1
302.46105607389444	178.3203250797095	302.46105607389444	164.20407299045894	322.48165987330987	164.20407299045894	322.48165987330987	178.3203250797095	302.46105607389444	178.3203250797095
R59	50.73929763499675	247.33106042010223	14.623623759760116	1
50.73929763499675	247.33106042010223	50.73929763499675	242.22916183761487	55.79524422218005	242.22916183761487	55.79524422218005	247.33106042010223	50.73929763499675	247.33106042010223
R58	5.777024877606756	10.17436108470449	14.623623759760116	1
5.777024877606756	10.17436108470449	5.777024877606756	-9.808626816848356	20.083824360886656	-9.808626816848356	20.083824360886656	10.17436108470449	5.777024877606756	10.17436108470449
R57	458.7456397615502	81.73258238937967	14.623623759760116	1
458.7456397615502	81.73258238937967	458.7456397615502	74.78556686488898	471.6670279446234	74.78556686488898	471.6670279446234	81.73258238937967	458.7456397615502	81.73258238937967
R56	65.23069094073273	250.3247666825355	14.623623759760116	1
65.23069094073273	250.3247666825355	65.23069094073273	245.05809571679285	88.03309540941396	245.05809571679285	88.03309540941396	250.3247666825355	65.23069094073273	250.3247666825355
R55	186.0253135647535	162.8198608822239	14.623623759760116	1
186.0253135647535	162.8198608822239	186.0253135647535	138.7948047439512	199.39216282450866	138.7948047439512	199.39216282450866	162.8198608822239	186.0253135647535	162.8198608822239
R54	238.89712602932323	25.647082489921235	14.623623759760116	1
238.89712602932323	25.647082489921235	238.89712602932323	13.137150683684563	259.8903022335146	13.137150683684563	259.8903022335146	25.647082489921235	238.89712602932323	25.647082489921235
R53	123.66769189580529	501.26752959483485	14.623623759760116	1
123.66769189580529	501.26752959483485	123.66769189580529	483.3209878909063	143.14826692915304	483.3209878909063	143.14826692915304	501.26752959483485	123.66769189580529	501.26752959483485
R52	471.46920890749095	294.8563047319011	14.623623759760116	1
471.46920890749095	294.8563047319011	471.46920890749095	273.59819696196007	479.5527036786335	273.59819696196007	479.5527036786335	294.8563047319011	471.46920890749095	294.8563047319011
R51	27.880856185874883	219.56782725622006	14.623623759760116	1
27.880856185874883	219.56782725622006	27.880856185874883	207.38021753085442	46.428662652173934	207.38021753085442	46.428662652173934	219.56782725622006	27.880856185874883	219.56782725622006
R50	38.79754729207517	500.8171899422005	14.623623759760116	1
38.79754729207517	500.8171899422005	38.79754729207517	489.43319000949344	46.860822754741584	489.43319000949344	46.860822754741584	500.8171899422005	38.79754729207517	500.8171899422005
R49	7.346919337678395	250.50885130037113	14.623623759760116	1
7.346919337678395	250.50885130037113	7.346919337678395	241.55831443818664	28.50721360678898	241.55831443818664	28.50721360678898	250.50885130037113	7.346919337678395	250.50885130037113
R48	409.94571518502937	331.0790640194089	14.623623759760116	1
409.94571518502937	331.0790640194089	409.94571518502937	324.6066206274981	420.26283402296076	324.6066206274981	420.26283402296076	331.0790640194089	409.94571518502937	331.0790640194089
R47	39.674425123104555	486.59202517495135	14.623623759760116	1
39.674425123104555	486.59202517495135	39.674425123104555	463.9063854965202	62.081540783272374	463.9063854965202	62.081540783272374	486.59202517495135	39.674425123104555	486.59202517495135
R46	125.54978728955216	123.93967898827954	14.623623759760116	1
125.54978728955216	123.93967898827954	125.54978728955216	112.2218601315755	131.65361083566015	112.2218601315755	131.65361083566015	123.93967898827954	125.54978728955216	123.93967898827954
R45	386.9872316122186	411.44366012847877	14.623623759760116	1
386.9872316122186	411.44366012847877	386.9872316122186	404.2159838888398	400.9621429300636	404.2159838888398	400.9621429300636	411.44366012847877	386.9872316122186	411.44366012847877
R44	243.771231229389	204.84311362449688	14.623623759760116	1
243.771231229389	204.84311362449688	243.771231229389	199.05548725506497	266.0056131540713	199.05548725506497	266.0056131540713	204.84311362449688	243.771231229389	204.84311362449688
R43	493.1887811958726	151.77523538471794	14.623623759760116	1
493.1887811958726	151.77523538471794	493.1887811958726	133.27535984633388	504.17445642861526	133.27535984633388	504.17445642861526	151.77523538471794	493.1887811958726	151.77523538471794
R42	47.63232665942709	495.4160798705846	14.623623759760116	1
47.63232665942709	495.4160798705846	47.63232665942709	484.31082856564575	65.90891554148001	484.31082856564575	65.90891554148001	495.4160798705846	47.63232665942709	495.4160798705846
R41	87.94079599801613	45.94696842167546	14.623623759760116	1
87.94079599801613	45.94696842167546	87.94079599801613	26.208250492892766	110.34101074323128	26.208250492892766	110.34101074323128	45.94696842167546	87.94079599801613	45.94696842167546
R40	80.02299429066449	234.94755185261542	14.623623759760116	1
80.02299429066449	234.94755185261542	80.02299429066449	222.9425106065311	98.63738357510246	222.9425106065311	98.63738357510246	234.94755185261542	80.02299429066449	234.94755185261542
R39	284.89562690481296	92.68961598809227	14.623623759760116	1
284.89562690481296	92.68961598809227	284.89562690481296	71.49702228892514	303.71103725161447	71.49702228892514	303.71103725161447	92.68961598809227	284.89562690481296	92.68961598809227
R38	115.16828833275272	41.616248628080704	14.623623759760116	1
115.16828833275272	41.616248628080704	115.16828833275272	26.403421616647837	130.85837032181712	26.403421616647837	130.85837032181712	41.616248628080704	115.16828833275272	41.616248628080704
R37	54.22107081868853	151.03891761086447	14.623623759760116	1
54.22107081868853	151.03891761086447	54.22107081868853	139.79145420046086	70.70447214109123	139.79145420046086	70.70447214109123	151.03891761086447	54.22107081868853	151.03891761086447
R36	387.845412354901	398.2708069338067	14.623623759760116	1
387.845412354901	398.2708069338067	387.845412354901	386.1658051197251	393.6029268902513	386.1658051197251	393.6029268902513	398.2708069338067	387.845412354901	398.2708069338067
R35	261.95695238821463	330.03754973213506	14.623623759760116	1
261.95695238821463	330.03754973213506	261.95695238821463	309.1049060303145	283.3377698123023	309.1049060303145	283.3377698123023	330.03754973213506	261.95695238821463	330.03754973213506
R34	274.1395604226092	475.06720434505496	14.623623759760116	1
274.1395604226092	475.06720434505496	274.1395604226092	467.86790610996763	297.6139472076742	467.86790610996763	297.6139472076742	475.06720434505496	274.1395604226092	475.06720434505496
R33	371.24239084371686	304.2592614351872	14.623623759760116	1
371.24239084371686	304.2592614351872	371.24239084371686	295.4994149216386	393.3985775204004	295.4994149216386	393.3985775204004	304.2592614351872	371.24239084371686	304.2592614351872
R32	260.0274355388953	198.76817993124598	14.623623759760116	1
260.0274355388953	198.76817993124598	260.0274355388953	176.43780994433422	266.689226654573	176.43780994433422	266.689226654573	198.76817993124598	260.0274355388953	198.76817993124598
R31	132.95282862090238	298.70972097097194	14.623623759760116	1
132.95282862090238	298.70972097097194	132.95282862090238	280.86112539472003	138.73646767989993	280.86112539472003	138.73646767989993	298.70972097097194	132.95282862090238	298.70972097097194
R30	316.5775683590466	116.00929291318299	14.623623759760116	1
316.5775683590466	116.00929291318299	316.5775683590466	105.04597103754641	324.1366834165186	105.04597103754641	324.1366834165186	116.00929291318299	316.5775683590466	116.00929291318299
R29	195.78603513570434	94.15902843305913	14.623623759760116	1
195.78603513570434	94.15902843305913	195.78603513570434	71.86788523339114	210.5370744257759	71.86788523339114	210.5370744257759	94.15902843305913	195.78603513570434	94.15902843305913
R28	53.05662251510938	425.33646840566485	14.623623759760116	1
53.05662251510938	425.33646840566485	53.05662251510938	403.23817063707713	64.95905098031636	403.23817063707713	64.95905098031636	425.33646840566485	53.05662251510938	425.33646840566485
R27	318.33584909572687	101.46029571736696	14.623623759760116	1
318.33584909572687	101.46029571736696	318.33584909572687	76.75027988706913	327.9465108545197	76.75027988706913	327.9465108545197	101.46029571736696	318.33584909572687	101.46029571736696
R26	451.73053600833396	210.31939500437733	14.623623759760116	1
451.73053600833396	210.31939500437733	451.73053600833396	192.10013262784787	463.88502025248044	192.10013262784787	463.88502025248044	210.31939500437733	451.73053600833396	210.31939500437733
R25	138.19300153202602	200.909274520938	14.623623759760116	1
138.19300153202602	200.909274520938	138.19300153202602	188.94796445238106	143.91354548753117	188.94796445238106	143.91354548753117	200.909274520938	138.19300153202602	200.909274520938
R24	100.64973410511622	163.54587744025415	14.623623759760116	1
100.64973410511622	163.54587744025415	100.64973410511622	146.8057816934805	106.86418748524919	146.8057816934805	106.86418748524919	163.54587744025415	100.64973410511622	163.54587744025415
R23	45.612029327308605	490.19938456580115	14.623623759760116	1
45.612029327308605	490.19938456580115	45.612029327308605	469.2625179931528	63.616667178753545	469.2625179931528	63.616667178753545	490.19938456580115	45.612029327308605	490.19938456580115
R22	253.20738650176	108.80143284075912	14.623623759760116	1
253.20738650176	108.80143284075912	253.20738650176	99.40030744223985	271.14290905022887	99.40030744223985	271.14290905022887	108.80143284075912	253.20738650176	108.80143284075912
R21	1.7831616489589885	432.02717965011914	14.623623759760116	1
1.7831616489589885	432.02717965011914	1.7831616489589885	420.60873417349933	14.343045461687286	420.60873417349933	14.343045461687286	432.02717965011914	1.7831616489589885	432.02717965011914
R20	275.7598201414359	206.2391021695209	14.623623759760116	1
275.7598201414359	206.2391021695209	275.7598201414359	187.16987480479042	296.538297427892	187.16987480479042	296.538297427892	206.2391021695209	275.7598201414359	206.2391021695209
R19	294.2484570603575	399.9026291191396	14.623623759760116	1
294.2484570603575	399.9026291191396	294.2484570603575	391.96559971037874	303.1867914526864	391.96559971037874	303.1867914526864	399.9026291191396	294.2484570603575	399.9026291191396
R18	487.09811729659043	32.84402503650587	14.623623759760116	1
487.09811729659043	32.84402503650587	487.09811729659043	14.449413650392742	498.0275143637966	14.449413650392742	498.0275143637966	32.84402503650587	487.09811729659043	32.84402503650587
R17	74.50113742136493	268.21918120510594	14.623623759760116	1
74.50113742136493	268.21918120510594	74.50113742136493	250.62880421236065	96.43358926307961	250.62880421236065	96.43358926307961	268.21918120510594	74.50113742136493	268.21918120510594
R16	246.05996835341176	147.99750916893606	14.623623759760116	1
246.05996835341176	147.99750916893606	246.05996835341176	128.22008392214667	267.26955555013404	128.22008392214667	267.26955555013404	147.99750916893606	246.05996835341176	147.99750916893606
R15	405.3072594842726	210.13799827111401	14.623623759760116	1
405.3072594842726	210.13799827111401	405.3072594842726	194.3660428202446	421.9989642327052	194.3660428202446	421.9989642327052	210.13799827111401	405.3072594842726	210.13799827111401
R14	196.07084459988803	61.44528198648952	14.623623759760116	1
196.07084459988803	61.44528198648952	196.07084459988803	50.34798565803949	208.1767141504167	50.34798565803949	208.1767141504167	61.44528198648952	196.07084459988803	61.44528198648952
R13	187.7886518931563	354.3413924714083	14.623623759760116	1
187.7886518931563	354.3413924714083	187.7886518931563	337.57701981281093	203.78723908743066	337.57701981281093	203.78723908743066	354.3413924714083	187.7886518931563	354.3413924714083
R12	477.90356872420784	448.47461749852215	14.623623759760116	1
477.90356872420784	448.47461749852215	477.90356872420784	431.8156812156462	499.15293160751025	431.8156812156462	499.15293160751025	448.47461749852215	477.90356872420784	448.47461749852215
R11	200.80636540876682	459.2097819021521	14.623623759760116	1
200.80636540876682	459.2097819021521	200.80636540876682	448.05934299326174	224.33855348425325	448.05934299326174	224.33855348425325	459.2097819021521	200.80636540876682	459.2097819021521
R10	314.44529311623717	304.6049163688089	14.623623759760116	1
314.44529311623717	304.6049163688089	314.44529311623717	296.7979776972822	332.116166502915	296.7979776972822	332.116166502915	304.6049163688089	314.44529311623717	304.6049163688089
R9	317.6834930628618	120.47719180635605	14.623623759760116	1
317.6834930628618	120.47719180635605	317.6834930628618	103.48221351786148	329.63092748955415	103.48221351786148	329.63092748955415	120.47719180635605	317.6834930628618	120.47719180635605
R8	443.7610831116303	169.5967155621117	14.623623759760116	1
443.7610831116303	169.5967155621117	443.7610831116303	156.93382739159526	455.9221014426924	156.93382739159526	455.9221014426924	169.5967155621117	443.7610831116303	169.5967155621117
R7	197.80664405041566	415.91974287300593	14.623623759760116	1
197.80664405041566	415.91974287300593	197.80664405041566	399.16922488548937	207.4047755230229	399.16922488548937	207.4047755230229	415.91974287300593	197.80664405041566	415.91974287300593
R6	479.2429402571688	298.08338809784385	14.623623759760116	1
479.2429402571688	298.08338809784385	479.2429402571688	278.6454782492704	499.3061584759539	278.6454782492704	499.3061584759539	298.08338809784385	479.2429402571688	298.08338809784385
R5	23.14495883450993	248.1319557653434	14.623623759760116	1
23.14495883450993	248.1319557653434	23.14495883450993	231.29197629757059	47.87688759715238	231.29197629757059	47.87688759715238	248.1319557653434	23.14495883450993	248.1319557653434
R4	128.13353239981598	151.63066511677854	14.623623759760116	1
128.13353239981598	151.63066511677854	128.13353239981598	138.8568818910007	145.96120001824715	138.8568818910007	145.96120001824715	151.63066511677854	128.13353239981598	151.63066511677854
R3	242.225751459427	43.945487740387065	14.623623759760116	1
242.225751459427	43.945487740387065	242.225751459427	32.07599046234202	253.2110873169649	32.07599046234202	253.2110873169649	43.945487740387065	242.225751459427	43.945487740387065
R2	332.2136696004719	474.5283329497538	14.623623759760116	1
332.2136696004719	474.5283329497538	332.2136696004719	466.9625852662316	351.8680916453012	466.9625852662316	351.8680916453012	474.5283329497538	332.2136696004719	474.5283329497538
R1	436.6059802906976	286.5450292412562	14.623623759760116	1
436.6059802906976	286.5450292412562	436.6059802906976	266.1205411406336	459.6128881241095	266.1205411406336	459.6128881241095	286.5450292412562	436.6059802906976	286.5450292412562
