R100	152.15927127406195	81.16963455216003	194.98401950331396	1
152.15927127406195	81.16963455216003	152.15927127406195	60.476149133560746	160.58672688859588	60.476149133560746	160.58672688859588	81.16963455216003	152.15927127406195	81.16963455216003
R99	475.8143463455998	296.2340847247509	195.66255834059848	1
475.8143463455998	296.2340847247509	475.8143463455998	274.56596616433796	484.1559487920914	274.56596616433796	484.1559487920914	296.2340847247509	475.8143463455998	296.2340847247509
R98	85.08840896726798	281.85375346485097	123.05625385620819	1
85.08840896726798	281.85375346485097	85.08840896726798	272.56814748256323	108.11640884555484	272.56814748256323	108.11640884555484	281.85375346485097	85.08840896726798	281.85375346485097
R97	244.71692436072527	413.63505456288686	83.6308611414228	1
244.71692436072527	413.63505456288686	244.71692436072527	405.50724538782896	259.1099126245097	405.50724538782896	259.1099126245097	413.63505456288686	244.71692436072527	413.63505456288686
R96	425.17286506753646	24.149437086928764	59.04548277907136	1
425.17286506753646	24.149437086928764	425.17286506753646	9.765899330324544	431.07625290238957	9.765899330324544	431.07625290238957	24.149437086928764	425.17286506753646	24.149437086928764
R95	349.50289216505365	302.05078312843455	199.6470652158869	1
349.50289216505365	302.05078312843455	349.50289216505365	287.4456200087725	372.0349839304335	287.4456200087725	372.0349839304335	302.05078312843455	349.50289216505365	302.05078312843455
R94	33.02609905607077	377.78170649665935	58.74166091274141	1
33.02609905607077	377.78170649665935	33.02609905607077	355.2424178302015	50.74592073796948	355.2424178302015	50.74592073796948	377.78170649665935	33.02609905607077	377.78170649665935
R93	400.08976817616866	445.5301572361481	118.40913478871941	1
400.08976817616866	445.5301572361481	400.08976817616866	420.55569286259976	414.103583557029	420.55569286259976	414.103583557029	445.5301572361481	400.08976817616866	445.5301572361481
R92	274.97733878552606	504.40840539737144	217.42765293772672	1
274.97733878552606	504.40840539737144	274.97733878552606	483.0899259518899	292.0098256065131	483.0899259518899	292.0098256065131	504.40840539737144	274.97733878552606	504.40840539737144
R91	67.2765055863545	363.5746847845684	195.41828970213118	1
67.2765055863545	363.5746847845684	67.2765055863545	352.5624085637112	73.29490472435414	352.5624085637112	73.29490472435414	363.5746847845684	67.2765055863545	363.5746847845684
R90	25.54057672703472	36.203095475876644	179.33241274162623	1
25.54057672703472	36.203095475876644	25.54057672703472	28.29601133639269	44.02072589160008	28.29601133639269	44.02072589160008	36.203095475876644	25.54057672703472	36.203095475876644
R89	26.914558655583207	85.8305595726158	53.32012206153019	1
26.914558655583207	85.8305595726158	26.914558655583207	64.45467570705684	38.20162062081437	64.45467570705684	38.20162062081437	85.8305595726158	26.914558655583207	85.8305595726158
R88	394.54732906650827	175.67016308446622	81.74758311873106	1
394.54732906650827	175.67016308446622	394.54732906650827	155.47030671127683	410.6161970335754	155.47030671127683	410.6161970335754	175.67016308446622	394.54732906650827	175.67016308446622
R87	239.07457078960374	416.97806114037814	172.62899780326072	1
239.07457078960374	416.97806114037814	239.07457078960374	409.8130702118376	251.960383377622	409.8130702118376	251.960383377622	416.97806114037814	239.07457078960374	416.97806114037814
R86	255.23213455061327	386.49706091068117	127.96406696637081	1
255.23213455061327	386.49706091068117	255.23213455061327	366.67348722302813	278.1050750100709	366.67348722302813	278.1050750100709	386.49706091068117	255.23213455061327	386.49706091068117
R85	349.7478813378	325.37266029757166	190.05094013308192	1
349.7478813378	325.37266029757166	349.7478813378	309.3528707921538	357.67344391576967	309.3528707921538	357.67344391576967	325.37266029757166	349.7478813378	325.37266029757166
R84	52.05983752232901	452.74806734964744	188.94392799821554	1
52.05983752232901	452.74806734964744	52.05983752232901	431.19984783439685	75.54104974675613	431.19984783439685	75.54104974675613	452.74806734964744	52.05983752232901	452.74806734964744
R83	205.12193662205155	226.49273785473795	45.23815927895702	1
205.12193662205155	226.49273785473795	205.12193662205155	214.7842023955698	224.1885988891771	214.7842023955698	224.1885988891771	226.49273785473795	205.12193662205155	226.49273785473795
R82	299.5837848578912	381.20451071250204	145.73438056726968	1
299.5837848578912	381.20451071250204	299.5837848578912	372.66528082827824	320.10065430043966	372.66528082827824	320.10065430043966	381.20451071250204	299.5837848578912	381.20451071250204
R81	70.96853413388186	279.7484403300868	152.0210099516223	1
70.96853413388186	279.7484403300868	70.96853413388186	258.5906909587929	88.60451832252676	258.5906909587929	88.60451832252676	279.7484403300868	70.96853413388186	279.7484403300868
R80	476.1239774452349	169.1560042279229	52.19498934795789	1
476.1239774452349	169.1560042279229	476.1239774452349	151.25207369876603	497.68282454085	151.25207369876603	497.68282454085	169.1560042279229	476.1239774452349	169.1560042279229
R79	122.18409709533013	294.7064617573211	91.5921434436115	1
122.18409709533013	294.7064617573211	122.18409709533013	278.8282927431652	129.3687794512413	278.8282927431652	129.3687794512413	294.7064617573211	122.18409709533013	294.7064617573211
R78	38.55425830653117	197.44745352533658	91.38413985112281	1
38.55425830653117	197.44745352533658	38.55425830653117	191.46216783742426	56.34722592487837	191.46216783742426	56.34722592487837	197.44745352533658	38.55425830653117	197.44745352533658
R77	140.02098066596875	10.28540105864907	55.97980949421902	1
140.02098066596875	10.28540105864907	140.02098066596875	-9.454178222971022	161.33572957801084	-9.454178222971022	161.33572957801084	10.28540105864907	140.02098066596875	10.28540105864907
R76	406.98743055793807	86.086382482311	156.887026657622	1
406.98743055793807	86.086382482311	406.98743055793807	78.23029091934123	417.7083789639594	78.23029091934123	417.7083789639594	86.086382482311	406.98743055793807	86.086382482311
R75	367.0488771278844	177.97639790510223	98.91000630427227	1
367.0488771278844	177.97639790510223	367.0488771278844	157.92875350752954	381.65137254662415	157.92875350752954	381.65137254662415	177.97639790510223	367.0488771278844	177.97639790510223
R74	460.647713570088	427.21557016721187	180.56502928264	1
460.647713570088	427.21557016721187	460.647713570088	416.74884174108394	468.90310191795965	416.74884174108394	468.90310191795965	427.21557016721187	460.647713570088	427.21557016721187
R73	402.38539874257526	387.6436845329295	162.37328137266184	1
402.38539874257526	387.6436845329295	402.38539874257526	363.7678178326087	412.8324806981709	363.7678178326087	412.8324806981709	387.6436845329295	402.38539874257526	387.6436845329295
R72	158.71925580631554	467.75524293661056	210.96800569941445	1
158.71925580631554	467.75524293661056	158.71925580631554	443.85563874110926	175.2481268550773	443.85563874110926	175.2481268550773	467.75524293661056	158.71925580631554	467.75524293661056
R71	72.23483401150374	401.95984919791505	197.12980175276573	1
72.23483401150374	401.95984919791505	72.23483401150374	395.3540531205394	86.90705694941617	395.3540531205394	86.90705694941617	401.95984919791505	72.23483401150374	401.95984919791505
R70	42.45991965760367	31.51996573981244	137.60660039705982	1
42.45991965760367	31.51996573981244	42.45991965760367	11.336550206099448	61.205220676054815	11.336550206099448	61.205220676054815	31.51996573981244	42.45991965760367	31.51996573981244
R69	433.27427502002894	153.0303504632309	211.27542431301663	1
433.27427502002894	153.0303504632309	433.27427502002894	128.4017314952364	441.98346084064275	128.4017314952364	441.98346084064275	153.0303504632309	433.27427502002894	153.0303504632309
R68	457.36945200455557	398.11460714966074	38.19646388222894	1
457.36945200455557	398.11460714966074	457.36945200455557	383.99426260559653	474.7710542998716	383.99426260559653	474.7710542998716	398.11460714966074	457.36945200455557	398.11460714966074
R67	348.9260507252154	302.26211801229067	188.13805996796611	1
348.9260507252154	302.26211801229067	348.9260507252154	293.1008689414624	370.115272305296	293.1008689414624	370.115272305296	302.26211801229067	348.9260507252154	302.26211801229067
R66	56.70098633786651	203.41412557758053	194.89682479935152	1
56.70098633786651	203.41412557758053	56.70098633786651	197.83480444068368	77.90889210549429	197.83480444068368	77.90889210549429	203.41412557758053	56.70098633786651	203.41412557758053
R65	331.0555593355965	22.030838116308225	166.50309966149354	1
331.0555593355965	22.030838116308225	331.0555593355965	-1.0992017660573659	352.8290954735345	-1.0992017660573659	352.8290954735345	22.030838116308225	331.0555593355965	22.030838116308225
R64	190.10500037490198	303.9320345111794	136.9042191130722	1
190.10500037490198	303.9320345111794	190.10500037490198	296.22355985482034	213.13934207013784	296.22355985482034	213.13934207013784	303.9320345111794	190.10500037490198	303.9320345111794
R63	152.13363945984847	405.2016005271419	149.4405617037837	1
152.13363945984847	405.2016005271419	152.13363945984847	397.1263418892632	158.1825812274944	397.1263418892632	158.1825812274944	405.2016005271419	152.13363945984847	405.2016005271419
R62	403.6947689556747	484.8819831706306	97.45133312085233	1
403.6947689556747	484.8819831706306	403.6947689556747	474.3620820561319	423.90734591247053	474.3620820561319	423.90734591247053	484.8819831706306	403.6947689556747	484.8819831706306
R61	175.40239443302633	16.057679939268304	166.10010942325485	1
175.40239443302633	16.057679939268304	175.40239443302633	3.02825320887902	180.71969938251218	3.02825320887902	180.71969938251218	16.057679939268304	175.40239443302633	16.057679939268304
R60	460.3224296738235	159.23732122549714	200.42085090051452	1
460.3224296738235	159.23732122549714	460.3224296738235	144.93745234765876	473.8426338114777	144.93745234765876	473.8426338114777	159.23732122549714	460.3224296738235	159.23732122549714
R59	343.08370240605734	283.6920457174918	115.5631338780742	1
343.08370240605734	283.6920457174918	343.08370240605734	261.36937432272526	363.1906176667246	261.36937432272526	363.1906176667246	283.6920457174918	343.08370240605734	283.6920457174918
R58	371.3546572909782	202.5932808870679	123.94446239255625	1
371.3546572909782	202.5932808870679	371.3546572909782	190.29569277679357	377.53078478794083	190.29569277679357	377.53078478794083	202.5932808870679	371.3546572909782	202.5932808870679
R57	315.16936616972583	326.41633317362664	113.0607222927777	1
315.16936616972583	326.41633317362664	315.16936616972583	302.1481372059782	336.40327566825755	302.1481372059782	336.40327566825755	326.41633317362664	315.16936616972583	326.41633317362664
R56	63.737024976541726	296.13640533268506	124.73261116664685	1
63.737024976541726	296.13640533268506	63.737024976541726	288.9907335978488	72.91207477642985	288.9907335978488	72.91207477642985	296.13640533268506	63.737024976541726	296.13640533268506
R55	453.8319215416877	443.2419917567408	149.88269307786604	1
453.8319215416877	443.2419917567408	453.8319215416877	435.5609807796379	461.0737850953247	435.5609807796379	461.0737850953247	443.2419917567408	453.8319215416877	443.2419917567408
R54	448.6361352205382	207.52604460627273	136.03664988573874	1
448.6361352205382	207.52604460627273	448.6361352205382	197.06063570945835	472.9253380388558	197.06063570945835	472.9253380388558	207.52604460627273	448.6361352205382	207.52604460627273
R53	20.99536800838477	355.98822803070334	102.34683266162496	1
20.99536800838477	355.98822803070334	20.99536800838477	337.80519450897384	33.043053196000415	337.80519450897384	33.043053196000415	355.98822803070334	20.99536800838477	355.98822803070334
R52	260.44855919699705	86.9924474432127	146.96164224020293	1
260.44855919699705	86.9924474432127	260.44855919699705	66.88246860341125	281.51399615681623	66.88246860341125	281.51399615681623	86.9924474432127	260.44855919699705	86.9924474432127
R51	49.104643829574016	213.07144561609792	180.37977073297068	1
49.104643829574016	213.07144561609792	49.104643829574016	201.8237524462916	70.7265773242004	201.8237524462916	70.7265773242004	213.07144561609792	49.104643829574016	213.07144561609792
R50	117.46570952130452	503.45626740706246	166.3105143880004	1
117.46570952130452	503.45626740706246	117.46570952130452	488.957539292755	126.61150521322608	488.957539292755	126.61150521322608	503.45626740706246	117.46570952130452	503.45626740706246
R49	337.6330466379602	383.53098988554285	118.88067180991881	1
337.6330466379602	383.53098988554285	337.6330466379602	359.5938232952107	361.1647285969859	359.5938232952107	361.1647285969859	383.53098988554285	337.6330466379602	383.53098988554285
R48	27.98357796513587	72.9741204902324	65.70297648715133	1
27.98357796513587	72.9741204902324	27.98357796513587	64.47848011863306	40.22328144864271	64.47848011863306	40.22328144864271	72.9741204902324	27.98357796513587	72.9741204902324
R47	350.36662223676996	107.34566213947694	201.9303530474133	1
350.36662223676996	107.34566213947694	350.36662223676996	95.06030340750048	368.54068191653374	95.06030340750048	368.54068191653374	107.34566213947694	350.36662223676996	107.34566213947694
R46	58.14655106375752	59.31480462041316	83.88235882529169	1
58.14655106375752	59.31480462041316	58.14655106375752	39.029689067465846	73.22243937477737	39.029689067465846	73.22243937477737	59.31480462041316	58.14655106375752	59.31480462041316
R45	321.00466637587255	345.5958957645538	139.90234632408018	1
321.00466637587255	345.5958957645538	321.00466637587255	339.3161300387544	326.53325479506196	339.3161300387544	326.53325479506196	345.5958957645538	321.00466637587255	345.5958957645538
R44	470.3142610328268	63.9710784736499	74.07980191266697	1
470.3142610328268	63.9710784736499	470.3142610328268	40.272884339221065	489.9764289311508	40.272884339221065	489.9764289311508	63.9710784736499	470.3142610328268	63.9710784736499
R43	477.1152260871786	191.52616735863833	161.69266510231742	1
477.1152260871786	191.52616735863833	477.1152260871786	172.1308295838509	483.37167270668	172.1308295838509	483.37167270668	191.52616735863833	477.1152260871786	191.52616735863833
R42	433.24059231876134	70.41140387828915	86.58163218150803	1
433.24059231876134	70.41140387828915	433.24059231876134	64.96906317401385	445.4218120135852	64.96906317401385	445.4218120135852	70.41140387828915	433.24059231876134	70.41140387828915
R41	-5.01521418342684	261.0624078451144	216.87473043730722	1
-5.01521418342684	261.0624078451144	-5.01521418342684	246.42893972875504	15.959564904186673	246.42893972875504	15.959564904186673	261.0624078451144	-5.01521418342684	261.0624078451144
R40	347.85386549831753	114.87661157205582	71.65263451827292	1
347.85386549831753	114.87661157205582	347.85386549831753	103.18869097629462	354.704327321852	103.18869097629462	354.704327321852	114.87661157205582	347.85386549831753	114.87661157205582
R39	330.40125314439973	498.83898037651767	176.3997707327369	1
330.40125314439973	498.83898037651767	330.40125314439973	484.8197440718506	346.9354346989168	484.8197440718506	346.9354346989168	498.83898037651767	330.40125314439973	498.83898037651767
R38	114.92727258334277	453.52596798470296	192.2174129460087	1
114.92727258334277	453.52596798470296	114.92727258334277	440.061478916676	133.001448166886	440.061478916676	133.001448166886	453.52596798470296	114.92727258334277	453.52596798470296
R37	202.9091905406424	253.29006552458117	163.8615799570088	1
202.9091905406424	253.29006552458117	202.9091905406424	229.78003913916683	216.03667754619093	229.78003913916683	216.03667754619093	253.29006552458117	202.9091905406424	253.29006552458117
R36	193.42867880211767	13.237477415222509	212.71067643508678	1
193.42867880211767	13.237477415222509	193.42867880211767	7.917455574769873	210.64466019246387	7.917455574769873	210.64466019246387	13.237477415222509	193.42867880211767	13.237477415222509
R35	303.5763588474966	381.8599871036012	180.75602476459778	1
303.5763588474966	381.8599871036012	303.5763588474966	371.59133874457035	314.6343282750867	371.59133874457035	314.6343282750867	381.8599871036012	303.5763588474966	381.8599871036012
R34	380.8387600835829	170.86699838043668	206.03785356733417	1
380.8387600835829	170.86699838043668	380.8387600835829	154.17079086438306	396.15856731575025	154.17079086438306	396.15856731575025	170.86699838043668	380.8387600835829	170.86699838043668
R33	158.81071063891508	194.88736807452818	140.99789525982234	1
158.81071063891508	194.88736807452818	158.81071063891508	180.63328352652178	179.8058139824182	180.63328352652178	179.8058139824182	194.88736807452818	158.81071063891508	194.88736807452818
R32	69.22660003304539	183.27093004934508	161.88648673575395	1
69.22660003304539	183.27093004934508	69.22660003304539	162.79799979686223	87.3340664761728	162.79799979686223	87.3340664761728	183.27093004934508	69.22660003304539	183.27093004934508
R31	435.26690429071994	444.21752090713693	91.53760129666833	1
435.26690429071994	444.21752090713693	435.26690429071994	423.13452881169536	441.81289623932196	423.13452881169536	441.81289623932196	444.21752090713693	435.26690429071994	444.21752090713693
R30	143.37180749132	357.89717367837704	93.3084176930761	1
143.37180749132	357.89717367837704	143.37180749132	349.76210405476877	167.95277899472353	349.76210405476877	167.95277899472353	357.89717367837704	143.37180749132	357.89717367837704
R29	363.38130413190237	80.09803657700536	93.09292865584683	1
363.38130413190237	80.09803657700536	363.38130413190237	71.98296036992963	376.351901732013	71.98296036992963	376.351901732013	80.09803657700536	363.38130413190237	80.09803657700536
R28	429.7222043326212	431.2489521829603	64.20738672314594	1
429.7222043326212	431.2489521829603	429.7222043326212	425.2342164345113	435.279911705394	425.2342164345113	435.279911705394	431.2489521829603	429.7222043326212	431.2489521829603
R27	449.57456783456587	347.41210286199777	125.51305578440551	1
449.57456783456587	347.41210286199777	449.57456783456587	326.6966307926279	470.4434617164708	326.6966307926279	470.4434617164708	347.41210286199777	449.57456783456587	347.41210286199777
R26	117.47613781313443	350.0262439460432	151.85085658583384	1
117.47613781313443	350.0262439460432	117.47613781313443	337.96417180217384	140.94273499028918	337.96417180217384	140.94273499028918	350.0262439460432	117.47613781313443	350.0262439460432
R25	299.6609344561691	359.8042955032899	151.6413547842801	1
299.6609344561691	359.8042955032899	299.6609344561691	339.15704708651145	308.32900193822513	339.15704708651145	308.32900193822513	359.8042955032899	299.6609344561691	359.8042955032899
R24	15.57847718386541	367.24963401462736	44.87127315097631	1
15.57847718386541	367.24963401462736	15.57847718386541	349.65188918977896	35.31184827242383	349.65188918977896	35.31184827242383	367.24963401462736	15.57847718386541	367.24963401462736
R23	348.5032784542323	297.7534416644906	64.39847392011698	1
348.5032784542323	297.7534416644906	348.5032784542323	284.20627500701715	361.2411721790707	284.20627500701715	361.2411721790707	297.7534416644906	348.5032784542323	297.7534416644906
R22	21.919401257278402	363.17094785298457	126.03991634626507	1
21.919401257278402	363.17094785298457	21.919401257278402	339.67069729722493	43.002479478875166	339.67069729722493	43.002479478875166	363.17094785298457	21.919401257278402	363.17094785298457
R21	393.45283976082	24.147454598502797	149.70992921950076	1
393.45283976082	24.147454598502797	393.45283976082	16.709640852441048	412.41525062629034	16.709640852441048	412.41525062629034	24.147454598502797	393.45283976082	24.147454598502797
R20	53.52497889932113	448.2757854416321	51.646922908326516	1
53.52497889932113	448.2757854416321	53.52497889932113	442.9946266884688	74.612935011584	442.9946266884688	74.612935011584	448.2757854416321	53.52497889932113	448.2757854416321
R19	201.61295176045118	368.4145175989295	50.21193806183012	1
201.61295176045118	368.4145175989295	201.61295176045118	349.1852780156147	226.20896979278743	349.1852780156147	226.20896979278743	368.4145175989295	201.61295176045118	368.4145175989295
R18	199.02866485707418	143.1822221705485	97.93802122686695	1
199.02866485707418	143.1822221705485	199.02866485707418	136.6807985017093	217.31745336949692	136.6807985017093	217.31745336949692	143.1822221705485	199.02866485707418	143.1822221705485
R17	383.46552370228653	287.76564109190315	100.51201755654041	1
383.46552370228653	287.76564109190315	383.46552370228653	276.60241993713805	397.6976472663698	276.60241993713805	397.6976472663698	287.76564109190315	383.46552370228653	287.76564109190315
R16	317.2127132661507	297.74071556306654	72.5796819380972	1
317.2127132661507	297.74071556306654	317.2127132661507	272.7588352525882	334.43058603739246	272.7588352525882	334.43058603739246	297.74071556306654	317.2127132661507	297.74071556306654
R15	137.89965042671932	431.6029559694784	169.131644677644	1
137.89965042671932	431.6029559694784	137.89965042671932	407.44967938088104	156.61211383765564	407.44967938088104	156.61211383765564	431.6029559694784	137.89965042671932	431.6029559694784
R14	317.9085615851548	369.1395996884188	65.83761713517337	1
317.9085615851548	369.1395996884188	317.9085615851548	347.8785391086684	341.5602868869807	347.8785391086684	341.5602868869807	369.1395996884188	317.9085615851548	369.1395996884188
R13	306.1811435626516	382.64870719230373	184.82127619809083	1
306.1811435626516	382.64870719230373	306.1811435626516	362.6751488440706	316.98636661579775	362.6751488440706	316.98636661579775	382.64870719230373	306.1811435626516	382.64870719230373
R12	14.045422218132853	126.32117329330103	87.23037687272608	1
14.045422218132853	126.32117329330103	14.045422218132853	102.56772916505233	24.467068175390818	102.56772916505233	24.467068175390818	126.32117329330103	14.045422218132853	126.32117329330103
R11	484.90227280951655	5.849485180803089	158.58020717247894	1
484.90227280951655	5.849485180803089	484.90227280951655	-3.400262218129953	501.3823525842109	-3.400262218129953	501.3823525842109	5.849485180803089	484.90227280951655	5.849485180803089
R10	466.13583841174494	325.5127425742966	109.49927148102039	1
466.13583841174494	325.5127425742966	466.13583841174494	315.45146678263035	481.2461119513486	315.45146678263035	481.2461119513486	325.5127425742966	466.13583841174494	325.5127425742966
R9	480.45056905331563	443.6103482588678	213.43573825019376	1
480.45056905331563	443.6103482588678	480.45056905331563	436.4052738242964	486.0588643712186	436.4052738242964	486.0588643712186	443.6103482588678	480.45056905331563	443.6103482588678
R8	122.98755381933024	409.17753588511306	91.00707371733608	1
122.98755381933024	409.17753588511306	122.98755381933024	400.28446299072056	138.94979888975678	400.28446299072056	138.94979888975678	409.17753588511306	122.98755381933024	409.17753588511306
R7	70.0359413483817	253.41368458201683	116.95255721941353	1
70.0359413483817	253.41368458201683	70.0359413483817	229.2990911508418	80.95192321492922	229.2990911508418	80.95192321492922	253.41368458201683	70.0359413483817	253.41368458201683
R6	294.9306081102337	478.19017070686317	60.8536835063255	1
294.9306081102337	478.19017070686317	294.9306081102337	466.1482258097116	312.2677079483042	466.1482258097116	312.2677079483042	478.19017070686317	294.9306081102337	478.19017070686317
R5	116.8150171071237	171.37737211714685	95.1977875672771	1
116.8150171071237	171.37737211714685	116.8150171071237	148.9565416330113	125.83368506297934	148.9565416330113	125.83368506297934	171.37737211714685	116.8150171071237	171.37737211714685
R4	-1.65126966657186	274.54112831385163	52.49460301246557	1
-1.65126966657186	274.54112831385163	-1.65126966657186	263.66427203438815	19.381267756414406	263.66427203438815	19.381267756414406	274.54112831385163	-1.65126966657186	274.54112831385163
R3	249.15186521677145	232.80688282256736	124.91126129646153	1
249.15186521677145	232.80688282256736	249.15186521677145	215.3429444114719	271.51715083463256	215.3429444114719	271.51715083463256	232.80688282256736	249.15186521677145	232.80688282256736
R2	102.8041415678189	309.37527505954324	215.99947000476703	1
102.8041415678189	309.37527505954324	102.8041415678189	292.57532544342234	127.61030885690906	292.57532544342234	127.61030885690906	309.37527505954324	102.8041415678189	309.37527505954324
R1	386.55415499806384	368.29621764450553	148.45561851047316	1
386.55415499806384	368.29621764450553	386.55415499806384	344.51674457063484	392.47386378582735	344.51674457063484	392.47386378582735	368.29621764450553	386.55415499806384	368.29621764450553
