R100	209.8333436697343	51.78355296948296	88.45168893202747	5
209.8333436697343	51.78355296948296	209.8333436697343	28.31934193554013	223.91903026258507	28.31934193554013	223.91903026258507	51.78355296948296	209.8333436697343	51.78355296948296
218.03847816574046	49.89708508891597	218.03847816574046	41.556892334759326	229.79958235942968	41.556892334759326	229.79958235942968	49.89708508891597
218.66912052912426	34.55404992755708	218.66912052912426	24.103107321328743	229.16893999604588	24.103107321328743	229.16893999604588	34.55404992755708
216.84415091464405	52.47657667432901	216.84415091464405	41.29815963652328	230.9939096105261	41.29815963652328	230.9939096105261	52.47657667432901
219.71920411400703	37.54492430336077	219.71920411400703	23.424704704727144	228.1188564111631	23.424704704727144	228.1188564111631	37.54492430336077
R99	320.9442750989123	25.375753704917535	124.62619333123067	5
320.9442750989123	25.375753704917535	320.9442750989123	5.91595860489711	333.135881498006	5.91595860489711	333.135881498006	25.375753704917535	320.9442750989123	25.375753704917535
317.09091933595454	9.781644835260742	317.09091933595454	2.050272374533478	329.88865737810426	2.050272374533478	329.88865737810426	9.781644835260742
319.47795686193916	15.792559191972185	319.47795686193916	-3.9606419821779646	336.9970090793948	-3.9606419821779646	336.9970090793948	15.792559191972185
329.4312752477591	35.54015124840954	329.4312752477591	11.912717223598026	336.8404877482528	11.912717223598026	336.8404877482528	35.54015124840954
323.68280157723984	19.793187552308513	323.68280157723984	-0.7949267545031979	342.5889614187721	-0.7949267545031979	342.5889614187721	19.793187552308513
R98	421.5982959987445	225.35920298577477	99.21143712581444	5
421.5982959987445	225.35920298577477	421.5982959987445	215.59443117449368	431.7566096311146	215.59443117449368	431.7566096311146	225.35920298577477	421.5982959987445	225.35920298577477
414.90083718281386	222.20570445158916	414.90083718281386	214.64474618946258	428.29575481467515	214.64474618946258	428.29575481467515	222.20570445158916
416.47663533921695	222.24040753932417	416.47663533921695	208.94845480966313	431.0211391173997	208.94845480966313	431.0211391173997	222.24040753932417
417.1674725582653	228.88054942856687	417.1674725582653	221.83785654298268	432.5550339667115	221.83785654298268	432.5550339667115	228.88054942856687
425.43937805342796	229.39679187043555	425.43937805342796	213.269562264495	438.07384120880124	213.269562264495	438.07384120880124	229.39679187043555
R97	274.779632466012	158.01101546570422	92.7932151183937	5
274.779632466012	158.01101546570422	274.779632466012	144.18043616119	299.7543600433254	144.18043616119	299.7543600433254	158.01101546570422	274.779632466012	158.01101546570422
265.9006132643146	159.1034192284601	265.9006132643146	151.78657039113165	283.6586516677094	151.78657039113165	283.6586516677094	159.1034192284601
289.83376990830055	153.0666378191628	289.83376990830055	135.29423450321718	306.4836668589605	135.29423450321718	306.4836668589605	153.0666378191628
291.6820755293411	164.4832967364994	291.6820755293411	140.43278486271217	307.8266445573097	140.43278486271217	307.8266445573097	164.4832967364994
277.6985412274256	165.79614840100848	277.6985412274256	150.22588253039996	289.7402697516321	150.22588253039996	289.7402697516321	165.79614840100848
R96	149.42551889056534	403.1142402817025	149.05315064286677	5
149.42551889056534	403.1142402817025	149.42551889056534	378.2690078188983	168.62516650040936	378.2690078188983	168.62516650040936	403.1142402817025	149.42551889056534	403.1142402817025
163.1662804443059	399.02919866502276	163.1662804443059	383.1807167403244	174.08405255651283	383.1807167403244	174.08405255651283	399.02919866502276
142.21009483649306	391.10944768509614	142.21009483649306	375.3635083277877	156.64094294463763	375.3635083277877	156.64094294463763	391.10944768509614
145.98616131527882	386.6266440095969	145.98616131527882	369.9113716281997	155.98110697506365	369.9113716281997	155.98110697506365	386.6266440095969
146.19567542023321	405.6913383295902	146.19567542023321	400.5371422338148	153.63873599772876	400.5371422338148	153.63873599772876	405.6913383295902
R95	340.09936467504235	16.53927100076023	126.94954771721504	5
340.09936467504235	16.53927100076023	340.09936467504235	3.187172957641833	363.366420599657	3.187172957641833	363.366420599657	16.53927100076023	340.09936467504235	16.53927100076023
347.87083638012916	27.68197783221416	347.87083638012916	5.3965641693063	356.71381810992443	5.3965641693063	356.71381810992443	27.68197783221416
353.63418996615525	20.07239700768277	353.63418996615525	4.642322034072855	373.0986512331587	4.642322034072855	373.0986512331587	20.07239700768277
339.1457463119075	23.564167188579493	339.1457463119075	9.514374812940968	346.6869340416299	9.514374812940968	346.6869340416299	23.564167188579493
331.58354341440344	19.686654697614834	331.58354341440344	3.4890219142466936	348.61518593568127	3.4890219142466936	348.61518593568127	19.686654697614834
R94	481.3904352522389	230.44259059207934	142.19272959780278	5
481.3904352522389	230.44259059207934	481.3904352522389	208.24579765432122	497.38497103965113	208.24579765432122	497.38497103965113	230.44259059207934	481.3904352522389	230.44259059207934
470.82455449773863	219.5348709698214	470.82455449773863	211.8758489821012	491.95631600673914	211.8758489821012	491.95631600673914	219.5348709698214
470.5294107575725	224.2341327569311	470.5294107575725	208.62760989995826	492.25145974690537	208.62760989995826	492.25145974690537	224.2341327569311
490.36770097381884	233.23967129616307	490.36770097381884	219.26084205858126	504.4022411054834	219.26084205858126	504.4022411054834	233.23967129616307
475.0894332135106	222.82551472719763	475.0894332135106	205.21919560961965	487.6914372909673	205.21919560961965	487.6914372909673	222.82551472719763
R93	182.04019916846093	36.082566440153066	149.11268406489614	5
182.04019916846093	36.082566440153066	182.04019916846093	13.280357145191038	195.33502131929137	13.280357145191038	195.33502131929137	36.082566440153066	182.04019916846093	36.082566440153066
187.19471984003593	34.392701614387924	187.19471984003593	27.16536559258846	203.4753227985468	27.16536559258846	203.4753227985468	34.392701614387924
190.86753327255158	28.800047134418403	190.86753327255158	13.202657678600136	199.80250936603116	13.202657678600136	199.80250936603116	28.800047134418403
172.00815880056558	21.21438552437468	172.00815880056558	11.458680823538135	192.07223953635622	11.458680823538135	192.07223953635622	21.21438552437468
184.84681521310767	27.540153391137437	184.84681521310767	10.333402852800248	205.82322742547507	10.333402852800248	205.82322742547507	27.540153391137437
R92	403.7951046769233	144.2525443226061	118.19608033546565	5
403.7951046769233	144.2525443226061	403.7951046769233	121.48087916504817	418.8855781342618	121.48087916504817	418.8855781342618	144.2525443226061	403.7951046769233	144.2525443226061
394.02926287825943	147.83569581164812	394.02926287825943	134.33270599323453	413.5609464755872	134.33270599323453	413.5609464755872	147.83569581164812
394.8382897280478	133.3240407913832	394.8382897280478	113.00454230184019	412.7519196257988	113.00454230184019	412.7519196257988	133.3240407913832
399.5081374950875	132.85013712700723	399.5081374950875	122.01808180940218	408.0820718587591	122.01808180940218	408.0820718587591	132.85013712700723
398.2279103379585	138.15888823129322	398.2279103379585	116.25097239616736	409.3622990158881	116.25097239616736	409.3622990158881	138.15888823129322
R91	229.98605473264843	368.3310644015057	154.72697525884612	5
229.98605473264843	368.3310644015057	229.98605473264843	353.5108875071337	250.41772547187412	353.5108875071337	250.41772547187412	368.3310644015057	229.98605473264843	368.3310644015057
228.62480623853276	358.5030390032491	228.62480623853276	348.5187360110182	241.9230887510359	348.5187360110182	241.9230887510359	358.5030390032491
231.4865770797175	373.539482296653	231.4865770797175	363.1226465063585	239.30609213988157	363.1226465063585	239.30609213988157	373.539482296653
237.36142064884461	357.6012429997814	237.36142064884461	349.420532014486	245.5700289814506	349.420532014486	245.5700289814506	357.6012429997814
236.3587478428825	356.8564703364962	236.3587478428825	350.1653046777712	253.40409848297844	350.1653046777712	253.40409848297844	356.8564703364962
R90	318.8342888476477	304.9492501156097	128.95346161730257	5
318.8342888476477	304.9492501156097	318.8342888476477	287.91539177382975	339.6514273496375	287.91539177382975	339.6514273496375	304.9492501156097	318.8342888476477	304.9492501156097
323.95067613764274	307.7439913284874	323.95067613764274	302.15450890273195	334.11899662262044	302.15450890273195	334.11899662262044	307.7439913284874
318.66614184133044	308.68480986318724	318.66614184133044	301.21369036803225	324.0566147065526	301.21369036803225	324.0566147065526	308.68480986318724
309.5474788964808	311.9850964866136	309.5474788964808	297.9134037446058	332.5339354692238	297.9134037446058	332.5339354692238	311.9850964866136
332.04790080246505	316.16335292545756	332.04790080246505	293.7351473057618	338.2522783263058	293.7351473057618	338.2522783263058	316.16335292545756
R89	266.48400775306254	467.27545662380277	95.18400169687652	5
266.48400775306254	467.27545662380277	266.48400775306254	452.81800803125424	288.2022012537093	452.81800803125424	288.2022012537093	467.27545662380277	266.48400775306254	467.27545662380277
268.66113353890654	477.1724329492997	268.66113353890654	457.37848029830593	277.1471580734116	457.37848029830593	277.1471580734116	477.1724329492997
260.4244943056281	473.4051672878284	260.4244943056281	449.11466678170854	272.54352120049697	449.11466678170854	272.54352120049697	473.4051672878284
284.05156964006824	469.13140255579657	284.05156964006824	462.83006214507697	292.35283286735034	462.83006214507697	292.35283286735034	469.13140255579657
268.0673257621951	473.53906398312347	268.0673257621951	461.01184926448207	291.9384290918259	461.01184926448207	291.9384290918259	473.53906398312347
R88	164.76141058402933	225.91705742976475	125.53493815119091	5
164.76141058402933	225.91705742976475	164.76141058402933	213.9071007697103	187.0673294597925	213.9071007697103	187.0673294597925	225.91705742976475	164.76141058402933	225.91705742976475
163.03756424120718	218.14250621123074	163.03756424120718	209.6716953281898	183.54928365806973	209.6716953281898	183.54928365806973	218.14250621123074
171.0641550656184	219.045289555535	171.0641550656184	208.7689119838856	194.4480055298799	208.7689119838856	194.4480055298799	219.045289555535
172.12408280078006	229.35433927209897	172.12408280078006	222.47977558743054	195.3760406064722	222.47977558743054	195.3760406064722	229.35433927209897
161.72670221009216	218.11064510031983	161.72670221009216	209.70355643910082	184.73843439629658	209.70355643910082	184.73843439629658	218.11064510031983
R87	68.66037384163201	212.439396382488	175.0989977112816	5
68.66037384163201	212.439396382488	68.66037384163201	203.7109562282777	92.04183346753118	203.7109562282777	92.04183346753118	212.439396382488	68.66037384163201	212.439396382488
80.46196303856189	222.60957752549112	80.46196303856189	202.17517335310478	103.62170389650046	202.17517335310478	103.62170389650046	222.60957752549112
63.89319123658559	216.00441380276027	63.89319123658559	194.13606401418883	73.42755644667842	194.13606401418883	73.42755644667842	216.00441380276027
86.36242187781382	215.0095050819845	86.36242187781382	209.8692876829915	95.6628711017754	209.8692876829915	95.6628711017754	215.0095050819845
63.6882834091582	212.15048677695142	63.6882834091582	198.3506797621331	73.63246427410581	198.3506797621331	73.63246427410581	212.15048677695142
R86	148.55463794698582	500.5019902127819	100.63082429993045	5
148.55463794698582	500.5019902127819	148.55463794698582	477.16208818792137	162.06408496303865	477.16208818792137	162.06408496303865	500.5019902127819	148.55463794698582	500.5019902127819
151.4068470929853	499.9838288748297	151.4068470929853	485.29679349336647	172.72132283309202	485.29679349336647	172.72132283309202	499.9838288748297
144.09041005634032	486.34343383292634	144.09041005634032	478.2761504053913	153.01886583763132	478.2761504053913	153.01886583763132	486.34343383292634
145.9258423970638	485.0697396909539	145.9258423970638	469.69013616912633	151.18343349690784	469.69013616912633	151.18343349690784	485.0697396909539
150.00788991745364	504.44245417888106	150.00788991745364	496.5615262466827	165.6942344480331	496.5615262466827	165.6942344480331	504.44245417888106
R85	232.13664153287365	239.61187886225682	97.75076945628997	5
232.13664153287365	239.61187886225682	232.13664153287365	218.4505629097891	255.4911888356206	218.4505629097891	255.4911888356206	239.61187886225682	232.13664153287365	239.61187886225682
231.63758536202656	243.79627390616992	231.63758536202656	235.42748381834372	245.36211475192212	235.42748381834372	245.36211475192212	243.79627390616992
228.37730066565786	228.96881816797554	228.37730066565786	207.93230765160263	251.30062052025158	207.93230765160263	251.30062052025158	228.96881816797554
247.02159664284932	227.87461083055805	247.02159664284932	209.02651498902023	255.6188616839146	209.02651498902023	255.6188616839146	227.87461083055805
220.67933416373916	248.22598147559464	220.67933416373916	230.997776248919	243.6868233191505	230.997776248919	243.6868233191505	248.22598147559464
R84	101.08283054495928	126.49416957487092	160.61246350884483	5
101.08283054495928	126.49416957487092	101.08283054495928	114.16639410616192	119.30396099938031	114.16639410616192	119.30396099938031	126.49416957487092	101.08283054495928	126.49416957487092
95.84247134437958	116.87164070898262	95.84247134437958	111.46114750334118	107.31748371174221	111.46114750334118	107.31748371174221	116.87164070898262
89.77091742177518	125.05696870496027	89.77091742177518	103.27581950736356	112.59035137625142	103.27581950736356	112.59035137625142	125.05696870496027
111.69504199405166	124.30134009089022	111.69504199405166	104.03144812143361	124.79363658653126	104.03144812143361	124.79363658653126	124.30134009089022
109.71257711639961	125.09706531328698	109.71257711639961	118.48873378913282	128.895344882361	118.48873378913282	128.895344882361	125.09706531328698
R83	97.44556486363967	309.0797496425818	146.73228126254665	5
97.44556486363967	309.0797496425818	97.44556486363967	297.73098089845035	116.24163907896431	297.73098089845035	116.24163907896431	309.0797496425818	97.44556486363967	309.0797496425818
96.28188589157496	317.0246427604728	96.28188589157496	301.13485652469086	115.31984412264235	301.13485652469086	115.31984412264235	317.0246427604728
95.06679408479847	303.1837559891296	95.06679408479847	292.2782058077711	113.8244439143812	292.2782058077711	113.8244439143812	303.1837559891296
96.31403730699182	313.4726939599858	96.31403730699182	304.68680532517783	109.13031954957401	304.68680532517783	109.13031954957401	313.4726939599858
90.5787234158284	318.3756533140744	90.5787234158284	299.78384597108925	115.02958468280882	299.78384597108925	115.02958468280882	318.3756533140744
R82	4.771607321857603	48.11020796373396	92.10230501659423	5
4.771607321857603	48.11020796373396	4.771607321857603	40.117630559994105	24.866288930062765	40.117630559994105	24.866288930062765	48.11020796373396	4.771607321857603	48.11020796373396
5.057819339442997	56.15537418678185	5.057819339442997	40.06504174068609	12.958681038260941	40.06504174068609	12.958681038260941	56.15537418678185
14.54895860304104	47.34206483440631	14.54895860304104	32.8931962855819	35.11837238910999	32.8931962855819	35.11837238910999	47.34206483440631
-3.074004356199424	54.78754951525313	-3.074004356199424	41.43286641221478	19.305066176260425	41.43286641221478	19.305066176260425	54.78754951525313
6.508497031931915	46.11559704620087	6.508497031931915	34.11966407378734	12.683243706043468	34.11966407378734	12.683243706043468	46.11559704620087
R81	298.94712977728346	421.3600000593804	102.71950161501988	5
298.94712977728346	421.3600000593804	298.94712977728346	401.86119845369006	317.556860577548	401.86119845369006	317.556860577548	421.3600000593804	298.94712977728346	421.3600000593804
310.7203425951877	411.4932708369114	310.7203425951877	392.22912607046874	323.49368769699487	392.22912607046874	323.49368769699487	411.4932708369114
288.657074021757	414.00405131347014	288.657074021757	399.20529204664143	309.2371855328099	399.20529204664143	309.2371855328099	414.00405131347014
305.7486956773597	428.5718865428011	305.7486956773597	405.9651877623965	329.36502547773625	405.9651877623965	329.36502547773625	428.5718865428011
313.2040668076599	422.9486283284388	313.2040668076599	413.79270085749164	321.90965434743606	413.79270085749164	321.90965434743606	422.9486283284388
R80	83.7693334689423	215.47565843660155	131.2713845125882	5
83.7693334689423	215.47565843660155	83.7693334689423	201.35664839461495	101.43298260568903	201.35664839461495	101.43298260568903	215.47565843660155	83.7693334689423	215.47565843660155
91.24700909435772	205.49925269577423	91.24700909435772	198.40221167791756	111.61895611702035	198.40221167791756	111.61895611702035	205.49925269577423
79.58656420134918	217.69429648373264	79.58656420134918	201.01109694067677	87.95210273653544	201.01109694067677	87.95210273653544	217.69429648373264
97.17659803832518	222.42954501275213	97.17659803832518	203.27810866682816	105.68936717305289	203.27810866682816	105.68936717305289	222.42954501275213
96.50883171183679	226.48774411529266	96.50883171183679	204.46357275791044	105.45858260546018	204.46357275791044	105.45858260546018	226.48774411529266
R79	456.2445990941969	410.43232613097103	99.56034353035797	5
456.2445990941969	410.43232613097103	456.2445990941969	394.44681439903803	477.208408201178	394.44681439903803	477.208408201178	410.43232613097103	456.2445990941969	410.43232613097103
466.81688873674716	401.75898502341323	466.81688873674716	389.88176167682064	487.5999276656088	389.88176167682064	487.5999276656088	401.75898502341323
452.51385234263455	405.9053475398824	452.51385234263455	387.6649147335411	459.9753458457591	387.6649147335411	459.9753458457591	405.9053475398824
468.39096511332355	419.601251559831	468.39096511332355	401.2634007021111	476.8822390759526	401.2634007021111	476.8822390759526	419.601251559831
473.38893382098223	409.13632835458804	473.38893382098223	402.0387519328373	481.0278825813736	402.0387519328373	481.0278825813736	409.13632835458804
R78	46.61315997506935	321.6074053334527	107.09969345124983	5
46.61315997506935	321.6074053334527	46.61315997506935	300.2991472314445	70.97411202940448	300.2991472314445	70.97411202940448	321.6074053334527	46.61315997506935	321.6074053334527
48.60093422132836	331.29089544541694	48.60093422132836	311.9239152214884	60.004797913366545	311.9239152214884	60.004797913366545	331.29089544541694
45.981515419732965	308.88266908135654	45.981515419732965	291.7156253815325	70.00801399296722	291.7156253815325	70.00801399296722	308.88266908135654
60.9621783079441	315.08094395933887	60.9621783079441	293.61309434098104	80.98604575086486	293.61309434098104	80.98604575086486	315.08094395933887
67.82235967829622	318.777832513245	67.82235967829622	299.60475686059783	74.12586438051274	299.60475686059783	74.12586438051274	318.777832513245
R77	478.1004755632148	294.47143978947753	92.35956635091794	5
478.1004755632148	294.47143978947753	478.1004755632148	278.5715729309815	493.9112108719545	278.5715729309815	493.9112108719545	294.47143978947753	478.1004755632148	294.47143978947753
466.3696248099109	296.1318861117944	466.3696248099109	273.75436779850236	489.8313263165187	273.75436779850236	489.8313263165187	296.1318861117944
471.44648231169316	289.54364834343994	471.44648231169316	267.5994975185231	488.90412702305485	267.5994975185231	488.90412702305485	289.54364834343994
469.81507646482305	296.8361434797443	469.81507646482305	283.37322061063327	486.3858746616065	283.37322061063327	486.3858746616065	296.8361434797443
483.56128087700597	285.53719515938207	483.56128087700597	271.60595070258097	503.51002641140735	271.60595070258097	503.51002641140735	285.53719515938207
R76	481.395008824944	166.89612420338122	160.25396476089912	5
481.395008824944	166.89612420338122	481.395008824944	142.86735401730883	494.93341588806715	142.86735401730883	494.93341588806715	166.89612420338122	481.395008824944	166.89612420338122
477.5017182901442	150.39081082975252	477.5017182901442	135.3438972048652	498.61287807059074	135.3438972048652	498.61287807059074	150.39081082975252
474.8587823660749	175.96698900541048	474.8587823660749	157.82525940135196	497.81834290363423	157.82525940135196	497.81834290363423	175.96698900541048
472.9711330525713	172.01961587032068	472.9711330525713	157.0357262895449	489.8188845973167	157.0357262895449	489.8188845973167	172.01961587032068
473.67774979212936	169.17185338565633	473.67774979212936	159.82381079458173	489.1122678577585	159.82381079458173	489.1122678577585	169.17185338565633
R75	478.85261649508135	164.07956529641422	100.11449628978664	5
478.85261649508135	164.07956529641422	478.85261649508135	145.47907459680033	491.2592172931972	145.47907459680033	491.2592172931972	164.07956529641422	478.85261649508135	164.07956529641422
467.2978223257182	156.2859831556635	467.2978223257182	138.46478912790067	490.4074106644445	138.46478912790067	490.4074106644445	156.2859831556635
471.9125546241343	155.37960432219768	471.9125546241343	135.57854487140298	487.9790621811247	135.57854487140298	487.9790621811247	155.37960432219768
476.1646358024057	154.98096322955485	476.1646358024057	135.97718596404582	495.5858225856844	135.97718596404582	495.5858225856844	154.98096322955485
476.073701138274	171.83103851565787	476.073701138274	155.89635708941384	481.6315318518887	155.89635708941384	481.6315318518887	171.83103851565787
R74	303.42760144799604	141.0886762776122	164.3446061510423	5
303.42760144799604	141.0886762776122	303.42760144799604	118.42163664181278	311.91386396505504	118.42163664181278	311.91386396505504	141.0886762776122	303.42760144799604	141.0886762776122
303.3785545161416	150.63745300980142	303.3785545161416	127.49891285449225	320.4491734139685	127.49891285449225	320.4491734139685	150.63745300980142
305.38880414844897	149.03632263460733	305.38880414844897	133.14102992061706	314.5064039863094	133.14102992061706	314.5064039863094	149.03632263460733
296.80688562315737	129.3385476176177	296.80688562315737	107.50472566600786	310.4386847830372	107.50472566600786	310.4386847830372	129.3385476176177
307.4945541904771	122.42138566290254	307.4945541904771	116.61576628911817	316.33317373963297	116.61576628911817	316.33317373963297	122.42138566290254
R73	347.33014875760904	228.0188077690548	115.34898946412555	5
347.33014875760904	228.0188077690548	347.33014875760904	215.75436556716724	359.1608427106143	215.75436556716724	359.1608427106143	228.0188077690548	347.33014875760904	228.0188077690548
348.2027696982344	233.92711615611898	348.2027696982344	222.11049938199062	364.498600146685	222.11049938199062	364.498600146685	233.92711615611898
342.48757446590304	229.5289291767633	342.48757446590304	207.6607761809978	352.17272304931504	207.6607761809978	352.17272304931504	229.5289291767633
350.73779010784926	237.0744054690066	350.73779010784926	218.47181282642566	367.58389531337934	218.47181282642566	367.58389531337934	237.0744054690066
356.65652250675794	225.51940268324398	356.65652250675794	214.94472450915367	361.66516291447067	214.94472450915367	361.66516291447067	225.51940268324398
R72	405.4104907807867	322.7705277902038	105.64518217103259	5
405.4104907807867	322.7705277902038	405.4104907807867	312.1921411358006	422.8632196648327	312.1921411358006	422.8632196648327	322.7705277902038	405.4104907807867	322.7705277902038
400.8182210283565	320.85740932502097	400.8182210283565	310.7143846925251	410.00276053321676	310.7143846925251	410.00276053321676	320.85740932502097
399.9324250563027	319.4315840172173	399.9324250563027	313.1808281776077	410.8885565052707	313.1808281776077	410.8885565052707	319.4315840172173
411.9215431680709	329.3646499320957	411.9215431680709	316.1764056483119	419.9577007020823	316.1764056483119	419.9577007020823	329.3646499320957
414.7614769501382	328.5344704339024	414.7614769501382	310.4551839802711	430.96496237952726	310.4551839802711	430.96496237952726	328.5344704339024
R71	418.2695283493544	506.44362180535205	97.88121769617177	5
418.2695283493544	506.44362180535205	418.2695283493544	483.00562425058496	442.7745579423102	483.00562425058496	442.7745579423102	506.44362180535205	418.2695283493544	506.44362180535205
429.0723330490946	491.84006563668197	429.0723330490946	474.17118286448795	440.29404782229915	474.17118286448795	440.29404782229915	491.84006563668197
422.6198439117669	494.1839015605317	422.6198439117669	471.8273469406382	446.6866330489912	471.8273469406382	446.6866330489912	494.1839015605317
438.93086793312483	494.4320005351566	438.93086793312483	481.8281077059686	446.61824795149556	481.8281077059686	446.61824795149556	494.4320005351566
408.2214317031711	491.9720484085186	408.2214317031711	474.0392000926513	432.0791564755424	474.0392000926513	432.0791564755424	491.9720484085186
R70	410.09605775289316	226.3482071104465	107.02117081724822	5
410.09605775289316	226.3482071104465	410.09605775289316	220.21046928921643	423.75956733352353	220.21046928921643	423.75956733352353	226.3482071104465	410.09605775289316	226.3482071104465
405.3240491118873	230.59905960872962	405.3240491118873	214.89353037495388	414.868066393899	214.89353037495388	414.868066393899	230.59905960872962
402.6381514035988	233.87541359738884	402.6381514035988	218.82100062350418	425.0284933738199	218.82100062350418	425.0284933738199	233.87541359738884
406.03473110503415	228.12852735596937	406.03473110503415	212.2924112224635	420.06926026101786	212.2924112224635	420.06926026101786	228.12852735596937
404.4444713755089	225.63648065566147	404.4444713755089	219.73124473281806	415.7476441302774	219.73124473281806	415.7476441302774	225.63648065566147
R69	306.2305553070635	71.63317695556871	104.69722437647023	5
306.2305553070635	71.63317695556871	306.2305553070635	60.04574617014389	318.9444373933456	60.04574617014389	318.9444373933456	71.63317695556871	306.2305553070635	71.63317695556871
304.30508467536254	63.30792228274338	304.30508467536254	56.783570057544395	314.3890505012032	56.783570057544395	314.3890505012032	63.30792228274338
310.9448602481854	77.94307623599866	310.9448602481854	65.32327767513877	318.7226978620484	65.32327767513877	318.7226978620484	77.94307623599866
316.1315462097069	64.94585462109816	316.1315462097069	57.80927380237613	321.75732857698426	57.80927380237613	321.75732857698426	64.94585462109816
305.5516354725045	80.1988811068878	305.5516354725045	63.06747280424964	327.6219152384632	63.06747280424964	327.6219152384632	80.1988811068878
R68	-4.5444684971078715	136.5316690037748	164.70530378529844	5
-4.5444684971078715	136.5316690037748	-4.5444684971078715	126.741259150646	15.796864278157845	126.741259150646	15.796864278157845	136.5316690037748	-4.5444684971078715	136.5316690037748
1.883052384895663	133.37113092974315	1.883052384895663	120.11138737154884	19.175278765880897	120.11138737154884	19.175278765880897	133.37113092974315
-2.853264728902392	143.36372292080875	-2.853264728902392	129.69961508674083	5.898854646263292	129.69961508674083	5.898854646263292	143.36372292080875
-8.367850265176974	148.41506469863992	-8.367850265176974	124.64827330890967	11.847098641598285	124.64827330890967	11.847098641598285	148.41506469863992
-16.49079324730978	140.81421242801977	-16.49079324730978	122.66605798250575	7.40185625309404	122.66605798250575	7.40185625309404	140.81421242801977
R67	272.01239878315903	36.22385205169997	165.47904926118525	5
272.01239878315903	36.22385205169997	272.01239878315903	27.574057027519814	290.1357155267066	27.574057027519814	290.1357155267066	36.22385205169997	272.01239878315903	36.22385205169997
278.1524399446403	32.831646364370314	278.1524399446403	22.316467690669317	294.590467375022	22.316467690669317	294.590467375022	32.831646364370314
279.808254935855	43.67028633907235	279.808254935855	24.52817717951478	300.46317611755813	24.52817717951478	300.46317611755813	43.67028633907235
280.1448118218184	33.70805462159016	280.1448118218184	25.512086316992054	300.12661923159476	25.512086316992054	300.12661923159476	33.70805462159016
267.8050594418009	33.10988229862778	267.8050594418009	25.350921758869053	276.21973812451716	25.350921758869053	276.21973812451716	33.10988229862778
R66	432.3450045652022	90.31679266785315	107.65399504003936	5
432.3450045652022	90.31679266785315	432.3450045652022	84.21390369787633	453.07048663919124	84.21390369787633	453.07048663919124	90.31679266785315	432.3450045652022	90.31679266785315
432.5261048711986	98.15300183734782	432.5261048711986	82.48058349835848	441.01380502583726	82.48058349835848	441.01380502583726	98.15300183734782
427.27217723981477	93.9326620227931	427.27217723981477	74.49514537295957	445.0192636518506	74.49514537295957	445.0192636518506	93.9326620227931
446.5302030174663	95.0565204743626	446.5302030174663	80.30447247844819	459.6107702609162	80.30447247844819	459.6107702609162	95.0565204743626
436.14731971427835	98.6802949060837	436.14731971427835	81.9532904296226	452.74964570377466	81.9532904296226	452.74964570377466	98.6802949060837
R65	351.56958803682187	48.94159017378597	105.1175369332522	5
351.56958803682187	48.94159017378597	351.56958803682187	25.35788573330899	365.8703066401654	25.35788573330899	365.8703066401654	48.94159017378597	351.56958803682187	48.94159017378597
357.1688447356262	54.39351072687455	357.1688447356262	43.489669620697384	364.73018777778077	43.489669620697384	364.73018777778077	54.39351072687455
362.2393493399484	38.54787873118477	362.2393493399484	32.021194002622394	369.5012639403824	32.021194002622394	369.5012639403824	38.54787873118477
355.1120783933829	58.84342097013331	355.1120783933829	38.11761240162356	376.6285348869479	38.11761240162356	376.6285348869479	58.84342097013331
341.64108705066957	46.18745414291033	341.64108705066957	29.89118113904862	361.49808902297417	29.89118113904862	361.49808902297417	46.18745414291033
R64	174.67144928627087	6.467703748696111	96.6393290667024	5
174.67144928627087	6.467703748696111	174.67144928627087	-4.345908374156729	187.76277775896753	-4.345908374156729	187.76277775896753	6.467703748696111	174.67144928627087	6.467703748696111
169.18764270952246	4.806356334926544	169.18764270952246	-1.0815381272736189	180.15525586301933	-1.0815381272736189	180.15525586301933	4.806356334926544
180.0569629547705	15.280111836844522	180.0569629547705	-5.94031799698345	195.46859256316455	-5.94031799698345	195.46859256316455	15.280111836844522
182.44236885581947	12.431764409976957	182.44236885581947	0.5036430874152638	187.7928011213381	0.5036430874152638	187.7928011213381	12.431764409976957
171.25515594262615	0.9053330823520305	171.25515594262615	-4.635472174216374	178.0877426299156	-4.635472174216374	178.0877426299156	0.9053330823520305
R63	477.4280472717394	447.83436682779626	167.81254985362736	5
477.4280472717394	447.83436682779626	477.4280472717394	435.91425146849923	501.6623739287305	435.91425146849923	501.6623739287305	447.83436682779626	477.4280472717394	447.83436682779626
494.7193741230226	441.52808924254094	494.7193741230226	430.3004136944575	506.53601235161284	430.3004136944575	506.53601235161284	441.52808924254094
484.6375512592638	450.5763553401775	484.6375512592638	445.09237831541515	499.98452514157566	445.09237831541515	499.98452514157566	450.5763553401775
483.4999044509498	442.2644142529428	483.4999044509498	429.56408868405566	496.7319229660188	429.56408868405566	496.7319229660188	442.2644142529428
497.66637484465525	439.6852819787537	497.66637484465525	432.14322095824474	503.62194495874394	432.14322095824474	503.62194495874394	439.6852819787537
R62	102.05874396377021	392.4993077670123	135.29601481564177	5
102.05874396377021	392.4993077670123	102.05874396377021	369.6155576821583	112.82860545362595	369.6155576821583	112.82860545362595	392.4993077670123	102.05874396377021	392.4993077670123
98.79587165906929	398.7856252870198	98.79587165906929	386.21299024700477	123.00693247165398	386.21299024700477	123.00693247165398	398.7856252870198
109.2936399373837	395.48584394764947	109.2936399373837	385.6508129031326	116.3635709698682	385.6508129031326	116.3635709698682	395.48584394764947
104.58016866225503	374.80442380708405	104.58016866225503	364.4266915572325	113.84043694178425	364.4266915572325	113.84043694178425	374.80442380708405
95.23458382307717	394.8996955989811	95.23458382307717	370.50528201437135	108.88290410446325	370.50528201437135	108.88290410446325	394.8996955989811
R61	332.60109728151656	121.00457791801438	99.06447734140227	5
332.60109728151656	121.00457791801438	332.60109728151656	110.69147076395853	355.45386095891854	110.69147076395853	355.45386095891854	121.00457791801438	332.60109728151656	121.00457791801438
343.14748721529395	128.7262805356662	343.14748721529395	113.28287530036256	354.16268745959326	113.28287530036256	354.16268745959326	128.7262805356662
327.0303212183929	123.91456435934195	327.0303212183929	118.0945914766868	346.3298882660785	118.0945914766868	346.3298882660785	123.91456435934195
352.3674357297009	131.74923054494803	352.3674357297009	107.54298356678459	358.5402861881362	107.54298356678459	358.5402861881362	131.74923054494803
336.2835347309512	131.52396217816616	336.2835347309512	110.4851936578626	354.53900891269376	110.4851936578626	354.53900891269376	131.52396217816616
R60	405.0136714558967	199.15961444400406	113.60675034027591	5
405.0136714558967	199.15961444400406	405.0136714558967	177.61162859595672	412.18089093554846	177.61162859595672	412.18089093554846	199.15961444400406	405.0136714558967	199.15961444400406
400.079719093991	188.7226029027337	400.079719093991	177.96284653620214	424.2820627771059	177.96284653620214	424.2820627771059	188.7226029027337
393.3681704972799	188.18115036458866	393.3681704972799	174.61296927267895	416.65917241451353	174.61296927267895	416.65917241451353	188.18115036458866
404.7492607362353	189.2438781307599	404.7492607362353	180.53175565342733	419.6125211348616	180.53175565342733	419.6125211348616	189.2438781307599
407.34416437813525	194.77076698195708	407.34416437813525	186.84646112628548	417.0176174929617	186.84646112628548	417.0176174929617	194.77076698195708
R59	237.00547322559515	364.84147447181556	130.5514561923376	5
237.00547322559515	364.84147447181556	237.00547322559515	348.7508109597876	261.55004054013125	348.7508109597876	261.55004054013125	364.84147447181556	237.00547322559515	364.84147447181556
233.877004458422	370.377311094961	233.877004458422	359.30563784867013	241.65716511930555	359.30563784867013	241.65716511930555	370.377311094961
250.3065796253782	372.053712879926	250.3065796253782	357.6292360637051	258.91408398436016	357.6292360637051	258.91408398436016	372.053712879926
251.43696093956873	367.58403523736865	251.43696093956873	346.05920092305405	271.66312014069376	346.05920092305405	271.66312014069376	367.58403523736865
224.66391983540365	356.57236796567406	224.66391983540365	344.07401829814387	249.34702661578666	344.07401829814387	249.34702661578666	356.57236796567406
R58	62.59193347414364	322.4122381216399	92.48640240302713	5
62.59193347414364	322.4122381216399	62.59193347414364	314.04693936427145	68.37615557994822	314.04693936427145	68.37615557994822	322.4122381216399	62.59193347414364	322.4122381216399
57.97987301931018	317.79371958334076	57.97987301931018	310.30015914520214	71.274117903457	310.30015914520214	71.274117903457	317.79371958334076
60.956579089303986	323.3767879389807	60.956579089303986	304.7170907895622	71.80228918957097	304.7170907895622	71.80228918957097	323.3767879389807
61.71073895187203	320.33422731102326	61.71073895187203	314.68114544952834	75.0415722080244	314.68114544952834	75.0415722080244	320.33422731102326
59.38341676630927	324.4505374976607	59.38341676630927	314.92617821764856	77.36889439358717	314.92617821764856	77.36889439358717	324.4505374976607
R57	236.37737388387498	439.7536140164918	154.71384839330761	5
236.37737388387498	439.7536140164918	236.37737388387498	427.94816054023755	252.05509544726485	427.94816054023755	252.05509544726485	439.7536140164918	236.37737388387498	439.7536140164918
243.1002073057069	445.99590314257745	243.1002073057069	428.65433121211896	261.0099835888228	428.65433121211896	261.0099835888228	445.99590314257745
225.72038912224178	437.9354712959407	225.72038912224178	419.6760817729646	247.03435864550818	419.6760817729646	247.03435864550818	437.9354712959407
245.1371616532494	447.860571484014	245.1371616532494	431.6466565489696	255.0599441531906	431.6466565489696	255.0599441531906	447.860571484014
244.24979539139034	449.8676387020965	244.24979539139034	429.6395893308871	253.1904896416929	429.6395893308871	253.1904896416929	449.8676387020965
R56	462.56419009628814	212.9187485380149	151.0755180531534	5
462.56419009628814	212.9187485380149	462.56419009628814	198.64900488538402	477.80009090001636	198.64900488538402	477.80009090001636	212.9187485380149	462.56419009628814	212.9187485380149
468.9894473045996	204.88603687144686	468.9894473045996	192.41197289932117	484.0607617878852	192.41197289932117	484.0607617878852	204.88603687144686
461.2418391675515	206.04432239561143	461.2418391675515	191.25368737515666	469.90565326249515	191.25368737515666	469.90565326249515	206.04432239561143
462.0417107263371	209.45649637558662	462.0417107263371	187.8415133951814	467.2951432023009	187.8415133951814	467.2951432023009	209.45649637558662
462.7118728692972	203.78482087755057	462.7118728692972	193.51318889321746	476.7218585083984	193.51318889321746	476.7218585083984	203.78482087755057
R55	253.68842332976067	263.40121744546275	96.29121422731353	5
253.68842332976067	263.40121744546275	253.68842332976067	248.61560398943752	265.8076116362505	248.61560398943752	265.8076116362505	263.40121744546275	253.68842332976067	263.40121744546275
249.81806811093668	266.3387804534879	249.81806811093668	248.00360476415545	257.55877854858466	248.00360476415545	257.55877854858466	266.3387804534879
254.57033481049123	266.41522574883635	254.57033481049123	254.06823362386268	277.0448884620098	254.06823362386268	277.0448884620098	266.41522574883635
258.1886263124458	261.3259160651431	258.1886263124458	252.1360031507613	273.4265969600552	252.1360031507613	273.4265969600552	261.3259160651431
256.7546030547924	271.6793099768376	256.7546030547924	255.1231249140879	271.6554293177905	255.1231249140879	271.6554293177905	271.6793099768376
R54	164.08204105309193	63.0211595502115	108.826392100452	5
164.08204105309193	63.0211595502115	164.08204105309193	51.3999255908679	173.3530712643569	51.3999255908679	173.3530712643569	63.0211595502115	164.08204105309193	63.0211595502115
156.9754663123225	60.071701164292506	156.9754663123225	46.37016949216891	171.18861579386135	46.37016949216891	171.18861579386135	60.071701164292506
168.95757428553654	55.37207816524145	168.95757428553654	49.80050787780259	177.7485682431773	49.80050787780259	177.7485682431773	55.37207816524145
166.3824172616609	55.93076472680233	166.3824172616609	50.64395551046538	180.32372526705294	50.64395551046538	180.32372526705294	55.93076472680233
167.14547160148814	62.91135309154447	167.14547160148814	50.05920751980153	179.5606709272257	50.05920751980153	179.5606709272257	62.91135309154447
R53	413.061709530453	171.42866874936894	148.38749058518025	5
413.061709530453	171.42866874936894	413.061709530453	159.7431406295918	434.81614726925176	159.7431406295918	434.81614726925176	171.42866874936894	413.061709530453	171.42866874936894
417.64259980967677	170.30917680063874	417.64259980967677	149.17710445854487	434.15391325183134	149.17710445854487	434.15391325183134	170.30917680063874
416.48238023323995	166.1222530405262	416.48238023323995	153.3640282186574	424.0966629691429	153.3640282186574	424.0966629691429	166.1222530405262
426.12006376336626	176.15236334273146	426.12006376336626	156.3424830509229	443.51223077513725	156.3424830509229	443.51223077513725	176.15236334273146
425.9998646146783	183.55763257638702	425.9998646146783	159.29970492235086	442.00085457673316	159.29970492235086	442.00085457673316	183.55763257638702
R52	222.8440979493369	211.22429831259436	99.11871494136135	5
222.8440979493369	211.22429831259436	222.8440979493369	199.96797792890888	234.63575821930993	199.96797792890888	234.63575821930993	211.22429831259436	222.8440979493369	211.22429831259436
214.46105974257836	220.2848016065032	214.46105974257836	202.1637950186855	235.8187339132799	202.1637950186855	235.8187339132799	220.2848016065032
211.67115787764595	216.00743302230507	211.67115787764595	191.9765537850124	234.01703802102787	191.9765537850124	234.01703802102787	216.00743302230507
213.56744337719866	202.57507251460584	213.56744337719866	197.36088334321187	237.29273583351434	197.36088334321187	237.29273583351434	202.57507251460584
214.7176963266001	210.2113109129523	214.7176963266001	189.72464494486545	233.72419769913148	189.72464494486545	233.72419769913148	210.2113109129523
R51	486.18782343152793	365.6968524362667	102.27325047919048	5
486.18782343152793	365.6968524362667	486.18782343152793	347.6602416698197	498.1948049808649	347.6602416698197	498.1948049808649	365.6968524362667	486.18782343152793	365.6968524362667
475.9900198764444	357.1371880585634	475.9900198764444	338.18329528107597	499.71492511159045	338.18329528107597	499.71492511159045	357.1371880585634
480.5954975525	356.4429766436323	480.5954975525	341.8420062567711	491.7801493105559	341.8420062567711	491.7801493105559	356.4429766436323
488.36891006057704	361.16722146814755	488.36891006057704	341.21369277423275	508.02069990115274	341.21369277423275	508.02069990115274	361.16722146814755
492.64492110988283	356.6507835508787	492.64492110988283	338.6696997887607	502.2830181358611	338.6696997887607	502.2830181358611	356.6507835508787
R50	228.76191078875854	104.17826084458741	148.123387275991	5
228.76191078875854	104.17826084458741	228.76191078875854	79.63928609620646	235.63455620944518	79.63928609620646	235.63455620944518	104.17826084458741	228.76191078875854	104.17826084458741
217.27969886700666	99.09669736876984	217.27969886700666	81.8298559255322	240.24412271051042	81.8298559255322	240.24412271051042	99.09669736876984
230.39601186221626	100.29839326895777	230.39601186221626	87.19537251345062	240.8731005566741	87.19537251345062	240.8731005566741	100.29839326895777
217.92399930162983	82.82999869479418	217.92399930162983	76.44857349761874	241.1815841867864	76.44857349761874	241.1815841867864	82.82999869479418
231.82407256433447	94.60320136645595	231.82407256433447	73.74671612960373	239.4450398545559	73.74671612960373	239.4450398545559	94.60320136645595
R49	391.2408277452881	430.0156728577488	160.81945719573767	5
391.2408277452881	430.0156728577488	391.2408277452881	407.21758670222897	413.59872915422585	407.21758670222897	413.59872915422585	430.0156728577488	391.2408277452881	430.0156728577488
380.48430019526063	425.23321066328737	380.48430019526063	405.9243667047958	401.9973552953155	405.9243667047958	401.9973552953155	425.23321066328737
403.2233377139337	437.5198397891696	403.2233377139337	422.511505926328	423.2439915194176	422.511505926328	423.2439915194176	437.5198397891696
394.8701328626405	413.77021677047435	394.8701328626405	400.6649566339836	408.00014611134986	400.6649566339836	408.00014611134986	413.77021677047435
405.3172194301233	421.36992971603024	405.3172194301233	410.69805468786126	421.8802388783284	410.69805468786126	421.8802388783284	421.36992971603024
R48	386.12606545254994	376.16080035696075	141.35664832684242	5
386.12606545254994	376.16080035696075	386.12606545254994	365.749430626205	399.9072437964811	365.749430626205	399.9072437964811	376.16080035696075	386.12606545254994	376.16080035696075
388.2943127137762	374.70304504993464	388.2943127137762	356.7958162024754	404.47213562959723	356.7958162024754	404.47213562959723	374.70304504993464
389.74711912098275	380.3520984470483	389.74711912098275	369.23528223849496	410.0673684719795	369.23528223849496	410.0673684719795	380.3520984470483
379.21980021502173	381.42160759427094	379.21980021502173	369.62808142299906	393.03233069007814	369.62808142299906	393.03233069007814	381.42160759427094
375.1151174441506	382.35410689025343	375.1151174441506	367.32490580585954	397.1370134609493	367.32490580585954	397.1370134609493	382.35410689025343
R47	444.2943218888561	13.376365775624851	149.3851707084015	5
444.2943218888561	13.376365775624851	444.2943218888561	-4.531405549793817	466.15970448775965	-4.531405549793817	466.15970448775965	13.376365775624851	444.2943218888561	13.376365775624851
444.6281787890877	21.94448528625576	444.6281787890877	4.808246264993944	456.6270426371007	4.808246264993944	456.6270426371007	21.94448528625576
439.751317794736	23.939827836216622	439.751317794736	2.8129037150330785	451.5491312295287	2.8129037150330785	451.5491312295287	23.939827836216622
440.50054730285706	10.951881015953608	440.50054730285706	-7.484317779241463	448.0880964748551	-7.484317779241463	448.0880964748551	10.951881015953608
463.52214611328634	10.877114983310696	463.52214611328634	5.876393598054358	468.79726286223297	5.876393598054358	468.79726286223297	10.877114983310696
R46	296.27217333071235	146.05979302690287	173.74657681659798	5
296.27217333071235	146.05979302690287	296.27217333071235	138.61513226544162	303.26849293323085	138.61513226544162	303.26849293323085	146.05979302690287	296.27217333071235	146.05979302690287
298.92325839130245	148.23838561864585	298.92325839130245	130.54964986650782	307.61372747515924	130.54964986650782	307.61372747515924	148.23838561864585
293.2946543765301	155.97077569952995	293.2946543765301	133.68704272245185	299.2496922848946	133.68704272245185	299.2496922848946	155.97077569952995
284.97847229036324	146.20397266561596	284.97847229036324	137.14573350944207	307.56587437106145	137.14573350944207	307.56587437106145	146.20397266561596
290.87119575913823	144.3073818263787	290.87119575913823	132.92288270450453	313.66453843917054	132.92288270450453	313.66453843917054	144.3073818263787
R45	113.23742142685634	130.68402700126717	171.52851614865432	5
113.23742142685634	130.68402700126717	113.23742142685634	117.85117230300585	124.92166496869882	117.85117230300585	124.92166496869882	130.68402700126717	113.23742142685634	130.68402700126717
117.94499495440508	124.32668677235385	117.94499495440508	111.37565783365785	127.60524102954068	111.37565783365785	127.60524102954068	124.32668677235385
103.99281345830791	134.10138309994392	103.99281345830791	110.99624730687997	122.48202939540478	110.99624730687997	122.48202939540478	134.10138309994392
109.62070777167895	139.68590093562386	109.62070777167895	119.79968046908245	116.85413508203374	119.79968046908245	116.85413508203374	139.68590093562386
114.09474682880229	135.57803726442373	114.09474682880229	125.7900167381106	135.51151724289852	125.7900167381106	135.51151724289852	135.57803726442373
R44	272.7468694843204	311.8556234185817	165.16120616635928	5
272.7468694843204	311.8556234185817	272.7468694843204	300.965856016923	293.97539833308474	300.965856016923	293.97539833308474	311.8556234185817	272.7468694843204	311.8556234185817
260.9436632396032	311.7628193431149	260.9436632396032	305.9819888101478	284.55007572903764	305.9819888101478	284.55007572903764	311.7628193431149
268.62587519807346	307.0589375155281	268.62587519807346	294.8727745183179	282.9880829530756	294.8727745183179	282.9880829530756	307.0589375155281
283.4738074092674	313.0279391674935	283.4738074092674	291.0598607170158	304.4769892569021	291.0598607170158	304.4769892569021	313.0279391674935
273.6128762910415	313.23582391580084	273.6128762910415	288.69588811804516	292.8475235532179	288.69588811804516	292.8475235532179	313.23582391580084
R43	454.190782552856	70.98995249801543	170.82605443456558	5
454.190782552856	70.98995249801543	454.190782552856	56.869270682381675	466.77625094009926	56.869270682381675	466.77625094009926	70.98995249801543	454.190782552856	70.98995249801543
462.4296464810834	67.25207976350005	462.4296464810834	51.26374580301727	471.1228553991151	51.26374580301727	471.1228553991151	67.25207976350005
458.235209714445	62.9099855749684	458.235209714445	50.82855578979495	473.0577496706363	50.82855578979495	473.0577496706363	62.9099855749684
448.42789378814683	79.64491683524892	448.42789378814683	59.39892936743837	459.953671317565	59.39892936743837	459.953671317565	79.64491683524892
450.98283900078974	81.70491771143978	450.98283900078974	60.27498728459108	473.1507523430359	60.27498728459108	473.1507523430359	81.70491771143978
R42	398.9738419884673	52.60363066318932	123.98890417333946	5
398.9738419884673	52.60363066318932	398.9738419884673	37.87547735859751	420.41303898874816	37.87547735859751	420.41303898874816	52.60363066318932	398.9738419884673	52.60363066318932
405.5936359599528	42.13568600769715	405.5936359599528	33.61526870949786	414.8980741980043	33.61526870949786	414.8980741980043	42.13568600769715
390.7835313950947	42.504487526030985	390.7835313950947	34.23878138128647	407.1641525818399	34.23878138128647	407.1641525818399	42.504487526030985
416.4103676846993	44.6665147356164	416.4103676846993	37.584154656601626	424.41571029279703	37.584154656601626	424.41571029279703	44.6665147356164
399.338959914209	47.513835527799756	399.338959914209	28.23711918939526	405.59392802176285	28.23711918939526	405.59392802176285	47.513835527799756
R41	190.4226441914289	433.2241167291031	98.7263868386649	5
190.4226441914289	433.2241167291031	190.4226441914289	423.2745860110467	207.89838207484564	423.2745860110467	207.89838207484564	433.2241167291031	190.4226441914289	433.2241167291031
188.43957063277315	429.4485731278395	188.43957063277315	417.10059889425406	203.81470509287266	417.10059889425406	203.81470509287266	429.4485731278395
191.96997666262362	434.8608933930479	191.96997666262362	411.68827862904556	203.7070653537355	411.68827862904556	203.7070653537355	434.8608933930479
188.07329890003578	433.3940737934668	188.07329890003578	413.1550982286266	209.04590885254706	413.1550982286266	209.04590885254706	433.3940737934668
195.93873337328077	428.4366612370711	195.93873337328077	418.1125107850223	211.579295123678	418.1125107850223	211.579295123678	428.4366612370711
R40	88.41984164292934	437.91650572592647	99.83838735958588	5
88.41984164292934	437.91650572592647	88.41984164292934	419.19389679205057	106.28001834506576	419.19389679205057	106.28001834506576	437.91650572592647	88.41984164292934	437.91650572592647
81.26916789226776	433.19770122250407	81.26916789226776	413.1413351231554	95.57051539359092	413.1413351231554	95.57051539359092	433.19770122250407
83.52377543820735	440.5722309337146	83.52377543820735	435.26078051813835	106.18805414769317	435.26078051813835	106.18805414769317	440.5722309337146
97.09770426545491	443.3835761512308	97.09770426545491	428.07434724432454	115.4623324246766	428.07434724432454	115.4623324246766	443.3835761512308
97.93645196528912	447.6492449387468	97.93645196528912	428.18376651310626	104.20426389365754	428.18376651310626	104.20426389365754	447.6492449387468
R39	383.76479026724945	319.4275472562503	172.18434706651166	5
383.76479026724945	319.4275472562503	383.76479026724945	299.74814763834166	392.68174999514514	299.74814763834166	392.68174999514514	319.4275472562503	383.76479026724945	319.4275472562503
389.96771873996994	322.6321362063503	389.96771873996994	304.4931339209792	395.39578125032034	304.4931339209792	395.39578125032034	322.6321362063503
385.2613401536025	328.87031942249064	385.2613401536025	305.408191303905	400.1021598366878	305.408191303905	400.1021598366878	328.87031942249064
388.71545094147626	318.93071197392584	388.71545094147626	296.327203251001	396.6480490488139	296.327203251001	396.6480490488139	318.93071197392584
387.4976683567302	305.89599890753266	387.4976683567302	293.60029636915067	392.77101402078824	293.60029636915067	392.77101402078824	305.89599890753266
R38	357.2607298670569	154.9467419818898	164.28544598051622	5
357.2607298670569	154.9467419818898	357.2607298670569	134.47870911571462	363.27404451871683	134.47870911571462	363.27404451871683	154.9467419818898	357.2607298670569	154.9467419818898
356.3637382772862	143.4757308729259	356.3637382772862	125.48168735850334	363.47897548110166	125.48168735850334	363.47897548110166	143.4757308729259
350.95436792636	162.15039685904497	350.95436792636	146.20214318828806	375.59372111107365	146.20214318828806	375.59372111107365	162.15039685904497
349.27181201608937	155.3974362825945	349.27181201608937	136.9097412157508	365.24964771802445	136.9097412157508	365.24964771802445	155.3974362825945
355.2312618311484	156.06630566410493	355.2312618311484	134.0742320994964	371.31682720628527	134.0742320994964	371.31682720628527	156.06630566410493
R37	208.52861736264768	85.48478423762184	123.64283809656436	5
208.52861736264768	85.48478423762184	208.52861736264768	77.08200240576168	230.17441784510575	77.08200240576168	230.17441784510575	85.48478423762184	208.52861736264768	85.48478423762184
215.44316576293485	94.29690038911728	215.44316576293485	76.6726680861264	221.825135047349	76.6726680861264	221.825135047349	94.29690038911728
226.2407287184732	92.889010297303	226.2407287184732	67.9006915114096	234.1081069717383	67.9006915114096	234.1081069717383	92.889010297303
208.01392474879455	96.07217852152351	208.01392474879455	74.89738995372016	220.42978302167697	74.89738995372016	220.42978302167697	96.07217852152351
220.561397359123	84.38176230129777	220.561397359123	79.35905104368005	239.7874383310885	79.35905104368005	239.7874383310885	84.38176230129777
R36	169.5474408012296	362.8690273421554	139.71699926808444	5
169.5474408012296	362.8690273421554	169.5474408012296	350.4268156638848	181.27742122270186	350.4268156638848	181.27742122270186	362.8690273421554	169.5474408012296	362.8690273421554
158.98304882287482	371.3254240902667	158.98304882287482	347.2855786984463	180.1118327795844	347.2855786984463	180.1118327795844	371.3254240902667
159.31683086261157	363.6431809520948	159.31683086261157	357.5181566881313	179.77805073984766	357.5181566881313	179.77805073984766	363.6431809520948
170.39945393317214	360.9116455299041	170.39945393317214	339.94198579786547	182.56805049939055	339.94198579786547	182.56805049939055	360.9116455299041
167.13684256296838	370.71070026412775	167.13684256296838	355.02735442018303	185.95086894657376	355.02735442018303	185.95086894657376	370.71070026412775
R35	447.92112194614754	319.3562881815027	112.42203239599444	5
447.92112194614754	319.3562881815027	447.92112194614754	312.86083547276553	458.0143401048492	312.86083547276553	458.0143401048492	319.3562881815027	447.92112194614754	319.3562881815027
444.61531854645733	316.0432221535488	444.61531854645733	309.67844879198225	469.5533691768548	309.67844879198225	469.5533691768548	316.0432221535488
447.4477766835262	330.24031795390897	447.4477766835262	307.5075922735301	468.5809035261723	307.5075922735301	468.5809035261723	330.24031795390897
438.8102246877939	320.34429832741125	438.8102246877939	305.3773726181198	461.6949565688445	305.3773726181198	461.6949565688445	320.34429832741125
445.62728962521663	318.29567743807416	445.62728962521663	308.8334902044666	470.4013905844818	308.8334902044666	470.4013905844818	318.29567743807416
R34	464.87202406084623	194.86269147690544	134.84111333986152	5
464.87202406084623	194.86269147690544	464.87202406084623	170.80608948210946	486.0426256763575	170.80608948210946	486.0426256763575	194.86269147690544	464.87202406084623	194.86269147690544
473.81636447459215	178.61198160700474	473.81636447459215	168.9662555145436	498.2688868781228	168.9662555145436	498.2688868781228	178.61198160700474
461.88628062313205	202.20572751117479	461.88628062313205	186.60272427758522	467.8577674985604	186.60272427758522	467.8577674985604	202.20572751117479
477.8881206497117	178.90706488133233	477.8881206497117	162.70511408288658	486.87627736255604	162.70511408288658	486.87627736255604	178.90706488133233
454.49855611374915	181.51660113732416	454.49855611374915	176.2836844064091	475.2454920079433	176.2836844064091	475.2454920079433	181.51660113732416
R33	462.96092101685906	336.81084468248963	110.39166548286966	5
462.96092101685906	336.81084468248963	462.96092101685906	322.6435978853612	483.8649123187049	322.6435978853612	483.8649123187049	336.81084468248963	462.96092101685906	336.81084468248963
455.668806716298	346.49312470482727	455.668806716298	327.128564660152	475.00080876729197	327.128564660152	475.00080876729197	346.49312470482727
450.4638324625112	342.07897251423935	450.4638324625112	324.47061154783626	475.4580095712069	324.47061154783626	475.4580095712069	342.07897251423935
453.3938540043925	326.2710837530947	453.3938540043925	319.01611201762785	475.44841901697185	319.01611201762785	475.44841901697185	326.2710837530947
474.9326097091591	344.9487477641006	474.9326097091591	328.6729416008787	482.63579613424054	328.6729416008787	482.63579613424054	344.9487477641006
R32	258.5336633876866	307.5941027843885	161.09370706111687	5
258.5336633876866	307.5941027843885	258.5336633876866	298.886990173909	274.37785473864574	298.886990173909	274.37785473864574	307.5941027843885	258.5336633876866	307.5941027843885
251.1395984382517	302.91661875914735	251.1395984382517	296.26288588633736	265.9277283371215	296.26288588633736	265.9277283371215	302.91661875914735
258.81274923372985	310.60901256451024	258.81274923372985	287.16496778330776	269.467776607858	287.16496778330776	269.467776607858	310.60901256451024
254.80451869593327	303.0411657693638	254.80451869593327	294.7328145784542	262.32067868776693	294.7328145784542	262.32067868776693	303.0411657693638
255.54284330318046	308.9504712701362	255.54284330318046	288.8235090776818	268.80335145901245	288.8235090776818	268.80335145901245	308.9504712701362
R31	463.89427353118157	354.6580407950137	98.32907705242486	5
463.89427353118157	354.6580407950137	463.89427353118157	343.6452003430993	474.35052376638333	343.6452003430993	474.35052376638333	354.6580407950137	463.89427353118157	354.6580407950137
466.0018734722641	362.14361406869455	466.0018734722641	337.9287309293554	482.69917406050246	337.9287309293554	482.69917406050246	362.14361406869455
468.5070065799185	366.88203645451557	468.5070065799185	342.4340451355118	476.81042778233865	342.4340451355118	476.81042778233865	366.88203645451557
455.04702701425623	355.82119632731195	455.04702701425623	346.164246238045	472.7415200481068	346.164246238045	472.7415200481068	355.82119632731195
465.99867463699394	353.75969463336884	465.99867463699394	336.5040022512265	482.70237289577284	336.5040022512265	482.70237289577284	353.75969463336884
R30	364.20470204404864	198.19912522529518	89.01592934957043	5
364.20470204404864	198.19912522529518	364.20470204404864	182.37424181665915	376.83258292511846	182.37424181665915	376.83258292511846	198.19912522529518	364.20470204404864	198.19912522529518
354.55885043655593	209.26731258212018	354.55885043655593	186.32677939226548	373.85055365154136	186.32677939226548	373.85055365154136	209.26731258212018
354.90619662407676	203.66747992426207	354.90619662407676	185.16858220568565	373.50320746402053	185.16858220568565	373.50320746402053	203.66747992426207
366.25186972060794	206.62041786117453	366.25186972060794	187.94878584898458	387.413296129629	187.94878584898458	387.413296129629	206.62041786117453
362.8906817275836	186.65924108335182	362.8906817275836	178.08924254996649	382.59864402397267	178.08924254996649	382.59864402397267	186.65924108335182
R29	234.1110950122253	311.4806088982879	88.35219107576876	5
234.1110950122253	311.4806088982879	234.1110950122253	300.9180749790315	241.49210577555976	300.9180749790315	241.49210577555976	311.4806088982879	234.1110950122253	311.4806088982879
233.77786298022286	320.4511237026031	233.77786298022286	301.21220329708206	249.20634857089667	301.21220329708206	249.20634857089667	320.4511237026031
223.17731315423362	321.2871413421049	223.17731315423362	296.29472297700516	245.04487687021697	296.29472297700516	245.04487687021697	321.2871413421049
232.27799669773367	312.2435631560797	232.27799669773367	301.02767643450994	250.70621485338586	301.02767643450994	250.70621485338586	312.2435631560797
232.07637221342668	322.3557074686585	232.07637221342668	300.60551032791733	244.84167902590082	300.60551032791733	244.84167902590082	322.3557074686585
R28	289.0966327793752	468.7655052334352	104.25310692625415	5
289.0966327793752	468.7655052334352	289.0966327793752	460.838435514852	297.8830850718779	460.838435514852	297.8830850718779	468.7655052334352	289.0966327793752	468.7655052334352
285.40412461788424	480.2964798500074	285.40412461788424	457.2345306168631	304.8411694775374	457.2345306168631	304.8411694775374	480.2964798500074
282.3152595212453	476.21324857903926	282.3152595212453	461.3177618878311	296.75519228219713	461.3177618878311	296.75519228219713	476.21324857903926
290.9017168580818	472.9914364831641	290.9017168580818	455.47585399492675	304.86445328567396	455.47585399492675	304.86445328567396	472.9914364831641
285.4396056465554	472.94852541192387	285.4396056465554	456.53786514940776	292.7536599121951	456.53786514940776	292.7536599121951	472.94852541192387
R27	106.5609690672424	265.866905677534	121.83953636262922	5
106.5609690672424	265.866905677534	106.5609690672424	246.03387396958186	126.64267195057793	246.03387396958186	126.64267195057793	265.866905677534	106.5609690672424	265.866905677534
120.37045127899552	267.7611895235567	120.37045127899552	251.12491912319788	132.91489262216035	251.12491912319788	132.91489262216035	267.7611895235567
103.10889385395446	262.5996789517953	103.10889385395446	256.7209188585245	110.01304428053034	256.7209188585245	110.01304428053034	262.5996789517953
99.29357225576437	257.38616268019007	99.29357225576437	244.9043206693177	113.82836587872042	244.9043206693177	113.82836587872042	257.38616268019007
94.77522630705292	259.23349881111534	94.77522630705292	241.1438150021149	118.34671182743188	241.1438150021149	118.34671182743188	259.23349881111534
R26	211.62613641191876	388.31530955113226	167.50507772332875	5
211.62613641191876	388.31530955113226	211.62613641191876	365.6476890620569	223.61800351675538	365.6476890620569	223.61800351675538	388.31530955113226	211.62613641191876	388.31530955113226
201.63854332275054	372.59643249650316	201.63854332275054	358.6989456276105	222.51748355255194	358.6989456276105	222.51748355255194	372.59643249650316
205.41120779685184	371.9112856512142	205.41120779685184	359.38409247289945	219.75185673809995	359.38409247289945	219.75185673809995	371.9112856512142
200.12847613462517	375.8912102481365	200.12847613462517	355.4041678759774	224.01808641235604	355.4041678759774	224.01808641235604	375.8912102481365
202.0901785378101	371.1814301648414	202.0901785378101	360.11394795927237	226.15978530437755	360.11394795927237	226.15978530437755	371.1814301648414
R25	32.669151193706796	432.14331879732345	139.1132736451483	5
32.669151193706796	432.14331879732345	32.669151193706796	408.2650951659808	41.92285493663388	408.2650951659808	41.92285493663388	432.14331879732345	32.669151193706796	432.14331879732345
24.643313096238334	430.92164410881537	24.643313096238334	420.2941633943524	40.69498929117526	420.2941633943524	40.69498929117526	430.92164410881537
28.41984965607948	424.002921514665	28.41984965607948	402.3741885805748	36.918452731334106	402.3741885805748	36.918452731334106	424.002921514665
30.048153778253674	422.08892831875926	30.048153778253674	397.4949858593063	53.79755609501409	397.4949858593063	53.79755609501409	422.08892831875926
29.86382869834459	442.1494710539556	29.86382869834459	422.1371665406913	52.75786882064483	422.1371665406913	52.75786882064483	442.1494710539556
R24	111.5810602469679	422.28735289457643	112.41342574509486	5
111.5810602469679	422.28735289457643	111.5810602469679	402.39929069589186	126.9238599599295	402.39929069589186	126.9238599599295	422.28735289457643	111.5810602469679	422.28735289457643
122.76563911283569	429.4607997728403	122.76563911283569	414.16593094192746	131.08208080702332	414.16593094192746	131.08208080702332	429.4607997728403
111.09284739712359	413.6698598736303	111.09284739712359	391.12872151815344	133.02025071061877	391.12872151815344	133.02025071061877	413.6698598736303
106.00951493745366	416.47050596477163	106.00951493745366	406.2325736282411	117.15260555648213	406.2325736282411	117.15260555648213	416.47050596477163
116.61083913724838	415.9764425586778	116.61083913724838	405.5217617601326	137.2368807826106	405.5217617601326	137.2368807826106	415.9764425586778
R23	203.75261345182892	363.6066760708642	148.94115113330597	5
203.75261345182892	363.6066760708642	203.75261345182892	348.2667089550449	209.1564805486215	348.2667089550449	209.1564805486215	363.6066760708642	203.75261345182892	363.6066760708642
195.11305059339014	368.9059664473992	195.11305059339014	358.3073856943292	217.42065533574436	358.3073856943292	217.42065533574436	368.9059664473992
197.4671405736881	374.9251415382293	197.4671405736881	352.28821060349907	211.52838823746518	352.28821060349907	211.52838823746518	374.9251415382293
198.12441059822825	359.04418081456754	198.12441059822825	345.68177013866864	220.18855049901478	345.68177013866864	220.18855049901478	359.04418081456754
196.25879268286644	364.17281184246184	196.25879268286644	346.0830260542686	211.2464342207914	346.0830260542686	211.2464342207914	364.17281184246184
R22	2.786482214003863	29.519587732974735	157.50864736655558	5
2.786482214003863	29.519587732974735	2.786482214003863	15.851309958681634	20.170649243677993	15.851309958681634	20.170649243677993	29.519587732974735	2.786482214003863	29.519587732974735
17.492575848620326	32.02745019655021	17.492575848620326	16.312885786771496	22.84872263873566	16.312885786771496	22.84872263873566	32.02745019655021
-1.841948977238686	25.477599757043503	-1.841948977238686	7.65113819560359	7.414913405246412	7.65113819560359	7.414913405246412	25.477599757043503
7.515228327242344	27.354952625821465	7.515228327242344	4.3476672915418035	18.971749730338498	4.3476672915418035	18.971749730338498	27.354952625821465
4.651297567884365	37.973555758795314	4.651297567884365	21.065619707154156	21.841208731714595	21.065619707154156	21.841208731714595	37.973555758795314
R21	404.9360444708395	253.25670734214464	93.70836682075951	5
404.9360444708395	253.25670734214464	404.9360444708395	244.25784044051807	416.30610088453176	244.25784044051807	416.30610088453176	253.25670734214464	404.9360444708395	253.25670734214464
395.74412957674946	260.8560783617292	395.74412957674946	241.61046496212245	414.1279593649294	241.61046496212245	414.1279593649294	260.8560783617292
396.5438712697294	257.0465810354552	396.5438712697294	248.88747096098606	413.3282176719496	248.88747096098606	413.3282176719496	257.0465810354552
395.17164619455696	253.98446108927862	395.17164619455696	245.63386267690515	414.700442747122	245.63386267690515	414.700442747122	253.98446108927862
404.3139231158541	256.85670911891975	404.3139231158541	240.70350286232278	428.2982786532094	240.70350286232278	428.2982786532094	256.85670911891975
R20	308.2707005353039	486.7315946132863	106.5786692860893	5
308.2707005353039	486.7315946132863	308.2707005353039	477.35430545291655	315.39736231436103	477.35430545291655	315.39736231436103	486.7315946132863	308.2707005353039	486.7315946132863
305.70962049075393	489.55947140972387	305.70962049075393	476.68514951102236	325.08510413796813	476.68514951102236	325.08510413796813	489.55947140972387
296.88512879294336	485.7843122405046	296.88512879294336	477.28170833468994	319.6562722776644	477.28170833468994	319.6562722776644	485.7843122405046
301.34917535751987	487.455944469956	301.34917535751987	467.25266643587696	315.74550753262184	467.25266643587696	315.74550753262184	487.455944469956
307.68864823725266	493.185517899586	307.68864823725266	477.07534550400646	323.1060763914695	477.07534550400646	323.1060763914695	493.185517899586
R19	441.56785262177004	342.0284126025205	162.94486436378705	5
441.56785262177004	342.0284126025205	441.56785262177004	320.70335540016373	451.4085279976455	320.70335540016373	451.4085279976455	342.0284126025205	441.56785262177004	342.0284126025205
441.6214096642744	328.56293758495224	441.6214096642744	312.8437732153752	451.0508328475241	312.8437732153752	451.0508328475241	328.56293758495224
439.3589620890118	349.72397673953026	439.3589620890118	325.42350974726855	463.45809390627915	325.42350974726855	463.45809390627915	349.72397673953026
431.0420350253954	329.1932140768678	431.0420350253954	312.2361994668755	452.09367021814467	312.2361994668755	452.09367021814467	329.1932140768678
437.42376533561406	346.2215657060817	437.42376533561406	333.5027850638203	445.711939907926	333.5027850638203	445.711939907926	346.2215657060817
R18	327.93126500603705	370.5069176246403	95.33052164409705	5
327.93126500603705	370.5069176246403	327.93126500603705	364.78287825793427	341.9975458040078	364.78287825793427	341.9975458040078	370.5069176246403	327.93126500603705	370.5069176246403
324.755804636211	374.47972762279716	324.755804636211	355.0860288930713	336.1417921812406	355.0860288930713	336.1417921812406	374.47972762279716
331.99704522569147	375.98667244543736	331.99704522569147	353.5790840704312	346.2518934145906	353.5790840704312	346.2518934145906	375.98667244543736
324.59985676136284	377.9507695756863	324.59985676136284	352.96550754346663	331.26267325071126	352.96550754346663	331.26267325071126	377.9507695756863
330.6965928328642	375.2915479101447	330.6965928328642	354.27420860572386	346.00559086953876	354.27420860572386	346.00559086953876	375.2915479101447
R17	168.13620081794832	434.5245066620182	173.1540180205018	5
168.13620081794832	434.5245066620182	168.13620081794832	419.4955224250443	184.01039927094664	419.4955224250443	184.01039927094664	434.5245066620182	168.13620081794832	434.5245066620182
178.49329619764472	434.8925077772009	178.49329619764472	411.1236116679005	189.52750234424855	411.1236116679005	189.52750234424855	434.8925077772009
178.44398312478262	423.54459732401205	178.44398312478262	416.54067625694023	189.5768154171106	416.54067625694023	189.5768154171106	423.54459732401205
177.91031109822387	437.9474900650171	177.91031109822387	414.45012879770655	190.11048744366946	414.45012879770655	190.11048744366946	437.9474900650171
174.0256238339783	431.6381222344712	174.0256238339783	424.22448314556186	193.99517470791497	424.22448314556186	193.99517470791497	431.6381222344712
R16	398.7009548164441	176.77554898612422	155.46554497085643	5
398.7009548164441	176.77554898612422	398.7009548164441	154.9673779717451	421.9048144869814	154.9673779717451	421.9048144869814	176.77554898612422	398.7009548164441	176.77554898612422
416.45652124407405	171.1956518453107	416.45652124407405	157.75705837273864	427.3531077298888	157.75705837273864	427.3531077298888	171.1956518453107
390.3049081230886	162.43496965487844	390.3049081230886	151.8486684501376	407.0970015097996	151.8486684501376	407.0970015097996	162.43496965487844
408.88034383813005	166.89027539222886	408.88034383813005	143.04448055126133	429.2712601979512	143.04448055126133	429.2712601979512	166.89027539222886
390.1490795098372	180.36848767766895	390.1490795098372	159.5842941946712	407.252830123051	159.5842941946712	407.252830123051	180.36848767766895
R15	199.68501989507416	122.24785603478028	164.23939330211485	5
199.68501989507416	122.24785603478028	199.68501989507416	113.63567166878562	214.10372323376168	113.63567166878562	214.10372323376168	122.24785603478028	199.68501989507416	122.24785603478028
196.38900402192976	128.34126852115446	196.38900402192976	103.45319241443786	202.98103576821856	103.45319241443786	202.98103576821856	128.34126852115446
199.61615943238024	127.26705402311218	199.61615943238024	117.22865804644839	218.78186843942603	117.22865804644839	218.78186843942603	127.26705402311218
206.20035411686595	120.27895203910695	206.20035411686595	106.99239129846428	216.20233122945072	106.99239129846428	216.20233122945072	120.27895203910695
207.84571268076078	128.44866050370666	207.84571268076078	116.04705156585393	217.00563634539608	116.04705156585393	217.00563634539608	128.44866050370666
R14	117.21382853289123	7.796336558315658	111.73645708705467	5
117.21382853289123	7.796336558315658	117.21382853289123	-1.3744743583697643	132.27842941351128	-1.3744743583697643	132.27842941351128	7.796336558315658	117.21382853289123	7.796336558315658
109.32538883726738	11.791805480938383	109.32538883726738	-2.5739721290207855	125.10226822851507	-2.5739721290207855	125.10226822851507	11.791805480938383
125.1998227283466	7.514912305179771	125.1998227283466	-10.2638610219193	130.9233636963813	-10.2638610219193	130.9233636963813	7.514912305179771
125.21335012888395	14.392672779086666	125.21335012888395	1.2000003375446484	131.66435005959224	1.2000003375446484	131.66435005959224	14.392672779086666
113.12679360789305	6.8523554643825975	113.12679360789305	-7.837722982264403	121.3008634578894	-7.837722982264403	121.3008634578894	6.8523554643825975
R13	185.73001726017708	44.333875852146974	110.5619396828518	5
185.73001726017708	44.333875852146974	185.73001726017708	33.41580788753008	208.5614189336464	33.41580788753008	208.5614189336464	44.333875852146974	185.73001726017708	44.333875852146974
188.3283960833998	52.56293147072707	188.3283960833998	36.104820233566876	197.99246204794736	36.104820233566876	197.99246204794736	52.56293147072707
184.88112161093588	42.409358254957006	184.88112161093588	24.42225752010315	203.96920532352752	24.42225752010315	203.96920532352752	42.409358254957006
191.3501422972627	44.276201980170626	191.3501422972627	22.555413794889535	210.09555550029418	22.555413794889535	210.09555550029418	44.276201980170626
183.75519774727601	48.73837444024578	183.75519774727601	39.92937726404817	197.20145253635397	39.92937726404817	197.20145253635397	48.73837444024578
R12	184.97125817193344	6.639375373319577	116.35052842762639	5
184.97125817193344	6.639375373319577	184.97125817193344	-2.205973400795624	195.68886587318318	-2.205973400795624	195.68886587318318	6.639375373319577	184.97125817193344	6.639375373319577
187.128656451182	14.625516186799631	187.128656451182	-8.741908220404094	204.24907529518435	-8.741908220404094	204.24907529518435	14.625516186799631
181.94366507719	6.748257843254748	181.94366507719	-11.160204644845997	206.54709562805525	-11.160204644845997	206.54709562805525	6.748257843254748
178.5964355809879	5.395789530179069	178.5964355809879	-5.535169103165812	191.34608076287898	-5.535169103165812	191.34608076287898	5.395789530179069
188.2288023669877	8.719678453584159	188.2288023669877	-2.3450298941866086	203.14892937937864	-2.3450298941866086	203.14892937937864	8.719678453584159
R11	276.6746873659656	305.78297173999107	113.64890788027994	5
276.6746873659656	305.78297173999107	276.6746873659656	285.1002716478932	295.07285720817094	285.1002716478932	295.07285720817094	305.78297173999107	276.6746873659656	305.78297173999107
289.40182308743607	311.0981383428527	289.40182308743607	296.2050618216535	300.7438913289058	296.2050618216535	300.7438913289058	311.0981383428527
284.76386767681794	317.90087684360105	284.76386767681794	293.6650666363811	304.6212390266532	293.6650666363811	304.6212390266532	317.90087684360105
275.39404074722637	309.96272377560234	275.39404074722637	301.6032197043798	286.1745008893566	301.6032197043798	286.1745008893566	309.96272377560234
288.9400784255861	300.6682675656688	288.9400784255861	292.5178978843697	301.2056359907558	292.5178978843697	301.2056359907558	300.6682675656688
R10	426.0078859746043	269.1684772096362	139.13565266456965	5
426.0078859746043	269.1684772096362	426.0078859746043	255.7602579875476	447.80329847071994	255.7602579875476	447.80329847071994	269.1684772096362	426.0078859746043	269.1684772096362
440.204802113432	260.3180797469295	440.204802113432	251.20243622816565	449.31279303702587	251.20243622816565	449.31279303702587	260.3180797469295
439.72499337092626	264.50111320776966	439.72499337092626	249.93058134425223	455.8816035705136	249.93058134425223	455.8816035705136	264.50111320776966
444.03808840438944	267.71216559212485	444.03808840438944	254.66714904826745	451.56850853705043	254.66714904826745	451.56850853705043	267.71216559212485
437.0038325480094	261.36723169082586	437.0038325480094	250.1532842842693	456.66824195219465	250.1532842842693	456.66824195219465	261.36723169082586
R9	142.72634606428792	13.19296109519787	162.9034593070562	5
142.72634606428792	13.19296109519787	142.72634606428792	2.1073801575819227	153.57942650636804	2.1073801575819227	153.57942650636804	13.19296109519787	142.72634606428792	13.19296109519787
136.42050957067931	16.646061840431244	136.42050957067931	-7.138185692827489	149.03218255789653	-7.138185692827489	149.03218255789653	16.646061840431244
136.52006332502881	9.08795434934559	136.52006332502881	-4.873194034181746	158.47517427891134	-4.873194034181746	158.47517427891134	9.08795434934559
147.25386195610272	21.196703140793105	147.25386195610272	5.189219049602636	159.5733356177894	5.189219049602636	159.5733356177894	21.196703140793105
150.42971305555747	20.507769260407464	150.42971305555747	1.7534351444064793	156.7291399571786	1.7534351444064793	156.7291399571786	20.507769260407464
R8	427.0576692838219	473.5235601105412	113.35981826295964	5
427.0576692838219	473.5235601105412	427.0576692838219	459.49387615734383	432.5711806378719	459.49387615734383	432.5711806378719	473.5235601105412	427.0576692838219	473.5235601105412
415.12221949028316	470.1262910244157	415.12221949028316	451.71928131558997	438.99311907736063	451.71928131558997	438.99311907736063	470.1262910244157
423.4533968799833	475.381127079203	423.4533968799833	468.86099236954806	441.68896439576054	468.86099236954806	441.68896439576054	475.381127079203
425.0510590044121	481.1138311111325	425.0510590044121	465.9332891099499	432.72572421051734	465.9332891099499	432.72572421051734	481.1138311111325
421.2980536630337	472.53134544170945	421.2980536630337	454.18575393934424	443.8443076127101	454.18575393934424	443.8443076127101	472.53134544170945
R7	165.31212163446594	487.99147465535907	167.45251144469015	5
165.31212163446594	487.99147465535907	165.31212163446594	468.69104682460613	185.2100563536303	468.69104682460613	185.2100563536303	487.99147465535907	165.31212163446594	487.99147465535907
154.7316921778695	491.51379005465304	154.7316921778695	484.4691592560651	176.44736334662457	484.4691592560651	176.44736334662457	491.51379005465304
157.3901228708717	488.7005706603519	157.3901228708717	476.58170400208735	173.23412039806018	476.58170400208735	173.23412039806018	488.7005706603519
158.1931349131102	494.714024899939	158.1931349131102	479.91717456468336	172.43110835582166	479.91717456468336	172.43110835582166	494.714024899939
158.95143507082128	477.28570678368044	158.95143507082128	460.0963868655318	180.8200093292162	460.0963868655318	180.8200093292162	477.28570678368044
R6	200.21993022741836	117.10309061532335	107.28223874309866	5
200.21993022741836	117.10309061532335	200.21993022741836	104.57847938357985	224.9098230649722	104.57847938357985	224.9098230649722	117.10309061532335	200.21993022741836	117.10309061532335
212.0467275537595	110.48202669689361	212.0467275537595	98.67493207026611	223.40097092940883	98.67493207026611	223.40097092940883	110.48202669689361
199.60692267574584	113.65882564964528	199.60692267574584	95.49813311751441	224.3843843733263	95.49813311751441	224.3843843733263	113.65882564964528
201.7083847318632	126.7163865726729	201.7083847318632	107.4897946579738	213.71065741962974	107.4897946579738	213.71065741962974	126.7163865726729
211.91419686758294	122.85066538612394	211.91419686758294	111.35551584452274	220.33057533366346	111.35551584452274	220.33057533366346	122.85066538612394
R5	270.99499397963336	497.1683966252215	99.21614528511898	5
270.99499397963336	497.1683966252215	270.99499397963336	476.12244049083074	288.71678578086164	476.12244049083074	288.71678578086164	497.1683966252215	270.99499397963336	497.1683966252215
262.736348292112	499.7397445904928	262.736348292112	492.6862476435517	279.25363966715474	492.6862476435517	279.25363966715474	499.7397445904928
286.004330128378	486.00648870961925	286.004330128378	469.5743605634693	291.42924143334517	469.5743605634693	291.42924143334517	486.00648870961925
267.05728349353143	490.4632695478094	267.05728349353143	479.1941667098229	274.9327044657353	479.1941667098229	274.9327044657353	490.4632695478094
260.83131621508215	494.5982608646208	260.83131621508215	469.9089004138501	281.1586717441846	469.9089004138501	281.1586717441846	494.5982608646208
R4	168.12530858087553	371.0464773754839	102.82716275985946	5
168.12530858087553	371.0464773754839	168.12530858087553	352.6432186144446	180.88987896298232	352.6432186144446	180.88987896298232	371.0464773754839	168.12530858087553	371.0464773754839
156.03520816166198	365.3950136821982	156.03520816166198	341.1000144298625	180.21540900008907	341.1000144298625	180.21540900008907	365.3950136821982
175.00930187124274	365.76105460522956	175.00930187124274	350.7288756136305	186.7704560547219	350.7288756136305	186.7704560547219	365.76105460522956
168.66686325829232	365.0920276617633	168.66686325829232	340.1944095671259	188.23933279535515	340.1944095671259	188.23933279535515	365.0920276617633
158.75960356576732	377.47371056751643	158.75960356576732	353.0220859654507	177.49101359598373	353.0220859654507	177.49101359598373	377.47371056751643
R3	317.8897967564346	211.50827734774612	93.69771822418598	5
317.8897967564346	211.50827734774612	317.8897967564346	201.3716162415634	334.41029803975124	201.3716162415634	334.41029803975124	211.50827734774612	317.8897967564346	211.50827734774612
321.28701568895946	205.272070976772	321.28701568895946	197.4711615063548	333.1504972417362	197.4711615063548	333.1504972417362	205.272070976772
310.12474211301736	219.19817055259745	310.12474211301736	203.81838414289479	326.61869397649633	203.81838414289479	326.61869397649633	219.19817055259745
322.48607544309834	222.73685309681034	322.48607544309834	200.2797015986819	328.3220779839355	200.2797015986819	328.3220779839355	222.73685309681034
311.6606450223081	210.56748277446331	311.6606450223081	201.98760844176695	324.1189484905611	201.98760844176695	324.1189484905611	210.56748277446331
R2	31.601836707822553	42.21651003321254	166.91203277188708	5
31.601836707822553	42.21651003321254	31.601836707822553	31.294456090209028	55.4209493916439	31.294456090209028	55.4209493916439	42.21651003321254	31.601836707822553	42.21651003321254
32.99922607301133	36.74839795781832	32.99922607301133	25.840514222599747	40.51053495118978	25.840514222599747	40.51053495118978	36.74839795781832
33.87528699378813	54.36620944200508	33.87528699378813	30.066810624420008	42.03952606632982	30.066810624420008	42.03952606632982	54.36620944200508
27.515417129763655	34.45220398108192	27.515417129763655	28.136708199336145	40.500015018792176	28.136708199336145	40.500015018792176	34.45220398108192
40.95880053789863	36.1361038151286	40.95880053789863	26.452808365289464	49.40722021608105	26.452808365289464	49.40722021608105	36.1361038151286
R1	174.57923667831275	261.322769481749	103.12256988702184	5
174.57923667831275	261.322769481749	174.57923667831275	238.28917113733456	195.59547167207236	238.28917113733456	195.59547167207236	261.322769481749	174.57923667831275	261.322769481749
183.20921524693432	272.8388983458136	183.20921524693432	249.80664061768434	195.1574039774111	249.80664061768434	195.1574039774111	272.8388983458136
190.4957379048466	256.5205974044074	190.4957379048466	245.33592897076272	200.69520543929812	245.33592897076272	200.69520543929812	256.5205974044074
170.68453066974956	256.14085812310145	170.68453066974956	241.17351094438243	178.47394268687594	241.17351094438243	178.47394268687594	256.14085812310145
178.88280538856756	242.64089396312784	178.88280538856756	233.9374483115413	196.74946438948487	233.9374483115413	196.74946438948487	242.64089396312784
