R100	86.73040747359397	413.0723212303104	102.04894501517533	1
86.73040747359397	413.0723212303104	86.73040747359397	391.1422928534604	93.61087212289851	391.1422928534604	93.61087212289851	413.0723212303104	86.73040747359397	413.0723212303104
R99	362.7720291632742	186.08590277996083	128.35193410680685	1
362.7720291632742	186.08590277996083	362.7720291632742	174.47144203622113	386.2660414794332	174.47144203622113	386.2660414794332	186.08590277996083	362.7720291632742	186.08590277996083
R98	92.09827885386814	372.29494738555195	89.78422856931661	1
92.09827885386814	372.29494738555195	92.09827885386814	350.03144555665915	107.26034051133767	350.03144555665915	107.26034051133767	372.29494738555195	92.09827885386814	372.29494738555195
R97	315.3678427707549	354.27047468472614	99.31452883086203	1
315.3678427707549	354.27047468472614	315.3678427707549	337.13450902753726	323.5804247806815	337.13450902753726	323.5804247806815	354.27047468472614	315.3678427707549	354.27047468472614
R96	335.2040239609843	389.934882158418	145.41471999550254	1
335.2040239609843	389.934882158418	335.2040239609843	371.2042222826214	356.1306841229965	371.2042222826214	356.1306841229965	389.934882158418	335.2040239609843	389.934882158418
R95	320.29475534259734	59.30362581607514	90.23425843224452	1
320.29475534259734	59.30362581607514	320.29475534259734	52.426769563551346	332.0337593765548	52.426769563551346	332.0337593765548	59.30362581607514	320.29475534259734	59.30362581607514
R94	358.91378629283	209.1149630636585	98.14794626425872	1
358.91378629283	209.1149630636585	358.91378629283	191.4066963669405	374.1124143806531	191.4066963669405	374.1124143806531	209.1149630636585	358.91378629283	209.1149630636585
R93	4.446117449950604	206.50322603395733	139.6504347524885	1
4.446117449950604	206.50322603395733	4.446117449950604	186.35611572182717	25.13644545295879	186.35611572182717	25.13644545295879	206.50322603395733	4.446117449950604	206.50322603395733
R92	349.33894635627365	251.49446142894948	115.25863836639869	1
349.33894635627365	251.49446142894948	349.33894635627365	244.3250767602927	363.11978750882196	244.3250767602927	363.11978750882196	251.49446142894948	349.33894635627365	251.49446142894948
R91	398.04981008760353	285.16369246255096	158.14032072283948	1
398.04981008760353	285.16369246255096	398.04981008760353	269.77169267523203	413.5916720840107	269.77169267523203	413.5916720840107	285.16369246255096	398.04981008760353	285.16369246255096
R90	434.02626175234894	435.7912343260243	161.01037804512208	1
434.02626175234894	435.7912343260243	434.02626175234894	417.37428931580655	455.34163101240136	417.37428931580655	455.34163101240136	435.7912343260243	434.02626175234894	435.7912343260243
R89	410.5270924668994	59.29085944035262	119.95101322536078	1
410.5270924668994	59.29085944035262	410.5270924668994	52.403650046176196	427.65208824858496	52.403650046176196	427.65208824858496	59.29085944035262	410.5270924668994	59.29085944035262
R88	0.18279450250498996	222.55573019526148	139.49104930486016	1
0.18279450250498996	222.55573019526148	0.18279450250498996	211.2020364955287	19.48325917660324	211.2020364955287	19.48325917660324	222.55573019526148	0.18279450250498996	222.55573019526148
R87	473.593399810904	289.17869925103895	123.07548288433307	1
473.593399810904	289.17869925103895	473.593399810904	266.3568070746032	494.4637820646717	266.3568070746032	494.4637820646717	289.17869925103895	473.593399810904	289.17869925103895
R86	452.9747930835433	246.2514047564459	93.46748867349727	1
452.9747930835433	246.2514047564459	452.9747930835433	226.0097619047261	469.8667657682121	226.0097619047261	469.8667657682121	246.2514047564459	452.9747930835433	246.2514047564459
R85	252.88994489412545	258.6322767596723	107.28733798057603	1
252.88994489412545	258.6322767596723	252.88994489412545	234.40948316197134	273.0145536113742	234.40948316197134	273.0145536113742	258.6322767596723	252.88994489412545	258.6322767596723
R84	56.43933889923538	33.19652322885569	113.02839325915097	1
56.43933889923538	33.19652322885569	56.43933889923538	11.292379723813697	64.75662832739602	11.292379723813697	64.75662832739602	33.19652322885569	56.43933889923538	33.19652322885569
R83	101.93532862473127	50.14184496640164	98.19039502463781	1
101.93532862473127	50.14184496640164	101.93532862473127	40.969283173631105	126.80380433142595	40.969283173631105	126.80380433142595	50.14184496640164	101.93532862473127	50.14184496640164
R82	462.0480871534048	441.4216221078101	168.6000745579824	1
462.0480871534048	441.4216221078101	462.0480871534048	428.09790509752133	467.77808500908077	428.09790509752133	467.77808500908077	441.4216221078101	462.0480871534048	441.4216221078101
R81	44.68609872070657	377.81260146939513	136.82514421348634	1
44.68609872070657	377.81260146939513	44.68609872070657	366.0372278661553	51.8511144382569	366.0372278661553	51.8511144382569	377.81260146939513	44.68609872070657	377.81260146939513
R80	302.46202413271794	195.99777944880702	94.90087166563102	1
302.46202413271794	195.99777944880702	302.46202413271794	185.4090228004011	323.79532214969845	185.4090228004011	323.79532214969845	195.99777944880702	302.46202413271794	195.99777944880702
R79	45.49542757973556	65.35492977518302	132.32215467741509	1
45.49542757973556	65.35492977518302	45.49542757973556	55.03193053264683	55.160798463431476	55.03193053264683	55.160798463431476	65.35492977518302	45.49542757973556	65.35492977518302
R78	280.51624654019224	180.890015409666	169.1170603845027	1
280.51624654019224	180.890015409666	280.51624654019224	174.74777859255803	298.11660964158136	174.74777859255803	298.11660964158136	180.890015409666	280.51624654019224	180.890015409666
R77	267.75886903235846	13.93970706444947	164.8577098499627	1
267.75886903235846	13.93970706444947	267.75886903235846	-10.17472472385017	286.2595269832807	-10.17472472385017	286.2595269832807	13.93970706444947	267.75886903235846	13.93970706444947
R76	225.97401263870807	315.8906575127963	112.77781156623173	1
225.97401263870807	315.8906575127963	225.97401263870807	309.60511177435995	235.39375764144802	309.60511177435995	235.39375764144802	315.8906575127963	225.97401263870807	315.8906575127963
R75	245.03640389571015	302.22345593433187	147.6244855497405	1
245.03640389571015	302.22345593433187	245.03640389571015	278.8412475637571	251.92434779941405	278.8412475637571	251.92434779941405	302.22345593433187	245.03640389571015	302.22345593433187
R74	465.0889816620832	344.6874390403143	134.37552900711128	1
465.0889816620832	344.6874390403143	465.0889816620832	328.7968682119565	472.08293461418356	328.7968682119565	472.08293461418356	344.6874390403143	465.0889816620832	344.6874390403143
R73	280.9396488572576	58.34794385349426	94.64557605733732	1
280.9396488572576	58.34794385349426	280.9396488572576	36.569402497381645	301.718108408716	36.569402497381645	301.718108408716	58.34794385349426	280.9396488572576	58.34794385349426
R72	210.51473054397124	77.62079376169913	133.53370631788974	1
210.51473054397124	77.62079376169913	210.51473054397124	55.34763109615276	223.83406057242112	55.34763109615276	223.83406057242112	77.62079376169913	210.51473054397124	77.62079376169913
R71	96.57341364639544	11.219006882456128	103.45676304126006	1
96.57341364639544	11.219006882456128	96.57341364639544	5.344614971777418	119.4495858428914	5.344614971777418	119.4495858428914	11.219006882456128	96.57341364639544	11.219006882456128
R70	441.600607398786	250.1853161998552	128.98370995537744	1
441.600607398786	250.1853161998552	441.600607398786	235.00421769525389	456.6759631091294	235.00421769525389	456.6759631091294	250.1853161998552	441.600607398786	250.1853161998552
R69	466.8207001448944	85.8691327755951	161.61492789331248	1
466.8207001448944	85.8691327755951	466.8207001448944	64.74452421459502	483.17554617584807	64.74452421459502	483.17554617584807	85.8691327755951	466.8207001448944	85.8691327755951
R68	317.6130612453436	255.82980362211003	160.87985101160803	1
317.6130612453436	255.82980362211003	317.6130612453436	230.98012952004188	328.3645565008262	230.98012952004188	328.3645565008262	255.82980362211003	317.6130612453436	255.82980362211003
R67	189.2600404291205	175.20875756464253	124.41672764905066	1
189.2600404291205	175.20875756464253	189.2600404291205	156.45650441017122	203.8617540492119	156.45650441017122	203.8617540492119	175.20875756464253	189.2600404291205	175.20875756464253
R66	338.92139959752205	59.110764397925294	104.59739950131782	1
338.92139959752205	59.110764397925294	338.92139959752205	54.032717362236795	363.7611232216908	54.032717362236795	363.7611232216908	59.110764397925294	338.92139959752205	59.110764397925294
R65	62.0044516478782	317.9706159074061	121.93648652399439	1
62.0044516478782	317.9706159074061	62.0044516478782	304.96537385374666	70.32033533985512	304.96537385374666	70.32033533985512	317.9706159074061	62.0044516478782	317.9706159074061
R64	113.68707057179306	32.753968277766546	156.65935039201824	1
113.68707057179306	32.753968277766546	113.68707057179306	19.474509631650218	135.60791903064518	19.474509631650218	135.60791903064518	32.753968277766546	113.68707057179306	32.753968277766546
R63	209.25090748550986	100.15219414743055	102.57820326642764	1
209.25090748550986	100.15219414743055	209.25090748550986	76.91376575643741	215.54051801359924	76.91376575643741	215.54051801359924	100.15219414743055	209.25090748550986	100.15219414743055
R62	20.095612541340856	29.67881348786039	122.01590622333417	1
20.095612541340856	29.67881348786039	20.095612541340856	5.220359133598423	39.56836954587172	5.220359133598423	39.56836954587172	29.67881348786039	20.095612541340856	29.67881348786039
R61	325.82942999403684	94.76063359539287	103.13704193235117	1
325.82942999403684	94.76063359539287	325.82942999403684	74.48638827233191	337.0299782317524	74.48638827233191	337.0299782317524	94.76063359539287	325.82942999403684	94.76063359539287
R60	16.670237824978514	278.54006272595376	104.75243258933779	1
16.670237824978514	278.54006272595376	16.670237824978514	257.4718280270476	39.89894886016048	257.4718280270476	39.89894886016048	278.54006272595376	16.670237824978514	278.54006272595376
R59	424.5409044232845	242.16505795059734	114.26639122768954	1
424.5409044232845	242.16505795059734	424.5409044232845	220.67001543319256	441.2840236572681	220.67001543319256	441.2840236572681	242.16505795059734	424.5409044232845	242.16505795059734
R58	175.70608458759637	318.8418598199701	89.53692610381455	1
175.70608458759637	318.8418598199701	175.70608458759637	313.1406049093749	189.6199008976979	313.1406049093749	189.6199008976979	318.8418598199701	175.70608458759637	318.8418598199701
R57	342.57265981251913	470.8607871868135	116.12807809620615	1
342.57265981251913	470.8607871868135	342.57265981251913	446.7405527166863	359.9997753875667	446.7405527166863	359.9997753875667	470.8607871868135	342.57265981251913	470.8607871868135
R56	237.36435296029526	29.178419170711603	100.8341505913889	1
237.36435296029526	29.178419170711603	237.36435296029526	20.6122133572181	256.55214373464617	20.6122133572181	256.55214373464617	29.178419170711603	237.36435296029526	29.178419170711603
R55	395.78086887321643	255.95034692626479	161.56409546093744	1
395.78086887321643	255.95034692626479	395.78086887321643	244.82895716830927	403.1525327025883	244.82895716830927	403.1525327025883	255.95034692626479	395.78086887321643	255.95034692626479
R54	254.46528214540757	349.6563545022696	114.99334901421001	1
254.46528214540757	349.6563545022696	254.46528214540757	342.95186286623795	264.08743853346533	342.95186286623795	264.08743853346533	349.6563545022696	254.46528214540757	349.6563545022696
R53	162.12875143942912	310.14571096459036	134.39887310418203	1
162.12875143942912	310.14571096459036	162.12875143942912	300.9173283102884	171.5514287834658	300.9173283102884	171.5514287834658	310.14571096459036	162.12875143942912	310.14571096459036
R52	190.51893454757985	97.05315504683321	95.08700017847056	1
190.51893454757985	97.05315504683321	190.51893454757985	80.15381648172581	213.05891409140608	80.15381648172581	213.05891409140608	97.05315504683321	190.51893454757985	97.05315504683321
R51	78.06988274717861	149.59669066445232	159.14751951226262	1
78.06988274717861	149.59669066445232	78.06988274717861	126.11695251433858	98.99179814631978	126.11695251433858	98.99179814631978	149.59669066445232	78.06988274717861	149.59669066445232
R50	406.0330820269845	88.76655760906252	137.25265696669757	1
406.0330820269845	88.76655760906252	406.0330820269845	79.53590455711964	428.5793683250945	79.53590455711964	428.5793683250945	88.76655760906252	406.0330820269845	88.76655760906252
R49	34.16538794003008	74.34998465301662	107.43068623091901	1
34.16538794003008	74.34998465301662	34.16538794003008	56.579697761347134	41.62117194510319	56.579697761347134	41.62117194510319	74.34998465301662	34.16538794003008	74.34998465301662
R48	90.63710525604421	279.1095702195106	164.41749069818374	1
90.63710525604421	279.1095702195106	90.63710525604421	265.880810538466	103.21438099271893	265.880810538466	103.21438099271893	279.1095702195106	90.63710525604421	279.1095702195106
R47	308.72419509272413	180.7437473321769	163.06586680753853	1
308.72419509272413	180.7437473321769	308.72419509272413	164.89448491495773	329.63619008722674	164.89448491495773	329.63619008722674	180.7437473321769	308.72419509272413	180.7437473321769
R46	271.060944901258	349.005623205517	157.15926447841898	1
271.060944901258	349.005623205517	271.060944901258	335.4254869362533	285.3574012601569	335.4254869362533	285.3574012601569	349.005623205517	271.060944901258	349.005623205517
R45	50.755552460590366	460.54216601840943	165.01382089722364	1
50.755552460590366	460.54216601840943	50.755552460590366	438.3202038964004	73.92776392093494	438.3202038964004	73.92776392093494	460.54216601840943	50.755552460590366	460.54216601840943
R44	407.50825544570125	207.63881118574892	172.08356138239125	1
407.50825544570125	207.63881118574892	407.50825544570125	190.30052936789383	429.174088866102	190.30052936789383	429.174088866102	207.63881118574892	407.50825544570125	207.63881118574892
R43	136.02257149610696	439.11491304423777	115.76037722283752	1
136.02257149610696	439.11491304423777	136.02257149610696	431.70681541617336	157.79137707538692	431.70681541617336	157.79137707538692	439.11491304423777	136.02257149610696	439.11491304423777
R42	223.46276930486943	162.11372618021207	138.5857334679148	1
223.46276930486943	162.11372618021207	223.46276930486943	142.5208946229441	239.98303650622375	142.5208946229441	239.98303650622375	162.11372618021207	223.46276930486943	162.11372618021207
R41	402.48618648726045	332.46603483432176	106.2050218926313	1
402.48618648726045	332.46603483432176	402.48618648726045	325.4560760148283	411.32003814393414	325.4560760148283	411.32003814393414	332.46603483432176	402.48618648726045	332.46603483432176
R40	96.4670091619316	348.67959448085804	165.2306808298699	1
96.4670091619316	348.67959448085804	96.4670091619316	329.1295423064909	116.44014272918437	329.1295423064909	116.44014272918437	348.67959448085804	96.4670091619316	348.67959448085804
R39	483.9283173185135	140.4170972749853	159.40112083352912	1
483.9283173185135	140.4170972749853	483.9283173185135	131.37357722407992	503.59679998616645	131.37357722407992	503.59679998616645	140.4170972749853	483.9283173185135	140.4170972749853
R38	29.912248961208434	36.57350678065512	160.76556163262268	1
29.912248961208434	36.57350678065512	29.912248961208434	12.595670401454326	48.39365411156098	12.595670401454326	48.39365411156098	36.57350678065512	29.912248961208434	36.57350678065512
R37	393.04347518576753	70.7490532032024	150.84407421543614	1
393.04347518576753	70.7490532032024	393.04347518576753	61.763446522972906	405.30420488868594	61.763446522972906	405.30420488868594	70.7490532032024	393.04347518576753	70.7490532032024
R36	148.3789850910757	63.03724074711562	140.50640492597427	1
148.3789850910757	63.03724074711562	148.3789850910757	43.068913081273664	156.77726826852634	43.068913081273664	156.77726826852634	63.03724074711562	148.3789850910757	63.03724074711562
R35	257.78780094345973	16.607813532995525	128.99947099814972	1
257.78780094345973	16.607813532995525	257.78780094345973	-0.38244092384716666	271.8677769647769	-0.38244092384716666	271.8677769647769	16.607813532995525	257.78780094345973	16.607813532995525
R34	481.56682691228366	345.562617157461	131.70608476920066	1
481.56682691228366	345.562617157461	481.56682691228366	321.59132496821803	489.40833010189897	321.59132496821803	489.40833010189897	345.562617157461	481.56682691228366	345.562617157461
R33	227.27464530650388	36.977947984659345	105.47188122583798	1
227.27464530650388	36.977947984659345	227.27464530650388	30.25056583319354	234.75079087128933	30.25056583319354	234.75079087128933	36.977947984659345	227.27464530650388	36.977947984659345
R32	364.35296363124957	394.9198203105826	129.23637253706255	1
364.35296363124957	394.9198203105826	364.35296363124957	375.8684470785921	374.0584013072227	375.8684470785921	374.0584013072227	394.9198203105826	364.35296363124957	394.9198203105826
R31	196.0056124124031	27.529370498411318	167.08621391787133	1
196.0056124124031	27.529370498411318	196.0056124124031	7.232467543220929	206.01736483468736	7.232467543220929	206.01736483468736	27.529370498411318	196.0056124124031	27.529370498411318
R30	323.01818410206863	90.02353017918192	153.7161311144953	1
323.01818410206863	90.02353017918192	323.01818410206863	72.70118603936088	337.6633096747662	72.70118603936088	337.6633096747662	90.02353017918192	323.01818410206863	90.02353017918192
R29	17.726398813106854	76.64157663539613	123.44780283813269	1
17.726398813106854	76.64157663539613	17.726398813106854	67.9701745977536	28.781338703127084	67.9701745977536	28.781338703127084	76.64157663539613	17.726398813106854	76.64157663539613
R28	80.17964895060211	363.19151300957776	164.8625047225922	1
80.17964895060211	363.19151300957776	80.17964895060211	353.68002540938835	88.0399977686829	353.68002540938835	88.0399977686829	363.19151300957776	80.17964895060211	363.19151300957776
R27	212.69616470205037	138.91026755854918	154.42146203882984	1
212.69616470205037	138.91026755854918	212.69616470205037	126.78976549219445	223.65778973680094	126.78976549219445	223.65778973680094	138.91026755854918	212.69616470205037	138.91026755854918
R26	303.4692939272782	291.8503940784226	128.61454075511148	1
303.4692939272782	291.8503940784226	303.4692939272782	283.2431636736371	311.97717403065786	283.2431636736371	311.97717403065786	291.8503940784226	303.4692939272782	291.8503940784226
R25	-5.340172066994887	145.9408711973264	136.69253455638665	1
-5.340172066994887	145.9408711973264	-5.340172066994887	135.87082875910178	8.83471502622435	135.87082875910178	8.83471502622435	145.9408711973264	-5.340172066994887	145.9408711973264
R24	5.497090033501741	30.243161040656368	165.75343854344794	1
5.497090033501741	30.243161040656368	5.497090033501741	10.700009752166245	11.067126795971213	10.700009752166245	11.067126795971213	30.243161040656368	5.497090033501741	30.243161040656368
R23	476.31199506091883	421.7338101644745	92.07704385117547	1
476.31199506091883	421.7338101644745	476.31199506091883	406.88460853975056	488.88170367189633	406.88460853975056	488.88170367189633	421.7338101644745	476.31199506091883	421.7338101644745
R22	415.13808783158737	262.1932828830097	126.16484845865088	1
415.13808783158737	262.1932828830097	415.13808783158737	250.32178966217012	434.14573772141006	250.32178966217012	434.14573772141006	262.1932828830097	415.13808783158737	262.1932828830097
R21	24.541959225934423	407.4660487100374	141.7489019863867	1
24.541959225934423	407.4660487100374	24.541959225934423	398.68736911998576	44.913170306837685	398.68736911998576	44.913170306837685	407.4660487100374	24.541959225934423	407.4660487100374
R20	22.682487352849996	503.4799915017756	151.2677334223221	1
22.682487352849996	503.4799915017756	22.682487352849996	486.10068913992615	32.708076496124455	486.10068913992615	32.708076496124455	503.4799915017756	22.682487352849996	503.4799915017756
R19	469.2485040702106	167.97384032788702	168.24642931827512	1
469.2485040702106	167.97384032788702	469.2485040702106	158.92076811079565	476.2230002900564	158.92076811079565	476.2230002900564	167.97384032788702	469.2485040702106	167.97384032788702
R18	303.8875803239782	479.8794464848463	99.33113737192699	1
303.8875803239782	479.8794464848463	303.8875803239782	460.27912992024164	313.1665375624556	460.27912992024164	313.1665375624556	479.8794464848463	303.8875803239782	479.8794464848463
R17	272.0138173704043	9.740991264561956	122.24860727814371	1
272.0138173704043	9.740991264561956	272.0138173704043	-0.12956894923487638	291.0080435204539	-0.12956894923487638	291.0080435204539	9.740991264561956	272.0138173704043	9.740991264561956
R16	160.47075553688347	284.42653955255656	93.65987400268672	1
160.47075553688347	284.42653955255656	160.47075553688347	277.2508048263796	177.31883954856556	277.2508048263796	177.31883954856556	284.42653955255656	160.47075553688347	284.42653955255656
R15	273.42537822365153	397.6977693423954	109.28090246606254	1
273.42537822365153	397.6977693423954	273.42537822365153	381.4347339972369	281.2974433213281	381.4347339972369	281.2974433213281	397.6977693423954	273.42537822365153	397.6977693423954
R14	347.08266494319787	364.9518596362741	117.84870830837177	1
347.08266494319787	364.9518596362741	347.08266494319787	356.93487408833687	359.8931113689075	356.93487408833687	359.8931113689075	364.9518596362741	347.08266494319787	364.9518596362741
R13	190.33507848005607	295.63478087180147	97.21102260306778	1
190.33507848005607	295.63478087180147	190.33507848005607	286.5549868088365	214.70518347728992	286.5549868088365	214.70518347728992	295.63478087180147	190.33507848005607	295.63478087180147
R12	477.2994810498347	60.448748275278966	159.53124754864575	1
477.2994810498347	60.448748275278966	477.2994810498347	54.225124993743925	499.53711695192516	54.225124993743925	499.53711695192516	60.448748275278966	477.2994810498347	60.448748275278966
R11	376.84444918856195	342.536694054641	161.8861365850381	1
376.84444918856195	342.536694054641	376.84444918856195	336.95877550734747	383.12285529645067	336.95877550734747	383.12285529645067	342.536694054641	376.84444918856195	342.536694054641
R10	403.6734299960471	212.3248993301524	152.79052614451763	1
403.6734299960471	212.3248993301524	403.6734299960471	203.61542270894654	427.11892711510956	203.61542270894654	427.11892711510956	212.3248993301524	403.6734299960471	212.3248993301524
R9	175.3052367304732	214.64046894132028	174.16438980495073	1
175.3052367304732	214.64046894132028	175.3052367304732	209.56799713664495	185.97000654554182	209.56799713664495	185.97000654554182	214.64046894132028	175.3052367304732	214.64046894132028
R8	129.3805813288309	244.093299849364	100.74907490387878	1
129.3805813288309	244.093299849364	129.3805813288309	230.60312644807092	142.70615186508005	230.60312644807092	142.70615186508005	244.093299849364	129.3805813288309	244.093299849364
R7	176.12422451595097	350.52272729394775	162.37642240462193	1
176.12422451595097	350.52272729394775	176.12422451595097	336.42309136736907	183.11910117643373	336.42309136736907	183.11910117643373	350.52272729394775	176.12422451595097	350.52272729394775
R6	301.5050188799326	420.55724555855784	154.22028860881983	1
301.5050188799326	420.55724555855784	301.5050188799326	403.9720781498994	310.0909749601221	403.9720781498994	310.0909749601221	420.55724555855784	301.5050188799326	420.55724555855784
R5	-2.3385488850571186	174.02100236293109	121.51037523985276	1
-2.3385488850571186	174.02100236293109	-2.3385488850571186	163.4750936836694	10.112359230008067	163.4750936836694	10.112359230008067	174.02100236293109	-2.3385488850571186	174.02100236293109
R4	338.4984036381358	35.044017628345784	133.02660355098098	1
338.4984036381358	35.044017628345784	338.4984036381358	15.556623338141966	345.22812629008337	15.556623338141966	345.22812629008337	35.044017628345784	338.4984036381358	35.044017628345784
R3	490.0109205969521	227.29353940576107	100.90997511813706	1
490.0109205969521	227.29353940576107	490.0109205969521	216.09704397950918	505.7877008175447	216.09704397950918	505.7877008175447	227.29353940576107	490.0109205969521	227.29353940576107
R2	326.8540475811654	410.7419611191496	91.55192412767909	1
326.8540475811654	410.7419611191496	326.8540475811654	386.5882867476325	342.45304680056626	386.5882867476325	342.45304680056626	410.7419611191496	326.8540475811654	410.7419611191496
R1	448.95277721167207	53.82235350225829	154.28591625859875	1
448.95277721167207	53.82235350225829	448.95277721167207	41.66634179874051	469.9308921277199	41.66634179874051	469.9308921277199	53.82235350225829	448.95277721167207	53.82235350225829
