R100	265.5772749024237	110.25509256710076	17.65454907511838	1
265.5772749024237	110.25509256710076	265.5772749024237	103.9230821063657	280.1829509642283	103.9230821063657	280.1829509642283	110.25509256710076	265.5772749024237	110.25509256710076
R99	82.26839205487207	83.55539696833111	6.3873670515017285	1
82.26839205487207	83.55539696833111	82.26839205487207	60.785484058314786	87.48028229483435	60.785484058314786	87.48028229483435	83.55539696833111	82.26839205487207	83.55539696833111
R98	23.13726469173226	42.885251743081525	10.626149836834724	1
23.13726469173226	42.885251743081525	23.13726469173226	35.43493696439961	41.15325898620728	35.43493696439961	41.15325898620728	42.885251743081525	23.13726469173226	42.885251743081525
R97	24.780804128414466	94.47832173588661	21.80763177453929	1
24.780804128414466	94.47832173588661	24.780804128414466	78.89750912480302	46.71036669327474	78.89750912480302	46.71036669327474	94.47832173588661	24.780804128414466	94.47832173588661
R96	422.60042537990626	387.3058114539457	10.919118578023873	1
422.60042537990626	387.3058114539457	422.60042537990626	373.05780176890653	430.6241438753807	373.05780176890653	430.6241438753807	387.3058114539457	422.60042537990626	387.3058114539457
R95	254.8748653330444	430.16418790720246	20.01781223707321	1
254.8748653330444	430.16418790720246	254.8748653330444	416.46958964359175	262.64322199137797	416.46958964359175	262.64322199137797	430.16418790720246	254.8748653330444	430.16418790720246
R94	476.5951163971992	273.05044502392536	19.919465670737534	1
476.5951163971992	273.05044502392536	476.5951163971992	256.43305212856023	500.39106850316495	256.43305212856023	500.39106850316495	273.05044502392536	476.5951163971992	273.05044502392536
R93	294.2191967898433	485.4843722956851	2.53514864458693	1
294.2191967898433	485.4843722956851	294.2191967898433	472.16052972509755	305.18319682762353	472.16052972509755	305.18319682762353	485.4843722956851	294.2191967898433	485.4843722956851
R92	245.716913638533	476.1855224845684	10.727894724978414	1
245.716913638533	476.1855224845684	245.716913638533	456.20644357114145	254.82033503418367	456.20644357114145	254.82033503418367	476.1855224845684	245.716913638533	476.1855224845684
R91	313.8008051037384	498.6981078103561	19.385412173676308	1
313.8008051037384	498.6981078103561	313.8008051037384	476.5030234835308	336.8793444666193	476.5030234835308	336.8793444666193	498.6981078103561	313.8008051037384	498.6981078103561
R90	404.07653329184666	356.1800452532478	20.606269201046363	1
404.07653329184666	356.1800452532478	404.07653329184666	349.32194671412964	414.724053436576	349.32194671412964	414.724053436576	356.1800452532478	404.07653329184666	356.1800452532478
R89	123.99725189894454	345.63291244177725	19.577481246136337	1
123.99725189894454	345.63291244177725	123.99725189894454	324.27299586197574	138.09770751136628	324.27299586197574	138.09770751136628	345.63291244177725	123.99725189894454	345.63291244177725
R88	482.96851663770445	177.34774070065524	1.9598779705934777	1
482.96851663770445	177.34774070065524	482.96851663770445	166.05448946666317	500.73404623853065	166.05448946666317	500.73404623853065	177.34774070065524	482.96851663770445	177.34774070065524
R87	158.72655208653327	449.27694397688083	17.90166276627896	1
158.72655208653327	449.27694397688083	158.72655208653327	434.086060782828	168.93857121634852	434.086060782828	168.93857121634852	449.27694397688083	158.72655208653327	449.27694397688083
R86	320.1996921527585	188.41589618503866	24.682000069549233	1
320.1996921527585	188.41589618503866	320.1996921527585	170.38306556592227	337.541827097606	170.38306556592227	337.541827097606	188.41589618503866	320.1996921527585	188.41589618503866
R85	432.4640169654146	312.08807323745174	22.157708712286045	1
432.4640169654146	312.08807323745174	432.4640169654146	288.07275435422974	443.01601994272806	288.07275435422974	443.01601994272806	312.08807323745174	432.4640169654146	312.08807323745174
R84	275.11652516422646	271.27581875958447	4.971779524807714	1
275.11652516422646	271.27581875958447	275.11652516422646	247.80596189408527	297.87189427521173	247.80596189408527	297.87189427521173	271.27581875958447	275.11652516422646	271.27581875958447
R83	331.4148304829336	375.8243207802374	1.5941946603939503	1
331.4148304829336	375.8243207802374	331.4148304829336	356.98406932314856	355.71671343111774	356.98406932314856	355.71671343111774	375.8243207802374	331.4148304829336	375.8243207802374
R82	301.8703017250518	307.4694133314391	13.301900496692143	1
301.8703017250518	307.4694133314391	301.8703017250518	287.19947931482307	322.55540468470605	287.19947931482307	322.55540468470605	307.4694133314391	301.8703017250518	307.4694133314391
R81	472.63167139039655	151.20032371510564	11.256885270413168	1
472.63167139039655	151.20032371510564	472.63167139039655	128.57882877491187	487.055321964858	128.57882877491187	487.055321964858	151.20032371510564	472.63167139039655	151.20032371510564
R80	475.95941140744173	208.46672055177217	22.861221085571326	1
475.95941140744173	208.46672055177217	475.95941140744173	195.8218624460978	500.57162062875386	195.8218624460978	500.57162062875386	208.46672055177217	475.95941140744173	208.46672055177217
R79	247.36631781177687	387.17458047174387	24.345841350314227	1
247.36631781177687	387.17458047174387	247.36631781177687	379.6445235429985	266.743679479864	379.6445235429985	266.743679479864	387.17458047174387	247.36631781177687	387.17458047174387
R78	401.5875713018162	103.28898313679	5.411711631548067	1
401.5875713018162	103.28898313679	401.5875713018162	89.0638787478442	410.42409811135883	89.0638787478442	410.42409811135883	103.28898313679	401.5875713018162	103.28898313679
R77	147.44432038876175	77.17200747647739	21.597105994850327	1
147.44432038876175	77.17200747647739	147.44432038876175	54.50302325342123	156.59086578071003	54.50302325342123	156.59086578071003	77.17200747647739	147.44432038876175	77.17200747647739
R76	289.87715853977636	314.53205291634373	2.5784225232010693	1
289.87715853977636	314.53205291634373	289.87715853977636	309.0477391699939	311.7189050536258	309.0477391699939	311.7189050536258	314.53205291634373	289.87715853977636	314.53205291634373
R75	105.95180174133316	237.04681432836642	20.539657746338072	1
105.95180174133316	237.04681432836642	105.95180174133316	225.35304079889667	122.85140156723102	225.35304079889667	122.85140156723102	237.04681432836642	105.95180174133316	237.04681432836642
R74	0.47677786777305897	471.34462319298655	25.07665148939449	1
0.47677786777305897	471.34462319298655	0.47677786777305897	458.6757134931246	23.312127753722546	458.6757134931246	23.312127753722546	471.34462319298655	0.47677786777305897	471.34462319298655
R73	246.02348576689792	137.08992320564022	13.503664046185587	1
246.02348576689792	137.08992320564022	246.02348576689792	112.30044999946793	258.6387873243576	112.30044999946793	258.6387873243576	137.08992320564022	246.02348576689792	137.08992320564022
R72	451.6019778978169	505.4162576290078	14.189599326567786	1
451.6019778978169	505.4162576290078	451.6019778978169	490.2302940612731	461.8936935223074	490.2302940612731	461.8936935223074	505.4162576290078	451.6019778978169	505.4162576290078
R71	44.020911177608575	37.8861263247166	9.439333141748396	1
44.020911177608575	37.8861263247166	44.020911177608575	23.428528991295615	54.02145705218005	23.428528991295615	54.02145705218005	37.8861263247166	44.020911177608575	37.8861263247166
R70	426.0483174402434	213.529681990376	8.17889854958551	1
426.0483174402434	213.529681990376	426.0483174402434	200.1272420402155	442.374849417747	200.1272420402155	442.374849417747	213.529681990376	426.0483174402434	213.529681990376
R69	475.8900656427408	407.3252114296983	10.1883789919902	1
475.8900656427408	407.3252114296983	475.8900656427408	397.7592323040321	498.9185207165884	397.7592323040321	498.9185207165884	407.3252114296983	475.8900656427408	407.3252114296983
R68	193.215738683738	407.73202378831814	8.667386765730749	1
193.215738683738	407.73202378831814	193.215738683738	393.92308238284744	198.94636382991612	393.92308238284744	198.94636382991612	407.73202378831814	193.215738683738	407.73202378831814
R67	77.98731111673771	493.5720921508596	18.198114984085553	1
77.98731111673771	493.5720921508596	77.98731111673771	486.4574007772626	91.41227885316141	486.4574007772626	91.41227885316141	493.5720921508596	77.98731111673771	493.5720921508596
R66	339.6833986342382	461.6799007398334	18.59591991111038	1
339.6833986342382	461.6799007398334	339.6833986342382	448.178818760531	363.1747439727536	448.178818760531	363.1747439727536	461.6799007398334	339.6833986342382	461.6799007398334
R65	456.16284975830274	296.3003892023475	13.656542391203761	1
456.16284975830274	296.3003892023475	456.16284975830274	290.1292358683514	471.59489251787795	290.1292358683514	471.59489251787795	296.3003892023475	456.16284975830274	296.3003892023475
R64	283.3739059666672	159.21281025722467	23.585591521839426	1
283.3739059666672	159.21281025722467	283.3739059666672	148.2811980861094	303.00352329387084	148.2811980861094	303.00352329387084	159.21281025722467	283.3739059666672	159.21281025722467
R63	209.39060169170392	305.99433258812206	12.553734272508098	1
209.39060169170392	305.99433258812206	209.39060169170392	292.56677889553845	218.56619879735092	292.56677889553845	218.56619879735092	305.99433258812206	209.39060169170392	305.99433258812206
R62	458.8462222129968	348.70958759705974	0.9952735698405979	1
458.8462222129968	348.70958759705974	458.8462222129968	333.8231684080186	464.0270204163483	333.8231684080186	464.0270204163483	348.70958759705974	458.8462222129968	348.70958759705974
R61	406.73370519814574	88.62352578126232	9.294639056547652	1
406.73370519814574	88.62352578126232	406.73370519814574	73.78981303823562	425.70001193329637	73.78981303823562	425.70001193329637	88.62352578126232	406.73370519814574	88.62352578126232
R60	373.75601969203376	24.282668224224977	21.89083638315469	1
373.75601969203376	24.282668224224977	373.75601969203376	15.645135249164001	391.9034728957703	15.645135249164001	391.9034728957703	24.282668224224977	373.75601969203376	24.282668224224977
R59	328.93467636379063	470.49535435233093	3.9751078127619976	1
328.93467636379063	470.49535435233093	328.93467636379063	457.7368449683492	346.79606977464647	457.7368449683492	346.79606977464647	470.49535435233093	328.93467636379063	470.49535435233093
R58	39.022800776485184	172.36487038896033	14.90524066187367	1
39.022800776485184	172.36487038896033	39.022800776485184	161.13861494496703	62.27498369196033	161.13861494496703	62.27498369196033	172.36487038896033	39.022800776485184	172.36487038896033
R57	408.41916898676203	95.58968797083398	1.6957793781738368	1
408.41916898676203	95.58968797083398	408.41916898676203	82.45669204250163	433.2346915051589	82.45669204250163	433.2346915051589	95.58968797083398	408.41916898676203	95.58968797083398
R56	327.74274770497664	169.7431608557944	9.954048923928454	1
327.74274770497664	169.7431608557944	327.74274770497664	146.91361877860956	342.06137191463995	146.91361877860956	342.06137191463995	169.7431608557944	327.74274770497664	169.7431608557944
R55	314.0026572014542	335.1805593862666	17.305452068663886	1
314.0026572014542	335.1805593862666	314.0026572014542	323.1522296325079	319.7515946228938	323.1522296325079	319.7515946228938	335.1805593862666	314.0026572014542	335.1805593862666
R54	230.38628842621134	326.59438956779144	10.505261462055817	1
230.38628842621134	326.59438956779144	230.38628842621134	320.4316256735801	243.49503665032822	320.4316256735801	243.49503665032822	326.59438956779144	230.38628842621134	326.59438956779144
R53	339.0887252480021	147.0495169219907	22.7564768744209	1
339.0887252480021	147.0495169219907	339.0887252480021	130.9278737723168	353.94967940382855	130.9278737723168	353.94967940382855	147.0495169219907	339.0887252480021	147.0495169219907
R52	416.3195708278314	275.57749887685617	17.435933942901165	1
416.3195708278314	275.57749887685617	416.3195708278314	254.70553140727014	439.7641567702319	254.70553140727014	439.7641567702319	275.57749887685617	416.3195708278314	275.57749887685617
R51	374.6484600712354	49.09538020752743	16.532268043685807	1
374.6484600712354	49.09538020752743	374.6484600712354	32.592404437226364	392.165405777272	32.592404437226364	392.165405777272	49.09538020752743	374.6484600712354	49.09538020752743
R50	124.18886801556829	225.5369149933344	24.689499070636796	1
124.18886801556829	225.5369149933344	124.18886801556829	212.6681514423555	148.63136540327156	212.6681514423555	148.63136540327156	225.5369149933344	124.18886801556829	225.5369149933344
R49	280.76960860171164	89.64498548842649	21.37944487285039	1
280.76960860171164	89.64498548842649	280.76960860171164	69.36858385967314	301.80654126654076	69.36858385967314	301.80654126654076	89.64498548842649	280.76960860171164	89.64498548842649
R48	66.20689979459706	345.87187948780917	18.456430627576346	1
66.20689979459706	345.87187948780917	66.20689979459706	340.31091232645525	77.89501939270835	340.31091232645525	77.89501939270835	345.87187948780917	66.20689979459706	345.87187948780917
R47	153.0648475091256	204.2697081303043	9.74967367706856	1
153.0648475091256	204.2697081303043	153.0648475091256	194.86124396626218	177.77876224394223	194.86124396626218	177.77876224394223	204.2697081303043	153.0648475091256	204.2697081303043
R46	193.88026013520283	465.1263110026733	16.124788147539846	1
193.88026013520283	465.1263110026733	193.88026013520283	440.1941952844615	214.06037058011924	440.1941952844615	214.06037058011924	465.1263110026733	193.88026013520283	465.1263110026733
R45	252.7281139045281	136.41240013972498	2.1927039754535356	1
252.7281139045281	136.41240013972498	252.7281139045281	115.1353427143742	258.11817422439873	115.1353427143742	258.11817422439873	136.41240013972498	252.7281139045281	136.41240013972498
R44	325.2168756484899	354.85399620808926	24.654193437327436	1
325.2168756484899	354.85399620808926	325.2168756484899	339.4310077087099	333.0876927015014	339.4310077087099	333.0876927015014	354.85399620808926	325.2168756484899	354.85399620808926
R43	61.528044597757265	456.62942832006905	16.269644614076082	1
61.528044597757265	456.62942832006905	61.528044597757265	446.2555642457889	81.44693013361851	446.2555642457889	81.44693013361851	456.62942832006905	61.528044597757265	456.62942832006905
R42	485.952714582059	497.31365016652234	6.287971320866258	1
485.952714582059	497.31365016652234	485.952714582059	488.74539930723023	509.5847080666632	488.74539930723023	509.5847080666632	497.31365016652234	485.952714582059	497.31365016652234
R41	295.5276098497277	272.75253768432674	20.137419542683848	1
295.5276098497277	272.75253768432674	295.5276098497277	257.13904719975005	306.3691504834196	257.13904719975005	306.3691504834196	272.75253768432674	295.5276098497277	272.75253768432674
R40	479.8366480410641	463.0487282144301	14.565325884250445	1
479.8366480410641	463.0487282144301	479.8366480410641	451.70737200346656	488.310338972934	451.70737200346656	488.310338972934	463.0487282144301	479.8366480410641	463.0487282144301
R39	283.81899988031176	280.77517083218163	13.31541980876287	1
283.81899988031176	280.77517083218163	283.81899988031176	258.0727592549823	290.4243360875243	258.0727592549823	290.4243360875243	280.77517083218163	283.81899988031176	280.77517083218163
R38	105.51263965670233	111.9064750615509	5.614258410367534	1
105.51263965670233	111.9064750615509	105.51263965670233	105.74565795390313	129.35708935583767	105.74565795390313	129.35708935583767	111.9064750615509	105.51263965670233	111.9064750615509
R37	441.0629046842132	483.7679888494542	10.741601656740281	1
441.0629046842132	483.7679888494542	441.0629046842132	467.7471334610172	453.7155343963826	467.7471334610172	453.7155343963826	483.7679888494542	441.0629046842132	483.7679888494542
R36	410.0382837972739	238.55104814036176	11.584866811169702	1
410.0382837972739	238.55104814036176	410.0382837972739	219.04006299544997	415.87919420603515	219.04006299544997	415.87919420603515	238.55104814036176	410.0382837972739	238.55104814036176
R35	125.121088580846	183.6282283860777	25.018055846491844	1
125.121088580846	183.6282283860777	125.121088580846	164.15747302895085	139.82928654409844	164.15747302895085	139.82928654409844	183.6282283860777	125.121088580846	183.6282283860777
R34	61.578728100421124	311.02532540534986	9.951458599522871	1
61.578728100421124	311.02532540534986	61.578728100421124	289.8948712589817	70.73370702714294	289.8948712589817	70.73370702714294	311.02532540534986	61.578728100421124	311.02532540534986
R33	43.5714095128565	17.96765976767952	1.5216938052143172	1
43.5714095128565	17.96765976767952	43.5714095128565	7.224772999050255	64.16462907552093	7.224772999050255	64.16462907552093	17.96765976767952	43.5714095128565	17.96765976767952
R32	-3.6848387202814927	378.4160914890153	8.646106822745633	1
-3.6848387202814927	378.4160914890153	-3.6848387202814927	357.69487571505596	5.9018223806625265	357.69487571505596	5.9018223806625265	378.4160914890153	-3.6848387202814927	378.4160914890153
R31	25.394476656566503	151.9437066636648	23.978579215127095	1
25.394476656566503	151.9437066636648	25.394476656566503	133.48738312641578	37.28847390517794	133.48738312641578	37.28847390517794	151.9437066636648	25.394476656566503	151.9437066636648
R30	277.1067058104359	491.17736343751704	8.033366866103368	1
277.1067058104359	491.17736343751704	277.1067058104359	477.0456699375788	296.0574050856447	477.0456699375788	296.0574050856447	491.17736343751704	277.1067058104359	491.17736343751704
R29	426.62067830689784	12.338561829802163	2.7165025917505687	1
426.62067830689784	12.338561829802163	426.62067830689784	-4.284767699780335	448.4342166125829	-4.284767699780335	448.4342166125829	12.338561829802163	426.62067830689784	12.338561829802163
R28	353.9450321227197	395.1664006977513	12.85595595808987	1
353.9450321227197	395.1664006977513	353.9450321227197	379.19962451392894	365.1501631157324	379.19962451392894	365.1501631157324	395.1664006977513	353.9450321227197	395.1664006977513
R27	331.2270234180242	468.69083195556783	18.6211539407391	1
331.2270234180242	468.69083195556783	331.2270234180242	452.7980141763057	351.76114599652436	452.7980141763057	351.76114599652436	468.69083195556783	331.2270234180242	468.69083195556783
R26	108.74057779093307	187.9472636203037	5.510083978568358	1
108.74057779093307	187.9472636203037	108.74057779093307	167.3692815114566	132.37047383367215	167.3692815114566	132.37047383367215	187.9472636203037	108.74057779093307	187.9472636203037
R25	471.0725820339614	123.78461177386183	24.579432157473793	1
471.0725820339614	123.78461177386183	471.0725820339614	107.75911535892521	485.4915634799283	107.75911535892521	485.4915634799283	123.78461177386183	471.0725820339614	123.78461177386183
R24	79.47951690954133	393.41640711004055	19.300850380598597	1
79.47951690954133	393.41640711004055	79.47951690954133	375.02953671018	101.3631367676713	375.02953671018	101.3631367676713	393.41640711004055	79.47951690954133	393.41640711004055
R23	291.1617047613298	263.300410418277	22.95508672169777	1
291.1617047613298	263.300410418277	291.1617047613298	254.24657978963305	301.5429195256912	254.24657978963305	301.5429195256912	263.300410418277	291.1617047613298	263.300410418277
R22	431.29051178336664	448.3052309837478	25.253436894773735	1
431.29051178336664	448.3052309837478	431.29051178336664	428.810397475342	454.0572045032522	428.810397475342	454.0572045032522	448.3052309837478	431.29051178336664	448.3052309837478
R21	449.02408762890576	31.932829514983858	4.614039144641454	1
449.02408762890576	31.932829514983858	449.02408762890576	24.35288389908999	470.7721533382144	24.35288389908999	470.7721533382144	31.932829514983858	449.02408762890576	31.932829514983858
R20	344.4602899751365	211.61403320992818	2.7738413059901594	1
344.4602899751365	211.61403320992818	344.4602899751365	190.08164447991433	357.97906587676226	190.08164447991433	357.97906587676226	211.61403320992818	344.4602899751365	211.61403320992818
R19	299.5006551365373	500.7795710409922	25.13922840175599	1
299.5006551365373	500.7795710409922	299.5006551365373	483.11498150817863	316.44934057876134	483.11498150817863	316.44934057876134	500.7795710409922	299.5006551365373	500.7795710409922
R18	211.93721048991154	315.532252646942	10.989481597186034	1
211.93721048991154	315.532252646942	211.93721048991154	291.83115303871017	223.41606216275488	291.83115303871017	223.41606216275488	315.532252646942	211.93721048991154	315.532252646942
R17	388.72450315020365	488.30652594578186	21.617300301207674	1
388.72450315020365	488.30652594578186	388.72450315020365	467.546236050446	406.0780102344954	467.546236050446	406.0780102344954	488.30652594578186	388.72450315020365	488.30652594578186
R16	461.36172124883666	213.8995555625286	24.128479960718607	1
461.36172124883666	213.8995555625286	461.36172124883666	199.93831022310562	474.29767566039624	199.93831022310562	474.29767566039624	213.8995555625286	461.36172124883666	213.8995555625286
R15	373.5857161209555	114.6935928701213	2.7909098557293235	1
373.5857161209555	114.6935928701213	373.5857161209555	100.55176936125541	389.1790733191935	100.55176936125541	389.1790733191935	114.6935928701213	373.5857161209555	114.6935928701213
R14	219.1629229663013	491.7625235813419	12.228692535203791	1
219.1629229663013	491.7625235813419	219.1629229663013	470.4441517172592	244.16161689415955	470.4441517172592	244.16161689415955	491.7625235813419	219.1629229663013	491.7625235813419
R13	95.46936994744291	126.86585077765365	3.5309537170079786	1
95.46936994744291	126.86585077765365	95.46936994744291	102.57872591791174	106.15579644359252	102.57872591791174	106.15579644359252	126.86585077765365	95.46936994744291	126.86585077765365
R12	336.7601614760039	467.08158920919647	11.983969342019856	1
336.7601614760039	467.08158920919647	336.7601614760039	456.9197489836874	356.07186719381696	456.9197489836874	356.07186719381696	467.08158920919647	336.7601614760039	467.08158920919647
R11	379.55559717211787	159.01497988266527	21.01282180881267	1
379.55559717211787	159.01497988266527	379.55559717211787	146.35322101428488	400.85682738088934	146.35322101428488	400.85682738088934	159.01497988266527	379.55559717211787	159.01497988266527
R10	241.40890705689026	53.14300988475324	6.964182161106432	1
241.40890705689026	53.14300988475324	241.40890705689026	34.53450445021328	252.85605628965118	34.53450445021328	252.85605628965118	53.14300988475324	241.40890705689026	53.14300988475324
R9	213.47088926167498	430.9153656683873	6.244364926284573	1
213.47088926167498	430.9153656683873	213.47088926167498	412.5552807958158	236.95456656301008	412.5552807958158	236.95456656301008	430.9153656683873	213.47088926167498	430.9153656683873
R8	426.7297232226436	7.7303165264616	3.22588066782594	1
426.7297232226436	7.7303165264616	426.7297232226436	-0.07432921606585952	441.52910540055683	-0.07432921606585952	441.52910540055683	7.7303165264616	426.7297232226436	7.7303165264616
R7	451.57959990811617	73.83973008782615	23.194008489508736	1
451.57959990811617	73.83973008782615	451.57959990811617	66.78349607230086	475.7559757502237	66.78349607230086	475.7559757502237	73.83973008782615	451.57959990811617	73.83973008782615
R6	320.4596113163597	382.6102961189184	12.898710417338584	1
320.4596113163597	382.6102961189184	320.4596113163597	368.4710272631753	343.2705398143524	368.4710272631753	343.2705398143524	382.6102961189184	320.4596113163597	382.6102961189184
R5	53.70487632957219	461.37893596543245	18.933577022829585	1
53.70487632957219	461.37893596543245	53.70487632957219	440.6609112934731	60.56317733985652	440.6609112934731	60.56317733985652	461.37893596543245	53.70487632957219	461.37893596543245
R4	469.46468201316947	24.38783843371073	1.8933640443970803	1
469.46468201316947	24.38783843371073	469.46468201316947	3.0659191189898998	487.82255827269427	3.0659191189898998	487.82255827269427	24.38783843371073	469.46468201316947	24.38783843371073
R3	229.56784638516106	439.97071190856343	16.01933310167976	1
229.56784638516106	439.97071190856343	229.56784638516106	432.43376622214146	240.20079600730648	432.43376622214146	240.20079600730648	439.97071190856343	229.56784638516106	439.97071190856343
R2	104.55325894882796	125.28454780603984	18.97030054900621	1
104.55325894882796	125.28454780603984	104.55325894882796	111.00643110506756	118.67607920507814	111.00643110506756	118.67607920507814	125.28454780603984	104.55325894882796	125.28454780603984
R1	282.73433832739903	131.44176500761935	11.79383494821139	1
282.73433832739903	131.44176500761935	282.73433832739903	114.9144402520475	291.82744315827784	114.9144402520475	291.82744315827784	131.44176500761935	282.73433832739903	131.44176500761935
