R100	33.490304131354115	239.9439618260465	12.209188381159903	5
33.490304131354115	239.9439618260465	33.490304131354115	234.4193619342175	47.74312321975183	234.4193619342175	47.74312321975183	239.9439618260465	33.490304131354115	239.9439618260465
25.330296415634866	246.16015771836004	25.330296415634866	233.72776593373294	41.974246811069605	233.72776593373294	41.974246811069605	246.16015771836004
27.854188920932508	239.8810764741965	27.854188920932508	228.95764739423845	47.984310493086646	228.95764739423845	47.984310493086646	239.8810764741965
41.359540976782974	247.91826610261944	41.359540976782974	231.9696575494736	47.76778549235885	231.9696575494736	47.76778549235885	247.91826610261944
32.34130138253468	244.49615537478925	32.34130138253468	224.3425684936457	45.64483007472781	224.3425684936457	45.64483007472781	244.49615537478925
R99	349.99242305304426	79.76611182269208	14.811415964076382	5
349.99242305304426	79.76611182269208	349.99242305304426	61.94234474164388	357.19256788363896	61.94234474164388	357.19256788363896	79.76611182269208	349.99242305304426	79.76611182269208
340.189428240222	78.04134766763723	340.189428240222	69.57507606270819	359.7954178658665	69.57507606270819	359.7954178658665	78.04134766763723
338.30893084588814	68.73340275512696	338.30893084588814	58.46032611154125	361.6759152602004	58.46032611154125	361.6759152602004	68.73340275512696
345.0873360001956	69.1043398192731	345.0873360001956	61.55790183721513	369.2977997670823	61.55790183721513	369.2977997670823	69.1043398192731
343.6142648061007	73.68660722673926	343.6142648061007	55.85253685040825	356.3705812999878	55.85253685040825	356.3705812999878	73.68660722673926
R98	112.98927979594879	299.1798634953026	25.14666801940797	5
112.98927979594879	299.1798634953026	112.98927979594879	274.41673574039885	130.31178996658096	274.41673574039885	130.31178996658096	299.1798634953026	112.98927979594879	299.1798634953026
109.29368928345065	290.3298434067931	109.29368928345065	265.5063040689487	116.68487030844693	265.5063040689487	116.68487030844693	290.3298434067931
111.07492722824279	308.92717677374696	111.07492722824279	289.4325502168582	116.46957414366932	289.4325502168582	116.46957414366932	308.92717677374696
120.37973702198418	303.12493772884113	120.37973702198418	287.91490519020533	140.24384291117772	287.91490519020533	140.24384291117772	303.12493772884113
123.69158296734015	294.7201937804877	123.69158296734015	286.17841204776454	136.93199696582178	286.17841204776454	136.93199696582178	294.7201937804877
R97	414.46466836017544	42.40374504512697	12.805852584362533	5
414.46466836017544	42.40374504512697	414.46466836017544	35.02388690581641	433.10786673612597	35.02388690581641	433.10786673612597	42.40374504512697	414.46466836017544	42.40374504512697
423.04655504781823	45.43320283049942	423.04655504781823	39.37428725975452	429.99821652836494	39.37428725975452	429.99821652836494	45.43320283049942
405.6382496340431	45.73203908786678	405.6382496340431	39.075451002387155	423.7867568772443	39.075451002387155	423.7867568772443	45.73203908786678
427.72029673952443	53.81030123278138	427.72029673952443	29.605098503880818	438.4954367327275	29.605098503880818	438.4954367327275	53.81030123278138
428.0358485160901	42.07866052004177	428.0358485160901	28.723999206933932	438.17988495616186	28.723999206933932	438.17988495616186	42.07866052004177
R96	220.77381583240705	437.8190800646659	10.768119939795486	5
220.77381583240705	437.8190800646659	220.77381583240705	431.82113658735744	227.72639765170592	431.82113658735744	227.72639765170592	437.8190800646659	220.77381583240705	437.8190800646659
216.6966912944619	437.76345350289876	216.6966912944619	426.1514168126706	238.75610400894993	426.1514168126706	238.75610400894993	437.76345350289876
215.22120963053493	441.01158826836667	215.22120963053493	434.62657186096516	226.72009080454927	434.62657186096516	226.72009080454927	441.01158826836667
215.03367495472193	447.1347137920459	215.03367495472193	428.50344633728605	234.12198368858336	428.50344633728605	234.12198368858336	447.1347137920459
217.2655183846422	441.99997654346873	217.2655183846422	433.6381835858631	230.9670758191834	433.6381835858631	230.9670758191834	441.99997654346873
R95	352.21888599148133	87.91475536499524	1.044267088505327	5
352.21888599148133	87.91475536499524	352.21888599148133	76.4506148532821	357.2619895450923	76.4506148532821	357.2619895450923	87.91475536499524	352.21888599148133	87.91475536499524
342.0285377348399	94.61761524367456	342.0285377348399	81.21189548631592	364.9399005953413	81.21189548631592	364.9399005953413	94.61761524367456
346.12934735931765	88.63592721159412	346.12934735931765	65.71028122350586	368.394631730867	65.71028122350586	368.394631730867	88.63592721159412
346.5238169518821	84.56867364162724	346.5238169518821	68.33255606493697	361.36097022451503	68.33255606493697	361.36097022451503	84.56867364162724
340.6222177427754	89.0503203382989	340.6222177427754	81.84236067873418	363.8155542401873	81.84236067873418	363.8155542401873	89.0503203382989
R94	34.851061994421485	269.349165913604	6.749595024359321	5
34.851061994421485	269.349165913604	34.851061994421485	246.63710199241044	55.99845212698614	246.63710199241044	55.99845212698614	269.349165913604	34.851061994421485	269.349165913604
44.34214526408787	269.5988335496384	44.34214526408787	260.45147652292115	67.65475898988441	260.45147652292115	67.65475898988441	269.5988335496384
43.69725832890579	258.2791766080252	43.69725832890579	234.9950273767956	53.88110064510818	234.9950273767956	53.88110064510818	258.2791766080252
50.787369950049666	253.30750162478648	50.787369950049666	240.6230969935338	61.209534303922595	240.6230969935338	61.209534303922595	253.30750162478648
29.304114356094033	255.3702644652946	29.304114356094033	237.9039395195262	51.152790636101926	237.9039395195262	51.152790636101926	255.3702644652946
R93	249.49912000255097	468.129355583705	21.444773733582927	5
249.49912000255097	468.129355583705	249.49912000255097	447.4749587249172	260.078605695595	447.4749587249172	260.078605695595	468.129355583705	249.49912000255097	468.129355583705
252.35970815562413	460.154398437978	252.35970815562413	438.8209692065691	267.79750323556584	438.8209692065691	267.79750323556584	460.154398437978
244.08521060477122	463.32061402928184	244.08521060477122	452.8760925806606	254.91302940033071	452.8760925806606	254.91302940033071	463.32061402928184
241.2905931606293	469.90768591249605	241.2905931606293	464.62883165609185	257.7076468444726	464.62883165609185	257.7076468444726	469.90768591249605
248.8526566705764	463.02846750051623	248.8526566705764	442.18922977473454	271.30455472061357	442.18922977473454	271.30455472061357	463.02846750051623
R92	43.02467308316726	74.90733754725642	19.329410970456937	5
43.02467308316726	74.90733754725642	43.02467308316726	66.50410703701738	53.603886790173036	66.50410703701738	53.603886790173036	74.90733754725642	43.02467308316726	74.90733754725642
45.158936394649885	80.8859128462766	45.158936394649885	68.92876224823624	57.32947714972852	68.92876224823624	57.32947714972852	80.8859128462766
45.86324927723223	76.29375098671882	45.86324927723223	69.6281628610313	61.34452430311384	69.6281628610313	61.34452430311384	76.29375098671882
49.25230899209957	75.21170626949353	49.25230899209957	69.07700239191985	57.9554645882465	69.07700239191985	57.9554645882465	75.21170626949353
36.19889919088894	74.59786985075802	36.19889919088894	67.41070670712482	49.85044697544558	67.41070670712482	49.85044697544558	74.59786985075802
R91	266.8038689474078	435.3936158438745	12.787011839714227	5
266.8038689474078	435.3936158438745	266.8038689474078	427.57509226142895	285.16352864463346	427.57509226142895	285.16352864463346	435.3936158438745	266.8038689474078	435.3936158438745
280.13321530271685	439.0347082772349	280.13321530271685	416.115476245623	287.15430647959795	416.115476245623	287.15430647959795	439.0347082772349
262.8209422998459	441.7087572467838	262.8209422998459	424.85311754870173	270.7867955949697	424.85311754870173	270.7867955949697	441.7087572467838
275.7083821393874	442.79724958673455	275.7083821393874	427.98998210101445	292.64033324535427	427.98998210101445	292.64033324535427	442.79724958673455
258.3175055644861	440.8353305552326	258.3175055644861	428.44959186845716	275.2902323303295	428.44959186845716	275.2902323303295	440.8353305552326
R90	287.4357785272771	510.887871692296	8.898670665260516	5
287.4357785272771	510.887871692296	287.4357785272771	488.503180880566	309.7935637260048	488.503180880566	309.7935637260048	510.887871692296	287.4357785272771	510.887871692296
298.9825529354046	500.01985751713795	298.9825529354046	487.87808178478355	320.60457451660494	487.87808178478355	320.60457451660494	500.01985751713795
305.58322332293005	518.8155269828687	305.58322332293005	496.79033776286104	314.0039041290795	496.79033776286104	314.0039041290795	518.8155269828687
293.53542834157963	498.6894923245732	293.53542834157963	478.31686943655876	317.8511449298634	478.31686943655876	317.8511449298634	498.6894923245732
297.52729314263325	501.64409975341005	297.52729314263325	491.6331458402152	322.0598343093763	491.6331458402152	322.0598343093763	501.64409975341005
R89	4.677180125325709	423.92688942272684	15.263856203551725	5
4.677180125325709	423.92688942272684	4.677180125325709	407.5115756363176	21.36534012721013	407.5115756363176	21.36534012721013	423.92688942272684	4.677180125325709	423.92688942272684
-0.7238670133085199	431.2282939014297	-0.7238670133085199	415.84300442883335	10.078227263959938	415.84300442883335	10.078227263959938	431.2282939014297
14.347637530191854	421.06986803192103	14.347637530191854	408.25200989226073	28.383042724228403	408.25200989226073	28.383042724228403	421.06986803192103
16.950382269429614	418.9922883635469	16.950382269429614	396.03086290908834	25.69668039258352	396.03086290908834	25.69668039258352	418.9922883635469
17.635997289376125	419.4859556010204	17.635997289376125	412.6334980790585	25.094682965044132	412.6334980790585	25.094682965044132	419.4859556010204
R88	421.6040504967451	194.0495645993091	18.179878469098696	5
421.6040504967451	194.0495645993091	421.6040504967451	173.4635850022187	430.40387375375917	173.4635850022187	430.40387375375917	194.0495645993091	421.6040504967451	194.0495645993091
414.22238729069	205.933979410993	414.22238729069	182.16514978762518	429.46062269518575	182.16514978762518	429.46062269518575	205.933979410993
427.0356992280164	189.17759213258662	427.0356992280164	176.058209252357	433.7720482795019	176.058209252357	433.7720482795019	189.17759213258662
413.9830443701932	188.2801963075632	413.9830443701932	163.53434869218046	429.225056623297	163.53434869218046	429.225056623297	188.2801963075632
425.40606164540634	179.59107812911552	425.40606164540634	167.3360918753219	430.41720775647843	167.3360918753219	430.41720775647843	179.59107812911552
R87	21.9995666900901	238.67923267677799	13.835835314081061	5
21.9995666900901	238.67923267677799	21.9995666900901	224.88399296167353	32.335837597365995	224.88399296167353	32.335837597365995	238.67923267677799	21.9995666900901	238.67923267677799
19.482865391808026	242.17586668345768	19.482865391808026	235.1825986700983	31.16850470391281	235.1825986700983	31.16850470391281	242.17586668345768
14.94324273216462	236.7563681727206	14.94324273216462	213.01161775062644	32.76903677432058	213.01161775062644	32.76903677432058	236.7563681727206
27.474502883689322	245.18860132529207	27.474502883689322	224.8089597486676	37.197172311042664	224.8089597486676	37.197172311042664	245.18860132529207
9.796053420673896	240.67848835985177	9.796053420673896	229.39056573468156	34.2030799595063	229.39056573468156	34.2030799595063	240.67848835985177
R86	199.9686628285723	104.12309638752654	1.264634911796314	5
199.9686628285723	104.12309638752654	199.9686628285723	92.76939641060383	221.16722587093784	92.76939641060383	221.16722587093784	104.12309638752654	199.9686628285723	104.12309638752654
215.77422879388672	106.54864625639364	215.77422879388672	94.28096497726325	226.56022294798896	94.28096497726325	226.56022294798896	106.54864625639364
211.38003177372167	103.95754965955457	211.38003177372167	87.75409407491314	230.954419968154	87.75409407491314	230.954419968154	103.95754965955457
187.9123011975173	107.83459981517285	187.9123011975173	90.94327292365583	212.02502445962728	90.94327292365583	212.02502445962728	107.83459981517285
194.50864723714537	109.994583186724	194.50864723714537	98.25160958832909	215.85715423915892	98.25160958832909	215.85715423915892	109.994583186724
R85	486.77914056532654	501.68884715200255	3.513719983666358	5
486.77914056532654	501.68884715200255	486.77914056532654	492.1876160572703	503.5907017221142	492.1876160572703	503.5907017221142	501.68884715200255	486.77914056532654	501.68884715200255
480.8248292366113	496.65705135936156	480.8248292366113	487.71818075517905	493.27866493974625	487.71818075517905	493.27866493974625	496.65705135936156
496.70736375782326	501.2720091653188	496.70736375782326	494.72912364417454	510.47403968640515	494.72912364417454	510.47403968640515	501.2720091653188
478.3946907597852	508.20410016146775	478.3946907597852	495.17359414253747	501.1672365257311	495.17359414253747	501.1672365257311	508.20410016146775
493.68022112947364	509.16883589658397	493.68022112947364	494.20885840742113	504.93414002847777	494.20885840742113	504.93414002847777	509.16883589658397
R84	289.9293779906385	13.918509346184374	24.031181056812052	5
289.9293779906385	13.918509346184374	289.9293779906385	-2.333795860416201	298.5226657037524	-2.333795860416201	298.5226657037524	13.918509346184374	289.9293779906385	13.918509346184374
285.508865906727	6.783196991112074	285.508865906727	-2.0408036799159905	294.34989007455	-2.0408036799159905	294.34989007455	6.783196991112074
293.6764740821943	7.301118735342532	293.6764740821943	-11.968710456174934	300.8762322010708	-11.968710456174934	300.8762322010708	7.301118735342532
288.39375330126836	5.692655765148137	288.39375330126836	-2.3746448006480083	308.65157810623646	-2.3746448006480083	308.65157810623646	5.692655765148137
279.333401907574	12.625815222933454	279.333401907574	-7.855018971323688	300.525354073703	-7.855018971323688	300.525354073703	12.625815222933454
R83	479.44255689739293	145.93945162128895	9.057881603355366	5
479.44255689739293	145.93945162128895	479.44255689739293	127.36999300604789	487.0699686329092	127.36999300604789	487.0699686329092	145.93945162128895	479.44255689739293	145.93945162128895
474.63029491249085	143.09891905465352	474.63029491249085	130.85255124462353	499.50964235332754	130.85255124462353	499.50964235332754	143.09891905465352
467.3750207939435	149.29719687674682	467.3750207939435	137.94708670291854	491.51009300084235	137.94708670291854	491.51009300084235	149.29719687674682
473.8838258729477	150.96190982616704	473.8838258729477	140.91699341641092	494.29091728032097	140.91699341641092	494.29091728032097	150.96190982616704
479.4621142618863	134.63577334430926	479.4621142618863	120.10421266778654	491.98109705272975	120.10421266778654	491.98109705272975	134.63577334430926
R82	6.387487306390694	36.93259038416555	20.89762300508871	5
6.387487306390694	36.93259038416555	6.387487306390694	21.067711605938648	27.926346398862734	21.067711605938648	27.926346398862734	36.93259038416555	6.387487306390694	36.93259038416555
12.127173071690294	41.819735852923316	12.127173071690294	32.045444915407785	18.528420720164576	32.045444915407785	18.528420720164576	41.819735852923316
13.177476927169197	40.075763356067505	13.177476927169197	33.789417412263596	18.880777488840536	33.789417412263596	18.880777488840536	40.075763356067505
16.330708746468733	27.810377551178348	16.330708746468733	14.325045660698947	23.088076266124812	14.325045660698947	23.088076266124812	27.810377551178348
10.48479331121407	27.233947981038355	10.48479331121407	14.90147523083894	34.70431977817412	14.90147523083894	34.70431977817412	27.233947981038355
R81	338.6260101035426	26.717766588409265	12.316049725277768	5
338.6260101035426	26.717766588409265	338.6260101035426	16.887651485788776	353.19855861526344	16.887651485788776	353.19855861526344	26.717766588409265	338.6260101035426	26.717766588409265
344.95015149171127	21.719215841003592	344.95015149171127	12.05608713057396	350.78882592071886	12.05608713057396	350.78882592071886	21.719215841003592
344.9485611725988	30.854681834955368	344.9485611725988	22.580851341863156	351.210963341825	22.580851341863156	351.210963341825	30.854681834955368
334.84274276468216	25.161706542154395	334.84274276468216	8.613596429423158	349.1306821945592	8.613596429423158	349.1306821945592	25.161706542154395
337.23175190193814	29.00589575941589	337.23175190193814	4.7694072121616635	344.1815716349549	4.7694072121616635	344.1815716349549	29.00589575941589
R80	368.786878621712	362.45633122645006	12.9527345664722	5
368.786878621712	362.45633122645006	368.786878621712	341.8624139571426	389.662129117965	341.8624139571426	389.662129117965	362.45633122645006	368.786878621712	362.45633122645006
361.0368474184134	369.79503559412717	361.0368474184134	348.79461552781925	376.5369098250106	348.79461552781925	376.5369098250106	369.79503559412717
360.4324935293058	358.3240650651506	360.4324935293058	351.88951986149124	377.14126371411817	351.88951986149124	377.14126371411817	358.3240650651506
380.27862983556923	366.27750076969176	380.27862983556923	358.63516168320837	392.7708901208269	358.63516168320837	392.7708901208269	366.27750076969176
365.6650310311373	349.71019458929504	365.6650310311373	334.0146333249902	383.44955291939624	334.0146333249902	383.44955291939624	349.71019458929504
R79	239.4663066983202	240.4708883371303	17.176380556497477	5
239.4663066983202	240.4708883371303	239.4663066983202	221.26269276352411	260.4468807570341	221.26269276352411	260.4468807570341	240.4708883371303	239.4663066983202	240.4708883371303
251.23416380510457	245.19975191449763	251.23416380510457	222.6455997426148	269.6595977089636	222.6455997426148	269.6595977089636	245.19975191449763
238.1530865962209	230.82733825091302	238.1530865962209	211.6980472761352	262.89460090087954	211.6980472761352	262.89460090087954	230.82733825091302
255.0781157316525	246.216735134425	255.0781157316525	234.72504153983562	264.85608625988385	234.72504153983562	264.85608625988385	246.216735134425
254.93496460050486	226.79031015484176	254.93496460050486	215.73507537220647	260.6015098863364	215.73507537220647	260.6015098863364	226.79031015484176
R78	120.65502547992342	48.18229186477602	13.649652022635406	5
120.65502547992342	48.18229186477602	120.65502547992342	41.720182175124464	132.1521018367622	41.720182175124464	132.1521018367622	48.18229186477602	120.65502547992342	48.18229186477602
117.24521285294581	49.243335561371204	117.24521285294581	41.919184400408675	124.06483810690104	41.919184400408675	124.06483810690104	49.243335561371204
111.09579648226989	45.89415632918855	111.09579648226989	37.54620802106038	133.17566280043553	37.54620802106038	133.17566280043553	45.89415632918855
116.05750012738511	59.47841186859684	116.05750012738511	34.82578607702554	125.25255083246174	34.82578607702554	125.25255083246174	59.47841186859684
121.77788882552058	53.770952870922144	121.77788882552058	42.59363085862989	139.33789731526986	42.59363085862989	139.33789731526986	53.770952870922144
R77	314.3918810857631	441.16373297853113	12.954748942296309	5
314.3918810857631	441.16373297853113	314.3918810857631	433.1394535274768	332.3913791469042	433.1394535274768	332.3913791469042	441.16373297853113	314.3918810857631	441.16373297853113
316.0622655738103	447.5620323739445	316.0622655738103	434.76543358311767	334.1259072034016	434.76543358311767	334.1259072034016	447.5620323739445
327.0513654166025	440.22838299923404	327.0513654166025	426.05052405571956	335.6850812606747	426.05052405571956	335.6850812606747	440.22838299923404
329.64533215633145	438.705760598291	329.64533215633145	428.2200845584358	335.137426137477	428.2200845584358	335.137426137477	438.705760598291
312.74312495146654	440.5848103074036	312.74312495146654	425.69409674755	328.04944186647236	425.69409674755	328.04944186647236	440.5848103074036
R76	451.64402178258143	20.312087352662346	25.80002946004412	5
451.64402178258143	20.312087352662346	451.64402178258143	4.398965979536014	472.76714579039907	4.398965979536014	472.76714579039907	20.312087352662346	451.64402178258143	20.312087352662346
446.5358928001921	23.762924637715024	446.5358928001921	16.861250067609667	464.8400249934738	16.861250067609667	464.8400249934738	23.762924637715024
439.8303896922541	17.041445947519097	439.8303896922541	-2.308891889359871	463.4576538729088	-2.308891889359871	463.4576538729088	17.041445947519097
455.58910636935775	32.10204403825621	455.58910636935775	8.522130667068481	469.0898129276842	8.522130667068481	469.0898129276842	32.10204403825621
446.3449470021284	27.447240571696774	446.3449470021284	13.176934133627919	459.5283133335902	13.176934133627919	459.5283133335902	27.447240571696774
R75	426.4137234720049	424.1364444002561	5.095869567650143	5
426.4137234720049	424.1364444002561	426.4137234720049	417.8411330365508	432.2749918638184	417.8411330365508	432.2749918638184	424.1364444002561	426.4137234720049	424.1364444002561
416.9603483477881	433.9736051107493	416.9603483477881	414.2992836897629	440.58134181428704	414.2992836897629	440.58134181428704	433.9736051107493
420.205726052401	424.77378474188845	420.205726052401	410.9084813312131	433.881533498233	410.9084813312131	433.881533498233	424.77378474188845
422.4356305866813	430.95169353608827	422.4356305866813	417.3211952644239	440.2836616640384	417.3211952644239	440.2836616640384	430.95169353608827
423.3297884837199	427.84335216916435	423.3297884837199	414.09929234824784	429.4976584602899	414.09929234824784	429.4976584602899	427.84335216916435
R74	372.07159592392463	81.16376891394621	6.248568874917264	5
372.07159592392463	81.16376891394621	372.07159592392463	57.551397526539446	396.1374814670521	57.551397526539446	396.1374814670521	81.16376891394621	372.07159592392463	81.16376891394621
367.6850470296931	70.44315936290194	367.6850470296931	59.825020463831024	376.45814481815614	59.825020463831024	376.45814481815614	70.44315936290194
369.1847751404343	86.01078873227483	369.1847751404343	76.3167490956176	377.0004204223181	76.3167490956176	377.0004204223181	86.01078873227483
365.07289740977353	68.32276957136898	365.07289740977353	49.55339894977908	379.07029443807573	49.55339894977908	379.07029443807573	68.32276957136898
386.68707362483383	86.24961210958591	386.68707362483383	63.22143501056536	405.5878893092704	63.22143501056536	405.5878893092704	86.24961210958591
R73	54.916517623481255	217.46183406700104	8.092068910338492	5
54.916517623481255	217.46183406700104	54.916517623481255	196.4264517485249	75.06782107861945	196.4264517485249	75.06782107861945	217.46183406700104	54.916517623481255	217.46183406700104
51.86640649385804	228.34803255066336	51.86640649385804	206.57563558333865	65.3885520173233	206.57563558333865	65.3885520173233	228.34803255066336
62.92170304735959	225.24187270954846	62.92170304735959	209.68179542445367	72.40881355278387	209.68179542445367	72.40881355278387	225.24187270954846
65.57903349056475	226.63636672868546	65.57903349056475	208.2873014053166	76.1961273384238	208.2873014053166	76.1961273384238	226.63636672868546
72.38979910786483	223.51093591021493	72.38979910786483	209.62052569810191	77.74584304937406	209.62052569810191	77.74584304937406	223.51093591021493
R72	139.96208323932325	144.27925597603806	14.47132030948528	5
139.96208323932325	144.27925597603806	139.96208323932325	137.0314373151338	149.96317060584198	137.0314373151338	149.96317060584198	144.27925597603806	139.96208323932325	144.27925597603806
131.6947626564534	147.36151533649266	131.6947626564534	140.87933413451478	148.2294038221931	140.87933413451478	148.2294038221931	147.36151533649266
139.10313239629758	147.93053932822104	139.10313239629758	126.13233530204654	154.57386208270438	126.13233530204654	154.57386208270438	147.93053932822104
133.37776430684576	144.6212610260272	133.37776430684576	129.44161360424036	156.6550371198115	129.44161360424036	156.6550371198115	144.6212610260272
145.35719530874903	147.61139711017077	145.35719530874903	136.86990682831592	154.56914590293493	136.86990682831592	154.56914590293493	147.61139711017077
R71	373.94957302636425	330.8027935146209	18.34425307757543	5
373.94957302636425	330.8027935146209	373.94957302636425	321.2462813752683	397.02759524723393	321.2462813752683	397.02759524723393	330.8027935146209	373.94957302636425	330.8027935146209
370.5185741947553	334.8818955738821	370.5185741947553	311.01023910752207	377.3805718579731	311.01023910752207	377.3805718579731	334.8818955738821
381.0432314919494	333.44859244969695	381.0432314919494	328.1569945795448	392.81973288607844	328.1569945795448	392.81973288607844	333.44859244969695
382.3633525175378	339.4121824608981	382.3633525175378	322.1934045683436	391.8383208605203	322.1934045683436	391.8383208605203	339.4121824608981
366.4864142085611	323.8777292037257	366.4864142085611	318.8230448077205	381.4127318441674	318.8230448077205	381.4127318441674	323.8777292037257
R70	330.5875174022467	97.03176518569221	1.7294618761253617	5
330.5875174022467	97.03176518569221	330.5875174022467	73.70102683625716	348.3247413900955	73.70102683625716	348.3247413900955	97.03176518569221	330.5875174022467	97.03176518569221
325.15010240433145	101.54199529996372	325.15010240433145	92.5215350714207	348.14886495699983	92.5215350714207	348.14886495699983	101.54199529996372
340.08158780989146	102.87621814378804	340.08158780989146	78.38913136630805	356.5678949702995	78.38913136630805	356.5678949702995	102.87621814378804
331.14170926427147	101.38921643545221	331.14170926427147	92.6743139359322	346.1289591505867	92.6743139359322	346.1289591505867	101.38921643545221
320.830383974135	90.93494544326555	320.830383974135	67.32147002857178	340.34465083035843	67.32147002857178	340.34465083035843	90.93494544326555
R69	343.0178549838784	211.76972215518063	17.20325384453825	5
343.0178549838784	211.76972215518063	343.0178549838784	194.00029315462697	362.7602308063609	194.00029315462697	362.7602308063609	211.76972215518063	343.0178549838784	211.76972215518063
346.56857913908885	198.42190211622602	346.56857913908885	189.57868419302793	356.0875508567614	189.57868419302793	356.0875508567614	198.42190211622602
339.6801623059667	201.24455821341232	339.6801623059667	186.75602809584157	359.22960360781593	186.75602809584157	359.22960360781593	201.24455821341232
351.0075984157098	204.40207494039774	351.0075984157098	183.5985113688562	372.56009312143783	183.5985113688562	372.56009312143783	204.40207494039774
335.5031855382026	216.94629631354942	335.5031855382026	196.35892868353156	350.5325244295542	196.35892868353156	350.5325244295542	216.94629631354942
R68	108.50859177134781	150.73322329427023	12.707629492504092	5
108.50859177134781	150.73322329427023	108.50859177134781	142.73671637420247	122.49367919488112	142.73671637420247	122.49367919488112	150.73322329427023	108.50859177134781	150.73322329427023
103.73509914060145	149.57280930975182	103.73509914060145	135.90062343865318	125.0257255887037	135.90062343865318	125.0257255887037	149.57280930975182
114.82343394870246	156.84738823117763	114.82343394870246	144.61905835736283	124.3547023415925	144.61905835736283	124.3547023415925	156.84738823117763
119.5537850609483	149.6776611512107	119.5537850609483	138.12082213085768	125.43357332881398	138.12082213085768	125.43357332881398	149.6776611512107
116.40992777572487	162.4511320612229	116.40992777572487	139.01531452731757	128.15762410030976	139.01531452731757	128.15762410030976	162.4511320612229
R67	0.37303099313591126	179.77792062307122	4.883992089273442	5
0.37303099313591126	179.77792062307122	0.37303099313591126	156.29356980072913	19.78041111725514	156.29356980072913	19.78041111725514	179.77792062307122	0.37303099313591126	179.77792062307122
-2.2611165779644393	170.57331923718277	-2.2611165779644393	156.0303018022529	3.007178564236262	156.0303018022529	3.007178564236262	170.57331923718277
-5.431399237249282	167.15210209638116	-5.431399237249282	145.4350375050771	11.88360751324466	145.4350375050771	11.88360751324466	167.15210209638116
9.78718686140663	172.78902214297102	9.78718686140663	167.30311607674247	29.77363537310365	167.30311607674247	29.77363537310365	172.78902214297102
13.752683831065266	174.00305134678686	13.752683831065266	151.36276150353123	25.808138403445017	151.36276150353123	25.808138403445017	174.00305134678686
R66	2.1156665213640995	38.241685966215584	1.039820428095632	5
2.1156665213640995	38.241685966215584	2.1156665213640995	15.43630551127295	19.242964682984123	15.43630551127295	19.242964682984123	38.241685966215584	2.1156665213640995	38.241685966215584
7.9491016479559	23.528131791482153	7.9491016479559	7.344479231063749	17.812944726492944	7.344479231063749	17.812944726492944	23.528131791482153
1.6661820414324384	20.1219280233635	1.6661820414324384	10.750682999182402	8.422816842682366	10.750682999182402	8.422816842682366	20.1219280233635
7.8111273125156355	36.21109464531761	7.8111273125156355	13.714363632769528	30.67480205345261	13.714363632769528	30.67480205345261	36.21109464531761
-0.40390114583140413	38.82496468311007	-0.40390114583140413	23.56052664580935	4.635234188559603	23.56052664580935	4.635234188559603	38.82496468311007
R65	368.8044539783006	107.40506142089879	18.16282141657543	5
368.8044539783006	107.40506142089879	368.8044539783006	82.69329289141936	390.5720981680209	82.69329289141936	390.5720981680209	107.40506142089879	368.8044539783006	107.40506142089879
372.59050633462516	115.25823042307397	372.59050633462516	99.55189241872361	384.4857883968184	99.55189241872361	384.4857883968184	115.25823042307397
373.9650581925746	117.11466230310675	373.9650581925746	97.69546053869082	396.257981652695	97.69546053869082	396.257981652695	117.11466230310675
362.069292737525	105.09062319417384	362.069292737525	98.79174304229116	375.5396152190762	98.79174304229116	375.5396152190762	105.09062319417384
370.86539606229434	113.57626590097415	370.86539606229434	101.23385694082343	382.64464090703353	101.23385694082343	382.64464090703353	113.57626590097415
R64	410.66983616097525	89.06878352137761	10.864990757716402	5
410.66983616097525	89.06878352137761	410.66983616097525	83.52550512736298	416.65767444850553	83.52550512736298	416.65767444850553	89.06878352137761	410.66983616097525	89.06878352137761
411.10079948402415	93.37186777255047	411.10079948402415	76.36910099696681	422.2145494129869	76.36910099696681	422.2145494129869	93.37186777255047
404.90637800765006	97.97760016379503	404.90637800765006	78.59250857381959	428.408970889361	78.59250857381959	428.408970889361	97.97760016379503
404.5912091017933	94.65923482895815	404.5912091017933	72.3917754257678	419.6460117670093	72.3917754257678	419.6460117670093	94.65923482895815
404.99634673029635	95.13217416671162	404.99634673029635	75.03689835685023	416.34332559165415	75.03689835685023	416.34332559165415	95.13217416671162
R63	483.9301965229767	169.24856997214235	3.9236405344730385	5
483.9301965229767	169.24856997214235	483.9301965229767	156.28534476027997	492.14910131009907	156.28534476027997	492.14910131009907	169.24856997214235	483.9301965229767	169.24856997214235
480.9947951561148	170.77918336501253	480.9947951561148	159.9368386783423	503.30340746408325	159.9368386783423	503.30340746408325	170.77918336501253
483.4491994566629	172.074086081213	483.4491994566629	166.4230538630717	500.06979438182884	166.4230538630717	500.06979438182884	172.074086081213
481.74654777215636	163.6701318635471	481.74654777215636	148.9119529087144	502.5516548480418	148.9119529087144	502.5516548480418	163.6701318635471
483.3970755289984	175.04929374551898	483.3970755289984	150.07370272515755	500.9011270911997	150.07370272515755	500.9011270911997	175.04929374551898
R62	143.84391110821304	171.98709198526473	23.26137797749576	5
143.84391110821304	171.98709198526473	143.84391110821304	165.96452880528756	157.44549251426457	165.96452880528756	157.44549251426457	171.98709198526473	143.84391110821304	171.98709198526473
149.95014703224655	174.0659275219058	149.95014703224655	163.39234484692247	164.9408379962826	163.39234484692247	164.9408379962826	174.0659275219058
150.5226977088825	175.51320907858405	150.5226977088825	156.41584853199106	163.52821919058414	156.41584853199106	163.52821919058414	175.51320907858405
150.79278312281093	178.92486187734914	150.79278312281093	165.0493220931803	161.61973915896033	165.0493220931803	161.61973915896033	178.92486187734914
149.39266766955598	178.20607898649712	149.39266766955598	165.6660096684563	165.49831735897317	165.6660096684563	165.49831735897317	178.20607898649712
R61	4.988037754157292	248.2830683704475	11.583027418282724	5
4.988037754157292	248.2830683704475	4.988037754157292	236.73097062659735	23.115592760356854	236.73097062659735	23.115592760356854	248.2830683704475	4.988037754157292	248.2830683704475
17.784811926473402	243.79527695568547	17.784811926473402	229.66666429750924	28.438427815076615	229.66666429750924	28.438427815076615	243.79527695568547
-7.292029864597611	256.6435698643984	-7.292029864597611	235.82255294894577	17.268105372912196	235.82255294894577	17.268105372912196	256.6435698643984
3.3842202182899728	247.57804485720982	3.3842202182899728	225.8838963959849	13.83429376708252	225.8838963959849	13.83429376708252	247.57804485720982
-1.615217695043646	252.59911398015436	-1.615217695043646	242.4487227129087	11.59129320335823	242.4487227129087	11.59129320335823	252.59911398015436
R60	193.7634158434135	55.13762614255499	16.219920618567688	5
193.7634158434135	55.13762614255499	193.7634158434135	48.25480437672394	199.74723877927192	48.25480437672394	199.74723877927192	55.13762614255499	193.7634158434135	55.13762614255499
195.94058828419577	59.02506241959483	195.94058828419577	38.79423236637942	203.55388927434808	38.79423236637942	203.55388927434808	59.02506241959483
196.69472518258775	60.88872785405278	196.69472518258775	42.95667380486423	202.7997523759561	42.95667380486423	202.7997523759561	60.88872785405278
186.1329974948347	52.221381738229375	186.1329974948347	44.2882270152185	205.9955848551887	44.2882270152185	205.9955848551887	52.221381738229375
187.81217390976863	64.98637468159195	187.81217390976863	41.484238287204995	211.68230364877522	41.484238287204995	211.68230364877522	64.98637468159195
R59	58.1265246202207	419.7177839249264	21.602226447565904	5
58.1265246202207	419.7177839249264	58.1265246202207	400.82340514880525	68.22670144603228	400.82340514880525	68.22670144603228	419.7177839249264	58.1265246202207	419.7177839249264
56.51392580514124	408.56353144749	56.51392580514124	396.25787161774446	79.93947708692332	396.25787161774446	79.93947708692332	408.56353144749
50.77382496930476	409.9129766274409	50.77382496930476	400.48470669412313	65.47922427113664	400.48470669412313	65.47922427113664	409.9129766274409
65.68992529225163	413.5655962740418	65.68992529225163	408.4817798361985	70.76347759981293	408.4817798361985	70.76347759981293	413.5655962740418
62.386159015334904	411.7007947320463	62.386159015334904	394.71895852713607	74.06724387672966	394.71895852713607	74.06724387672966	411.7007947320463
R58	9.547661605227747	23.637193376508222	6.118201039289686	5
9.547661605227747	23.637193376508222	9.547661605227747	14.245545285479439	15.447475660046168	14.245545285479439	15.447475660046168	23.637193376508222	9.547661605227747	23.637193376508222
3.00658344525457	27.86081222612256	3.00658344525457	11.266364489210254	27.88836787483777	11.266364489210254	27.88836787483777	27.86081222612256
6.415606691773074	34.71117725408469	6.415606691773074	12.563209498931752	22.36657876476254	12.563209498931752	22.36657876476254	34.71117725408469
-0.5541388797482458	25.636153782476818	-0.5541388797482458	12.645967634254339	19.64946209020374	12.645967634254339	19.64946209020374	25.636153782476818
10.96722918005623	23.137653477587694	10.96722918005623	15.285496996732103	19.927722140036106	15.285496996732103	19.927722140036106	23.137653477587694
R57	62.195961382582205	92.35398881163171	2.526644338044809	5
62.195961382582205	92.35398881163171	62.195961382582205	75.54453120168914	70.44903334970066	75.54453120168914	70.44903334970066	92.35398881163171	62.195961382582205	92.35398881163171
62.65758891742681	82.53112564679235	62.65758891742681	75.95964819808894	78.2404777819745	75.95964819808894	78.2404777819745	82.53112564679235
66.85452589289227	88.41081409789676	66.85452589289227	81.60997521261824	74.04354080650904	81.60997521261824	74.04354080650904	88.41081409789676
56.644103175944196	100.43360921585119	56.644103175944196	77.55068391411294	67.74781958922023	77.55068391411294	67.74781958922023	100.43360921585119
61.88061265724796	104.4865906334334	61.88061265724796	80.22138698983002	69.56520345379677	80.22138698983002	69.56520345379677	104.4865906334334
R56	-5.649302916624904	74.68586653140295	3.6906480924079537	5
-5.649302916624904	74.68586653140295	-5.649302916624904	50.44044507160329	15.984987140737587	50.44044507160329	15.984987140737587	74.68586653140295	-5.649302916624904	74.68586653140295
10.439388566061709	75.88901816654207	10.439388566061709	52.92490528379501	21.530585715413466	52.92490528379501	21.530585715413466	75.88901816654207
-9.504556316281683	83.29313157774962	-9.504556316281683	59.216160144794145	-1.7940495169681254	59.216160144794145	-1.7940495169681254	83.29313157774962
-10.800369632214386	69.03082564304539	-10.800369632214386	58.16458170821262	-0.49823620103542154	58.16458170821262	-0.49823620103542154	69.03082564304539
-11.202520576021046	72.63441920646856	-11.202520576021046	55.53046625983832	-0.09608525722876138	55.53046625983832	-0.09608525722876138	72.63441920646856
R55	297.0394006347154	297.4423820202843	3.6498603409098593	5
297.0394006347154	297.4423820202843	297.0394006347154	273.62148087433843	310.521194052163	273.62148087433843	310.521194052163	297.4423820202843	297.0394006347154	297.4423820202843
291.20910491555327	288.6507507042886	291.20910491555327	269.17468754491574	302.8696963538775	269.17468754491574	302.8696963538775	288.6507507042886
307.57648704336606	296.25414230198527	307.57648704336606	285.42015628740484	313.46590106096	285.42015628740484	313.46590106096	296.25414230198527
303.8815132623416	302.67119289075674	303.8815132623416	291.813230508606	317.1608748419844	291.813230508606	317.1608748419844	302.67119289075674
288.99903306657734	293.59720226751375	288.99903306657734	277.94539646766856	305.0797682028534	277.94539646766856	305.0797682028534	293.59720226751375
R54	104.90235496311654	210.1743726951719	17.26727238791974	5
104.90235496311654	210.1743726951719	104.90235496311654	202.80428084665712	125.66335941191862	202.80428084665712	125.66335941191862	210.1743726951719	104.90235496311654	210.1743726951719
97.18313295751031	222.28125995630703	97.18313295751031	198.06748543403674	119.72786162014685	198.06748543403674	119.72786162014685	222.28125995630703
106.4906546626452	210.98542641446136	106.4906546626452	194.62313527885283	119.76575618486285	194.62313527885283	119.76575618486285	210.98542641446136
111.32426239678087	218.66572325564937	111.32426239678087	201.68302213469445	117.395597914395	201.68302213469445	117.395597914395	218.66572325564937
96.85645268203263	216.20949544797685	96.85645268203263	199.1192244378779	112.94825724420045	199.1192244378779	112.94825724420045	216.20949544797685
R53	44.28373315312435	35.040592708211406	18.470541019503862	5
44.28373315312435	35.040592708211406	44.28373315312435	21.583357204757412	64.014409883768	21.583357204757412	64.014409883768	35.040592708211406	44.28373315312435	35.040592708211406
58.07271261855631	29.693283918734046	58.07271261855631	22.877334846999737	69.95610714897968	22.877334846999737	69.95610714897968	29.693283918734046
45.89875152749768	44.40482783615102	45.89875152749768	25.67635758027179	61.53661467411142	25.67635758027179	61.53661467411142	44.40482783615102
52.491410069242384	37.749688730753014	52.491410069242384	32.3314966856698	66.69209869974958	32.3314966856698	66.69209869974958	37.749688730753014
46.76629960086787	44.952977304615665	46.76629960086787	25.128208111807147	61.7509423547849	25.128208111807147	61.7509423547849	44.952977304615665
R52	23.549295526747983	466.791539463266	14.207541955968084	5
23.549295526747983	466.791539463266	23.549295526747983	446.0695822223352	32.46155327648239	446.0695822223352	32.46155327648239	466.791539463266	23.549295526747983	466.791539463266
24.378062415246063	459.5783313531428	24.378062415246063	438.29214864223815	40.54504413771872	438.29214864223815	40.54504413771872	459.5783313531428
26.977764138488723	468.0424224031403	26.977764138488723	456.8456336367113	37.94534241447606	456.8456336367113	37.94534241447606	468.0424224031403
20.993476594559056	468.052169479955	20.993476594559056	462.3574492217985	43.92962995840573	462.3574492217985	43.92962995840573	468.052169479955
13.99089133321634	451.3888636662825	13.99089133321634	440.75030077838795	35.39002734895321	440.75030077838795	35.39002734895321	451.3888636662825
R51	360.63061595895914	337.87048413949503	6.9773831223890515	5
360.63061595895914	337.87048413949503	360.63061595895914	320.31775672320293	375.89298676483617	320.31775672320293	375.89298676483617	337.87048413949503	360.63061595895914	337.87048413949503
362.0515125199408	345.1348519230118	362.0515125199408	330.60611635597826	385.33060197220647	330.60611635597826	385.33060197220647	345.1348519230118
358.3151821770702	342.2348980801629	358.3151821770702	333.50607019882716	382.74067730419296	333.50607019882716	382.74067730419296	342.2348980801629
360.8011679756335	343.594326744578	360.8011679756335	332.1466415344121	379.6812516233262	332.1466415344121	379.6812516233262	343.594326744578
359.8602849170122	345.7078915961094	359.8602849170122	330.0330766828807	373.76767369333015	330.0330766828807	373.76767369333015	345.7078915961094
R50	2.7959464312534124	383.6316718748666	14.720841381302973	5
2.7959464312534124	383.6316718748666	2.7959464312534124	365.5432242804162	16.34437548841578	365.5432242804162	16.34437548841578	383.6316718748666	2.7959464312534124	383.6316718748666
-8.762681202853635	388.57942435594396	-8.762681202853635	377.9920036242663	14.35457406536046	377.9920036242663	14.35457406536046	388.57942435594396
-2.328622918112054	380.7909980628456	-2.328622918112054	356.2297536613314	7.920515780618879	356.2297536613314	7.920515780618879	380.7909980628456
-2.9153711475310082	375.85486896695534	-2.9153711475310082	355.2315795938771	19.968736757977435	355.2315795938771	19.968736757977435	375.85486896695534
12.917286475232341	379.4715380258394	12.917286475232341	374.2247715639099	19.771464501599215	374.2247715639099	19.771464501599215	379.4715380258394
R49	463.64754361704246	352.6756824453901	24.760074914948905	5
463.64754361704246	352.6756824453901	463.64754361704246	338.12751793438	472.57491265602476	338.12751793438	472.57491265602476	352.6756824453901	463.64754361704246	352.6756824453901
464.6790110790989	349.2483982986011	464.6790110790989	328.66077580291557	480.4708142329506	328.66077580291557	480.4708142329506	349.2483982986011
458.34237318747034	345.43578331598155	458.34237318747034	338.5741294987173	468.95271404661446	338.5741294987173	468.95271404661446	345.43578331598155
453.5337479825345	360.24435885355604	453.5337479825345	345.1070060372242	477.8266476659947	345.1070060372242	477.8266476659947	360.24435885355604
462.42102572627294	349.36553935494067	462.42102572627294	326.88949651381927	469.3215561971861	326.88949651381927	469.3215561971861	349.36553935494067
R48	362.34562208220285	287.3020482231106	8.160291739253786	5
362.34562208220285	287.3020482231106	362.34562208220285	271.41314381257035	375.07313184848573	271.41314381257035	375.07313184848573	287.3020482231106	362.34562208220285	287.3020482231106
371.3717196153509	277.2779945492482	371.3717196153509	268.8965583678819	378.77454408162043	268.8965583678819	378.77454408162043	277.2779945492482
360.3600306212724	274.1444631559324	360.3600306212724	268.6818244692083	381.786430196176	268.6818244692083	381.786430196176	274.1444631559324
371.815092118382	277.34961340040627	371.815092118382	267.36236284742745	378.3311715785895	267.36236284742745	378.3311715785895	277.34961340040627
357.21040782927383	277.1101216760533	357.21040782927383	271.3510346748839	367.48083633513187	271.3510346748839	367.48083633513187	277.1101216760533
R47	260.0588389568672	149.0789594651216	20.188289926737497	5
260.0588389568672	149.0789594651216	260.0588389568672	126.28732142132385	281.4923803992389	126.28732142132385	281.4923803992389	149.0789594651216	260.0588389568672	149.0789594651216
252.9999699917993	160.02692864688257	252.9999699917993	138.13099028336066	276.39524933663097	138.13099028336066	276.39524933663097	160.02692864688257
256.5239261751466	158.41590098276433	256.5239261751466	139.7420179474789	271.64828615381805	139.7420179474789	271.64828615381805	158.41590098276433
253.09471998115353	155.42103195176992	253.09471998115353	133.60405616605175	267.0229579325807	133.60405616605175	267.0229579325807	155.42103195176992
275.35324750842364	133.81817685712932	275.35324750842364	118.7564659855184	286.05388492759886	118.7564659855184	286.05388492759886	133.81817685712932
R46	38.6414166962654	74.53027799232228	22.776511972108175	5
38.6414166962654	74.53027799232228	38.6414166962654	65.55491403638865	47.516048400605094	65.55491403638865	47.516048400605094	74.53027799232228	38.6414166962654	74.53027799232228
42.66858215500206	75.64720069800993	42.66858215500206	55.462627374767386	52.16080536453172	55.462627374767386	52.16080536453172	75.64720069800993
33.59876011230871	79.6164935607441	33.59876011230871	69.44406242390046	43.95718141208853	69.44406242390046	43.95718141208853	79.6164935607441
33.85599401494378	69.02257938236214	33.85599401494378	62.087248690415166	43.95308013942316	62.087248690415166	43.95308013942316	69.02257938236214
34.59458569006461	74.13325642826702	34.59458569006461	62.09147717233248	42.68824770246619	62.09147717233248	42.68824770246619	74.13325642826702
R45	26.536691365552123	65.93963089762464	12.329385478100056	5
26.536691365552123	65.93963089762464	26.536691365552123	47.1003081659517	48.15235611884375	47.1003081659517	48.15235611884375	65.93963089762464	26.536691365552123	65.93963089762464
43.04927567775625	53.82351142517949	43.04927567775625	47.641837660310344	53.25543655993125	47.641837660310344	53.25543655993125	53.82351142517949
29.04295114301915	50.08584387692169	29.04295114301915	44.11477245498171	47.72342243956432	44.11477245498171	47.72342243956432	50.08584387692169
39.482491721858864	62.35398761026823	39.482491721858864	43.56675105807782	56.82222051582865	43.56675105807782	56.82222051582865	62.35398761026823
22.59977958919783	60.37875425413188	22.59977958919783	36.37873914479738	30.473603141906416	36.37873914479738	30.473603141906416	60.37875425413188
R44	306.90735057170303	182.27175587048097	11.185371451417726	5
306.90735057170303	182.27175587048097	306.90735057170303	170.83842067656084	314.45894978498717	170.83842067656084	314.45894978498717	182.27175587048097	306.90735057170303	182.27175587048097
299.4430887161688	184.2640036141457	299.4430887161688	169.10390197412588	314.37161242723727	169.10390197412588	314.37161242723727	184.2640036141457
305.377079489609	182.963898531053	305.377079489609	161.49905406133692	323.54082008036534	161.49905406133692	323.54082008036534	182.963898531053
303.10381766094133	185.44963885917892	303.10381766094133	170.57146386534927	310.71088348246474	170.57146386534927	310.71088348246474	185.44963885917892
296.3841183931406	189.49455478758435	296.3841183931406	167.83562635296883	317.43058275026544	167.83562635296883	317.43058275026544	189.49455478758435
R43	142.99215086160004	265.210995096202	17.443729523195117	5
142.99215086160004	265.210995096202	142.99215086160004	244.45473545779436	150.69710616039427	244.45473545779436	150.69710616039427	265.210995096202	142.99215086160004	265.210995096202
139.89847078928022	267.11686760288944	139.89847078928022	258.2248550969423	161.49574153150832	258.2248550969423	161.49574153150832	267.11686760288944
134.86632285987812	248.73257426623258	134.86632285987812	240.17689664935614	158.84590915194448	240.17689664935614	158.84590915194448	248.73257426623258
135.6439937544769	274.48358704154066	135.6439937544769	251.33183697321587	150.34030796872318	251.33183697321587	150.34030796872318	274.48358704154066
143.2169674225388	265.4024895401998	143.2169674225388	244.63261523052253	158.17724489824974	244.63261523052253	158.17724489824974	265.4024895401998
R42	115.68926426847065	145.31704643403728	23.331662059849112	5
115.68926426847065	145.31704643403728	115.68926426847065	122.93446208738403	136.9156867675048	122.93446208738403	136.9156867675048	145.31704643403728	115.68926426847065	145.31704643403728
132.94437734022537	128.4676774307615	132.94437734022537	122.95492760503544	140.88699619478425	122.95492760503544	140.88699619478425	128.4676774307615
119.22637173697333	151.74461825926886	119.22637173697333	138.8894746088057	125.15377143385632	138.8894746088057	125.15377143385632	151.74461825926886
121.65036124139502	154.22723506974202	121.65036124139502	136.40685779833254	139.44201996286253	136.40685779833254	139.44201996286253	154.22723506974202
124.52930640318965	147.39268301727103	124.52930640318965	129.84445235842392	149.30206713181997	129.84445235842392	149.30206713181997	147.39268301727103
R41	488.3661405343386	333.29779432668164	13.249400263823969	5
488.3661405343386	333.29779432668164	488.3661405343386	316.88065876799993	501.9647391912982	316.88065876799993	501.9647391912982	333.29779432668164	488.3661405343386	333.29779432668164
486.92982646923224	324.42458882828197	486.92982646923224	309.3367287077179	507.2407186424414	309.3367287077179	507.2407186424414	324.42458882828197
476.90732157796583	334.3484456844628	476.90732157796583	323.3831016529867	499.82495949071154	323.3831016529867	499.82495949071154	334.3484456844628
488.78211448633596	340.6223422171652	488.78211448633596	325.97324643619805	495.115141094761	325.97324643619805	495.115141094761	340.6223422171652
480.5567429112758	327.89735382376944	480.5567429112758	319.96064628379077	496.1755381574013	319.96064628379077	496.1755381574013	327.89735382376944
R40	73.89593306473088	291.39938785575373	15.276519696745279	5
73.89593306473088	291.39938785575373	73.89593306473088	274.6214724961162	91.93877935159898	274.6214724961162	91.93877935159898	291.39938785575373	73.89593306473088	291.39938785575373
86.9055277870599	295.5562673354646	86.9055277870599	284.6730322517553	96.97203091613807	284.6730322517553	96.97203091613807	295.5562673354646
69.91649561524811	300.3183471489992	69.91649561524811	282.4804285625083	94.32447666256495	282.4804285625083	94.32447666256495	300.3183471489992
77.48751691908937	282.46772706011393	77.48751691908937	266.7752179321185	93.70050367499611	266.7752179321185	93.70050367499611	282.46772706011393
86.69409953593974	301.7477753474063	86.69409953593974	281.0510003641012	92.17644938844616	281.0510003641012	92.17644938844616	301.7477753474063
R39	8.920514618166647	69.91355245769589	16.82001470013885	5
8.920514618166647	69.91355245769589	8.920514618166647	53.106487596768204	29.04979579892877	53.106487596768204	29.04979579892877	69.91355245769589	8.920514618166647	69.91355245769589
21.666556560455685	56.275676956170955	21.666556560455685	49.937298237365454	29.238608164873018	49.937298237365454	29.238608164873018	56.275676956170955
5.431010271099986	77.01914142868752	5.431010271099986	62.80796348670426	14.223624488029277	62.80796348670426	14.223624488029277	77.01914142868752
16.66086882376011	76.65597610625169	16.66086882376011	63.17112880914008	23.962642058618762	63.17112880914008	23.962642058618762	76.65597610625169
-0.4651405073671224	68.57705210083431	-0.4651405073671224	54.24883303303146	18.306169743700416	54.24883303303146	18.306169743700416	68.57705210083431
R38	490.34002528645294	103.80200349932483	15.888096402097567	5
490.34002528645294	103.80200349932483	490.34002528645294	82.59205365464922	505.92990681800904	82.59205365464922	505.92990681800904	103.80200349932483	490.34002528645294	103.80200349932483
478.4667478711967	88.30474181393106	478.4667478711967	80.56194484443321	502.2133027017092	80.56194484443321	502.2133027017092	88.30474181393106
501.2565645286033	115.86468560672023	501.2565645286033	91.73932139192942	510.0011996483515	91.73932139192942	510.0011996483515	115.86468560672023
488.275879594281	94.93363124164142	488.275879594281	70.25047606765702	500.5763157814611	70.25047606765702	500.5763157814611	94.93363124164142
495.63219038754687	94.49579807659885	495.63219038754687	86.67897407670716	516.2276232484712	86.67897407670716	516.2276232484712	94.49579807659885
R37	339.0290136370294	354.4380862122345	1.7461516362174518	5
339.0290136370294	354.4380862122345	339.0290136370294	340.1157142115064	350.36373612754346	340.1157142115064	350.36373612754346	354.4380862122345	339.0290136370294	354.4380862122345
334.428114461183	357.0667200834819	334.428114461183	344.4512035376719	343.6299128128758	344.4512035376719	343.6299128128758	357.0667200834819
343.60794261527576	347.9146232583436	343.60794261527576	335.3985903031791	357.11952963981116	335.3985903031791	357.11952963981116	347.9146232583436
346.0428475543595	366.0198893605392	346.0428475543595	342.8562830639298	352.96496175561373	342.8562830639298	352.96496175561373	366.0198893605392
339.49002380410764	355.1302527445875	339.49002380410764	339.9200765734311	361.2374484509793	339.9200765734311	361.2374484509793	355.1302527445875
R36	115.77912176902497	121.46561732462946	4.542042749390143	5
115.77912176902497	121.46561732462946	115.77912176902497	106.75970873719199	135.45045956706886	106.75970873719199	135.45045956706886	121.46561732462946	115.77912176902497	121.46561732462946
113.89992420408215	133.35947984946893	113.89992420408215	109.57175479978996	134.85673896527007	109.57175479978996	134.85673896527007	133.35947984946893
121.75398927779939	127.90839869958496	121.75398927779939	115.02283594967396	139.91810332357272	115.02283594967396	139.91810332357272	127.90839869958496
110.07840328207621	124.17377015105868	110.07840328207621	101.60282928371188	121.4798402559737	101.60282928371188	121.4798402559737	124.17377015105868
107.4956391653484	113.77050674046399	107.4956391653484	99.74891073391996	131.88278557441583	99.74891073391996	131.88278557441583	113.77050674046399
R35	54.46832001997343	169.77486796638038	10.26014090574032	5
54.46832001997343	169.77486796638038	54.46832001997343	163.70349653987063	70.19552448450777	163.70349653987063	70.19552448450777	169.77486796638038	54.46832001997343	169.77486796638038
58.3956127889937	168.29776579443163	58.3956127889937	159.10922728530963	65.12609897451492	159.10922728530963	65.12609897451492	168.29776579443163
52.87786220286486	177.30126279358254	52.87786220286486	162.24847313917823	62.67560701748745	162.24847313917823	62.67560701748745	177.30126279358254
51.261077340270106	178.93538324584043	51.261077340270106	160.61435268692034	64.59312412510586	160.61435268692034	64.59312412510586	178.93538324584043
45.25384898710378	176.79319310178968	45.25384898710378	159.33100041613594	63.682791052843086	159.33100041613594	63.682791052843086	176.79319310178968
R34	487.4567454889089	56.595815624758515	11.763484959863654	5
487.4567454889089	56.595815624758515	487.4567454889089	42.06542070708447	495.5320994174121	42.06542070708447	495.5320994174121	56.595815624758515	487.4567454889089	56.595815624758515
483.04790560805145	50.732367153969726	483.04790560805145	33.398474260199215	499.8601762745004	33.398474260199215	499.8601762745004	50.732367153969726
477.1128452277078	66.63981459458047	477.1128452277078	43.65905037628798	497.80064575011	43.65905037628798	497.80064575011	66.63981459458047
476.96370248654745	66.12409837226548	476.96370248654745	47.06753287725156	498.79595035996095	47.06753287725156	498.79595035996095	66.12409837226548
485.0930784996093	52.315943587300154	485.0930784996093	31.814897826868787	503.72517108741886	31.814897826868787	503.72517108741886	52.315943587300154
R33	118.20906070582056	253.70847270235254	10.359405830119627	5
118.20906070582056	253.70847270235254	118.20906070582056	231.53332454656282	130.77216637456274	231.53332454656282	130.77216637456274	253.70847270235254	118.20906070582056	253.70847270235254
111.4535326229517	253.63997694505048	111.4535326229517	235.12141718426966	124.9645887886894	235.12141718426966	124.9645887886894	253.63997694505048
121.57345412187775	252.2703019266729	121.57345412187775	239.5876641162503	139.97087862724774	239.5876641162503	139.97087862724774	252.2703019266729
106.68966892155763	240.43011700904185	106.68966892155763	222.87424838816264	129.7284524900835	222.87424838816264	129.7284524900835	240.43011700904185
124.57496826227998	248.68031469511496	124.57496826227998	238.9268050491584	136.9693644868455	238.9268050491584	136.9693644868455	248.68031469511496
R32	346.1433928716763	459.7705049872905	3.6882280291036924	5
346.1433928716763	459.7705049872905	346.1433928716763	452.7843318997481	365.48732195358735	452.7843318997481	365.48732195358735	459.7705049872905	346.1433928716763	459.7705049872905
342.0523245320023	467.73376646426226	342.0523245320023	446.0224778999423	350.2344612113504	446.0224778999423	350.2344612113504	467.73376646426226
346.6880711322338	462.8871661783622	346.6880711322338	442.68149762113404	369.52681269867634	442.68149762113404	369.52681269867634	462.8871661783622
346.4272415446053	465.3179214095828	346.4272415446053	454.2230885649982	353.35597452073944	454.2230885649982	353.35597452073944	465.3179214095828
361.3628864550559	458.65745741426235	361.3628864550559	451.4598121086036	369.6117574521188	451.4598121086036	369.6117574521188	458.65745741426235
R31	358.7068373522427	307.7619766445339	10.905098472100772	5
358.7068373522427	307.7619766445339	358.7068373522427	288.6936343443043	381.81926635846514	288.6936343443043	381.81926635846514	307.7619766445339	358.7068373522427	307.7619766445339
366.4611046271044	316.33851349027174	366.4611046271044	299.18543979879604	382.2934206015616	299.18543979879604	382.2934206015616	316.33851349027174
365.48765543602815	293.5403129324951	365.48765543602815	283.8469557561135	385.77479606238353	283.8469557561135	385.77479606238353	293.5403129324951
350.97206919520585	303.4904871795523	350.97206919520585	282.22850012116163	366.44160550927955	282.22850012116163	366.44160550927955	303.4904871795523
351.17504486589746	305.4014886237791	351.17504486589746	287.68271321810766	366.23862983858794	287.68271321810766	366.23862983858794	305.4014886237791
R30	295.6775146223603	82.54730733541497	5.878063118968638	5
295.6775146223603	82.54730733541497	295.6775146223603	59.332356140629784	302.2199687685181	59.332356140629784	302.2199687685181	82.54730733541497	295.6775146223603	82.54730733541497
293.56840175255127	83.72278421082444	293.56840175255127	69.06423873129202	310.8715357844849	69.06423873129202	310.8715357844849	83.72278421082444
283.5031749407811	86.44953057006782	283.5031749407811	74.92382516592642	307.85185430393955	74.92382516592642	307.85185430393955	86.44953057006782
288.997183830321	94.16064831068407	288.997183830321	70.93396636014587	311.0943292972072	70.93396636014587	311.0943292972072	94.16064831068407
291.24766421577226	73.4289778911133	291.24766421577226	62.94681212156755	313.19227332126377	62.94681212156755	313.19227332126377	73.4289778911133
R29	170.69320323593266	453.5544135257405	4.639374392719852	5
170.69320323593266	453.5544135257405	170.69320323593266	435.75448760914884	177.62153863769365	435.75448760914884	177.62153863769365	453.5544135257405	170.69320323593266	453.5544135257405
166.41835293346927	439.5647307379958	166.41835293346927	431.9442444803019	185.45057404511974	431.9442444803019	185.45057404511974	439.5647307379958
170.68122926886207	450.2881935164259	170.68122926886207	429.7505948609035	184.56184800652528	429.7505948609035	184.56184800652528	450.2881935164259
164.43205506922752	452.9853896254794	164.43205506922752	438.52498373622694	176.95435140263785	438.52498373622694	176.95435140263785	452.9853896254794
173.20048926183597	450.4435071832896	173.20048926183597	426.30967747723355	182.04258801355138	426.30967747723355	182.04258801355138	450.4435071832896
R28	425.0065432336949	267.5710230301082	2.8881103295711803	5
425.0065432336949	267.5710230301082	425.0065432336949	247.57286063783235	441.03578616033343	247.57286063783235	441.03578616033343	267.5710230301082	425.0065432336949	267.5710230301082
414.8101562700919	268.545540590414	414.8101562700919	255.82806694198624	435.2029301972979	255.82806694198624	435.2029301972979	268.545540590414
427.8778202751484	279.7286813513981	427.8778202751484	255.41336470881834	445.7429000803966	255.41336470881834	445.7429000803966	279.7286813513981
430.594278853516	254.0284709364131	430.594278853516	241.1172503392516	447.4591888241922	241.1172503392516	447.4591888241922	254.0284709364131
418.5386356368414	250.48759010552638	418.5386356368414	244.65813117013826	436.39813040773527	244.65813117013826	436.39813040773527	250.48759010552638
R27	208.4667328752506	196.65817687403336	22.30230271505486	5
208.4667328752506	196.65817687403336	208.4667328752506	189.3241894912527	231.58340745590414	189.3241894912527	231.58340745590414	196.65817687403336	208.4667328752506	196.65817687403336
205.39187905206865	204.32049953252283	205.39187905206865	188.9958542155439	224.00303730345684	188.9958542155439	224.00303730345684	204.32049953252283
209.44336581506053	202.44375964568658	209.44336581506053	190.87259410238013	226.6791911622812	190.87259410238013	226.6791911622812	202.44375964568658
196.90842510997228	203.05115154048067	196.90842510997228	188.41982464255025	220.02504064052894	188.41982464255025	220.02504064052894	203.05115154048067
209.78126807106264	196.3699299736013	209.78126807106264	182.2784490089041	225.04712316135078	182.2784490089041	225.04712316135078	196.3699299736013
R26	232.72791472015493	86.18098396448815	10.03827918425493	5
232.72791472015493	86.18098396448815	232.72791472015493	80.62323809044068	243.95297842752754	80.62323809044068	243.95297842752754	86.18098396448815	232.72791472015493	86.18098396448815
227.59483049587357	91.49477975276307	227.59483049587357	80.86718817621323	248.8574682992455	80.86718817621323	248.8574682992455	91.49477975276307
234.07621465155432	85.92135670772812	234.07621465155432	75.32511947315324	247.73438201637066	75.32511947315324	247.73438201637066	85.92135670772812
226.4523479208479	91.05211455819983	226.4523479208479	70.19436162268153	248.38374901950186	70.19436162268153	248.38374901950186	91.05211455819983
225.6222613456909	89.2094901115375	225.6222613456909	73.71525271192881	239.83356809461895	73.71525271192881	239.83356809461895	89.2094901115375
R25	391.68399662071465	97.9564371634399	22.312363945577157	5
391.68399662071465	97.9564371634399	391.68399662071465	85.1059251893487	408.2895125427352	85.1059251893487	408.2895125427352	97.9564371634399	391.68399662071465	97.9564371634399
400.11690014359056	101.30632834390103	400.11690014359056	90.86695622004201	416.4621249418799	90.86695622004201	416.4621249418799	101.30632834390103
397.76077726358125	89.00157246236891	397.76077726358125	81.21027791632848	413.022776656336	81.21027791632848	413.022776656336	89.00157246236891
400.42034777486714	97.37900844194215	400.42034777486714	72.83284193675524	413.164734696857	72.83284193675524	413.164734696857	97.37900844194215
404.21669923429295	97.17351937787589	404.21669923429295	91.99622799057866	412.3623258511775	91.99622799057866	412.3623258511775	97.17351937787589
R24	14.130107674595129	23.518557271654494	20.16036112154448	5
14.130107674595129	23.518557271654494	14.130107674595129	13.161629931874678	35.51277736913192	13.161629931874678	35.51277736913192	23.518557271654494	14.130107674595129	23.518557271654494
30.546947936784306	24.890979299103964	30.546947936784306	19.170321946992058	40.47860680147953	19.170321946992058	40.47860680147953	24.890979299103964
22.11090153881144	31.65644578244356	22.11090153881144	15.38066876086543	31.438855320174667	15.38066876086543	31.438855320174667	31.65644578244356
19.755070428906315	16.340537095615122	19.755070428906315	9.982722768134234	40.97379637178955	9.982722768134234	40.97379637178955	16.340537095615122
12.695237455776338	34.111985865454734	12.695237455776338	12.925128677854255	37.635182732119084	12.925128677854255	37.635182732119084	34.111985865454734
R23	333.650596228494	492.5005829182906	1.4634541727909516	5
333.650596228494	492.5005829182906	333.650596228494	483.4544210003782	343.0652765091917	483.4544210003782	343.0652765091917	492.5005829182906	333.650596228494	492.5005829182906
332.3655218029195	491.07915889502226	332.3655218029195	476.27616450462676	353.76503121546386	476.27616450462676	353.76503121546386	491.07915889502226
329.086946791907	504.7880519513403	329.086946791907	480.2131138852409	341.013630590163	480.2131138852409	341.013630590163	504.7880519513403
328.8349436817514	488.50421371735763	328.8349436817514	478.4046282833988	346.8555709994305	478.4046282833988	346.8555709994305	488.50421371735763
329.4948919078257	494.7770989481183	329.4948919078257	472.1317430526381	341.20646641933877	472.1317430526381	341.20646641933877	494.7770989481183
R22	10.733601299825636	271.13449551331666	9.832336289486522	5
10.733601299825636	271.13449551331666	10.733601299825636	248.233493893361	26.08993262246868	248.233493893361	26.08993262246868	271.13449551331666	10.733601299825636	271.13449551331666
7.613899754421206	262.58456152713444	7.613899754421206	255.26936231653298	13.853302845230067	255.26936231653298	13.853302845230067	262.58456152713444
-1.5220341984772876	255.97529887708228	-1.5220341984772876	240.5901980653198	22.98923679812856	240.5901980653198	22.98923679812856	255.97529887708228
7.042037017571008	252.0420938962512	7.042037017571008	244.42489389047077	15.964543067142774	244.42489389047077	15.964543067142774	252.0420938962512
7.074098235782333	259.10804232725917	7.074098235782333	237.3589454594629	27.426062752636494	237.3589454594629	27.426062752636494	259.10804232725917
R21	32.11215844988025	425.8675980033341	9.935953331031802	5
32.11215844988025	425.8675980033341	32.11215844988025	407.43253879818513	49.03742854537219	407.43253879818513	49.03742854537219	425.8675980033341	32.11215844988025	425.8675980033341
40.81674060152203	428.9880054274647	40.81674060152203	415.1751310726213	57.258116489222346	415.1751310726213	57.258116489222346	428.9880054274647
28.38077989740659	426.14827955352285	28.38077989740659	401.7312353760528	35.843537002353905	401.7312353760528	35.843537002353905	426.14827955352285
31.623180981457175	437.4383588673329	31.623180981457175	414.29683713933525	37.85743926994473	414.29683713933525	37.85743926994473	437.4383588673329
20.233268924033755	417.5771028535106	20.233268924033755	397.9830193402221	43.991047975726744	397.9830193402221	43.991047975726744	417.5771028535106
R20	62.33192556661656	187.09639933493565	18.304356619610292	5
62.33192556661656	187.09639933493565	62.33192556661656	176.55828634359887	82.70329241369971	176.55828634359887	82.70329241369971	187.09639933493565	62.33192556661656	187.09639933493565
65.54103236817959	192.65192331595077	65.54103236817959	181.54087535392054	74.00038328475789	181.54087535392054	74.00038328475789	192.65192331595077
72.3414220484505	181.2170413595721	72.3414220484505	171.89953132762562	92.93022323202264	171.89953132762562	92.93022323202264	181.2170413595721
75.55667027770806	180.10228518503126	75.55667027770806	173.01428750216647	87.11932855242264	173.01428750216647	87.11932855242264	180.10228518503126
76.32074076700542	193.7420635302114	76.32074076700542	177.91212112752567	89.08584406039401	177.91212112752567	89.08584406039401	193.7420635302114
R19	162.54538885870272	118.0175589799577	11.900122468230235	5
162.54538885870272	118.0175589799577	162.54538885870272	103.36799258997297	171.69459081483342	103.36799258997297	171.69459081483342	118.0175589799577	162.54538885870272	118.0175589799577
158.16851828745922	117.74342227975033	158.16851828745922	104.42347939446803	166.92225942994622	104.42347939446803	166.92225942994622	117.74342227975033
152.25765746241612	113.0362322483973	152.25765746241612	94.36739408248128	172.83312025498932	94.36739408248128	172.83312025498932	113.0362322483973
161.7451476578286	116.67660184766684	161.7451476578286	107.36738128090734	181.64403397183824	107.36738128090734	181.64403397183824	116.67660184766684
159.6134141924823	129.0885489900969	159.6134141924823	106.94656896981851	183.4001847234445	106.94656896981851	183.4001847234445	129.0885489900969
R18	1.532697699887068	413.5961379133262	25.045858689947185	5
1.532697699887068	413.5961379133262	1.532697699887068	408.3361011542876	7.326371903158876	408.3361011542876	7.326371903158876	413.5961379133262	1.532697699887068	413.5961379133262
-1.9233911973019664	421.8291605774291	-1.9233911973019664	403.2452940649715	4.9887865970761025	403.2452940649715	4.9887865970761025	421.8291605774291
4.630317733000271	416.6873687398586	4.630317733000271	405.6206439878115	10.02242607331748	405.6206439878115	10.02242607331748	416.6873687398586
-5.984389710199482	420.48438899575194	-5.984389710199482	398.68377054962923	9.049785109973618	398.68377054962923	9.049785109973618	420.48438899575194
-2.0437106945632966	417.9659590998998	-2.0437106945632966	408.4045947741656	5.109106094337433	408.4045947741656	5.109106094337433	417.9659590998998
R17	423.9490465908311	144.65097745307892	17.306819241010807	5
423.9490465908311	144.65097745307892	423.9490465908311	133.90991088299623	440.947783749384	133.90991088299623	440.947783749384	144.65097745307892	423.9490465908311	144.65097745307892
424.5869352507549	144.67152532768654	424.5869352507549	123.14829643830592	430.935295392438	123.14829643830592	430.935295392438	144.67152532768654
431.61432855707744	141.047963550867	431.61432855707744	126.77185821512548	447.26377200064394	126.77185821512548	447.26377200064394	141.047963550867
427.17326473538617	155.08061072257226	427.17326473538617	134.2213441835856	433.4768498264642	134.2213441835856	433.4768498264642	155.08061072257226
423.5892011663708	143.71162473244107	423.5892011663708	124.1081970335514	429.7432617162839	124.1081970335514	429.7432617162839	143.71162473244107
R16	50.79860207773486	32.05725610497323	2.959352992744869	5
50.79860207773486	32.05725610497323	50.79860207773486	17.554295787909243	62.69786263384473	17.554295787909243	62.69786263384473	32.05725610497323	50.79860207773486	32.05725610497323
45.846751360350666	42.747097623122436	45.846751360350666	21.36741458682402	68.42578738331747	21.36741458682402	68.42578738331747	42.747097623122436
39.34326680063893	33.413336367174836	39.34326680063893	18.948172371275763	62.253937354830796	18.948172371275763	62.253937354830796	33.413336367174836
50.86631533114356	26.90220980072791	50.86631533114356	8.206381775090579	67.52422105958959	8.206381775090579	67.52422105958959	26.90220980072791
51.198315828381986	22.171346413556964	51.198315828381986	12.937245162261522	67.9871223619406	12.937245162261522	67.9871223619406	22.171346413556964
R15	117.13498751726047	176.06627261693308	16.826074771705812	5
117.13498751726047	176.06627261693308	117.13498751726047	163.58552589738707	140.69100074603648	163.58552589738707	140.69100074603648	176.06627261693308	117.13498751726047	176.06627261693308
124.7664050010244	171.51772193584813	124.7664050010244	155.653329858926	143.8455078458852	155.653329858926	143.8455078458852	171.51772193584813
124.53738227526114	166.3442603097203	124.53738227526114	160.82679148505383	139.4931521905868	160.82679148505383	139.4931521905868	166.3442603097203
111.10314915491924	180.21268249705736	111.10314915491924	165.71306740033145	123.1668258796017	165.71306740033145	123.1668258796017	180.21268249705736
109.68351314772009	185.89850623817443	109.68351314772009	166.23403899569172	127.89618742352489	166.23403899569172	127.89618742352489	185.89850623817443
R14	471.98839982102936	385.74239139186216	7.714247487839878	5
471.98839982102936	385.74239139186216	471.98839982102936	368.79412621444874	495.63217561928457	368.79412621444874	495.63217561928457	385.74239139186216	471.98839982102936	385.74239139186216
466.63098194263	389.9862552206166	466.63098194263	379.2768342757347	477.3458176994287	379.2768342757347	477.3458176994287	389.9862552206166
483.4887752453876	373.00524032082023	483.4887752453876	364.58301210807724	491.48768400972574	364.58301210807724	491.48768400972574	373.00524032082023
464.68763898494575	376.2725152826713	464.68763898494575	361.3157371462262	486.9189792447988	361.3157371462262	486.9189792447988	376.2725152826713
483.686399044963	391.7947339716945	483.686399044963	372.8212923008045	507.5779521936061	372.8212923008045	507.5779521936061	391.7947339716945
R13	265.51916498614	363.5171844569863	25.274775014753725	5
265.51916498614	363.5171844569863	265.51916498614	346.85680663885677	285.8617396133395	346.85680663885677	285.8617396133395	363.5171844569863	265.51916498614	363.5171844569863
269.0562087872192	354.31793304715944	269.0562087872192	339.3956802305541	293.8114483615065	339.3956802305541	293.8114483615065	354.31793304715944
258.89901531114197	352.22814440877386	258.89901531114197	341.4854688689397	274.75798768627965	341.4854688689397	274.75798768627965	352.22814440877386
254.18340848944254	362.9968218248244	254.18340848944254	348.7752007212052	276.85492148283754	348.7752007212052	276.85492148283754	362.9968218248244
256.967738229736	367.7964737298811	256.967738229736	359.2378951840915	280.42541862223084	359.2378951840915	280.42541862223084	367.7964737298811
R12	258.3979940015889	59.86072893702753	10.659538746494196	5
258.3979940015889	59.86072893702753	258.3979940015889	36.537421949490394	267.8300368462328	36.537421949490394	267.8300368462328	59.86072893702753	258.3979940015889	59.86072893702753
253.66723050963375	51.78394041001329	253.66723050963375	40.04050969235861	263.1287574935441	40.04050969235861	263.1287574935441	51.78394041001329
255.35638322201123	65.61025381458278	255.35638322201123	49.44767556764297	261.4396047811666	49.44767556764297	261.4396047811666	65.61025381458278
254.35830027651153	59.893152191927946	254.35830027651153	36.552114892673366	262.4376877266663	36.552114892673366	262.4376877266663	59.893152191927946
265.195613455849	63.58435340689425	265.195613455849	40.16935056313598	270.4644602366166	40.16935056313598	270.4644602366166	63.58435340689425
R11	388.4126612984467	353.07017439762006	3.6632495770513254	5
388.4126612984467	353.07017439762006	388.4126612984467	338.67707844859336	397.00156661399984	338.67707844859336	397.00156661399984	353.07017439762006	388.4126612984467	353.07017439762006
386.87420666358963	347.1456163780849	386.87420666358963	331.83829222457337	407.12892656441005	331.83829222457337	407.12892656441005	347.1456163780849
381.90062425253893	359.8047310806237	381.90062425253893	345.6938587470653	394.9246983443545	345.6938587470653	394.9246983443545	359.8047310806237
384.88903354984285	357.3286772438558	384.88903354984285	338.1966029316198	391.9362890470506	338.1966029316198	391.9362890470506	357.3286772438558
383.5772995439154	349.42305715705663	383.5772995439154	333.18059409707075	393.24802305297817	333.18059409707075	393.24802305297817	349.42305715705663
R10	419.3013995201797	429.1753920808221	7.206665416114427	5
419.3013995201797	429.1753920808221	419.3013995201797	406.97319526643514	444.1889881177436	406.97319526643514	444.1889881177436	429.1753920808221	419.3013995201797	429.1753920808221
420.6783032621083	418.47620557433373	420.6783032621083	395.47018495853655	434.13968245623556	395.47018495853655	434.13968245623556	418.47620557433373
412.5452105300263	438.90760180511535	412.5452105300263	419.4431823565289	430.41422372376377	419.4431823565289	430.41422372376377	438.90760180511535
416.2948909550683	440.43170324668057	416.2948909550683	417.9190809149637	424.4000482937931	417.9190809149637	424.4000482937931	440.43170324668057
432.7078290144186	435.2217883210612	432.7078290144186	419.8412731947249	455.67014722106853	419.8412731947249	455.67014722106853	435.2217883210612
R9	396.81268569329944	436.9618800037783	24.201063083458866	5
396.81268569329944	436.9618800037783	396.81268569329944	417.5476965326157	402.31664321734803	417.5476965326157	402.31664321734803	436.9618800037783	396.81268569329944	436.9618800037783
387.99395855004	433.0619843572085	387.99395855004	419.50564135019937	405.63141283655887	419.50564135019937	405.63141283655887	433.0619843572085
399.50483384468293	437.96795261355294	399.50483384468293	425.63906112125653	405.12845259001324	425.63906112125653	405.12845259001324	437.96795261355294
393.2678567102797	439.66200358912965	393.2678567102797	423.3767761238006	400.35751467631906	423.3767761238006	400.35751467631906	439.66200358912965
388.4268634566042	440.2477920718317	388.4268634566042	433.6759679357248	410.49141711931156	433.6759679357248	410.49141711931156	440.2477920718317
R8	36.991759662401144	373.11085083033794	6.1099571596869096	5
36.991759662401144	373.11085083033794	36.991759662401144	362.30426594317845	58.61393435061208	362.30426594317845	58.61393435061208	373.11085083033794	36.991759662401144	373.11085083033794
50.3612138744524	372.68926042340956	50.3612138744524	351.91927146294745	62.83147797646173	351.91927146294745	62.83147797646173	372.68926042340956
32.53040443121378	366.25315619028805	32.53040443121378	358.35537569606896	41.578130285355414	358.35537569606896	41.578130285355414	366.25315619028805
50.960151678114485	379.29786593645076	50.960151678114485	366.9238357242251	56.800895141434935	366.9238357242251	56.800895141434935	379.29786593645076
45.186546195141744	377.3876507402016	45.186546195141744	368.8340509204744	65.07851739962443	368.8340509204744	65.07851739962443	377.3876507402016
R7	131.69358607959342	292.45650482531005	23.22723670193277	5
131.69358607959342	292.45650482531005	131.69358607959342	271.07465396327143	147.23827263309656	271.07465396327143	147.23827263309656	292.45650482531005	131.69358607959342	292.45650482531005
141.613376714112	298.9699050998568	141.613376714112	285.9431045507633	146.87197281389444	285.9431045507633	146.87197281389444	298.9699050998568
142.46591985331975	278.6681854176332	142.46591985331975	272.2786553759933	152.01062541287337	272.2786553759933	152.01062541287337	278.6681854176332
125.58016220525467	285.59651807121224	125.58016220525467	267.08168912926703	137.80700995393215	267.08168912926703	137.80700995393215	285.59651807121224
120.97980619436794	282.42177893813255	120.97980619436794	269.9446308991172	142.4073659648189	269.9446308991172	142.4073659648189	282.42177893813255
R6	266.32241499490124	108.36041077784387	11.102496076107107	5
266.32241499490124	108.36041077784387	266.32241499490124	97.55397321783354	287.3277465659072	97.55397321783354	287.3277465659072	108.36041077784387	266.32241499490124	108.36041077784387
279.8422783868382	103.11703592152293	279.8422783868382	94.6658821182132	294.8132147449762	94.6658821182132	294.8132147449762	103.11703592152293
275.8740502805399	104.08537129599573	275.8740502805399	91.02257513967136	280.87792287274897	91.02257513967136	280.87792287274897	104.08537129599573
261.1158386516048	115.55954489288557	261.1158386516048	101.16127666280217	272.61384020666253	101.16127666280217	272.61384020666253	115.55954489288557
256.0720591341239	108.80095853269233	256.0720591341239	93.64540488450325	276.5727708556786	93.64540488450325	276.5727708556786	108.80095853269233
R5	24.797903422210123	388.20324724510186	15.8275924701664	5
24.797903422210123	388.20324724510186	24.797903422210123	364.0252289080417	31.48348192161942	364.0252289080417	31.48348192161942	388.20324724510186	24.797903422210123	388.20324724510186
19.416929148347776	396.09898506383473	19.416929148347776	380.3075094263689	33.29875046915961	380.3075094263689	33.29875046915961	396.09898506383473
17.49989429670134	390.01692577882096	17.49989429670134	371.70709516289304	32.095912547718896	371.70709516289304	32.095912547718896	390.01692577882096
15.314350181131502	388.30067931550934	15.314350181131502	381.0345262216525	34.28145666328874	381.0345262216525	34.28145666328874	388.30067931550934
27.84933213208355	387.7107836474998	27.84933213208355	371.5712980155782	35.11763171115528	371.5712980155782	35.11763171115528	387.7107836474998
R4	96.74782909868478	108.99355907983586	19.044689157640732	5
96.74782909868478	108.99355907983586	96.74782909868478	99.87273638591056	109.68171374447618	99.87273638591056	109.68171374447618	108.99355907983586	96.74782909868478	108.99355907983586
97.72023424266544	114.49500205473781	97.72023424266544	103.49211610493394	114.50654857757681	103.49211610493394	114.50654857757681	114.49500205473781
91.48679601740162	104.86304223588368	91.48679601740162	97.03505417469052	102.00886217996793	97.03505417469052	102.00886217996793	104.86304223588368
89.67727939574192	108.35317938506682	89.67727939574192	91.39229338675432	113.69661366409821	91.39229338675432	113.69661366409821	108.35317938506682
88.54838830532194	111.99549473758279	88.54838830532194	103.37436708789528	104.94726989204761	103.37436708789528	104.94726989204761	111.99549473758279
R3	321.92733586444143	478.0937602843724	4.624234509662625	5
321.92733586444143	478.0937602843724	321.92733586444143	468.8846642311183	333.615519279372	468.8846642311183	333.615519279372	478.0937602843724	321.92733586444143	478.0937602843724
325.37655394154666	478.65114585947936	325.37655394154666	459.1181826027572	333.1691649453293	459.1181826027572	333.1691649453293	478.65114585947936
320.384875088421	475.3193458793359	320.384875088421	462.44998258290065	327.0997315247874	462.44998258290065	327.0997315247874	475.3193458793359
319.53126945948156	479.09868030442516	319.53126945948156	458.6706481578114	334.9809208911736	458.6706481578114	334.9809208911736	479.09868030442516
323.34090664288453	475.9677812988231	323.34090664288453	461.80154716341355	329.30093722649553	461.80154716341355	329.30093722649553	475.9677812988231
R2	156.86469687889954	214.06341306783403	18.56831663245926	5
156.86469687889954	214.06341306783403	156.86469687889954	190.3447251072943	176.46618836029145	190.3447251072943	176.46618836029145	214.06341306783403	156.86469687889954	214.06341306783403
151.68908547063765	221.2187321591903	151.68908547063765	206.90809397647777	166.3818485436428	206.90809397647777	166.3818485436428	221.2187321591903
166.38094818431478	195.62899801694638	166.38094818431478	185.0604521976422	180.874999694726	185.0604521976422	180.874999694726	195.62899801694638
147.8004624624833	211.77052060043994	147.8004624624833	206.09851395353675	165.92893129531578	206.09851395353675	165.92893129531578	211.77052060043994
148.3603028163585	209.70217554313516	148.3603028163585	198.42786552787956	165.3690909414405	198.42786552787956	165.3690909414405	209.70217554313516
R1	38.73378737725225	282.61951659932913	14.677750118317917	5
38.73378737725225	282.61951659932913	38.73378737725225	258.9127519138141	53.104434435537634	258.9127519138141	53.104434435537634	282.61951659932913	38.73378737725225	282.61951659932913
28.278020917524	287.80670931771516	28.278020917524	268.36850151529524	49.189553836980494	268.36850151529524	49.189553836980494	287.80670931771516
31.146703224048686	275.895761822353	31.146703224048686	251.5472545963094	46.32087153045581	251.5472545963094	46.32087153045581	275.895761822353
47.60672628100569	283.8992029433594	47.60672628100569	278.7343147682572	58.602142590069576	278.7343147682572	58.602142590069576	283.8992029433594
41.161813031274804	277.3188395906667	41.161813031274804	269.5519221198141	65.04705583980045	269.5519221198141	65.04705583980045	277.3188395906667
