R100	-6.813583838538967	139.1793660252144	109.78095269924559	5
-6.813583838538967	139.1793660252144	-6.813583838538967	122.6975689538457	10.755191899949494	122.6975689538457	10.755191899949494	139.1793660252144	-6.813583838538967	139.1793660252144
-19.04290103245758	130.5889512592012	-19.04290103245758	114.8366557660262	5.415733355379644	114.8366557660262	5.415733355379644	130.5889512592012
5.743581041314765	140.5860458489834	5.743581041314765	117.84512823617573	15.766802758584223	117.84512823617573	15.766802758584223	140.5860458489834
6.061878350615391	132.76089963750866	6.061878350615391	125.47439326703511	15.448505449283598	125.47439326703511	15.448505449283598	132.76089963750866
-0.8485357707884091	125.30389502747096	-0.8485357707884091	120.09124288022045	17.129997112933076	120.09124288022045	17.129997112933076	125.30389502747096
R99	54.99280065021183	508.5311772269102	94.77876819883878	5
54.99280065021183	508.5311772269102	54.99280065021183	486.4648078583975	62.51385926237719	486.4648078583975	62.51385926237719	508.5311772269102	54.99280065021183	508.5311772269102
55.57916932350078	497.78056332569656	55.57916932350078	477.5984757577446	69.4485492012536	477.5984757577446	69.4485492012536	497.78056332569656
54.78410424658134	516.8028176672769	54.78410424658134	500.2595367865435	61.098402341021846	500.2595367865435	61.098402341021846	516.8028176672769
45.69921789673861	520.0482752341898	45.69921789673861	497.0140792196306	66.83959864846719	497.0140792196306	66.83959864846719	520.0482752341898
56.352175113736244	503.7825887890918	56.352175113736244	483.63356401005825	68.67554341101813	483.63356401005825	68.67554341101813	503.7825887890918
R98	351.57947770679147	413.2816345155884	87.49414144883882	5
351.57947770679147	413.2816345155884	351.57947770679147	390.9117727353296	358.2883792604303	390.9117727353296	358.2883792604303	413.2816345155884	351.57947770679147	413.2816345155884
344.8946881331433	417.9358647265217	344.8946881331433	408.6274043046551	364.90636998490436	408.6274043046551	364.90636998490436	417.9358647265217
346.4808062671191	413.67534699769135	346.4808062671191	397.680724632855	356.67814914646385	397.680724632855	356.67814914646385	413.67534699769135
347.79227840850734	397.7450238517108	347.79227840850734	384.07852161894834	366.41906139183794	384.07852161894834	366.41906139183794	397.7450238517108
339.65973414051246	399.1405167465761	339.65973414051246	385.4591662545683	363.4992212730705	385.4591662545683	363.4992212730705	399.1405167465761
R97	105.40772036894614	447.1394494778578	74.71394771912357	5
105.40772036894614	447.1394494778578	105.40772036894614	424.17776923370474	127.65131485856057	424.17776923370474	127.65131485856057	447.1394494778578	105.40772036894614	447.1394494778578
97.23683927503622	445.67557942300164	97.23683927503622	439.6027490470584	113.5786014628561	439.6027490470584	113.5786014628561	445.67557942300164
99.78855179104215	442.93331380085914	99.78855179104215	423.2628626344892	111.02688894685014	423.2628626344892	111.02688894685014	442.93331380085914
114.79086279709145	450.34103327574246	114.79086279709145	443.937865679973	138.51431871472212	443.937865679973	138.51431871472212	450.34103327574246
107.86743342004407	431.522533408803	107.86743342004407	416.8330050586065	119.28077499991649	416.8330050586065	119.28077499991649	431.522533408803
R96	230.87051238539306	261.08789563164987	134.9981678911076	5
230.87051238539306	261.08789563164987	230.87051238539306	247.40358830675038	245.81585811382377	247.40358830675038	245.81585811382377	261.08789563164987	230.87051238539306	261.08789563164987
220.69335479574147	258.78991795093407	220.69335479574147	236.01725866256672	244.6112071645672	236.01725866256672	244.6112071645672	258.78991795093407
220.45150112021344	250.53069704576367	220.45150112021344	244.7497875782187	241.28952365057268	244.7497875782187	241.28952365057268	250.53069704576367
225.24035621759288	254.9700052874952	225.24035621759288	239.8371713260056	245.36326142665945	239.8371713260056	245.36326142665945	254.9700052874952
229.12106391583922	255.69953089306725	229.12106391583922	239.1076457204335	247.74083029235686	239.1076457204335	247.74083029235686	255.69953089306725
R95	230.17659561729363	153.66153785836713	114.60124431450728	5
230.17659561729363	153.66153785836713	230.17659561729363	145.84258708686036	245.49705456323312	145.84258708686036	245.49705456323312	153.66153785836713	230.17659561729363	153.66153785836713
239.17350640207104	165.23749169314016	239.17350640207104	142.0855840235941	244.98349110249768	142.0855840235941	244.98349110249768	165.23749169314016
233.6598292205034	157.736383584923	233.6598292205034	133.94879058879772	241.27319974428445	133.94879058879772	241.27319974428445	157.736383584923
233.61388451115903	153.51523111967828	233.61388451115903	138.16994305404245	245.52611883129197	138.16994305404245	245.52611883129197	153.51523111967828
220.21959835370734	158.9410259602523	220.21959835370734	139.87160917941222	240.13359288087992	139.87160917941222	240.13359288087992	158.9410259602523
R94	128.96124296134062	133.84025029447315	131.00071697084857	5
128.96124296134062	133.84025029447315	128.96124296134062	111.2609313608875	136.70287089285713	111.2609313608875	136.70287089285713	133.84025029447315	128.96124296134062	133.84025029447315
116.91729003046039	134.61713663854644	116.91729003046039	119.42251957009861	141.00519589222085	119.42251957009861	141.00519589222085	134.61713663854644
129.00744946617942	139.38949998128905	129.00744946617942	128.29100060765725	143.73962483278467	128.29100060765725	143.73962483278467	139.38949998128905
132.46238055964676	124.7010968149694	132.46238055964676	101.18425419152466	140.9433612260675	101.18425419152466	140.9433612260675	124.7010968149694
117.69784311739335	136.33838390008245	117.69784311739335	117.72022842793163	140.22464280528789	117.72022842793163	140.22464280528789	136.33838390008245
R93	486.62333784831213	211.56036048338453	96.2534590957427	5
486.62333784831213	211.56036048338453	486.62333784831213	200.62684146989753	499.45469782036383	200.62684146989753	499.45469782036383	211.56036048338453	486.62333784831213	211.56036048338453
491.56381524175026	223.8711657605587	491.56381524175026	199.24955520621035	500.9509317561584	199.24955520621035	500.9509317561584	223.8711657605587
483.57463517768	213.04739014170178	483.57463517768	188.20629279809322	492.77541148571146	188.20629279809322	492.77541148571146	213.04739014170178
496.55220703214115	206.10125832991622	496.55220703214115	195.15242460987884	502.3092840883281	195.15242460987884	502.3092840883281	206.10125832991622
480.9270150259358	220.52519390745553	480.9270150259358	202.59552705931353	494.989777408401	202.59552705931353	494.989777408401	220.52519390745553
R92	406.38927165043896	300.8430222331485	112.99680097479144	5
406.38927165043896	300.8430222331485	406.38927165043896	286.08894035357963	424.437797587205	286.08894035357963	424.437797587205	300.8430222331485	406.38927165043896	300.8430222331485
400.20043548709714	295.634102035542	400.20043548709714	276.54377867161725	413.2534743938104	276.54377867161725	413.2534743938104	295.634102035542
411.8969719115003	295.4457024443391	411.8969719115003	276.7321782628202	425.0018725580821	276.7321782628202	425.0018725580821	295.4457024443391
417.5523275554132	300.0354511535087	417.5523275554132	277.97620340205276	431.3232676189968	277.97620340205276	431.3232676189968	300.0354511535087
421.5369665930842	298.41512827043596	421.5369665930842	274.3154652362931	427.33862858132574	274.3154652362931	427.33862858132574	298.41512827043596
R91	170.10320443766244	220.53976763354373	114.58392412071417	5
170.10320443766244	220.53976763354373	170.10320443766244	211.24365642812543	176.58123419895134	211.24365642812543	176.58123419895134	220.53976763354373	170.10320443766244	220.53976763354373
170.64958220904825	220.0404982643492	170.64958220904825	206.94274095815086	182.51288618885442	206.94274095815086	182.51288618885442	220.0404982643492
166.7013874926664	224.34985865867714	166.7013874926664	209.43595258781068	173.50502138265847	209.43595258781068	173.50502138265847	224.34985865867714
159.82936437759372	222.73201000237515	159.82936437759372	215.6045361093146	180.37704449773116	215.6045361093146	180.37704449773116	222.73201000237515
159.2517081604814	221.02338050065848	159.2517081604814	215.3586295843713	180.95470071484348	215.3586295843713	180.95470071484348	221.02338050065848
R90	282.7440373974271	327.6952280253116	107.65963607222874	5
282.7440373974271	327.6952280253116	282.7440373974271	318.6916691531312	296.56764590429094	318.6916691531312	296.56764590429094	327.6952280253116	282.7440373974271	327.6952280253116
284.1312798630314	330.4849491373347	284.1312798630314	306.89838916892774	299.4594484181878	306.89838916892774	299.4594484181878	330.4849491373347
289.5293879036617	332.2448388357434	289.5293879036617	311.0970330688664	303.6059039049202	311.0970330688664	303.6059039049202	332.2448388357434
283.30451935796026	337.44131676327623	283.30451935796026	317.949139287347	305.63195908994334	317.949139287347	305.63195908994334	337.44131676327623
271.1872349046752	327.953854205826	271.1872349046752	309.48655892629085	294.300839890179	309.48655892629085	294.300839890179	327.953854205826
R89	271.6688140194614	328.5270409833447	92.5649036766101	5
271.6688140194614	328.5270409833447	271.6688140194614	303.88341747859556	295.27256911653075	303.88341747859556	295.27256911653075	328.5270409833447	271.6688140194614	328.5270409833447
283.37229146438574	331.65415497221926	283.37229146438574	325.39992699447015	288.9413449783318	325.39992699447015	288.9413449783318	331.65415497221926
285.66069030584976	317.4925342398901	285.66069030584976	294.77874131150884	304.88444792721174	294.77874131150884	304.88444792721174	317.4925342398901
266.61188701376506	316.83463085720933	266.61188701376506	309.63232719822025	276.7257410251578	309.63232719822025	276.7257410251578	316.83463085720933
262.07957704342965	330.88388567219494	262.07957704342965	320.5354696030309	281.2580509954932	320.5354696030309	281.2580509954932	330.88388567219494
R88	335.5828508254856	92.02297080647587	71.33281605505583	5
335.5828508254856	92.02297080647587	335.5828508254856	70.25369583343483	346.13361649469016	70.25369583343483	346.13361649469016	92.02297080647587	335.5828508254856	92.02297080647587
336.2460112107621	99.9993947945067	336.2460112107621	77.43395913440214	356.0212217786182	77.43395913440214	356.0212217786182	99.9993947945067
343.07382232538345	95.0852347910766	343.07382232538345	75.41809454393328	349.1934106639969	75.41809454393328	349.1934106639969	95.0852347910766
334.85829638062614	83.5369521316111	334.85829638062614	74.41575131455396	357.4089366087542	74.41575131455396	357.4089366087542	83.5369521316111
329.105556434633	83.18105275730008	329.105556434633	68.51194773372171	342.0601452163382	68.51194773372171	342.0601452163382	83.18105275730008
R87	148.2361915126994	281.1552083157047	71.70109627590455	5
148.2361915126994	281.1552083157047	148.2361915126994	270.6453047984569	170.44910320205173	270.6453047984569	170.44910320205173	281.1552083157047	148.2361915126994	281.1552083157047
158.80221655621625	274.37905046390944	158.80221655621625	266.91155913300435	164.04072836602728	266.91155913300435	164.04072836602728	274.37905046390944
144.00119233351217	290.686031077527	144.00119233351217	271.62438555388246	153.2199172681885	271.62438555388246	153.2199172681885	290.686031077527
162.8859498546229	278.06955274420517	162.8859498546229	272.5856785195911	178.01225654948055	272.5856785195911	178.01225654948055	278.06955274420517
154.00307613378357	292.48494191163894	154.00307613378357	269.8254747197705	167.23104640320776	269.8254747197705	167.23104640320776	292.48494191163894
R86	211.84692311351944	426.711847353155	81.02212457651136	5
211.84692311351944	426.711847353155	211.84692311351944	410.0217516209133	220.60666307388215	410.0217516209133	220.60666307388215	426.711847353155	211.84692311351944	426.711847353155
212.12348152999874	420.1965855228285	212.12348152999874	412.38767101019505	229.08984461776555	412.38767101019505	229.08984461776555	420.1965855228285
214.78084904597208	416.15654004996554	214.78084904597208	403.886963191861	221.29681446469468	403.886963191861	221.29681446469468	416.15654004996554
203.99342762830952	417.7148526495539	203.99342762830952	404.80749379011445	219.70041859872936	404.80749379011445	219.70041859872936	417.7148526495539
200.83001693199597	435.56639967721696	200.83001693199597	410.97030712569256	222.8638292950429	410.97030712569256	222.8638292950429	435.56639967721696
R85	205.25074359648727	238.74555385150254	69.52685598253144	5
205.25074359648727	238.74555385150254	205.25074359648727	214.46902195379934	216.2412359236056	214.46902195379934	216.2412359236056	238.74555385150254	205.25074359648727	238.74555385150254
212.30486226809853	228.5266034661059	212.30486226809853	207.06546268163393	220.17760957911264	207.06546268163393	220.17760957911264	228.5266034661059
204.0117809772056	221.03754308561972	204.0117809772056	213.65779750952268	228.47069087000557	213.65779750952268	228.47069087000557	221.03754308561972
197.05203206669134	235.41232409165417	197.05203206669134	221.55810039758057	213.4494551262832	221.55810039758057	213.4494551262832	235.41232409165417
212.30136133800505	240.15872031559996	212.30136133800505	230.3511740631883	220.18111050920612	230.3511740631883	220.18111050920612	240.15872031559996
R84	421.7773521443625	470.6394269523315	88.12329040160142	5
421.7773521443625	470.6394269523315	421.7773521443625	451.48641589085935	438.3230095914086	451.48641589085935	438.3230095914086	470.6394269523315	421.7773521443625	470.6394269523315
411.00365888779805	469.3382935995584	411.00365888779805	462.1949436567922	432.55104540092697	462.1949436567922	432.55104540092697	469.3382935995584
409.37044943576603	461.6208390940382	409.37044943576603	454.9471383147516	434.1842548529591	454.9471383147516	434.1842548529591	461.6208390940382
415.91234735133565	469.18807368505975	415.91234735133565	458.63887827989583	427.64235693738937	458.63887827989583	427.64235693738937	469.18807368505975
430.98688661508265	464.4879875134256	430.98688661508265	448.9799997446176	445.65913256773456	448.9799997446176	445.65913256773456	464.4879875134256
R83	281.85327102842484	30.790010077638563	88.57280207971334	5
281.85327102842484	30.790010077638563	281.85327102842484	6.566408436692578	296.1749106041266	6.566408436692578	296.1749106041266	30.790010077638563	281.85327102842484	30.790010077638563
287.3733941274415	19.55032473146107	287.3733941274415	4.599903831893208	304.9764270808117	4.599903831893208	304.9764270808117	19.55032473146107
284.43265338975607	21.02519153075179	284.43265338975607	1.8451401980145263	307.9171678184971	1.8451401980145263	307.9171678184971	21.02519153075179
289.58388673901106	28.07318454709296	289.58388673901106	14.724275148779807	302.7659344692421	14.724275148779807	302.7659344692421	28.07318454709296
273.68021331437063	33.197936155086175	273.68021331437063	18.7390215169195	290.02632874247905	18.7390215169195	290.02632874247905	33.197936155086175
R82	285.33118438813335	36.90758837461684	135.71217726640285	5
285.33118438813335	36.90758837461684	285.33118438813335	21.063673663310396	302.4197444017801	21.063673663310396	302.4197444017801	36.90758837461684	285.33118438813335	36.90758837461684
283.39198813253415	24.855679652387963	283.39198813253415	17.27166767423283	302.99287276969926	17.27166767423283	302.99287276969926	24.855679652387963
282.3661983989029	30.217130190120173	282.3661983989029	11.910217136500618	293.6508091343298	11.910217136500618	293.6508091343298	30.217130190120173
297.40921343754457	31.263308994173205	297.40921343754457	17.698520994757782	307.4302753660157	17.698520994757782	307.4302753660157	31.263308994173205
298.821164172989	36.37355500481637	298.821164172989	24.914525559315223	306.01832463057127	24.914525559315223	306.01832463057127	36.37355500481637
R81	168.54602078632232	207.93356160778183	87.02628621502376	5
168.54602078632232	207.93356160778183	168.54602078632232	196.35305879598803	190.85719784483686	196.35305879598803	190.85719784483686	207.93356160778183	168.54602078632232	207.93356160778183
183.08013544051312	213.91967854200954	183.08013544051312	191.63291625781773	198.6342602491606	191.63291625781773	198.6342602491606	213.91967854200954
166.3574423219017	215.20980044480675	166.3574423219017	200.6573227707569	173.02004108780258	200.6573227707569	173.02004108780258	215.20980044480675
165.3068880019588	210.7756729333672	165.3068880019588	200.0366344224536	171.78515357068582	200.0366344224536	171.78515357068582	210.7756729333672
162.42493103106668	217.2646787951451	162.42493103106668	198.60244442041855	180.34287158116658	198.60244442041855	180.34287158116658	217.2646787951451
R80	461.09737534593575	188.57504605490575	85.27900394092977	5
461.09737534593575	188.57504605490575	461.09737534593575	169.27666014574854	482.27031098407207	169.27666014574854	482.27031098407207	188.57504605490575	461.09737534593575	188.57504605490575
450.5925818187478	183.488601620002	450.5925818187478	160.00897837776756	471.60216887312356	160.00897837776756	471.60216887312356	183.488601620002
463.7186820522016	175.92351647963287	463.7186820522016	162.6298038118642	474.0989394672442	162.6298038118642	474.0989394672442	175.92351647963287
479.6452373662153	190.35480594428225	479.6452373662153	165.98102512555153	484.8953846019288	165.98102512555153	484.8953846019288	190.35480594428225
474.03887437697966	198.4369201106825	474.03887437697966	178.713171999129	481.3755361357145	178.713171999129	481.3755361357145	198.4369201106825
R79	217.35868087770444	141.45669192120963	122.5273899324913	5
217.35868087770444	141.45669192120963	217.35868087770444	123.87999202228835	223.16182079690975	123.87999202228835	223.16182079690975	141.45669192120963	217.35868087770444	141.45669192120963
210.00490794309422	136.08399696366158	210.00490794309422	119.9816857557823	224.71245381231466	119.9816857557823	224.71245381231466	136.08399696366158
217.08976484049498	133.69163962814255	217.08976484049498	126.03846124754025	229.23387675332452	126.03846124754025	229.23387675332452	133.69163962814255
213.69458930537243	136.02065812596217	213.69458930537243	115.90735938753795	221.02277245003646	115.90735938753795	221.02277245003646	136.02065812596217
212.43642098477196	147.84386663084442	212.43642098477196	135.06951721157483	232.29561645916093	135.06951721157483	232.29561645916093	147.84386663084442
R78	147.71282557970002	381.88966225510336	79.39238832995825	5
147.71282557970002	381.88966225510336	147.71282557970002	364.43719088534493	172.42007581228225	364.43719088534493	172.42007581228225	381.88966225510336	147.71282557970002	381.88966225510336
158.45398821352467	369.2656343688455	158.45398821352467	359.60874740184437	175.27361806672468	359.60874740184437	175.27361806672468	369.2656343688455
162.82506245579975	379.92787655653655	162.82506245579975	363.48389844560967	182.0150891687647	363.48389844560967	182.0150891687647	379.92787655653655
138.63448807038478	389.7089679111508	138.63448807038478	369.3295535556473	156.79116308901527	369.3295535556473	156.79116308901527	389.7089679111508
138.40571617132306	384.81647151365746	138.40571617132306	362.5937257653759	157.01993498807698	362.5937257653759	157.01993498807698	384.81647151365746
R77	34.514398581390196	210.25780577550026	118.958263806586	5
34.514398581390196	210.25780577550026	34.514398581390196	194.76528937970662	50.91470542983086	194.76528937970662	50.91470542983086	210.25780577550026	34.514398581390196	210.25780577550026
41.03227315842592	212.31419741522575	41.03227315842592	189.35973693226885	60.7971377012358	189.35973693226885	60.7971377012358	212.31419741522575
34.77005134953314	218.8542189694928	34.77005134953314	201.66139258150773	51.590976562252614	201.66139258150773	51.590976562252614	218.8542189694928
45.85535058781394	206.86039238798796	45.85535058781394	197.40040151464635	55.97406027184778	197.40040151464635	55.97406027184778	206.86039238798796
32.493348061593196	199.4583225958982	32.493348061593196	190.07225616351502	56.79482930340555	190.07225616351502	56.79482930340555	199.4583225958982
R76	387.77843436264715	277.02096884893706	74.51593508358113	5
387.77843436264715	277.02096884893706	387.77843436264715	268.8275032569218	399.02191213267844	268.8275032569218	399.02191213267844	277.02096884893706	387.77843436264715	277.02096884893706
382.2502675320416	286.803478624262	382.2502675320416	267.2384590736121	403.8541033191793	267.2384590736121	403.8541033191793	286.803478624262
392.55963048913037	289.1415926079351	392.55963048913037	264.90034508993904	403.4572666441042	264.90034508993904	403.4572666441042	289.1415926079351
382.1033099235823	285.3613785951596	382.1033099235823	262.3108213320019	393.4535588017121	262.3108213320019	393.4535588017121	285.3613785951596
389.2037194526541	274.80174282224357	389.2037194526541	262.8532636916	398.9469157754528	262.8532636916	398.9469157754528	274.80174282224357
R75	435.5957935109191	205.3356132859894	97.96974938502022	5
435.5957935109191	205.3356132859894	435.5957935109191	187.62569979034814	447.0795248020417	187.62569979034814	447.0795248020417	205.3356132859894	435.5957935109191	205.3356132859894
441.0740350619332	214.74612494691013	441.0740350619332	190.77574214242185	453.0850145421502	190.77574214242185	453.0850145421502	214.74612494691013
434.8262930380359	198.5881477425465	434.8262930380359	176.6632518381497	457.1091545350925	176.6632518381497	457.1091545350925	198.5881477425465
441.63835545775987	201.56695363756378	441.63835545775987	189.3178940041096	452.5206941463234	189.3178940041096	452.5206941463234	201.56695363756378
433.9914991169611	198.7496677515566	433.9914991169611	176.5017318291397	454.13005797059066	176.5017318291397	454.13005797059066	198.7496677515566
R74	464.27504175730843	166.2925054872095	132.42350206865734	5
464.27504175730843	166.2925054872095	464.27504175730843	147.38181276673413	483.7716755214623	147.38181276673413	483.7716755214623	166.2925054872095	464.27504175730843	166.2925054872095
471.0355574189347	151.5919533185102	471.0355574189347	143.17167221495805	491.8605546215191	143.17167221495805	491.8605546215191	151.5919533185102
456.7067042625262	177.7080064209624	456.7067042625262	154.8770045534566	479.94497671442554	154.8770045534566	479.94497671442554	177.7080064209624
478.7159516641012	153.4030058987578	478.7159516641012	141.39926881502427	488.82739937882343	141.39926881502427	488.82739937882343	153.4030058987578
479.26098255461204	163.63697822852836	479.26098255461204	149.2459391568345	488.2823684883126	149.2459391568345	488.2823684883126	163.63697822852836
R73	353.2109650527895	281.7716298990072	73.61858454904518	5
353.2109650527895	281.7716298990072	353.2109650527895	264.00835656771864	377.4432377809009	264.00835656771864	377.4432377809009	281.7716298990072	353.2109650527895	281.7716298990072
367.8545392674096	280.91374608000325	367.8545392674096	260.42218698167216	387.0319362943922	260.42218698167216	387.0319362943922	280.91374608000325
365.05389976615646	292.33860145531673	365.05389976615646	271.2046583426977	370.82862765621263	271.2046583426977	370.82862765621263	292.33860145531673
356.52759401597905	293.77869159080734	356.52759401597905	269.7645682072071	367.12552304948144	269.7645682072071	367.12552304948144	293.77869159080734
344.8260577468186	286.8696475252476	344.8260577468186	276.67361227276683	364.74694141999544	276.67361227276683	364.74694141999544	286.8696475252476
R72	19.47953136531578	469.9143006279352	126.20350160778717	5
19.47953136531578	469.9143006279352	19.47953136531578	458.86801333872177	35.34383542033869	458.86801333872177	35.34383542033869	469.9143006279352	19.47953136531578	469.9143006279352
20.875588088313236	480.589553960328	20.875588088313236	459.2390472955424	44.07474504332423	459.2390472955424	44.07474504332423	480.589553960328
13.501721206318063	470.28868956859293	13.501721206318063	459.279747275018	25.457341524313495	459.279747275018	25.457341524313495	470.28868956859293
31.24753251009858	479.21113327240795	31.24753251009858	455.1259610303352	39.440138330578804	455.1259610303352	39.440138330578804	479.21113327240795
23.48106633150256	475.80611935106725	23.48106633150256	461.842186033244	47.206604509174824	461.842186033244	47.206604509174824	475.80611935106725
R71	27.15953962804954	78.21249006334807	93.47629744489664	5
27.15953962804954	78.21249006334807	27.15953962804954	60.822311648161104	45.80166617038847	60.822311648161104	45.80166617038847	78.21249006334807	27.15953962804954	78.21249006334807
26.901747400550157	90.57164606839554	26.901747400550157	65.8533340583006	37.207263004635784	65.8533340583006	37.207263004635784	90.57164606839554
19.082867221398843	75.17014336259766	19.082867221398843	55.04625611807743	35.23621203470024	55.04625611807743	35.23621203470024	75.17014336259766
15.619817530226204	90.17974426448819	15.619817530226204	66.24523586220795	39.11130307409435	66.24523586220795	39.11130307409435	90.17974426448819
34.92659949763056	81.11226079532584	34.92659949763056	75.03451294767812	56.67673284314638	75.03451294767812	56.67673284314638	81.11226079532584
R70	176.38075415149916	469.21526535743	76.19592016510492	5
176.38075415149916	469.21526535743	176.38075415149916	459.5692897211625	188.32693169519905	459.5692897211625	188.32693169519905	469.21526535743	176.38075415149916	469.21526535743
175.7359333576456	462.839109361818	175.7359333576456	456.299470080507	193.79482156520072	456.299470080507	193.79482156520072	462.839109361818
174.41444129467	463.67392822572276	174.41444129467	455.4646512166022	183.6733362347708	455.4646512166022	183.6733362347708	463.67392822572276
167.25929198655223	477.94166711666134	167.25929198655223	460.48886359819863	185.87788682019425	460.48886359819863	185.87788682019425	477.94166711666134
164.12780812633065	462.7247196787154	164.12780812633065	457.2948534384672	188.63370017666767	457.2948534384672	188.63370017666767	462.7247196787154
R69	187.09864348533551	443.8524730570221	126.52801922121412	5
187.09864348533551	443.8524730570221	187.09864348533551	425.27027862481344	196.64500102104125	425.27027862481344	196.64500102104125	443.8524730570221	187.09864348533551	443.8524730570221
188.8400484726643	435.0534424107812	188.8400484726643	419.69910651845527	204.4499535694182	419.69910651845527	204.4499535694182	435.0534424107812
184.36657666355592	435.62342523490435	184.36657666355592	414.91713201472265	199.21115739088708	414.91713201472265	199.21115739088708	435.62342523490435
181.93017247064296	445.12558260490016	181.93017247064296	423.7083053425906	192.26711450002807	423.7083053425906	192.26711450002807	445.12558260490016
179.01177275832094	431.88682982078	179.01177275832094	421.20928585400316	195.18551421235009	421.20928585400316	195.18551421235009	431.88682982078
R68	372.59562664882236	57.375611761065336	133.4821347789016	5
372.59562664882236	57.375611761065336	372.59562664882236	39.46575377243686	379.65920326596387	39.46575377243686	379.65920326596387	57.375611761065336	372.59562664882236	57.375611761065336
363.7373380066465	53.884937462134324	363.7373380066465	40.51267906885301	381.4539152909982	40.51267906885301	381.4539152909982	53.884937462134324
376.01926630333554	48.47929669880544	376.01926630333554	40.98629942209068	383.2991402285922	40.98629942209068	383.2991402285922	48.47929669880544
374.91540097814993	62.055477154394154	374.91540097814993	41.39715394279338	384.4030055537779	41.39715394279338	384.4030055537779	62.055477154394154
372.26884988025057	60.08076647648934	372.26884988025057	49.75424519327324	387.04955665167716	49.75424519327324	387.04955665167716	60.08076647648934
R67	447.7089539112711	292.9158656090396	71.43176723320855	5
447.7089539112711	292.9158656090396	447.7089539112711	272.28021488627854	455.3433832594301	272.28021488627854	455.3433832594301	292.9158656090396	447.7089539112711	292.9158656090396
443.45161062797314	302.04148008521963	443.45161062797314	283.79025113285957	454.79319843586865	283.79025113285957	454.79319843586865	302.04148008521963
444.44319365986627	299.8104113663647	444.44319365986627	283.12176087913764	466.2435728589939	283.12176087913764	466.2435728589939	299.8104113663647
439.3304836514582	291.046132720979	439.3304836514582	283.366871560699	456.087424171084	283.366871560699	456.087424171084	291.046132720979
441.91756489909767	278.10159744884	441.91756489909767	266.458832323717	459.9969919782948	266.458832323717	459.9969919782948	278.10159744884
R66	276.7850882355875	157.65931670530938	70.51254480004813	5
276.7850882355875	157.65931670530938	276.7850882355875	140.91612846776115	292.5640782673853	140.91612846776115	292.5640782673853	157.65931670530938	276.7850882355875	157.65931670530938
264.37123597948454	159.84880421322077	264.37123597948454	144.27069115099118	289.1989404916905	144.27069115099118	289.1989404916905	159.84880421322077
273.5201246172528	155.36193875801484	273.5201246172528	141.8257772574418	280.05005185392224	141.8257772574418	280.05005185392224	155.36193875801484
275.31053857551194	161.0239215755506	275.31053857551194	154.29471183506817	300.0824640281911	154.29471183506817	300.0824640281911	161.0239215755506
288.61390764456183	150.11229901902584	288.61390764456183	131.71995791649647	293.7447030486856	131.71995791649647	293.7447030486856	150.11229901902584
R65	306.36069117149736	86.6393863237607	119.56452873150968	5
306.36069117149736	86.6393863237607	306.36069117149736	64.43696488730808	315.83242810300624	64.43696488730808	315.83242810300624	86.6393863237607	306.36069117149736	86.6393863237607
304.6529416770963	92.66589846505522	304.6529416770963	80.61287418246619	314.3042638453422	80.61287418246619	314.3042638453422	92.66589846505522
304.36383912996575	71.61829338783451	304.36383912996575	57.25563638678164	310.81963322070385	57.25563638678164	310.81963322070385	71.61829338783451
298.09888424554026	92.21279653238001	298.09888424554026	79.88370450987632	314.62249809745447	79.88370450987632	314.62249809745447	92.21279653238001
304.0375643969503	69.90028310469846	304.0375643969503	62.49088077173586	327.62729180906217	62.49088077173586	327.62729180906217	69.90028310469846
R64	367.57014457860373	289.14646234991363	110.30857695275192	5
367.57014457860373	289.14646234991363	367.57014457860373	279.8393055813263	387.9857456819475	279.8393055813263	387.9857456819475	289.14646234991363	367.57014457860373	289.14646234991363
375.6086828155379	297.66170400007087	375.6086828155379	278.28505111049475	400.36280854835707	278.28505111049475	400.36280854835707	297.66170400007087
366.7916529157852	282.6483942347698	366.7916529157852	277.0302169278828	376.1487013120561	277.0302169278828	376.1487013120561	282.6483942347698
362.5107807517305	290.4791938322187	362.5107807517305	278.2284377699111	372.62950840547694	278.2284377699111	372.62950840547694	290.4791938322187
370.06255987994456	286.83546096073064	370.06255987994456	272.84315020192196	382.75661187234476	272.84315020192196	382.75661187234476	286.83546096073064
R63	253.27965072209162	432.7546424035125	73.58933103355413	5
253.27965072209162	432.7546424035125	253.27965072209162	424.41393445115415	265.7987874356558	424.41393445115415	265.7987874356558	432.7546424035125	253.27965072209162	432.7546424035125
254.32290253609924	442.17500243909393	254.32290253609924	423.33428236793117	267.7757836927016	423.33428236793117	267.7757836927016	442.17500243909393
245.9316268089751	441.7508915100974	245.9316268089751	423.7583932969277	269.61764537288946	423.7583932969277	269.61764537288946	441.7508915100974
245.88329315645294	445.2292582561272	245.88329315645294	420.2800265508977	265.7426594040248	420.2800265508977	265.7426594040248	445.2292582561272
259.8205234064998	435.836147763868	259.8205234064998	419.7082694808396	271.77705146481173	419.7082694808396	271.77705146481173	435.836147763868
R62	94.94788011919331	229.96575558579164	93.55351159730155	5
94.94788011919331	229.96575558579164	94.94788011919331	219.39608579590325	103.52470205057594	219.39608579590325	103.52470205057594	229.96575558579164	94.94788011919331	229.96575558579164
92.06102614889762	234.34349233464573	92.06102614889762	217.72193392105046	114.98837795225425	217.72193392105046	114.98837795225425	234.34349233464573
87.63877663275801	232.77079475291396	87.63877663275801	227.16071641866932	106.04166448070603	227.16071641866932	106.04166448070603	232.77079475291396
91.69927960395923	235.8570568212577	91.69927960395923	214.40895508008634	115.35012449719265	214.40895508008634	115.35012449719265	235.8570568212577
96.25178183358175	223.16795405335978	96.25178183358175	215.62421753844666	101.8117680570226	215.62421753844666	101.8117680570226	223.16795405335978
R61	14.213206251962616	352.47051197715865	69.53717574483619	5
14.213206251962616	352.47051197715865	14.213206251962616	329.90469417964704	29.36568547292321	329.90469417964704	29.36568547292321	352.47051197715865	14.213206251962616	352.47051197715865
7.833840962573348	339.7931006133617	7.833840962573348	320.0162877459324	24.120176525509372	320.0162877459324	24.120176525509372	339.7931006133617
14.17219236476131	362.6220766833111	14.17219236476131	342.3189472710062	28.935608014135234	342.3189472710062	28.935608014135234	362.6220766833111
13.540097490693645	340.7436971985162	13.540097490693645	319.0656911607779	20.277752347433385	319.0656911607779	20.277752347433385	340.7436971985162
7.985408947854763	349.2542277380336	7.985408947854763	339.6653990196535	20.441003556070463	339.6653990196535	20.441003556070463	349.2542277380336
R60	164.20746687116088	298.02686474740943	79.20037557635953	5
164.20746687116088	298.02686474740943	164.20746687116088	276.1707327341972	179.87329069551276	276.1707327341972	179.87329069551276	298.02686474740943	164.20746687116088	298.02686474740943
160.60155069923655	298.28153446885864	160.60155069923655	275.33626080180824	167.8133830430852	275.33626080180824	167.8133830430852	298.28153446885864
158.56924199870727	303.5082706611052	158.56924199870727	292.54545883371367	178.62902302956658	292.54545883371367	178.62902302956658	303.5082706611052
173.9895142635991	300.47135460912807	173.9895142635991	285.2030895178675	185.75706712742644	285.2030895178675	185.75706712742644	300.47135460912807
158.51402855196372	303.99787918750496	158.51402855196372	292.0558503073139	170.67828105409578	292.0558503073139	170.67828105409578	303.99787918750496
R59	415.59632378935817	64.9555676676327	99.81689746706962	5
415.59632378935817	64.9555676676327	415.59632378935817	41.05461985540522	437.2784619895732	41.05461985540522	437.2784619895732	64.9555676676327	415.59632378935817	64.9555676676327
433.687795412731	63.679345534964426	433.687795412731	47.92951878540816	440.8691285664154	47.92951878540816	440.8691285664154	63.679345534964426
420.6689316003218	50.038898478375835	420.6689316003218	32.07034123243461	433.98348376914475	32.07034123243461	433.98348376914475	50.038898478375835
426.5699876987023	73.35138430638374	426.5699876987023	56.559751028881706	431.75375877838525	56.559751028881706	431.75375877838525	73.35138430638374
429.13790984854325	47.56114769752172	429.13790984854325	35.412263524718256	445.41901413060316	35.412263524718256	445.41901413060316	47.56114769752172
R58	22.34618994531575	259.2528991900579	79.28072272944225	5
22.34618994531575	259.2528991900579	22.34618994531575	248.85267097267257	34.75125774425129	248.85267097267257	34.75125774425129	259.2528991900579	22.34618994531575	259.2528991900579
17.88300416952149	259.3044390362355	17.88300416952149	238.4009029091096	33.15123985431442	238.4009029091096	33.15123985431442	259.3044390362355
21.020340013340515	255.2004280159461	21.020340013340515	242.50491392939898	33.94812250106281	242.50491392939898	33.94812250106281	255.2004280159461
27.09781202738735	251.58375747785772	27.09781202738735	246.12158446748742	37.04316604971082	246.12158446748742	37.04316604971082	251.58375747785772
14.504598309124969	269.1240862293903	14.504598309124969	245.13760288433866	30.18778158150653	245.13760288433866	30.18778158150653	269.1240862293903
R57	392.2176122044594	29.320560769944287	118.79921947789717	5
392.2176122044594	29.320560769944287	392.2176122044594	20.39259516815227	404.5901573821637	20.39259516815227	404.5901573821637	29.320560769944287	392.2176122044594	29.320560769944287
394.3299658931914	35.81058002350803	394.3299658931914	22.79173417859559	414.85034887113596	22.79173417859559	414.85034887113596	35.81058002350803
385.21275315515936	35.370620683067	385.21275315515936	23.27050085682157	401.4899814162957	23.27050085682157	401.4899814162957	35.370620683067
393.8031003335331	30.035723723250698	393.8031003335331	10.749466613053839	408.3787219981103	10.749466613053839	408.3787219981103	30.035723723250698
397.87006900452616	37.23785867867802	397.87006900452616	12.581408681101122	411.3102457598012	12.581408681101122	411.3102457598012	37.23785867867802
R56	356.98543705043704	423.3128082145912	104.86031269977435	5
356.98543705043704	423.3128082145912	356.98543705043704	409.41810452042967	374.341273396512	409.41810452042967	374.341273396512	423.3128082145912	356.98543705043704	423.3128082145912
353.52707200975823	426.15316987442964	353.52707200975823	418.03326075037876	360.44380209111586	418.03326075037876	360.44380209111586	426.15316987442964
346.34958955983126	427.39848607113527	346.34958955983126	409.01469054316647	367.6212845410428	409.01469054316647	367.6212845410428	427.39848607113527
352.71605969976144	423.8334375369323	352.71605969976144	410.166743966797	361.25481440111275	410.166743966797	361.25481440111275	423.8334375369323
366.26082021881007	428.71583866060035	366.26082021881007	417.90977776858205	379.6891384594288	417.90977776858205	379.6891384594288	428.71583866060035
R55	67.38528255412038	54.100742522241006	105.13821770355432	5
67.38528255412038	54.100742522241006	67.38528255412038	35.26255324772259	85.8469988996666	35.26255324772259	85.8469988996666	54.100742522241006	67.38528255412038	54.100742522241006
80.39593215482417	46.02694252368372	80.39593215482417	32.1688979829133	91.29806564450904	32.1688979829133	91.29806564450904	46.02694252368372
59.35082339130534	42.12993759704342	59.35082339130534	28.39516889840176	79.20833097039508	28.39516889840176	79.20833097039508	42.12993759704342
78.87474425778886	46.404155312286846	78.87474425778886	31.944177674227024	92.81925354154437	31.944177674227024	92.81925354154437	46.404155312286846
76.70430232785525	41.951297671186886	76.70430232785525	28.573808824258304	91.35170708819841	28.573808824258304	91.35170708819841	41.951297671186886
R54	317.7867647724722	246.85379694223505	101.52394452144817	5
317.7867647724722	246.85379694223505	317.7867647724722	236.81165187562308	332.2245291498882	236.81165187562308	332.2245291498882	246.85379694223505	317.7867647724722	246.85379694223505
321.47439649983215	243.43947469917097	321.47439649983215	233.00916246110577	342.9746617999443	233.00916246110577	342.9746617999443	243.43947469917097
320.32525955019054	246.88566165589046	320.32525955019054	226.73764209535565	333.8033621093552	226.73764209535565	333.8033621093552	246.88566165589046
320.4340041277828	248.65168684153815	320.4340041277828	233.16502054495663	344.0150541719936	233.16502054495663	344.0150541719936	248.65168684153815
321.6040608228718	248.74624208397108	321.6040608228718	227.46107171454332	342.8449974769046	227.46107171454332	342.8449974769046	248.74624208397108
R53	45.59319433763176	464.2383748823877	136.39774528928834	5
45.59319433763176	464.2383748823877	45.59319433763176	452.75520494586976	67.77398250229061	452.75520494586976	67.77398250229061	464.2383748823877	45.59319433763176	464.2383748823877
44.54632627420475	458.8558151717315	44.54632627420475	446.65459472000805	57.550981489014596	446.65459472000805	57.550981489014596	458.8558151717315
57.53060693385202	465.07731789115155	57.53060693385202	450.7539667082374	78.0173580707292	450.7539667082374	78.0173580707292	465.07731789115155
43.07426141083149	469.48581580574006	43.07426141083149	458.9909339590353	58.350176681454165	458.9909339590353	58.350176681454165	469.48581580574006
56.66942286638209	464.7158552237653	56.66942286638209	440.79455466797424	74.88880941768244	440.79455466797424	74.88880941768244	464.7158552237653
R52	290.36786207297587	174.23375958650166	112.00300408221433	5
290.36786207297587	174.23375958650166	290.36786207297587	163.12799721238758	305.8162329152841	163.12799721238758	305.8162329152841	174.23375958650166	290.36786207297587	174.23375958650166
281.99374928692356	173.1417738428921	281.99374928692356	153.11422058188307	302.24160297114173	153.11422058188307	302.24160297114173	173.1417738428921
303.06003270726484	170.38679863048333	303.06003270726484	162.74521232527934	308.57243312330337	162.74521232527934	308.57243312330337	170.38679863048333
284.07531084412443	176.44917065563897	284.07531084412443	166.8722366403398	296.6604133018273	166.8722366403398	296.6604133018273	176.44917065563897
280.81513682391113	174.3727217881353	280.81513682391113	151.88327263663987	303.70172558315863	151.88327263663987	303.70172558315863	174.3727217881353
R51	247.68688510043546	35.56510775288777	127.75047248904451	5
247.68688510043546	35.56510775288777	247.68688510043546	17.139636174120646	269.46043039415827	17.139636174120646	269.46043039415827	35.56510775288777	247.68688510043546	35.56510775288777
255.30636850567487	42.70826999357586	255.30636850567487	28.421945512199677	261.7550911043372	28.421945512199677	261.7550911043372	42.70826999357586
259.071107013266	41.43668665641715	259.071107013266	20.217797443880176	279.84975377505054	20.217797443880176	279.84975377505054	41.43668665641715
236.7817449279788	27.202651845160705	236.7817449279788	17.1635765066238	258.5920252728921	17.1635765066238	258.5920252728921	27.202651845160705
258.47580191784346	30.772979840489786	258.47580191784346	10.60667447017293	280.4450588704731	10.60667447017293	280.4450588704731	30.772979840489786
R50	352.7186051689195	35.75370657837499	100.47206778623541	5
352.7186051689195	35.75370657837499	352.7186051689195	12.293536538621609	360.30119529020664	12.293536538621609	360.30119529020664	35.75370657837499	352.7186051689195	35.75370657837499
350.8491296628708	45.056635651502084	350.8491296628708	26.450777505247892	364.4869806579737	26.450777505247892	364.4869806579737	45.056635651502084
351.660449040355	38.773312090656844	351.660449040355	32.73410106609313	361.03627595538916	32.73410106609313	361.03627595538916	38.773312090656844
352.629132687276	41.124742820806084	352.629132687276	29.400368943753584	367.97325789313726	29.400368943753584	367.97325789313726	41.124742820806084
348.07638221850254	28.691075312095037	348.07638221850254	7.599530247115807	372.5260083619107	7.599530247115807	372.5260083619107	28.691075312095037
R49	408.52955447753993	406.7843898451775	70.8577717464817	5
408.52955447753993	406.7843898451775	408.52955447753993	399.7949349321937	430.04550843460686	399.7949349321937	430.04550843460686	406.7843898451775	408.52955447753993	406.7843898451775
422.41962633587207	418.9343857714828	422.41962633587207	394.63439391887226	428.08072047576354	394.63439391887226	428.08072047576354	418.9343857714828
398.2864342732851	414.63385037198316	398.2864342732851	396.46898824917184	418.77267468179474	396.46898824917184	418.77267468179474	414.63385037198316
406.14897072719066	410.178747362549	406.14897072719066	403.39003232780595	417.4927549475534	403.39003232780595	417.4927549475534	410.178747362549
409.6819382253041	410.8773016834882	409.6819382253041	402.6914780068669	429.78315611191664	402.6914780068669	429.78315611191664	410.8773016834882
R48	304.1170178273812	73.39015693453787	77.19645397550356	5
304.1170178273812	73.39015693453787	304.1170178273812	61.24798783021391	310.0693204273727	61.24798783021391	310.0693204273727	73.39015693453787	304.1170178273812	73.39015693453787
297.2363984180041	73.93965306456522	297.2363984180041	68.4342484551446	310.99763723675824	68.4342484551446	310.99763723675824	73.93965306456522
300.83577087908765	75.76183937145359	300.83577087908765	56.73663197619846	307.3982647756747	56.73663197619846	307.3982647756747	75.76183937145359
300.2030897724637	80.0372131613897	300.2030897724637	66.10728529954133	319.9355510822817	66.10728529954133	319.9355510822817	80.0372131613897
303.20545360742705	76.79862319398562	303.20545360742705	67.0017274858448	316.93318724731836	67.0017274858448	316.93318724731836	76.79862319398562
R47	207.16810370650745	248.95393031962513	88.56782406376709	5
207.16810370650745	248.95393031962513	207.16810370650745	241.6418755941285	213.90379611333515	241.6418755941285	213.90379611333515	248.95393031962513	207.16810370650745	248.95393031962513
203.5408907972397	256.464966925804	203.5408907972397	241.4428937134462	218.27868518420556	241.4428937134462	218.27868518420556	256.464966925804
200.93861918745586	250.4203629526067	200.93861918745586	239.63687463119055	213.39758822555905	239.63687463119055	213.39758822555905	250.4203629526067
194.90353897690312	245.3041778652882	194.90353897690312	238.23414127791884	219.43266843611178	238.23414127791884	219.43266843611178	245.3041778652882
206.10335479296967	244.22880409219053	206.10335479296967	239.0549470960664	211.20842496024963	239.0549470960664	211.20842496024963	244.22880409219053
R46	366.5453743016	164.027605094152	75.30558643034944	5
366.5453743016	164.027605094152	366.5453743016	153.62607943361908	377.6512411093042	153.62607943361908	377.6512411093042	164.027605094152	366.5453743016	164.027605094152
371.8087884801134	160.7357158219993	371.8087884801134	149.87886538281867	383.4936937384951	149.87886538281867	383.4936937384951	160.7357158219993
370.3379191694762	172.41848918049948	370.3379191694762	155.6367210078045	376.8543383170038	155.6367210078045	376.8543383170038	172.41848918049948
371.39805746403096	159.57924064825337	371.39805746403096	151.08860490655653	383.9044247545774	151.08860490655653	383.9044247545774	159.57924064825337
365.3380107530677	163.8385416074482	365.3380107530677	145.06902899486474	389.96447146554067	145.06902899486474	389.96447146554067	163.8385416074482
R45	469.4991322623505	452.46811434369084	128.6572908193693	5
469.4991322623505	452.46811434369084	469.4991322623505	428.074548693419	493.33081372196455	428.074548693419	493.33081372196455	452.46811434369084	469.4991322623505	452.46811434369084
467.9362520245758	464.2031982922101	467.9362520245758	440.73303039517145	475.243646245629	440.73303039517145	475.243646245629	464.2031982922101
457.6992878608281	440.43202434435307	457.6992878608281	423.36801939705174	481.29897666387285	423.36801939705174	481.29897666387285	440.43202434435307
460.41097164791364	459.0891009014075	460.41097164791364	442.6677106908521	478.58729287678733	442.6677106908521	478.58729287678733	459.0891009014075
462.17376017396265	444.4808654387826	462.17376017396265	431.109994595247	476.8245043507383	431.109994595247	476.8245043507383	444.4808654387826
R44	488.6061336231394	60.19089577822056	132.684875176913	5
488.6061336231394	60.19089577822056	488.6061336231394	45.93914045604553	500.15378346539705	45.93914045604553	500.15378346539705	60.19089577822056	488.6061336231394	60.19089577822056
490.22333683966957	52.80207407953888	490.22333683966957	39.076206832552174	510.0382619452085	39.076206832552174	510.0382619452085	52.80207407953888
486.02474762544585	64.67951889238394	486.02474762544585	55.70227266405719	496.11330508007535	55.70227266405719	496.11330508007535	64.67951889238394
481.05373751427004	60.443292792645885	481.05373751427004	43.361628549070495	496.15852973200873	43.361628549070495	496.15852973200873	60.443292792645885
485.3292571661375	62.1570755707707	485.3292571661375	50.09931575361557	491.8830100801413	50.09931575361557	491.8830100801413	62.1570755707707
R43	123.4349722296185	471.5403716741746	79.03581041843402	5
123.4349722296185	471.5403716741746	123.4349722296185	456.39195200237975	128.72859001950613	456.39195200237975	128.72859001950613	471.5403716741746	123.4349722296185	471.5403716741746
117.7378254308226	467.7835570304476	117.7378254308226	456.23940512235595	129.1321190284144	456.23940512235595	129.1321190284144	467.7835570304476
113.2455434885861	482.96584711534615	113.2455434885861	460.11489623300304	134.0672536499441	460.11489623300304	134.0672536499441	482.96584711534615
116.95186585688289	476.4133463499278	116.95186585688289	465.2380769162115	140.50531418212935	465.2380769162115	140.50531418212935	476.4133463499278
116.9871739663354	474.8279631388367	116.9871739663354	455.838389651812	140.47000607267685	455.838389651812	140.47000607267685	474.8279631388367
R42	261.9379868821045	328.27769507319925	88.63273216058924	5
261.9379868821045	328.27769507319925	261.9379868821045	306.25679237178093	273.19554594364445	306.25679237178093	273.19554594364445	328.27769507319925	261.9379868821045	328.27769507319925
263.43243018893656	308.88562728225963	263.43243018893656	303.62795746130223	282.6922726588714	303.62795746130223	282.6922726588714	308.88562728225963
252.94107146280678	323.7101651978663	252.94107146280678	300.95572953648895	270.9349023014022	300.95572953648895	270.9349023014022	323.7101651978663
249.7129066773708	320.0222446362224	249.7129066773708	295.1839032829285	274.16306708683817	295.1839032829285	274.16306708683817	320.0222446362224
262.5900477126981	332.7877635665518	262.5900477126981	323.7676265798467	281.40452874810063	323.7676265798467	281.40452874810063	332.7877635665518
R41	66.56970483034401	366.18566888184995	92.39893671097708	5
66.56970483034401	366.18566888184995	66.56970483034401	355.72970011299725	86.2912067637743	355.72970011299725	86.2912067637743	366.18566888184995	66.56970483034401	366.18566888184995
76.65020607270661	370.52924062102477	76.65020607270661	358.8585278044842	95.93220745484199	358.8585278044842	95.93220745484199	370.52924062102477
59.58329153173392	377.35189216147427	59.58329153173392	355.01944560222563	81.5891165503393	355.01944560222563	81.5891165503393	377.35189216147427
61.906485780434664	363.2498708226709	61.906485780434664	348.2095294033236	71.59395094497303	348.2095294033236	71.59395094497303	363.2498708226709
63.25940139312156	363.8000504846751	63.25940139312156	347.6593497413194	83.57452017481396	347.6593497413194	83.57452017481396	363.8000504846751
R40	480.1318991801954	384.2908680470739	107.8003006006419	5
480.1318991801954	384.2908680470739	480.1318991801954	365.3885441062457	502.34247243365354	365.3885441062457	502.34247243365354	384.2908680470739	480.1318991801954	384.2908680470739
482.85185300825236	392.7016427613588	482.85185300825236	375.880093332789	495.04580470386594	375.880093332789	495.04580470386594	392.7016427613588
469.6277617742326	368.24797119485197	469.6277617742326	362.52911701763946	493.89592242492	362.52911701763946	493.89592242492	368.24797119485197
473.9422271466908	375.1076355788765	473.9422271466908	355.6694526336149	492.69137926688154	355.6694526336149	492.69137926688154	375.1076355788765
479.03184175197697	389.6663978596314	479.03184175197697	378.9153382345164	489.03681774357545	378.9153382345164	489.03681774357545	389.6663978596314
R39	416.34514539878046	361.7028990188554	137.62683951352787	5
416.34514539878046	361.7028990188554	416.34514539878046	339.4916316840563	423.19031891665554	339.4916316840563	423.19031891665554	361.7028990188554	416.34514539878046	361.7028990188554
412.00211009421076	353.1165946966378	412.00211009421076	335.66871740514966	434.3785277391003	335.66871740514966	434.3785277391003	353.1165946966378
417.21164821917125	354.7875173720671	417.21164821917125	331.2590411439138	429.16898961413983	331.2590411439138	429.16898961413983	354.7875173720671
416.93256874963697	349.8333721498627	416.93256874963697	329.1498912182499	428.59754230125964	329.1498912182499	428.59754230125964	349.8333721498627
418.3277627842182	365.43542070282314	418.3277627842182	349.67662700784814	428.0528750490929	349.67662700784814	428.0528750490929	365.43542070282314
R38	340.14704925003446	177.07091593282922	100.02012586539405	5
340.14704925003446	177.07091593282922	340.14704925003446	170.56545048723478	362.04332283242104	170.56545048723478	362.04332283242104	177.07091593282922	340.14704925003446	177.07091593282922
351.6648345143985	177.14315199800183	351.6648345143985	163.98774897646774	370.8854134620838	163.98774897646774	370.8854134620838	177.14315199800183
338.394005492234	184.03442721281243	338.394005492234	170.10740465284601	353.119504044004	170.10740465284601	353.119504044004	184.03442721281243
352.77264845229007	178.15691484997456	352.77264845229007	162.973986124495	361.06613275555316	162.973986124495	361.06613275555316	178.15691484997456
333.24456164298846	176.31877046667518	333.24456164298846	164.8121305077944	355.6521182724096	164.8121305077944	355.6521182724096	176.31877046667518
R37	132.71689366047855	65.65728614999455	83.70995656101235	5
132.71689366047855	65.65728614999455	132.71689366047855	50.28143535197082	150.2607324796178	50.28143535197082	150.2607324796178	65.65728614999455	132.71689366047855	65.65728614999455
144.72617565683368	60.5160635542269	144.72617565683368	41.22651799657805	155.7952893024019	41.22651799657805	155.7952893024019	60.5160635542269
121.0353371102583	66.98600847882103	121.0353371102583	48.20683996923741	144.3984502106988	48.20683996923741	144.3984502106988	66.98600847882103
122.83796953319737	73.81318580651724	122.83796953319737	57.501386493471855	146.7709710758447	57.501386493471855	146.7709710758447	73.81318580651724
124.34136535931384	75.42127707300484	124.34136535931384	55.89329522698425	143.38994108203565	55.89329522698425	143.38994108203565	75.42127707300484
R36	216.22695671736753	489.02841789402584	98.02604792741384	5
216.22695671736753	489.02841789402584	216.22695671736753	471.6217698393427	232.06533222155585	471.6217698393427	232.06533222155585	489.02841789402584	216.22695671736753	489.02841789402584
215.71652754173877	476.87690273605676	215.71652754173877	466.3666369426286	237.45188962716335	466.3666369426286	237.45188962716335	476.87690273605676
211.01952763641458	485.6180826900988	211.01952763641458	460.7433348941443	221.43438579832048	460.7433348941443	221.43438579832048	485.6180826900988
217.63558901740998	500.0687031442436	217.63558901740998	477.98813264380806	228.89628195547823	477.98813264380806	228.89628195547823	500.0687031442436
205.5344252301606	481.9205131166891	205.5344252301606	466.79004313532425	226.91948820457446	466.79004313532425	226.91948820457446	481.9205131166891
R35	483.320345454608	372.36283186805707	107.14264560773823	5
483.320345454608	372.36283186805707	483.320345454608	367.3343118886897	502.1859501054583	367.3343118886897	502.1859501054583	372.36283186805707	483.320345454608	372.36283186805707
473.52003772009067	374.12149499548696	473.52003772009067	369.0514747305399	493.12065318912533	369.0514747305399	493.12065318912533	374.12149499548696
489.0472481401827	377.45085084668784	489.0472481401827	357.2177729306915	511.7958191148212	357.2177729306915	511.7958191148212	377.45085084668784
480.5432114435964	375.9616505937166	480.5432114435964	358.7069731836626	499.1429988921449	358.7069731836626	499.1429988921449	375.9616505937166
497.0489208675846	378.43356060364374	497.0489208675846	359.62579663499173	507.32297934333184	359.62579663499173	507.32297934333184	378.43356060364374
R34	106.3153884162963	304.3764127014438	77.65554876830177	5
106.3153884162963	304.3764127014438	106.3153884162963	289.6765661833214	111.42964768192441	289.6765661833214	111.42964768192441	304.3764127014438	106.3153884162963	304.3764127014438
101.67062191926688	302.3084418658002	101.67062191926688	282.51360043814725	110.96015491332572	282.51360043814725	110.96015491332572	302.3084418658002
100.99695119901658	297.4192675309788	100.99695119901658	281.93386483566405	117.07429679138129	281.93386483566405	117.07429679138129	297.4192675309788
104.1721908601653	303.7950006781243	104.1721908601653	283.8676153892484	118.68710450368349	283.8676153892484	118.68710450368349	303.7950006781243
101.76770802329764	312.6161131990806	101.76770802329764	296.13671220380706	111.54309519126542	296.13671220380706	111.54309519126542	312.6161131990806
R33	471.13667096591985	424.86475327822586	98.9630536644495	5
471.13667096591985	424.86475327822586	471.13667096591985	406.4486337146458	495.1836794198963	406.4486337146458	495.1836794198963	424.86475327822586	471.13667096591985	424.86475327822586
463.1748302274395	419.9314652940553	463.1748302274395	414.1629250930636	479.0985117044002	414.1629250930636	479.0985117044002	419.9314652940553
460.41929386535764	421.45235466591333	460.41929386535764	401.11688821809076	481.85404806648205	401.11688821809076	481.85404806648205	421.45235466591333
489.78312458534157	417.7215310639634	489.78312458534157	395.17573636532813	498.5186846241091	395.17573636532813	498.5186846241091	417.7215310639634
479.5454881431635	434.14414808819197	479.5454881431635	415.58535846825964	496.48291615877594	415.58535846825964	496.48291615877594	434.14414808819197
R32	170.97245190034894	414.8628580075235	116.8280788972334	5
170.97245190034894	414.8628580075235	170.97245190034894	398.31538657454416	189.8469541667782	398.31538657454416	189.8469541667782	414.8628580075235	170.97245190034894	414.8628580075235
183.87035446926916	414.499896397369	183.87035446926916	399.7798612952667	195.82355386428725	399.7798612952667	195.82355386428725	414.499896397369
164.17085612922241	411.9761094404598	164.17085612922241	406.8779011700972	177.77404767147547	406.8779011700972	177.77404767147547	411.9761094404598
168.58454230654942	407.01036874242345	168.58454230654942	389.6204044066649	187.99220556667743	389.6204044066649	187.99220556667743	407.01036874242345
180.50731909535514	402.2400495304695	180.50731909535514	394.39072361861884	187.79332327629342	394.39072361861884	187.79332327629342	402.2400495304695
R31	494.65886913889483	184.42186551291098	116.3923624715084	5
494.65886913889483	184.42186551291098	494.65886913889483	162.4175443972789	502.1914178978808	162.4175443972789	502.1914178978808	184.42186551291098	494.65886913889483	184.42186551291098
493.90812395757155	173.20332825048771	493.90812395757155	167.08952013289493	510.47471183819005	167.08952013289493	510.47471183819005	173.20332825048771
494.43797346510655	193.08015754887379	494.43797346510655	175.76357347694818	505.9333163534287	175.76357347694818	505.9333163534287	193.08015754887379
493.8547584881435	184.3305051983716	493.8547584881435	167.82534194540943	510.5280773076181	167.82534194540943	510.5280773076181	184.3305051983716
499.18321789241185	166.44986216385695	499.18321789241185	160.18122262273346	505.19961790334975	160.18122262273346	505.19961790334975	166.44986216385695
R30	464.79054310843503	43.00304651919737	130.02888416015188	5
464.79054310843503	43.00304651919737	464.79054310843503	37.27189586140048	476.65295192206315	37.27189586140048	476.65295192206315	43.00304651919737	464.79054310843503	43.00304651919737
463.6277608393963	49.743636761383975	463.6277608393963	24.800154961416986	481.3063857819458	24.800154961416986	481.3063857819458	49.743636761383975
466.4085610813073	53.34641201448795	466.4085610813073	29.889898210220625	486.897342762819	29.889898210220625	486.897342762819	53.34641201448795
461.04809008847997	45.31551904791858	461.04809008847997	29.228272674882383	473.62671010496024	29.228272674882383	473.62671010496024	45.31551904791858
462.96392220323435	42.47237563060719	462.96392220323435	32.07141609219377	477.852425401048	32.07141609219377	477.852425401048	42.47237563060719
R29	30.55779232682255	207.48900935984963	128.09358466628368	5
30.55779232682255	207.48900935984963	30.55779232682255	193.96060616855047	55.552011625613844	193.96060616855047	55.552011625613844	207.48900935984963	30.55779232682255	207.48900935984963
29.364320984372704	204.0748687626978	29.364320984372704	183.84634357440314	35.86072762394692	183.84634357440314	35.86072762394692	204.0748687626978
27.20094875249078	199.05351928026502	27.20094875249078	193.37356851558494	33.91463590115432	193.37356851558494	33.91463590115432	199.05351928026502
44.93977048169262	201.62118438058067	44.93977048169262	186.30002795652027	52.24938755019849	186.30002795652027	52.24938755019849	201.62118438058067
28.01916669740931	210.42781331966282	28.01916669740931	204.55020540003645	52.8442371711923	204.55020540003645	52.8442371711923	210.42781331966282
R28	170.31044382472393	182.81200082480876	129.78480173741391	5
170.31044382472393	182.81200082480876	170.31044382472393	158.60949181141194	177.24398586132028	158.60949181141194	177.24398586132028	182.81200082480876	170.31044382472393	182.81200082480876
164.89420056220305	189.91904145058675	164.89420056220305	175.70496019903078	179.5577114471577	175.70496019903078	179.5577114471577	189.91904145058675
163.6635993764452	181.30459761325085	163.6635993764452	157.6085176387861	176.95728827300266	157.6085176387861	176.95728827300266	181.30459761325085
165.3611462259102	168.44576624580358	165.3611462259102	148.7732173770203	187.11755238029116	148.7732173770203	187.11755238029116	168.44576624580358
165.13742617461398	170.03272424044198	165.13742617461398	159.4471047040005	189.3505455480266	159.4471047040005	189.3505455480266	170.03272424044198
R27	98.84813149005691	500.19949673434587	126.05442571191335	5
98.84813149005691	500.19949673434587	98.84813149005691	481.15546312593005	117.19916783172056	481.15546312593005	117.19916783172056	500.19949673434587	98.84813149005691	500.19949673434587
86.85698738842687	501.2658951039748	86.85698738842687	488.9919734378617	110.83927559168696	488.9919734378617	110.83927559168696	501.2658951039748
97.77965810528403	506.04481560208967	97.77965810528403	494.3541778666021	106.31949703973211	494.3541778666021	106.31949703973211	506.04481560208967
95.64546095480385	495.4831446927053	95.64546095480385	476.8506020333192	102.05080202530998	476.8506020333192	102.05080202530998	495.4831446927053
105.05457856131562	508.55173850101266	105.05457856131562	491.8472549676791	117.96302417776121	491.8472549676791	117.96302417776121	508.55173850101266
R26	64.43724945154943	438.0369170595864	74.88000290581581	5
64.43724945154943	438.0369170595864	64.43724945154943	425.4029645310491	87.01250562614223	425.4029645310491	87.01250562614223	438.0369170595864	64.43724945154943	438.0369170595864
65.74674865836106	437.16122743008185	65.74674865836106	413.6447016320164	84.46102556462411	413.6447016320164	84.46102556462411	437.16122743008185
78.96365386400805	446.3899290577234	78.96365386400805	426.05657088144835	95.0613573882764	426.05657088144835	95.0613573882764	446.3899290577234
60.67813071812345	429.3607630143708	60.67813071812345	421.44516604772747	77.23750015455192	421.44516604772747	77.23750015455192	429.3607630143708
81.04087339014463	447.25113231327634	81.04087339014463	425.6801215808499	92.98413786213983	425.6801215808499	92.98413786213983	447.25113231327634
R25	160.55441439553374	460.34753495460944	80.02289198925682	5
160.55441439553374	460.34753495460944	160.55441439553374	445.369484652091	166.34298794476945	445.369484652091	166.34298794476945	460.34753495460944	160.55441439553374	460.34753495460944
158.9259210591918	456.41662741689873	158.9259210591918	434.32234188728324	169.38466389612643	434.32234188728324	169.38466389612643	456.41662741689873
152.03062197439448	459.62657716616985	152.03062197439448	445.76303052753457	169.078206816673	445.76303052753457	169.078206816673	459.62657716616985
148.61116729806002	462.5890536150432	148.61116729806002	456.47854017859913	172.49766149300746	456.47854017859913	172.49766149300746	462.5890536150432
156.8744999672232	461.1981879432357	156.8744999672232	443.82585846386297	175.8114759223157	443.82585846386297	175.8114759223157	461.1981879432357
R24	107.35647146117712	167.88959229160022	107.10896886637056	5
107.35647146117712	167.88959229160022	107.35647146117712	152.92014608803575	112.78269741976531	152.92014608803575	112.78269741976531	167.88959229160022	107.35647146117712	167.88959229160022
104.55179939689043	163.49923978378786	104.55179939689043	144.28340579149256	110.16114352546381	144.28340579149256	110.16114352546381	163.49923978378786
105.80376499348131	166.1245721529925	105.80376499348131	153.87079895371065	119.76162984604929	153.87079895371065	119.76162984604929	166.1245721529925
105.63451639682569	174.72378458119883	105.63451639682569	158.93922612095312	119.93087844270494	158.93922612095312	119.93087844270494	174.72378458119883
97.75144222370281	168.62591553990924	97.75144222370281	158.95891378528538	116.96150069865143	158.95891378528538	116.96150069865143	168.62591553990924
R23	267.87709847591526	26.870608213508667	80.85290088050319	5
267.87709847591526	26.870608213508667	267.87709847591526	11.691365956514268	284.65558853038993	11.691365956514268	284.65558853038993	26.870608213508667	267.87709847591526	26.870608213508667
265.1826377628635	32.51721379665465	265.1826377628635	16.655715738613637	270.571559188967	16.655715738613637	270.571559188967	32.51721379665465
275.6612273939418	31.096455772582836	275.6612273939418	22.644760654434492	282.55270280966556	22.644760654434492	282.55270280966556	31.096455772582836
271.2671417487509	21.211724870225694	271.2671417487509	2.1710070428028416	293.41211594287097	2.1710070428028416	293.41211594287097	21.211724870225694
269.22944623713676	34.23774163933699	269.22944623713676	19.50347478768034	291.8305304665451	19.50347478768034	291.8305304665451	34.23774163933699
R22	33.94998372065495	70.27884203569758	133.50268777075587	5
33.94998372065495	70.27884203569758	33.94998372065495	62.30354392863879	41.74596276848363	62.30354392863879	41.74596276848363	70.27884203569758	33.94998372065495	70.27884203569758
36.26327444595119	65.40448397941182	36.26327444595119	59.202603877865755	44.725687866480804	59.202603877865755	44.725687866480804	65.40448397941182
34.283491276764806	67.65354542763063	34.283491276764806	56.95354242964694	45.64898397227971	56.95354242964694	45.64898397227971	67.65354542763063
28.566221555959558	72.5196212805929	28.566221555959558	54.991550187068036	39.33374588535034	54.991550187068036	39.33374588535034	72.5196212805929
33.75253213699407	70.01470328314998	33.75253213699407	64.26329319418885	49.73939339997319	64.26329319418885	49.73939339997319	70.01470328314998
R21	346.8584986211219	386.8319505061999	78.14532472343606	5
346.8584986211219	386.8319505061999	346.8584986211219	363.8628197004402	358.9565631957484	363.8628197004402	358.9565631957484	386.8319505061999	346.8584986211219	386.8319505061999
355.8926151670373	393.62582565655515	355.8926151670373	371.9062651163251	362.02051122445937	371.9062651163251	362.02051122445937	393.62582565655515
354.8246344443886	385.0082534904199	354.8246344443886	365.0737606000151	363.0884919471081	365.0737606000151	363.0884919471081	385.0082534904199
342.18881916098195	373.07335864612116	342.18881916098195	366.1680668722031	351.52817808126184	366.1680668722031	351.52817808126184	373.07335864612116
348.2037136661529	394.4546903585217	348.2037136661529	376.6554360379073	369.7094127253439	376.6554360379073	369.7094127253439	394.4546903585217
R20	247.7120460419317	32.54288748082989	74.87750699932711	5
247.7120460419317	32.54288748082989	247.7120460419317	16.75194870221553	257.896472794697	16.75194870221553	257.896472794697	32.54288748082989	247.7120460419317	32.54288748082989
247.8535982223367	25.237441269882154	247.8535982223367	19.203514306604674	267.9393473670573	19.203514306604674	267.9393473670573	25.237441269882154
241.17990129596598	22.882079460808118	241.17990129596598	10.62181794362294	256.88312063688767	10.62181794362294	256.88312063688767	22.882079460808118
249.8639401266894	27.963368073945766	249.8639401266894	12.206091879912622	265.9290054627046	12.206091879912622	265.9290054627046	27.963368073945766
244.55157770081865	27.599839028685587	244.55157770081865	5.904058375745469	255.03537968944266	5.904058375745469	255.03537968944266	27.599839028685587
R19	2.548853289892329	319.90291644755035	76.16299622100107	5
2.548853289892329	319.90291644755035	2.548853289892329	311.71016484106093	11.398578120185487	311.71016484106093	11.398578120185487	319.90291644755035	2.548853289892329	319.90291644755035
1.4930631307190065	325.1174809998936	1.4930631307190065	314.688351895207	14.279007083078938	314.688351895207	14.279007083078938	325.1174809998936
-3.877099606810165	323.3628649391486	-3.877099606810165	306.8568372031259	8.974806186594822	306.8568372031259	8.974806186594822	323.3628649391486
-6.298988596432653	326.98815210532825	-6.298988596432653	308.0232616889349	11.39669517621731	308.0232616889349	11.39669517621731	326.98815210532825
-1.1351899899578388	328.23185123533443	-1.1351899899578388	311.5739816597663	21.929594811193645	311.5739816597663	21.929594811193645	328.23185123533443
R18	207.16538841695456	499.6818429649411	107.18233641061278	5
207.16538841695456	499.6818429649411	207.16538841695456	490.2021392785839	215.96678473956007	490.2021392785839	215.96678473956007	499.6818429649411	207.16538841695456	499.6818429649411
198.88556021707052	500.24471754412724	198.88556021707052	480.15956101304056	219.23902021642385	480.15956101304056	219.23902021642385	500.24471754412724
207.93208357304638	508.11013241978293	207.93208357304638	491.25355351009927	213.6341021652936	491.25355351009927	213.6341021652936	508.11013241978293
203.42994758058623	497.96606427687055	203.42994758058623	482.43821428029725	218.8039907132613	482.43821428029725	218.8039907132613	497.96606427687055
197.764508588667	505.5774278691731	197.764508588667	493.7862580607091	221.30682217833117	493.7862580607091	221.30682217833117	505.5774278691731
R17	46.672331649998085	230.34544995293683	109.64200547998468	5
46.672331649998085	230.34544995293683	46.672331649998085	221.07601505272268	57.152911073201295	221.07601505272268	57.152911073201295	230.34544995293683	46.672331649998085	230.34544995293683
38.53787311172845	240.85147193378907	38.53787311172845	219.8394279720846	56.62969803058839	219.8394279720846	56.62969803058839	240.85147193378907
44.7555849000496	227.2266854004385	44.7555849000496	216.66334217883605	69.55023724635298	216.66334217883605	69.55023724635298	227.2266854004385
53.748798632515765	238.93853122725707	53.748798632515765	218.0978131132956	60.557023513886826	218.0978131132956	60.557023513886826	238.93853122725707
43.76979020542319	233.54949567176735	43.76979020542319	227.14140423410637	65.16566406982844	227.14140423410637	65.16566406982844	233.54949567176735
R16	484.77713435747864	70.09007764680231	76.7378688360066	5
484.77713435747864	70.09007764680231	484.77713435747864	58.51046397399628	492.8632952806636	58.51046397399628	492.8632952806636	70.09007764680231	484.77713435747864	70.09007764680231
480.49474498630906	74.48757808270597	480.49474498630906	56.800377885536996	489.05952372864823	56.800377885536996	489.05952372864823	74.48757808270597
472.328014679807	67.89037533127369	472.328014679807	57.15729141664882	497.2262540351503	57.15729141664882	497.2262540351503	67.89037533127369
485.09227603081484	70.22148074960683	485.09227603081484	46.799447198385735	499.86542360914603	46.799447198385735	499.86542360914603	70.22148074960683
488.84846487039795	72.19372739880974	488.84846487039795	53.01980391010456	496.8781256909292	53.01980391010456	496.8781256909292	72.19372739880974
R15	107.79305789204693	196.49447360761394	114.71308384257036	5
107.79305789204693	196.49447360761394	107.79305789204693	176.25088627207543	129.59500678646378	176.25088627207543	129.59500678646378	196.49447360761394	107.79305789204693	196.49447360761394
102.46707699888113	202.19240445773028	102.46707699888113	190.7965427574976	124.72314183684851	190.7965427574976	124.72314183684851	202.19240445773028
99.76034320699326	188.34824735128385	99.76034320699326	164.15352519286702	116.40036297227947	164.15352519286702	116.40036297227947	188.34824735128385
101.82291775215006	187.13424106303933	101.82291775215006	171.0376804382056	113.7631980319438	171.0376804382056	113.7631980319438	187.13424106303933
108.59366598505672	204.53501329015543	108.59366598505672	188.45393392507245	127.8082627013399	188.45393392507245	127.8082627013399	204.53501329015543
R14	448.37487432682275	118.78868383290819	125.46307449705634	5
448.37487432682275	118.78868383290819	448.37487432682275	113.13452746359866	466.60184550628327	113.13452746359866	466.60184550628327	118.78868383290819	448.37487432682275	118.78868383290819
441.3641126678966	117.77186339934565	441.3641126678966	108.49719152785167	462.1714576380148	108.49719152785167	462.1714576380148	117.77186339934565
442.6726598449284	120.35666883064142	442.6726598449284	105.91238609655586	462.7632952703333	105.91238609655586	462.7632952703333	120.35666883064142
458.3773532800622	124.60401637792768	458.3773532800622	112.97335128788868	470.41283257841627	112.97335128788868	470.41283257841627	124.60401637792768
447.7814433944867	122.41441466189148	447.7814433944867	115.1629530039249	461.0149156270098	115.1629530039249	461.0149156270098	122.41441466189148
R13	393.98107761502155	217.74033194103322	82.78299260729789	5
393.98107761502155	217.74033194103322	393.98107761502155	194.90485837169052	402.9899747700826	194.90485837169052	402.9899747700826	217.74033194103322	393.98107761502155	217.74033194103322
387.5639585985853	207.27995934441452	387.5639585985853	193.22157377133152	400.3981966314578	193.22157377133152	400.3981966314578	207.27995934441452
397.8390490346768	209.07879058893076	397.8390490346768	189.41082462564958	408.1409005054884	189.41082462564958	408.1409005054884	209.07879058893076
394.32749949246727	211.15755998067954	394.32749949246727	198.33674381149723	411.65245004769804	198.33674381149723	411.65245004769804	211.15755998067954
395.3221760319703	229.0238105435968	395.3221760319703	206.45685333846964	410.0513900807817	206.45685333846964	410.0513900807817	229.0238105435968
R12	85.06265904063041	128.15785794631563	98.93857889097188	5
85.06265904063041	128.15785794631563	85.06265904063041	117.31478996330425	102.74324583314062	117.31478996330425	102.74324583314062	128.15785794631563	85.06265904063041	128.15785794631563
82.54141959701094	129.57963889191996	82.54141959701094	105.04994103468859	94.86190577986004	105.04994103468859	94.86190577986004	129.57963889191996
90.34454666881116	136.01640271528032	90.34454666881116	120.1730596647236	115.14194499747008	120.1730596647236	115.14194499747008	136.01640271528032
78.84799169369771	122.0498579708557	78.84799169369771	115.01464669465241	91.27732638756311	115.01464669465241	91.27732638756311	122.0498579708557
89.71368308316062	136.22188594207313	89.71368308316062	120.09382995055815	103.96995709982423	120.09382995055815	103.96995709982423	136.22188594207313
R11	-2.0215546044880597	89.01118355292616	115.06937335949127	5
-2.0215546044880597	89.01118355292616	-2.0215546044880597	65.51918739907646	22.678208089058636	65.51918739907646	22.678208089058636	89.01118355292616	-2.0215546044880597	89.01118355292616
8.372765753196285	73.8552862214681	8.372765753196285	57.1830885766848	17.9630109953062	57.1830885766848	17.9630109953062	73.8552862214681
7.244540259571005	72.97852653220393	7.244540259571005	58.059848265948986	30.261483795355495	58.059848265948986	30.261483795355495	72.97852653220393
10.619118724903416	96.61544698519211	10.619118724903416	81.4069201206602	25.085039491211347	81.4069201206602	25.085039491211347	96.61544698519211
5.960160374975204	93.7814795301045	5.960160374975204	84.2408875757478	19.495308798625217	84.2408875757478	19.495308798625217	93.7814795301045
R10	397.63702469336937	76.16934985455933	69.22818844987731	5
397.63702469336937	76.16934985455933	397.63702469336937	54.756235888330174	418.32883232836076	54.756235888330174	418.32883232836076	76.16934985455933	397.63702469336937	76.16934985455933
405.89958316433047	79.07588576176873	405.89958316433047	63.54943747096975	430.75808149239106	63.54943747096975	430.75808149239106	79.07588576176873
393.78043180926437	71.08595561151739	393.78043180926437	63.01558166490989	401.49361757747437	63.01558166490989	401.49361757747437	71.08595561151739
412.58915403672773	78.81424837331961	412.58915403672773	73.52445133579904	422.1081367176636	73.52445133579904	422.1081367176636	78.81424837331961
404.0932724308255	66.77154313055712	404.0932724308255	42.740928646103214	410.503290093407	42.740928646103214	410.503290093407	66.77154313055712
R9	484.8651876714815	362.7554784367765	82.20522216795219	5
484.8651876714815	362.7554784367765	484.8651876714815	347.3180002563685	502.76087723075034	347.3180002563685	502.76087723075034	362.7554784367765	484.8651876714815	362.7554784367765
491.28798038763813	366.6300733476984	491.28798038763813	358.88088352585464	505.6475780153672	358.88088352585464	505.6475780153672	366.6300733476984
493.6098399758705	374.0612669376061	493.6098399758705	350.02272341115247	511.9119144856302	350.02272341115247	511.9119144856302	374.0612669376061
482.1460671991293	360.4526165722407	482.1460671991293	340.3092063365841	487.58430814383377	340.3092063365841	487.58430814383377	360.4526165722407
500.0061201290508	364.7614951498313	500.0061201290508	353.37411808620453	505.51563433244985	353.37411808620453	505.51563433244985	364.7614951498313
R8	493.5030048110384	482.1188769935743	85.61678129064671	5
493.5030048110384	482.1188769935743	493.5030048110384	470.8100069352124	503.3160103281904	470.8100069352124	503.3160103281904	482.1188769935743	493.5030048110384	482.1188769935743
484.98240321912544	494.55671161980587	484.98240321912544	469.68104236734274	504.0363314260709	469.68104236734274	504.0363314260709	494.55671161980587
492.8325326464158	488.38923039013656	492.8325326464158	475.84852359701205	498.99868815522615	475.84852359701205	498.99868815522615	488.38923039013656
492.5464817346816	487.07049622091546	492.5464817346816	477.16725776623315	503.51193098757346	477.16725776623315	503.51193098757346	487.07049622091546
481.1976982828823	478.6847393909051	481.1976982828823	464.95027891824367	505.8083113391945	464.95027891824367	505.8083113391945	478.6847393909051
R7	422.22534910978874	468.4243099472739	71.87018751676571	5
422.22534910978874	468.4243099472739	422.22534910978874	462.6998651415873	431.28550812664724	462.6998651415873	431.28550812664724	468.4243099472739	422.22534910978874	468.4243099472739
428.3291593367901	467.85428393077825	428.3291593367901	460.5691895692961	434.2418569165043	460.5691895692961	434.2418569165043	467.85428393077825
416.72314039315773	474.0816705359682	416.72314039315773	451.31805974720635	438.63417958511087	451.31805974720635	438.63417958511087	474.0816705359682
425.6909541949011	472.15458744852225	425.6909541949011	453.3746993317481	436.8800620583935	453.3746993317481	436.8800620583935	472.15458744852225
425.6215114816004	479.48881591892854	425.6215114816004	457.3598039756192	432.3271611251719	457.3598039756192	432.3271611251719	479.48881591892854
R6	226.09014497234807	119.85853368599373	93.88719817150887	5
226.09014497234807	119.85853368599373	226.09014497234807	96.15502879357399	239.51379891353224	96.15502879357399	239.51379891353224	119.85853368599373	226.09014497234807	119.85853368599373
220.19971878290653	109.9163618153213	220.19971878290653	91.0471489500392	231.9805711617896	91.0471489500392	231.9805711617896	109.9163618153213
213.80264694340832	110.26775175789666	213.80264694340832	103.33457435374649	238.37764300128782	103.33457435374649	238.37764300128782	110.26775175789666
221.42649599994667	120.73223755382068	221.42649599994667	104.41116361793465	230.75379394474948	104.41116361793465	230.75379394474948	120.73223755382068
235.62756898129888	117.78206609732057	235.62756898129888	93.79295049478527	243.4000288457656	93.79295049478527	243.4000288457656	117.78206609732057
R5	162.81299639364053	439.4538939864315	93.5577960427928	5
162.81299639364053	439.4538939864315	162.81299639364053	432.1694918162638	172.93151707253512	432.1694918162638	172.93151707253512	439.4538939864315	162.81299639364053	439.4538939864315
152.90393734124322	445.9958707613383	152.90393734124322	423.5918545183439	172.72205544603784	423.5918545183439	172.72205544603784	445.9958707613383
154.97362356260885	441.6507783386158	154.97362356260885	422.6882052939117	177.7653009749729	422.6882052939117	177.7653009749729	441.6507783386158
150.39367325167305	447.8617942660367	150.39367325167305	424.73667237930357	175.232319535608	424.73667237930357	175.232319535608	447.8617942660367
159.68917231113832	437.8153708362394	159.68917231113832	428.4660866110052	165.93682047614269	428.4660866110052	165.93682047614269	437.8153708362394
R4	48.76851771616562	228.5292452746888	109.21158119756646	5
48.76851771616562	228.5292452746888	48.76851771616562	222.97968617490855	57.018378924506024	222.97968617490855	57.018378924506024	228.5292452746888	48.76851771616562	228.5292452746888
42.81339903862963	225.79197080325594	42.81339903862963	220.16740154656117	61.33156113956215	220.16740154656117	61.33156113956215	225.79197080325594
39.81553915466178	236.06005175789969	39.81553915466178	217.8816452798129	57.72149627766946	217.8816452798129	57.72149627766946	236.06005175789969
47.268753448446	239.03304211360023	47.268753448446	218.02544843577738	65.13016322487465	218.02544843577738	65.13016322487465	239.03304211360023
52.5616382499871	225.95172567537975	52.5616382499871	220.00764667443735	60.76461634882328	220.00764667443735	60.76461634882328	225.95172567537975
R3	219.718201632708	257.7479556162392	78.7483323359214	5
219.718201632708	257.7479556162392	219.718201632708	241.7693344567236	229.195725047806	241.7693344567236	229.195725047806	257.7479556162392	219.718201632708	257.7479556162392
217.568851079567	245.77081622045785	217.568851079567	237.76785269298938	230.87473754165248	237.76785269298938	230.87473754165248	245.77081622045785
210.19674884790214	254.6166094114885	210.19674884790214	246.4915600614594	229.23965441751386	246.4915600614594	229.23965441751386	254.6166094114885
224.20538035644526	265.16352656186564	224.20538035644526	247.54248653176262	234.18606973916675	247.54248653176262	234.18606973916675	265.16352656186564
216.4129658738299	264.30788121877134	216.4129658738299	251.1880300137071	234.63785527657976	251.1880300137071	234.63785527657976	264.30788121877134
R2	401.2647561126644	30.79315918714468	78.67556114265203	5
401.2647561126644	30.79315918714468	401.2647561126644	23.6634305253682	408.14865583891674	23.6634305253682	408.14865583891674	30.79315918714468	401.2647561126644	30.79315918714468
397.7922353932919	37.5046429110058	397.7922353932919	19.275245508483685	418.5050762845416	19.275245508483685	418.5050762845416	37.5046429110058
391.19981544463604	37.95941917089988	391.19981544463604	17.512336971329805	411.3296967806927	17.512336971329805	411.3296967806927	37.95941917089988
399.00625724291757	38.55709587389254	399.00625724291757	23.02922250039682	410.3300231947989	23.02922250039682	410.3300231947989	38.55709587389254
399.49675314326623	43.080464533144095	399.49675314326623	18.505853841145267	405.4938930908619	18.505853841145267	405.4938930908619	43.080464533144095
R1	234.03313116170432	335.6601604865598	78.99112066837833	5
234.03313116170432	335.6601604865598	234.03313116170432	323.01124282238584	256.0779789878518	323.01124282238584	256.0779789878518	335.6601604865598	234.03313116170432	335.6601604865598
235.34355032518553	341.8583501276199	235.34355032518553	329.4619708454997	250.4743143241184	329.4619708454997	250.4743143241184	341.8583501276199
241.98253588592883	329.9361757347401	241.98253588592883	316.08630991003156	250.85428681141588	316.08630991003156	250.85428681141588	329.9361757347401
223.63941647692639	343.523346502188	223.63941647692639	327.79697447093156	247.62297871086645	327.79697447093156	247.62297871086645	343.523346502188
236.7110993615635	327.9742529059286	236.7110993615635	318.04823273884307	255.29766998906152	318.04823273884307	255.29766998906152	327.9742529059286
