R100	355.59442696601036	177.57875607727868	53.72604574449299	5
355.59442696601036	177.57875607727868	362.8069082198666	184.98925560855253	376.7042842830972	177.44751525524083	355.59442696601036	177.57875607727868
368.9139871690412	181.67510453843005	380.5324847575843	190.96157940346802	380.7207635901146	177.7748019796829
363.3003842949707	184.72145912581556	376.735924419677	196.85235364140578	380.0051917111943	178.76314145115197
362.0655320063	184.22752495168658	372.6263196540386	197.61204055727237	367.2411301166539	169.596971690975
375.4781040730755	177.45513846634609	385.47793634675645	192.31942794364164	389.5624391629337	166.86029264894233
R99	117.07770902213677	312.15791418264826	35.133298265055345	5
117.07770902213677	312.15791418264826	127.73740466404294	321.9207506495732	115.35713085452117	288.78812043845994	117.07770902213677	312.15791418264826
117.04310465682157	293.30019726298707	133.59600701387845	303.9536800696167	112.94647596951158	270.05164481021393
116.44818190003002	303.6073471250671	123.82711943412787	313.02885686463657	133.48838400171286	308.45340369312305
118.146347167029	296.25274311829526	127.62065665765839	305.6110286603164	116.20901669071799	275.3345425517317
125.15355545919873	319.5542949748991	136.48434644544116	333.1056332106349	133.74192589463036	312.3140337861717
R98	377.0720690740331	125.03389369502894	62.46821641804764	5
377.0720690740331	125.03389369502894	384.6928441261712	134.61118298978042	385.0153404765492	114.39511305117125	377.0720690740331	125.03389369502894
384.81767442051716	126.7860464944487	391.6076612026047	134.99867437494177	397.05400962455917	112.5083079217496
383.26703927564546	132.81932514882314	390.07219554038346	141.26140150845058	383.91246350512375	116.12942187965918
384.9596802358164	114.4696613149449	393.507746134389	121.43650049102807	381.1658881671128	97.40029622662166
377.8088274489047	125.95980320530857	390.36009386927606	136.51631936546687	370.91398496653846	103.3503222300945
R97	284.1897371610321	213.90198855271586	13.706507234658362	5
284.1897371610321	213.90198855271586	295.96409653810895	224.98319993210512	304.35230364646804	207.4712936161644	284.1897371610321	213.90198855271586
296.6484511708676	223.55448530203756	304.26343557160817	233.16869258174862	320.0291038312677	221.08364025641518
298.3262452441657	209.39325842570588	307.7057440020366	219.18372239867094	295.63796398389724	191.69924379900692
298.9749145091761	218.69757040930324	311.33840879972115	229.69934067548334	305.5563636630528	206.7443681490588
299.6164051262472	217.35834219955757	312.59112149802723	232.15952615049602	320.2381641453755	216.66519218869539
R96	275.45055035541236	369.4115604322364	18.111794232659136	5
275.45055035541236	369.4115604322364	288.3463830676087	381.21915548047673	280.1723061444531	351.1467614759241	275.45055035541236	369.4115604322364
281.5179829886	356.0975008242842	290.7841455994738	365.5044971545526	307.5079428577756	354.7716928786184
281.2340332034946	374.7069938456998	293.85947639698463	388.42137110983276	283.39716702890524	360.60541110897776
282.7125983016524	360.4924854464885	296.5726856491916	369.5029642786982	275.9141659468946	335.52107385084
282.9643178121971	361.4185604480938	290.2450436631531	368.5073480906668	292.57417337852394	343.1110245588328
R95	474.31103846479766	23.293822820273924	27.26534041452469	5
474.31103846479766	23.293822820273924	481.8491562537894	29.993907279195245	484.56727957078465	13.991802648758288	474.31103846479766	23.293822820273924
482.46050229621824	26.3947978218787	497.5577759689859	38.287813296204035	492.3092221350261	11.917265047508186
482.729369152443	24.81192792849929	490.927511393659	33.91263816011286	501.69929739606823	20.760371400140116
483.19220439720516	22.087129547561283	489.8430827788692	31.210097118167525	495.3860131866707	5.324445632005046
474.5358542509612	23.089923462199348	481.6688159368196	30.777998852202785	471.5204641700522	2.015633883825961
R94	36.19730670102117	409.6159967620398	17.836449926062468	5
36.19730670102117	409.6159967620398	46.58269311483049	416.8119713850967	50.24437943761029	404.95789701227386	36.19730670102117	409.6159967620398
48.11141022315792	411.8630148935524	57.144774067408115	418.03133581929404	58.87547575241894	402.33156024551397
50.21808896805559	404.9666151012274	59.52366911732358	413.4360353331611	62.17222233547015	398.67291760502906
47.17020340659819	414.91000871557833	55.48958325665008	427.0029391683809	52.36317602165113	399.18001463538985
48.95499600313927	409.13205224567514	56.985119126912736	418.3796085023294	64.13191323090705	410.6399847835199
R93	168.43702360833578	76.95917731576407	63.27281152151908	5
168.43702360833578	76.95917731576407	179.00938026198372	87.32947504847245	190.71922748061627	72.63321680769015	168.43702360833578	76.95917731576407
175.50909811656777	83.89609030885322	184.88170399488405	90.6126417202969	167.00403098828855	64.70135888471
188.36660692840312	73.08996442824387	196.35199704862222	84.36182248815942	192.7907332400666	59.13909110400498
187.45050860426412	73.26781959887482	199.17024466994332	88.46976375485417	193.24474107717558	60.0520706579343
188.25434974924326	75.72672255510689	196.2490467428402	84.33875876660623	209.7498602981119	82.2598402194443
R92	27.15145808659425	24.75727177582915	75.35840650877316	5
27.15145808659425	24.75727177582915	41.596093116366845	38.169443958622644	40.20461480912978	9.712505964509669	27.15145808659425	24.75727177582915
35.380824039043176	32.398425247825244	43.68580231490972	41.34777893824291	49.54309920190672	22.40719707776886
27.94204055684268	25.49134558204266	35.191608547789585	33.32540731682123	47.785828992548936	18.045398304956343
38.913587270183605	35.67867626416701	49.76048318807719	46.17583388111717	63.80282367928941	33.91160701380029
41.1030161467556	28.08559236167363	53.45852756349761	40.3565618794544	57.366213552517365	28.921525473334516
R91	41.15175996422516	387.3780043263357	76.63480158824498	5
41.15175996422516	387.3780043263357	49.890016159459364	400.2403381230838	58.91185190450439	393.73491051077974	41.15175996422516	387.3780043263357
49.34381188471792	399.43634914107537	58.510444300523915	406.2334914471563	70.64091693267041	400.19555514317256
44.10406690959498	391.72367199198675	58.78016602335497	400.5103762105051	50.9425470347171	377.06758798824535
52.08489141233372	398.6576666492151	63.66620000408695	409.0725620724718	55.58236839912885	381.0034177017656
42.721472429991536	387.9398547331345	56.541805524939605	398.5692570393927	59.670448533771314	385.0703638177327
R90	232.4046123998434	348.7314109953535	70.74578127734846	5
232.4046123998434	348.7314109953535	245.70579699304085	363.51479055407384	241.8641410457353	329.432103671128	232.4046123998434	348.7314109953535
245.4217155092876	360.9944554712832	253.41856961939916	372.08133100098087	252.51370793562612	348.50618883300103
245.58753595814426	362.4655935728449	253.580896190179	371.0725589167663	265.57478531041517	366.460814731799
245.6275824652684	362.82088113159267	253.31612092616498	369.5587322398126	264.0862805720296	355.9292538582179
242.96532642506014	339.20168142572373	251.5981791413164	346.5744751730052	263.5968925028099	340.33853719030947
R89	73.17227812430576	316.82525996809665	47.248308526326326	5
73.17227812430576	316.82525996809665	87.69025054866984	330.45790194668973	77.07058770012074	306.17294229523	73.17227812430576	316.82525996809665
82.67597242795627	325.749402963315	91.84158753922486	337.7824125087031	93.02721581562892	310.3348776908855
76.43723712737632	319.89111626418304	86.77269543117663	333.8320159231429	89.5001536657448	306.971457332832
78.92114103438918	310.40477278707306	85.67284916119611	318.1966040977463	101.0682773807319	310.3272560631176
84.45195886404325	327.41708675098903	90.29798728367817	337.76897795648097	87.50742521637038	309.14412787812023
R88	348.39923560741465	239.03367095444534	56.55562683071529	5
348.39923560741465	239.03367095444534	358.58953400873736	247.93925144534293	352.82811309409567	222.5216736137883	348.39923560741465	239.03367095444534
356.436249698188	238.43963800488717	367.5666843087804	249.574714903595	368.8204992752547	222.99308060991805
350.1547018006909	240.56782087504453	359.93281863101276	246.99246260714162	368.2555590386713	235.1823491907952
354.72970286759903	230.91088988314237	367.3246920164137	242.31469543566732	369.6040708557347	222.04188863720464
353.216250240603	224.23401268375557	368.567638435852	234.9087025913266	357.63638026609243	204.42816870033954
R87	168.73018405178215	251.6461692236342	24.968491618828338	5
168.73018405178215	251.6461692236342	179.15618146550253	264.96317086020423	176.30949992160245	234.9227981695637	168.73018405178215	251.6461692236342
177.66887588523983	249.2679786699502	185.5606803547244	256.3695432113221	177.84817755310218	226.7296618862925
170.1638199329614	248.48292530964778	178.65831390743483	257.46449450641103	183.97728869909304	241.37345668209235
176.84369151734307	240.55999867014054	184.07228248785137	247.71139687121598	194.91381337897374	234.769149901589
177.27742065247736	245.13704203283868	189.23959241454486	260.0081785817381	202.16167565135783	249.839569830194
R86	447.2286807727547	472.348347697119	45.96741019916956	5
447.2286807727547	472.348347697119	457.9556662180041	481.2779710109572	441.3939152438061	449.980235995728	447.2286807727547	472.348347697119
456.8956189207341	480.3955401446353	468.69519968663604	492.41558851657237	477.91979069531243	486.243617477905
444.4586751561032	461.72927573281584	455.8907377445184	469.1772811871603	447.8411051800344	442.28726988205875
442.7476848371199	452.53853566278735	457.6621615166114	462.0048169335721	450.1242557043221	439.50853176613305
455.4522041370905	476.54702843422257	466.0227499571778	488.8558041532614	458.93144411435395	457.3705425785664
R85	328.7301505995455	281.7462184674941	64.93667487902188	5
328.7301505995455	281.7462184674941	339.93259984639406	294.2406854345238	335.9345736704978	274.50239769306256	328.7301505995455	281.7462184674941
336.4454654086526	290.35136756466517	350.8527626972179	302.46615731410867	357.73452284092866	283.50838883225515
330.29800368794236	280.16979150573263	343.88108812646567	291.75212066237526	330.8227329607925	263.680238873215
339.88174661007986	293.98962259331324	349.13326916823905	303.9056568516235	347.55236919315814	273.24753134009484
339.06611877145235	289.96286132150504	352.64945901848756	301.61450258741826	352.06455143536346	285.173447618878
R84	413.9941426350767	285.96430493846606	62.45985190719511	5
413.9941426350767	285.96430493846606	425.7267425873054	301.0217115034837	411.9807095273335	262.8924071087833	413.9941426350767	285.96430493846606
413.9616653249167	268.3872626986804	428.0141340347307	278.0566221922394	419.2584954711825	253.9594877067716
414.04129115910496	286.02481450140397	423.90214648935586	293.6128853904467	407.77687393442005	265.5058090100888
420.9557477230816	287.7877323147335	427.477799837351	297.7517135991772	439.8545867428103	293.89634693547686
414.1061238095301	286.10801955229755	423.4168001407055	299.813188158671	421.6171377923461	265.9588064117225
R83	288.8045748205632	437.45738636974374	56.27223581953236	5
288.8045748205632	437.45738636974374	298.4244774388705	448.4742470288582	307.3025656146004	428.99897689557616	288.8045748205632	437.45738636974374
298.7933832837334	447.6650028717556	306.5617515878445	454.5027994729769	304.2587794504167	436.6683628175276
306.0572262902681	431.73079474519744	313.0496522977247	441.93908247357285	321.802936182453	421.1304388707636
293.0457719991173	435.51805237415874	303.04428846575655	450.5677057396594	298.6114631140897	417.1300688076131
306.7047718094811	429.2723246791879	321.1592551369979	441.48332063926654	318.19685433838225	423.10395767962547
R82	206.14742349134906	246.24812634250992	28.529935227938537	5
206.14742349134906	246.24812634250992	216.69905701660923	256.2543465604825	225.26946124864327	246.4537758286632	206.14742349134906	246.24812634250992
208.3654505647483	246.27198029226716	218.63450323326393	256.0525030468066	221.39207868762293	239.23702096466266
217.65559150754325	255.1605143815073	225.9227465666948	264.67664901483033	236.57236766235067	247.45628728668598
215.19873703776238	246.3454694187792	227.43389520158584	256.8332757458005	215.86028868954287	221.4589115163414
208.40914682124347	246.27245022715636	217.33298921915727	258.86814105210226	211.3216388903676	227.32508287573944
R81	262.21252235729645	195.86396565908993	17.575365830849513	5
262.21252235729645	195.86396565908993	277.6893400572614	207.1164121503586	268.28044393714487	176.18729525262032	262.21252235729645	195.86396565908993
270.44715270667103	183.30974489607527	277.8297443571333	196.82940056372203	287.03986890180533	175.17344136875647
263.0806703929052	193.04879039093439	275.0572947119324	205.32865772871327	281.3809144133253	193.70817849616643
266.79555150926234	199.1960647572487	277.49455134233955	213.30089797211699	278.05986773825134	195.40660344691594
268.67081210511935	200.55947614589053	280.17669821920396	209.52230599914924	273.4849148214666	179.9862203522266
R80	329.5297952429223	96.17774087094277	66.18112410964679	5
329.5297952429223	96.17774087094277	336.4877265335638	103.5156135525219	347.2223887727293	94.13930308839063	329.5297952429223	96.17774087094277
342.98798480942213	97.83789045946402	351.13873370709155	107.26173275797912	363.15544062550003	101.53752067203375
344.16837880222096	94.49116836476671	355.9326688984195	105.37961308446252	341.00790349608656	77.85077118938347
345.57679921527136	95.57666164178444	356.86213806735003	103.02846898384172	368.6731464888785	89.76779124055224
330.61595006243897	97.32320572898419	341.78761420510267	104.84009528380362	325.86809553783576	72.22952247617516
R79	412.35824047147116	32.737063050593484	50.20732227043326	5
412.35824047147116	32.737063050593484	425.634442121093	45.09958760916559	417.90725872420387	24.14434103041202	412.35824047147116	32.737063050593484
418.84287190629874	26.681618059584512	431.9401401659651	34.222924001226225	418.18135563663384	13.977693973167295
416.17441939755315	26.827663730281515	427.65033648476515	37.75766904791261	424.68059141386897	7.70562104740544
425.59366913967216	44.98901589945724	433.40253622483993	52.46795134861042	435.88949003968634	28.062482720249655
424.5996259389655	42.293283274665654	434.004452029643	53.22267746559667	434.28343364654546	28.359622861941766
R78	280.74568239895484	119.6449515856658	29.914779442191485	5
280.74568239895484	119.6449515856658	292.64199007771185	134.6124647062631	292.12501451794526	111.6063353426029	280.74568239895484	119.6449515856658
292.2839380877673	118.67865459868341	302.83807431779996	127.42761872951922	298.9856412721961	110.3411039582862
289.64454918324645	130.84119070027566	300.06414694520646	146.74635814979007	303.2506842431517	116.44557248783899
292.4874238739086	127.73405428091682	305.47375572097803	140.18564719771814	304.0461518134113	123.88596200156404
292.17544470938645	113.85054879952787	302.6950850184348	126.00266104129018	310.32582802365516	105.89421689276301
R77	198.31459319279216	391.8785269003459	41.486290024805996	5
198.31459319279216	391.8785269003459	210.55055032659445	404.53036310331083	212.81254723049068	383.5563438095156	198.31459319279216	391.8785269003459
199.0904927050767	392.68079789819586	205.08862149396433	402.9811124148017	208.3739884752921	373.2722048593259
203.65337627543684	397.3987660076066	214.39322990375692	408.4729547580945	223.06980063025608	400.3254400993432
204.54192832120498	398.31751840416507	210.64874858930563	407.5677711223271	206.93344248658923	382.9873803468808
212.05668905239588	383.9902250407879	222.13210759621148	392.7761582284392	215.87682617720557	362.5948930842028
R76	31.966121962589746	65.66220580229898	23.897709735952677	5
31.966121962589746	65.66220580229898	44.20146228102551	80.60284002031132	43.332369569121084	53.19256971246999	31.966121962589746	65.66220580229898
42.93241207766493	79.05319657768996	51.71530469872235	90.88814676169261	57.48736561870033	81.38456247707596
38.30593091124495	58.70695432393557	45.21169096803587	68.3427140988395	46.4675069449806	47.18949948597084
43.56378347604173	60.49112101177724	54.31936609091478	72.33634742140904	61.50746258404587	61.440606864568466
37.230631735140975	72.09072456857513	50.40378141976959	85.15872131602121	45.755798618391296	64.17492712104695
R75	92.3522748035946	159.2913079330193	15.509210592642809	5
92.3522748035946	159.2913079330193	104.08279879015902	172.066176949522	102.46987158902417	147.52541271499138	92.3522748035946	159.2913079330193
96.89235991798252	154.01157927119473	112.49975536408441	166.2405011861348	103.5253971165698	145.95703804225585
103.48614362152728	162.9880401232578	115.08680284713236	171.45754918526063	126.55559357468557	162.88613380854514
102.67341372162707	150.6223159630034	117.08817430217225	159.50143920873148	97.91982547522625	124.87519193886197
103.06436134095813	156.57060262299905	115.1724471177383	171.70412312327926	124.07030581156636	150.86645361960822
R74	481.5567532834363	228.97788119054607	74.61373665572182	5
481.5567532834363	228.97788119054607	489.6722371653637	242.08360414997654	497.9215766992055	223.22247422696802	481.5567532834363	228.97788119054607
488.9281084953448	240.8819081898435	502.94172884553586	249.80164490759833	496.8321712726576	228.5105070534328
494.82030988161006	230.3131505329464	505.48726580974136	242.66302215880464	509.5916963614048	224.0622853525409
494.55681210196224	224.40584108047858	502.0459295633625	231.1910782571907	519.927489048755	222.9385847031555
484.53722771070363	227.92966680792517	492.1455007486197	239.34939684413004	487.13060311614765	206.20826150503265
R73	312.75714973355434	239.49062198865923	71.56601312380414	5
312.75714973355434	239.49062198865923	321.563314093654	246.47324610076396	331.99368208435334	239.71367023293612	312.75714973355434	239.49062198865923
324.7092381697459	239.62920685897365	337.43967950495886	248.79299686044055	329.1504655906389	230.3206439541304
330.7361735579229	239.699089378972	340.3664202046919	249.19030213180378	335.06498564389346	229.7594073396147
329.20446513471694	241.52126931282578	343.5375273364479	251.07064685688377	326.9325474934052	220.63928949198353
329.89974075775945	241.07068422060297	338.19665592436354	250.637262359743	341.33017842683006	224.81894564293196
R72	422.32158728445313	461.5775946436776	68.17091346457102	5
422.32158728445313	461.5775946436776	433.0353091709633	473.55277936276934	427.61646025425705	448.8113195788647	422.32158728445313	461.5775946436776
432.3686058774679	470.50873569641857	443.2576172699163	479.91632244515614	440.7532840189566	456.1608276025546
423.6206743174836	458.44541328798164	439.2205023519618	467.26424509837955	415.98665626294536	437.9632996304682
429.9188138842552	459.32343951808446	437.97775559230973	470.60855206038593	431.0127941611672	439.4067682771384
426.1703448043571	452.29799578699703	439.899543948341	465.7141302197422	442.1765125556597	447.87240013836333
R71	373.2627613860321	20.702098774487474	51.317142646420464	5
373.2627613860321	20.702098774487474	382.28634628143163	35.557019511022105	377.5438105929409	-3.6959522369050077	373.2627613860321	20.702098774487474
380.02193105262967	16.81493029123032	394.5337630860678	27.131443825571537	404.6455815628344	11.579171662426033
374.6840282750235	12.602182052564492	387.1158586510726	27.150342675906415	393.82721019109334	7.370481438722907
379.53125998523853	12.753748929418219	388.6881564618007	18.82013108177214	389.645542975378	0.5935602533036946
374.97693514254536	23.524027705929672	387.5531035917343	36.47549675731604	370.5252771650088	2.951969184957828
R70	84.84025000594787	42.22271094407382	55.47077951069769	5
84.84025000594787	42.22271094407382	92.89072149568938	52.21272125140129	104.83292257218649	36.973352277270045	84.84025000594787	42.22271094407382
92.83510662476371	52.14370751295181	105.84050713716988	65.81493321602298	112.36151687777489	44.74359107045491
99.74820170739812	43.461933142105266	111.83704234731546	58.52232570480812	105.87132420335469	23.273927643573433
88.55091122191106	46.82735352205317	96.76775443400282	57.959912362593336	102.34955124517093	41.13844480756674
98.88457318441982	38.53517545565687	109.0383314145455	51.507134561117965	107.66480187047304	17.64409053661644
R69	45.768518696039486	105.85187393355078	40.35891908472197	5
45.768518696039486	105.85187393355078	53.89503361676694	117.82204048500137	56.88349326649508	101.37596723476432	45.768518696039486	105.85187393355078
47.540098660703876	108.46136981746992	52.36802191056129	117.8978381170789	50.59762313025446	87.4194754490748
55.79364872818497	107.37359317227677	66.06954815093488	118.25698048863751	74.20901888046212	97.83620762514731
53.114431364347	116.67223161083422	62.76499407665506	124.40196005847851	56.71637939246638	103.11943165784436
53.413035591656964	102.77349132770752	62.60874100046548	111.2757464204753	75.93074805535832	99.1147120935317
R68	253.4793267775159	207.08664676769828	72.39290074778218	5
253.4793267775159	207.08664676769828	261.8842246161729	214.80621223201885	254.1443938073885	187.02748047717256	253.4793267775159	207.08664676769828
258.97210340739707	212.1315443487536	273.7770333342654	224.9611417858974	275.6133375370594	212.69036753723913
255.62369198781758	192.33677319361442	267.46006846784417	202.62716615025218	260.81664820662223	182.17677416983156
253.90114319158363	194.36419141537326	259.049258393865	203.7828961368126	270.85305358655194	185.8179697288298
253.78874267715958	197.75431678424673	264.4478632722327	206.0903200137715	275.58481107284655	196.82287527337073
R67	412.62884839349414	359.2672525499819	37.95744445322337	5
412.62884839349414	359.2672525499819	426.0603578336841	371.6545157158436	421.25616187610643	349.5020395290979	412.62884839349414	359.2672525499819
418.26567183200046	364.4658354541002	429.1779670988226	373.47423791540956	424.52451583481184	345.9830383088702
425.7979628604598	370.44459454543323	434.24977010099974	377.67601317586383	445.93055671906274	364.55539895349136
423.22383549055945	358.5751171621419	429.55250790998866	366.9181897609985	439.0029515396358	355.5645646121925
424.28284261840537	363.45827146899285	435.96579260427575	373.909978404132	442.5920119618371	353.6903188869038
R66	470.24646728172434	15.668780341801803	70.21371794520465	5
470.24646728172434	15.668780341801803	482.87982675054985	27.264973185992993	486.9397808674767	4.857956186615015	470.24646728172434	15.668780341801803
486.93954223524486	4.859273205557104	497.9409940348479	15.423452298533775	483.69335817044725	-16.25259865671459
483.97016969379575	6.781118058763808	492.39130361765376	15.185418353793843	478.66096688230067	-15.465762768014685
483.4136527764685	24.318770225816657	492.7059059914435	37.162584640830694	492.58144980689104	13.691323339276076
478.2967159071392	10.455326353303494	487.33080412099054	20.474823080939633	474.1284309145704	-11.730367560282527
R65	344.0942822708357	342.9415015885716	57.93943343310883	5
344.0942822708357	342.9415015885716	359.14204648079794	355.280851111289	352.2329788573543	323.75464748163705	344.0942822708357	342.9415015885716
349.56332598590893	330.0483137482269	362.22293965279874	341.05005100601176	370.7311317863512	333.24592615533754
353.88398748432	331.28823044895654	360.06791285379586	342.10626477401695	364.9092184982627	324.8386616246524
358.8970981153294	354.16314717938536	366.3606808411887	363.548983371146	377.8400107187495	356.03032896750847
346.3707394008194	344.80822410019584	355.7022513824154	355.34660816933183	358.76384659986155	333.44528508529254
R64	290.7314471065023	12.902538922762275	32.95082819539251	5
290.7314471065023	12.902538922762275	303.6799779178933	27.020015981721645	306.3997328488273	1.4422092298373475	290.7314471065023	12.902538922762275
298.6462032035711	21.53181040191197	310.8628551795439	36.879427500876616	311.4676384648968	6.6475162057417005
303.6954278964746	3.4202320240254567	314.62063159035677	17.17635902690047	305.18240299275016	-19.380732675011007
300.58165157656293	5.697756432443277	310.20119141620427	14.85943188430456	314.18387213223554	-2.4340180947105274
300.82798947558734	23.910560399992473	312.5422689806935	38.986553324993594	310.90407543646563	15.154375159164502
R63	44.31089926603021	70.07785290094937	49.44688240448346	5
44.31089926603021	70.07785290094937	52.764952881996294	81.16915875602865	52.685343169398955	59.80728482726816	44.31089926603021	70.07785290094937
48.79015328235056	75.95441561919091	55.57476681066905	84.33738898754115	66.137950742211	79.9450429353927
52.72838022162941	71.35552503587799	65.084636468472	83.69223695962953	53.572697177815414	43.96239792738566
52.75386954425239	78.19513893017151	64.22023921327344	90.57305619780453	71.12167443033036	76.7016740330572
51.42205828032441	61.35660005337813	62.291223282827005	68.15997919118425	47.48655894699796	46.51406818592948
R62	126.88368792264315	44.57866578977598	19.71398086268856	5
126.88368792264315	44.57866578977598	135.1851557042336	55.21674168247809	133.70277616819882	27.06847528441513	126.88368792264315	44.57866578977598
134.46960880449217	41.629529862145745	148.16036614298636	53.74111402780066	144.59320814590527	32.33282891474532
130.48532497556542	35.33031048818001	135.69363272928402	44.35844809044664	147.9571173853497	40.905759674514925
131.70882685439966	50.761933074470925	144.07397488741404	61.01224350610653	144.1780721835155	41.802968191078975
133.84657467954707	29.79900326775633	142.35243335030455	40.65046433478069	147.06820348945126	17.804352719792416
R61	232.92364681425187	2.3548586011942207	50.851382473420585	5
232.92364681425187	2.3548586011942207	245.02176763196428	11.727288806980283	235.2127760394404	-9.203923656943275	232.92364681425187	2.3548586011942207
240.4310369997733	1.931219830810699	253.94190512579718	10.985554894618028	246.68832846884249	-17.234900805203342
239.75071168102056	0.4794871366717919	252.09971268250828	8.258738142366234	247.98712564660119	-16.41419221423204
234.81636569711617	-7.20228007064816	249.1932092430827	3.239142622356691	231.65604280749858	-32.64095234948556
242.34697089837744	6.019593148316802	251.800122374881	17.572619362421154	258.09871568935205	6.654912533393347
R60	54.18894302525784	181.1602575807496	67.37965799765668	5
54.18894302525784	181.1602575807496	63.66268484060084	188.5179494887088	70.16419135215554	169.9510517872609	54.18894302525784	181.1602575807496
64.68744614484139	185.59145264210537	71.5948221426134	194.39737360610727	76.8649342375543	169.51129921077344
62.28239255819371	187.44595855262082	78.55160995030789	197.91775394894398	63.97446095981923	174.98781872393545
54.94641276845453	180.62877074185414	67.52791438802453	194.7887825696455	58.041939929520325	154.53410074524535
67.31720081393564	178.08144156479548	80.84768384172489	187.53211777120714	73.35333585920974	158.93061296865076
R59	59.50528916475062	136.82954181817232	25.20571182850466	5
59.50528916475062	136.82954181817232	73.28972281795208	146.84923617956326	56.28642736427595	118.00730148107974	59.50528916475062	136.82954181817232
64.01830908840853	140.10998709576396	74.43702777428318	146.24598051084504	57.729532545142256	123.82721352486361
72.12588533708299	144.87507036480548	80.80608132172446	155.38845322194794	87.14865394099911	138.32544129426122
68.03929131382424	137.94316247205876	83.61032805943456	149.87665793016487	74.90635493123389	123.4672071825211
65.91473012155399	134.33936370626463	75.85716003938417	140.8461774024141	85.29645131660008	134.47181616051384
R58	312.7463855615894	120.49616924624057	76.85250378358906	5
312.7463855615894	120.49616924624057	323.714515811164	129.39501619378223	327.5882299562687	110.74787634675502	312.7463855615894	120.49616924624057
324.30727755652674	126.54160193870221	332.5996329949689	137.42703838190732	330.70543677233167	117.73536617916115
326.68065025499635	115.1167494690364	338.26663122174534	128.18030137940914	334.61598619130524	95.01796765339628
314.7738853917933	122.14115433162934	322.358522043936	129.53236020938965	332.6390615787334	113.73408813547098
324.45440582166555	125.8333614148215	334.30661131808074	139.44688201651869	333.1143455703696	110.07678353403185
R57	123.90585470946675	230.43024117706366	25.941927278386178	5
123.90585470946675	230.43024117706366	139.48309231800204	242.83838408352472	133.80860401874244	221.5668625579399	123.90585470946675	230.43024117706366
135.2757868794172	227.06677905382634	147.4430158614664	237.43216509808786	146.03401836745672	213.4403621915083
124.31297724794196	230.06584932080364	132.54403972121443	240.10160802970026	144.48266279718774	224.9930863686258
134.72902460558856	239.05150267071912	147.67668219941194	253.41402174223788	131.2768424596558	217.85468314848887
133.44307860202235	238.0271745977173	146.0917694545779	247.42388353596291	145.93179234641138	234.55423356975697
R56	40.56419888422374	437.00403161843866	32.3655640011431	5
40.56419888422374	437.00403161843866	48.73751703275143	452.10905806829817	53.82441197725347	423.4366424568356	40.56419888422374	437.00403161843866
49.88227800053154	445.65658311018115	58.56718934300013	455.17289251847853	67.81466758600604	441.37726652684415
53.00818441254585	428.03733034682693	65.20160320750675	440.8932327794293	59.636088836910076	414.9326143139053
52.03317547371372	433.53299358030904	64.95198327329712	446.6764877824562	58.79743194185641	419.9421702299976
50.64101642915192	426.6937821387847	65.55020132266813	436.13912451769704	59.08131422516858	409.98129140466375
R55	409.7854299746085	267.34327196619114	64.18731807894687	5
409.7854299746085	267.34327196619114	420.9933342926182	278.64262751515963	409.1221270908666	250.16099005787095	409.7854299746085	267.34327196619114
420.3901022437205	278.03447337629217	432.57214436707613	289.0058619725197	435.70033646098983	272.0521165069284
409.4258806421477	258.0294605208995	418.987711352993	270.3259575437054	423.067733154249	250.639603650811
409.200361174422	252.18757566670317	423.46195287117456	262.593832102817	416.562493974807	234.9749040010361
409.3571173439971	256.248207336677	417.92937269808886	266.784011168694	415.51828182226416	242.8146913874744
R54	326.7784752449669	161.19089075821995	79.2033327177381	5
326.7784752449669	161.19089075821995	334.0252425927342	168.37405566225684	336.4577208935951	151.51455573177304	326.7784752449669	161.19089075821995
335.39803589368404	158.8592293414048	348.6420999727588	172.2696187017747	348.1210749240612	152.95669630102242
328.9708835813731	163.36405706281266	337.43195098473547	169.836012797297	337.0519101829438	156.34525108594048
334.6101897183282	164.31978885963053	345.39761222970844	174.30886636110083	357.2081350152619	165.8173345519099
331.3612194154607	165.73341372189876	339.04497526770166	176.62076189545056	351.0568730869041	170.26148328202783
R53	342.0907086299348	95.95723113386995	63.51294755637079	5
342.0907086299348	95.95723113386995	354.2741244541816	110.20490395543898	356.7992296309455	88.09858074718228	342.0907086299348	95.95723113386995
355.87554960089346	96.18504362929909	367.55049718929484	106.3397995400106	371.58913548821823	92.79822974228259
354.96647257381596	104.14366284512573	369.5909983407155	113.96914205445796	345.574178258028	84.78780048759668
343.3931206466793	95.2613623447298	355.1168229624481	107.23695700755988	365.3699289113861	94.78690406196624
355.19539897325745	102.13950039536917	363.6483364366013	108.78606839389532	360.88137738946483	88.80538834432703
R52	207.0866391315171	344.943608651218	65.45831216466448	5
207.0866391315171	344.943608651218	221.39134131755358	356.0792923472587	233.74393796592372	340.8021395575293	207.0866391315171	344.943608651218
226.26908244708602	341.9634306284422	239.05937208219387	356.40362334525673	243.6136783185589	340.4345491821752
229.2347106360877	346.37895525405884	241.3854819928649	358.5393761324231	237.74786769310066	328.55988620282966
218.89573794790724	343.10895098105414	232.11703990387767	355.7066575709006	241.3808632224217	340.26533901964314
220.38724701915646	355.29764192472396	229.81506876079973	365.2854897449992	232.1219638466908	347.49030771502953
R51	386.53600075349	117.02479681769768	69.43249354555535	5
386.53600075349	117.02479681769768	402.1232262804309	127.70882516673544	402.8883158022338	106.99328451194205	386.53600075349	117.02479681769768
393.98998391373215	122.13401700955481	403.27963583741473	137.71501430724368	410.2924285499456	129.01664809843953
394.9815559576448	122.81367509296196	408.0386983314958	136.83273587090054	400.88830018176986	102.50357011315602
388.1157328350934	116.05569233498903	397.1049118609306	124.92430927431259	390.503773381138	98.62383794229511
399.1866818058138	109.26409368335314	413.50435603068723	122.32061034661719	420.78025024494735	104.48942828861311
R50	74.03748881646344	454.3250917105828	57.17492033755305	5
74.03748881646344	454.3250917105828	80.38479714803327	462.2738661024357	79.09103129648786	439.0988083577936	74.03748881646344	454.3250917105828
79.19107327404971	440.89084715995773	85.67983172361711	450.33952125446024	91.74712343968066	439.48783350418256
79.79865823831884	451.7744368101975	86.88134071494508	461.33253125464574	91.81608187389459	444.0897011185296
74.38509885705413	453.27774541929705	84.68849273769847	462.0709797736796	76.78016998706755	436.31326316255956
78.84899880598442	439.8280503292529	87.32641045100267	449.84859191853326	94.50179066374577	433.87524979756506
R49	103.16214073586089	448.90081461087425	47.175663967187745	5
103.16214073586089	448.90081461087425	116.21941498291835	457.9619898506348	122.5120794852912	442.8664223343878	103.16214073586089	448.90081461087425
111.74260064404072	454.8552771881827	118.84212439807169	465.09058716088487	125.15661879021238	451.44986991219486
104.56770870268835	449.87621708905135	119.91993080534307	462.199496514314	104.70037015468677	435.7992224598508
106.9859768399325	451.55438903778224	118.9716791705448	466.56596301193207	134.76664602171547	454.6861981183455
104.44575090055754	449.7915837271372	115.22406930991355	460.9149522089215	119.55879641912317	443.0053181085149
R48	182.44094790375848	240.56703094900183	49.387481493516205	5
182.44094790375848	240.56703094900183	193.9467581749563	251.9307928417563	186.8495610208895	229.7378000544644	182.44094790375848	240.56703094900183
187.5855249999552	232.03916535749147	196.4333765119525	243.2978617029959	191.12842148356182	207.5203616323342
191.45962000187018	244.15349169905522	199.3995271907581	250.9767533036992	204.60099309884242	239.5172639335437
191.18997885295897	243.31032164994434	200.85252114810515	251.92799854302547	210.512100018174	234.42026749990788
193.50811018078267	250.55913702333547	200.89982242932118	258.4720332690019	202.02304997846994	232.58751431688546
R47	103.12006736658891	295.62134616996116	49.21775280557265	5
103.12006736658891	295.62134616996116	117.0234098902939	306.7460365576585	102.64368541687301	276.1021910461231	103.12006736658891	295.62134616996116
112.89087628279113	297.9394198750082	126.22165301651921	311.1299546678906	113.20347475680781	275.125175376971
109.77065338744853	291.2900832661485	118.8117102518381	304.7260402781381	117.40611516422302	278.7228972868798
102.94788314883797	288.5663130013835	110.85354521238555	295.4542316270337	114.36503250804171	280.0930209736925
113.8899259101149	304.23879493177844	122.70543084705726	312.22105736401033	137.28872586565546	306.03182595431457
R46	372.4916150800858	52.901316461631374	71.0584288869893	5
372.4916150800858	52.901316461631374	382.91150893086166	58.35163451640741	364.88156788344673	34.50876513574551	372.4916150800858	52.901316461631374
370.7554952212685	48.70532755563754	379.65207537532075	57.450173541077426	378.1805679439578	32.57651273587492
369.8000375200554	41.01296993541822	381.15914203013705	48.840208191420594	377.2327136551085	26.103039147156863
370.11800578088065	47.16459371403644	382.16865069408135	60.01591965775772	380.23754416910015	42.01785401494347
368.2167872807662	42.569581627840336	377.7711032320924	53.5228384864063	377.42133095154685	36.819090642087204
R45	92.74404335764879	301.6423044339905	51.24684431634825	5
92.74404335764879	301.6423044339905	102.55431909062062	316.92532262056176	115.01866917916796	308.97609260382086	92.74404335764879	301.6423044339905
105.52217151462844	315.0325531294467	115.70610627713216	322.4064483753084	118.28303550051102	303.120769398698
109.22020878875274	307.0669839815169	119.63586568552195	318.5027257805859	105.94075225826944	287.0604027229671
101.90311602558907	304.657874675977	111.84661245567023	314.21212299042566	103.20875690331827	284.59535049287354
111.36503244045757	311.30622603454907	119.08319226197374	317.91229147336344	115.71531117525562	294.2215133422969
R44	148.6214218965675	153.60791235464265	37.77255942326761	5
148.6214218965675	153.60791235464265	162.99011368258687	167.50227539101022	161.6127370933553	152.15529049851196	148.6214218965675	153.60791235464265
162.19225352435623	158.61236983400997	169.49384790345496	167.27961532657554	170.99136407064253	148.1837439038264
154.84845663431597	152.91163744929855	164.43790879973113	160.48694172553138	167.09282511616524	139.756829624402
159.67595817255832	164.29752436001385	166.94374033961134	174.261982227056	165.02199748531382	147.74724990547006
160.95910645984551	165.5383142940292	175.19995955475068	177.2291448532411	176.28355852267214	163.27935167149576
R43	299.9666753670464	456.6373504148735	35.28277822358289	5
299.9666753670464	456.6373504148735	314.5806248155502	467.474365707511	321.5126731873662	453.7229566982812	299.9666753670464	456.6373504148735
312.4400059966071	454.95016021301217	321.18566018464213	461.0542987315582	316.1801639041172	439.49338456414006
306.24716746880785	455.7878271358347	316.4754448662999	468.4392202583807	318.0704666758237	441.87354026412174
320.26700855035625	456.1940363839773	329.38413313624716	467.51006888409427	332.55822153627577	448.0438991302114
313.7778877596276	454.7691932308279	321.25960159702134	462.07113171581346	314.62576587838805	430.9140273253863
R42	264.92325762571335	279.39701556403645	65.06159718338678	5
264.92325762571335	279.39701556403645	270.802829791077	287.5512714191943	282.6881167036774	279.0253926987188	264.92325762571335	279.39701556403645
280.99718975888766	280.2383746117745	288.72232690544615	286.6883199495002	275.33948132030275	260.57003048795
266.4945492192588	281.5762070624089	274.5364514209118	291.5298688476876	281.11020393470966	277.74868438567586
264.9479786923013	279.39649842435307	277.47147452961985	287.070195991011	258.7053482382514	261.11376981098533
281.5200967488564	279.0498264935749	290.33406158765524	285.38854914649727	298.9994349766462	267.08614298068443
R41	391.84260446545926	164.1791904960152	75.1779259440386	5
391.84260446545926	164.1791904960152	399.936743251239	171.72362914095078	401.111751979368	151.69784625778107	391.84260446545926	164.1791904960152
392.01749205309477	163.94369611198493	402.2736087608156	169.6414650572155	412.3578631596173	153.25894572971526
393.78082723093087	165.98578204594116	403.00481070139676	175.6298377908004	405.86360548186633	162.22386413655298
401.0432277569519	152.86571094464875	414.05867051948985	160.3246267163608	399.1967596411427	135.92583817423994
395.8476514114848	167.91224125707464	403.95672660971314	179.19278325846832	408.4082450193416	161.67933876694252
R40	113.47473056927615	415.6502164306891	27.796829952540293	5
113.47473056927615	415.6502164306891	121.122687411129	422.4305759413967	111.88561692943861	395.1046873782254	113.47473056927615	415.6502164306891
112.77229077651961	397.7277214651949	125.19999109233338	409.8505635228757	127.76416524892029	392.79266394640297
112.33203449209641	400.8763859988812	127.1784358225277	410.94213292749765	116.04710359914715	387.60416692107214
113.56271189940539	400.0660125462001	123.72040867369793	412.6434586937795	122.32150715075768	383.54999891272297
119.28406110827189	416.9913950278399	127.45616489454417	423.6883685804381	141.44446931040778	414.00426473505695
R39	108.48858815971252	169.65069018172602	36.487921093084566	5
108.48858815971252	169.65069018172602	120.04049180980091	183.00776423649552	115.10108598896157	153.13969222647935	108.48858815971252	169.65069018172602
115.61142097793427	156.22563469663606	126.06668082793392	172.06844461230662	126.55928455684474	144.37354847545134
116.12138753953172	178.47623700496877	125.30228594408212	186.47726143825636	121.90717583981964	163.41608195794123
117.16783890861171	165.63713164937172	125.83947586192436	174.79645720602434	114.24834375724298	147.2952234570257
116.42175913833952	161.12566506574132	124.12890751242593	170.26764407931677	127.47368138231141	145.2263715494638
R38	461.2288816790194	236.21479418110664	20.854444964871657	5
461.2288816790194	236.21479418110664	469.4160373552956	242.50951508772476	463.87639187788307	223.6488251382767	461.2288816790194	236.21479418110664
464.46134435220597	238.7000834773308	472.10652949870996	245.19410427775696	482.2997657225729	237.85811617133558
462.0977484664845	232.0908617564777	468.584615620672	242.15656146762618	482.7337317916806	237.33107922406876
466.4023592717498	232.24892202757957	471.9565961639537	241.48601096701492	467.0068659119358	210.75778001055969
466.014528321044	230.9284838616558	481.574971229946	242.23045095777854	477.35757355231743	224.56639866778764
R37	256.6498312436356	251.5426843934829	24.482717123150795	5
256.6498312436356	251.5426843934829	266.6906545518606	265.9818178263166	254.64342499959648	229.80526584270223	256.6498312436356	251.5426843934829
254.77573405054366	230.20257588305037	265.9097459366032	246.76256098536672	260.17070570955065	205.8648663953959
255.6148354740803	232.72230841876794	269.5419643484413	242.86217511953816	275.0872758805193	232.92769776746468
258.37307661128625	254.02078494731276	265.48484491603733	261.83323396041425	257.4734707008829	237.69495470621277
258.1356887849586	253.67941109833095	267.18607819864604	268.15002918097457	261.9082962098905	234.50664878879834
R36	366.45736353078263	34.91386618389403	15.77863981305948	5
366.45736353078263	34.91386618389403	374.1604575315931	44.127569626683865	369.7151924730884	10.299453365493392	366.45736353078263	34.91386618389403
373.1455381684806	36.404113373964385	386.36297887031407	49.986197254017455	395.11156290875437	38.8628734856206
371.4110603412587	23.20487399914625	385.3600535890669	33.43422207343899	371.677708824167	1.7753520497033843
367.3300643819009	28.320205375787708	378.0576868680833	39.453613905706156	388.0761477034551	21.36486672592749
367.7179973612408	36.421715661333565	378.78446080930104	51.77465690062174	381.4545704342638	28.05236061500634
R35	447.33824153012847	473.5241658653088	68.42832934334531	5
447.33824153012847	473.5241658653088	455.14272759088954	487.3675345384999	465.0837397686098	468.3681932582856	447.33824153012847	473.5241658653088
450.71131556687624	479.50722574768054	465.8213007826379	490.4914471370728	448.5050060896676	454.2347030174893
450.4108365219473	478.97424482297447	459.92160186707775	489.05594771262497	449.5046003775129	458.4384146355116
457.0437211973766	483.73434048788795	465.9046963020824	494.84962335176624	478.67635974315044	480.3081347670395
460.4095848839421	477.3014751276523	473.8683096474096	490.7623943096727	462.00613255858536	450.92850338161287
R34	445.09661514073224	382.67486318142727	59.90547290450115	5
445.09661514073224	382.67486318142727	452.0687929533864	391.9143825652915	458.2194652384671	376.6922926916507	445.09661514073224	382.67486318142727
457.07940047796467	379.5138002345308	467.2579333735049	386.92158283439085	454.5491177421494	363.6004917395947
452.43711641772563	379.3284052098097	458.755077522401	388.09099918980985	464.4046652872673	375.8876606047034
457.1760999177802	379.27448207622587	474.1550995533999	388.97801746461016	473.10005151302784	368.39810788117484
451.07712788101776	390.60022952664957	463.54875878826147	405.15549212408905	460.1728969406391	376.63789184505356
R33	196.96758393813334	15.382995544299394	37.071746849550244	5
196.96758393813334	15.382995544299394	209.40299210474262	25.1003419982501	216.15823488145548	16.032877149404577	196.96758393813334	15.382995544299394
211.97597960535123	15.89124720783451	219.39313582884077	28.294397876410272	227.89943511473342	15.246048347935712
209.27030932549738	24.996660276096325	219.70559680431273	35.5106789931304	223.42507134896857	24.02052410143222
206.44214146850507	15.703846602123567	216.8554143899908	23.18477015064218	226.3129980774114	14.580531008454125
201.40464132092927	18.850225831155697	210.89474117133275	28.06380488344752	201.4074203073264	0.38622499427833645
R32	279.76281768237493	481.5994917050292	22.583177475443964	5
279.76281768237493	481.5994917050292	296.251589786387	492.47351659918456	275.44833059742626	462.296104971784	279.76281768237493	481.5994917050292
286.1085871859725	485.78440342067495	299.40300309875806	498.67319464360196	306.3180153541415	480.11449809590437
277.0782993744317	464.6605536515181	288.26319993685553	474.77948460747456	290.02563996860573	449.925037376306
293.01442874105675	487.777659066392	304.1669823136218	502.8705886009758	299.264760983416	479.1660030299988
278.98550099740544	467.4271590141751	289.66406945464473	475.04208375409047	286.8908476976794	458.8492659426366
R31	183.98203587814294	3.1362000358522435	32.89721890743454	5
183.98203587814294	3.1362000358522435	190.05375494623667	12.11573219831848	188.72889135168006	-22.743370161222483	183.98203587814294	3.1362000358522435
186.22320005929862	6.4506824123191775	194.55319170821272	15.159590529596201	201.82625949666027	-4.054837039125784
184.22786969138681	1.7959288895898382	190.14810316896174	11.145303239235693	201.05335577583426	1.7988307805191752
186.04753527995967	-8.12477832325931	198.81884730815207	6.987917611861004	188.84597100588712	-33.69551485437695
189.70537886027964	2.9494469370373126	201.89416847661306	15.669255623076776	197.0903335232619	-4.593147818295945
R30	234.60925032307756	323.2487620991249	41.416201624996816	5
234.60925032307756	323.2487620991249	243.95591030903006	334.8007968012746	248.09971036201253	314.24296296652915	234.60925032307756	323.2487620991249
245.21094723194219	316.1714087286438	252.95887304619103	330.20103381131605	266.2564596079276	320.8292213107927
244.36103454216803	332.7909322902481	253.54581852524967	344.1922258578174	261.788830715023	326.6854830827638
246.48588773362107	322.24930907614544	255.6719265294813	330.26810241194096	269.02880890305954	323.3721478917783
246.93996899115982	319.99656354774197	252.24398037400934	329.04795589298686	262.6958980601592	318.56986117374555
R29	405.42232128330687	32.238760381498864	61.03045823760337	5
405.42232128330687	32.238760381498864	413.56198345469164	38.15663355070323	420.0176398597211	25.787717682067168	405.42232128330687	32.238760381498864
405.98025326837194	31.992157812312758	418.9148015863253	43.02802836048198	399.84570716893023	11.765679449896147
416.4931818018629	32.5405128224997	430.9135214370485	42.38653109015527	428.4826504656574	20.409263917017498
411.11447958244116	36.37719637110703	425.1943523107087	45.84328963359381	410.7540515635463	19.966940006408485
418.29144148963616	26.55068694065551	425.1451290795962	34.20319780325543	419.8964656106871	5.02259608879084
R28	283.47775710870735	260.1809219171391	31.044350689408958	5
283.47775710870735	260.1809219171391	294.7601880998817	271.2058696687303	307.68035353841907	260.0912675476418	283.47775710870735	260.1809219171391
301.6221368523647	260.11370917281386	310.4157507890495	268.67728362157743	304.3024676084078	239.23591499619585
301.7662285460961	265.1789072142355	307.7949232691573	275.85461771566276	302.67814112829524	242.21424302159684
297.45292047814223	268.88944042908076	303.59081174244864	277.856887010617	320.75748331659906	276.63480193571155
291.48529579912594	260.1512593627681	300.4853527079828	272.41184383985524	306.6688871432812	257.78682001022094
R27	75.9209943368343	373.75863272920975	72.65443790725455	5
75.9209943368343	373.75863272920975	83.74023308792687	386.107983163576	80.41434302113666	357.9583287828365	75.9209943368343	373.75863272920975
78.67706158365388	364.06726371782514	86.58456070803662	372.2700349054336	84.05126552530875	353.84621385359094
81.31722280505272	365.60011890644165	97.58402534465063	375.30420596111276	75.69855458914917	341.1641632285207
78.48514513016465	377.8083359959082	89.08646416759922	387.80449535262903	75.0803598171191	359.76043088748617
83.04582153039438	385.0112610985995	93.27668845268549	395.3080219569669	94.26549276028906	367.97128855080365
R26	288.7617738871627	458.08098167362255	40.77782384183513	5
288.7617738871627	458.08098167362255	303.2540162256808	471.4518203105058	283.199636245573	436.40198909566135	288.7617738871627	458.08098167362255
284.0642051282598	439.7717335354173	294.59650348682527	449.3036537259807	290.2000425064764	429.2056043139886
302.4596264695847	470.0634339880371	313.06809194790355	477.5107591303468	324.92391011376014	466.8884666933526
294.55706762943555	456.25182007689426	307.02394506833724	469.7963308830926	305.9995518535897	444.8116260115311
292.19345418215966	461.24711997064946	303.0396823306222	470.05859631286125	301.966293082633	450.4270525887577
R25	369.42511407606065	408.44866318747927	32.72324599003032	5
369.42511407606065	408.44866318747927	380.6540689912751	415.29430843657275	377.50308933700245	396.90281191481006	369.42511407606065	408.44866318747927
377.55878852770843	397.2279144494281	388.5432307207489	409.4686660378649	383.6911551262361	379.82653115939036
376.18598066149514	412.57037305004405	384.33893224444347	418.86663275434114	378.41022882939046	390.885265034697
378.2991093160956	401.54898557603764	388.09282736195917	416.3915357280488	392.5439133423292	393.64218442391405
378.0918450869025	413.7322685111727	384.55152157582864	424.04190663083267	378.34689661347295	394.9284926111086
R24	306.80496098155203	49.819143708884575	60.066031225122494	5
306.80496098155203	49.819143708884575	318.0349669187818	63.797012715443344	317.8538021655289	34.40099977150933	306.80496098155203	49.819143708884575
316.777447077353	35.90300323059512	328.0110821164666	44.369584974748	326.1128560983195	21.367669042477388
317.8541185574328	34.45233790618111	329.95815441247765	43.966644669636146	313.93967563588956	14.279831174130422
317.94254614756414	48.8007061038024	326.3503711066223	57.0310479075496	338.64393924805137	41.65219162798322
317.9393555208595	48.282991138704006	326.8190350958012	58.069954180022116	319.410779105158	21.2313882307626
R23	309.1085278507395	95.5882325656936	35.82258819134896	5
309.1085278507395	95.5882325656936	317.29332098451033	101.93707027055149	331.71492843461414	89.0306623275162	309.1085278507395	95.5882325656936
323.10105892765023	96.73951962442928	332.85334391822124	109.04390024889152	343.0693090511345	92.3110855199333
312.72064702227203	94.54044412683493	321.7123504189277	103.89119584556448	329.404666244103	87.02529411552796
312.76099225439486	94.52874095045178	321.2694443577421	103.87602053614366	317.94406814672595	73.94289963925566
315.99302476022535	100.92844738157916	323.6834305791543	111.02865222751984	314.7041887116926	80.78329763019488
R22	101.19902766020367	75.06805940672933	24.527526482547113	5
101.19902766020367	75.06805940672933	109.19488762736046	83.86607664672854	120.67271047071782	68.65378170125531	101.19902766020367	75.06805940672933
112.28585670319026	71.41625912597118	122.89417028477976	84.96631435857286	124.65181278568045	65.41276897225755
105.15552443858329	79.42147817708867	115.100944090897	87.1012799734319	118.6247385994306	70.53872116025282
108.53103285227856	72.65302995916363	119.25304471767144	81.59879009818266	120.04291246749736	69.08940979828498
107.6136863947345	82.1262468145788	113.96389424697291	92.66753704722709	123.1476357754005	84.68114915989719
R21	449.49237703908904	35.979309685446715	26.607971788601446	5
449.49237703908904	35.979309685446715	456.5545768524138	44.732985530317734	459.0760355220632	30.07199258300011	449.49237703908904	35.979309685446715
455.2716474907498	32.41699752256953	462.7218164137743	40.89669972269044	472.7707409644847	33.71241861496149
451.0498294205658	35.019304160866646	464.5542834851235	44.51630118545494	458.570277340177	26.284941721751657
456.9687400137865	42.3248385077182	466.2642998438041	54.67744563647929	471.24454036228883	41.00248088746672
449.72955863128294	36.27329892807877	462.66133253899596	47.78538606645515	467.48817546389193	35.80639058532812
R20	237.64493920664415	270.73146799748	37.104983669729066	5
237.64493920664415	270.73146799748	244.40771343747943	278.60992539649783	247.42875096988956	259.5741590646672	237.64493920664415	270.73146799748
241.58852476374113	266.23426348984606	251.88104712171256	274.85628600482676	261.8911876663846	264.79222790175345
244.68796221810857	276.84405845654607	255.5408189574635	285.6632859080568	240.9052475972817	257.0705605687457
245.62051777890827	261.63624047246117	258.1232591766648	270.1874989149589	237.4976159531147	239.4671586286006
246.67491593902133	264.3241257057332	254.88748111312236	272.86722492043947	245.08267940948463	242.32554466776708
R19	176.21353743047226	176.19254591909578	40.72700878929319	5
176.21353743047226	176.19254591909578	189.13060449966636	187.73551374630364	179.93650935309347	158.29648524523844	176.21353743047226	176.19254591909578
187.0018393478022	185.83320360670146	197.1368409527296	199.74675539550896	200.87401056901868	173.8508326019889
179.1041972467462	162.29735021665346	184.26305572396143	171.47810176619006	190.55537042703136	151.13279976848764
187.17593214078707	181.47675153360873	197.03329519719875	190.93705996731728	203.88006873317735	174.29619889901952
186.01343252275	177.75448644473514	196.96928232608073	191.16188536540324	204.10415544628432	180.36692601640195
R18	118.67039355194613	312.862182778308	71.71900427750576	5
118.67039355194613	312.862182778308	130.13240653280596	324.9103441852185	133.66241835346213	307.95209947585147	118.67039355194613	312.862182778308
126.1128442134993	320.68522808309825	135.10069986286433	329.8436350024964	136.48089019762693	308.93799908765976
118.8597904831185	313.0612651559452	124.40062724509856	321.64276042181046	143.35334724923166	314.5348510852704
129.6020761953009	324.35289362955155	137.8072509518974	330.7884075577162	150.09236698123442	323.8179154451007
131.58157831942526	317.94849503797343	139.08316311860554	330.28579086264347	137.24656776090995	303.84949077142727
R17	331.07732507659733	254.63535510840185	63.687750929408736	5
331.07732507659733	254.63535510840185	340.4605230086398	265.110366420472	334.7322838409717	239.2305203954587	331.07732507659733	254.63535510840185
332.89391994613493	246.97881354126406	340.7242380694312	253.27443680634954	351.1887147422167	246.3293203203696
339.9249403942828	264.51246429962055	354.29521484121625	275.9579703635901	348.32908213193224	252.51851636184554
340.22951462590186	264.8524782846905	351.8680641350658	279.03299601022036	345.19054964286454	243.57869417598067
337.3278645029745	261.6131969563558	351.3271733278764	273.31688575530546	347.02044502456164	249.89065191175828
R16	9.957120661259978	182.88510161029416	71.98804882337737	5
9.957120661259978	182.88510161029416	21.562368108117518	195.42197797085097	36.12621220663201	182.40013666157589	9.957120661259978	182.88510161029416
25.21791621070316	192.1534750283382	32.664526922879006	200.70126084335897	27.678950057185787	177.09736378893402
32.31814978841259	182.47070757887982	40.84263261299017	191.8816573950185	42.49446648622144	172.44837141312982
20.979306656503855	194.79211037320084	33.819592513297415	207.0090054736891	25.254041987576926	183.07023491730064
25.778389767073822	191.65234375696951	37.45378704888051	206.08452464733134	26.185230101116304	174.3534619179111
R15	84.34985583312665	250.75973333738844	13.5593134171143	5
84.34985583312665	250.75973333738844	96.97891352038022	260.62326474961935	110.93040756977447	247.85188191912323	84.34985583312665	250.75973333738844
96.60948184343171	260.33473166659036	105.68558721379371	271.4283714720164	109.14936325458922	259.29119780761226
100.19011175378844	257.68369126463836	109.91948638528865	269.6417963972789	108.41750413795748	239.20932354686136
104.17231042847742	248.59120225196645	117.28058149530358	256.35750974616553	118.70525696877192	234.31827769245092
94.3059685764061	249.67055742983808	106.74634606833591	264.69531068498594	104.90502562121961	233.43043153776156
R14	264.7648965761463	196.13890749105008	14.29222624132227	5
264.7648965761463	196.13890749105008	276.19030684445175	203.90478001703244	283.50473821773664	190.01265086042432	264.7648965761463	196.13890749105008
280.6858761633029	190.93416731088712	289.5131645315719	197.2021180965691	283.4925146218879	180.59881971362097
280.94322440310265	190.8500373918299	290.7358237888046	206.22797228737812	297.881191392718	186.64815547568563
268.1585786028847	198.44559945172978	281.40308559073185	212.69692510240043	273.07951112029605	181.0930805883971
281.3393213224244	194.1253767378522	291.5864946177473	201.5359112061099	283.78525682271186	177.6989847822746
R13	52.47277746247142	244.18360880420093	61.49504892739763	5
52.47277746247142	244.18360880420093	62.02443717909541	254.09875779353578	53.979139575916314	220.21733121608446	52.47277746247142	244.18360880420093
59.828647965203395	251.81940762290293	71.07512818640122	265.9490619506147	79.61791389660738	258.50264373317657
57.10150304828707	248.98848096000359	69.79577329948437	264.35455716032357	79.49426053899438	253.27864869430545
54.1123518303636	220.77833236742646	62.414437126108545	234.7773627359673	59.98036420855708	206.1321351846317
59.40781240908735	243.0792797830845	73.08181546618641	256.322436751464	84.09500545764546	246.305277251194
R12	282.3251693629794	43.79415341185794	18.186814152170193	5
282.3251693629794	43.79415341185794	297.9354835998607	53.814651915544985	290.5597822934835	29.71482143007585	282.3251693629794	43.79415341185794
292.4231660229607	35.80335866123421	299.7800358902599	46.637857809026954	317.7876520600181	37.855919720057685
283.8100131084963	41.25540529939193	297.6530877981326	54.0776158789096	295.0034588092006	25.332572715085114
282.65204912337924	43.235262702162764	289.99303655038557	55.212834375987114	288.0997104126273	31.08692881951651
282.8824412411708	44.151874719502736	295.1310504307461	57.686674978456125	298.9557541162315	44.21426809557795
R11	150.74072076095803	59.04562771683358	52.9218786594071	5
150.74072076095803	59.04562771683358	164.91123915619593	70.35289699388949	169.70315095807885	51.22183098533731	150.74072076095803	59.04562771683358
158.7242736987817	65.41604976758505	166.73253974231795	73.53110144871884	182.22686007241742	67.24504795894823
169.21532569520588	53.16940800480478	180.41938152208508	69.05363568013792	188.99719328448404	49.43039274824412
158.42919319971833	65.18059227984494	171.9722995840801	75.9704906664268	178.4631658389495	56.833794447492366
159.2699372662591	55.52651885142397	173.15083423865096	65.63941992442581	171.99734706884243	43.27474228307828
R10	39.43142868421617	138.31649098630234	54.707832049878824	5
39.43142868421617	138.31649098630234	49.255388478633535	148.09033561445017	62.04329641856135	136.90815779324979	39.43142868421617	138.31649098630234
62.03558045103066	136.9086383662532	70.42501895172062	145.5609401257325	64.57267900905157	113.18347964077495
43.97666065892136	138.03340065801518	58.33564543997562	146.44747144984052	44.945171550034374	119.30429551694019
52.67867907383255	137.49141352434472	63.20738382634991	149.85046461519082	62.111265920935104	124.12072016699436
56.92311132803643	137.2270578815696	71.78848919376584	148.83006634210332	79.3157590838269	138.59512795569475
R9	278.63072741544784	284.865079321681	73.6864698948831	5
278.63072741544784	284.865079321681	287.21427430608276	294.4293778569373	284.3303986966869	274.7578558037951	278.63072741544784	284.865079321681
284.57327304460773	276.41455281100997	300.8515515147101	286.0159204817797	283.76121007371484	258.06932243513023
285.2965637588533	281.34827089155397	294.8122507970241	288.01740473418903	290.3786686929656	268.539394304986
279.05033411334927	285.33263006466126	288.54569011193735	293.1365137947754	297.15023294940454	279.5094334387707
287.1355267202497	293.89222401219456	295.4022662275052	302.8061260108817	288.6612190195204	276.6589038547053
R8	322.02997503413206	444.48449492670596	16.082394472356185	5
322.02997503413206	444.48449492670596	337.925814126535	456.0485209349316	316.14204522680063	423.1877572689645	322.02997503413206	444.48449492670596
317.25131932061515	427.2000196667059	326.72269351186657	438.36570966822234	336.1187433900658	433.05873399619986
322.64961464849506	444.9352750695199	330.9309231733128	457.2105285296647	343.2978119339857	454.3509842708502
325.96265841503407	438.00212894719846	333.97737928187604	451.26976847529636	350.4937416108391	440.24224471024394
318.3588302591825	426.5317722271953	327.00732806671687	434.28177578897674	325.1766699599009	416.8853095761995
R7	135.50940051077887	363.7905918952102	49.191510993506924	5
135.50940051077887	363.7905918952102	145.7439036230536	377.6422815892037	133.78996827108313	340.44051950394714	135.50940051077887	363.7905918952102
135.234597167257	360.0587333104647	144.8301714513359	369.32350732464585	134.04112034697926	344.8624627548772
135.03133136121588	357.29836208084953	141.61258223741254	366.28421886187283	144.2541039020331	352.35620707916684
136.86350413025906	350.005649850308	144.00507772836988	360.19642753640596	145.07725559647372	341.7729408209671
143.43566485943725	370.45882720437913	152.07828896074298	379.95347857794076	154.05947159954823	357.8646019047288
R6	401.60536721950626	422.63683923070795	19.384362866919897	5
401.60536721950626	422.63683923070795	411.78213718353055	436.6343810666266	419.0586784011547	413.5061111951152	401.60536721950626	422.63683923070795
407.24874162479375	430.398965093139	413.7842996290822	439.0138261761324	417.9324855459612	419.5669509134956
403.8125018448765	421.48217317379454	414.90152633331275	433.6447908285955	425.3107319231135	418.3384267390587
402.13933818872465	423.37128454166833	410.1508059306972	436.156283024549	420.7396821437727	415.76930591583346
416.99848172890125	420.0543850520487	427.03989525182453	431.2190303486868	437.9884482281591	421.2379287428867
R5	129.9045922774611	386.58439420092634	38.795084226304134	5
129.9045922774611	386.58439420092634	135.5987398023231	395.09331414608897	149.8741709827173	388.7840538167193	129.9045922774611	386.58439420092634
142.97783644688786	391.83200167588643	156.1766144421592	401.8841749679512	166.61528796909766	390.1133479722259
141.3049295354577	392.57137025100246	150.8585649426371	405.7485651064052	154.48777849073116	391.13187040117856
143.30946626216343	388.0609481329921	153.39061439732302	396.5497808331839	154.65614778342916	373.5709738013038
144.82532875981306	388.2279211857735	154.75016986886695	399.84304755184485	147.61537740197554	366.2859775278292
R4	156.6880621712511	206.85091849558356	36.4554374488278	5
156.6880621712511	206.85091849558356	170.75027335248058	219.88298543904645	172.8724217932173	207.6182007281557	156.6880621712511	206.85091849558356
172.07961182946278	207.58061450211997	179.9108639094146	222.12902940544313	178.49885384971557	193.54976741272327
172.8305847735807	207.85999438826846	188.18667774844147	220.26078568051307	167.80019516076567	188.4457087779172
167.88816798310657	217.23054704993206	177.5742965728917	231.42147492390416	190.79051268039152	216.8370456600744
163.63274353018085	213.28685884694147	178.23881630747186	226.02196889692183	183.9692093561034	209.34248437840358
R3	373.3850953083268	478.1321258228916	49.42412683072621	5
373.3850953083268	478.1321258228916	387.95325502226206	485.5951086722881	362.2473057842625	458.45937770410023	373.3850953083268	478.1321258228916
369.4997525756562	471.26942036685296	378.74924476955016	481.8303031203639	386.90418272656865	471.24747459815495
381.7787644217175	482.4320380881878	393.42410545073886	493.7692443035205	398.152870502447	477.8259569881084
366.6810076463066	463.13968496712613	376.43044326906255	475.92265452786097	381.8317857569558	457.4556057848475
364.093717877968	461.7207070697231	378.67198141416986	471.8723101059873	371.70052147145833	446.0286878355542
R2	425.9540098487946	210.115726211178	63.52038548282486	5
425.9540098487946	210.115726211178	436.64356681070785	221.60922226184258	433.87353131759846	199.02246568380966	425.9540098487946	210.115726211178
434.10527863747984	200.91212389028146	440.96956768829546	209.1795043449119	453.43005503146594	200.30899309799946
431.72059002428557	202.03819570751483	437.19624439822337	211.0832921255283	438.62165261684845	184.57841936904475
434.26645420808984	202.22634292781714	443.190818168715	213.59253263606323	439.99363730901615	186.15443956440316
433.53171604467735	199.5012630315641	442.60331595770094	206.24535998745046	431.1105780343347	184.18466017251816
R1	185.75482315794673	195.758370694387	24.99795003520577	5
185.75482315794673	195.758370694387	198.22885130695093	208.40759093713285	206.58742831164824	195.52989230737225	185.75482315794673	195.758370694387
200.25210683358358	205.29044852062697	207.5063353020444	213.69054436606484	226.00328349189624	208.10421045177938
185.8503872845832	195.85527697603803	199.26782176454012	208.53461750269005	189.29694264678352	173.05527687835317
190.63230705987436	200.70435665569454	198.0012632261133	207.98946198974696	215.3040096239608	200.8072695790921
198.7333808181979	207.63028410703393	205.5900108152343	215.64443678127566	216.7567925949499	202.76700045224163
