R100	365.528684574431	35.49601737596569	13.683254060515475	1
365.528684574431	35.49601737596569	371.8704535888229	46.003966880737515	386.0821382928389	37.41943533588602	365.528684574431	35.49601737596569
R99	14.908838358273503	405.58505904088315	13.683254060515475	1
14.908838358273503	405.58505904088315	31.343174652437035	415.32303257863225	26.476088310327164	389.2016416366927	14.908838358273503	405.58505904088315
R98	488.7562131821367	79.21891318668067	13.683254060515475	1
488.7562131821367	79.21891318668067	500.54799208945263	87.5430662065005	489.92747294277837	62.75139131594316	488.7562131821367	79.21891318668067
R97	84.61895384270535	243.7288098755237	13.683254060515475	1
84.61895384270535	243.7288098755237	95.6262462986368	254.43837453927642	88.52959847901364	225.6054374684654	84.61895384270535	243.7288098755237
R96	345.389709899754	480.6056178950535	13.683254060515475	1
345.389709899754	480.6056178950535	355.7075305245424	490.3527128181012	360.32505124088755	479.23321498936014	345.389709899754	480.6056178950535
R95	234.28706234040635	84.58130246996343	13.683254060515475	1
234.28706234040635	84.58130246996343	245.53388696138006	94.52325161048465	244.24521392652545	73.2156494257697	234.28706234040635	84.58130246996343
R94	167.62672888217955	159.8245453197601	13.683254060515475	1
167.62672888217955	159.8245453197601	184.11601453318855	169.25410017689262	178.24975724708855	145.94613243702076	167.62672888217955	159.8245453197601
R93	109.31866701485498	23.910639684072365	13.683254060515475	1
109.31866701485498	23.910639684072365	118.4813055289783	36.84706345162623	124.62165167527246	23.296781068505616	109.31866701485498	23.910639684072365
R92	470.84001140254503	38.67994466188246	13.683254060515475	1
470.84001140254503	38.67994466188246	479.25374213147927	51.04187781860826	483.3604354871411	36.80586389736338	470.84001140254503	38.67994466188246
R91	323.18810595660136	336.6804069440096	13.683254060515475	1
323.18810595660136	336.6804069440096	335.27272697054747	344.6610483012384	319.1773415875952	317.3014350922192	323.18810595660136	336.6804069440096
R90	3.602760961877949	444.9480856427061	13.683254060515475	1
3.602760961877949	444.9480856427061	18.02382815356243	454.72561219789276	3.833597398365602	421.4147237510419	3.602760961877949	444.9480856427061
R89	349.28461423616443	419.8455947686532	13.683254060515475	1
349.28461423616443	419.8455947686532	357.3657236962622	426.78801729771396	350.7180642939822	396.07867142947424	349.28461423616443	419.8455947686532
R88	0.33085668172933014	225.05201715666507	13.683254060515475	1
0.33085668172933014	225.05201715666507	11.438592127911189	234.56624694082868	-5.644875572590809	202.12350381082769	0.33085668172933014	225.05201715666507
R87	215.3744043666686	65.78651691004944	13.683254060515475	1
215.3744043666686	65.78651691004944	225.843030270409	76.1324243894153	221.4853541192545	54.03597327791179	215.3744043666686	65.78651691004944
R86	470.18858584593073	483.6648562562766	13.683254060515475	1
470.18858584593073	483.6648562562766	479.7871421071972	498.93879951773863	489.00151634227876	479.84929986740974	470.18858584593073	483.6648562562766
R85	401.7226865944954	99.3061472628432	13.683254060515475	1
401.7226865944954	99.3061472628432	410.0242700866628	110.01346016702475	402.46061847991047	76.64017420546483	401.7226865944954	99.3061472628432
R84	139.00156614967108	321.5236162668138	13.683254060515475	1
139.00156614967108	321.5236162668138	155.70878487953715	332.4330011060441	155.57989580391234	314.75451733704324	139.00156614967108	321.5236162668138
R83	471.1422553558876	457.9085267904077	13.683254060515475	1
471.1422553558876	457.9085267904077	481.3886241209979	469.85139217612766	494.2099909305576	462.4623220807414	471.1422553558876	457.9085267904077
R82	86.58880166174276	349.8648355238049	13.683254060515475	1
86.58880166174276	349.8648355238049	95.1875835634898	355.72028536565955	89.95128235859453	332.15297650228797	86.58880166174276	349.8648355238049
R81	228.88228151685203	405.92583687473484	13.683254060515475	1
228.88228151685203	405.92583687473484	238.17488354884102	413.568859077123	245.36681967199462	399.17042242471285	228.88228151685203	405.92583687473484
R80	61.358328174486445	346.55746409904793	13.683254060515475	1
61.358328174486445	346.55746409904793	68.62967351165108	355.04025254746944	72.20602261136321	334.73101377757735	61.358328174486445	346.55746409904793
R79	152.12971518018114	125.40855227520481	13.683254060515475	1
152.12971518018114	125.40855227520481	165.118979069226	139.4500770128431	160.06040653938553	114.19804025650083	152.12971518018114	125.40855227520481
R78	401.8351242456228	371.2427615954199	13.683254060515475	1
401.8351242456228	371.2427615954199	414.9287590775198	382.92574434935085	419.5234954350111	372.7777022276311	401.8351242456228	371.2427615954199
R77	58.68701992238512	321.4172304412479	13.683254060515475	1
58.68701992238512	321.4172304412479	72.9739962516362	332.05902360811257	66.39648707149411	307.3363360069778	58.68701992238512	321.4172304412479
R76	94.07341534284458	246.56789012371777	13.683254060515475	1
94.07341534284458	246.56789012371777	101.29245733156388	254.89093550404198	95.51891323637025	227.86210449429998	94.07341534284458	246.56789012371777
R75	328.77530662174	265.77138145835994	13.683254060515475	1
328.77530662174	265.77138145835994	337.1190004570224	276.2703292431965	343.78907406425736	263.1797106771384	328.77530662174	265.77138145835994
R74	161.1511348806094	22.82995022205492	13.683254060515475	1
161.1511348806094	22.82995022205492	167.83801412528882	30.948192455929174	160.00542717190993	5.703503228358946	161.1511348806094	22.82995022205492
R73	115.48803063317875	204.17474235216082	13.683254060515475	1
115.48803063317875	204.17474235216082	122.31193566860264	213.9713886867847	132.35225361796918	204.25277169043937	115.48803063317875	204.17474235216082
R72	131.09432477199312	192.87720323866986	13.683254060515475	1
131.09432477199312	192.87720323866986	138.9832402901158	201.18841543186633	139.86666859573955	186.5783451143034	131.09432477199312	192.87720323866986
R71	1.7234177928728833	488.13922554526994	13.683254060515475	1
1.7234177928728833	488.13922554526994	16.510108859896864	499.8585527979121	28.987217575131044	485.53425943135875	1.7234177928728833	488.13922554526994
R70	101.0122100152076	292.73090592098737	13.683254060515475	1
101.0122100152076	292.73090592098737	109.57021057543295	300.40708030081623	113.53616821453838	281.3680398646169	101.0122100152076	292.73090592098737
R69	193.92483760686068	409.8988513870861	13.683254060515475	1
193.92483760686068	409.8988513870861	204.90312528355892	418.7253297378465	216.61813799943994	408.01029005194204	193.92483760686068	409.8988513870861
R68	394.75584359788587	476.81510851897514	13.683254060515475	1
394.75584359788587	476.81510851897514	407.38429852580913	490.46400600999635	395.7438766882844	458.5453851196686	394.75584359788587	476.81510851897514
R67	6.06968951974679	408.6093924354948	13.683254060515475	1
6.06968951974679	408.6093924354948	14.058394288919033	417.7430932781223	15.895857772369098	399.310515627896	6.06968951974679	408.6093924354948
R66	259.2986168452945	271.57506885200536	13.683254060515475	1
259.2986168452945	271.57506885200536	273.93700238655333	284.76431724567317	268.64667216650304	261.05109021144244	259.2986168452945	271.57506885200536
R65	337.41435980080763	246.0697374894501	13.683254060515475	1
337.41435980080763	246.0697374894501	349.50176759710644	258.30464901929065	333.89759376303715	222.80935403504	337.41435980080763	246.0697374894501
R64	119.96745005416886	400.22385547035856	13.683254060515475	1
119.96745005416886	400.22385547035856	132.6216783121649	414.99797326334306	145.9750739892522	401.9951645389953	119.96745005416886	400.22385547035856
R63	301.81259434912397	484.92197211667315	13.683254060515475	1
301.81259434912397	484.92197211667315	311.6263194957596	501.1950637597719	310.18106653556464	473.563863985599	301.81259434912397	484.92197211667315
R62	298.756797266762	207.91728071652776	13.683254060515475	1
298.756797266762	207.91728071652776	306.35126790463005	221.44517012422529	305.6644144413202	196.594565619921	298.756797266762	207.91728071652776
R61	428.19859584603427	230.16484602424424	13.683254060515475	1
428.19859584603427	230.16484602424424	441.41352448300927	239.18343583479128	419.7636264146901	209.0938487390789	428.19859584603427	230.16484602424424
R60	123.80187123403452	260.2917184265388	13.683254060515475	1
123.80187123403452	260.2917184265388	134.61156413833567	272.4003642665395	123.20687521618918	240.14512978055353	123.80187123403452	260.2917184265388
R59	435.2249147311041	352.66808982816326	13.683254060515475	1
435.2249147311041	352.66808982816326	445.3141859389082	361.0711115955122	449.99881665483787	345.38576381925077	435.2249147311041	352.66808982816326
R58	125.6746978301685	309.4177077902834	13.683254060515475	1
125.6746978301685	309.4177077902834	133.75905419958733	319.5918502929315	141.33281981858067	298.7470481035745	125.6746978301685	309.4177077902834
R57	338.16657382763447	311.45595734897523	13.683254060515475	1
338.16657382763447	311.45595734897523	344.6953448620549	320.8176397690753	353.56526061718165	303.2141131779517	338.16657382763447	311.45595734897523
R56	29.9398709869787	26.172887701703118	13.683254060515475	1
29.9398709869787	26.172887701703118	40.54956859803098	34.86373793318453	44.4700739041785	22.88534755362606	29.9398709869787	26.172887701703118
R55	384.081497983375	138.52842774516932	13.683254060515475	1
384.081497983375	138.52842774516932	396.0997054964213	152.52208136820562	393.1159369566946	120.51727860083297	384.081497983375	138.52842774516932
R54	41.24394463076675	154.10485323572283	13.683254060515475	1
41.24394463076675	154.10485323572283	53.8225879681353	168.67316530033264	60.29413629005648	148.28790941196914	41.24394463076675	154.10485323572283
R53	428.8265026692345	78.03827756970627	13.683254060515475	1
428.8265026692345	78.03827756970627	437.3893372001908	86.7785984038182	440.4342426224239	66.76494778687888	428.8265026692345	78.03827756970627
R52	146.43014649485986	100.2615064210191	13.683254060515475	1
146.43014649485986	100.2615064210191	154.07690420160512	112.25270034857056	148.99510478820838	78.87135656652437	146.43014649485986	100.2615064210191
R51	474.77736712710083	361.30562952555937	13.683254060515475	1
474.77736712710083	361.30562952555937	485.4364480038284	370.5945058113712	492.6305700858036	351.8047611724166	474.77736712710083	361.30562952555937
R50	290.5225563299675	207.37297043888725	13.683254060515475	1
290.5225563299675	207.37297043888725	297.2148220382404	215.4875631088012	311.98914298534834	212.03271126054364	290.5225563299675	207.37297043888725
R49	124.83909534906596	4.434987159464832	13.683254060515475	1
124.83909534906596	4.434987159464832	133.68685700505011	10.385988148536468	129.7188324943957	-12.383174738720811	124.83909534906596	4.434987159464832
R48	146.10196477712245	149.2734268106013	13.683254060515475	1
146.10196477712245	149.2734268106013	153.8438164069405	157.85922826009653	161.80284335261362	136.99240510555293	146.10196477712245	149.2734268106013
R47	81.34291764495649	88.64294405683559	13.683254060515475	1
81.34291764495649	88.64294405683559	91.2609672801206	97.16678478205945	86.5324732573266	72.45406364793077	81.34291764495649	88.64294405683559
R46	173.228717582021	118.5876542769811	13.683254060515475	1
173.228717582021	118.5876542769811	181.343999589221	124.65136074281048	183.10655874105814	102.23732896059255	173.228717582021	118.5876542769811
R45	18.433296777942143	0.6872044605861216	13.683254060515475	1
18.433296777942143	0.6872044605861216	33.175578306736774	13.522261898887965	42.711219293800205	-4.498472925858538	18.433296777942143	0.6872044605861216
R44	271.7223996848444	379.44877028804365	13.683254060515475	1
271.7223996848444	379.44877028804365	279.3387732960198	387.31031975037695	283.66530707246307	367.46356081561004	271.7223996848444	379.44877028804365
R43	385.2105306479471	496.32554177926977	13.683254060515475	1
385.2105306479471	496.32554177926977	398.8460342099089	507.28211226281695	406.6385429214383	491.64104065975124	385.2105306479471	496.32554177926977
R42	351.7872599047284	196.27133830197596	13.683254060515475	1
351.7872599047284	196.27133830197596	358.51558321970185	205.89248291689714	368.0664131460306	196.644016672306	351.7872599047284	196.27133830197596
R41	491.810671258035	401.281195106597	13.683254060515475	1
491.810671258035	401.281195106597	501.9256852493429	414.15367669286695	505.3329534538375	397.7142082749054	491.810671258035	401.281195106597
R40	282.61865552320023	316.2237856790975	13.683254060515475	1
282.61865552320023	316.2237856790975	295.54687054897664	325.32405460033334	293.50211430199437	309.81965567292485	282.61865552320023	316.2237856790975
R39	90.30967656462474	377.9396933919765	13.683254060515475	1
90.30967656462474	377.9396933919765	103.97448443323175	391.96946794984717	100.1827693336349	367.9306852143619	90.30967656462474	377.9396933919765
R38	135.11710957821904	232.81270798221198	13.683254060515475	1
135.11710957821904	232.81270798221198	146.1090096388947	240.42483892653263	136.04944860706166	214.15830679581182	135.11710957821904	232.81270798221198
R37	171.30489579784842	81.58011284485362	13.683254060515475	1
171.30489579784842	81.58011284485362	181.18859040299859	88.47915815946267	175.16261084241214	71.5754461920166	171.30489579784842	81.58011284485362
R36	275.9898793616815	131.6309971820384	13.683254060515475	1
275.9898793616815	131.6309971820384	286.0912600891326	142.48697211977694	278.2254966888394	116.2600461259443	275.9898793616815	131.6309971820384
R35	150.66513500800983	475.4191145744886	13.683254060515475	1
150.66513500800983	475.4191145744886	167.5973218402249	485.26331412324566	150.4123065034589	452.4753785146887	150.66513500800983	475.4191145744886
R34	331.5891460598433	168.4920466367335	13.683254060515475	1
331.5891460598433	168.4920466367335	341.9155663123851	176.42004740362296	354.2049431094455	160.84324198390067	331.5891460598433	168.4920466367335
R33	150.59814383141406	110.62003428654849	13.683254060515475	1
150.59814383141406	110.62003428654849	158.91596139360436	118.85564769213318	172.46147083305357	104.91359765479837	150.59814383141406	110.62003428654849
R32	354.5120778015556	342.47098151233683	13.683254060515475	1
354.5120778015556	342.47098151233683	365.1436873415126	350.4745161518804	376.8253429402283	342.0726374846525	354.5120778015556	342.47098151233683
R31	277.1457182632888	245.6364245627874	13.683254060515475	1
277.1457182632888	245.6364245627874	291.5924283646564	258.73332319384895	296.58979110469926	239.23242595941986	277.1457182632888	245.6364245627874
R30	251.40056373569686	450.337054531944	13.683254060515475	1
251.40056373569686	450.337054531944	264.1135440502523	459.118273807669	261.6382386648711	434.88086421315	251.40056373569686	450.337054531944
R29	340.7060106803135	242.19560094819715	13.683254060515475	1
340.7060106803135	242.19560094819715	350.59730020257336	258.95351322529376	362.3995996022641	245.3460102460677	340.7060106803135	242.19560094819715
R28	372.093177685812	278.9602326140275	13.683254060515475	1
372.093177685812	278.9602326140275	379.0308923580821	289.1710840827658	391.88786735232316	288.76362618005214	372.093177685812	278.9602326140275
R27	246.35846299242615	344.7017797788734	13.683254060515475	1
246.35846299242615	344.7017797788734	257.3522446354691	358.2967489742024	251.40365808416522	332.4143105192571	246.35846299242615	344.7017797788734
R26	97.30302071822311	353.9211698219255	13.683254060515475	1
97.30302071822311	353.9211698219255	106.0127250966413	362.1900985430758	117.87725531257314	355.5283362294607	97.30302071822311	353.9211698219255
R25	21.727966178812284	111.10257424071813	13.683254060515475	1
21.727966178812284	111.10257424071813	28.868000030807952	118.62984432014942	38.654167222269066	108.42182066011699	21.727966178812284	111.10257424071813
R24	171.76466229525812	97.09382653732851	13.683254060515475	1
171.76466229525812	97.09382653732851	182.71651272118862	109.9601383366863	176.82804398368808	76.29293984143452	171.76466229525812	97.09382653732851
R23	337.9060123486394	200.00953646530044	13.683254060515475	1
337.9060123486394	200.00953646530044	348.7297352723497	211.0122476987279	344.0433269060371	191.41385737745694	337.9060123486394	200.00953646530044
R22	313.18841040860036	495.68940159365695	13.683254060515475	1
313.18841040860036	495.68940159365695	319.6643892878161	504.53188055263706	322.76196587749695	475.8405959058886	313.18841040860036	495.68940159365695
R21	185.5204730546592	238.22056176540346	13.683254060515475	1
185.5204730546592	238.22056176540346	201.46534346412784	249.06135614222978	182.41698862475613	213.8168058015328	185.5204730546592	238.22056176540346
R20	333.69977193498386	278.37254993211457	13.683254060515475	1
333.69977193498386	278.37254993211457	342.10712907978746	283.7899898184762	342.60372989698334	269.68009966213003	333.69977193498386	278.37254993211457
R19	76.32231974303	50.327827214181106	13.683254060515475	1
76.32231974303	50.327827214181106	83.70862098697506	58.349770376835075	75.58370832851745	28.46893589310065	76.32231974303	50.327827214181106
R18	462.47740117517793	269.7440575404687	13.683254060515475	1
462.47740117517793	269.7440575404687	470.91984832834163	282.1317068029471	469.167228995577	258.22073481630827	462.47740117517793	269.7440575404687
R17	69.48497877851406	356.81094158500326	13.683254060515475	1
69.48497877851406	356.81094158500326	82.02893158471421	371.34776354214307	81.54190753323371	354.1331788253048	69.48497877851406	356.81094158500326
R16	477.2272694285562	27.828688751116548	13.683254060515475	1
477.2272694285562	27.828688751116548	487.20973253652664	39.05023586298628	479.9701267423602	7.465982930373887	477.2272694285562	27.828688751116548
R15	350.97488673706675	266.3546093575591	13.683254060515475	1
350.97488673706675	266.3546093575591	359.38578636766454	277.5487874247334	358.92794242759646	255.97499460825452	350.97488673706675	266.3546093575591
R14	382.5724857463071	496.2455771643961	13.683254060515475	1
382.5724857463071	496.2455771643961	393.23975539039265	506.8572136848295	386.7764115606041	475.9280891000809	382.5724857463071	496.2455771643961
R13	389.5732716867342	152.9712464977318	13.683254060515475	1
389.5732716867342	152.9712464977318	398.55925978075976	158.81475019528708	410.3245563622763	146.57689233242795	389.5732716867342	152.9712464977318
R12	108.46377496703596	245.4451286775007	13.683254060515475	1
108.46377496703596	245.4451286775007	114.70622879753245	254.1724268645958	107.3000716073777	221.798060153211	108.46377496703596	245.4451286775007
R11	431.06892142501255	118.16793757124033	13.683254060515475	1
431.06892142501255	118.16793757124033	438.5753867219567	125.2612008681582	437.6819175677733	110.33347210861686	431.06892142501255	118.16793757124033
R10	207.82821855378103	168.68126554608088	13.683254060515475	1
207.82821855378103	168.68126554608088	218.837453625683	179.80570751878975	219.57902187563874	164.05741154407542	207.82821855378103	168.68126554608088
R9	185.39769005648137	265.6286433044955	13.683254060515475	1
185.39769005648137	265.6286433044955	197.89675300766413	279.0166043983123	202.02554121830698	255.1566438801803	185.39769005648137	265.6286433044955
R8	374.81650709345524	307.09763319821406	13.683254060515475	1
374.81650709345524	307.09763319821406	386.0480147784001	317.96647383070734	388.21878250713536	294.24751433683184	374.81650709345524	307.09763319821406
R7	383.61188816141896	431.8769080076417	13.683254060515475	1
383.61188816141896	431.8769080076417	393.6515525732986	439.1895293854601	395.7102734003967	419.88701752276836	383.61188816141896	431.8769080076417
R6	371.5585185415449	334.2273680933125	13.683254060515475	1
371.5585185415449	334.2273680933125	380.63522588358376	347.7727938642755	391.67037869473245	338.6501489440168	371.5585185415449	334.2273680933125
R5	391.9939591635102	315.77163027330727	13.683254060515475	1
391.9939591635102	315.77163027330727	400.22604243201187	321.93286932305097	392.2489817867854	301.52399965523745	391.9939591635102	315.77163027330727
R4	379.1120316488854	249.06010933483097	13.683254060515475	1
379.1120316488854	249.06010933483097	393.05222065445287	259.82329581069416	378.432166308927	233.85867508847105	379.1120316488854	249.06010933483097
R3	439.794200946963	275.53372892823865	13.683254060515475	1
439.794200946963	275.53372892823865	451.3675666749856	284.21074178526425	445.20256048264724	264.7677781772667	439.794200946963	275.53372892823865
R2	387.54135938822543	335.27759603330077	13.683254060515475	1
387.54135938822543	335.27759603330077	400.18699236963903	345.7240854413888	405.05071404882653	324.28353155184897	387.54135938822543	335.27759603330077
R1	251.31956659730636	330.8105006557473	13.683254060515475	1
251.31956659730636	330.8105006557473	261.41326277515594	342.40146011174426	258.31454040814936	309.2316824451152	251.31956659730636	330.8105006557473
