R100	362.3433138387353	310.4353707483239	4.313236318433324	5
362.3433138387353	310.4353707483239	373.46797481794005	321.0279353475389	382.27554438224	310.3245128933749	362.3433138387353	310.4353707483239
372.0493824526945	310.38138813237015	383.0830322550572	321.20762214661545	392.90419781413726	311.2411395670141
378.34793526568984	315.09755037009944	389.7623826843732	324.26681072510746	392.5265353273454	312.12642700692845
367.8497500312435	315.6784321943877	379.95263352323275	327.68563695897194	388.14933615691064	312.44231794832496
362.5044549642118	310.4344745235148	370.0404357522444	318.46815022075754	380.0651222371429	309.6950296578899
R99	430.4167539170498	317.70031092317276	20.641806290865443	5
430.4167539170498	317.70031092317276	442.21351997349177	331.44379092914687	434.2453412349573	296.54889426557315	430.4167539170498	317.70031092317276
442.21082192147446	331.4319754002254	457.3822623247373	342.2047824189679	440.32982615460145	316.71765438764766
438.3405546153888	314.48298590866847	449.81287015371726	323.3938644988058	464.2021478911002	313.4819909138097
439.6198372615318	320.08532456163834	445.361840785941	329.396119579461	445.5059387462022	294.07799677562457
432.25924231783006	307.5212979829645	442.01981982413963	319.5609127787773	454.1024304587416	305.4226965126678
R98	209.79161038007965	174.2061450128588	11.227057934414345	5
209.79161038007965	174.2061450128588	219.22889294635922	186.5199679214446	209.59875581570088	155.84482117429613	209.79161038007965	174.2061450128588
215.49251425252532	174.6183757445906	222.48230166014727	182.3501668548581	225.71359812973245	161.14651192934411
209.64206941089054	159.96862789077935	218.02604758151463	167.28677172907263	231.75779463154157	163.27131695262608
209.71378855595555	166.79687409903198	217.55618214291658	174.28400268230214	204.6208840172939	143.86615889382955
209.60278312579322	156.22825386639792	218.3286813398802	167.18144283051032	214.25611840445433	141.55086103362785
R97	314.0825279346559	25.96750218082683	20.224873472100178	5
314.0825279346559	25.96750218082683	322.7390477632104	31.710060120332532	340.97202014165174	21.20691425153513	314.0825279346559	25.96750218082683
329.23251378236415	23.28530799135173	336.99275472576016	32.07000440117056	331.1661825103045	2.3797321458851357
324.988744388281	24.036636324242814	339.3792586871421	34.96355567669841	341.7107152524064	22.084464861906945
320.5094475857244	24.829663062189848	333.6497386568776	39.457151611786074	321.72771628524197	2.4721075228275513
332.51128281165995	26.08074154036251	340.06792990120243	34.57636894085998	348.72504117492804	26.82758829315357
R96	288.18993255287694	181.43320558159843	15.007319246686322	5
288.18993255287694	181.43320558159843	296.6888680825948	190.3094022414161	312.3734417293832	180.70925818983048	288.18993255287694	181.43320558159843
309.9257431630226	180.78253146791505	320.5840240419424	190.25866579763942	307.50999065635904	161.3097405743652
303.22573899514487	180.98309998370686	313.61987849105316	189.19103002160975	322.57562833274176	176.4051772890284
309.1195543012235	182.700883129178	320.06730804964303	190.7050117320496	302.4532818873595	160.30951989039093
293.2448431804929	186.71249975574915	301.0648020910874	196.7193093529304	296.82296234288935	165.26537203698075
R95	438.232542290786	113.76124644905616	12.48502213774284	5
438.232542290786	113.76124644905616	450.90763315406355	122.32879431707134	432.73202670583737	89.72871578597841	438.232542290786	113.76124644905616
433.97911321179964	91.96551146843584	441.4188038733934	100.72550408829682	456.52289949314627	93.69943756799488
444.78736201170807	111.35137133860214	457.3114100013549	120.95125854067444	439.8957914467721	90.96077170873616
435.8701820001338	95.35736478474752	449.4329904733822	103.23512542991178	428.6324871880413	72.25527118180807
445.03822026743626	111.8013149957895	456.6473122014162	121.0868497746398	448.1673395924418	93.78691669208081
R94	80.69521932384782	36.77610154249194	18.302595462636962	5
80.69521932384782	36.77610154249194	89.45261777590154	52.63852402356678	89.19311604352609	27.156966352990988	80.69521932384782	36.77610154249194
84.49951670782312	32.46985353258336	91.41951581587223	40.46322436650199	105.85768208453244	37.626655120231256
82.46566202600302	34.77206121827146	92.56650967298626	42.9588546867857	82.91653809713482	18.250803829952616
89.43655475094106	51.061228592250316	98.29830578697532	66.7713409816974	95.06398540918114	31.49709617813504
89.365593675932	44.09326460735804	102.05272905103186	58.83612114320216	100.4152657043502	39.4883258421106
R93	212.7598976060715	262.0874478821937	16.620757544540076	5
212.7598976060715	262.0874478821937	224.2514737965562	270.3277113956576	237.48614316895947	257.67027315574904	212.7598976060715	262.0874478821937
214.4689679208003	263.312970780268	226.97204652114797	273.9243235430714	235.13655582921524	260.3096471762417
226.16116514393212	259.6934030556144	237.6092498649812	271.3922439638844	238.1034124636453	248.46564980398756
221.31948609189803	260.55833591765395	230.07471223479112	268.90816741752246	229.32933507098613	248.93197074457467
217.5801388543425	265.5438978439588	230.35675972797642	274.17340241427274	236.0970083866153	261.9826070443073
R92	282.8779761920549	474.3041114493814	5.053803863927557	5
282.8779761920549	474.3041114493814	292.0464510023183	483.80016857229134	309.25932320270215	475.89113197013774	282.8779761920549	474.3041114493814
297.763923614344	481.1730823060426	309.4728342217283	493.31774513344544	321.34462414149647	485.1174544866031
292.5631497320006	483.56275385627123	304.493905555784	498.2095169465397	315.42010918332244	480.9448743343407
287.65631951078115	479.2531811743378	298.9564274101932	487.75796231598076	287.34272196591087	462.87104190926084
285.1537323124346	476.6611785258755	296.85054836410603	487.06466721023554	304.4501808219158	471.6843314465121
R91	246.27403449898156	180.62183367957653	10.97875490971916	5
246.27403449898156	180.62183367957653	259.30927256583647	194.01088282719246	250.0914896104106	159.24373149017347	246.27403449898156	180.62183367957653
259.13854282618087	193.3669333303297	266.68447314410304	204.80304758918157	261.8186729828458	170.0183700723033
248.69883223472323	167.04274177928863	255.6669583127571	176.02707690846896	256.0591297872656	150.22431450480562
252.57321643281713	168.60417883732634	261.6251594560768	177.93084881641965	256.5367036023201	149.43327899825732
253.9308976958407	173.7250099707163	264.6694550594232	179.76168359591423	256.5565854774995	155.4768146909117
R90	408.55089580114924	72.87111713248912	3.4490265015624297	5
408.55089580114924	72.87111713248912	422.34217735077	82.40845525282197	423.26376157898596	64.90494544747153	408.55089580114924	72.87111713248912
422.7847380783113	74.0029663166906	431.96847691158655	83.85335962221397	423.3906104304643	56.36256556241864
422.5259569087003	78.91795791598713	438.1967206174838	89.18938550366774	442.3789390240813	72.05590463205337
422.6547214986201	76.47235154248588	431.74002778643245	83.04527731136099	417.8706155599278	56.64500266030423
419.6234916013227	66.87594253666978	429.60186459848586	76.04518175331181	418.29386244775725	44.01338932970094
R89	166.67148494261397	172.0312196246252	25.156826066219843	5
166.67148494261397	172.0312196246252	177.32724101745927	184.35923157383317	181.50066948099015	166.25108629504703	166.67148494261397	172.0312196246252
179.95164453335707	172.97217161789746	191.26268293359078	185.78384314032706	199.69211790948697	169.42253449328442
166.86433932565342	171.95604866399168	177.61744366742653	180.82396623721849	180.83499689737167	159.31506394440606
168.81914386985915	174.5159203565051	178.57325801329446	183.2250168662951	176.41236377644955	165.1724563422549
170.2957776408829	170.61853944877348	180.57263451264214	186.6058437931617	175.18807792254475	151.08965847960027
R88	396.0061825340509	145.33313898322237	13.939048531529762	5
396.0061825340509	145.33313898322237	406.8303028577988	155.2326976793414	411.1774344353112	144.460342983622	396.0061825340509	145.33313898322237
400.24538409558545	145.08925942809486	409.9347392817913	154.5226374017532	404.6137614612773	131.4952138058703
404.2811592059789	152.90129369904153	413.2062254129218	161.2314574680952	414.2637145974743	145.3191585174218
398.35242044014103	145.198160863297	407.5089961403109	156.26499241863425	399.3045866956106	129.4435720247699
404.6838114429077	153.26955267384758	413.96685994825566	165.56850194538924	404.8543683597599	135.61804699273443
R87	258.25804509985215	414.8984277817105	19.918491911863608	5
258.25804509985215	414.8984277817105	266.93595782975495	426.1690277765359	255.13524849543236	394.383125065006	258.25804509985215	414.8984277817105
266.8196471122119	426.0179670764183	279.50554849706634	436.56014284618783	282.4590611351375	421.8769685921104
264.5880176793769	419.84471327322507	272.3267738848823	431.84261655798406	283.409196619264	428.2741759580656
263.2499305015898	416.24049698014346	276.39609263936154	424.83865094006427	272.7026147499504	405.8050728207429
263.32682668010625	421.4816018041143	278.2872259301949	430.8292410940022	272.7662149759657	411.69653958396526
R86	278.8987891220476	143.2098484785515	14.329595355981867	5
278.8987891220476	143.2098484785515	291.70255111445897	156.21429591056165	288.2165485007066	135.64752883858284	278.8987891220476	143.2098484785515
289.7105258788713	154.19104778436315	302.1845735159024	162.08930028031318	295.71820496348994	136.65821846298292
289.20976510617504	141.50732208604194	304.89463724914833	152.07490963545015	292.3882562291302	124.53633108302438
289.57376975909307	143.65488183833446	297.6473009448917	150.81818975788457	290.9027330278692	119.49522374130495
291.0109004509316	155.51180435374516	301.3363328340218	166.43512859936823	295.2593392818897	132.80381517211077
R85	236.74775685538052	48.13433327306799	4.762861636005951	5
236.74775685538052	48.13433327306799	245.32310905229497	60.27931889229375	260.37157162857625	49.9851470783275	236.74775685538052	48.13433327306799
258.9531865273351	49.8740233351152	273.49595727469654	61.854736643299155	271.2389962630304	45.04137955193133
255.80769361342368	49.627588888972376	265.1671048221923	58.76641169119014	265.7775763884356	40.11814962882282
260.20731662451374	49.97227847806034	265.17619931925003	58.846322114323456	271.4978871238099	39.8242323073433
250.34666048931228	56.84286806904078	257.1089802350367	67.35515629257849	268.3473755248453	49.639664453037824
R84	114.83657834547667	334.9747381961892	15.191486398578773	5
114.83657834547667	334.9747381961892	121.77808706326178	342.7046586325134	116.98352841234325	308.88044719588964	114.83657834547667	334.9747381961892
118.05511016770171	316.4401436150646	130.98554383317997	329.1652961904198	138.59031677075524	322.4021246082656
116.28910017132071	317.320612097589	126.2488421397298	327.84624405393413	117.6224103399054	294.7810711417666
117.35352416519828	311.4906592062952	126.1170645360368	319.3237105155516	131.77016511314457	300.10524951517374
118.8749237898059	322.223689361734	133.21178927113874	330.8328680176996	114.4234348941196	296.6629913071447
R83	390.47186815068244	313.9944068232685	22.00605403959202	5
390.47186815068244	313.9944068232685	399.63546377031753	320.3935388557684	410.6742521737998	306.003006909043	390.47186815068244	313.9944068232685
397.9840778522059	319.2403412502385	404.10597298826247	327.6805513335966	402.03530779718045	296.79595011327876
410.21627562819634	306.1841673959967	422.3025180366038	314.1170690317851	433.50261261883105	299.06802979675496
398.6983414326786	310.74028405216905	407.1654544759723	317.59475306746447	397.27948158287643	296.1064651128784
394.90284081314576	317.08864845902383	401.88479277245875	325.6183800560603	415.5152149666959	315.664746722965
R82	301.51597802954313	27.169858061284692	10.955868396427752	5
301.51597802954313	27.169858061284692	311.65150462099115	40.49438524539873	308.5264779496589	16.833532927088477	301.51597802954313	27.169858061284692
303.548421896827	29.841781746301713	313.8264930622773	41.908779982196876	322.63024490940677	22.905838267950934
311.4945554517903	39.30605903109492	320.41809605643556	48.04422202652877	320.00955072600647	26.809369126737586
309.77362931131466	26.276224875101953	321.80297690727434	40.62364204883073	324.89649641036067	19.663045590232088
305.00858750787324	22.02033269987524	313.644354925491	34.46554938044956	321.986117628836	19.216716161364346
R81	314.5377630020527	272.4424504099089	20.968435117748378	5
314.5377630020527	272.4424504099089	325.5438958479764	284.6971753148468	333.14882624900537	267.32148503708925	314.5377630020527	272.4424504099089
317.46336968834146	271.6374490869766	325.0395423489681	280.01978310731096	315.2393849012541	250.533644270997
316.4511132131774	274.57286086491456	328.4744818983274	283.73741545056225	326.64195720492546	263.12844259006334
329.9748168456416	274.57343889114117	339.57702928115634	286.6693188351162	355.4778015758953	275.803217163213
323.17461750749794	282.0591139092419	330.69849659367185	290.98779628283813	320.84707970016234	261.33763540699596
R80	321.47521620848636	35.88991227441707	5.084694048096216	5
321.47521620848636	35.88991227441707	328.2077812961075	45.217164869594846	324.81915993834593	14.118628381168673	321.47521620848636	35.88991227441707
328.0850386585949	44.09071372962634	336.4210725453429	54.16465294756881	343.91028321798495	37.72191556210592
322.3199629796614	30.390052450541024	333.05905832520466	38.75467016201197	342.6403327404864	21.996171068675928
327.97758096189875	43.104537716182584	343.4772595699956	52.064092262580395	337.43794682306856	35.184505526531545
325.84765044462443	23.557437312783954	335.9902299226102	38.1051096674195	329.81468930918146	4.511986638601762
R79	435.8335100305703	228.12268122975715	3.136063995898948	5
435.8335100305703	228.12268122975715	447.2769776558945	236.64729280955163	440.530158348514	214.29347164118886	435.8335100305703	228.12268122975715
438.5670628159187	230.15899369123449	444.5182225569701	238.29521567743723	451.27815546399523	220.19723999732082
441.4082750774624	217.20288175424565	447.09598382797355	226.6147025283247	455.73760984410666	209.1810298796617
438.2269215317375	221.07531744165433	445.4602312521744	232.42384234475244	453.6256954256902	215.5111431160157
444.9053101672201	228.78939288704242	458.1118852629046	238.62889924898383	465.3794828893118	225.20390435481934
R78	344.66951274350487	488.21434460505867	11.039798602542469	5
344.66951274350487	488.21434460505867	353.6785838958828	501.72876948364086	350.0408090284868	463.92515073796545	344.66951274350487	488.21434460505867
349.41876084503315	466.73807486669466	358.5593122681725	472.658273318301	340.2516357854834	446.4906697229017
350.3774609866675	467.4236251463493	359.37103140940224	476.2098909134047	356.7069084716414	452.3358836280014
348.35393287662475	471.55326501587496	359.01894959714105	480.75071165905575	356.5473592375529	463.51545079333744
351.74081704813716	481.59156973916527	359.7309359461937	491.72473133082497	369.96875768438684	485.7634939300754
R77	250.46130682332907	140.0566297628858	13.396673736790106	5
250.46130682332907	140.0566297628858	260.69202739826363	149.55485051059063	263.61430032281135	128.62948985412183	250.46130682332907	140.0566297628858
262.43094871350786	129.65756946210644	276.92522378346075	142.71108623513112	267.36728445324013	118.73144373753317
261.26525379876733	145.45017942816395	273.26733281339637	158.4851337077539	282.58212806885433	141.27043462047249
263.23217517500467	131.36575259898478	277.08826783188755	140.05908580231565	282.4166437574632	123.33571155024009
252.35384608514244	138.4124176731876	261.90556394969155	149.60305552705773	253.2102475620838	118.57762455240025
R76	446.48182142492567	243.67078694407556	17.523524407070514	5
446.48182142492567	243.67078694407556	455.30563776445825	250.1218529352407	458.98275400760883	232.8036810376785	446.48182142492567	243.67078694407556
454.15875117869024	249.28336754927184	462.99116736493085	261.62256134417765	469.794608729607	244.32194815897103
452.6557665067785	238.3037541550408	460.6725557782118	246.7678270272857	463.8379705460652	228.76447518074025
451.5300262821223	247.3615145632342	460.9691985918504	257.04793448169784	452.34095636823685	232.60785277154048
447.3860646446295	242.88472504279986	454.70663148033685	249.81044281730215	457.70637070822363	235.39627783115563
R75	474.6273018178204	1.7502322866120301	25.423053139065356	5
474.6273018178204	1.7502322866120301	482.4500079374366	14.101628226856219	486.0008945100709	-8.817364838547121	474.6273018178204	1.7502322866120301
479.23166578701426	9.020136277239985	487.59605442858225	18.422470266539587	488.876664288156	-6.019082493191613
480.84373792818997	-4.025672842594561	493.9278377779696	10.91894163498272	482.3609427420081	-25.675047492088385
483.4840837773352	-6.478909208607968	490.67094562939	1.525609334854039	498.845643847747	-14.660541823761415
485.25298293889324	-3.9900126371392246	490.26695241350916	5.000020542993939	502.07435431761394	-2.2927939648049644
R74	16.78534529278586	203.01075768187283	19.519128097820204	5
16.78534529278586	203.01075768187283	27.84168847682613	217.6722551300126	24.295492894655787	193.72091699949033	16.78534529278586	203.01075768187283
22.282732008470504	196.21064542503242	29.08052005401973	204.2927795921551	30.45130611614227	185.4991250951449
16.792385827656407	203.00204873888882	26.211769093136866	216.59529422483848	42.00829578122278	207.2185836745037
27.5551735920588	217.29231601434424	36.239372979992645	223.07842624690878	29.33979681196108	199.21491985893672
17.184602105487986	203.54020061279004	27.79961227079881	215.00080905075936	39.62633424821106	198.81245475440608
R73	96.87449053831726	159.9971254712743	6.8301468597793695	5
96.87449053831726	159.9971254712743	110.10899430365717	171.75127239785095	95.29096988328435	141.47128058689202	96.87449053831726	159.9971254712743
102.26404066910396	155.72044905239673	108.48421839415602	164.44701270333744	105.0149193407368	136.46162708272203
104.51758537876887	160.32547016846843	111.57434129134167	168.72018698772763	107.72992092734071	141.0922473925556
107.52950628101223	166.48020022342746	115.24450562067244	180.45131264542914	116.51338098383314	159.5155122072005
105.8547159210353	163.0578385815171	116.44312593776358	169.55946177974408	106.30735155101303	148.20458168333664
R72	3.5241296862357774	92.12948923790326	14.694151483991678	5
3.5241296862357774	92.12948923790326	17.165695242569747	100.14172355551426	-2.647271708450761	69.55930708179496	3.5241296862357774	92.12948923790326
0.5683439988809642	81.3195261336634	10.704845946853021	90.13378067682085	-4.661525757352967	57.94564885731886
9.482337035393707	88.28203281916424	19.670713650248196	99.65565400976706	19.040710912282357	82.19807085834267
-2.2695837003421264	70.94059580311018	8.99228106816969	79.4159064578329	-6.466835426820738	54.47960385390569
11.953301331338718	92.09610364344272	23.27281654669555	103.80195328828539	28.701057387135613	88.04124840964332
R71	338.9183944585345	169.54935001529748	15.694459317681607	5
338.9183944585345	169.54935001529748	350.8081099214397	179.8206291346577	350.1710953854695	154.9259918526982	338.9183944585345	169.54935001529748
339.2240533788221	169.15213339184143	351.78719757199417	178.3214659917232	355.01244303479587	167.9653529308955
350.5960853847505	171.53467388920063	359.68225632342734	180.1078701133049	359.3454959559412	154.59393812922784
341.8462255076147	172.07864266433148	351.2634394756413	183.2702787025707	357.048179428533	165.74678631541036
341.14952854510204	171.47678057722737	350.71112104593783	182.91907761458694	359.5727351832012	170.5399161064653
R70	48.16706408710053	322.96361715945255	13.89440012149423	5
48.16706408710053	322.96361715945255	56.89304363294428	331.52309330851455	68.67816112515807	316.0486822055422	48.16706408710053	322.96361715945255
51.52361866462252	326.2561241723768	60.41620611089486	334.5790594752685	66.80028806471545	322.127351052407
57.901654837444816	330.19873956899374	68.50338767466813	339.32654933526527	65.60501933443769	317.3283125074205
61.99140060181202	324.8287118788778	74.44463006038471	331.8540239687629	71.04784445283408	311.8647368870724
51.36502496051227	326.1005566489153	59.652206079583735	336.79307097052043	60.28308375090483	309.53381436221935
R69	407.76680309665613	279.18812148092104	16.65265683319017	5
407.76680309665613	279.18812148092104	417.39938461766565	293.7742574677834	424.0892909913831	285.6546360144739	407.76680309665613	279.18812148092104
414.6906884198322	289.6726144136839	428.0078720399235	302.4970287094451	423.5318599087351	273.6522695764377
415.99941074011537	291.65434710819136	427.11846320631497	300.5245089960392	415.36042510429	271.06931933148263
415.64731237480703	282.3101595003472	422.133785571102	293.52650190321174	420.3581103887748	264.5023894451048
411.52429741226456	284.87790702156633	428.7335839256453	294.7736636168821	428.2302092129714	273.0811429175524
R68	387.4472253930938	489.18828580017646	13.603368974831952	5
387.4472253930938	489.18828580017646	395.95054702160564	494.9128559959489	398.78201024471196	475.9758798159326	387.4472253930938	489.18828580017646
397.40691695970366	477.57875900469315	405.96268825394475	484.9862603465662	405.3194766922962	459.86093325036177
392.0439607382509	483.83009555859735	409.308915474375	493.7420480618629	390.57801019182875	464.9194995878612
396.20181276268966	493.23237739572113	405.22916957154865	503.5406612444906	417.52923395677885	499.69486925954385
394.0032165101792	481.546286644307	406.66400959763735	494.58405608144204	416.2653998865704	479.0852805714122
R67	300.2476683417964	194.69442908337143	18.30594609912858	5
300.2476683417964	194.69442908337143	310.7086763160385	206.11919009390706	301.9866975061158	172.0871266163228	300.2476683417964	194.69442908337143
307.4686052323381	193.47684055426697	321.33616432742286	201.46464108437033	300.36281979343573	177.0580357211852
309.2615809342948	200.4728060607798	318.71833817122877	218.08436762091281	315.17394444036506	182.53391240055234
306.4724958715908	189.59014720928855	314.7000140043894	199.3231920623219	318.5931034835112	183.02780943315213
303.4795181139508	198.22402311099606	310.53554395772295	208.28899928064257	313.43419670589424	187.6047071434528
R66	259.08929183737536	224.48201509416987	19.541473161538185	5
259.08929183737536	224.48201509416987	267.7545133074382	234.09356290645823	265.2538370104583	216.12089749578138	259.08929183737536	224.48201509416987
264.89350341946016	230.92010295223378	275.25110733334583	238.74282760967697	282.9464184190184	226.12234052634463
267.0287649051623	228.8775206613298	274.7784612004366	239.28746357036852	269.81484926850504	212.05278361876324
267.2571025330991	230.51861103057584	276.115526562834	240.57809503634792	285.7986614759546	236.2039082248215
265.2714352573949	216.2473782419649	274.1023448901625	223.01757425248877	268.4874789409374	205.54095713981715
R65	97.94312704128583	133.85729517200946	23.372437909847093	5
97.94312704128583	133.85729517200946	112.63238640499388	147.1430466718134	114.43735657238389	132.95738397043627	97.94312704128583	133.85729517200946
114.14078960704768	132.97356441303404	124.56246961822418	146.07650391335966	119.7984418936759	114.29234510740748
113.20696421567233	133.02451313594517	119.7051304725783	144.69319934010247	127.39920999503384	127.04926367765582
98.86736106983345	134.6932218397136	110.79412737685072	148.6068156334543	103.35180536936328	114.27656225761599
100.15578587654674	135.85854211790732	112.76744696027825	142.90828802552332	106.08432485774465	125.99053598455282
R64	312.75656276896575	455.4432439959035	2.8482123816057947	5
312.75656276896575	455.4432439959035	325.43653864110735	461.9625074233885	325.90942300376395	439.7218972808287	312.75656276896575	455.4432439959035
315.3138397615315	456.7580384828718	322.4703806295936	464.6952652904207	314.00821466453624	436.94942736405255
325.7212139573867	448.5737104434873	333.954399308894	461.5607187061038	332.6457547326829	437.1557902064576
318.91248456398057	458.6082402250264	331.3095373122027	468.35413128221273	328.33744298645234	448.58848733490305
322.84503861316546	443.38469370782974	335.9060368771774	456.18484549691084	325.0474736297535	431.2169056400219
R63	234.68127431616543	356.97192806048264	12.466802933467838	5
234.68127431616543	356.97192806048264	246.9636386288612	371.3548245667249	249.97006985693184	355.0663231576577	234.68127431616543	356.97192806048264
243.6142603109958	367.43263495569744	251.65481766066645	375.1408142741683	249.37062264221504	352.12803956698684
248.3452447345139	363.86944030495295	258.57320399412356	375.6852553896528	270.22872666700664	361.250059082455
246.61292201291042	355.4847601348556	254.5693783539362	362.0896346287052	254.8213043396055	349.0050439089848
249.05874469323857	360.00377892725544	259.82551596457336	369.08882710742034	260.06040423794485	351.1547098305357
R62	381.15740753698856	213.7744061577966	20.33804583605015	5
381.15740753698856	213.7744061577966	393.06210117197526	224.29499031081053	390.3269550610488	201.09453414461544	381.15740753698856	213.7744061577966
392.58264625291	220.22808770951855	402.51433713807955	233.18064168856515	404.17168964503037	209.30302789326288
389.2217803915393	220.90116774099607	397.8583393567199	230.2397157433802	398.4181372159972	207.82338016779306
392.71795167250343	221.3757951185621	407.41204089122425	232.76651418248753	387.5939564547047	195.8559002750236
383.9816539463204	209.8689699397009	393.6200710461631	218.805844374201	401.8890570877449	210.77129916290727
R61	97.45432519019926	138.21044485380102	22.589516607671744	5
97.45432519019926	138.21044485380102	108.39992300992039	150.70261927635167	112.16796527720734	127.4739852522306	97.45432519019926	138.21044485380102
112.08968488250983	127.95655591113183	123.47215170218824	139.5795772151272	138.10249502674588	126.77802323517916
108.4681552761386	150.28199173870988	123.97891970501088	160.85490156043858	121.05219838520831	145.41782940646803
99.43025238446016	136.76862200293772	114.58214291731218	149.2596729412286	125.32581296291292	132.33325558861566
110.88110888745892	135.40699502194065	124.00757456839169	145.81724615635966	118.23665191799691	122.94530562089814
R60	61.017601244978124	225.3835412240011	2.3164175531084505	5
61.017601244978124	225.3835412240011	73.31702787396286	234.27804760169232	83.40880712339899	222.40477145315333	61.017601244978124	225.3835412240011
73.73395374598104	223.6918464295757	86.0047234632585	238.1447631245265	89.51643188977295	214.64695803535884
73.7765318284232	223.68618213862294	80.3783510286143	233.74811274882416	88.08102292017614	213.51746099046798
62.55689165235296	226.49670111010911	71.11724602398814	233.69632480367514	61.41371338050985	204.49676056109962
71.24355201369882	224.0231520965268	78.58501256825221	231.75360488709634	89.38087390651712	218.47628415624706
R59	25.636373092547625	314.6751101095628	23.627326134381043	5
25.636373092547625	314.6751101095628	38.82763381913616	325.35010486362455	27.39853873757105	292.0520060211809	25.636373092547625	314.6751101095628
36.72411153671311	319.22159754283206	45.81408058464409	330.75856001925206	51.31977920213416	317.36638957916966
36.710441984549476	319.1817719839555	46.81043682134758	329.8946342276704	49.584579095631476	312.55395865860453
26.15865633687619	307.9699128805555	38.00946200535584	318.2460463571039	33.19538298590462	298.6722166235302
34.728948308221874	313.40878892456544	47.465524925994224	323.90260277230607	49.65796000055665	303.8048848672305
R58	126.26630394120097	83.31126285828772	17.22266349888978	5
126.26630394120097	83.31126285828772	135.17010848285184	95.96787257175924	143.46573914584386	77.76275847746864	126.26630394120097	83.31126285828772
142.9435174254045	77.93122618987552	158.72218387700212	89.54261811536257	142.32473976584268	58.80837017951676
134.33446241309724	80.70849061060515	151.08716226161255	91.46728475551043	149.56278714811194	78.11451216062832
127.9396796568786	85.68993853993132	139.8343737604263	93.70666255751398	125.06308714247507	70.02252013574953
139.92286418105968	85.53774817697858	155.57702286588113	96.03925466299034	149.83864648852358	75.58526694984144
R57	441.82502866683546	472.6826993161225	12.991969314412653	5
441.82502866683546	472.6826993161225	454.85525607925825	481.93949938733107	452.9408447087414	461.6797763825806	441.82502866683546	472.6826993161225
441.87222374416876	472.7162271573023	450.7069233428498	484.10216211528007	450.41855567998806	463.6340209330121
446.5827406809351	476.0626241261009	459.2672540962577	490.30649749992506	458.1730060506622	470.47406565365276
443.2006362716753	471.3210624910989	455.2993477616924	483.53226799668346	459.00616857608065	462.70611490038266
454.2029276018874	475.0360749388666	464.7226663849611	483.352753448548	459.66781879079764	455.67031225752953
R56	294.0536377848186	201.0339797047584	4.342157867276757	5
294.0536377848186	201.0339797047584	304.1736868466349	209.36779774285142	312.8318328088191	191.393629571343	294.0536377848186	201.0339797047584
304.3959828665518	208.9063148730436	317.2979571309766	219.70882642974428	319.7950134705326	205.66102818152572
306.78286847608837	203.95117972755796	316.34094717516894	215.68197151163565	305.26399343703804	180.72329798458176
311.4287800725482	194.3063439036463	320.5644513921238	208.98902923707843	332.49396657244426	199.3338561730865
294.81633615056313	200.64242560264347	305.0180627574148	214.812747881774	314.47134754141206	197.07490643169473
R55	393.1275409990042	77.63388841049212	9.889307196889183	5
393.1275409990042	77.63388841049212	404.9281511742305	91.63991309749713	394.8005827763201	55.61653310100375	393.1275409990042	77.63388841049212
395.4088463881655	57.78010389772804	410.3558722977636	69.01192660860397	418.26856978518384	53.03600902485211
403.0829419646294	85.07657331850318	416.26819790556175	93.75972408654984	411.61996312945865	71.30414331071931
402.2088725800712	81.96754138249194	411.53421974527566	98.21830472041533	409.2982796283777	60.46999979200008
395.64727368174994	58.628180816181796	409.2476634726667	69.6024673837075	414.37793494200724	59.5883873881677
R54	71.80764469135053	470.3188511805131	8.622241180513319	5
71.80764469135053	470.3188511805131	88.07332408320698	481.6208009134351	90.38628913389361	467.403109724874	71.80764469135053	470.3188511805131
74.61301112266257	469.87857561426654	86.91647808670352	482.18125227249976	79.06668718802679	458.28199530556645
83.28076478266308	478.2907669811351	95.7038138604668	487.4049513743105	83.80910461772228	454.4717357746513
84.45768453291734	468.33354780191564	91.72781542882947	475.2547388340481	109.0514417777724	471.0732739600553
74.88203237613257	469.8363552884717	82.99111024849867	483.0340731509169	91.49271180706508	476.52580067763967
R53	15.287405637657791	333.3844927923201	12.907722103970762	5
15.287405637657791	333.3844927923201	26.82180107534692	340.8380187274216	29.248076461636188	324.5857582758256	15.287405637657791	333.3844927923201
19.00227136538148	331.0431928852609	31.952971335619832	339.31140033351966	13.017974153851327	309.8299078936773
29.026876876137333	326.0674504595025	37.16051435471464	336.1012205978494	33.59137980504764	300.4207105223495
19.86155794522235	330.5016261808429	32.22203216172493	342.8143721062672	30.24621700799357	315.4392330187245
25.50528287119068	326.9446597618347	40.486086011086265	340.06026766707623	38.446037449069095	312.88921962892164
R52	75.07772356530069	49.448378999940644	9.766332228911283	5
75.07772356530069	49.448378999940644	85.76732667853919	58.58158687782181	86.40634116386734	36.36154857515817	75.07772356530069	49.448378999940644
77.52396776639557	51.53845255758205	84.72886313179617	59.14419126013442	77.95659388106068	31.21619656387925
86.09343399604964	47.24206758329446	95.68322114576284	63.27106097765494	98.90814773148495	46.15599332800678
86.17247598383368	44.49359155277352	92.9247499405041	57.817215316435366	90.57459315272973	25.79789355377221
86.06903993997724	48.090306352102985	97.78886298687064	55.99701827838491	81.18725108626427	22.16379079514673
R51	188.17604692794376	138.98430936553575	3.757183243868543	5
188.17604692794376	138.98430936553575	202.59521776226103	150.14905018135715	211.92028955934632	139.94203532250498	188.17604692794376	138.98430936553575
190.135478907989	139.06334321375473	197.67917622313752	146.11898456928483	189.44394918058757	116.23758638745566
199.81662333654694	139.4538329613677	208.03108442285497	145.30091162494014	225.84700226817074	136.0043120032334
194.8535986858905	139.25364895858445	202.25147955808924	148.24193169893124	214.83801108002174	135.95352341911297
210.8883890081537	139.90041352987802	220.1816648604749	146.9877104097651	212.81759229289455	124.6506343157764
R50	151.96616901722055	442.76478573425635	8.63287452897766	5
151.96616901722055	442.76478573425635	161.18344435225055	455.8394113172539	157.55727991175397	416.96071255309556	151.96616901722055	442.76478573425635
160.80022552280994	455.2958187121542	171.89597915549388	464.7457923832795	163.22316162758864	441.584045469572
158.2004267244275	423.8563488656172	172.84368033379945	435.63338101338866	168.50170058448307	409.81152416450993
158.6947215712671	429.1560369427309	171.08210111336732	440.83041490281937	177.61974321747235	428.12803859027076
160.1251554375471	444.4927400354163	170.6125860537066	460.78751812842074	172.854638437154	440.2843155296666
R49	412.76518671292985	150.55170099775233	10.773161208635338	5
412.76518671292985	150.55170099775233	426.05096899099703	159.44615278214832	405.4824028521629	127.4215032203731	412.76518671292985	150.55170099775233
413.9200644319395	140.55869291990348	424.02865762648605	149.68941218172048	426.7074522266301	136.68337327687667
410.66107006335886	135.48453500956938	418.84228357735674	145.42738185995464	422.9768470166112	132.91324772339271
407.275523340228	133.11647266070574	421.2718141476581	146.04673080963113	421.8330485717693	131.7193731179528
425.8502152555133	159.13358514939802	433.46430797659957	167.52774944401253	440.4296501551679	153.1362433761526
R48	422.0227523937444	109.01641348696828	23.360312605473176	5
422.0227523937444	109.01641348696828	430.1961989934554	117.90361824047893	426.61249357205674	92.2503800905474	422.0227523937444	109.01641348696828
428.9300069820505	108.83983609528389	442.4537643454503	123.26393773303947	450.584114158997	106.59182739282765
429.8400217825708	115.35399494838492	436.5300235872289	122.95446224421981	443.71455119821167	106.95704307659516
426.68805017591666	92.79123692019783	439.67618085532433	101.33468093485958	420.2545530522052	70.21721578893404
425.654712676153	112.96554000203292	438.76517657657087	125.058030005636	420.0757892220147	89.93450968790066
R47	463.09644276929896	320.4108629494297	18.40528040631903	5
463.09644276929896	320.4108629494297	474.9429016260019	332.120974638223	480.4276650017366	319.28110189318807	463.09644276929896	320.4108629494297
477.0173916099983	327.26457782022993	489.1298677339237	338.22330876181167	498.53040250493683	326.2679762000638
469.16073088873765	326.40535396574455	482.33441391518056	339.2853868250239	484.1942820513521	321.94817320646433
478.4184574167605	323.98467211894945	489.0510172017581	330.7477979035592	501.38031750781005	319.40902704803074
469.25958331286944	320.009109623733	477.4983065086346	332.87729776482104	475.9517879748723	311.64804144381077
R46	313.01227341408685	135.26896316718052	18.91953469849834	5
313.01227341408685	135.26896316718052	324.39435530654254	145.63444772169493	333.6689080386847	138.07591050428906	313.01227341408685	135.26896316718052
324.9668159670364	145.1679060638047	332.84134136677795	151.57026440382728	329.8575123815912	127.35820562855362
328.74744848743217	137.407153079223	346.32458877192056	146.64313843375643	323.0543275054076	121.87277085747897
320.9341474923807	142.48329040337714	334.1258629271101	150.73710679540818	328.8647949369189	128.34444066238308
329.7998253104739	141.22911979027998	339.79697871709493	147.96921346239392	328.9616862419948	128.265623920394
R45	306.76182153637876	376.8757415621533	15.011889248939175	5
306.76182153637876	376.8757415621533	318.9013720594308	390.3776337345246	314.5505166670168	366.8081760239353	306.76182153637876	376.8757415621533
316.9512359991789	388.2086467726948	329.1065171297766	399.66346491206457	315.7118802736175	370.7319246219832
314.8087199823527	368.20691525396217	330.5671072685771	380.17620897890254	330.15111073314415	360.97750781852193
315.9205951485602	374.2301663955825	326.1510215498321	385.21797935775004	322.7453211873235	360.7308519504544
316.1237583366416	375.3307421991775	324.6830793464659	386.0033727650356	326.55211731828297	361.6105445272068
R44	196.33866014226044	314.95706826931206	24.562297298219537	5
196.33866014226044	314.95706826931206	206.01976078243703	326.7478205740362	223.0986777093436	318.2244361812272	196.33866014226044	314.95706826931206
210.5439162828164	324.4900007984845	218.36010337731642	334.09704418230314	216.40733005898315	312.53808522154014
208.6769632897989	325.42172018507654	216.48431184902472	335.79091503632327	230.307012212269	328.87800886232566
202.34844876087453	322.27647663407583	215.16458706284178	331.6373188937165	212.2855362900539	312.2275690856155
201.49439883688214	315.586578139057	210.68497712095137	323.00265250879045	208.59232203739637	304.87521908973815
R43	322.2231750237382	489.5988288635468	13.924709204444044	5
322.2231750237382	489.5988288635468	332.3779066168058	496.59135424037396	321.02341450599624	475.67836964758106	322.2231750237382	489.5988288635468
328.5316920984499	489.5073011468519	339.5602510592573	498.71901898464455	340.7884560644828	480.2363414985215
331.76962758300834	495.4710108610507	341.8944608462811	505.39729681570174	349.24151108380556	484.67173095565056
331.18289617357084	494.390354429576	338.9461510599605	501.894718970293	337.9402466574887	473.43903129414537
322.1017280046486	477.6644341376033	330.73254997826825	492.30168519498335	339.6491773281316	479.80280167463445
R42	205.43932084786297	76.2209202996838	11.443613906845483	5
205.43932084786297	76.2209202996838	213.05982397198824	87.13281441989145	215.81902319001196	59.84384100611646	205.43932084786297	76.2209202996838
206.81313136862346	74.0533240535497	216.26806021342736	87.32619605095405	212.15853192960984	62.57432533905344
214.97106979209707	68.23025166492806	229.26556408620513	80.2813647700838	218.45898376151095	45.30976236846381
213.32584292088177	63.77757721692279	221.37868070541407	70.6765655071278	230.11827438097896	58.88202171018136
212.888503406042	86.88749835010321	224.71687874648762	101.27257984592123	226.45168753383365	76.21838689519862
R41	297.59230858459654	386.5309408652374	19.63500134201212	5
297.59230858459654	386.5309408652374	307.81530113219117	395.89567124468886	315.6875035279815	378.6008263791282	297.59230858459654	386.5309408652374
299.169582854238	385.83970954259155	312.4457725860331	393.3946682748116	290.9550660990917	365.61342964609963
303.9776294616342	392.3801878564044	313.38605337718536	402.92358190082734	318.2019602032287	386.7556925791515
304.1723203023747	392.5585336022704	311.8692561089173	400.7133423044512	318.28519585261444	389.06770597646147
299.9044940420724	385.51763896667995	309.9236647034725	398.2914400754219	323.79037931817595	390.36535126215523
R40	406.40365418675526	71.65661013931395	17.351698029677564	5
406.40365418675526	71.65661013931395	413.76701234667354	78.69553629132079	401.5399433718851	50.11147255997617	406.40365418675526	71.65661013931395
402.2489208572428	51.76889820035974	411.5112905384192	61.237783329088906	413.32468536457606	46.461741888019496
405.0795673732738	58.38629608876414	415.05244609337086	71.21510157151938	421.53218223317424	48.47794504298203
404.50506783135427	63.24630249760439	415.2092038803155	73.21381490281568	398.9492902974699	43.47042765088288
403.2667539780963	54.14835699415082	411.6533940709934	63.499661754565636	420.7309813181465	53.77198537159204
R39	173.36192385887534	209.51267573839587	15.8369483276644	5
173.36192385887534	209.51267573839587	182.2390695592517	220.658561049691	188.6642262563304	205.5505052283319	173.36192385887534	209.51267573839587
184.45481331390738	206.640433488273	191.30513848823065	214.37953091653497	200.54217602546396	197.931968528829
181.51663027426906	207.40120672947887	196.36563406555283	220.79272561152072	197.3461810028016	197.03350983783517
182.99178620896015	218.88862987172737	196.79699463754716	233.02337946205085	189.40418173662806	206.0965970445271
174.4200167512189	209.23870752458976	187.22407238845972	218.26916511355472	193.00240344044718	202.67454576485648
R38	147.61048493894384	88.10744618109462	19.86797656489266	5
147.61048493894384	88.10744618109462	158.8881128528524	96.62454875462372	161.02399279764276	73.72229992058733	147.61048493894384	88.10744618109462
158.35573381378492	96.2224848704143	168.70754680234035	106.79105985850707	172.17656269059566	84.73582513803998
147.99810602937578	88.40018580790925	160.13912723764525	103.66160534987225	152.37833066476784	69.165628488688
149.49284192928428	86.08873631744214	157.96663598479492	99.82786802410382	157.85095964642778	75.37112706058728
160.81558412882575	75.956988814998	171.59337532300984	87.80316812701855	159.32133690547505	54.12627614874322
R37	489.5580990713669	12.532924902293463	18.722338061233774	5
489.5580990713669	12.532924902293463	504.8011763253618	24.515560770893146	498.5230248558944	2.8825347549013287	489.5580990713669	12.532924902293463
491.79657951038047	10.123288716451317	505.7615279898875	23.347018717173157	492.65352632865745	-15.260644715669406
503.9775311295804	21.677474108769854	511.83886598990244	31.432648597508372	519.4251950632878	18.9075857773909
495.6773185969796	17.34326458329359	509.7020245486106	26.460288342140487	497.3486642184833	-4.990908804092486
504.4284898094843	23.23137112797103	516.1288742896679	34.895777656830695	504.0586748076824	-1.8884377989473524
R36	77.45097877613667	388.6693673884291	17.56507247485472	5
77.45097877613667	388.6693673884291	88.19076775758066	398.80061028734747	82.14163256278444	369.6090371609026	77.45097877613667	388.6693673884291
82.60092480559199	371.825463585602	95.23611596421702	386.1288347602967	100.17323230037707	361.8336433508189
82.1624248942102	369.7093756132166	96.52199561447712	379.35457486706974	100.61792900414967	369.1832799922512
79.88152331017284	378.79292296114863	88.41312402878282	388.38151241069755	96.92279869334638	377.8787872189286
82.85977982467666	373.07463143777005	92.61720893352062	386.1311236907245	91.2648392801788	362.0204903597005
R35	37.84867060855102	76.87068729533931	21.295383223296007	5
37.84867060855102	76.87068729533931	47.95769792873255	86.02074136562625	60.86204717738412	79.79369413585465	37.84867060855102	76.87068729533931
59.8358487574774	79.66335320165312	67.78871325574885	91.53445395479535	73.57787989941079	64.63666663934872
49.497729264768296	85.2775928596429	58.66042175770829	94.17887066524354	46.60756170711288	66.1290076740014
50.726310589586674	84.68473584780568	67.02933071882433	95.62165747500647	41.09992083299593	65.61776737015481
59.854309749502924	80.27998200963337	69.23618220662588	92.95818390604441	75.82998294588809	75.55951515266406
R34	4.271749587756057	305.65187351183016	9.939473021417657	5
4.271749587756057	305.65187351183016	19.09150296227984	319.05583524379136	12.570478714715257	297.78512824971796	4.271749587756057	305.65187351183016
17.76931755728801	314.7430436831826	30.228094943231053	327.9626194621042	19.739083224566603	297.3424906871526
17.498298783007616	317.61483637488465	29.716574843154746	330.2806767278394	29.00719997722951	304.93788335055683
17.78566542817005	317.8747497093009	30.5232563345905	325.23499521665923	16.555552744044874	295.0197292496355
13.309935410876783	300.1971368731687	21.719711856200746	306.7438153941094	22.763505830793807	283.7583711259281
R33	471.69971819851264	283.75291377757014	8.581610293788941	5
471.69971819851264	283.75291377757014	482.5709455772971	293.1808328198611	488.4915741135605	273.97414545683336	471.69971819851264	283.75291377757014
484.57506565609185	286.6794102841264	496.61548684758094	298.88929842205613	510.51042362700264	285.41326043648775
476.4483130591635	287.8710658822924	486.73136984291796	294.9089494502325	483.6854537492417	272.0735115863944
483.8534777342462	276.67514945377195	494.7302024580661	286.6581810465234	495.3810169361417	260.46386859410524
476.71509231790634	280.83220139154855	486.95204221647094	290.6659385863501	471.99630338007165	258.75447616378295
R32	209.54123421578046	158.23475216080735	17.33819705161362	5
209.54123421578046	158.23475216080735	218.7928295685111	164.07143418759497	220.93775886141887	148.19802364274548	209.54123421578046	158.23475216080735
213.5688662434021	154.6876840423384	228.12939249811868	167.05082791501363	227.08128901432045	150.02149132856698
217.782155343311	150.97711084754621	230.57758337715043	164.14159631245406	214.96399287963274	132.71710974048472
220.0124059785657	155.04603782062804	235.73682629644068	164.09069319938922	236.74378476350293	146.94516796145948
215.68265168561504	162.10927321350374	227.94747870622217	174.10340967613297	212.5307419486685	144.67533469791817
R31	36.571582225479624	1.8144435949956628	15.814390121997663	5
36.571582225479624	1.8144435949956628	43.51465282386528	9.778775683423913	50.363198913134894	-6.75797477107017	36.571582225479624	1.8144435949956628
47.02196746825209	-4.681174461717927	54.71235652768433	7.434623486491932	56.25560714695171	-12.158494531610707
47.571839137730656	-5.022956727363158	56.04563001999106	9.548067762977531	58.13692142153869	-22.13319229108542
37.95310800944186	3.399179048320849	49.30290779103281	13.761610866473909	40.2347590125621	-11.20710714811339
37.301043051597446	1.3610345766943353	44.84252985683395	11.573070208251663	45.38764911990831	-15.493731510714708
R30	78.85347096712863	440.83913049313645	20.118070248549188	5
78.85347096712863	440.83913049313645	90.93212240022272	455.7408798428173	103.8655198917313	444.4261972893861	78.85347096712863	440.83913049313645
101.28513947493853	446.6836230974361	109.14914036448283	457.26618979461045	114.36980708703186	434.99184238164304
97.40432400222033	450.07872443496785	106.9781824238907	461.1844577133402	101.9857231722398	426.3901463479059
91.49652380582718	455.2471176475923	97.52268788373964	464.78130444451136	98.05497898698198	436.0916669752848
80.93143904535447	443.40277425998266	91.52897391574007	457.2280961814659	88.98323832555272	426.73219965949704
R29	489.671933229077	3.4795563234860105	20.16209069579442	5
489.671933229077	3.4795563234860105	502.4641534343773	16.73656961659367	508.3752326072469	6.930357391137489	489.671933229077	3.4795563234860105
495.23348761835155	4.505675696130533	506.4506154086723	12.674582887573694	512.4470052311195	3.3173838195017424
492.6534176788212	4.02964695264912	506.91008299567505	12.597701188314383	514.2036436683497	3.7914920994785195
501.795747537254	16.04387783040294	512.0841069409354	27.270094141986085	508.26061199442825	2.7509946954517677
501.98368938372175	5.751103200006682	515.3545856354051	18.076903511109798	525.1265345401812	-0.0722678709054616
R28	11.614373658872356	185.07401303254807	10.548516950879502	5
11.614373658872356	185.07401303254807	22.672442890286618	196.92322661105567	27.342353953143082	186.69228957324518	11.614373658872356	185.07401303254807
14.236024932462279	187.88322910987952	22.9581356165101	200.15011786791794	18.555044752615988	175.31115515227623
19.900004003352947	193.95243489170997	33.24615017947071	203.66288626255272	38.285949603284045	193.84293722499217
27.191265111050225	187.02329811061594	37.89677143787201	194.0506642866691	34.24464531338899	178.0618265332521
14.021823898443817	187.6537031639204	21.405270445778896	196.26719436124728	36.55148354883215	192.88870740285836
R27	50.65884214926286	472.27631050450674	23.215789908467592	5
50.65884214926286	472.27631050450674	62.35510912401693	486.68504979412563	60.69314390852407	458.4694939065377	50.65884214926286	472.27631050450674
51.87215476482905	470.6068386108931	67.77196323502798	479.66322768663264	48.69059896812678	447.2443952253728
51.00566692145504	471.79909284291205	64.66037130702628	485.38297842253553	74.23463726326732	472.4222642467353
61.94621939751755	479.7432372806295	72.28649292440434	494.2047144197293	72.98662951145107	477.5523876646548
60.23543662819766	459.0992816712109	73.41648253877062	471.6180960114541	75.18407207138057	454.9038258884411
R26	120.92481448560183	430.2483491548321	18.42726699724539	5
120.92481448560183	430.2483491548321	135.13640020712606	444.2970503400097	145.166315832244	428.34091532545403	120.92481448560183	430.2483491548321
136.6508092166374	429.01095490595014	144.7864673872768	436.22000744163324	150.93331913767994	419.6689037469973
125.68435326841974	429.8738465546521	132.99141820461196	440.9827585571209	130.9981525482815	404.62107189125754
130.4420735994761	429.4994870386961	140.78039666205046	445.9314247369056	145.53346323086515	432.67588721421805
141.50309371802928	434.16856820184887	153.0234319538581	444.26285444649096	136.98582806977163	411.22999712607685
R25	375.07141307953106	438.8611485307685	13.07548192333113	5
375.07141307953106	438.8611485307685	385.4773820070219	449.5625514812348	387.7208645692954	428.49042351690076	375.07141307953106	438.8611485307685
387.04049156697045	434.8808930527728	395.709406862488	449.2571352346246	406.78293791266026	440.78279384384456
380.63158562231894	434.30260933105933	385.8840459887635	443.2056191589842	396.8976742032079	440.5272882166286
380.83917428544	434.13241658056995	386.2773227215561	442.82949904886306	388.33443649882287	411.8648148148746
379.882980589577	434.91635744059954	388.90790921918517	444.3234012110518	390.9261904643356	428.8331216471927
R24	63.03426983718807	484.0154790446751	21.07869890285304	5
63.03426983718807	484.0154790446751	73.57557303098704	496.1495513506062	72.29792664120988	478.8080477830571	63.03426983718807	484.0154790446751
71.45005615470394	493.7028732700945	83.6689279338042	505.838176309858	90.74568594402251	487.7246337954379
66.86530886639852	488.425380148234	76.68038422236425	496.0593110579339	85.08752289881916	488.8816960697309
68.6930745493909	480.8344634711142	79.89992954341146	491.4763573975735	79.46572341638696	463.5900172965311
69.13269596711004	480.58733662236125	84.3741142715733	492.27343480789943	66.91120945607004	457.9651769113556
R23	358.75813583465003	434.9262723205736	21.738047628836863	5
358.75813583465003	434.9262723205736	372.0625002506238	447.0554297113815	374.44517561022167	426.45729764804156	358.75813583465003	434.9262723205736
364.3072380524848	439.98520877731926	375.8907116542882	451.4045997246312	363.3576235539824	423.4119263265066
365.34038823118965	440.9270982756862	373.9975733931686	450.81351487371535	378.73650455629826	434.00741054918956
373.6672722913916	433.1822403596986	385.68006304899234	446.37564512432294	393.1241135812022	430.5138227759589
374.3356505565648	427.4041373047243	382.4838391758091	437.7858803796467	382.8949481096152	417.9936817269609
R22	99.48157137887725	28.337369604100935	7.655407136465723	5
99.48157137887725	28.337369604100935	110.60882391473257	38.39601086728424	120.74332960885128	22.77755152303653	99.48157137887725	28.337369604100935
111.98198746120401	25.068588226586723	127.17560589923369	37.285064404823196	106.7733944542047	5.992111736211836
105.49067447995873	26.76602636376282	120.80689768221455	38.708072659834755	105.26389728077335	6.704214378638744
120.19581039960401	23.621342702194443	126.45723056302178	34.09557305344205	142.41107042848984	29.322524702148655
118.00479437749132	23.493661523454197	134.10918109185823	35.03964879822599	129.3238613026392	15.740764676916625
R21	250.20695774219192	64.87747455603416	15.48593737890831	5
250.20695774219192	64.87747455603416	261.7349140792426	81.14742569346062	269.56736725025127	71.87800870127641	250.20695774219192	64.87747455603416
264.08087936512595	78.37106303807548	273.9862165514095	90.07268648190605	283.0352796135581	71.19214812388978
256.59431614002915	73.89225618701926	262.85009442581986	82.19822902006237	265.4957034092982	56.19761996562916
261.98831879121053	69.13749913179268	271.9846414596063	77.41433677399978	266.50795489443016	48.24928551104907
259.73943670665653	68.32432543239392	270.05163081970613	79.6284109122979	268.9944287376639	58.95588595519483
R20	314.29289793554227	437.6571024880524	17.20964643455638	5
314.29289793554227	437.6571024880524	329.7730745969845	448.55219430133457	330.0423553949839	431.8940065354685	314.29289793554227	437.6571024880524
328.6962619822658	432.3865736933286	342.417245032897	442.1579084950867	352.762380016401	427.5283454330259
317.9963707944378	440.26364101200653	328.5305727494858	450.70010507138784	329.15167144704463	428.57149822611564
317.40638016537457	436.5178063006506	331.0792884445629	448.0927890184032	336.2331890000404	430.657815783616
327.33220266878993	432.8857149957398	336.20287773082384	438.7359254896212	321.95817386515375	408.76277600026
R19	277.9309436245238	309.8340527058979	25.172807364709932	5
277.9309436245238	309.8340527058979	288.9234892907268	320.66201795481703	283.4596741672597	287.8151948394912	277.9309436245238	309.8340527058979
284.0773794779514	315.8884641085492	295.01183536762426	326.33232823599565	288.2676590684375	304.0217546015527
286.2510452137816	318.02958571632195	296.2893386236556	330.9335781668284	297.61612829754336	307.4062588579649
285.7960289728148	317.58138197949046	294.73065123321567	324.85328019466806	294.9091430952755	299.93958552953376
278.8757442406404	310.7647077651642	287.05312903479694	318.23331518658165	282.0994284456988	289.64609843528
R18	488.9393363915726	260.4213208213918	8.299484149194495	5
488.9393363915726	260.4213208213918	497.74181575814674	269.7207988998284	501.46900189641104	253.3708702302394	488.9393363915726	260.4213208213918
498.63116035906546	265.81953927707275	508.9095695428837	277.38403587745876	514.6968968732223	265.43306910708066
500.54971625809935	257.403471247685	513.9933878057202	270.970594682032	499.88727562354154	241.45018288291487
491.302855179738	259.0913673257629	499.3545331843717	266.46042927743565	494.7474766270011	236.63540944017262
501.102108977727	254.98030770594733	513.6954630648513	266.34474121404133	507.2927873753888	234.05579521632512
R17	149.83764706644536	27.682069697312794	3.8477466801579743	5
149.83764706644536	27.682069697312794	158.39128693487805	35.867999404272986	165.8413356398857	18.682132619678548	149.83764706644536	27.682069697312794
161.40772715797578	21.17544515703174	167.50167714189757	30.62750231915291	167.15525661783047	7.589269914842572
163.77687779587416	23.44445014194462	170.1004832963945	34.84794784136272	181.79776169013934	32.360797972479276
163.9057726905284	19.770628229554756	176.56691984004667	31.176457902623795	171.95722202108723	10.49031105714483
152.45457720507628	26.210396059315983	167.48046060506567	38.30089182867032	175.6525917989283	28.734981344264412
R16	395.66958008268364	154.81036591735136	12.893740914094275	5
395.66958008268364	154.81036591735136	403.23448636655274	161.41566953498892	393.35759105337104	137.66796285052843	395.66958008268364	154.81036591735136
397.2892057792779	147.12101771712545	402.99876413143625	156.05623003659298	411.08557530618646	141.5708853251521
397.5856526788573	156.48338614737713	408.89270931679425	165.5445292183506	391.8375087327046	137.77851574303563
393.58756365139857	139.37311063441916	401.31642276269963	146.87914107802985	389.62526822513183	121.46076117480533
395.5289199497787	153.76743160273423	406.1812965456983	169.52249699630323	402.7477884014129	132.1332132506492
R15	482.15778920182004	338.11083297495077	6.244582785136848	5
482.15778920182004	338.11083297495077	490.4558582933134	343.83167118743904	503.0164412244708	331.7077163569544	482.15778920182004	338.11083297495077
482.1858550425869	338.1022174205412	494.7482285234587	347.5014240652442	500.41606638362964	335.01922075647207
486.7272991490239	341.2611353923056	493.6500105834169	350.0873144523923	490.1617687594267	321.2402734374783
498.52600820154584	336.04205397787894	509.4854463014679	342.1060741807844	516.1974292006904	325.0394974032372
487.24965140450234	336.5477507848295	499.71963507300933	348.8066738404637	499.9059265926124	332.1373119545001
R14	457.77028292880243	421.0598674459945	17.053196874474885	5
457.77028292880243	421.0598674459945	464.681273508716	434.4476356438199	470.07113831991023	414.12390101665534	457.77028292880243	421.0598674459945
459.31872999487143	424.0594736742806	468.78993289094086	430.0713773148518	480.6669833702893	421.8686168589972
458.4893254790672	420.6544277565313	469.0919549864824	431.98055266525864	474.4506249498963	421.10567657103627
466.8555041532982	415.93707009470006	475.30467523616977	422.72916183524165	469.4360880836244	397.5255321160081
464.53891034374607	434.1718538972689	471.92781760738046	442.1340182314396	462.31057832342776	411.3794462487105
R13	496.8142425645869	260.22190190337915	18.508131719659904	5
496.8142425645869	260.22190190337915	504.44635205482047	267.9704448339799	502.5825242538721	239.62157354448993	496.8142425645869	260.22190190337915
503.2034448603974	249.06579277247897	513.7913632859538	263.37701859202286	523.3881374122908	248.63823456622904
497.74541656060546	256.89638988601826	506.1647029706048	262.53368972362927	515.9792848132025	250.6531222401134
501.44796160942224	243.6734496972812	508.8787769972277	250.74554673929538	500.5094639123108	224.3909194173332
502.7686319366059	242.45227643513286	511.9240866938734	252.0580990159721	518.2800819699839	239.90169736140552
R12	56.645415604352046	290.87969427801477	4.9277607053515515	5
56.645415604352046	290.87969427801477	66.64358842978974	298.2888226873031	68.53352376508771	284.44722267916734	56.645415604352046	290.87969427801477
67.12471874152305	294.7650971912917	79.00793496578714	309.33562291155675	74.67028089058041	276.61645303430373
66.76106186398962	297.42846505632593	75.93341321904272	310.23509185408926	93.81410381017265	301.30683442450425
61.97035010069298	287.99845451721194	71.15546625406165	299.1069492676372	68.83207747048613	277.652261034152
58.601758281273796	289.8211474901856	67.75558150756972	301.0298763760554	73.64393577319723	287.8422888079635
R11	241.29792406982025	440.7991326174846	9.239751866123243	5
241.29792406982025	440.7991326174846	251.52859966249756	447.4524102283032	256.8172519586438	437.6071476256557	241.29792406982025	440.7991326174846
256.6511479716151	437.91636390233094	266.2511888725906	453.1873038333402	262.91428502456364	425.7514922621656
255.9763142708526	437.780110043727	269.9407866454191	451.0786057580676	262.73721567232263	419.75540684561633
254.2842692463257	442.3225039346553	265.56810498942883	451.17851310857355	271.003319486586	441.70299328778543
255.30910932628018	437.9173394511348	266.0517532714883	450.20725324238043	269.50724429817274	428.4963867064332
R10	39.6634681885335	497.41553035947163	14.234924716301911	5
39.6634681885335	497.41553035947163	47.11736350471301	504.7450195271125	47.90094307419932	490.9938112646729	39.6634681885335	497.41553035947163
47.284934970849825	501.80427142772004	60.74623742451621	515.7121273704854	58.905715957595575	494.61847251590524
40.23293094850627	497.97548873741334	49.81773493631529	505.0061599388421	57.499740654123556	496.75587591805584
41.749291473588826	495.78947730268794	51.4234446136831	508.7382227970625	45.68973297887909	472.2216226009978
43.75717501537565	501.44091287023866	50.30963226320597	512.9551336924527	54.32680681104171	481.5924069989088
R9	335.84446156100336	497.9830769698571	5.944225445799822	5
335.84446156100336	497.9830769698571	344.1719312103269	508.2001613855629	355.65167844714574	505.42040146917526	335.84446156100336	497.9830769698571
339.06022073003544	499.19054819558403	349.9384558569546	510.8557463187134	354.7767809806917	500.07637761041843
337.40292875838054	499.89518131670457	351.97509647372897	511.9641983411846	350.2186975828183	485.2864724200047
338.2906345291733	498.9015796676525	350.668329380695	514.4055559944152	354.7698998578161	503.09840308561957
342.5870707126965	500.5148295387048	352.02091874775795	508.8909225323858	363.9584670777414	501.17036474029965
R8	209.75100647987747	183.61674839165127	4.09551261388435	5
209.75100647987747	183.61674839165127	225.71608842324395	195.0381284099429	217.0310857651886	165.5296432050105	209.75100647987747	183.61674839165127
220.63248094369175	191.40132822978973	227.7952861471267	205.43422029377302	240.48174918058365	201.0820089740411
215.07662632986418	187.4266836212621	221.80138737396246	197.31158842949372	219.56411223016647	171.748733121566
212.5046372263387	176.7754480425049	224.02052428444046	188.46324670263465	233.57142868446226	171.90778143389724
215.93469842968173	168.2535796190857	226.8610660866461	182.79068105607365	229.70072970379974	157.28656539128872
R7	314.0698565390975	43.15815661514877	13.22562809580632	5
314.0698565390975	43.15815661514877	326.1267000510402	57.699202339283545	327.7628297771854	37.87017409775384	314.0698565390975	43.15815661514877
319.05209076140886	41.234106446711564	330.71808558614146	54.24769237637902	334.05360938752875	42.33593266394315
320.30625060007344	40.74977224218466	327.19977021929043	48.98132787171915	330.2685080176326	26.979038592034698
326.3641151493016	38.410332788672804	340.30607767864	52.53211596873667	334.63245422498335	19.81081202370777
321.29688186346925	40.36720808238255	327.38802562434415	49.67696279119134	322.1121748272758	17.84272761293351
R6	103.90468014871456	12.868269755004768	17.79419106423413	5
103.90468014871456	12.868269755004768	112.2929101336934	18.940618248074795	116.0329447596899	0.6972551152295043	103.90468014871456	12.868269755004768
113.88747824861305	2.8502840235725455	125.81097310008289	17.240852551561257	113.12825488396756	-15.224635051389825
113.6629966507914	12.257528823956344	123.58425751222548	26.17550304144531	116.07530006946128	-5.100406017268423
112.44720907648617	18.187969696423224	121.22620792885024	29.108353675503114	116.73274978641183	-5.288928521535318
107.19372455244321	15.249251662318615	114.48657035260895	24.891230012235603	133.04657905516143	17.041120548304498
R5	368.76292039007205	304.52739536179445	10.735809490329347	5
368.76292039007205	304.52739536179445	375.53111168831225	315.93435665739935	385.11640616192295	293.0262624541511	368.76292039007205	304.52739536179445
382.90101386954683	294.5843107841924	390.7385945223443	305.22334132918337	388.6618646045937	283.86573261644895
379.7138881017863	305.93785249419506	394.12958665269883	318.80826976724876	387.5357506550481	297.91107443439415
373.13967333078807	311.903878855716	387.08335328844845	325.3278644839002	389.34526453695213	313.36494436575146
379.9056485935707	305.47956011493096	388.9171977853236	317.3578204231837	405.3806300735076	310.9918544506442
R4	0.2804183878784561	421.84900628298305	7.278794893516585	5
0.2804183878784561	421.84900628298305	13.567084369605846	433.9522461101121	3.4518896394480834	403.9606476241848	0.2804183878784561	421.84900628298305
2.920240091265299	406.9593624301206	14.56055303532704	421.7028519468693	3.3921532231853107	389.8214064420916
12.266890422932022	430.0971651311752	25.871632312577283	440.2123593030009	16.20897244765641	420.3866082204767
1.0340508820096954	417.5982194138692	10.00734404790698	424.3273019859016	-1.3325506810520267	394.1243559239634
7.8591806141701435	428.7527379598194	19.83162701430625	441.75918093725477	12.260416266687027	409.21899948142874
R3	141.21653995477095	391.24572618385344	5.387665510151751	5
141.21653995477095	391.24572618385344	150.20562545772043	400.6401542276135	153.46554494540482	376.45552036533144	141.21653995477095	391.24572618385344
142.18634727313957	390.0747208773858	149.79872228480306	402.85997143492517	151.99695538658233	378.0979174279149
151.2874747050602	392.61414989224795	161.7917185345167	400.07420292108276	158.46273595660088	378.42339072891633
145.93338153185607	385.55032008419107	155.19108913343365	400.37863617271034	151.65400321248657	373.0110048330066
147.4796443341921	397.7912511322728	156.68265007725998	403.8312324669299	148.04092397766652	379.2160662017344
R2	225.36352277307824	323.768741234215	5.375434128987906	5
225.36352277307824	323.768741234215	235.82822873755845	336.1022223652478	233.674669305275	314.3963757364153	225.36352277307824	323.768741234215
232.20224656098821	331.82871645805994	242.13778768812531	348.63632139972873	251.5788972987931	328.8878002251969
234.55748158717728	323.2942903728842	245.38450021138965	329.85851355407414	235.65500102026633	310.2622207074487
233.75828162252876	315.2391089841657	243.99297570908894	321.7632276299792	251.99024944152913	307.1183784241464
235.18254086423107	335.3412282934363	247.23065851916573	344.71652463298744	240.34786126728375	325.58744469597775
R1	145.72150070985577	125.17619299855586	23.955319195102994	5
145.72150070985577	125.17619299855586	152.31611272423277	134.97270251660964	149.3480891715865	112.52918001010511	145.72150070985577	125.17619299855586
150.36415597287044	132.07300760630082	165.22182310071577	141.34999461177802	175.66694393825603	126.26917384543368
147.88047818325182	117.6471842797718	159.0301107726452	128.2701346034294	155.80168803176676	108.45728117474182
146.85072539814706	126.85369280942413	162.05072103744948	137.63463760024788	155.82862399707142	119.49219865222678
150.45582733105016	120.90564531512933	161.88756899024222	129.69783387883442	149.97503924795822	103.79504615463942
