R100	50.14861462809633	264.80662053429927	120.14796164381225	1
50.14861462809633	264.80662053429927	58.640465828022215	273.05558774677377	73.51713305990761	268.33592521683585	50.14861462809633	264.80662053429927
R99	291.6767342468024	474.03010334704305	120.14796164381225	1
291.6767342468024	474.03010334704305	303.116553332453	482.7524172661952	288.55221944283664	450.42502014395694	291.6767342468024	474.03010334704305
R98	87.54484692992776	457.45620301631584	120.14796164381225	1
87.54484692992776	457.45620301631584	100.38790161079051	469.62361313594846	106.66069400348687	459.0195942818179	87.54484692992776	457.45620301631584
R97	303.4636772842818	281.69728360845966	120.14796164381225	1
303.4636772842818	281.69728360845966	312.53363399083156	291.1041039209451	322.19970334503887	280.5960936092168	303.4636772842818	281.69728360845966
R96	73.33389640827964	466.4974240009902	120.14796164381225	1
73.33389640827964	466.4974240009902	84.05013253670981	482.8811043096902	85.56618557369583	464.39306599492284	73.33389640827964	466.4974240009902
R95	412.0234056649131	248.4582479337663	120.14796164381225	1
412.0234056649131	248.4582479337663	420.2521355623493	257.5053038426806	420.83199674027924	242.68625094426682	412.0234056649131	248.4582479337663
R94	103.1525207429544	258.08625703705343	120.14796164381225	1
103.1525207429544	258.08625703705343	114.51284004667866	273.00441080060455	101.0609390543833	236.29568251540678	103.1525207429544	258.08625703705343
R93	160.17284036017654	83.20189933228816	120.14796164381225	1
160.17284036017654	83.20189933228816	171.154263904566	91.86676954537342	166.31653070725216	65.54780749783237	160.17284036017654	83.20189933228816
R92	128.76396834119925	27.694478390953236	120.14796164381225	1
128.76396834119925	27.694478390953236	136.6913760701387	38.965246515607504	138.1337331320681	17.04108831095045	128.76396834119925	27.694478390953236
R91	232.08244106045788	290.34276996554297	120.14796164381225	1
232.08244106045788	290.34276996554297	247.83102629483147	300.78412457470813	250.1696433595779	281.4886687708183	232.08244106045788	290.34276996554297
R90	272.0020284692324	447.9979151516078	120.14796164381225	1
272.0020284692324	447.9979151516078	285.63597541208753	460.3763155630132	279.35459202419247	431.3956782953669	272.0020284692324	447.9979151516078
R89	392.0664925103945	218.75365727722513	120.14796164381225	1
392.0664925103945	218.75365727722513	400.17495916247816	225.70159436105035	401.8374861225978	204.83217156400633	392.0664925103945	218.75365727722513
R88	100.38197318301012	493.32083614540556	120.14796164381225	1
100.38197318301012	493.32083614540556	113.35763118032843	504.19079230835064	125.05231521716958	491.2536766424641	100.38197318301012	493.32083614540556
R87	112.39517824863727	213.17942453475453	120.14796164381225	1
112.39517824863727	213.17942453475453	120.47739562188427	225.1622769428915	126.516931619661	212.62767989084028	112.39517824863727	213.17942453475453
R86	353.030010946248	347.2389035577076	120.14796164381225	1
353.030010946248	347.2389035577076	364.6035431165752	353.7051717921602	354.6634326891082	332.83954651129676	353.030010946248	347.2389035577076
R85	103.79480248481605	38.87432038764027	120.14796164381225	1
103.79480248481605	38.87432038764027	119.88348414690203	49.92137319451368	110.27601244218864	22.772230515333742	103.79480248481605	38.87432038764027
R84	486.72637140742944	147.5575762131881	120.14796164381225	1
486.72637140742944	147.5575762131881	498.3592504808012	158.23511949854566	494.9782307806585	139.3616779875011	486.72637140742944	147.5575762131881
R83	40.696328554219285	170.04511947189133	120.14796164381225	1
40.696328554219285	170.04511947189133	49.45537529949858	176.62558472956792	64.6400869099229	164.3640783736046	40.696328554219285	170.04511947189133
R82	116.82296641400718	56.18332829739764	120.14796164381225	1
116.82296641400718	56.18332829739764	127.79501020482157	67.39971867927066	122.83930630996943	35.28094788689283	116.82296641400718	56.18332829739764
R81	25.36209658428107	297.8286149465254	120.14796164381225	1
25.36209658428107	297.8286149465254	35.652681557922655	312.5524415354945	35.3136366255784	277.318619075219	25.36209658428107	297.8286149465254
R80	427.7753122944782	85.49171360980374	120.14796164381225	1
427.7753122944782	85.49171360980374	436.259844821657	94.21605696455846	439.29785515612616	80.53376671761278	427.7753122944782	85.49171360980374
R79	290.5505152227636	401.42594601825664	120.14796164381225	1
290.5505152227636	401.42594601825664	299.2260133609352	416.99331155568325	298.51382775683794	377.04724299639406	290.5505152227636	401.42594601825664
R78	417.6499002126146	453.7021239677001	120.14796164381225	1
417.6499002126146	453.7021239677001	428.072707613096	466.6741077963271	435.0670403222329	453.8369311210344	417.6499002126146	453.7021239677001
R77	415.0921737499905	337.5371671627454	120.14796164381225	1
415.0921737499905	337.5371671627454	425.61238062517975	351.0916695780756	434.8644213896095	346.52897617274	415.0921737499905	337.5371671627454
R76	63.29834738121926	251.468012217474	120.14796164381225	1
63.29834738121926	251.468012217474	69.79262453605442	260.8876124037354	74.63386586317355	241.10075383997696	63.29834738121926	251.468012217474
R75	247.30778693667298	187.7032102117623	120.14796164381225	1
247.30778693667298	187.7032102117623	258.64998259236216	203.18461206852575	249.93435069714445	172.89622974013747	247.30778693667298	187.7032102117623
R74	64.43224137519677	363.2931798467506	120.14796164381225	1
64.43224137519677	363.2931798467506	70.95279913429695	370.9317095951102	84.97708390490419	360.6479041242504	64.43224137519677	363.2931798467506
R73	460.19664929014397	383.32344955064326	120.14796164381225	1
460.19664929014397	383.32344955064326	469.07165222841235	391.6300794380311	453.73079852707536	363.5732927455208	460.19664929014397	383.32344955064326
R72	60.52953911815773	219.33695138001536	120.14796164381225	1
60.52953911815773	219.33695138001536	74.41665428672987	233.39071449321904	74.4526845657641	217.82671675081204	60.52953911815773	219.33695138001536
R71	323.29860988368023	125.16621032079084	120.14796164381225	1
323.29860988368023	125.16621032079084	333.76353717558476	140.9872391091665	342.06429756229386	133.87956146089815	323.29860988368023	125.16621032079084
R70	452.73302097366695	335.4590485726576	120.14796164381225	1
452.73302097366695	335.4590485726576	462.23033003970187	348.04987361246674	475.44144787388836	342.9604585874756	452.73302097366695	335.4590485726576
R69	78.55634162026864	72.75640978247417	120.14796164381225	1
78.55634162026864	72.75640978247417	88.85419889100083	86.54973013558532	95.7453500146021	71.92190392792358	78.55634162026864	72.75640978247417
R68	190.48044944742887	97.70128308055592	120.14796164381225	1
190.48044944742887	97.70128308055592	204.1814275890272	105.24720565245039	197.62483745154705	89.83755126574366	190.48044944742887	97.70128308055592
R67	171.78690186920025	92.1748597681204	120.14796164381225	1
171.78690186920025	92.1748597681204	185.27474077748982	101.86193998489041	185.5213986937246	80.34886077535143	171.78690186920025	92.1748597681204
R66	359.78857479787575	438.46805401020447	120.14796164381225	1
359.78857479787575	438.46805401020447	369.59459366529404	450.4329706286218	378.6267457704465	443.46409428337705	359.78857479787575	438.46805401020447
R65	273.8613471016125	185.04172660813822	120.14796164381225	1
273.8613471016125	185.04172660813822	284.9649235795665	195.1925405914087	275.6857903745463	167.04233010276016	273.8613471016125	185.04172660813822
R64	295.5899635336218	348.04869632073286	120.14796164381225	1
295.5899635336218	348.04869632073286	304.57983586161333	360.11632316488226	299.0931186652491	329.5197672278661	295.5899635336218	348.04869632073286
R63	243.6722717016125	141.7239234076788	120.14796164381225	1
243.6722717016125	141.7239234076788	254.4306763053392	152.08151209885168	252.92924953977518	134.42202029161862	243.6722717016125	141.7239234076788
R62	416.42253513218833	440.35682026303857	120.14796164381225	1
416.42253513218833	440.35682026303857	429.80181542174773	450.9686114614083	433.2508970049248	428.6688258146882	416.42253513218833	440.35682026303857
R61	241.66514535184686	56.48112890997387	120.14796164381225	1
241.66514535184686	56.48112890997387	253.6127461972839	67.79144267078497	262.4400542995391	53.24176596010835	241.66514535184686	56.48112890997387
R60	376.6621415697851	5.318384220825978	120.14796164381225	1
376.6621415697851	5.318384220825978	384.4231282116401	12.72441581626515	384.3112195504707	-11.68287451481218	376.6621415697851	5.318384220825978
R59	112.28004218247678	348.1645788763216	120.14796164381225	1
112.28004218247678	348.1645788763216	119.24329079811751	356.05198475327796	137.5509682590061	347.3675933532688	112.28004218247678	348.1645788763216
R58	53.37317345323761	302.6303746133284	120.14796164381225	1
53.37317345323761	302.6303746133284	65.43483737082286	316.70275003599363	53.1140459290101	281.1193581745879	53.37317345323761	302.6303746133284
R57	266.19347295129165	357.4605822662539	120.14796164381225	1
266.19347295129165	357.4605822662539	273.3532826964735	364.65533483049427	277.3346070129978	346.10546750907736	266.19347295129165	357.4605822662539
R56	334.17195534532175	288.98436264820765	120.14796164381225	1
334.17195534532175	288.98436264820765	346.7309002150259	300.34903278483426	334.97697752143426	263.61149766212014	334.17195534532175	288.98436264820765
R55	419.80055095533663	349.2179658200012	120.14796164381225	1
419.80055095533663	349.2179658200012	430.2179909984657	362.8815739481763	427.21591246209755	333.34038158506274	419.80055095533663	349.2179658200012
R54	175.13173954682543	490.58829751173374	120.14796164381225	1
175.13173954682543	490.58829751173374	188.89419184091125	504.2367756049371	184.90423218203523	483.9501918556068	175.13173954682543	490.58829751173374
R53	86.9089255580186	268.2446086023351	120.14796164381225	1
86.9089255580186	268.2446086023351	95.15352844117422	276.8601004861937	82.78464356072111	248.1062801873485	86.9089255580186	268.2446086023351
R52	128.02286937806568	388.1485819349699	120.14796164381225	1
128.02286937806568	388.1485819349699	138.80868708373407	404.0171698618522	140.6033718535284	373.01535680415475	128.02286937806568	388.1485819349699
R51	274.03679829152225	459.66935898978096	120.14796164381225	1
274.03679829152225	459.66935898978096	285.27376395225724	468.5290760775406	265.50361185903535	438.62566982583405	274.03679829152225	459.66935898978096
R50	441.83063482786054	236.5531617460498	120.14796164381225	1
441.83063482786054	236.5531617460498	447.5316904633039	245.40522806683515	459.83030121758924	234.26897533807647	441.83063482786054	236.5531617460498
R49	349.86712571314246	124.54525313934195	120.14796164381225	1
349.86712571314246	124.54525313934195	361.1441007611845	138.03014138447574	353.57477095956085	101.64281645461291	349.86712571314246	124.54525313934195
R48	270.7188673595891	296.42201920010723	120.14796164381225	1
270.7188673595891	296.42201920010723	283.81208774051856	305.23092873191547	266.8394985562457	278.70545103996835	270.7188673595891	296.42201920010723
R47	446.0920873459382	290.2602239891164	120.14796164381225	1
446.0920873459382	290.2602239891164	456.74915617267436	298.9077014734918	444.3076776748897	270.3521236464502	446.0920873459382	290.2602239891164
R46	339.0367365476587	70.50022139815142	120.14796164381225	1
339.0367365476587	70.50022139815142	349.79686332535596	84.34729463131762	355.0467801814013	68.25404574529719	339.0367365476587	70.50022139815142
R45	491.8108020894458	309.400874755587	120.14796164381225	1
491.8108020894458	309.400874755587	502.9029468195566	319.9680548447471	509.7426021610813	303.6410642549654	491.8108020894458	309.400874755587
R44	141.66785083013255	461.53216460706545	120.14796164381225	1
141.66785083013255	461.53216460706545	153.1407404696924	468.54163206470247	164.11525694785868	453.4396659687431	141.66785083013255	461.53216460706545
R43	288.47715617169115	284.2997448121175	120.14796164381225	1
288.47715617169115	284.2997448121175	297.06251280972606	292.17385914404815	306.0469418737367	277.9744912517727	288.47715617169115	284.2997448121175
R42	186.49685823033968	157.68487484775008	120.14796164381225	1
186.49685823033968	157.68487484775008	193.63167009534988	166.4019859086088	202.99976310293852	156.19085016863818	186.49685823033968	157.68487484775008
R41	434.73299901348577	45.341131887136896	120.14796164381225	1
434.73299901348577	45.341131887136896	442.8990451337182	51.795599169831156	453.34916176877755	38.957553017572884	434.73299901348577	45.341131887136896
R40	104.96170925974346	200.63034489232746	120.14796164381225	1
104.96170925974346	200.63034489232746	114.46464525484603	209.90088461509205	120.32785790734657	201.50375095738815	104.96170925974346	200.63034489232746
R39	408.8386420780342	485.3959154235236	120.14796164381225	1
408.8386420780342	485.3959154235236	420.2690771336841	497.04915953876815	431.0300418919455	480.3546642071928	408.8386420780342	485.3959154235236
R38	379.9481246614194	254.83711802004993	120.14796164381225	1
379.9481246614194	254.83711802004993	386.94832297953855	264.1138517785789	380.19829916128805	237.63170890314214	379.9481246614194	254.83711802004993
R37	295.300848799569	290.13095911501404	120.14796164381225	1
295.300848799569	290.13095911501404	306.96644845657687	303.8147133323971	313.7461600168291	292.92965877358205	295.300848799569	290.13095911501404
R36	329.4828056231799	315.1825938286668	120.14796164381225	1
329.4828056231799	315.1825938286668	341.2086204491268	325.53522103819404	327.9522510480571	292.01219132344806	329.4828056231799	315.1825938286668
R35	297.1087174926351	172.4604610615616	120.14796164381225	1
297.1087174926351	172.4604610615616	308.301581911041	184.65483581375017	305.6554870683924	154.85957813562743	297.1087174926351	172.4604610615616
R34	475.04825928640787	415.3397933346467	120.14796164381225	1
475.04825928640787	415.3397933346467	484.8840000541934	427.3641309848376	480.47142256641996	396.72135806614085	475.04825928640787	415.3397933346467
R33	437.06671495951724	160.5778976610972	120.14796164381225	1
437.06671495951724	160.5778976610972	453.9448386901437	169.2893398041494	452.8700014511437	154.7190879865264	437.06671495951724	160.5778976610972
R32	48.56503805415219	119.11282745235319	120.14796164381225	1
48.56503805415219	119.11282745235319	60.10806039174837	126.10802540545748	42.67998337674699	93.68946387238981	48.56503805415219	119.11282745235319
R31	313.3482002537182	242.7706854157593	120.14796164381225	1
313.3482002537182	242.7706854157593	322.5291518940012	250.92128498290595	307.70558590428726	219.37488104762528	313.3482002537182	242.7706854157593
R30	209.2963434249238	439.5303808803734	120.14796164381225	1
209.2963434249238	439.5303808803734	225.04983226541276	450.26982669278937	210.9842032394832	427.8786864429605	209.2963434249238	439.5303808803734
R29	113.80329173575527	201.95333460220743	120.14796164381225	1
113.80329173575527	201.95333460220743	127.1639246313333	215.7511718926078	136.2452646288334	196.70075202399818	113.80329173575527	201.95333460220743
R28	256.69201555456004	170.5274259769879	120.14796164381225	1
256.69201555456004	170.5274259769879	264.0315374653975	181.06336338365972	263.4222545303994	158.23292000073974	256.69201555456004	170.5274259769879
R27	199.90304076243265	390.3750955640516	120.14796164381225	1
199.90304076243265	390.3750955640516	210.5200476417875	400.8307366899271	213.00294817554862	378.32792700471896	199.90304076243265	390.3750955640516
R26	216.50673636792516	478.8631642212049	120.14796164381225	1
216.50673636792516	478.8631642212049	226.62505990073808	491.018867868028	216.32272347276583	456.87050355796924	216.50673636792516	478.8631642212049
R25	169.58482535609275	385.5198253748418	120.14796164381225	1
169.58482535609275	385.5198253748418	177.70971311236295	394.39895202834566	167.6139377716629	364.98621942963405	169.58482535609275	385.5198253748418
R24	22.84333901963931	370.885234180898	120.14796164381225	1
22.84333901963931	370.885234180898	31.50475547339311	385.22259352645165	41.260932254467505	376.75154200216053	22.84333901963931	370.885234180898
R23	84.716980133069	215.5089186924306	120.14796164381225	1
84.716980133069	215.5089186924306	95.53009571052257	222.30276367069146	89.76651332159484	200.73274595214409	84.716980133069	215.5089186924306
R22	18.964816289623876	162.1419275449323	120.14796164381225	1
18.964816289623876	162.1419275449323	30.486017669661717	177.80790823270422	30.062346684683376	149.0132655756471	18.964816289623876	162.1419275449323
R21	275.3962838425239	453.47286526477825	120.14796164381225	1
275.3962838425239	453.47286526477825	284.84892962949704	462.3097933603135	286.1427861563907	443.7271267132179	275.3962838425239	453.47286526477825
R20	204.10422910448673	265.8873394080421	120.14796164381225	1
204.10422910448673	265.8873394080421	213.91609161428386	277.9847474233712	221.7965063459767	258.4217375373529	204.10422910448673	265.8873394080421
R19	292.7405974292429	410.93909676493274	120.14796164381225	1
292.7405974292429	410.93909676493274	304.21579944172487	421.71445196997973	313.4961460425205	403.6827652327955	292.7405974292429	410.93909676493274
R18	384.83466054982665	118.3805939191278	120.14796164381225	1
384.83466054982665	118.3805939191278	399.68128499345636	127.1761501944018	398.50450299288667	112.4595122888291	384.83466054982665	118.3805939191278
R17	493.08811638483365	139.2970054661226	120.14796164381225	1
493.08811638483365	139.2970054661226	505.38740432946867	149.22058876440647	516.7448212284971	136.74187389499832	493.08811638483365	139.2970054661226
R16	369.03244859676744	349.646033556709	120.14796164381225	1
369.03244859676744	349.646033556709	376.5796989580982	356.8526167123685	366.729731732312	332.6927868248354	369.03244859676744	349.646033556709
R15	179.34969512828752	103.2875771826866	120.14796164381225	1
179.34969512828752	103.2875771826866	187.49950219486408	112.49187808373345	184.90317761430703	93.38910635598228	179.34969512828752	103.2875771826866
R14	312.7054472647488	324.07172987186453	120.14796164381225	1
312.7054472647488	324.07172987186453	323.99656655723925	332.8443364929789	311.1586834701542	303.00233099405693	312.7054472647488	324.07172987186453
R13	65.40355035551148	372.10269052311315	120.14796164381225	1
65.40355035551148	372.10269052311315	72.40577249138464	379.9042520575431	81.13128423668526	371.3138486486131	65.40355035551148	372.10269052311315
R12	188.03055284652785	437.85267133946337	120.14796164381225	1
188.03055284652785	437.85267133946337	196.8654001549223	442.9483682466054	187.15703969233004	418.58007767016363	188.03055284652785	437.85267133946337
R11	143.5337418929341	281.3855393269127	120.14796164381225	1
143.5337418929341	281.3855393269127	152.2833812459004	291.0962151712236	145.89072023732172	259.1216167243007	143.5337418929341	281.3855393269127
R10	251.35437861860194	302.74114835895784	120.14796164381225	1
251.35437861860194	302.74114835895784	259.5284691789485	313.49373006101166	257.57429826131187	280.9519452595412	251.35437861860194	302.74114835895784
R9	235.59147460263335	325.951417918878	120.14796164381225	1
235.59147460263335	325.951417918878	244.1033460933899	338.73932372257434	235.6999672215428	305.5103790938982	235.59147460263335	325.951417918878
R8	417.60014042248747	236.69896407432788	120.14796164381225	1
417.60014042248747	236.69896407432788	424.25595383818904	248.54853914191443	426.3538772767792	230.04301820794174	417.60014042248747	236.69896407432788
R7	469.33752801988265	19.589951448878317	120.14796164381225	1
469.33752801988265	19.589951448878317	479.82983913027294	31.819726706734862	470.3687770197261	-5.7908753559498685	469.33752801988265	19.589951448878317
R6	180.87070843419318	351.63863818574964	120.14796164381225	1
180.87070843419318	351.63863818574964	193.55491141926325	362.55225692625373	195.76688714769267	342.5277518938647	180.87070843419318	351.63863818574964
R5	101.7772679827098	99.49332369016616	120.14796164381225	1
101.7772679827098	99.49332369016616	116.56308537365484	111.94703375941683	125.24971482021749	98.24175537668481	101.7772679827098	99.49332369016616
R4	396.85898824451016	92.2169076132846	120.14796164381225	1
396.85898824451016	92.2169076132846	412.2216833009513	101.44399094987779	404.0509697232083	76.86320895343906	396.85898824451016	92.2169076132846
R3	181.63702918656088	401.7480313881855	120.14796164381225	1
181.63702918656088	401.7480313881855	191.47629448412707	407.44023951994075	187.9675634725901	392.90608879830404	181.63702918656088	401.7480313881855
R2	371.2265491551702	164.26328471525963	120.14796164381225	1
371.2265491551702	164.26328471525963	379.6119400075927	176.02923480560517	378.82057272446553	141.01692122583546	371.2265491551702	164.26328471525963
R1	9.799663386259983	407.43270769680845	120.14796164381225	1
9.799663386259983	407.43270769680845	20.834831274260985	416.32775376278903	16.032010693661622	394.64518147748646	9.799663386259983	407.43270769680845
