R100	315.9301887107792	140.56654259914046	88.61239394103795	1
315.9301887107792	140.56654259914046	323.61803507291785	149.70841633713977	327.9171105575301	129.17084915946666	315.9301887107792	140.56654259914046
R99	446.30309569825937	281.59816303924265	46.670285811221035	1
446.30309569825937	281.59816303924265	457.72512710111926	295.2982827386504	464.92688422210483	286.24838088226784	446.30309569825937	281.59816303924265
R98	309.3808840525835	223.50147439005426	64.7919334900318	1
309.3808840525835	223.50147439005426	321.92540170053763	234.8018565822934	321.215822024774	215.59398315578284	309.3808840525835	223.50147439005426
R97	492.55760110182456	232.3793390397575	127.8022540407648	1
492.55760110182456	232.3793390397575	500.9214831281911	239.68161658304393	512.1568721539318	225.20366514164962	492.55760110182456	232.3793390397575
R96	401.28896929804824	170.96635963426237	20.424515521932907	1
401.28896929804824	170.96635963426237	412.5626979841987	180.32813950986883	414.6340743469159	159.4203366005444	401.28896929804824	170.96635963426237
R95	83.82788829978193	279.4838374206755	29.418247265971196	1
83.82788829978193	279.4838374206755	94.29722463485432	288.4182364565464	84.72661462941065	254.58865227148078	83.82788829978193	279.4838374206755
R94	330.97318421457084	446.53302562555086	39.06238382746231	1
330.97318421457084	446.53302562555086	346.171561694729	456.71066731069067	338.69463751752784	436.2154080123548	330.97318421457084	446.53302562555086
R93	324.9076835613559	424.11568473256125	143.14322063178085	1
324.9076835613559	424.11568473256125	338.4426999676307	436.58446780230713	343.6382194943133	421.0078999705596	324.9076835613559	424.11568473256125
R92	439.2372818764927	139.24732931494904	94.7164248353057	1
439.2372818764927	139.24732931494904	454.0584439417564	151.5952205547386	447.45424045040824	120.80152142405781	439.2372818764927	139.24732931494904
R91	89.73206184195237	407.93421615498414	134.21341295200133	1
89.73206184195237	407.93421615498414	100.2987631820059	422.4255417551946	100.56989340311104	401.18817225271624	89.73206184195237	407.93421615498414
R90	204.98338973553902	375.05219525689296	125.4264720304317	1
204.98338973553902	375.05219525689296	214.17233730641672	384.5001502637783	206.1100503828208	360.6364404089917	204.98338973553902	375.05219525689296
R89	59.7966321631665	23.39041249112439	136.124539172489	1
59.7966321631665	23.39041249112439	70.08031726541886	35.663906171577324	79.07150706454021	27.358828223376317	59.7966321631665	23.39041249112439
R88	240.2477151843034	158.4406548852465	62.6048993206081	1
240.2477151843034	158.4406548852465	248.88966905910638	172.72997123290168	257.0383653871518	150.09934771920882	240.2477151843034	158.4406548852465
R87	211.30908382589809	154.52552016620186	51.253948784448106	1
211.30908382589809	154.52552016620186	222.260551982508	164.47952407615006	217.8435047029212	144.8371837110364	211.30908382589809	154.52552016620186
R86	248.82049958138768	150.1175225500076	136.5960208060616	1
248.82049958138768	150.1175225500076	257.03198297057884	161.87240965714284	249.4326527190711	129.77253166829792	248.82049958138768	150.1175225500076
R85	49.364243226568185	245.25009221613243	121.70019416787389	1
49.364243226568185	245.25009221613243	58.27544340645184	261.7569464992706	74.93692396855838	251.27761289944112	49.364243226568185	245.25009221613243
R84	230.7512846190055	463.6522086782546	90.47070930151426	1
230.7512846190055	463.6522086782546	238.98313593614756	471.2854639505078	238.2922532789267	453.5520753775098	230.7512846190055	463.6522086782546
R83	115.73069634429595	301.7073706282585	49.155026111694156	1
115.73069634429595	301.7073706282585	126.9948602022771	315.40691038333546	136.22177174838714	307.03630232356477	115.73069634429595	301.7073706282585
R82	417.5651081406768	291.0585466623231	61.14478172051917	1
417.5651081406768	291.0585466623231	429.99635099240453	301.82555733663804	431.2566196353008	289.5583306299271	417.5651081406768	291.0585466623231
R81	237.87116530174913	391.77985287989065	84.6803232352505	1
237.87116530174913	391.77985287989065	247.70882342469545	400.8896408485097	255.0788636847048	389.3503767447602	237.87116530174913	391.77985287989065
R80	397.1152430768722	144.0384064454258	90.96360252446789	1
397.1152430768722	144.0384064454258	405.65984772551343	151.98977838313036	406.29144762107774	134.36313784321314	397.1152430768722	144.0384064454258
R79	45.37613287218467	160.56305285433174	79.02677488240306	1
45.37613287218467	160.56305285433174	55.26511571412682	171.59867589576663	59.38099496055845	154.12360662248852	45.37613287218467	160.56305285433174
R78	2.302879483702558	285.3096253365401	96.60115532416005	1
2.302879483702558	285.3096253365401	14.970790474820364	295.18533135724925	5.759707198568043	263.00793743525134	2.302879483702558	285.3096253365401
R77	446.79393481376314	411.58472247309896	146.94564834279828	1
446.79393481376314	411.58472247309896	456.07013350248627	420.0922793395681	448.07397353276525	389.6654890189913	446.79393481376314	411.58472247309896
R76	312.47079091199623	169.97708213934575	130.7706091303001	1
312.47079091199623	169.97708213934575	323.9436669791175	185.1942770382629	311.48302149463007	151.99749421144602	312.47079091199623	169.97708213934575
R75	236.54958700295802	234.0079539558596	25.485019346147286	1
236.54958700295802	234.0079539558596	249.17753259181282	246.93412955055635	259.2103519772604	237.3717295683613	236.54958700295802	234.0079539558596
R74	341.6286484191274	278.21020214587907	84.66362695096515	1
341.6286484191274	278.21020214587907	352.42202050396264	292.5845580950711	348.3805761949458	257.61418989650167	341.6286484191274	278.21020214587907
R73	325.85787329534116	183.77586640077365	94.1648319259677	1
325.85787329534116	183.77586640077365	337.6700877130712	193.9305175168808	330.57304567254255	161.77171998659637	325.85787329534116	183.77586640077365
R72	353.73638838560333	291.4071063715358	139.97897097333006	1
353.73638838560333	291.4071063715358	368.87004741074185	304.4046311255194	357.3445213997608	272.9791666631406	353.73638838560333	291.4071063715358
R71	261.78782773072453	247.826283285751	128.69461995258197	1
261.78782773072453	247.826283285751	273.86059538579764	262.7763015278123	282.39540643366314	253.00285488674803	261.78782773072453	247.826283285751
R70	465.43449477802847	299.34091171389	40.56961478175454	1
465.43449477802847	299.34091171389	476.48403274175763	311.08404673757263	472.66086108250624	291.5690966834003	465.43449477802847	299.34091171389
R69	299.3994072694285	354.7546554479031	126.7359581251511	1
299.3994072694285	354.7546554479031	312.0022638750923	361.70366398428575	315.0889438506824	342.12364557881034	299.3994072694285	354.7546554479031
R68	132.68611108200463	366.2201918506523	18.783072318200873	1
132.68611108200463	366.2201918506523	143.8317657809539	378.343155785826	128.5507804815839	346.61125433931505	132.68611108200463	366.2201918506523
R67	118.55766074165518	310.7004773200622	7.433155031837033	1
118.55766074165518	310.7004773200622	135.48750859025975	320.8237123937288	141.82370023875643	307.865291484784	118.55766074165518	310.7004773200622
R66	405.0361722476353	280.8121812172005	146.79785563065036	1
405.0361722476353	280.8121812172005	414.00739823439983	289.8580678857397	404.1261313068474	254.32860691661668	405.0361722476353	280.8121812172005
R65	460.9843822894335	277.27872723387014	76.79073359945394	1
460.9843822894335	277.27872723387014	470.7576355161507	285.20519572541366	480.7404969431452	269.85717593952614	460.9843822894335	277.27872723387014
R64	3.2914044545013788	457.3738392081059	33.949807234151756	1
3.2914044545013788	457.3738392081059	14.51308789014877	467.2530161330131	8.855362356463164	446.1883756583176	3.2914044545013788	457.3738392081059
R63	96.61560755773851	209.01611877195387	41.3195923485306	1
96.61560755773851	209.01611877195387	109.88573964729298	222.2503480473575	98.62999447723071	187.5439349209682	96.61560755773851	209.01611877195387
R62	390.50900436587403	488.64502440448706	147.57966548524047	1
390.50900436587403	488.64502440448706	406.5964357058206	496.9573168985938	387.3257981976968	475.12785841755914	390.50900436587403	488.64502440448706
R61	289.6191894153653	494.36082134518983	151.98639388318844	1
289.6191894153653	494.36082134518983	303.18516466726624	507.9522658302281	302.7036059982949	488.4495426181062	289.6191894153653	494.36082134518983
R60	267.81864322909377	114.05434818249176	103.15742010495286	1
267.81864322909377	114.05434818249176	279.85717719413793	122.11147404577112	265.9887051290458	93.37527799703678	267.81864322909377	114.05434818249176
R59	212.64981113407066	8.729551510458066	51.13312577932374	1
212.64981113407066	8.729551510458066	225.338749907626	23.033724679200816	234.67954068257558	3.985040303744828	212.64981113407066	8.729551510458066
R58	314.79558097909467	400.98119022497474	92.23718827420781	1
314.79558097909467	400.98119022497474	324.1562199557531	413.46705270588484	331.5445181584046	394.8893338926463	314.79558097909467	400.98119022497474
R57	278.1766255177165	275.4923559654133	6.566536882829198	1
278.1766255177165	275.4923559654133	286.40197373996784	283.14081560598544	302.40177702948586	271.8275810711608	278.1766255177165	275.4923559654133
R56	386.29358564710157	125.75407172517683	82.56768346888741	1
386.29358564710157	125.75407172517683	396.04464943986784	136.16264555766602	404.50195376515404	123.04102680438992	386.29358564710157	125.75407172517683
R55	304.04675529368916	224.9640240478883	35.07880649188605	1
304.04675529368916	224.9640240478883	318.54527064092633	237.98925307735962	304.45949275009775	199.35171608819627	304.04675529368916	224.9640240478883
R54	174.71398401242084	26.332429760047184	91.20715134320605	1
174.71398401242084	26.332429760047184	183.75551864051457	34.73105829776587	192.27391271346735	28.51194525449364	174.71398401242084	26.332429760047184
R53	78.81866628134759	449.50024021893756	32.56160499847592	1
78.81866628134759	449.50024021893756	88.72430415034269	460.3093830071353	85.39310960198763	435.5311940887682	78.81866628134759	449.50024021893756
R52	97.94792868190655	208.53716227093227	11.52540128235056	1
97.94792868190655	208.53716227093227	108.17663438438015	219.24275237759596	98.84541210939015	185.9977272511743	97.94792868190655	208.53716227093227
R51	223.72312970942494	330.25410608852457	19.937041909564513	1
223.72312970942494	330.25410608852457	234.56407667205383	345.5468563422023	238.8633303847303	321.7948121209359	223.72312970942494	330.25410608852457
R50	201.43681945330084	161.42638249210185	110.25634262671258	1
201.43681945330084	161.42638249210185	211.05555119556436	172.7183900799683	213.09863049146267	158.81006541667088	201.43681945330084	161.42638249210185
R49	81.23331794565058	187.0367749724527	100.37777961213268	1
81.23331794565058	187.0367749724527	91.56973157157401	200.75548861853764	99.23235683004569	185.35583415800528	81.23331794565058	187.0367749724527
R48	389.1418988561052	50.05329291634586	152.34068074234162	1
389.1418988561052	50.05329291634586	398.25144270450596	58.99205266126392	394.51723522085973	35.138072621031625	389.1418988561052	50.05329291634586
R47	474.9359329986897	304.48716823761816	131.1123762879067	1
474.9359329986897	304.48716823761816	487.48274564296077	318.7042334045434	492.3860931758481	297.0097122026538	474.9359329986897	304.48716823761816
R46	67.32763812327586	141.4293368163055	39.187997225912554	1
67.32763812327586	141.4293368163055	77.01453365128191	148.019489098135	86.3437493389541	132.40716296440542	67.32763812327586	141.4293368163055
R45	447.4130118101972	466.269072924051	109.93274496245365	1
447.4130118101972	466.269072924051	454.29011137932474	478.5964684436095	458.51967075160036	452.87477565510596	447.4130118101972	466.269072924051
R44	190.0108991714789	404.0188962887569	77.3757300246071	1
190.0108991714789	404.0188962887569	198.40823291414708	412.44268466261707	205.55432124652586	391.9175476257158	190.0108991714789	404.0188962887569
R43	68.83110273924802	283.594462320126	156.28262275150408	1
68.83110273924802	283.594462320126	77.66859346950153	293.24202027491884	88.28689588541252	278.23587872573	68.83110273924802	283.594462320126
R42	402.21262207871854	235.42356227785893	80.58218638980367	1
402.21262207871854	235.42356227785893	410.81142198392604	242.95742856672143	420.13154811489125	234.86968941556452	402.21262207871854	235.42356227785893
R41	31.487107717439066	207.7754441446476	89.39497754836862	1
31.487107717439066	207.7754441446476	40.657161090642326	218.40910482381645	48.78607891695334	208.89948200674857	31.487107717439066	207.7754441446476
R40	51.712908535542226	485.9208198562197	128.2649801121293	1
51.712908535542226	485.9208198562197	63.62886871792603	494.06529782229404	54.00503493206324	473.1590153499666	51.712908535542226	485.9208198562197
R39	378.21443313525197	139.92341470165866	131.863032295633	1
378.21443313525197	139.92341470165866	387.64812941908207	151.80601352428815	395.85675973461923	134.89537613615536	378.21443313525197	139.92341470165866
R38	370.232188076648	486.989720302596	73.36700375691134	1
370.232188076648	486.989720302596	377.86761021007635	496.6701025795749	389.5650654275759	488.081482054886	370.232188076648	486.989720302596
R37	314.78128456961775	488.97306888021416	17.419640964364497	1
314.78128456961775	488.97306888021416	323.2601737214547	495.7506648858037	322.4720327022955	471.0481277992422	314.78128456961775	488.97306888021416
R36	347.65757195107784	279.6071064089019	144.2648305360009	1
347.65757195107784	279.6071064089019	361.24726124514126	289.4821815240986	341.89802809520495	257.85635859064945	347.65757195107784	279.6071064089019
R35	298.62515941928945	24.97643973476482	14.824516046837243	1
298.62515941928945	24.97643973476482	309.3107960428046	32.868068490648305	314.9148626223264	18.77932294970913	298.62515941928945	24.97643973476482
R34	248.3580584610328	493.5924773886776	129.8239563214201	1
248.3580584610328	493.5924773886776	257.98714340983696	505.6077159207751	267.2517739874247	494.207562803708	248.3580584610328	493.5924773886776
R33	484.81157471916066	344.59229429229265	15.90453939486253	1
484.81157471916066	344.59229429229265	497.12687163096984	354.66948153886716	490.0625525413718	324.52217085328965	484.81157471916066	344.59229429229265
R32	255.47636417276289	19.21520608829286	69.1364175149542	1
255.47636417276289	19.21520608829286	262.776940222125	28.786883123642127	277.78186110420273	15.788084504032735	255.47636417276289	19.21520608829286
R31	112.2663761814402	24.83069218399214	30.42185058853515	1
112.2663761814402	24.83069218399214	125.23138983079883	37.76184944272297	114.62354154556719	1.6572697921241417	112.2663761814402	24.83069218399214
R30	309.4782357133925	359.1900710074722	134.68436691454315	1
309.4782357133925	359.1900710074722	319.97630215872897	371.5529524938257	314.00542837018185	338.285483227804	309.4782357133925	359.1900710074722
R29	82.33126749680036	427.7795807279342	63.71386250882876	1
82.33126749680036	427.7795807279342	93.70197771625433	439.1542988598123	99.22062575995837	420.2575982824863	82.33126749680036	427.7795807279342
R28	411.747644667073	62.547620370836775	121.44054900801419	1
411.747644667073	62.547620370836775	423.0017691525976	76.73814709136596	428.9589875398575	55.46271922179017	411.747644667073	62.547620370836775
R27	81.69295922314845	120.05699095742989	20.791485690612777	1
81.69295922314845	120.05699095742989	94.08896098505647	130.6535079765143	104.07822627316594	123.29102017348157	81.69295922314845	120.05699095742989
R26	346.64334202502374	342.0863628340515	156.07144914741363	1
346.64334202502374	342.0863628340515	356.3047849070871	349.8743107420908	350.96315174318914	327.6090687319574	346.64334202502374	342.0863628340515
R25	232.8336507648221	246.35237593208674	126.45098413601784	1
232.8336507648221	246.35237593208674	240.75675661976823	255.47234465629023	244.0747554445799	231.63241454117792	232.8336507648221	246.35237593208674
R24	188.61884333194195	120.54057931820533	83.43230805500099	1
188.61884333194195	120.54057931820533	201.85564292501402	130.1229077183073	181.23709752065184	98.46183811052346	188.61884333194195	120.54057931820533
R23	478.3814071951063	105.33499696677518	154.88186450273022	1
478.3814071951063	105.33499696677518	489.71531300259625	117.92872152321571	491.37676768078865	91.54918687262877	478.3814071951063	105.33499696677518
R22	380.6345365604644	54.51623799388522	31.79432259656206	1
380.6345365604644	54.51623799388522	390.5186897662631	67.13654229444181	379.9036381403785	30.946147859344137	380.6345365604644	54.51623799388522
R21	368.0742247825317	300.5455934908321	148.66198236228396	1
368.0742247825317	300.5455934908321	377.9911260514459	312.803594908889	387.99242926610583	293.5114789524163	368.0742247825317	300.5455934908321
R20	20.47227973572252	352.88111030093626	115.51022396031841	1
20.47227973572252	352.88111030093626	34.61383675505069	364.00963487151506	34.30739553769196	345.95048664276146	20.47227973572252	352.88111030093626
R19	476.4027708139471	9.215727211082992	150.81463538274377	1
476.4027708139471	9.215727211082992	489.6818461472	19.506627665620105	479.7630117830259	-4.442843059320824	476.4027708139471	9.215727211082992
R18	470.4542104767585	451.8033617227353	100.85542650191042	1
470.4542104767585	451.8033617227353	481.4869432067659	464.785214628354	491.8418743563335	446.4346408635463	470.4542104767585	451.8033617227353
R17	29.210620542218567	232.28088492041098	74.93733115562281	1
29.210620542218567	232.28088492041098	38.23225083998998	244.75073635270508	49.92210983611283	237.22909294258076	29.210620542218567	232.28088492041098
R16	109.65983036226834	182.1133190063622	144.1980149649351	1
109.65983036226834	182.1133190063622	121.66748947647608	196.90552766751262	125.17155335201105	174.0196255090946	109.65983036226834	182.1133190063622
R15	113.39314033872705	361.61143406558324	83.59533770149199	1
113.39314033872705	361.61143406558324	124.13365103390292	369.33901587161023	125.47621956880458	347.4391686641436	113.39314033872705	361.61143406558324
R14	95.65759687422664	277.1515576567276	9.431653167048792	1
95.65759687422664	277.1515576567276	105.43414481461556	287.03066582081385	121.41360691511312	275.5667303203805	95.65759687422664	277.1515576567276
R13	326.06910849204473	51.55622517146291	44.386215951793105	1
326.06910849204473	51.55622517146291	335.01605531523245	62.268894446893526	332.3876734729805	41.2380542737391	326.06910849204473	51.55622517146291
R12	163.08559336081575	317.7346797627322	145.93302186819895	1
163.08559336081575	317.7346797627322	173.3498035792005	326.82785794981027	188.1197679359907	315.5940412286671	163.08559336081575	317.7346797627322
R11	339.8633712688222	385.5966018929224	76.79007171915727	1
339.8633712688222	385.5966018929224	350.44567276316565	392.1045118672007	346.5965450801411	369.14257877310365	339.8633712688222	385.5966018929224
R10	300.63427822270614	103.22886286117394	28.30394963634422	1
300.63427822270614	103.22886286117394	307.4201215369568	111.88767317718023	316.90909378440244	94.19533800540911	300.63427822270614	103.22886286117394
R9	406.8313337047149	132.99469496717435	138.88587612239476	1
406.8313337047149	132.99469496717435	416.3809383889878	148.33850477816623	415.5799335004643	115.71438104278829	406.8313337047149	132.99469496717435
R8	56.044657430117105	417.81838945899904	99.67369343709693	1
56.044657430117105	417.81838945899904	68.61907944153884	427.9915175983261	53.50499610909218	396.6473772609798	56.044657430117105	417.81838945899904
R7	43.61276614977694	340.9828042182347	154.836691035227	1
43.61276614977694	340.9828042182347	51.80737442466525	352.57694718153925	50.07268900013373	320.53774272769283	43.61276614977694	340.9828042182347
R6	184.01539869399113	133.67595821651773	112.89159104739034	1
184.01539869399113	133.67595821651773	197.90767956794085	147.16000167650617	203.93586608379763	134.2954688048392	184.01539869399113	133.67595821651773
R5	369.095473711018	474.9079340531764	10.611770818296968	1
369.095473711018	474.9079340531764	378.69457330445397	483.24959622006804	378.64078473288214	463.73886267361377	369.095473711018	474.9079340531764
R4	486.2300458147978	48.607848622674645	103.23079534003917	1
486.2300458147978	48.607848622674645	496.0667412462214	63.18773130104568	496.9068200192463	41.32996350687459	486.2300458147978	48.607848622674645
R3	348.6087174197206	319.8843418651738	95.92826793920801	1
348.6087174197206	319.8843418651738	359.8752528323216	331.1087552833586	369.7962358292593	313.656391979889	348.6087174197206	319.8843418651738
R2	381.3236807686406	496.5184743815797	28.84983119460815	1
381.3236807686406	496.5184743815797	395.5526133820436	506.80676806796555	402.3656806042966	498.4643239596978	381.3236807686406	496.5184743815797
R1	416.8007164653217	184.4208567514773	143.00596757519236	1
416.8007164653217	184.4208567514773	424.5922675357548	192.76410003906415	430.12250995083673	170.8310096148736	416.8007164653217	184.4208567514773
