NIZ	817.0	2274.0	474	1
1013	2274	835	2115	807	2537	616	2172
JJY	444.0	2919.0	358	1
671	2804	607	3045	290	3052	209	2776
HGG	1445.0	1091.0	494	1
1334	981	1417	1382	1420	1102	1610	901
IYC	2940.0	358.0	403	1
2855	539	3074	182	2961	474	2873	237
VJM	1944.0	1738.0	372	1
1765	1626	1997	1594	1834	2159	2183	1576
JBX	3081.0	727.0	277	1
3039	587	3094	730	3085	772	3106	819
YKO	1971.0	2690.0	330	1
1820	2844	2002	2617	2227	2664	1835	2635
ETO	2476.0	1012.0	354	1
2718	1054	2227	849	2601	955	2361	1190
ZZV	495.0	1814.0	377	1
564	1594	385	1927	357	1892	675	1844
IRU	1172.0	1826.0	476	1
1090	1893	1208	1725	1260	1861	1132	1826
TQR	1969.0	1084.0	230	1
1669	1119	1984	1263	2060	984	2163	971
JGG	2566.0	2148.0	335	1
2723	2094	2205	2164	2665	2292	2674	2042
KDT	1294.0	683.0	211	1
1376	650	1497	433	1109	874	1196	775
ATL	590.0	708.0	413	1
618	690	265	673	739	785	741	685
IQL	2640.0	2921.0	301	1
2837	3098	2446	2678	2794	2957	2485	2951
XJK	2372.0	350.0	400	1
2270	511	2529	179	2354	543	2338	170
CIR	2467.0	1642.0	298	1
2638	1590	2403	1603	2315	1539	2515	1838
SNX	1089.0	2280.0	323	1
1219	2194	1048	2227	1019	2099	1072	2601
RYT	967.0	997.0	463	1
952	1164	937	906	1095	1209	886	710
KDY	878.0	1394.0	317	1
1027	1351	1082	1590	626	1278	778	1359
JCL	1450.0	1659.0	482	1
1552	1686	1361	1631	1280	1575	1609	1745
DWN	1715.0	2310.0	345	1
1959	2208	1630	2328	1697	2500	1577	2205
JON	1850.0	656.0	400	1
2143	641	1798	620	1775	824	1687	539
UQV	600.0	1150.0	239	1
500	1194	632	1166	665	1080	604	1161
SWB	1674.0	1994.0	299	1
1540	1872	1676	2081	1742	2056	1738	1970
QJY	1363.0	2565.0	348	1
1289	2314	1357	2498	1361	2699	1446	2752
CQO	804.0	489.0	423	1
948	370	833	593	863	593	574	402
GDN	435.0	1368.0	291	1
248	1432	613	1340	278	1387	602	1315
SJR	2912.0	1610.0	333	1
2915	1912	3018	1483	2714	1644	3001	1401
EJW	2626.0	764.0	339	1
2482	817	2792	818	2681	707	2549	715
WLI	2253.0	1495.0	268	1
2189	1498	2194	1507	2402	1440	2227	1536
IBX	2176.0	2516.0	396	1
2219	2573	2086	2597	2387	2564	2014	2333
OGC	2957.0	948.0	289	1
2887	848	2839	1124	3057	952	3046	868
SMQ	1004.0	2767.0	235	1
1265	2732	887	2918	1186	2774	680	2645
JUH	1800.0	1411.0	415	1
1661	1552	1666	1393	1818	1362	2056	1338
BGK	2960.0	1247.0	348	1
3042	1172	2922	1184	2935	1291	2942	1341
MIR	486.0	2151.0	466	1
493	2079	516	2157	573	2121	365	2247
RHM	2820.0	1958.0	320	1
2949	1964	2696	1913	3025	1994	2611	1961
CPC	2995.0	2450.0	359	1
3033	2676	2856	2416	3063	2403	3031	2308
MWP	1772.0	330.0	495	1
1961	448	1740	310	1703	307	1685	257
WLY	411.0	2451.0	468	1
352	2419	453	2316	376	2504	463	2566
EHN	1272.0	1269.0	432	1
1318	1101	1256	1340	1275	1326	1239	1311
ALZ	2594.0	1258.0	269	1
2509	1281	2395	1302	2707	1235	2766	1217
XBB	1730.0	2805.0	203	1
1682	2898	1635	2817	1793	2524	1810	2983
PHW	2696.0	2487.0	205	1
2693	2490	2555	2388	2788	2636	2751	2434
AWP	872.0	1890.0	313	1
800	1832	1035	1988	853	2055	801	1688
VCX	432.0	1026.0	402	1
244	952	356	1048	517	1045	612	1062
GOG	769.0	1857.0	370	1
777	1704	767	2061	761	2032	774	1634
SOT	1221.0	304.0	380	1
1185	285	1458	303	1225	357	1019	273
CEO	1939.0	933.0	392	1
1896	922	1703	943	2140	962	2019	908
