DAN	1194.0	1908.0	301	1
1038	1786	1189	2105	1209	1860	1340	1884
CWD	1505.0	772.0	233	1
1706	845	1459	778	1317	543	1538	923
UCN	754.0	1902.0	233	1
816	1657	759	2109	764	2034	679	1811
RQZ	318.0	1027.0	333	1
245	952	181	1167	448	1099	401	890
ZLG	1649.0	2042.0	325	1
1950	2158	1356	1743	1808	2151	1484	2118
HDV	2689.0	2175.0	350	1
2816	2351	2555	2195	2717	2167	2668	1988
TEL	2638.0	1729.0	482	1
2694	1682	2708	1901	2683	1622	2467	1712
FWL	2531.0	1133.0	486	1
2638	1033	2423	1130	2438	1362	2628	1009
OLK	2463.0	774.0	404	1
2546	803	2505	607	2396	926	2405	760
SGW	1219.0	2280.0	325	1
1251	2476	851	2249	1400	2219	1377	2176
BAQ	3121.0	898.0	343	1
3058	755	3140	974	3181	862	3105	1001
SHK	2775.0	701.0	463	1
2757	875	2901	560	2585	572	2859	797
SFW	2910.0	1092.0	237	1
3012	1165	2694	1190	2992	1118	2942	895
AIX	2883.0	2984.0	354	1
2943	3076	2834	3083	2808	3048	2947	2731
XMA	1045.0	1163.0	357	1
1414	1014	980	1208	868	1230	921	1202
DUW	2531.0	2665.0	417	1
2626	2805	2375	2558	2564	2592	2560	2707
WSV	1569.0	2780.0	339	1
1661	2749	1288	2643	1677	2680	1651	3051
VQI	1979.0	2316.0	461	1
2069	2159	1956	2408	1859	2338	2032	2361
RLD	2216.0	1386.0	216	1
2403	1440	2047	1215	2396	1601	2018	1289
FGI	2452.0	2481.0	497	1
2560	2507	2299	2459	2678	2558	2274	2402
EQN	1975.0	2677.0	377	1
1971	2710	2082	2602	1862	2721	1985	2676
YDO	1977.0	901.0	472	1
2271	1099	1857	1036	1946	774	1837	697
URV	809.0	620.0	238	1
828	458	1016	940	539	384	856	701
GJK	931.0	1379.0	233	1
866	1355	1121	1468	870	1408	867	1286
SQY	598.0	2399.0	275	1
400	2644	558	2193	601	2214	836	2548
MVN	274.0	2432.0	225	1
260	2574	283	2358	161	2346	392	2451
TQU	1498.0	1142.0	257	1
1526	1497	1473	958	1465	1037	1528	1079
SKH	357.0	1729.0	402	1
589	1814	378	1841	259	1644	203	1619
LWS	2841.0	2559.0	469	1
2862	2519	2911	2702	2896	2511	2698	2507
HWP	532.0	2899.0	441	1
881	2851	485	2696	355	3009	407	3042
HOS	2331.0	2068.0	404	1
2362	2033	2248	2189	2389	2208	2326	1843
YEH	665.0	1241.0	300	1
709	1216	658	1256	480	1399	813	1094
CDP	2177.0	480.0	346	1
1973	510	2276	447	2383	593	2076	371
PDT	1719.0	429.0	492	1
1715	386	1747	320	1460	499	1956	514
BAG	1792.0	1229.0	298	1
1872	1267	1922	1179	1582	1151	1795	1320
XNQ	1127.0	864.0	373	1
1067	858	1104	912	1270	982	1068	706
GJC	1688.0	1551.0	224	1
1541	1410	1751	1706	1698	1413	1765	1676
QDE	2144.0	2495.0	219	1
2134	2599	2071	2264	2260	2557	2113	2562
BNK	332.0	350.0	215	1
330	267	335	626	481	318	183	191
MKA	1603.0	2523.0	403	1
1396	2483	1629	2478	1842	2614	1548	2518
FFL	1130.0	502.0	409	1
1040	549	1122	137	1203	678	1155	644
ZOV	3008.0	1602.0	413	1
2789	1434	3010	1694	3115	1577	3118	1704
JBP	579.0	2159.0	400	1
541	2171	679	2153	555	2125	542	2188
MJZ	2361.0	2893.0	347	1
2268	2834	2272	2900	2527	2964	2379	2876
XGA	1088.0	2641.0	226	1
1011	2794	1221	2560	1035	2580	1085	2630
PYZ	3041.0	1281.0	431	1
3051	1244	3045	1244	3073	1257	2998	1382
IQY	1109.0	1658.0	359	1
1319	1655	1018	1495	1050	1786	1049	1696
DYG	2772.0	475.0	217	1
2956	428	2733	437	2568	540	2832	496
MEJ	2072.0	1746.0	487	1
2156	1889	2055	1704	2029	1732	2051	1661
SDE	1917.0	1383.0	267	1
1995	1388	1778	1345	1883	1375	2014	1424
