AZK	936.0	2382.0	34	1
1077	2141	682	2556	1031	2585	957	2246
IGC	2456.0	2230.0	122	1
2314	2039	2417	2268	2360	2460	2736	2155
NRE	1092.0	2804.0	222	1
943	3076	1346	2760	1182	2657	898	2725
BMF	1733.0	685.0	186	1
1934	854	1716	699	1687	712	1595	476
TPX	1013.0	816.0	130	1
902	579	995	951	1206	1023	952	714
BXS	2044.0	1411.0	173	1
2113	1320	2228	1373	1799	1314	2036	1639
HXN	2398.0	886.0	130	1
2575	801	2260	1217	2192	828	2567	698
GYJ	718.0	1138.0	154	1
891	1360	519	1201	670	818	795	1175
KJW	469.0	2699.0	296	1
554	2528	231	2845	597	2672	496	2752
MJC	1262.0	1376.0	142	1
1343	1396	1128	1428	1354	1474	1226	1206
VFF	1353.0	1604.0	154	1
1421	1857	1217	1490	1359	1528	1418	1542
UGT	2386.0	2698.0	65	1
2265	2621	2414	2811	2441	2735	2424	2626
TOC	2097.0	2242.0	186	1
2289	2290	2077	2027	1842	2508	2181	2144
SEY	2289.0	1468.0	53	1
2249	1268	2296	1448	2322	1635	2290	1524
FFJ	1273.0	1952.0	250	1
1081	2109	1330	1876	1480	1884	1203	1939
JGM	738.0	406.0	215	1
805	440	893	445	850	358	404	382
FZO	1707.0	2865.0	276	1
1791	3045	1803	2987	1687	2817	1548	2612
CPB	2603.0	575.0	237	1
2344	516	2685	540	2742	626	2643	620
FVU	2564.0	2006.0	47	1
2464	2004	2516	2032	2642	1953	2636	2035
TZK	2879.0	1803.0	152	1
2866	1818	3022	1719	3078	1816	2551	1860
DXI	2676.0	285.0	238	1
2426	156	2682	244	2585	302	3012	440
NLQ	730.0	1919.0	253	1
928	1931	570	2103	474	1871	949	1772
CWJ	2796.0	822.0	167	1
2858	950	2748	772	2750	626	2831	940
PPN	1154.0	2251.0	240	1
1262	2159	1086	2266	1107	2414	1163	2167
QKR	1978.0	1079.0	154	1
1873	1232	1886	1078	2076	1143	2080	866
SLV	1623.0	1343.0	156	1
1434	1132	1663	1486	1691	1132	1704	1625
KMU	2658.0	971.0	104	1
2671	1237	2673	1222	2578	769	2710	659
BRR	2642.0	1338.0	162	1
2769	1365	2622	1246	2658	1419	2521	1322
QGP	1469.0	707.0	66	1
1356	447	1432	655	1505	790	1584	937
LSA	2735.0	2962.0	51	1
2456	2940	2917	2989	2842	3032	2727	2888
DZI	2971.0	2736.0	156	1
3078	2854	3000	2880	2832	2696	2975	2515
WFB	1615.0	2484.0	134	1
1789	2516	1452	2569	1785	2412	1434	2440
TVH	2058.0	2781.0	250	1
1973	2724	2231	2662	2027	3067	2004	2673
HUF	908.0	1468.0	283	1
994	1425	926	1590	1009	1478	704	1381
YDD	1595.0	2050.0	208	1
1657	2301	1546	1914	1625	2097	1553	1888
MRA	1928.0	1778.0	52	1
1784	1761	1864	1672	1913	1923	2153	1757
NWA	720.0	249.0	76	1
992	237	555	252	666	246	667	262
ILM	453.0	1501.0	257	1
250	1457	291	1395	582	1422	691	1730
HLV	2895.0	2363.0	116	1
2799	2235	2899	2431	2895	2413	2990	2375
DTV	1256.0	342.0	300	1
1491	159	1302	413	1169	418	1064	379
CWV	2758.0	1526.0	154	1
2702	1421	2601	1589	3124	1605	2606	1491
WWY	836.0	2945.0	171	1
889	2928	892	2778	783	3042	782	3032
DOX	1284.0	884.0	15	1
1306	1085	1341	774	1218	986	1273	691
LPC	536.0	3040.0	6	1
364	3088	719	2940	748	3067	313	3068
NYL	2839.0	1275.0	114	1
2812	1050	2916	1350	2859	1409	2772	1293
IRS	3061.0	813.0	115	1
3079	939	3063	706	3033	892	3071	715
RDA	1322.0	2336.0	196	1
1314	2366	1352	2501	1325	2130	1300	2348
AHI	2207.0	371.0	256	1
2337	666	2069	191	2318	445	2105	185
FCV	347.0	830.0	51	1
193	950	284	746	511	736	400	890
DIZ	2237.0	1726.0	58	1
2297	1694	2275	1639	2187	1745	2190	1828
