DSL	1768.0	764.0	230	1
1653	715	1702	735	1823	964	1895	645
XKB	1314.0	768.0	179	1
1104	740	1500	849	1167	693	1488	791
DOV	1567.0	2883.0	85	1
1613	2807	1393	3031	1698	2995	1565	2699
ULV	2280.0	1396.0	8	1
2090	1343	2271	1503	2267	1383	2493	1358
BQG	742.0	1802.0	154	1
611	1883	983	1956	674	1598	702	1774
AXB	1082.0	2730.0	220	1
1055	2816	1181	2856	1030	2391	1063	2857
RKC	2429.0	2114.0	227	1
2500	2163	2277	2073	2421	1905	2521	2316
YYW	2718.0	2402.0	14	1
2675	2451	2553	2295	2868	2441	2776	2424
GEU	1815.0	1183.0	60	1
1784	1299	1950	1116	1734	1221	1795	1099
CPS	637.0	1132.0	91	1
622	983	617	1320	472	1249	840	976
CJP	2007.0	2502.0	248	1
1755	2350	1954	2454	2279	2497	2041	2708
ADT	299.0	1238.0	87	1
329	1062	274	1487	239	1228	355	1176
CDQ	1327.0	1609.0	169	1
1442	1896	1268	1471	1517	1451	1082	1618
BQD	611.0	722.0	52	1
752	832	460	842	559	578	673	637
OZF	2656.0	1949.0	61	1
2735	2077	2598	1660	2529	2234	2764	1827
OUB	705.0	2467.0	273	1
971	2333	534	2542	753	2597	565	2398
CLP	1872.0	1940.0	7	1
1772	1632	1885	2009	1923	1986	1908	2136
OSM	2619.0	2689.0	129	1
2532	2584	2654	2607	2683	2803	2609	2765
IMA	2914.0	1871.0	208	1
2921	1836	2979	1940	2825	2032	2932	1678
DCE	2432.0	601.0	259	1
2584	348	2226	547	2385	679	2534	830
HNV	1385.0	428.0	280	1
1509	374	1328	576	1281	503	1422	260
KHA	2810.0	1306.0	151	1
2841	1414	2551	1257	2829	1264	3019	1289
AHP	1394.0	2458.0	211	1
1362	2365	1469	2550	1380	2608	1366	2309
YSW	1031.0	1253.0	240	1
1221	1276	845	1291	1131	1254	928	1192
BLZ	3018.0	418.0	288	1
2972	479	3136	208	3009	536	2957	451
ONC	2131.0	1730.0	30	1
2082	1764	2201	1609	2087	1993	2154	1557
YHG	2411.0	2848.0	86	1
2419	2952	2350	2942	2486	2515	2391	2985
UBJ	2882.0	1064.0	92	1
3005	894	2909	1213	2678	1018	2939	1134
ONJ	1614.0	2593.0	20	1
1645	2598	1656	2538	1625	2541	1532	2696
BTQ	998.0	534.0	241	1
969	610	853	633	1024	494	1146	401
EOE	2346.0	1117.0	28	1
2365	1199	2500	1022	2172	1245	2349	1002
FJL	375.0	2236.0	74	1
214	2341	437	2225	437	2222	413	2158
FBQ	2031.0	452.0	52	1
1702	394	2101	321	2175	537	2146	558
VNH	1487.0	1276.0	91	1
1485	1350	1303	1305	1627	1429	1533	1023
OTM	549.0	2080.0	185	1
483	2135	597	2010	523	2082	593	2095
DAE	2957.0	2942.0	63	1
3034	2897	3035	3013	3088	2984	2673	2874
QYN	880.0	2097.0	122	1
1075	1979	925	2298	740	1991	780	2120
MSW	1809.0	1456.0	130	1
1691	1532	1787	1415	1798	1408	1962	1472
GJE	960.0	950.0	33	1
1016	846	912	1054	950	736	965	1164
CVO	461.0	384.0	295	1
630	419	147	202	456	507	612	409
AWH	519.0	2892.0	193	1
464	2767	314	2910	516	2931	783	2962
VUQ	2823.0	430.0	81	1
2836	543	2836	539	2892	287	2729	351
ZPB	563.0	911.0	175	1
616	849	426	891	839	940	374	966
FXZ	660.0	2666.0	47	1
689	2697	506	2639	523	2620	922	2708
XWK	1412.0	2105.0	64	1
1488	2244	1216	1909	1543	2284	1403	1984
VWY	1697.0	1904.0	135	1
1749	1770	1764	1792	1681	1903	1594	2154
IWB	3029.0	2254.0	250	1
2995	2152	3050	2163	3036	2131	3035	2572
OYW	2051.0	642.0	4	1
2031	721	2078	612	2066	609	2030	627
WUR	713.0	1431.0	92	1
752	1342	890	1498	676	1465	534	1422
BXJ	337.0	1928.0	258	1
359	1718	385	1895	358	2046	249	2055
