SNN	1537.0	698.0	275	1
1566	840	1486	586	1475	732	1621	635
RTE	1191.0	516.0	23	1
1066	784	1214	426	1337	393	1150	461
XBU	2417.0	2642.0	217	1
2249	2395	2396	2611	2321	2795	2703	2767
JDW	761.0	2882.0	144	1
965	2961	611	2708	964	2828	507	3031
BEW	1873.0	1793.0	216	1
1854	1942	1753	1479	1901	1841	1986	1910
LNG	2729.0	343.0	66	1
2822	251	2937	423	2479	457	2681	244
LCY	879.0	1989.0	176	1
717	2074	891	1837	1138	1924	772	2122
MTK	1203.0	1126.0	177	1
980	1073	1215	1289	1135	1015	1483	1129
UZD	513.0	730.0	82	1
487	763	353	885	582	606	630	667
DHG	2115.0	2066.0	6	1
1978	2017	2165	2084	2113	2199	2206	1964
UEO	2871.0	1566.0	10	1
2981	1718	2641	1581	2909	1426	2955	1541
NFH	2053.0	1071.0	8	1
1803	824	2225	1251	2272	1294	1915	917
DWU	1720.0	2836.0	144	1
1542	2525	1777	2991	1865	2755	1696	3076
XZC	937.0	379.0	101	1
1012	561	907	246	826	300	1004	411
AJA	558.0	1888.0	43	1
671	1811	674	2114	673	1782	214	1845
JJE	515.0	1245.0	130	1
456	1308	482	1221	462	1220	662	1232
QAD	732.0	2517.0	79	1
714	2447	1082	2438	532	2533	602	2650
IDA	1462.0	2088.0	68	1
1482	2076	1710	1997	1318	2062	1339	2217
NXA	2060.0	2500.0	194	1
1995	2402	2017	2676	2141	2643	2089	2282
WYZ	2601.0	820.0	230	1
2343	935	2667	698	2746	684	2651	966
USD	2373.0	1558.0	157	1
2565	1391	2604	1612	2158	1401	2168	1829
UGA	1354.0	2657.0	266	1
1364	2453	1259	2778	1377	2901	1416	2498
RRL	1634.0	2411.0	71	1
1664	2376	1457	2418	1871	2426	1547	2424
WTV	2607.0	2090.0	171	1
2565	2289	2481	2124	2507	1930	2875	2017
SRD	2217.0	391.0	37	1
2222	202	2053	433	2370	287	2223	644
PUC	1421.0	1478.0	53	1
1658	1484	1532	1706	1316	1351	1178	1374
HPP	507.0	1596.0	224	1
695	1557	388	1383	510	1679	435	1768
UHL	2943.0	2811.0	91	1
3114	2732	2831	2835	2989	3108	2841	2570
UJM	404.0	492.0	247	1
545	463	218	509	459	470	395	526
AVN	2829.0	1758.0	54	1
2813	1726	2715	1825	2656	1727	3132	1756
LNB	765.0	876.0	62	1
986	993	742	891	697	758	636	865
XPW	2523.0	1177.0	52	1
2516	1381	2677	1138	2564	1035	2338	1154
XIW	948.0	1627.0	269	1
1054	1633	1061	1612	861	1675	817	1589
UVE	1796.0	624.0	69	1
1898	559	1764	534	1875	764	1647	641
WRY	1465.0	351.0	43	1
1494	454	1592	405	1371	300	1403	248
UGK	1621.0	1099.0	299	1
1587	1138	1544	1227	1699	1148	1657	886
CPP	1313.0	1854.0	207	1
1535	1968	1316	1925	1207	1756	1197	1770
SEZ	1786.0	2038.0	265	1
1761	1961	1716	1953	1811	2268	1859	1970
KVA	2831.0	954.0	13	1
2910	1172	2855	791	2787	1109	2773	744
ORA	696.0	2277.0	70	1
514	2379	809	2176	785	2255	677	2300
HIX	2935.0	542.0	234	1
2911	460	2848	744	2941	497	3043	468
AXE	2052.0	2784.0	183	1
2137	2706	1889	2828	1950	2746	2235	2858
CES	683.0	1158.0	53	1
911	1142	683	1141	706	1135	433	1216
GQN	1143.0	2298.0	29	1
1181	2400	1109	2405	1148	2233	1137	2156
QCZ	2954.0	2269.0	230	1
2994	2181	2941	2092	2995	2479	2886	2326
ZUB	1916.0	2403.0	55	1
1933	2277	1909	2454	1871	2615	1953	2269
JYC	2309.0	2999.0	41	1
2410	3031	2411	2923	2197	3068	2218	2974
FCW	2290.0	1956.0	138	1
2223	2084	2365	1926	2306	1910	2267	1905
OEG	191.0	1022.0	55	1
176	727	173	1233	170	986	247	1145
JGW	2089.0	1648.0	14	1
2072	1536	2103	1674	2088	1593	2096	1790
