BVA	1111.0	2037.0	265	1
1112	1815	1130	2168	1034	2108	1168	2057
GEQ	1241.0	1468.0	228	1
1011	1426	1051	1699	1505	1245	1398	1502
GCM	2650.0	2082.0	57	1
2729	1982	2727	2283	2579	2226	2568	1837
BLG	2719.0	753.0	56	1
2598	681	2848	799	2728	752	2703	780
HWB	2882.0	1656.0	251	1
2735	1689	2893	1550	2956	1852	2947	1533
HYX	1556.0	774.0	210	1
1580	723	1809	675	1491	708	1346	990
LID	1896.0	2398.0	220	1
1997	2639	1802	2299	2024	2211	1762	2445
ZNI	1877.0	1656.0	33	1
1677	1983	2221	1523	1729	1577	1882	1543
ZMG	1292.0	482.0	247	1
1573	650	1120	485	1245	460	1232	335
YWL	2724.0	997.0	24	1
2602	902	2968	1160	2590	905	2739	1022
FAP	1117.0	2771.0	37	1
1240	2611	1407	2831	975	2668	846	2976
UWR	1350.0	1964.0	143	1
1325	1881	1398	1951	1342	1850	1335	2176
PEW	909.0	573.0	155	1
932	689	637	546	1037	613	1030	444
VGN	2086.0	920.0	130	1
2360	918	1883	1012	2185	900	1916	853
NNG	568.0	2583.0	63	1
305	2795	604	2697	664	2310	702	2530
DUQ	2119.0	458.0	130	1
2186	253	1902	658	2474	550	1917	373
LTG	648.0	1037.0	162	1
678	777	635	965	635	1114	644	1292
WEN	405.0	1448.0	249	1
643	1478	169	1667	266	1343	543	1307
FIY	445.0	2120.0	138	1
290	2244	404	2233	730	1970	358	2035
DSW	928.0	2311.0	285	1
889	2363	812	2345	1055	2232	959	2307
YYM	2333.0	2797.0	5	1
2099	2678	2252	2922	2373	2512	2608	3079
RVW	2317.0	1270.0	289	1
2218	1085	2429	1316	2459	1220	2165	1462
CTF	2982.0	2585.0	130	1
2980	2650	3129	2624	3074	2444	2748	2625
MPP	2246.0	2214.0	8	1
2262	2346	2120	2270	2314	2175	2289	2068
YCX	999.0	830.0	37	1
927	748	1055	850	1099	850	916	875
TEF	875.0	1573.0	67	1
1003	1715	680	1502	878	1503	939	1574
WMW	1349.0	2332.0	77	1
1158	2411	1297	2362	1247	2272	1696	2286
NCG	1796.0	1288.0	200	1
1660	1346	1944	1342	1976	1127	1605	1339
SEF	787.0	1317.0	26	1
746	1221	765	1179	837	1468	803	1401
MHU	377.0	356.0	219	1
573	187	219	237	486	377	230	624
EIS	1611.0	2881.0	279	1
1606	2907	1448	2811	1622	2803	1768	3005
QKU	2134.0	713.0	209	1
1992	683	2000	663	2160	718	2384	788
PJT	2580.0	1684.0	102	1
2552	1559	2597	1815	2634	1790	2538	1572
PBR	2403.0	1989.0	277	1
2274	1942	2516	1929	2399	2022	2424	2064
EKI	2060.0	1277.0	271	1
2044	1272	2110	1408	2066	1064	2022	1364
RCO	1025.0	1012.0	165	1
895	1132	981	1043	1109	897	1117	977
TVA	421.0	1007.0	13	1
202	834	425	1071	599	937	460	1186
FKI	2809.0	1393.0	2	1
2646	1431	2871	1303	2961	1354	2760	1487
NTP	2714.0	2306.0	294	1
2687	2314	2934	2315	2800	2297	2437	2301
DWW	2767.0	549.0	95	1
2917	529	2794	676	2530	496	2830	498
CWT	1975.0	2987.0	162	1
1942	2934	2096	3093	2049	2789	1815	3132
HSA	1504.0	1881.0	123	1
1442	1738	1604	1782	1482	1772	1491	2233
XQL	2989.0	486.0	123	1
3079	526	2940	458	2993	505	2944	455
XHZ	2963.0	2940.0	217	1
3086	2950	2836	3018	2947	2782	2984	3012
EVZ	835.0	1940.0	49	1
863	1998	769	1888	875	2013	833	1861
OCP	2488.0	2430.0	280	1
2675	2463	2486	2483	2490	2393	2302	2382
SON	1719.0	542.0	124	1
1648	581	1670	429	1728	622	1832	536
XON	2312.0	1690.0	236	1
2455	1574	2225	1464	2228	1830	2341	1893
FWK	1861.0	2711.0	108	1
1622	2664	1921	2642	2077	2784	1826	2755
CGK	931.0	2491.0	105	1
936	2486	1148	2587	940	2407	702	2485
