IYK	2269.0	1870.0	452	1
2332	2071	2192	1671	2217	1662	2337	2079
IKM	2246.0	1034.0	235	1
2461	994	1907	1199	2320	940	2298	1006
XWG	2639.0	2227.0	466	1
2557	2092	2854	2118	2415	2277	2732	2422
VXT	624.0	655.0	493	1
484	722	542	653	634	538	837	710
YHM	1904.0	1962.0	217	1
2078	2016	2069	1794	1617	1863	1852	2175
FSS	546.0	2363.0	399	1
719	2432	662	2298	399	2161	407	2563
NHF	2774.0	1338.0	423	1
2848	1580	2639	1536	2930	1208	2681	1031
KYQ	921.0	1257.0	394	1
945	1080	1210	1150	648	1222	881	1576
NMG	566.0	881.0	200	1
665	904	688	922	398	912	515	789
CUH	1969.0	2433.0	498	1
1734	2454	2042	2465	1997	2532	2103	2283
KOK	1434.0	2486.0	453	1
1186	2453	1410	2501	1565	2519	1576	2474
KMD	1085.0	2501.0	263	1
981	2538	1055	2488	1143	2484	1161	2495
MKN	1822.0	395.0	376	1
1690	610	1985	304	1792	373	1822	296
LNL	567.0	1168.0	490	1
633	1346	461	1174	554	1013	622	1140
QDH	1233.0	1850.0	287	1
1065	1953	1362	1963	1105	1816	1403	1669
BYL	1209.0	2879.0	260	1
1122	3026	1480	2847	1188	2857	1047	2786
YMU	1960.0	1550.0	495	1
2178	1592	1902	1410	1761	1436	2001	1764
IFZ	1402.0	1355.0	377	1
1347	1544	1610	1060	1391	1433	1261	1386
RQP	465.0	982.0	498	1
569	946	153	975	434	1007	705	1001
FOL	2473.0	2825.0	353	1
2378	3080	2309	2745	2638	2763	2569	2713
BLT	2871.0	465.0	229	1
3028	545	2743	448	2955	449	2761	421
HCT	2145.0	743.0	410	1
2196	792	2011	732	2016	705	2360	744
ACH	1730.0	2692.0	364	1
1621	2598	2003	2719	1682	2773	1614	2679
NQD	1175.0	599.0	451	1
1419	835	1207	708	1097	585	978	270
QJI	606.0	2754.0	496	1
673	2647	421	2633	593	2875	738	2862
EVO	667.0	1859.0	345	1
519	1770	784	2144	563	1734	804	1790
UOQ	2619.0	1708.0	241	1
2418	1693	2660	1852	2626	1597	2773	1692
RAE	2455.0	420.0	402	1
2275	566	2517	426	2343	358	2685	332
MZG	2556.0	675.0	201	1
2661	594	2458	601	2731	730	2374	776
GGL	2538.0	969.0	464	1
2633	777	2495	836	2516	1143	2510	1123
KWD	2184.0	324.0	271	1
2183	470	2104	286	2175	316	2275	227
SYK	932.0	1843.0	423	1
1050	1665	968	1643	820	2005	891	2062
OVL	2530.0	2551.0	202	1
2535	2563	2529	2527	2611	2522	2447	2595
SOK	286.0	1826.0	210	1
211	1711	262	2098	341	1882	332	1613
NRV	2727.0	2738.0	497	1
2722	3038	2642	2783	2907	2533	2639	2599
TVF	1808.0	960.0	449	1
1879	656	1812	1108	1671	1076	1870	1003
UTV	2160.0	2700.0	452	1
2059	2735	2195	2815	2135	2586	2254	2664
VFR	3065.0	790.0	278	1
3154	896	3187	999	2988	668	2933	598
ZFG	1400.0	2326.0	206	1
1365	2444	1236	2360	1480	2315	1521	2185
HQA	1084.0	2269.0	350	1
1214	2194	1080	2314	971	2151	1073	2419
OOH	291.0	1463.0	361	1
336	1280	319	1557	235	1451	274	1566
KCS	1015.0	963.0	498	1
915	885	933	912	1233	1029	980	1027
IIZ	301.0	589.0	478	1
336	349	315	525	392	636	164	849
DDD	868.0	2533.0	265	1
926	2298	970	2425	764	2792	814	2620
PKP	520.0	1513.0	476	1
526	1450	635	1614	408	1599	512	1391
VFM	1629.0	1684.0	290	1
1677	1639	1612	1576	1600	1737	1629	1784
HWH	2260.0	2296.0	212	1
2171	2316	2371	2265	2278	2318	2223	2288
OKC	614.0	203.0	346	1
333	221	605	157	852	268	668	169
ERK	619.0	2976.0	380	1
821	3023	844	2929	389	3079	423	2876
LLW	2334.0	1406.0	280	1
2314	1452	2304	1513	2377	1359	2341	1302
