THM	2493.0	1801.0	233	1
2492	1960	2643	1966	2529	1483	2310	1798
AER	2778.0	2644.0	459	1
2759	2440	2674	2805	2656	2625	3025	2707
ICC	815.0	1492.0	258	1
914	1458	592	1460	994	1480	760	1570
RYG	2355.0	1040.0	257	1
2203	1175	2596	961	2572	949	2050	1076
NIZ	521.0	2707.0	386	1
405	2918	473	2451	852	2716	355	2744
PWS	1705.0	1591.0	462	1
1641	1297	1832	1788	1761	1823	1586	1457
ODD	1205.0	443.0	340	1
1022	662	1393	561	1089	235	1317	316
YMA	2338.0	2447.0	475	1
2370	2407	2102	2512	2340	2413	2543	2458
NNV	1824.0	844.0	211	1
1793	1101	1930	743	1884	615	1691	917
XFH	2874.0	2115.0	384	1
2637	2260	2896	2119	3088	2107	2875	1977
SVH	1158.0	1871.0	452	1
958	2087	1186	1790	1071	1603	1419	2005
ATG	1928.0	1315.0	398	1
2023	1240	1996	1384	1861	1363	1835	1273
RGZ	885.0	1227.0	341	1
1064	1108	937	993	815	1381	724	1428
VNK	716.0	1713.0	319	1
556	1883	660	1824	776	1574	874	1572
RHF	2052.0	2934.0	316	1
2091	3106	1725	3077	2158	2687	2236	2868
RFB	1392.0	2438.0	314	1
1491	2329	1531	2186	1306	2554	1242	2683
BDJ	1965.0	2338.0	251	1
2121	2362	1583	2327	1985	2360	2171	2306
AXF	672.0	2098.0	470	1
725	1892	660	2247	673	2006	631	2249
WWT	591.0	853.0	440	1
468	898	504	774	586	946	807	796
TUC	1840.0	2545.0	247	1
1959	2597	2057	2640	1753	2457	1592	2486
NKJ	1451.0	1414.0	429	1
1475	1280	1549	1532	1426	1477	1355	1368
NGB	912.0	508.0	247	1
1003	309	712	676	931	378	1003	669
LCC	1513.0	2946.0	495	1
1469	2739	1332	3103	1659	2954	1593	2991
AAO	2256.0	373.0	367	1
2089	305	2561	602	2169	351	2205	234
GTM	2898.0	684.0	214	1
2976	493	2826	782	2928	528	2863	935
CNW	1276.0	985.0	470	1
1250	1167	1260	762	1288	822	1308	1191
LQR	2755.0	3038.0	203	1
2724	3102	2883	3012	2865	3108	2551	2930
LXD	1564.0	970.0	373	1
1580	1150	1518	1065	1542	953	1619	712
FYJ	607.0	1206.0	252	1
658	1127	582	1157	488	1354	703	1188
KFE	1060.0	2577.0	238	1
1095	2277	1036	2844	1052	2377	1057	2812
ZOO	2874.0	1372.0	263	1
2840	1169	2917	1441	3058	1423	2683	1458
NUV	426.0	509.0	302	1
536	396	158	529	634	738	377	374
ZJV	2406.0	2724.0	463	1
2502	2716	2270	2623	2596	2747	2258	2811
OSJ	1152.0	1363.0	247	1
1106	1305	1105	1320	1205	1289	1192	1538
ZDJ	370.0	1937.0	453	1
432	2007	116	1938	524	2005	411	1798
MJZ	2385.0	2130.0	471	1
2559	2214	2520	2205	2280	2022	2182	2079
EUQ	2188.0	1855.0	316	1
2278	1723	2306	1849	1934	1909	2235	1939
ZQJ	2206.0	868.0	426	1
2417	785	2140	862	2044	922	2226	903
HWS	845.0	2158.0	463	1
790	2307	890	2090	865	2092	835	2143
HQX	2644.0	868.0	451	1
2705	940	2549	828	2548	759	2777	947
TGP	1666.0	2058.0	244	1
1551	2089	1920	2111	1511	1959	1684	2074
UHQ	1870.0	487.0	258	1
1784	545	1974	357	1643	443	2082	604
CBE	1110.0	841.0	465	1
1228	838	956	803	1151	890	1105	836
TVE	2321.0	678.0	349	1
2509	733	2373	618	2243	714	2162	649
QVD	2815.0	1702.0	209	1
2696	1726	2768	1785	2860	1603	2939	1695
AJF	2804.0	1001.0	255	1
2728	963	2958	1045	2602	973	2928	1026
IBK	1875.0	222.0	267	1
1875	332	1937	203	1728	220	1962	134
RCT	294.0	3066.0	366	1
174	3073	360	3061	461	3047	184	3084
CHH	2317.0	2319.0	312	1
2497	2302	2212	2281	2317	2384	2244	2309
KNI	351.0	1451.0	397	1
394	1753	337	1317	282	1454	394	1282
