EZT	1427.0	444.0	239	1
1583	180	1315	647	1574	274	1239	677
JEV	1622.0	2175.0	488	1
1816	2279	1473	1906	1410	2302	1792	2216
WAX	2532.0	1623.0	342	1
2408	1483	2673	1880	2593	1590	2457	1539
AUT	1423.0	2477.0	454	1
1151	2559	1625	2387	1581	2468	1338	2497
ULE	974.0	2886.0	347	1
1140	3093	1044	2597	780	2866	934	2991
FVY	2411.0	2730.0	485	1
2257	2761	2716	2584	2337	2686	2334	2890
HQG	2114.0	1083.0	388	1
2114	1230	1968	1016	2197	1036	2179	1052
CDG	1995.0	2784.0	482	1
1883	2875	2164	2683	1778	2699	2158	2879
XJW	1755.0	1576.0	315	1
1721	1602	1842	1582	1587	1535	1873	1585
REP	2161.0	2084.0	294	1
2125	2093	2104	2037	2198	2165	2218	2043
JQJ	2918.0	2872.0	458	1
3104	2637	2843	3025	2771	2827	2956	2999
TZK	1968.0	574.0	340	1
2132	650	2034	570	1827	627	1882	452
EDA	2337.0	588.0	372	1
2164	802	2516	501	2257	429	2414	623
WUW	1996.0	2132.0	358	1
2088	2241	1981	2114	2075	2279	1840	1897
FEL	2898.0	2443.0	223	1
2715	2395	3041	2429	2840	2455	2999	2493
LNU	949.0	1573.0	433	1
838	1478	833	1536	986	1844	1140	1436
USW	429.0	1110.0	392	1
510	904	665	1041	182	1262	359	1236
QFG	1412.0	1024.0	396	1
1556	948	1461	1009	1155	1006	1479	1133
OUF	1625.0	1379.0	344	1
1694	1414	1856	1501	1475	1268	1478	1336
JDP	446.0	2435.0	329	1
540	2602	525	2130	253	2714	469	2294
OIC	1026.0	928.0	314	1
1076	875	999	1017	1069	1149	963	672
DMY	2663.0	1066.0	217	1
2736	1086	2510	1137	2627	881	2782	1163
FBQ	1638.0	1749.0	380	1
1555	1834	1763	1722	1546	1780	1688	1661
URY	2585.0	2143.0	221	1
2301	2286	2571	1992	2654	1973	2816	2321
XTP	2766.0	576.0	332	1
2574	430	2626	600	2922	433	2943	844
HNM	1847.0	800.0	447	1
1676	969	2006	809	1965	665	1742	758
SPB	2166.0	1594.0	203	1
2174	1763	2348	1741	2266	1275	1877	1597
BPQ	2725.0	1237.0	208	1
2470	1331	2876	1206	3030	1222	2526	1189
EFU	1939.0	2508.0	305	1
2028	2664	1905	2340	1730	2365	2096	2664
LUH	359.0	600.0	433	1
436	573	341	731	485	455	175	644
EOE	2841.0	256.0	419	1
2630	215	2896	214	2732	351	3106	246
VMR	477.0	1934.0	222	1
322	2076	226	2083	739	1676	622	1902
HKP	844.0	2227.0	262	1
837	2295	895	2001	860	2478	784	2136
QQR	1356.0	2903.0	368	1
1249	3024	1474	2954	1271	2819	1433	2818
RZC	487.0	1395.0	455	1
634	1661	337	1320	523	1294	454	1307
MHM	605.0	3004.0	206	1
687	2928	620	2786	459	3151	657	3154
LIQ	652.0	398.0	301	1
501	259	750	402	863	352	497	580
VXK	2960.0	1559.0	206	1
2984	1473	3163	1479	3005	1540	2688	1746
XCD	1463.0	1709.0	395	1
1438	1758	1521	1665	1467	1755	1427	1658
PWG	1198.0	1243.0	403	1
1299	1231	1383	1263	833	1261	1277	1219
SGG	2385.0	987.0	206	1
2366	912	2335	1028	2441	1136	2398	875
HDV	1254.0	2062.0	278	1
1277	1728	1210	2271	1289	2244	1240	2007
MRV	2197.0	846.0	384	1
2007	858	2281	819	2175	867	2325	843
RTL	834.0	800.0	290	1
913	794	777	823	921	775	727	809
YXS	1207.0	1346.0	464	1
1084	1393	1227	1265	1282	1308	1238	1419
JDE	773.0	926.0	311	1
883	875	699	1063	704	914	806	852
INN	3132.0	2457.0	499	1
3067	2457	3187	2470	3184	2495	3093	2408
NIH	1370.0	1477.0	277	1
1322	1430	1324	1492	1372	1479	1462	1507
NDV	1096.0	2235.0	356	1
1084	1969	1098	2264	1136	2445	1067	2265
JOC	1768.0	1170.0	318	1
1771	1152	1772	1196	1817	1149	1712	1186
