IBN	950.0	2576.0	480	1
1033	2473	1155	2398	781	2741	833	2694
GJZ	1438.0	1043.0	358	1
1304	1136	1511	858	1323	1063	1617	1116
FHZ	2886.0	1335.0	338	1
2842	1479	2667	1317	3063	1288	2973	1257
SGR	388.0	838.0	288	1
614	968	287	855	295	728	356	802
CCO	2469.0	1391.0	333	1
2520	1347	2264	1443	2489	1327	2603	1447
GBG	2663.0	1921.0	202	1
2947	1817	2396	1800	2921	1954	2391	2115
ZCV	1161.0	2199.0	400	1
1025	2230	1293	2115	1411	2106	915	2348
CNG	1827.0	1724.0	262	1
1881	1699	1655	1766	1988	1704	1787	1729
SKO	2149.0	762.0	381	1
2224	696	2211	944	2344	607	1819	803
ANC	1317.0	2542.0	211	1
1317	2425	1535	2404	1161	2447	1258	2895
HTC	2246.0	414.0	494	1
2321	542	2305	157	2079	590	2281	367
FXA	1336.0	1508.0	418	1
1282	1359	1456	1342	1447	1553	1161	1779
SBA	601.0	2615.0	444	1
591	2875	653	2463	594	2629	567	2496
ENU	2687.0	1658.0	403	1
2962	1479	2440	1696	2536	1715	2811	1745
OSR	1794.0	2307.0	222	1
1686	2159	1698	2215	1930	2199	1862	2656
FRM	984.0	833.0	339	1
758	675	1062	630	1030	998	1086	1030
PBB	2914.0	2363.0	495	1
2993	2352	3116	2320	2895	2387	2655	2395
JLV	1376.0	1928.0	253	1
1505	1983	1339	1978	1226	1923	1436	1829
YCS	2287.0	2837.0	228	1
2383	2829	2252	2720	2028	2903	2486	2898
VOD	2185.0	1575.0	214	1
2246	1748	2176	1588	2223	1589	2096	1377
YVE	909.0	1556.0	328	1
706	1700	947	1295	849	1587	1137	1642
GQV	357.0	1516.0	380	1
557	1360	169	1638	336	1491	369	1576
VBT	2490.0	485.0	364	1
2391	271	2585	345	2567	618	2417	708
KJD	2841.0	2789.0	361	1
2913	2989	2937	2814	2487	2822	3029	2531
RLY	2563.0	845.0	498	1
2390	858	2621	912	2585	757	2656	853
GYR	1409.0	1267.0	217	1
1359	1239	1415	1296	1263	1331	1602	1202
CDZ	964.0	361.0	336	1
1070	469	1021	233	753	169	1012	574
UNK	611.0	2105.0	455	1
739	2269	722	2003	420	1813	566	2336
JRS	2061.0	2183.0	294	1
2121	2129	1994	2316	2090	2273	2042	2015
KKA	333.0	2787.0	403	1
284	3004	415	2682	367	2819	266	2645
SBM	309.0	1226.0	432	1
236	983	349	1316	220	1337	433	1270
SQG	2408.0	1062.0	305	1
2523	970	2304	1159	2257	1047	2548	1073
QYV	1587.0	707.0	228	1
1421	567	1470	713	1698	817	1761	734
REG	1708.0	1208.0	227	1
1641	1358	1683	1223	1694	974	1817	1280
JVG	1771.0	1489.0	318	1
1854	1679	1625	1442	1893	1365	1713	1473
ETP	483.0	2881.0	263	1
436	2904	499	3073	501	2648	499	2902
OBM	1670.0	3032.0	309	1
1704	3038	1619	3131	1720	3112	1640	2849
IDG	826.0	1155.0	230	1
596	1237	889	1058	1027	1225	795	1103
ZBO	2348.0	2496.0	372	1
2219	2543	2416	2580	2451	2278	2306	2585
MPH	2151.0	1153.0	422	1
2151	1324	2118	1056	2146	973	2191	1259
RIA	481.0	340.0	315	1
483	600	697	198	545	358	199	204
SIB	948.0	2932.0	464	1
983	2822	1118	3008	765	2763	926	3137
HKO	1831.0	1934.0	348	1
2085	1977	1732	1902	1782	1943	1727	1917
XAC	1564.0	2214.0	248	1
1657	2237	1457	2197	1587	2352	1555	2072
DUI	2733.0	867.0	365	1
2735	824	2720	973	2771	863	2708	811
CIH	2984.0	1090.0	349	1
3138	1246	3083	1143	2820	890	2898	1084
WFH	2956.0	571.0	381	1
2972	706	2945	379	3017	396	2892	805
OQD	1236.0	586.0	396	1
1339	476	1232	363	1238	803	1136	703
TLG	1916.0	1117.0	451	1
1842	1168	1831	1143	2062	1012	1931	1148
LCG	2731.0	603.0	303	1
2778	568	2813	587	2637	665	2698	594
