OYN	2677.0	2769.0	204	1
2867	2928	2509	2850	2417	2904	2915	2397
VNV	499.0	1296.0	330	1
505	1131	738	1300	261	1353	494	1402
MFU	331.0	2188.0	453	1
274	2232	233	2269	269	2213	550	2041
PYL	2889.0	1584.0	372	1
2810	1664	2947	1412	2937	1896	2864	1365
WAO	809.0	2419.0	251	1
656	2388	1054	2482	775	2447	753	2360
IOX	910.0	2792.0	499	1
848	2740	964	2607	838	2943	991	2881
NBM	2055.0	1148.0	408	1
1986	1248	2037	967	2066	1017	2131	1362
JNR	1939.0	2866.0	483	1
1812	3032	1891	2929	1916	2462	2140	3043
MFJ	1915.0	1314.0	252	1
1879	1330	1838	1080	1984	1600	1962	1246
KQS	2616.0	1793.0	439	1
2519	1971	2763	1631	2477	1867	2705	1705
XRE	2795.0	506.0	413	1
2821	653	2907	437	2708	521	2747	416
AZI	1098.0	702.0	459	1
1195	726	1065	704	955	732	1178	649
QGS	461.0	2498.0	422	1
448	2375	559	2591	280	2456	557	2570
RAI	1749.0	2037.0	208	1
2089	2151	1578	2246	1671	1830	1660	1924
DEO	419.0	520.0	204	1
296	485	314	707	677	546	390	344
TEY	1159.0	1282.0	201	1
1376	1407	868	1240	1293	1399	1102	1084
IUE	2058.0	647.0	267	1
1968	472	2236	904	2019	557	2010	655
GCT	1486.0	2746.0	435	1
1523	2582	1583	2817	1184	2956	1654	2630
KKG	1336.0	542.0	294	1
1465	665	1372	458	1203	542	1305	505
WJJ	2517.0	1154.0	261	1
2590	1303	2592	891	2259	1071	2627	1351
BNZ	1490.0	809.0	257	1
1427	1027	1506	700	1390	726	1640	785
BFV	1642.0	1391.0	307	1
1827	1560	1663	1383	1667	1206	1411	1416
LCO	1327.0	2045.0	417	1
1367	1780	1455	2042	1406	2275	1083	2085
QKU	1129.0	894.0	472	1
1043	765	1227	1044	1135	952	1113	817
WSD	674.0	1698.0	248	1
866	1509	753	1966	364	1569	715	1751
UHK	526.0	2688.0	492	1
709	2743	292	2692	639	2699	465	2618
HAM	1306.0	847.0	215	1
1310	883	1363	743	1244	680	1307	1084
UBL	713.0	829.0	495	1
569	745	686	824	770	710	827	1040
IZO	2405.0	1444.0	360	1
2242	1442	2532	1565	2192	1354	2654	1417
LZC	2338.0	1871.0	234	1
2248	1821	2314	2081	2391	1807	2402	1777
BND	1742.0	1764.0	394	1
1910	1759	1685	1771	1957	1756	1416	1771
TCC	2633.0	2254.0	330	1
2839	2266	2677	2279	2597	2240	2421	2233
IIB	2985.0	941.0	304	1
3161	876	3107	916	2673	1004	3002	971
INO	2474.0	535.0	312	1
2402	507	2640	634	2411	751	2446	250
BWG	2621.0	2125.0	227	1
2945	2087	2575	2173	2486	2232	2480	2010
EHK	1873.0	509.0	312	1
1960	352	1950	856	1834	516	1748	315
UKK	973.0	1948.0	398	1
1045	1788	925	2085	1058	1877	867	2045
IEU	1172.0	1476.0	291	1
1309	1504	1114	1455	1250	1475	1017	1471
MGJ	2358.0	2616.0	237	1
2360	2529	2383	2722	2293	2586	2398	2628
DSU	2220.0	2236.0	387	1
2191	2231	2354	2267	2183	2230	2153	2216
STC	2122.0	328.0	304	1
2066	297	2159	375	2165	296	2101	345
WQU	640.0	2907.0	362	1
838	2763	393	3106	790	2928	540	2831
RSU	1367.0	296.0	473	1
1157	195	1459	326	1451	360	1404	306
JIE	709.0	2156.0	340	1
625	2066	658	2286	761	2212	794	2061
AJA	1257.0	3035.0	367	1
1515	3122	1057	3068	1111	2978	1347	2975
WEX	2852.0	1178.0	211	1
2949	1073	2800	1258	2854	1022	2808	1359
VUP	3102.0	2284.0	327	1
3129	2583	3133	2314	3070	2138	3076	2101
CDX	2022.0	2343.0	369	1
1915	2454	1746	2307	2214	2273	2216	2341
FDA	1607.0	2342.0	353	1
1633	2280	1592	2379	1548	2366	1657	2343
VPU	943.0	868.0	229	1
831	908	958	775	1039	968	944	821
