NFR	812.0	725.0	298	1
1095	759	886	953	735	744	534	444
CTO	626.0	2002.0	348	1
686	1991	521	2066	591	1886	708	2067
UQH	2705.0	2045.0	400	1
2616	2132	2890	1824	2721	1990	2594	2236
DES	2004.0	621.0	450	1
1911	419	2048	974	2005	494	2052	600
ZJE	2764.0	1336.0	363	1
2976	1544	2663	1556	2825	1137	2592	1109
UAL	898.0	1395.0	234	1
899	1542	908	1463	999	1107	789	1470
FMD	764.0	2226.0	395	1
703	2253	1021	2170	703	2262	631	2220
YYM	1425.0	1233.0	411	1
1238	1086	1604	1302	1601	1108	1259	1436
SQB	774.0	2509.0	240	1
619	2414	873	2707	995	2496	611	2420
FCX	1534.0	575.0	218	1
1672	784	1511	580	1702	559	1254	377
WUL	1650.0	2076.0	464	1
1629	2155	1988	1804	1509	2221	1477	2126
OAK	2004.0	2711.0	471	1
2009	2669	2055	2773	2158	2673	1797	2731
TFT	2142.0	2378.0	342	1
2225	2495	2191	2452	2083	2514	2070	2054
SEK	2642.0	900.0	427	1
2431	1046	2534	707	2826	800	2780	1050
SNY	1855.0	1396.0	400	1
1644	1408	1803	1409	1769	1279	2206	1489
SJB	1105.0	2254.0	251	1
1043	2235	1192	2111	1125	2277	1062	2396
JXG	2896.0	2286.0	267	1
2983	2259	3031	2255	3030	2352	2543	2281
TVG	2459.0	2875.0	369	1
2343	2685	2308	3140	2760	2635	2425	3043
GDP	2365.0	442.0	452	1
2295	590	2513	253	2316	478	2338	447
UMD	1010.0	1802.0	444	1
856	1776	1294	1713	942	2028	951	1692
UAU	2887.0	403.0	263	1
3122	437	2794	518	2935	211	2698	449
BNJ	1536.0	2815.0	249	1
1589	2529	1525	2906	1777	2913	1254	2914
VWC	480.0	1477.0	256	1
618	1735	437	1434	427	1383	438	1356
RAN	383.0	858.0	335	1
375	840	416	1073	245	823	498	697
SOM	2181.0	1729.0	277	1
1999	1878	2265	1855	2224	1506	2237	1679
NLH	2186.0	1166.0	353	1
2177	1256	2059	878	2232	1276	2278	1255
XLC	2359.0	1626.0	301	1
2287	1747	2484	1553	2362	1405	2304	1801
TFC	287.0	1595.0	218	1
304	1482	312	1672	271	1325	262	1903
UBW	2398.0	2390.0	394	1
2483	2577	2295	2601	2419	2282	2395	2102
EYH	2909.0	2777.0	235	1
2897	2715	2906	2958	2772	2695	3062	2741
KNZ	1905.0	260.0	294	1
1715	329	2136	143	1880	203	1889	366
TKP	841.0	267.0	457	1
894	249	831	319	804	270	835	232
GUE	1633.0	1626.0	351	1
1718	1618	1919	1593	1348	1781	1547	1515
YXZ	1462.0	2326.0	355	1
1536	2246	1385	2498	1225	2311	1704	2250
NIE	1793.0	581.0	227	1
1880	527	1746	656	1711	586	1838	558
ARD	545.0	2540.0	238	1
583	2292	555	2425	506	2848	536	2595
SII	344.0	2049.0	371	1
329	2017	253	2022	278	2059	516	2101
FQR	1431.0	970.0	491	1
1511	991	1272	1063	1577	883	1366	944
IUY	1681.0	1091.0	205	1
1656	1170	1687	1253	1698	1159	1684	784
UQL	419.0	537.0	434	1
488	444	496	505	302	663	391	537
KUT	535.0	3036.0	464	1
413	2978	625	3077	613	3033	491	3057
VLC	574.0	1235.0	447	1
607	1329	478	1127	663	1173	551	1313
ASP	349.0	2410.0	347	1
472	2287	425	2366	264	2488	235	2500
PRG	1074.0	990.0	278	1
1093	965	1065	983	940	1030	1201	982
YRS	806.0	2967.0	393	1
805	3139	965	2714	766	3022	689	2993
AGJ	1169.0	1367.0	219	1
1184	1362	1070	1054	1231	1558	1191	1496
VGF	2417.0	1214.0	234	1
2396	1113	2292	1295	2451	1343	2532	1108
ZNG	289.0	323.0	231	1
135	266	138	331	512	306	372	391
DKI	1971.0	2470.0	454	1
1989	2626	1985	2285	1879	2667	2032	2304
OSV	1810.0	1047.0	321	1
1728	1151	1776	1085	1837	948	1902	1007
