VOE	2313.0	2853.0	415	1
2428	2717	2480	3145	2149	2839	2197	2711
UWF	1380.0	1195.0	427	1
1289	1218	1253	1432	1589	1166	1392	967
XKK	2010.0	1333.0	441	1
2076	1479	1900	1307	2084	1246	1983	1300
DDG	786.0	2596.0	398	1
657	2592	924	2721	871	2457	695	2616
RDK	2243.0	1640.0	375	1
2187	1842	2315	1517	2075	1494	2397	1709
VAE	2173.0	573.0	454	1
2175	650	2076	693	2346	506	2096	443
HTA	1664.0	620.0	330	1
1827	819	1827	445	1724	475	1278	743
THF	2463.0	2369.0	479	1
2243	2183	2481	2464	2490	2164	2640	2665
FAU	846.0	1500.0	323	1
740	1440	724	1378	1104	1531	816	1653
DEF	2629.0	1785.0	224	1
2625	1747	2743	1773	2447	1973	2701	1649
UXN	1160.0	2432.0	400	1
1205	2321	994	2407	1271	2398	1170	2603
YLJ	1924.0	2522.0	366	1
1973	2482	1959	2524	1896	2298	1868	2786
RDI	701.0	805.0	380	1
734	690	567	1027	620	918	886	586
OGW	2366.0	980.0	320	1
2322	992	2556	1104	2063	795	2526	1032
ZOM	697.0	2255.0	384	1
433	2167	810	2265	698	2401	847	2188
KFE	1086.0	2982.0	258	1
1201	2740	947	3142	1078	2920	1120	3129
IWB	1647.0	2541.0	479	1
1382	2763	1797	2561	1812	2453	1599	2389
FCX	597.0	2836.0	477	1
544	2963	565	2813	652	3065	630	2504
ZON	1763.0	1732.0	253	1
1587	1834	1693	1833	1786	1665	1988	1597
TVF	2570.0	443.0	416	1
2636	383	2431	606	2398	212	2816	571
MZN	2927.0	2702.0	376	1
2932	2440	2984	2927	2791	2896	3001	2548
UXP	408.0	1343.0	202	1
296	1338	442	1420	528	1303	368	1313
PLK	401.0	1870.0	482	1
446	1703	293	1899	313	1955	554	1923
BPO	1884.0	2132.0	398	1
1967	2232	1687	2095	1718	2030	2167	2172
VUY	1203.0	2010.0	266	1
1148	1863	1340	2120	1280	2209	1047	1848
JMK	2765.0	753.0	457	1
2767	641	2881	976	2573	783	2839	612
QNK	775.0	1262.0	490	1
957	1225	1018	1316	563	1221	565	1287
RBM	3008.0	622.0	334	1
2958	615	3064	796	3023	364	2989	715
VPQ	1853.0	293.0	395	1
1857	239	1705	374	1922	296	1929	265
DFE	2541.0	1296.0	371	1
2501	1458	2477	1162	2702	1228	2484	1339
JGU	1427.0	2187.0	205	1
1405	2130	1489	1975	1442	2280	1374	2363
TVW	1827.0	1405.0	293	1
1719	1337	1897	1509	1845	1479	1850	1295
AXL	391.0	876.0	430	1
329	968	336	787	521	1039	381	711
JDT	1099.0	649.0	384	1
1254	411	996	874	946	524	1202	788
KYN	2762.0	1545.0	282	1
2701	1498	2827	1620	2560	1542	2963	1523
CXV	2333.0	1276.0	375	1
2085	1173	2383	1422	2424	1182	2443	1329
XEY	263.0	2359.0	415	1
326	2233	149	2594	253	2353	325	2256
NKB	1053.0	1721.0	395	1
865	1717	1078	1736	896	1669	1374	1764
TJX	1569.0	2106.0	312	1
1579	2075	1598	1893	1541	2193	1561	2263
EUA	2822.0	2152.0	273	1
2655	2300	3079	1993	2865	2341	2691	1975
RKZ	596.0	442.0	379	1
655	466	732	566	606	166	391	572
CNV	1891.0	970.0	476	1
1897	1004	1913	1153	1911	742	1844	982
QQE	1469.0	2923.0	233	1
1413	2868	1539	2963	1560	2841	1364	3022
WMV	825.0	1927.0	248	1
689	1940	873	1920	958	1953	781	1895
WCD	2684.0	2827.0	278	1
2769	2986	2692	2815	2552	2759	2726	2748
OFA	1463.0	1638.0	400	1
1462	1547	1408	1718	1545	1602	1438	1687
FZE	2922.0	1283.0	325	1
2837	1432	2791	1102	3019	1250	3042	1350
DXW	382.0	2758.0	229	1
478	2837	436	2637	235	2906	381	2653
PIN	1156.0	1203.0	426	1
1215	1267	1059	1305	1210	1299	1140	942
PDB	353.0	1100.0	439	1
201	1048	289	1107	722	1142	203	1106
