JPS	974.0	1373.0	220	1
1024	1197	859	1575	797	1307	1217	1414
WVU	2837.0	2169.0	301	1
2614	2254	2988	2234	2794	2052	2955	2138
AIK	1353.0	2137.0	272	1
1272	2341	1242	2245	1557	2049	1341	1915
MIU	2395.0	1744.0	217	1
2395	1548	2506	1892	2370	1633	2312	1903
JZD	1158.0	1715.0	243	1
1204	1709	947	1844	1300	1723	1181	1587
JXM	2422.0	1391.0	424	1
2683	1471	2434	1439	2338	1321	2235	1336
HTP	1642.0	717.0	404	1
1528	636	1890	798	1597	573	1555	864
IQX	2400.0	467.0	204	1
2192	691	2432	159	2514	357	2462	661
KQJ	1663.0	1571.0	302	1
1590	1754	1764	1465	1615	1611	1686	1456
BHB	615.0	919.0	432	1
460	986	473	790	852	727	678	1173
TLC	2973.0	1423.0	305	1
2970	1270	2971	1607	2880	1539	3073	1277
YJB	517.0	2501.0	331	1
619	2547	346	2614	555	2456	548	2387
BTN	2073.0	2526.0	286	1
2113	2518	2250	2515	1981	2536	1950	2536
XKM	2460.0	1100.0	383	1
2701	1088	2494	1065	2296	1218	2350	1030
RDP	2403.0	2538.0	207	1
2268	2694	2582	2331	2258	2464	2507	2665
NOS	2020.0	2148.0	318	1
2191	1932	1853	2266	2175	2171	1862	2225
KXF	1068.0	1080.0	481	1
1075	1026	1116	1027	1108	1101	974	1167
XPY	2778.0	2700.0	316	1
2767	2535	2742	2663	2869	2895	2735	2707
CDA	1154.0	2715.0	231	1
1074	2561	1087	2838	1365	2729	1092	2734
MOX	1662.0	2480.0	496	1
1637	2272	1629	2567	1797	2569	1587	2515
WXB	299.0	2275.0	386	1
312	2290	337	2230	193	2376	355	2206
TJT	2039.0	2691.0	299	1
1871	2776	2104	2854	2127	2557	2056	2578
TRM	1950.0	1267.0	378	1
2145	1439	1985	1252	1958	1028	1714	1349
KLY	1692.0	2737.0	234	1
1742	2716	1762	2994	1399	2669	1865	2571
HFR	1638.0	1177.0	321	1
1688	1349	1582	1055	1595	1346	1688	961
WLI	2830.0	581.0	414	1
2723	851	3019	545	2709	480	2869	450
PAU	546.0	1735.0	242	1
570	1969	503	1613	625	1724	487	1636
ZUK	493.0	1417.0	204	1
436	1381	473	1357	507	1504	556	1429
MAA	901.0	2495.0	327	1
926	2571	872	2601	1073	2394	736	2415
DEJ	1209.0	683.0	377	1
1271	488	1360	612	1198	1006	1009	628
QSI	904.0	2027.0	205	1
1036	1966	850	1935	850	2081	880	2126
FSB	801.0	2914.0	247	1
464	3068	925	2945	1043	2891	772	2752
KZH	2718.0	1624.0	360	1
2641	1578	2696	1564	2674	1805	2861	1551
TYB	397.0	613.0	318	1
218	704	140	648	555	567	678	534
BRD	1368.0	337.0	294	1
1625	480	1065	404	1505	236	1279	230
RKH	2244.0	2750.0	419	1
2383	2772	2136	2741	2187	2724	2273	2763
SIL	400.0	374.0	408	1
620	330	282	374	198	527	501	265
GLG	1957.0	1690.0	479	1
1982	1729	2106	1535	1812	1653	1930	1846
OZS	2175.0	1803.0	336	1
2120	1823	2167	1551	2297	1921	2117	1918
BKU	1380.0	1225.0	332	1
1383	1096	1232	1409	1442	1275	1466	1122
YYD	2629.0	461.0	369	1
2673	415	2628	503	2624	564	2593	365
FOT	2415.0	815.0	212	1
2326	805	2341	821	2554	823	2441	813
BDI	1448.0	1750.0	406	1
1531	1624	1566	1895	1376	1676	1322	1807
ZSC	1237.0	2944.0	205	1
1301	2947	1162	2859	1210	3062	1277	2908
JAH	646.0	2297.0	304	1
745	2358	704	2344	463	2147	674	2342
TYE	2696.0	2966.0	477	1
2549	2988	2554	2964	2681	2952	3002	2961
TTH	822.0	310.0	426	1
677	274	1006	236	635	229	970	504
OAJ	1189.0	187.0	243	1
1201	171	1304	158	1098	225	1155	194
TCS	276.0	1318.0	471	1
281	1398	199	1345	260	1007	367	1522
WOW	1706.0	2088.0	429	1
1691	2202	1614	2073	1798	1877	1724	2203
