YQP	1861.0	2241.0	256	1
2122	2290	1916	2210	1677	2345	1729	2121
BIQ	2773.0	561.0	443	1
2806	586	2631	610	2808	529	2849	520
RIK	2853.0	1876.0	410	1
2861	1740	3107	2080	2684	1961	2763	1725
VJJ	2854.0	2653.0	432	1
3047	2409	2643	2790	2741	2626	2988	2790
BOQ	729.0	1978.0	237	1
800	2220	606	1936	804	1672	709	2085
ZFZ	1220.0	1010.0	212	1
1274	1392	1196	914	1077	886	1333	848
VBY	1647.0	1364.0	481	1
1549	1566	1629	1399	1622	1403	1790	1088
NWS	2209.0	936.0	271	1
2077	817	2214	938	2139	851	2408	1140
TNM	2682.0	724.0	473	1
2612	665	2648	856	2526	614	2944	761
LOP	558.0	2647.0	385	1
436	2462	667	2748	517	2639	613	2741
MDQ	1328.0	1988.0	310	1
1527	2226	1324	2088	1245	1665	1219	1973
VMC	1281.0	2551.0	370	1
1183	2434	1280	2548	1189	2692	1472	2530
LCE	2206.0	2216.0	221	1
2225	2462	2123	2313	2151	2130	2328	1961
SDA	2607.0	1541.0	323	1
2480	1462	2713	1621	2633	1386	2602	1698
QBF	2181.0	1331.0	476	1
2211	1262	2055	1403	2165	1142	2293	1518
CAN	2317.0	2874.0	236	1
2380	2780	2524	2704	1996	2873	2369	3140
NSR	1586.0	777.0	247	1
1573	782	1476	883	1685	980	1613	465
OKI	761.0	1221.0	270	1
720	1507	783	1047	654	1125	887	1206
UUU	2092.0	387.0	340	1
2227	668	2026	408	2035	203	2082	271
LBQ	849.0	2784.0	367	1
1052	2804	857	2728	749	2784	738	2821
REL	1708.0	1862.0	275	1
1547	1950	1596	1681	1815	1892	1874	1926
SZO	3007.0	1070.0	290	1
2978	1288	3078	1050	3063	868	2909	1075
YYN	354.0	1637.0	345	1
198	1491	475	1835	495	1690	249	1533
AYF	997.0	1624.0	328	1
982	1699	980	1363	1051	1889	977	1547
PRT	2481.0	2436.0	409	1
2357	2286	2359	2560	2586	2534	2623	2366
HGN	1483.0	2896.0	282	1
1454	3065	1484	2870	1657	2750	1337	2901
FFY	597.0	618.0	326	1
635	699	781	647	538	654	437	475
COJ	2093.0	1761.0	241	1
2201	1810	2298	1828	1936	1837	1939	1569
XLG	1271.0	312.0	231	1
1183	221	1110	322	1384	298	1410	407
HYI	1802.0	2821.0	246	1
1783	2586	1851	2599	1861	3047	1715	3054
AWU	1152.0	2358.0	248	1
1393	2377	868	2343	1118	2315	1230	2399
KMV	2622.0	1204.0	398	1
2498	1339	2737	1331	2418	875	2837	1273
LRN	903.0	502.0	367	1
977	287	970	521	782	696	885	504
EGV	427.0	936.0	457	1
634	705	345	1160	204	1077	528	802
QOP	274.0	2334.0	257	1
371	2310	272	2172	205	2544	248	2312
LJX	1925.0	515.0	257	1
1889	486	1897	405	1972	612	1945	560
IUU	420.0	2177.0	372	1
438	2256	458	1919	398	2269	388	2264
ORQ	2671.0	2974.0	443	1
2728	3000	2539	2884	2534	3013	2885	3002
AEJ	2339.0	566.0	263	1
2464	359	2351	772	2279	772	2264	364
ZAC	1002.0	2041.0	359	1
1017	2026	1156	2083	922	2119	915	1938
EDM	1775.0	223.0	206	1
1841	429	1773	196	1637	133	1851	135
WQU	2807.0	1536.0	398	1
2816	1396	2807	1584	2893	1687	2715	1477
TQO	2976.0	2264.0	463	1
3037	2103	2922	2247	2849	2306	3096	2402
CQR	2396.0	1845.0	330	1
2346	1909	2423	1690	2388	2134	2428	1650
GXM	2611.0	276.0	214	1
2637	327	2559	398	2503	118	2748	264
GHA	1170.0	1728.0	417	1
1145	1925	1160	1665	1206	1922	1172	1403
NKL	337.0	243.0	248	1
274	239	455	257	353	313	266	165
GFE	387.0	3047.0	411	1
374	2862	337	3143	519	3128	321	3055
JGK	1156.0	3095.0	428	1
1113	3054	950	3073	1290	3128	1273	3125
VCA	1947.0	1308.0	278	1
1959	1305	2010	1241	2000	1478	1820	1208
