IAD	1696.0	689.0	145	1
1710	682	1601	563	1673	842	1800	672
TTY	1538.0	2646.0	98	1
1715	2671	1368	2673	1349	2778	1721	2463
QQF	1037.0	2746.0	124	1
930	3018	1247	2838	1175	2565	797	2566
IVH	811.0	507.0	143	1
828	511	942	466	631	693	846	360
KPB	682.0	1634.0	180	1
682	1689	537	1708	557	1690	954	1451
FWR	2498.0	2451.0	81	1
2263	2284	2798	2732	2372	2383	2562	2405
JLR	1669.0	1175.0	50	1
1594	1290	1886	1368	1696	1080	1501	964
GGA	2638.0	1804.0	238	1
2679	1815	2690	1687	2681	2119	2504	1598
WWL	2683.0	983.0	176	1
2618	839	2624	853	2760	1169	2733	1072
ZPQ	2105.0	1083.0	13	1
2103	954	2156	1160	1968	1243	2195	976
OGS	432.0	1530.0	50	1
507	1780	525	1637	447	1358	249	1346
SQZ	1616.0	1632.0	197	1
1721	1694	1713	1731	1319	1504	1714	1602
OUA	1314.0	1116.0	84	1
1423	1043	1336	968	1069	1343	1428	1110
BRL	1180.0	2041.0	50	1
1050	2229	1184	2104	1230	2027	1258	1806
XCH	414.0	2509.0	141	1
285	2538	633	2760	409	2448	330	2291
HJP	2809.0	1633.0	185	1
2776	1653	2739	1832	3011	1610	2712	1439
LVI	1949.0	2367.0	210	1
2037	2674	2072	2393	1934	2256	1756	2145
RUR	492.0	834.0	29	1
601	742	617	843	443	887	307	864
NRT	1983.0	790.0	46	1
1826	823	2115	783	2155	750	1836	804
PTW	802.0	1042.0	58	1
749	1204	709	1010	984	968	767	988
MIN	1281.0	780.0	39	1
1229	713	1395	812	1301	729	1199	867
NZF	2312.0	1246.0	166	1
2319	1014	2209	1448	2513	1195	2209	1327
DCM	2783.0	331.0	36	1
3102	270	2561	123	2716	396	2753	538
KHT	1797.0	1622.0	33	1
1746	1558	1837	1395	1802	1786	1804	1751
LHC	1649.0	2131.0	114	1
1735	1865	1486	1951	1637	2359	1739	2350
EHH	2034.0	2878.0	72	1
2050	2737	2017	2963	2168	2998	1903	2814
HQU	322.0	476.0	64	1
537	670	444	293	103	606	205	338
IJN	1174.0	1594.0	135	1
1175	1617	1137	1567	1237	1626	1149	1567
PIQ	2246.0	1857.0	255	1
2425	1785	2059	1785	2130	1806	2373	2054
TEX	557.0	2084.0	49	1
518	1949	418	2279	880	2123	413	1987
ASU	1904.0	2047.0	19	1
1865	1935	1801	2135	1964	2117	1987	2001
LMO	2451.0	922.0	219	1
2473	994	2420	996	2383	746	2529	955
NNI	1219.0	338.0	274	1
1410	419	1157	425	1338	278	973	231
HOL	2930.0	2569.0	42	1
2842	2348	2811	2842	3111	2386	2959	2701
CAQ	2185.0	400.0	264	1
2100	375	2277	180	2043	327	2321	720
FRF	1518.0	2866.0	165	1
1682	2825	1288	2985	1592	2871	1513	2783
IYP	2479.0	2971.0	155	1
2177	2759	2686	3035	2380	3149	2674	2942
SDO	290.0	2933.0	145	1
141	2930	269	3104	484	2909	269	2791
IJC	464.0	1028.0	64	1
666	904	385	942	335	1055	471	1213
ESN	3028.0	2262.0	10	1
2947	2196	2979	2321	3031	2229	3156	2304
DUX	2718.0	1261.0	94	1
2729	1178	2561	1246	2714	1228	2868	1392
KLZ	822.0	2384.0	108	1
633	2303	932	2398	936	2386	789	2450
RWO	2797.0	631.0	192	1
2922	564	2819	575	2789	627	2660	761
VMJ	1953.0	1609.0	21	1
1948	1458	1878	1566	2039	1897	1950	1518
CNJ	1261.0	2350.0	30	1
1314	2230	1193	2300	1338	2409	1202	2464
KWN	1761.0	442.0	264	1
1425	306	1932	400	1937	537	1753	525
JHH	1249.0	629.0	38	1
1390	619	1078	582	1247	677	1281	638
TJW	2893.0	932.0	36	1
3008	948	2814	1033	2913	803	2840	946
MTM	2511.0	610.0	79	1
2513	559	2599	671	2577	563	2355	648
FPO	624.0	180.0	115	1
913	193	509	260	672	121	404	147
