SQM	1094.0	966.0	282	1
1339	1068	921	1008	1192	728	926	1062
HLE	1535.0	1620.0	328	1
1544	1503	1550	1432	1664	1694	1382	1852
PYS	632.0	2328.0	489	1
752	2357	801	2265	690	2248	285	2445
GVE	2133.0	1746.0	457	1
2042	1712	2139	1803	2236	1793	2115	1678
OWV	2443.0	769.0	382	1
2415	633	2711	534	2250	1038	2399	874
XBC	2421.0	2140.0	317	1
2707	1956	2188	1862	2507	2322	2284	2423
TYG	990.0	2577.0	450	1
1032	2544	1170	2551	631	2647	1129	2569
ODB	898.0	1436.0	433	1
900	1403	981	1572	979	1528	733	1242
XLU	2657.0	2776.0	394	1
2787	2617	2575	2938	2571	3019	2696	2532
HDT	1398.0	2742.0	455	1
1152	2763	1596	2683	1484	2685	1360	2838
ZTU	640.0	950.0	213	1
477	878	856	1069	638	751	592	1102
DAF	1456.0	809.0	293	1
1439	851	1621	1066	1394	630	1372	691
CDP	2552.0	1658.0	300	1
2513	1812	2589	1517	2420	1554	2688	1751
WQO	1145.0	428.0	263	1
1091	211	1179	482	1180	355	1131	667
RVN	560.0	1418.0	297	1
634	1557	377	1615	511	1171	721	1331
VAD	1065.0	1915.0	289	1
938	1770	1311	2181	971	1851	1041	1859
DHT	1285.0	2335.0	418	1
1242	2255	1450	2350	1233	2444	1215	2292
UCT	386.0	386.0	450	1
584	488	511	433	315	487	134	138
VUO	2157.0	1331.0	210	1
2143	1554	2199	1188	2322	1234	1964	1351
QUR	1723.0	2720.0	265	1
1671	2744	1682	2560	1656	2800	1883	2778
BOP	531.0	1928.0	478	1
583	1978	372	1967	753	1900	417	1868
JYT	698.0	2888.0	354	1
549	2938	560	2913	923	2932	760	2769
NDW	1653.0	1996.0	453	1
1774	1909	1739	2025	1506	1947	1596	2105
QTH	2855.0	1781.0	448	1
3001	1760	2765	1897	2766	1726	2888	1742
NIP	2243.0	2808.0	318	1
2018	2735	2437	3058	2320	2832	2198	2608
XGB	1195.0	1383.0	476	1
1117	1495	1168	1491	1206	1399	1292	1149
EWL	2056.0	550.0	337	1
2085	493	2208	529	1926	770	2007	408
TGF	810.0	1996.0	383	1
827	1993	756	1805	772	2179	885	2008
XPA	2791.0	2310.0	438	1
2740	2350	2707	2231	2908	2294	2810	2366
WPE	1401.0	358.0	226	1
1582	350	1307	401	1423	320	1292	363
HJV	2972.0	531.0	481	1
2845	510	3076	288	2861	824	3106	502
TVD	2064.0	2285.0	355	1
2097	2245	2072	2314	2159	2231	1928	2350
ELL	1862.0	1155.0	249	1
1915	1020	1751	1265	1822	1130	1962	1207
WTI	1854.0	1902.0	275	1
2027	1781	1774	1678	1795	1934	1820	2216
IOP	2834.0	1449.0	301	1
2940	1239	2797	1566	2691	1317	2909	1677
IMH	1811.0	2444.0	482	1
1656	2450	1895	2553	1790	2429	1905	2347
JRJ	1765.0	686.0	433	1
1716	446	1694	427	1727	876	1923	998
UAE	870.0	341.0	274	1
743	545	639	122	1024	140	1075	558
HOJ	1492.0	555.0	472	1
1397	599	1631	588	1639	534	1303	502
MSS	2498.0	1448.0	253	1
2536	1515	2384	1422	2491	1414	2582	1441
HFF	2427.0	1181.0	315	1
2409	1049	2427	1371	2464	1252	2411	1055
ZFQ	2509.0	2443.0	316	1
2437	2446	2332	2449	2760	2432	2507	2445
XCT	1752.0	1512.0	488	1
1697	1638	1722	1489	1924	1391	1668	1530
NCX	2581.0	412.0	426	1
2602	499	2494	449	2822	322	2407	381
NHP	226.0	981.0	404	1
264	910	225	1044	206	1192	209	781
JAZ	1969.0	258.0	448	1
2004	190	1986	369	2045	186	1844	288
ESU	2930.0	2869.0	218	1
2903	2992	2902	2866	3082	2775	2836	2845
FDU	430.0	833.0	361	1
438	604	423	1127	473	944	388	657
MBU	459.0	2699.0	397	1
492	2549	475	2737	418	2855	454	2657
SBD	1516.0	1234.0	381	1
1421	1346	1421	1266	1545	1206	1680	1121
