DPN	2049.0	1490.0	333	1
2017	1436	2031	1438	2167	1445	1983	1643
DWL	1126.0	897.0	342	1
990	850	933	652	1257	1198	1325	888
ORX	1803.0	2092.0	271	1
1834	2037	2017	2011	1659	2063	1703	2258
FJD	1182.0	1524.0	396	1
1372	1651	1141	1513	1232	1615	983	1318
QJN	2296.0	1909.0	315	1
2312	2113	2268	1991	2519	1843	2088	1690
DCJ	2765.0	748.0	341	1
2734	933	2852	989	2894	517	2580	556
ELE	1591.0	789.0	208	1
1688	922	1413	978	1871	709	1393	550
OVU	2463.0	2800.0	482	1
2391	3074	2747	2593	2315	2916	2401	2617
YKW	2326.0	1172.0	451	1
2188	1378	2236	1303	2338	1126	2545	884
BGF	1349.0	2288.0	298	1
1295	2257	1424	2262	1225	2262	1454	2372
BHQ	1210.0	2661.0	463	1
1414	2900	1028	2724	1258	2594	1142	2428
IZB	2541.0	2280.0	481	1
2355	2413	2467	2222	2566	2330	2777	2155
HEL	511.0	1192.0	397	1
426	1379	513	1400	577	1038	531	953
AWS	2111.0	681.0	213	1
2284	479	1908	663	1918	750	2337	834
IFE	583.0	1861.0	487	1
396	2077	716	1538	524	1770	697	2060
WMH	839.0	1103.0	229	1
852	920	857	1256	897	881	753	1357
QYJ	1626.0	2598.0	474	1
1593	2763	1816	2703	1584	2436	1511	2492
HAN	548.0	479.0	344	1
371	467	512	642	566	229	744	580
YLE	1598.0	1374.0	445	1
1740	1286	1552	1327	1552	1263	1550	1622
JFU	465.0	2404.0	370	1
391	2341	555	2388	662	2402	253	2485
MBO	1080.0	2225.0	248	1
1113	2225	1108	2146	881	2298	1218	2234
SPY	2977.0	2093.0	224	1
3075	2194	2907	1937	3029	2238	2899	2004
OLI	814.0	2812.0	204	1
787	2969	908	2766	779	2955	784	2560
JNX	2106.0	2712.0	458	1
2052	2669	2038	2585	2059	2771	2276	2823
XWN	2697.0	1589.0	396	1
2571	1519	2668	1598	2884	1733	2668	1509
IMP	1056.0	1782.0	414	1
953	1700	1058	1887	912	1815	1301	1727
FWN	2919.0	1228.0	238	1
3067	1251	3037	1424	2942	1152	2632	1086
SBH	1933.0	1209.0	365	1
1943	1185	1848	1040	1915	1215	2027	1397
UDI	929.0	2040.0	310	1
803	2002	939	2075	1053	2060	921	2024
OXR	2972.0	2706.0	491	1
3087	2570	2902	2746	3040	2836	2861	2674
HBW	1942.0	2922.0	490	1
1985	2881	1968	3025	1823	2704	1993	3081
OHU	1500.0	2088.0	492	1
1507	2024	1591	2121	1271	2088	1632	2119
IDR	524.0	2796.0	429	1
585	2772	419	2701	627	2814	468	2900
BIQ	1767.0	1838.0	308	1
1830	1911	1741	1628	1898	1828	1599	1986
FYJ	573.0	2545.0	313	1
711	2492	674	2524	275	2626	632	2539
XSA	544.0	852.0	396	1
469	947	535	648	694	897	478	917
BRR	308.0	2951.0	283	1
398	3025	387	2987	273	2876	177	2918
QZO	1576.0	2915.0	319	1
1448	2845	1530	2862	1731	3023	1596	2931
TWC	674.0	1291.0	414	1
639	1430	719	1404	609	1235	731	1098
FUH	2846.0	326.0	472	1
2904	214	2952	272	2634	378	2895	441
BCP	1727.0	349.0	251	1
1909	331	1724	475	1875	318	1400	272
RXC	1908.0	2499.0	369	1
1894	2550	1823	2437	1993	2476	1925	2534
XBH	942.0	497.0	295	1
1101	530	889	551	926	288	854	620
PFY	1488.0	1847.0	212	1
1483	1783	1556	1922	1470	1702	1445	1984
IGH	254.0	1776.0	453	1
294	1504	156	1934	394	2078	172	1591
ILB	2433.0	444.0	399	1
2404	443	2389	542	2368	556	2574	237
AQG	1602.0	1146.0	445	1
1758	1100	1364	1190	1672	1254	1617	1042
EIY	588.0	2266.0	425	1
511	2311	759	2190	417	2291	666	2272
LUL	1126.0	1926.0	324	1
903	1933	1270	1891	1167	1981	1167	1899
SVF	3043.0	2423.0	284	1
3161	2563	3010	2332	2839	2332	3164	2467
