FKS	629.0	1202.0	152	1
540	1431	577	1080	537	1021	864	1278
MIR	1210.0	2187.0	261	1
1203	2161	1041	2399	1215	2070	1382	2118
XAE	2861.0	1602.0	3	1
2787	1505	2874	1747	2933	1361	2851	1798
QNA	1781.0	646.0	54	1
1486	607	1989	500	1816	928	1834	550
NYD	1251.0	1836.0	174	1
1253	2036	1193	1848	1210	1686	1349	1774
WSH	585.0	1929.0	135	1
528	1982	687	1809	617	1848	511	2077
GOG	1506.0	2551.0	163	1
1514	2581	1399	2551	1766	2582	1345	2492
LMI	1774.0	1449.0	138	1
1980	1397	1692	1312	1875	1516	1550	1574
DLU	2153.0	938.0	233	1
2139	719	2050	1105	2122	953	2301	975
XXF	1034.0	1252.0	219	1
1044	1452	1009	1050	1143	1341	942	1165
EBH	2355.0	1777.0	36	1
2155	1734	2523	1730	2295	1772	2447	1874
WQG	1017.0	677.0	215	1
1167	539	697	680	1024	676	1182	813
RCB	1901.0	1805.0	29	1
2025	1607	1831	1812	1893	1919	1856	1882
UJF	2966.0	699.0	138	1
2954	732	3131	628	2612	510	3167	929
XBQ	448.0	830.0	229	1
487	741	537	584	437	1001	334	995
WUO	2242.0	518.0	89	1
2248	350	2057	501	2369	549	2296	674
KBE	1125.0	425.0	58	1
819	446	1287	434	1006	377	1388	446
AAE	893.0	2702.0	113	1
895	2666	743	2908	1123	2410	811	2827
SCX	2069.0	2307.0	239	1
1808	2388	2067	2351	2246	2066	2156	2426
XVP	2610.0	2149.0	248	1
2756	2201	2499	2130	2509	2024	2679	2242
IHC	1445.0	2826.0	212	1
1382	2899	1567	2885	1267	2584	1567	2939
KHH	2458.0	1416.0	205	1
2434	1601	2579	1500	2482	1224	2339	1342
GOC	2643.0	2542.0	13	1
2734	2830	2655	2329	2789	2316	2394	2693
XRV	2847.0	1044.0	109	1
2785	1095	2622	935	2937	1106	3046	1040
NEI	366.0	1986.0	232	1
490	1911	272	1937	403	1958	302	2141
RBD	790.0	2105.0	189	1
728	1927	774	1923	844	2327	817	2245
OTD	444.0	2958.0	87	1
277	3071	391	2630	693	3051	416	3082
IXA	1678.0	2741.0	251	1
1726	2594	1701	2739	1715	2778	1572	2853
GEQ	1604.0	1934.0	127	1
1656	1934	1475	2087	1724	1811	1563	1904
FWH	1317.0	1117.0	208	1
1437	948	1372	1257	1198	1342	1263	922
KKJ	1390.0	1587.0	155	1
1527	1622	1196	1486	1296	1643	1544	1598
TBD	712.0	1657.0	190	1
785	1623	523	1739	839	1773	701	1493
CZQ	915.0	278.0	151	1
727	288	990	193	820	332	1124	302
YIE	340.0	1520.0	25	1
298	1449	299	1418	501	1443	262	1771
OJS	3088.0	2222.0	122	1
3059	2055	3137	2184	3064	2275	3094	2377
NUU	2175.0	1368.0	3	1
2281	1222	2039	1464	2128	1624	2253	1163
MPZ	2427.0	535.0	115	1
2409	579	2503	214	2405	683	2393	665
ZUS	513.0	2549.0	39	1
622	2457	615	2575	559	2625	259	2540
SMM	585.0	2197.0	250	1
699	2251	549	2120	593	2211	499	2208
PFT	1848.0	2925.0	276	1
1802	3142	1738	2899	1939	3009	1916	2652
CGJ	3036.0	2896.0	168	1
2966	2837	3066	2958	3082	2922	3032	2869
VMD	2046.0	2531.0	244	1
2367	2506	1915	2617	2065	2541	1838	2462
NQZ	1791.0	980.0	145	1
1535	1003	1837	949	1944	962	1849	1009
ZSX	1052.0	1781.0	54	1
933	1847	1108	1880	1085	1702	1082	1695
SMF	2206.0	2822.0	4	1
2133	2875	2032	2708	2370	3003	2289	2705
TMZ	1450.0	250.0	78	1
1207	330	1519	242	1695	308	1380	121
LLW	2307.0	2263.0	74	1
2276	2390	2258	2205	2339	2046	2357	2414
TTV	440.0	373.0	218	1
385	522	693	513	349	251	334	207
MUW	429.0	2285.0	147	1
363	2303	452	2210	429	2198	473	2431
VEN	1740.0	1165.0	219	1
1977	1100	1747	1124	1553	1182	1683	1256
