OYV	1402.0	554.0	59	1
1374	340	1310	348	1654	699	1273	832
KVM	2847.0	1709.0	139	1
2523	1724	3059	1497	3013	1871	2795	1746
QNG	1780.0	1580.0	217	1
1851	1687	1777	1565	1992	1635	1500	1434
CGL	1280.0	1072.0	295	1
1423	1093	1315	1118	1193	1026	1192	1051
HAY	1731.0	2065.0	218	1
1713	2300	1704	2072	1744	1753	1766	2138
NOQ	2000.0	2325.0	21	1
1773	2420	2158	2374	2050	2272	2022	2235
BOY	2285.0	1210.0	41	1
2371	1113	2118	1205	2347	1037	2306	1487
UVX	2376.0	2876.0	70	1
2100	3076	2185	2845	2582	2803	2638	2782
NXX	2471.0	2363.0	276	1
2666	2646	2328	2180	2455	2178	2438	2450
WPP	1068.0	2614.0	13	1
998	2391	1106	2486	1031	2696	1137	2886
ZDB	795.0	305.0	75	1
832	381	726	191	864	372	761	278
PZN	1441.0	2121.0	173	1
1700	2272	1422	2324	1298	2020	1346	1871
DIU	972.0	1276.0	115	1
956	1312	943	1218	983	1229	1008	1346
SKD	435.0	513.0	255	1
662	443	384	668	424	435	272	506
BXM	2328.0	1876.0	70	1
2461	2125	2481	1903	2195	1752	2177	1725
PWE	535.0	1539.0	168	1
277	1398	716	1598	809	1466	338	1696
DAA	654.0	2201.0	5	1
539	2044	877	2354	610	2311	592	2095
HMD	2821.0	2051.0	113	1
2861	2108	2771	2127	2865	2081	2787	1889
XAM	2656.0	949.0	160	1
2478	827	3022	1160	2579	1122	2546	688
MQF	598.0	1848.0	238	1
673	1920	745	1726	412	1829	564	1920
LUL	1042.0	534.0	282	1
1038	759	1017	274	939	723	1175	382
BAF	1669.0	2711.0	53	1
1666	2706	1527	2631	1802	2852	1683	2655
LIU	689.0	2634.0	8	1
760	2672	578	2428	837	2887	583	2551
QZJ	2076.0	546.0	201	1
2042	577	2083	619	2040	602	2139	387
BFV	612.0	1254.0	297	1
676	1218	726	1351	330	1095	719	1354
LLV	1624.0	1060.0	26	1
1740	1068	1526	1018	1562	1036	1670	1119
MUE	1878.0	1256.0	285	1
1894	1376	1935	1291	1800	1236	1883	1124
RFL	1513.0	1199.0	141	1
1746	1155	1365	1131	1612	1261	1332	1250
RVQ	2418.0	511.0	61	1
2654	271	2272	668	2266	473	2483	632
UJQ	1925.0	746.0	265	1
2032	636	2234	878	1767	842	1670	631
YVN	1114.0	2093.0	95	1
1039	2204	1234	2058	1115	2123	1068	1988
XEQ	1302.0	1541.0	254	1
1273	1445	1370	1598	1331	1393	1234	1730
XVE	1936.0	466.0	221	1
1952	592	1913	346	1931	542	1951	384
BAK	2099.0	2090.0	122	1
2070	2109	2162	2056	2108	2165	2058	2033
TPL	1268.0	2773.0	78	1
1152	2741	1146	2620	1443	2891	1333	2840
STA	2834.0	2613.0	190	1
2882	2734	2928	2616	2674	2429	2853	2673
NZA	1580.0	1358.0	24	1
1796	1340	1388	1338	1526	1353	1610	1402
IQM	549.0	310.0	275	1
689	422	405	262	511	224	594	335
QXT	441.0	854.0	142	1
323	790	455	979	459	926	530	722
XMM	1219.0	2355.0	269	1
1220	2323	1243	2459	1199	2285	1214	2356
OOL	946.0	2876.0	25	1
963	2740	927	2831	942	3073	955	2862
PZZ	2613.0	1283.0	6	1
2667	1306	2481	1340	2644	1268	2661	1219
IAL	1949.0	2843.0	278	1
1901	3036	1974	2699	1887	2946	2037	2694
CUN	2171.0	2622.0	30	1
2286	2634	2246	2647	2213	2615	1939	2595
XZM	2074.0	1916.0	54	1
2138	1879	2131	2004	1889	1795	2138	1989
VML	1131.0	1529.0	291	1
1179	1411	1044	1661	1230	1695	1073	1349
MQE	2006.0	981.0	234	1
2011	943	1993	1086	2109	909	1912	988
FVJ	3116.0	1110.0	59	1
3141	1073	3151	1330	3023	1175	3150	862
WZT	923.0	876.0	6	1
778	948	983	807	1142	933	791	817
UCK	2454.0	2688.0	55	1
2404	2659	2661	2660	2434	2756	2317	2679
