RBV	2355.0	595.0	371	1
2354	566	2289	587	2174	524	2604	703
RKP	1061.0	1791.0	241	1
796	1627	1048	1909	1296	1742	1107	1886
ITG	2841.0	1551.0	413	1
2608	1539	2728	1761	2996	1599	3034	1305
SRO	2037.0	356.0	412	1
1980	516	2104	154	2116	528	1951	226
GET	1698.0	2256.0	279	1
1631	2477	1795	2139	1631	2213	1737	2197
QBT	2039.0	2438.0	326	1
2298	2390	1902	2602	2151	2292	1807	2471
EYX	2960.0	716.0	362	1
3012	950	2928	409	3076	578	2826	927
QUG	1417.0	896.0	345	1
1403	944	1503	769	1463	827	1301	1044
STR	1216.0	2842.0	391	1
1448	3049	869	2648	1227	2791	1320	2882
NCS	1789.0	1433.0	290	1
1560	1383	1685	1489	2033	1302	1879	1561
BJF	909.0	2012.0	446	1
894	1942	1089	1930	624	2058	1030	2120
JVG	1203.0	1373.0	338	1
1272	1249	1249	1439	1328	1181	966	1623
ZFH	553.0	2684.0	269	1
481	2893	715	2681	438	2663	578	2502
DEO	2567.0	282.0	491	1
2711	391	2590	263	2466	334	2502	143
KYK	2474.0	2743.0	431	1
2534	2715	2534	2687	2591	2807	2240	2766
LIN	1660.0	2013.0	229	1
1645	1893	1659	2135	1807	1979	1532	2048
WOS	1796.0	544.0	285	1
1880	473	1709	739	1759	548	1836	419
LTS	1026.0	962.0	262	1
1182	790	1126	1004	793	1008	1003	1047
QXN	352.0	752.0	222	1
142	709	265	909	411	695	593	696
ALI	1116.0	403.0	249	1
1156	164	862	655	1266	169	1180	625
OIM	1389.0	2376.0	307	1
1374	2257	1370	2325	1550	2575	1264	2347
XLM	1903.0	2040.0	481	1
2023	2044	1842	2153	1928	1865	1822	2100
QLW	1711.0	910.0	237	1
1633	817	1629	981	1789	899	1796	946
MBL	2309.0	1369.0	417	1
2333	1099	2337	1565	2286	1228	2282	1584
NHG	2129.0	2038.0	339	1
2103	2256	2136	1729	2127	1914	2151	2255
YNC	2074.0	1136.0	255	1
2058	916	2198	1279	1890	1169	2152	1182
JUG	2530.0	1859.0	250	1
2608	1780	2541	1578	2553	2061	2419	2019
PZM	627.0	1297.0	415	1
648	1291	552	1558	548	1053	762	1288
CQT	1180.0	2320.0	280	1
1251	2261	1157	2460	1187	2276	1127	2285
FAX	2784.0	2492.0	265	1
2626	2564	2871	2492	2718	2514	2922	2399
UOG	2474.0	2214.0	335	1
2213	2239	2519	2277	2540	2103	2627	2239
GNF	730.0	565.0	215	1
770	432	595	729	799	514	759	586
SKP	407.0	1939.0	311	1
592	2098	197	1808	300	1840	542	2011
CFM	2796.0	1857.0	372	1
2939	2003	2891	1791	2673	1861	2683	1775
QUC	334.0	549.0	365	1
163	640	401	663	210	520	565	375
WBK	2020.0	2883.0	402	1
1993	3114	1740	2668	2132	2742	2216	3010
RXW	1454.0	2192.0	250	1
1476	2255	1414	2115	1403	2175	1526	2226
WZS	2134.0	1496.0	272	1
2131	1542	2048	1497	2266	1447	2094	1498
GDH	2553.0	1011.0	215	1
2432	1179	2723	897	2610	896	2450	1073
BEP	2065.0	2081.0	384	1
2089	1921	2044	2037	2030	2233	2097	2134
VGF	686.0	2292.0	375	1
704	2206	699	2296	716	2242	625	2424
ATK	380.0	2238.0	385	1
558	2235	349	2106	419	2116	197	2497
MHB	1454.0	1909.0	266	1
1486	1961	1477	1835	1505	1893	1351	1949
NCS	1652.0	310.0	245	1
1906	416	1433	288	1706	240	1563	297
GFB	1586.0	2881.0	492	1
1693	3069	1453	2708	1509	2912	1689	2835
BJG	2292.0	1925.0	413	1
2400	2031	2380	1949	2186	1823	2203	1899
QGH	238.0	1341.0	323	1
452	1255	144	1550	119	1462	239	1100
DXU	2508.0	2910.0	496	1
2562	2901	2295	2883	2521	2838	2657	3020
TFI	1925.0	1784.0	213	1
2078	1773	2091	1818	1773	1798	1758	1747
LKP	395.0	1663.0	437	1
546	1599	402	1721	310	1768	324	1566
