DQS	1139.0	1842.0	121	1
969	1739	1058	1909	1227	1703	1304	2020
WUL	606.0	1660.0	163	1
563	1485	678	1694	800	1630	384	1834
SKV	1834.0	2433.0	10	1
1770	2336	1732	2490	1931	2736	1906	2173
CIE	1223.0	1232.0	94	1
1105	1316	1303	1008	1147	1501	1340	1106
QAR	2330.0	2103.0	298	1
2458	2215	2210	2137	2197	1973	2458	2087
BKG	1985.0	1502.0	102	1
2170	1428	1867	1778	1838	1273	2065	1529
PYL	1237.0	2982.0	186	1
1205	3133	1278	3141	1186	2762	1279	2894
CIZ	1675.0	252.0	259	1
1524	219	1888	306	1490	192	1798	293
TPM	2790.0	2415.0	83	1
2703	2359	2924	2386	2636	2622	2899	2295
VUC	1564.0	2097.0	167	1
1657	2144	1483	2226	1689	1979	1430	2042
CTG	2637.0	2064.0	105	1
2563	2276	2837	1807	2619	2144	2532	2031
UKP	857.0	2949.0	179	1
778	2980	789	2768	1036	3039	827	3012
JNL	1707.0	1027.0	51	1
1705	1046	1712	1074	1542	799	1872	1192
YBU	676.0	2576.0	163	1
513	2667	519	2391	989	2710	684	2537
SMS	2805.0	1139.0	123	1
2931	921	2522	1442	2939	971	2828	1225
CVF	497.0	1155.0	201	1
279	919	797	1167	245	1187	670	1349
ONF	1419.0	2499.0	150	1
1528	2245	1450	2544	1129	2470	1570	2739
HYP	2125.0	2401.0	128	1
2183	2354	2124	2418	2156	2329	2040	2506
YGC	2348.0	1539.0	130	1
2503	1475	2382	1454	2278	1578	2232	1649
PDG	1265.0	742.0	158	1
1133	622	1254	722	1231	880	1444	744
QNB	801.0	604.0	100	1
767	881	925	421	553	761	962	356
NAM	1492.0	1628.0	146	1
1601	1503	1450	1879	1349	1373	1571	1757
QMM	2534.0	2999.0	130	1
2411	2795	2676	3132	2455	3104	2597	2965
QCQ	2831.0	533.0	273	1
3113	370	2544	529	3074	603	2596	633
PKF	2231.0	891.0	76	1
2149	1019	2500	940	2228	597	2048	1008
RTQ	357.0	2142.0	281	1
415	1951	292	2370	378	2204	343	2043
NCL	2160.0	1183.0	201	1
2032	1153	2128	1244	2459	1161	2021	1177
YLF	827.0	2210.0	210	1
1123	2167	590	2188	731	2282	864	2204
ZQE	2068.0	2100.0	38	1
2105	2319	1986	1935	2142	2093	2041	2055
QDX	1788.0	554.0	49	1
1946	574	1644	572	1656	519	1908	553
VUM	1950.0	2871.0	40	1
1937	3012	1814	2839	2188	2768	1861	2865
WUI	958.0	1148.0	218	1
1059	1078	832	1054	1083	1164	860	1299
YAI	2411.0	2626.0	91	1
2262	2589	2444	2695	2449	2445	2491	2776
EZX	3067.0	2503.0	67	1
3187	2334	3063	2728	3092	2428	2928	2525
CYS	2170.0	337.0	57	1
2032	429	2366	564	2291	229	1992	127
UXO	1336.0	284.0	42	1
1416	383	1278	168	1468	188	1182	400
BBN	1500.0	690.0	15	1
1469	742	1509	775	1534	410	1489	834
IAT	440.0	600.0	49	1
412	525	398	762	487	532	466	582
JCG	1429.0	1131.0	146	1
1532	972	1441	1086	1396	1117	1347	1351
AKS	712.0	2082.0	149	1
514	2040	845	2042	813	2164	677	2084
SZO	1214.0	2082.0	137	1
1285	2158	1257	2059	1101	2093	1214	2021
JFH	2753.0	1543.0	198	1
2706	1521	2967	1518	2590	1602	2751	1533
FRA	586.0	2957.0	200	1
713	2748	593	3014	369	3030	670	3036
WUQ	2404.0	1755.0	283	1
2296	1830	2521	1702	2299	1738	2500	1750
JSW	1706.0	1664.0	290	1
1617	1529	1750	1750	1825	1539	1634	1838
AJS	1069.0	2394.0	73	1
1128	2311	1000	2421	1087	2392	1064	2454
KBY	913.0	1641.0	260	1
956	2004	925	1420	851	1509	920	1632
RED	1052.0	607.0	217	1
985	489	981	470	1116	912	1126	560
BRF	2299.0	1343.0	268	1
2252	1372	2436	1317	2240	1312	2268	1374
TEP	277.0	1616.0	193	1
248	1558	346	1672	335	1623	180	1612
