WOR	2315.0	1380.0	15	1
2215	1266	2339	1356	2303	1411	2404	1487
JHH	992.0	2037.0	70	1
1026	2245	937	2000	852	2023	1156	1882
PLF	2628.0	1380.0	142	1
2656	1591	2668	1113	2783	1576	2405	1240
OCY	785.0	979.0	23	1
1028	1079	493	912	679	875	940	1053
IPH	2323.0	1950.0	92	1
2247	1642	2486	2169	2335	1965	2227	2027
YTC	2453.0	2739.0	90	1
2477	2607	2501	2928	2552	2647	2284	2776
YTN	1001.0	749.0	275	1
836	789	1080	658	1223	862	867	689
XJQ	2978.0	1729.0	173	1
3000	2026	3049	1733	2921	1580	2944	1580
WOI	2058.0	1616.0	154	1
1899	1540	2225	1510	1903	1611	2207	1805
YOQ	686.0	507.0	70	1
684	813	828	365	533	555	701	298
DDM	760.0	2729.0	17	1
629	2618	878	2825	597	2706	936	2769
HQQ	1675.0	891.0	289	1
1608	679	1483	939	1967	865	1644	1084
GVM	1473.0	2188.0	273	1
1424	2444	1625	2171	1420	2146	1423	1992
ARH	2763.0	2415.0	1	1
2732	2240	3051	2387	2583	2528	2687	2507
KUY	2332.0	623.0	157	1
2475	597	2328	776	2506	485	2021	637
YHT	539.0	1975.0	112	1
569	1943	437	2031	477	2022	675	1905
QBV	2366.0	972.0	297	1
2178	969	2421	1001	2185	1009	2682	909
UXJ	1572.0	1319.0	90	1
1462	1104	1605	1233	1681	1537	1541	1405
WAT	1767.0	2701.0	251	1
1418	2753	1862	2817	1876	2629	1915	2607
WFZ	1357.0	845.0	140	1
1439	908	1227	743	1358	993	1407	738
OPT	627.0	1554.0	291	1
864	1196	442	1758	492	1529	710	1736
HGX	1300.0	1311.0	145	1
1049	1320	1382	1439	1425	1400	1347	1086
ECP	323.0	2339.0	40	1
132	2397	311	2372	481	2411	369	2178
THE	1209.0	324.0	50	1
954	246	1213	237	1198	234	1471	579
XTV	1080.0	1624.0	50	1
867	1745	1085	1602	1011	1604	1358	1547
MMP	2045.0	2567.0	241	1
2107	2698	2146	2782	1968	2288	1959	2500
UOH	716.0	2247.0	75	1
547	2209	804	2158	823	2251	692	2372
QMK	2064.0	2047.0	53	1
1900	2011	2175	2108	2220	2231	1961	1839
WCT	2641.0	433.0	169	1
2672	475	2538	438	2694	338	2661	483
WAX	1771.0	1380.0	48	1
1772	1608	1706	1173	1801	1325	1806	1414
ZRB	1639.0	477.0	230	1
1591	549	1752	493	1625	648	1590	219
BWG	2907.0	1186.0	265	1
2810	1207	2967	1246	2881	1092	2972	1199
XIJ	1723.0	2156.0	127	1
1870	1853	1691	2267	1660	2234	1671	2272
EFM	2910.0	918.0	228	1
2846	1004	3102	946	2692	699	3000	1023
JVB	1033.0	2808.0	160	1
1128	2699	1012	3020	1032	2555	962	2961
YFT	1245.0	2644.0	222	1
1154	2572	1346	2879	1215	2532	1265	2593
KXD	2430.0	3058.0	251	1
2675	3104	2241	2943	2286	3103	2520	3085
YFM	1996.0	353.0	255	1
1889	368	1968	395	1869	388	2260	262
OSR	2704.0	2662.0	273	1
2708	2538	2772	2693	2623	2863	2714	2554
EFS	673.0	2491.0	258	1
691	2536	403	2452	787	2554	811	2424
GZV	650.0	3029.0	141	1
803	2880	539	2956	693	3121	566	3160
KHG	2056.0	1332.0	137	1
2029	1213	2087	1244	2002	1465	2109	1409
DCP	1271.0	2306.0	172	1
1206	2527	1341	2311	1186	2011	1353	2378
DRZ	381.0	627.0	172	1
404	645	363	560	320	644	437	659
OWP	2222.0	2433.0	133	1
2283	2472	2150	2235	2240	2518	2215	2510
YPP	2810.0	1951.0	139	1
2919	1984	2855	2184	2573	1735	2893	1903
TXZ	1941.0	1284.0	214	1
1932	1127	1919	1445	1947	1423	1967	1144
RXH	2967.0	2757.0	118	1
3043	2797	2853	2741	3082	2748	2893	2742
KWP	313.0	1464.0	8	1
325	1514	313	1569	411	1233	203	1541
NBG	1628.0	1753.0	52	1
1530	1833	1439	1819	1674	1617	1869	1743
