LIP	1523.0	1141.0	392	1
1680	1297	1671	1432	1571	924	1170	911
YND	2923.0	1217.0	284	1
2999	1203	2806	1346	3065	1090	2825	1230
GVW	790.0	2810.0	306	1
907	3023	667	2689	793	2973	794	2556
RHP	392.0	2004.0	354	1
537	1830	444	2167	331	1831	258	2189
NUZ	2827.0	513.0	320	1
2847	577	2536	182	3032	638	2893	655
ACL	1567.0	1919.0	268	1
1568	1949	1584	1829	1584	2109	1535	1792
MZA	2323.0	2392.0	451	1
2113	2339	2449	2394	2408	2303	2325	2534
LAU	1577.0	2559.0	333	1
1721	2403	1527	2678	1399	2489	1664	2668
MHK	2679.0	1591.0	427	1
2780	1920	2693	1734	2484	1368	2759	1342
XDL	2413.0	2130.0	488	1
2658	2216	2212	2002	2153	2300	2631	2002
YYU	786.0	2292.0	341	1
892	2077	628	2080	657	2549	967	2463
WYN	2013.0	2012.0	214	1
2153	2145	2053	1881	1723	2130	2124	1894
QMS	2360.0	1018.0	288	1
2280	948	2547	1218	2314	830	2302	1079
AFI	1470.0	3071.0	276	1
1403	3017	1576	3039	1646	3048	1256	3180
TLN	1070.0	365.0	393	1
1315	223	934	533	1026	212	1005	493
CLU	1223.0	2311.0	353	1
1179	2263	1279	2216	1101	2338	1333	2430
TZR	990.0	903.0	444	1
956	857	1141	949	746	678	1120	1129
LWN	1325.0	1748.0	276	1
1477	1727	1405	1639	1142	1841	1279	1786
UMD	2142.0	537.0	452	1
2289	227	2052	744	1920	566	2310	613
KKZ	2230.0	2945.0	291	1
2271	3038	2148	3037	2102	2982	2401	2723
CBN	2574.0	2773.0	258	1
2513	2931	2468	2908	2559	2507	2759	2749
UVO	1176.0	2659.0	356	1
1327	2511	1223	2562	1001	2937	1153	2629
KXY	1113.0	1991.0	261	1
998	2009	1218	2060	1034	2055	1202	1842
DTF	1685.0	1624.0	467	1
1711	1528	1566	1786	1487	1713	1976	1471
AUQ	2183.0	1632.0	385	1
2336	1703	2175	1654	2129	1512	2094	1659
QED	432.0	1751.0	414	1
400	1718	213	1771	702	1734	415	1781
IJR	547.0	713.0	449	1
403	803	402	720	669	640	715	690
OKQ	1652.0	381.0	274	1
1517	278	1555	229	1727	452	1809	568
BPG	872.0	1530.0	256	1
645	1492	711	1674	1088	1638	1044	1317
JCD	1969.0	940.0	279	1
2019	841	1839	843	1842	1203	2176	874
SED	2000.0	2555.0	293	1
1901	2685	1972	2408	2032	2350	2096	2779
YYF	2934.0	2809.0	365	1
3075	2847	2973	3078	2878	2586	2810	2726
SOR	2852.0	2198.0	324	1
3081	2039	2837	2472	2816	2083	2676	2198
JRX	2158.0	1815.0	493	1
2152	1802	2072	1844	2410	1795	1998	1820
VIN	371.0	1194.0	356	1
281	1199	306	1375	360	1023	538	1180
EGL	466.0	2632.0	275	1
396	2547	376	2863	488	2557	605	2561
NRX	1637.0	781.0	216	1
1697	827	1533	905	1820	708	1499	686
WIV	2814.0	823.0	299	1
2796	956	2916	689	2664	758	2883	892
TIE	552.0	420.0	261	1
448	460	652	437	681	446	427	339
SIG	3027.0	835.0	423	1
3146	797	3059	695	2922	1061	2981	790
HBA	3014.0	1497.0	235	1
3021	1377	3022	1578	2897	1548	3117	1485
QAQ	467.0	1525.0	343	1
480	1494	503	1441	444	1578	441	1590
VSS	1971.0	1309.0	324	1
2250	1305	1763	1404	1770	1249	2104	1278
YNU	438.0	2371.0	411	1
527	2305	483	2497	522	2199	220	2483
AEG	2628.0	772.0	335	1
2604	926	2627	801	2662	670	2621	694
GKD	1905.0	2978.0	430	1
1946	3015	1793	2904	1881	2888	2002	3106
CGQ	1599.0	2846.0	488	1
1713	2734	1367	2981	1691	2965	1628	2706
ZDK	797.0	452.0	339	1
777	260	806	322	739	665	867	563
HIW	3076.0	1879.0	488	1
2993	1674	3118	2039	3099	1853	3095	1950
VGD	1935.0	2243.0	345	1
1893	2314	1945	2181	1803	2222	2101	2255
