XJZ	1158.0	2338.0	264	1
1011	2362	1362	2464	1346	2296	914	2230
GDA	2927.0	1593.0	344	1
3050	1773	2773	1388	3070	1359	2817	1854
NVE	1238.0	499.0	455	1
1109	518	926	474	1482	578	1435	429
SSE	2225.0	2994.0	225	1
2195	3133	2340	2902	2364	2877	2001	3064
TTT	2345.0	1983.0	338	1
2568	1939	2347	2229	2106	1809	2361	1957
UKB	1282.0	930.0	271	1
1056	1139	1491	920	1299	838	1282	824
DGF	1753.0	1350.0	218	1
1818	1417	1560	1177	1810	1648	1825	1160
BWC	1612.0	2717.0	236	1
1362	2516	1809	2912	1495	2872	1785	2570
YUX	400.0	680.0	279	1
308	513	232	585	610	817	450	807
WDM	2834.0	599.0	413	1
2962	534	2964	667	2664	657	2748	540
IAS	821.0	1627.0	446	1
1038	1423	733	1674	701	1729	815	1685
MNQ	2717.0	2842.0	368	1
2973	2915	2962	2702	2457	3097	2479	2657
PIS	1212.0	1791.0	302	1
1284	2075	1187	1564	1186	1634	1191	1892
FCY	2045.0	1221.0	237	1
2145	1429	1921	1119	1931	1042	2183	1297
WLX	307.0	1956.0	411	1
346	2052	347	1770	261	1971	274	2034
TOT	2285.0	1692.0	289	1
2220	1565	2429	1718	2106	1760	2386	1726
LIG	1620.0	2193.0	352	1
1501	2084	1760	2317	1796	2407	1424	1964
MPW	2284.0	2534.0	261	1
2173	2529	2226	2407	2135	2625	2603	2578
YQS	2775.0	2253.0	403	1
2928	2254	2769	2181	2682	2145	2721	2434
XNV	594.0	2650.0	357	1
536	2410	414	2843	759	2702	668	2646
SRJ	551.0	1631.0	479	1
641	1708	543	1691	465	1543	557	1582
EON	1582.0	516.0	362	1
1583	362	1503	703	1612	598	1630	402
YKT	1028.0	3049.0	310	1
849	2998	938	2997	1001	3130	1326	3071
MYU	2410.0	660.0	230	1
2262	412	2532	439	2393	902	2456	890
KCR	1723.0	837.0	335	1
1697	808	1516	716	1878	804	1802	1022
EMM	2753.0	1014.0	302	1
2637	1098	2890	828	2686	991	2802	1139
VYV	830.0	1031.0	486	1
854	853	808	1276	877	988	783	1010
MAQ	1211.0	1298.0	309	1
1091	1282	1304	1513	1225	1150	1225	1247
KPU	2101.0	829.0	458	1
2200	997	2154	986	2080	555	1971	780
VUJ	1116.0	2686.0	467	1
1022	2593	1153	2613	1245	2857	1044	2683
ILF	1772.0	455.0	283	1
1723	298	1822	366	1830	452	1716	704
UZV	2035.0	2576.0	377	1
1987	2788	2030	2452	2088	2638	2038	2427
HDV	1074.0	394.0	449	1
1061	428	1166	421	997	317	1072	412
CXT	868.0	668.0	439	1
709	719	989	748	870	626	904	580
UOP	562.0	1972.0	453	1
378	1958	668	2163	543	2019	661	1750
SCC	356.0	942.0	352	1
214	843	282	840	394	1048	537	1040
MCF	2121.0	1511.0	205	1
2169	1541	2227	1505	2233	1513	1858	1487
VII	2845.0	1886.0	426	1
2669	1894	2854	1909	2845	1886	3013	1856
AYU	337.0	417.0	275	1
382	495	245	399	425	376	299	399
XVZ	317.0	1244.0	383	1
421	1268	142	1220	527	1314	178	1175
TNU	2318.0	2324.0	473	1
2094	2256	2529	2362	2059	2347	2591	2332
QRA	2323.0	1232.0	472	1
2193	1447	2443	1364	2191	1088	2466	1032
GQL	733.0	418.0	410	1
886	415	892	383	575	418	581	459
DXY	933.0	1833.0	305	1
1182	1834	762	1781	783	1816	1008	1903
XJJ	547.0	2980.0	435	1
434	2989	421	2963	744	2885	589	3083
OUG	1923.0	1967.0	334	1
1844	1885	1917	2010	2009	1862	1925	2112
DML	2978.0	1047.0	410	1
2975	1157	2906	824	2972	1069	3062	1140
CEM	332.0	2695.0	206	1
358	2625	187	2798	410	2710	373	2647
IGK	717.0	2042.0	478	1
820	2097	688	1950	679	2046	681	2075
EEI	983.0	951.0	359	1
1038	758	924	1063	966	911	1006	1073
