INS	883.0	447.0	465	1
945	204	973	703	886	369	730	515
RRE	892.0	1326.0	420	1
940	1475	980	1252	839	1233	811	1344
SLV	2801.0	703.0	445	1
2500	728	2836	827	2912	535	2958	724
YDO	2735.0	2821.0	424	1
2728	2642	2992	2990	2491	2637	2730	3016
RUM	1576.0	686.0	328	1
1751	782	1315	334	1790	752	1448	876
BXP	578.0	1984.0	408	1
654	1921	350	1973	779	1747	530	2296
KLB	1496.0	1334.0	486	1
1500	1367	1695	1180	1330	1436	1460	1356
CRS	1550.0	2104.0	442	1
1608	2085	1762	1989	1484	2166	1349	2179
SRM	2381.0	2382.0	267	1
2343	2157	2435	2508	2392	2396	2356	2467
ZPY	2386.0	1723.0	255	1
2558	1535	2143	1727	2471	1658	2372	1972
QIC	1968.0	828.0	216	1
1827	576	1930	999	1937	1042	2180	698
HKU	840.0	3005.0	356	1
886	3119	680	2804	835	2993	961	3105
JQF	2171.0	1292.0	473	1
2357	1192	2252	1155	1896	1375	2179	1449
JHM	1097.0	2726.0	221	1
1047	2830	1221	2658	1032	2718	1088	2701
GOM	300.0	564.0	348	1
373	745	306	744	278	423	246	345
EOH	1208.0	576.0	374	1
1287	515	1157	464	1222	640	1168	685
QQM	1394.0	2844.0	395	1
1409	2883	1321	2664	1536	2882	1311	2950
CHW	1940.0	2830.0	274	1
1745	2703	2094	2832	2108	3109	1815	2677
GBR	2445.0	1006.0	453	1
2406	1152	2493	1032	2471	1154	2410	686
LWW	2855.0	1320.0	261	1
3037	1489	2616	1156	2686	1382	3084	1253
XAY	1608.0	1722.0	292	1
1871	1684	1724	1635	1366	1696	1471	1876
KXO	614.0	1300.0	332	1
542	1264	591	1380	698	1376	627	1180
ZSQ	2783.0	1656.0	279	1
2733	1499	2828	1686	2581	1504	2991	1938
UTI	2727.0	2161.0	290	1
3006	2190	2530	1986	2824	2348	2548	2123
ZFM	1492.0	2399.0	224	1
1643	2542	1468	2375	1461	2433	1396	2248
YSH	1986.0	305.0	303	1
1876	438	1874	156	1859	261	2335	366
ADY	1718.0	1269.0	202	1
1737	1023	1704	1234	1714	1203	1720	1617
RAT	1157.0	2158.0	459	1
1059	2371	1162	1940	1115	2051	1295	2271
CIJ	770.0	2535.0	450	1
713	2426	785	2571	1023	2774	560	2371
PDC	936.0	1781.0	267	1
1034	1790	845	1844	864	1633	1001	1858
HMX	2702.0	335.0	244	1
2677	163	2568	481	2789	178	2777	520
YRF	998.0	1133.0	327	1
881	1203	961	1071	990	1202	1161	1059
NZW	468.0	2728.0	319	1
403	2746	418	3014	507	2495	545	2659
CGH	2064.0	2338.0	220	1
2242	2510	2219	2375	1830	2358	1965	2110
RDW	2188.0	2729.0	320	1
2212	2588	2227	2755	2167	2521	2147	3054
CZS	575.0	807.0	296	1
574	833	635	687	449	918	643	792
AGC	859.0	911.0	417	1
927	1040	886	840	780	938	843	826
AWR	2839.0	1052.0	346	1
2908	1034	2639	1147	2669	1072	3141	956
QDH	2297.0	919.0	484	1
2343	1011	2315	824	2246	784	2287	1059
DDT	294.0	2266.0	201	1
226	2148	291	2465	335	2303	326	2150
YGC	2321.0	2759.0	233	1
2345	2989	2355	2678	2287	2791	2299	2578
IES	1546.0	1510.0	499	1
1634	1591	1613	1485	1490	1501	1450	1466
UYL	492.0	1378.0	371	1
492	1215	491	1357	488	1291	497	1652
HPR	1080.0	1398.0	411	1
1150	1263	1169	1628	1012	1243	990	1461
ULR	360.0	1514.0	301	1
290	1652	354	1150	430	1688	366	1566
OJP	2769.0	2529.0	484	1
2585	2550	2798	2531	2942	2552	2752	2486
SKS	2001.0	1559.0	257	1
1926	1480	2106	1761	1940	1484	2034	1512
IIS	1152.0	1769.0	479	1
1170	1708	1131	1699	1190	1813	1120	1856
GHL	928.0	2172.0	403	1
1041	2365	878	2353	797	2064	999	1908
JNN	1219.0	1068.0	321	1
1213	850	1205	1134	1282	998	1178	1292
