WHI	1733.0	1672.0	285	1
1470	1834	1791	1821	1843	1532	1828	1502
OIE	745.0	1442.0	284	1
972	1363	607	1345	923	1437	480	1626
HFF	2208.0	2158.0	237	1
2326	2093	2024	2256	2480	1949	2005	2337
SLC	2432.0	1460.0	281	1
2549	1318	2254	1465	2290	1563	2636	1497
CJR	1324.0	2477.0	453	1
1239	2352	1160	2235	1668	2716	1230	2605
HXM	1419.0	1060.0	375	1
1531	1166	1389	1166	1210	1045	1548	863
IFL	2933.0	980.0	435	1
2880	908	2715	884	3045	891	3094	1240
XNQ	2374.0	521.0	352	1
2633	570	2119	298	2401	521	2343	698
DJF	2540.0	3035.0	496	1
2662	2989	2805	3133	2294	2847	2399	3174
KBZ	478.0	2818.0	239	1
374	2887	711	2902	444	2889	384	2597
MAF	1830.0	993.0	482	1
1749	628	1885	1059	1639	1139	2047	1148
UDP	2858.0	2104.0	381	1
2948	1914	2565	2237	2904	1956	3015	2312
QWJ	489.0	692.0	322	1
455	936	239	558	557	911	705	365
QNG	754.0	2121.0	297	1
713	2124	787	2197	838	1948	678	2218
IBM	531.0	1207.0	476	1
620	1261	635	1068	514	1239	358	1261
YEO	1302.0	1881.0	313	1
1447	2089	1118	2024	1458	1761	1185	1650
FMC	2978.0	642.0	336	1
2940	794	2869	495	3147	751	2956	529
VGX	2020.0	1668.0	200	1
2037	1640	2011	1903	2039	1687	1996	1444
AWC	1312.0	719.0	277	1
1313	772	1137	812	1570	665	1229	627
JUP	2542.0	2699.0	349	1
2366	2616	2405	2649	2601	2834	2799	2700
VBF	1940.0	2760.0	474	1
1798	2597	1791	3186	2037	2612	2137	2646
QAY	700.0	2286.0	441	1
464	2426	818	2227	713	2263	808	2230
CCI	2261.0	1061.0	463	1
2275	1276	2264	1019	2200	970	2307	980
CBL	2107.0	2428.0	222	1
1872	2418	2007	2428	2286	2362	2264	2506
VBG	2774.0	1553.0	264	1
2757	1311	2724	1845	2789	1355	2827	1701
IQE	2377.0	1184.0	259	1
2409	1206	2378	1162	2415	1201	2307	1170
CLX	2537.0	1133.0	347	1
2588	1232	2573	1249	2475	1177	2514	876
LYE	1038.0	2881.0	371	1
1117	2875	889	2645	1074	2947	1075	3058
WSL	1365.0	1378.0	402	1
1432	1175	1363	1270	1320	1642	1347	1425
TBL	2897.0	304.0	453	1
2983	193	2827	234	2914	441	2867	348
QLE	617.0	1764.0	482	1
843	1809	493	1721	573	1843	560	1684
DJE	1617.0	299.0	253	1
1572	384	1676	270	1769	320	1453	224
JCW	929.0	1130.0	201	1
929	1232	868	1112	902	925	1020	1254
CMH	2970.0	2650.0	325	1
2958	2470	2852	2620	3030	2789	3040	2724
SGH	2146.0	1691.0	347	1
2141	1686	2132	1392	2173	1856	2138	1831
JID	1128.0	1059.0	234	1
1127	982	1146	1303	1177	1077	1064	875
CPJ	2946.0	1538.0	229	1
3039	1450	2955	1751	2843	1534	2950	1418
QMG	1061.0	394.0	493	1
1209	436	910	298	1161	281	966	564
KWR	1667.0	1335.0	497	1
1886	1365	1904	1323	1448	1408	1432	1244
HLI	483.0	2024.0	461	1
437	2033	645	2014	348	2072	502	1980
PLP	2479.0	2425.0	288	1
2495	2419	2370	2456	2538	2437	2515	2389
RNC	802.0	578.0	378	1
796	703	807	573	806	525	799	514
QMK	244.0	2259.0	419	1
294	2245	226	2429	166	2006	290	2356
LBB	1006.0	1857.0	489	1
963	1760	1111	1950	995	1784	956	1934
CWL	1066.0	2512.0	266	1
1098	2417	910	2643	1124	2459	1134	2531
ROP	1325.0	2801.0	241	1
1318	2750	1232	2915	1472	2725	1281	2816
JHV	1622.0	194.0	310	1
1471	187	1652	218	1695	213	1670	158
JGH	1629.0	2151.0	284	1
1723	2116	1635	2184	1464	2071	1697	2235
GVS	2575.0	1741.0	303	1
2532	1814	2710	1759	2640	1707	2418	1685
IJD	912.0	2220.0	477	1
849	2387	948	2277	851	2032	1001	2186
