VAY	1975.0	420.0	487	1
1889	439	1904	611	2074	241	2035	390
DEC	1044.0	1635.0	312	1
1052	1521	986	1585	1163	1512	978	1923
JFE	756.0	1450.0	427	1
762	1308	799	1606	745	1613	718	1274
VJS	2539.0	1274.0	294	1
2710	1529	2280	1110	2571	1256	2596	1203
ZIZ	2175.0	2952.0	465	1
2354	3126	2004	2765	2058	2743	2287	3174
ORM	1652.0	1769.0	438	1
1465	1933	1855	1728	1644	1924	1647	1491
UBR	1294.0	1052.0	464	1
1379	1161	1431	1170	1011	1029	1358	848
NGD	1967.0	2150.0	422	1
1778	2100	2262	2290	1869	2245	1961	1968
AVO	2620.0	858.0	201	1
2700	955	2555	803	2881	935	2345	739
NHT	1612.0	2208.0	393	1
1591	2110	1531	2469	1696	2068	1631	2188
MKK	457.0	807.0	241	1
682	806	236	813	358	888	554	721
OTD	1104.0	2372.0	427	1
1243	2515	1303	2142	1109	2268	761	2563
AKY	1072.0	1415.0	392	1
984	1417	1190	1466	1137	1475	980	1305
VJR	1461.0	553.0	378	1
1300	462	1795	554	1379	539	1372	660
BHA	317.0	2257.0	366	1
192	2500	356	2116	231	2289	491	2125
EON	2788.0	273.0	420	1
2739	268	2669	264	2660	248	3086	313
YQW	509.0	1550.0	218	1
430	1489	614	1435	709	1764	284	1515
URG	2846.0	2869.0	385	1
3111	2711	2605	2779	3021	3078	2649	2911
JAT	1825.0	2789.0	474	1
1925	2621	1695	3060	1749	2908	1931	2567
JNF	746.0	283.0	403	1
672	399	834	209	775	369	705	158
DTC	2471.0	462.0	265	1
2739	643	2347	459	2491	399	2309	347
TYG	2472.0	2412.0	345	1
2419	2278	2638	2638	2341	2235	2492	2497
RNK	1874.0	996.0	322	1
1957	1081	2082	729	1630	1050	1828	1126
UZB	788.0	1052.0	402	1
799	975	972	1149	595	1041	789	1046
JBT	1266.0	2941.0	417	1
1086	2857	1193	2907	1470	3083	1315	2917
IWH	2194.0	1769.0	338	1
1970	1738	1953	1871	2372	1766	2481	1702
RLG	2652.0	1777.0	494	1
2536	1803	2508	1890	2915	1637	2651	1779
RBG	1494.0	2679.0	392	1
1557	2802	1408	2576	1480	2673	1532	2666
XPC	606.0	2262.0	283	1
748	2385	631	2229	550	2183	497	2253
ZJO	955.0	249.0	419	1
961	407	905	146	1066	244	891	202
IMD	813.0	2014.0	361	1
809	2003	825	2139	916	1903	705	2013
BRN	2999.0	645.0	295	1
2928	796	3097	591	2925	606	3048	587
MJZ	2929.0	1281.0	447	1
3047	1264	2998	1319	2789	1186	2883	1356
QHW	415.0	2746.0	322	1
404	2971	351	2722	203	2613	704	2680
BTX	2572.0	2080.0	346	1
2286	1973	2828	2166	2592	2228	2583	1954
ENP	2840.0	2485.0	342	1
2812	2345	3169	2708	2702	2439	2677	2450
NUI	2087.0	1463.0	415	1
1977	1608	2091	1607	2226	1168	2055	1471
BZH	1316.0	1636.0	467	1
1364	1824	1293	1649	1381	1459	1227	1612
XOK	1271.0	2059.0	398	1
1264	2115	1287	2006	1095	1996	1438	2120
RZH	2880.0	1058.0	472	1
2999	1018	2814	1004	2854	1032	2853	1180
IVT	580.0	499.0	475	1
481	587	647	603	593	393	602	416
FEE	464.0	1186.0	498	1
478	1242	531	1055	299	1312	549	1136
UIX	871.0	736.0	250	1
1002	943	713	587	903	650	869	767
EJO	1706.0	1237.0	434	1
1757	1126	1604	1427	1776	1179	1687	1217
EYU	1289.0	405.0	376	1
1534	394	1138	359	1414	447	1071	420
OTU	1142.0	2723.0	276	1
1278	2750	1305	2675	852	2626	1136	2842
EOG	2187.0	1003.0	232	1
2110	1130	2192	1013	2243	762	2204	1108
AQT	2213.0	490.0	393	1
2155	418	2293	368	2216	430	2188	747
QRE	3062.0	2136.0	468	1
3135	2285	2997	1943	2995	2260	3123	2056
KMX	2067.0	2588.0	386	1
2033	2706	2045	2654	2238	2437	1952	2556
