UAU	1622.0	1435.0	232	1
1673	1687	1812	1291	1607	1301	1396	1464
YGE	1648.0	962.0	232	1
1711	801	1771	957	1467	879	1644	1211
EWN	2723.0	1741.0	124	1
2644	1905	2579	1524	2788	1555	2881	1981
QLY	1122.0	2478.0	55	1
1106	2479	1223	2613	1102	2240	1058	2581
WJW	2944.0	2339.0	111	1
2745	2379	3140	2435	3087	2059	2804	2483
KOZ	2603.0	2871.0	275	1
2636	2604	2626	2902	2607	2945	2544	3033
JAM	1882.0	1956.0	107	1
1606	1746	1692	2071	2141	1927	2090	2083
RSR	1078.0	1549.0	57	1
1030	1693	983	1757	1099	1332	1202	1416
WJJ	2522.0	1314.0	59	1
2356	1388	2738	1321	2349	1073	2647	1474
SHO	1143.0	430.0	142	1
1248	469	887	427	1180	290	1257	537
FHV	2028.0	2657.0	254	1
2225	2632	1863	2593	2217	2485	1807	2919
VUT	450.0	1176.0	43	1
351	1311	513	1117	277	1306	662	972
HVD	1186.0	1125.0	274	1
1261	973	1135	1303	1273	1035	1075	1192
RJF	513.0	2748.0	24	1
834	2761	267	2956	459	2751	492	2524
KDE	519.0	2177.0	165	1
392	1992	294	2175	672	2379	720	2165
GRT	1164.0	2060.0	82	1
1137	1807	1073	2189	1048	2101	1398	2143
RRY	2633.0	484.0	210	1
2440	597	2706	583	2580	450	2808	306
XLT	795.0	1374.0	235	1
941	1195	792	1393	701	1623	747	1287
GMM	558.0	1662.0	216	1
446	1633	647	1722	676	1566	463	1728
LJW	1926.0	563.0	100	1
2083	348	1715	546	1932	776	1977	584
GFE	1721.0	2432.0	189	1
1804	2661	1800	2421	1515	2300	1766	2348
MEX	1250.0	2958.0	148	1
1291	2848	1410	2958	1002	3010	1299	3018
KMA	2020.0	1404.0	68	1
2101	1289	2070	1684	1876	1357	2033	1288
TQC	1906.0	2311.0	5	1
1876	2421	1833	2247	1808	2104	2109	2472
NPM	800.0	799.0	57	1
725	723	796	639	900	812	780	1023
WMJ	595.0	462.0	1	1
516	402	766	627	430	361	670	459
WJH	2441.0	1961.0	160	1
2570	1782	2218	2243	2521	1744	2456	2077
DTD	1983.0	1069.0	127	1
1930	1041	2174	1143	1913	1178	1915	914
USU	2370.0	2843.0	266	1
2240	2847	2402	2917	2366	2969	2475	2642
RGP	2368.0	808.0	157	1
2331	861	2298	658	2688	844	2158	870
MFP	381.0	826.0	133	1
261	743	400	932	520	904	346	727
IXA	962.0	2257.0	231	1
991	2098	989	2432	1002	2060	869	2440
SOJ	1601.0	395.0	168	1
1466	361	1557	568	1682	257	1702	396
ZGQ	2814.0	2720.0	25	1
2723	2784	2813	2669	3018	2610	2705	2819
CGW	2965.0	687.0	33	1
3088	628	2864	821	2814	606	3096	695
HJL	2914.0	1345.0	91	1
2989	1514	2945	1419	2980	1378	2742	1070
LFM	208.0	1477.0	23	1
173	1642	191	1547	293	1336	178	1383
GII	1379.0	782.0	218	1
1312	633	1431	709	1404	620	1371	1167
KEP	2303.0	2383.0	197	1
2378	2467	2265	2302	2216	2479	2356	2284
VWQ	2446.0	1620.0	284	1
2470	1716	2485	1530	2434	1707	2398	1528
PFI	963.0	1860.0	111	1
1023	1918	1048	1794	821	1823	963	1905
ZCE	532.0	3035.0	151	1
342	2989	650	3144	360	3010	777	2997
SQG	1304.0	2639.0	142	1
1286	2663	1304	2427	1388	2820	1240	2647
ROJ	1556.0	2949.0	129	1
1703	2927	1459	3116	1458	3039	1607	2716
IAX	2273.0	425.0	116	1
2304	179	2270	416	2237	484	2282	623
NBG	1151.0	783.0	188	1
1059	767	1200	853	1081	726	1265	786
UQV	2277.0	1550.0	235	1
2257	1694	2277	1733	2291	1447	2286	1326
ETN	2238.0	1108.0	9	1
2189	1037	2258	1284	2196	1089	2309	1022
PVB	2790.0	1001.0	122	1
3034	1061	2706	977	2757	1026	2663	943
JOP	2840.0	3005.0	48	1
2811	2937	2953	2907	2935	3062	2662	3115
