GES	938.0	2505.0	467	1
1326	2465	795	2325	829	2459	805	2772
BFZ	1005.0	2062.0	359	1
1169	2039	912	1868	1006	2265	936	2078
MBI	2490.0	1403.0	364	1
2435	1445	2285	1361	2549	1285	2693	1524
YEB	1756.0	2133.0	459	1
1826	1941	1412	2106	1869	1995	1920	2490
UAJ	2511.0	1088.0	259	1
2413	1166	2413	827	2580	1239	2638	1123
PKD	2630.0	2549.0	485	1
2664	2433	2553	2700	2758	2561	2545	2504
PXV	794.0	967.0	394	1
732	995	807	791	673	1030	964	1055
XWY	880.0	1298.0	377	1
1102	1333	684	1465	664	1118	1070	1276
BOF	1523.0	990.0	346	1
1673	1111	1373	831	1371	1134	1675	887
KXK	2524.0	1864.0	262	1
2585	1987	2508	1970	2483	1897	2523	1604
DWK	2584.0	483.0	450	1
2582	589	2424	640	2806	417	2526	289
OQS	1653.0	1496.0	492	1
1765	1556	1489	1569	1735	1583	1626	1277
NGT	2195.0	3115.0	317	1
2110	3158	2032	3071	2512	3120	2129	3112
QRM	1332.0	1514.0	353	1
1420	1305	1328	1605	1370	1443	1212	1705
YPZ	671.0	2116.0	332	1
732	2309	620	2209	619	2030	716	1916
OZT	1947.0	1707.0	206	1
2116	1856	1769	1641	1836	1925	2068	1408
VAH	2242.0	710.0	390	1
2048	901	2331	841	2306	356	2286	744
AMB	483.0	770.0	248	1
583	1062	570	814	502	555	279	649
JWD	1254.0	506.0	308	1
1345	328	1006	615	1339	620	1327	461
UPH	2162.0	2699.0	254	1
2039	2529	2018	2919	2276	2762	2316	2589
MRD	1570.0	2635.0	456	1
1409	2920	1690	2502	1652	2552	1532	2568
FTL	1570.0	490.0	279	1
1559	358	1370	360	1546	577	1807	665
IWV	938.0	1697.0	305	1
1184	1755	973	1780	705	1774	891	1481
PRG	1826.0	907.0	382	1
1819	1093	1762	1088	1989	782	1737	668
RTU	378.0	1472.0	222	1
440	1377	501	1543	328	1678	246	1293
GXC	2993.0	2176.0	387	1
3163	2377	2895	2368	2799	2087	3116	1874
BSG	337.0	2458.0	254	1
240	2512	154	2439	232	2381	722	2502
FGP	2546.0	2928.0	266	1
2498	2870	2465	2950	2397	2996	2824	2897
MNC	2919.0	1541.0	459	1
2843	1631	3069	1448	2989	1552	2776	1536
EZJ	536.0	1954.0	304	1
594	1896	412	2008	564	2115	576	1798
OLR	2347.0	2195.0	318	1
2125	2044	2377	2137	2398	2385	2489	2215
HZP	728.0	565.0	377	1
685	429	826	568	625	573	778	690
MHQ	947.0	513.0	462	1
977	404	922	343	926	665	965	643
VFS	1762.0	1216.0	240	1
1928	1155	1748	1242	1525	1236	1849	1231
DWG	2218.0	1949.0	457	1
2269	1916	2265	1943	2156	1908	2183	2030
OUR	2132.0	1086.0	393	1
2013	1173	2271	1037	2045	1066	2200	1071
AXW	2678.0	2169.0	245	1
2562	2261	2713	2143	2683	2012	2754	2263
HTC	1905.0	2840.0	291	1
1826	3106	1895	2967	1915	2597	1984	2693
XIJ	2876.0	478.0	275	1
2870	562	2824	423	2980	307	2833	622
KQP	2297.0	1784.0	399	1
2143	1640	2219	1831	2365	1886	2461	1779
LSS	694.0	2928.0	358	1
760	3159	700	3035	724	2848	593	2672
NXA	1337.0	1832.0	479	1
1245	1835	1375	1863	1289	1748	1439	1885
JOJ	1044.0	2945.0	414	1
1264	2985	859	2931	1131	2892	924	2975
DNS	2849.0	1737.0	388	1
2995	1742	2610	1696	3041	1766	2751	1747
KKX	2931.0	865.0	278	1
3132	717	2873	919	2912	1166	2810	661
RVY	1238.0	894.0	276	1
1348	893	1025	827	1329	994	1252	865
UHG	306.0	2743.0	258	1
194	2599	543	2868	200	2878	288	2628
MIA	2889.0	2569.0	389	1
3013	2694	2842	2557	2890	2397	2812	2631
RVV	193.0	690.0	475	1
166	669	245	923	169	592	193	577
XNG	1325.0	2030.0	403	1
1241	1905	1315	1979	1344	2281	1402	1957
