VFO	513.0	593.0	289	1
484	437	815	592	284	589	469	756
ZAC	1666.0	1539.0	248	1
1465	1432	1854	1718	1663	1623	1683	1385
UUP	2427.0	3047.0	254	1
2480	3097	2203	3101	2312	2842	2714	3148
QHQ	2273.0	452.0	260	1
2186	472	2445	398	2122	701	2342	240
RRX	2637.0	473.0	59	1
2479	293	2692	588	2741	566	2637	447
EQB	2414.0	1675.0	97	1
2367	1892	2449	1692	2214	1580	2626	1537
JSY	1633.0	2033.0	123	1
1399	2078	1369	1970	1937	2091	1828	1996
JCA	2425.0	2252.0	292	1
2304	2285	2389	2224	2559	2494	2451	2006
ESW	1378.0	599.0	68	1
1554	831	1414	631	1016	410	1529	525
QPJ	450.0	1122.0	216	1
514	1001	304	1230	625	1154	360	1105
ZHT	1475.0	2854.0	165	1
1702	2917	1602	2918	1277	2796	1321	2788
WFP	1538.0	2399.0	37	1
1351	2326	1729	2708	1426	2297	1648	2265
NQQ	1532.0	1267.0	160	1
1606	1226	1517	1171	1743	1318	1263	1353
BHO	1805.0	2404.0	75	1
1883	2745	1757	2342	1746	2252	1836	2280
UMK	2906.0	2242.0	226	1
2983	2294	3093	2423	2647	2377	2902	1876
PVM	711.0	2014.0	79	1
738	1839	858	2128	752	1895	496	2196
IWU	2111.0	930.0	147	1
1919	903	1935	892	2413	1102	2180	824
FUB	3026.0	1573.0	14	1
3103	1498	3061	1705	2873	1523	3068	1566
MFZ	816.0	1376.0	128	1
770	1464	724	1520	694	1456	1079	1064
LXB	1675.0	749.0	13	1
1598	898	1570	814	1833	713	1702	574
XCJ	446.0	2581.0	292	1
416	2622	389	2584	460	2815	519	2305
VDV	2784.0	1189.0	256	1
2821	1062	2802	1145	2675	1320	2840	1232
YGB	2354.0	1222.0	243	1
2183	1403	2209	1105	2529	1112	2497	1268
UIA	1116.0	2490.0	175	1
1161	2424	876	2659	1273	2379	1155	2501
FEA	2203.0	2184.0	230	1
2111	2309	2192	2074	2284	2073	2225	2280
JOX	1001.0	1962.0	172	1
866	1964	874	1902	1099	2099	1165	1886
LGF	2197.0	2753.0	166	1
2432	2816	2164	2671	2297	2815	1896	2710
UHF	516.0	1537.0	80	1
637	1600	397	1394	541	1325	489	1830
CYL	1109.0	2802.0	116	1
1095	2696	856	2801	1210	2745	1277	2966
GUQ	243.0	1764.0	13	1
128	1621	227	2048	324	1527	296	1862
EYP	699.0	2904.0	8	1
734	2809	651	3009	729	2924	682	2877
QAF	2868.0	2795.0	216	1
2736	2870	2884	2631	2803	2700	3049	2982
QRA	1831.0	389.0	13	1
1961	485	1758	447	1837	347	1770	277
ACE	1267.0	1670.0	255	1
1281	1558	1293	1643	1083	1737	1414	1744
MHC	568.0	188.0	274	1
706	291	478	155	442	118	649	188
UPZ	1938.0	2395.0	293	1
1894	2245	2000	2470	1937	2569	1923	2297
VAF	2366.0	2572.0	298	1
2613	2609	2062	2579	2567	2563	2224	2537
ROS	2920.0	939.0	137	1
2947	945	2870	992	2879	806	2984	1013
WIU	2788.0	1555.0	102	1
2730	1460	2780	1360	2796	1810	2849	1592
BMT	1969.0	681.0	237	1
1948	706	2111	645	1943	600	1876	776
SHX	1202.0	947.0	3	1
1174	959	991	837	1440	1008	1204	986
OCB	2158.0	1515.0	80	1
2165	1493	2159	1604	2170	1741	2138	1222
EYD	1983.0	1308.0	88	1
1942	1297	2018	1254	2041	1267	1934	1417
YZP	2870.0	1208.0	299	1
2863	1410	2852	1024	2884	1269	2883	1131
SWX	2652.0	984.0	53	1
2635	1043	2540	896	2799	975	2635	1023
AWC	1381.0	1817.0	20	1
1373	1834	1513	1754	1232	1924	1406	1758
YTW	2724.0	679.0	74	1
2841	647	2628	741	2790	716	2637	612
FLR	2554.0	2720.0	91	1
2560	2783	2475	2667	2697	2759	2484	2672
IXU	996.0	2213.0	63	1
1086	2206	1155	2209	1071	2241	675	2197
JEH	2679.0	800.0	16	1
2619	880	2700	750	2709	744	2688	827
