PFI	1443.0	1313.0	1	1
1542	1623	1319	1123	1445	1119	1466	1389
BZU	417.0	2293.0	204	1
159	2053	670	2275	677	2543	164	2302
UCC	2813.0	1649.0	175	1
2892	1581	3004	1564	2749	1674	2607	1780
AFS	2475.0	1480.0	115	1
2431	1393	2594	1584	2377	1565	2499	1378
DEN	1452.0	455.0	223	1
1483	582	1530	536	1222	409	1573	294
ZNJ	2922.0	2080.0	178	1
2846	2066	3087	2055	2855	2024	2903	2177
CVA	2470.0	1017.0	86	1
2460	1119	2530	1162	2482	885	2409	903
ISC	764.0	854.0	288	1
549	1003	806	1013	905	837	798	564
RXM	2894.0	915.0	10	1
3029	834	2805	934	2862	1041	2883	853
UQM	2168.0	416.0	101	1
2355	604	2283	469	1941	450	2093	143
FWW	1072.0	2599.0	281	1
1052	2744	911	2758	1079	2591	1248	2303
ZTW	1492.0	2632.0	86	1
1473	2554	1677	2667	1380	2555	1439	2753
YEL	1898.0	698.0	116	1
1941	751	1897	566	1918	887	1836	588
VCG	877.0	1444.0	218	1
792	1619	915	1605	1087	1345	714	1207
ZXO	514.0	1874.0	76	1
458	1880	557	2003	660	1895	384	1719
VIM	2080.0	2506.0	119	1
2219	2563	2024	2735	2037	2421	2041	2307
IXJ	1923.0	1713.0	299	1
1702	1669	2078	1833	1928	1453	1985	1898
YJH	2289.0	2057.0	67	1
2350	1966	2270	2185	2410	2097	2127	1983
TJM	2675.0	392.0	53	1
2626	320	2983	387	2557	188	2537	675
KIU	874.0	1986.0	243	1
835	1695	825	2106	1045	2102	793	2044
FMQ	2767.0	2559.0	260	1
2895	2478	2704	2685	2842	2806	2629	2268
JIL	1694.0	2299.0	297	1
1886	2056	1885	2547	1350	2264	1657	2332
RMP	1753.0	1033.0	112	1
1613	1015	1582	1086	1864	1103	1954	930
DNM	1125.0	1024.0	271	1
1285	1069	921	1065	992	1102	1302	861
BYL	1507.0	2851.0	167	1
1624	2820	1412	2835	1684	2944	1311	2805
NNA	2173.0	1143.0	243	1
2054	1187	2334	1241	2074	869	2233	1275
HSJ	2234.0	1650.0	256	1
2289	1529	2308	1744	2137	1523	2203	1805
FFE	605.0	1272.0	128	1
544	1480	552	1384	634	1141	693	1085
KTV	1312.0	1813.0	184	1
1459	1777	1232	1836	1340	1761	1217	1880
JEZ	861.0	341.0	3	1
580	373	885	260	878	272	1103	461
AXP	2624.0	2010.0	248	1
2492	2012	2744	1997	2512	1880	2748	2154
NHR	687.0	2869.0	198	1
778	2811	531	3007	722	3065	719	2596
ZCG	2855.0	1333.0	156	1
2862	1218	2836	1387	2661	1332	3061	1395
KCS	370.0	826.0	220	1
431	709	373	1095	403	787	273	713
NUP	1155.0	2143.0	59	1
1090	2066	1084	2172	1155	2229	1293	2107
YIZ	995.0	2858.0	3	1
791	2762	816	2784	1086	3088	1289	2801
NUZ	1693.0	1300.0	267	1
1715	1186	1579	1348	1706	1353	1773	1315
KKU	1503.0	704.0	99	1
1437	628	1668	892	1386	695	1521	604
UDQ	1842.0	2741.0	208	1
1999	2756	1807	2863	1796	2701	1768	2645
MWM	2707.0	1038.0	173	1
2790	1141	2728	1141	2712	884	2599	989
OFH	2390.0	2897.0	147	1
2349	2822	2656	2960	2451	2907	2106	2900
ZRO	2347.0	2393.0	38	1
2240	2374	2358	2575	2391	2413	2401	2210
BLO	2360.0	2732.0	200	1
2394	2682	2399	2787	2305	2821	2342	2640
MAY	445.0	1464.0	250	1
321	1480	480	1281	460	1714	522	1383
BUE	2360.0	3007.0	202	1
2273	3028	2238	3011	2463	2980	2466	3010
WFO	1735.0	537.0	110	1
1737	438	1809	336	1709	634	1688	740
EMB	789.0	2273.0	51	1
775	2164	767	2157	838	2184	777	2587
QYC	2457.0	771.0	12	1
2581	776	2441	857	2414	714	2392	737
YBZ	1215.0	696.0	143	1
1093	750	1227	751	1327	594	1215	689
FSH	1979.0	1408.0	266	1
2068	1436	2128	1390	1709	1372	2014	1435
