AOX	810.0	1335.0	284	1
795	1401	719	1305	861	1255	866	1380
MYG	1697.0	1445.0	379	1
1732	1484	1822	1588	1871	1378	1364	1332
PGR	1951.0	694.0	215	1
1943	569	2182	855	1779	557	1902	796
QRE	2395.0	1555.0	221	1
2261	1488	2230	1780	2716	1421	2374	1532
ZZX	669.0	829.0	235	1
685	670	572	843	869	882	552	921
GVU	1224.0	447.0	280	1
1191	688	1234	439	1264	195	1210	466
WXH	634.0	2274.0	458	1
651	2517	759	2067	759	2115	367	2399
XYH	2479.0	430.0	480	1
2384	481	2304	561	2612	353	2617	325
NLO	1728.0	2749.0	477	1
1871	2659	1441	2762	1763	2688	1839	2890
EKW	2908.0	539.0	220	1
2674	310	3066	700	2983	611	2911	537
GXV	2476.0	1992.0	248	1
2755	2019	2653	1895	2270	2137	2226	1918
SQX	2013.0	1700.0	320	1
1907	1646	2002	1792	1975	1691	2169	1674
AOI	610.0	2824.0	254	1
548	2990	674	2614	600	2734	621	2959
RXZ	1139.0	2413.0	380	1
1114	2318	1040	2531	1356	2269	1048	2537
HBO	1597.0	1886.0	467	1
1739	1961	1703	2055	1421	1900	1526	1629
BIO	905.0	339.0	301	1
720	268	1047	184	1086	362	767	545
EDA	2839.0	775.0	318	1
2844	903	2628	741	2979	731	2908	728
SOV	1097.0	1367.0	414	1
1042	1555	1229	1160	886	1543	1232	1211
TES	1669.0	551.0	274	1
1739	510	1556	499	1656	593	1728	603
QIE	2866.0	1417.0	256	1
2775	1343	2776	1387	2974	1324	2941	1614
DMA	2570.0	2671.0	264	1
2489	2650	2495	2633	2476	2664	2820	2739
VFZ	1393.0	1048.0	302	1
1342	875	1239	989	1566	1256	1426	1074
UIJ	1032.0	3041.0	252	1
1123	3086	1132	3027	936	2987	940	3066
EVV	609.0	1104.0	358	1
604	1023	662	1172	725	1124	447	1097
SQV	2185.0	2842.0	343	1
2204	2924	2108	2555	2273	2938	2156	2952
TSZ	1916.0	2109.0	264	1
1877	1864	1920	2136	1782	2295	2086	2143
JMB	1934.0	1165.0	411	1
2242	1292	1757	1134	1759	1097	1979	1138
JYX	658.0	1786.0	393	1
761	1804	484	1680	962	1767	425	1894
DRH	655.0	1540.0	385	1
834	1556	821	1485	408	1604	559	1516
VGI	348.0	527.0	419	1
183	502	203	508	453	537	554	561
SES	1480.0	2257.0	343	1
1728	2115	1361	2123	1440	2413	1393	2378
IKT	2256.0	2265.0	322	1
2144	2221	2255	2154	2327	2314	2298	2374
JXV	1056.0	2736.0	329	1
859	2932	999	2608	1144	2764	1222	2641
LDW	2710.0	1088.0	415	1
2962	979	2639	1046	2657	1012	2584	1315
MIM	2297.0	952.0	409	1
2172	992	2205	873	2242	908	2569	1035
QNZ	1978.0	2825.0	499	1
1954	2776	2062	2552	1991	3045	1907	2927
PRL	1666.0	323.0	211	1
1895	310	1767	344	1539	260	1465	381
IGE	2827.0	2539.0	352	1
2833	2591	2992	2513	2696	2572	2790	2480
LGQ	2490.0	2960.0	412	1
2592	2945	2291	3039	2501	2913	2576	2944
AZP	1755.0	808.0	259	1
1768	819	1761	811	1724	858	1768	745
CVJ	352.0	1203.0	205	1
424	1299	412	1381	338	897	236	1237
ZQV	1131.0	2061.0	458	1
1337	2248	1133	1967	1038	2217	1019	1815
AVX	1865.0	965.0	414	1
1897	1013	1835	972	1954	1019	1774	859
FID	2691.0	2247.0	334	1
2511	2190	2575	2432	2947	2185	2733	2182
JOF	1634.0	938.0	220	1
1716	1058	1575	795	1607	882	1640	1019
RHB	3085.0	1940.0	498	1
3117	1941	3092	2029	3151	1744	2980	2047
XXG	1094.0	763.0	278	1
1155	1014	1147	777	1043	628	1033	633
OBX	899.0	2437.0	337	1
883	2380	864	2572	875	2429	976	2369
NBY	293.0	2335.0	373	1
330	2477	289	2098	329	2352	227	2416
IUK	2539.0	1289.0	257	1
2527	1315	2506	1045	2546	1400	2577	1396
