FLC	2012.0	1937.0	203	1
1931	2017	2036	1539	2000	2084	2083	2109
YMM	2473.0	1401.0	82	1
2344	1545	2636	1354	2395	1393	2519	1313
ACJ	1672.0	1552.0	196	1
1857	1698	1849	1678	1495	1488	1487	1346
MQW	526.0	564.0	280	1
469	519	294	500	713	468	630	769
BMR	496.0	1730.0	1	1
778	1851	372	1837	198	1488	636	1745
AMB	1806.0	1949.0	137	1
1829	1743	1722	2049	1867	1783	1809	2221
WCS	2638.0	773.0	204	1
2535	945	2579	718	2789	727	2651	702
JDA	1894.0	958.0	182	1
1800	672	1929	1023	1984	893	1866	1247
BZA	651.0	2228.0	264	1
642	2347	528	2185	662	2264	772	2118
BJT	2214.0	1021.0	92	1
2071	953	2514	811	1997	1156	2275	1166
LYJ	2519.0	2680.0	3	1
2806	2799	2368	2889	2518	2684	2385	2351
RZA	1332.0	551.0	12	1
1297	765	1525	225	1287	718	1222	497
RZH	1375.0	2628.0	22	1
1113	2398	1400	2552	1417	2761	1570	2802
QFE	2216.0	556.0	123	1
2032	521	2088	550	2465	506	2279	649
NSJ	2061.0	2742.0	75	1
2009	2864	2145	2724	1960	2575	2130	2805
SZM	1416.0	2244.0	269	1
1317	2331	1365	2198	1345	2175	1637	2275
NKW	614.0	2813.0	229	1
569	3047	566	2732	526	2767	798	2707
ZML	1550.0	916.0	104	1
1409	990	1748	966	1316	877	1727	831
PDJ	1212.0	1778.0	269	1
1399	1818	1210	1850	1080	1795	1160	1652
QZU	959.0	1259.0	76	1
778	1040	1106	1368	1045	1311	908	1319
YAN	2258.0	2478.0	232	1
2118	2420	2264	2561	2323	2515	2330	2417
BFL	537.0	1202.0	275	1
285	1307	552	1012	729	1023	584	1467
LUM	1422.0	2874.0	181	1
1204	2898	1492	2819	1502	2881	1492	2901
JXW	2906.0	2123.0	60	1
3029	2092	2835	2304	3134	2277	2629	1821
HRV	689.0	854.0	8	1
432	975	506	845	853	823	968	773
HDL	496.0	2525.0	201	1
676	2580	337	2418	506	2613	468	2491
XAC	994.0	1616.0	208	1
965	1511	1059	1899	1048	1496	907	1559
YLN	3070.0	1269.0	54	1
2985	1173	3063	1385	3178	1494	3057	1027
HTH	2402.0	1919.0	22	1
2495	2028	2429	1697	2164	1756	2523	2196
SQX	2768.0	1281.0	116	1
2838	1482	2684	1286	2864	1288	2689	1070
XQT	2929.0	1771.0	72	1
2610	1724	3116	1786	3073	1783	2919	1792
WAT	1022.0	436.0	216	1
828	328	1201	380	959	555	1103	483
SQL	1763.0	498.0	189	1
1814	376	1593	298	1869	672	1777	647
KJG	1692.0	2503.0	296	1
1812	2821	1651	2471	1603	2357	1705	2365
POM	358.0	2966.0	209	1
185	3003	470	2892	313	2974	465	2997
XEW	2788.0	581.0	245	1
2876	563	2894	532	2711	541	2674	689
DZY	1317.0	2003.0	288	1
1207	1882	1172	2104	1523	2171	1366	1858
MSA	2555.0	3074.0	207	1
2545	3174	2659	2964	2609	3073	2410	3088
PGU	1074.0	2078.0	140	1
1080	2092	910	1932	1157	2169	1149	2121
FRF	3078.0	711.0	108	1
3095	829	3019	664	3135	748	3063	603
PBJ	2240.0	1520.0	90	1
2208	1280	2302	1587	2259	1673	2194	1542
QHK	2066.0	277.0	296	1
2239	308	2047	259	2038	317	1942	227
NOZ	1060.0	2271.0	175	1
1110	2183	1135	2342	914	2224	1082	2335
UCU	2536.0	389.0	187	1
2621	271	2534	601	2498	231	2494	454
ZUU	1198.0	1447.0	289	1
1120	1400	1101	1388	1425	1522	1149	1480
LHT	1550.0	1214.0	173	1
1722	1003	1555	1313	1597	1261	1328	1282
WLE	1639.0	2983.0	270	1
1738	2965	1548	2936	1838	3000	1432	3032
WPQ	2386.0	2253.0	293	1
2461	2344	2216	2225	2433	2222	2435	2221
KDA	401.0	2202.0	248	1
426	2323	392	2088	389	2047	400	2352
DOH	669.0	2039.0	208	1
452	2019	667	2020	767	2036	792	2083
