JIH	1085.0	1656.0	267	1
1064	1494	1243	1614	823	1836	1210	1683
KOK	2135.0	2350.0	64	1
2012	2585	2127	2263	2246	2362	2156	2192
FYO	454.0	2010.0	12	1
487	1804	543	2061	296	2230	490	1947
XJG	1684.0	1047.0	163	1
1449	1137	1621	759	1874	1261	1793	1032
FAZ	2484.0	835.0	153	1
2308	856	2498	637	2518	791	2613	1058
QTM	2337.0	1478.0	270	1
2168	1530	2314	1356	2170	1527	2699	1501
GGY	1355.0	2141.0	1	1
1484	2097	1556	2190	1216	2181	1165	2099
HKY	1563.0	1562.0	271	1
1567	1425	1612	1748	1553	1480	1522	1595
NWB	2109.0	1944.0	88	1
2230	2017	1840	2110	2122	1877	2245	1775
OTH	480.0	358.0	191	1
398	492	401	176	560	371	564	393
CYG	420.0	2911.0	138	1
556	3136	412	2965	339	2583	374	2960
FTL	1211.0	920.0	144	1
1268	563	1234	1070	1129	986	1215	1061
OEL	327.0	2342.0	153	1
196	2284	486	2471	424	2313	205	2301
RWG	965.0	985.0	117	1
1077	925	1049	912	911	1188	824	915
GSR	1008.0	2020.0	194	1
853	1976	969	1912	1100	2193	1113	2002
OAH	2125.0	2830.0	206	1
2251	2978	2021	2585	2055	2830	2173	2928
VOM	1879.0	1591.0	146	1
1675	1553	1853	1668	2006	1673	1982	1472
WPQ	2637.0	1993.0	3	1
2806	1792	2362	2055	2625	1944	2755	2182
UXC	1790.0	2748.0	243	1
1552	2783	1869	2946	1843	2745	1898	2520
XOL	855.0	713.0	243	1
573	820	981	861	843	595	1023	577
XKR	745.0	1989.0	27	1
757	1924	735	2172	659	1870	829	1992
OMT	2108.0	467.0	29	1
2161	515	2143	309	2049	612	2080	433
CAJ	2399.0	2532.0	130	1
2316	2657	2358	2464	2540	2540	2383	2469
OJN	529.0	1550.0	188	1
387	1719	731	1288	501	1528	498	1665
IWR	994.0	373.0	189	1
960	484	1147	348	917	302	952	360
YHR	2665.0	1229.0	96	1
2886	1315	2757	1253	2457	1197	2561	1151
VBR	811.0	2944.0	178	1
788	2836	1003	2964	660	3005	795	2972
WOM	1860.0	525.0	256	1
1989	297	1887	439	1827	711	1739	655
NIB	1203.0	2831.0	258	1
1133	2851	1181	3008	1227	2860	1271	2605
UIE	2688.0	2822.0	256	1
2620	2991	2367	2865	2873	2702	2893	2731
UVI	648.0	2385.0	199	1
530	2536	595	2297	956	2355	514	2354
KIU	2980.0	493.0	276	1
2726	561	3034	596	3097	415	3063	402
HHD	2085.0	1006.0	120	1
2256	1185	2123	798	1996	726	1967	1317
WHO	1422.0	1442.0	63	1
1244	1580	1518	1396	1468	1314	1460	1478
NDG	1143.0	2352.0	196	1
1093	2247	1277	2354	1150	2328	1053	2482
KPU	2628.0	2543.0	109	1
2702	2599	2599	2422	2644	2591	2567	2561
SFN	2328.0	1669.0	208	1
2290	1672	2339	1739	2357	1574	2329	1691
SOD	474.0	1113.0	72	1
282	1003	388	1279	641	1009	587	1163
OGZ	1385.0	2550.0	222	1
1378	2736	1378	2476	1362	2556	1424	2433
ZMX	3119.0	1828.0	283	1
3171	1845	3116	1798	3170	1725	3021	1944
NAI	2822.0	844.0	23	1
2753	661	2644	1063	2820	813	3074	840
IEQ	1698.0	2296.0	55	1
1699	2429	1800	2274	1681	1983	1613	2500
BOL	2854.0	1531.0	127	1
3051	1461	2717	1556	2903	1509	2747	1598
MYS	1533.0	515.0	260	1
1538	708	1374	245	1676	498	1547	611
RJU	1470.0	1752.0	229	1
1466	1652	1415	1816	1493	1921	1506	1622
FVM	491.0	931.0	53	1
574	898	252	974	430	947	709	908
ABG	856.0	2643.0	71	1
841	2542	747	2684	1022	2656	817	2690
BBR	1459.0	1295.0	290	1
1501	1305	1555	1305	1557	1296	1224	1275
XAE	3063.0	2706.0	210	1
3117	2700	3094	2743	2992	2729	3049	2653
ALS	240.0	1679.0	95	1
182	1709	306	1770	273	1596	202	1641
