BPI	2896.0	1192.0	200	1
3163	1143	2765	1265	2854	1201	2804	1159
BOW	600.0	943.0	402	1
751	919	399	749	643	1001	610	1106
RCD	1553.0	1369.0	263	1
1560	1441	1485	1231	1398	1361	1771	1446
LBR	842.0	2113.0	293	1
1052	2251	771	2110	864	1942	683	2152
YOX	2309.0	735.0	357	1
2079	844	2400	693	2203	694	2554	709
ITC	1059.0	432.0	311	1
1036	488	1063	444	901	419	1238	378
DGU	1649.0	2716.0	235	1
1420	2622	1670	2712	1822	2792	1685	2740
WZV	2334.0	1885.0	253	1
2111	1699	2154	2033	2563	2120	2509	1690
CSB	1538.0	746.0	456	1
1670	606	1758	771	1342	711	1382	897
SNJ	595.0	1766.0	477	1
403	1662	642	1801	822	1708	514	1894
TXM	1141.0	1370.0	296	1
1271	1418	1283	1425	1058	1553	953	1087
KQR	2607.0	1326.0	452	1
2460	1297	2616	1280	2806	1318	2546	1409
ZAH	1784.0	2435.0	412	1
1807	2493	1511	2363	2045	2478	1776	2407
GXC	1032.0	763.0	412	1
1103	871	1149	801	931	678	945	705
IEM	593.0	2704.0	499	1
655	2609	387	2459	873	2817	459	2934
NAY	860.0	1218.0	466	1
804	1106	874	1511	849	1088	915	1167
YOC	2787.0	1710.0	248	1
2733	1892	2610	1561	2947	1874	2859	1515
EAH	202.0	2544.0	357	1
359	2791	148	2400	187	2305	117	2680
DZE	2314.0	2514.0	388	1
2492	2346	2252	2674	2396	2336	2116	2700
FEP	1658.0	2060.0	369	1
1433	1998	1858	1904	1435	2294	1908	2047
FPZ	504.0	1298.0	453	1
649	1390	463	1162	581	1205	323	1437
MBR	780.0	2336.0	470	1
766	2299	869	2421	720	2303	765	2323
TSV	1144.0	2297.0	458	1
1194	2459	1203	2287	1104	2219	1078	2226
UWU	2928.0	547.0	474	1
2757	301	2926	830	3003	344	3026	715
HEG	2012.0	1084.0	331	1
2247	1430	2033	902	1817	975	1953	1029
IDP	2756.0	2438.0	325	1
3064	2359	2767	2366	2675	2649	2520	2381
AAI	1349.0	266.0	337	1
1608	231	1429	285	1088	250	1271	299
CSF	1418.0	1051.0	445	1
1624	1083	1362	1051	1167	1037	1520	1036
UVN	1552.0	1679.0	411	1
1510	1656	1642	1893	1658	1503	1398	1666
PQB	2853.0	1996.0	204	1
2959	1910	2662	1993	2629	2182	3162	1899
KUC	279.0	693.0	315	1
269	683	366	699	302	821	182	570
KMG	2306.0	508.0	419	1
2275	613	2125	303	2359	643	2465	474
PZT	1144.0	2677.0	413	1
1379	2976	1027	2645	1188	2539	985	2551
DEA	2653.0	2840.0	376	1
2884	3122	2415	2730	2828	2726	2487	2782
FAO	602.0	569.0	240	1
717	577	406	519	611	659	674	522
RUD	1179.0	1847.0	459	1
1252	1981	1074	2049	1169	1702	1224	1657
OQP	1575.0	398.0	498	1
1752	458	1453	315	1508	463	1589	357
TPE	439.0	2216.0	465	1
543	2135	436	2242	205	2285	573	2203
UYY	398.0	2070.0	209	1
391	2056	430	2077	269	2034	503	2114
ONL	2085.0	2914.0	355	1
2195	2841	2215	2731	1908	3055	2023	3030
EVH	1924.0	1670.0	417	1
1895	1860	1851	1527	1927	1810	2023	1483
VMD	1620.0	3039.0	286	1
1628	3093	1444	3058	1635	2855	1774	3150
PUQ	2392.0	1582.0	455	1
2295	1654	2499	1500	2381	1619	2396	1555
QJY	2535.0	547.0	401	1
2534	533	2466	485	2488	656	2653	514
HTV	2457.0	1090.0	324	1
2334	896	2323	1144	2551	1259	2622	1062
DRR	1952.0	420.0	348	1
2101	366	1836	573	2071	449	1801	294
ZZB	2823.0	969.0	357	1
2979	870	2918	941	2664	1014	2731	1053
DVP	2197.0	2200.0	359	1
2184	2185	2139	2210	2231	2250	2235	2157
WSR	1925.0	701.0	383	1
1915	666	1965	879	1890	665	1930	597
RQG	299.0	1785.0	298	1
357	1726	370	1976	138	1821	332	1619
