QAX	1499.0	1851.0	201	1
1542	1910	1431	1747	1395	1648	1628	2100
SAH	1997.0	497.0	498	1
2079	340	2091	413	2023	758	1795	480
LFS	862.0	509.0	315	1
1094	766	1075	240	516	719	765	312
JJU	2006.0	1200.0	391	1
1962	1315	2125	1347	2024	1236	1916	902
IFE	2438.0	962.0	445	1
2711	1020	2390	901	2290	725	2364	1204
VQC	1587.0	2614.0	370	1
1612	2348	1838	2653	1276	2783	1623	2675
DKR	2734.0	2341.0	488	1
2942	2501	2816	2006	2672	2361	2507	2497
RRB	2295.0	1821.0	440	1
2505	1907	1993	1663	2496	1775	2186	1940
BDM	1159.0	1427.0	433	1
1523	1256	1046	1555	1071	1382	996	1517
ZOU	489.0	1620.0	253	1
601	1550	785	1621	334	1778	237	1531
JDE	695.0	2210.0	247	1
1012	2461	642	1999	645	1947	483	2436
DGO	725.0	2799.0	350	1
997	2673	670	3148	687	2786	547	2590
OUZ	2646.0	1627.0	414	1
2509	1655	2864	1566	2700	1768	2511	1521
PVB	1344.0	663.0	237	1
1263	477	1517	771	1367	726	1231	679
KGU	2130.0	2449.0	354	1
2422	2655	1955	2619	2087	2299	2056	2225
KWF	758.0	1078.0	213	1
546	924	752	1007	823	1476	913	906
HTV	1203.0	2890.0	303	1
1186	3137	1218	2626	1184	2872	1227	2928
KEX	1974.0	1480.0	262	1
1826	1430	1792	1535	1995	1385	2284	1572
VRY	2714.0	2891.0	389	1
2476	2725	2809	3044	2819	2805	2752	2991
VNX	2835.0	928.0	357	1
2870	596	2785	1056	2972	945	2716	1115
MBT	2285.0	431.0	337	1
2202	407	2250	676	2253	371	2436	270
FZZ	1369.0	1017.0	293	1
1351	1146	1420	813	1348	1103	1360	1008
AKK	988.0	913.0	381	1
940	790	1040	1062	1036	827	936	975
KEE	1776.0	2140.0	400	1
1708	2312	1651	1864	1849	2090	1899	2297
DQP	1156.0	1840.0	346	1
1361	1721	1256	1854	953	1884	1054	1903
PEQ	2597.0	1401.0	347	1
2713	1505	2424	1271	2713	1339	2540	1492
YUK	2251.0	2085.0	436	1
2019	1975	2225	2020	2387	2214	2376	2131
JVQ	1187.0	2149.0	415	1
1083	2089	1365	2124	1057	2302	1246	2082
OIW	1604.0	3003.0	375	1
1760	3106	1443	2871	1649	3041	1565	2997
BSO	1743.0	1205.0	257	1
1763	1336	1819	1110	1574	1017	1817	1358
OGE	1321.0	1190.0	247	1
1458	1248	1390	1154	1216	1175	1223	1184
RFV	434.0	1090.0	391	1
443	1384	529	998	236	988	528	991
XTY	3080.0	489.0	478	1
3083	651	3187	500	3032	252	3020	553
FCI	1597.0	1486.0	460	1
1526	1452	1574	1370	1643	1612	1645	1510
TKH	1135.0	2449.0	232	1
1103	2309	1245	2574	1160	2383	1032	2531
XGB	422.0	2349.0	382	1
473	2485	323	2450	435	2304	458	2158
SGY	2761.0	1893.0	481	1
2897	1936	2815	1840	2560	1878	2774	1919
MFW	377.0	2705.0	398	1
519	2539	423	2945	337	2688	231	2651
NTY	2610.0	452.0	460	1
2674	358	2537	522	2680	642	2550	289
FLA	1208.0	1586.0	249	1
1388	1579	1405	1576	1034	1580	1006	1612
UVH	399.0	528.0	386	1
320	351	466	558	493	673	318	532
XIZ	1581.0	440.0	328	1
1579	485	1578	380	1530	219	1639	679
QEH	2746.0	1274.0	245	1
2746	1252	2713	1181	2724	1187	2803	1479
TXP	2182.0	2747.0	402	1
2087	2772	2467	2679	2025	2815	2151	2723
XHD	610.0	816.0	448	1
744	805	471	857	718	792	508	813
FPV	2125.0	2903.0	419	1
1878	2884	2283	2887	2094	2862	2246	2982
GYQ	2587.0	2595.0	461	1
2598	2664	2447	2544	2654	2582	2649	2592
IDD	1831.0	925.0	313	1
1877	989	1856	918	1753	968	1840	828
MSV	1847.0	1740.0	283	1
1651	1745	1962	1795	1924	1703	1851	1717
RWI	1743.0	647.0	346	1
1765	704	1695	791	1776	645	1737	451
