PTH	2899.0	1255.0	490	1
3121	1360	2996	1029	2865	1463	2616	1169
FOF	1685.0	750.0	211	1
1538	853	1638	690	1657	466	1907	994
QRW	665.0	2692.0	373	1
645	2708	601	2911	875	2602	541	2547
ZGU	1393.0	2116.0	370	1
1354	2194	1560	2171	1511	2046	1149	2055
JZN	2038.0	2294.0	300	1
2190	2196	1994	2260	2080	2500	1889	2220
RQY	802.0	1048.0	399	1
644	1164	969	768	845	1243	752	1018
UIW	2117.0	615.0	473	1
1916	532	2235	321	2007	767	2310	840
ECB	1270.0	665.0	442	1
1341	476	1279	823	1182	964	1281	400
HGI	1677.0	2136.0	301	1
1708	1856	1757	2213	1576	2305	1670	2172
VRG	1929.0	1698.0	457	1
1867	1728	1829	1640	2079	1775	1943	1652
XNM	2865.0	2724.0	481	1
3094	2566	2772	2902	2578	2656	3016	2773
GVK	2179.0	2711.0	216	1
2023	2653	2094	2749	2086	2595	2514	2850
PEN	1160.0	1626.0	443	1
845	1670	1281	1588	1402	1743	1114	1503
NWN	1612.0	2686.0	241	1
1790	2869	1698	2703	1372	2827	1591	2346
IBL	1677.0	1393.0	410	1
1716	1299	1586	1325	1824	1398	1584	1553
IBO	553.0	958.0	328	1
585	1109	518	683	636	1117	474	926
THZ	2676.0	2083.0	467	1
2507	2243	2735	1751	2925	2120	2538	2218
BQW	1112.0	2649.0	464	1
958	2834	1116	2358	1306	2496	1069	2909
YAH	2460.0	1604.0	498	1
2461	1692	2231	1628	2671	1524	2480	1574
NVE	2873.0	715.0	388	1
2842	851	2963	651	2640	538	3047	820
JES	2385.0	459.0	255	1
2475	354	2371	449	2315	731	2380	302
BPV	431.0	1781.0	311	1
491	1801	252	1606	610	1939	374	1780
PEG	830.0	2129.0	208	1
750	2076	766	2043	1117	2329	690	2068
RRO	2457.0	2500.0	366	1
2239	2477	2497	2515	2581	2449	2513	2559
AFW	2715.0	932.0	336	1
2673	937	2753	954	2671	979	2764	860
TSF	352.0	2504.0	273	1
468	2551	450	2512	240	2572	252	2383
PKB	2381.0	1175.0	449	1
2179	1012	2518	1372	2213	1006	2615	1312
ARQ	948.0	534.0	290	1
1019	485	971	475	934	667	870	511
WBE	1698.0	1158.0	301	1
1635	1264	1739	1143	1677	1076	1742	1149
ZIW	652.0	477.0	380	1
620	307	636	641	679	662	673	301
QXT	1376.0	1198.0	236	1
1544	1041	1373	1295	1309	1295	1278	1161
UGB	322.0	867.0	371	1
224	678	375	690	323	996	366	1107
ECB	2767.0	337.0	378	1
2994	434	2862	315	2614	298	2601	304
CSN	2248.0	1876.0	222	1
2357	1776	2195	1797	2304	1994	2138	1940
VQI	1134.0	1799.0	246	1
973	1787	1287	1752	1126	1818	1150	1840
MFO	318.0	2289.0	279	1
187	2310	187	2309	316	2241	582	2298
VFW	402.0	2154.0	422	1
305	2204	356	2192	558	2166	389	2056
APQ	664.0	1535.0	428	1
620	1344	634	1608	695	1417	707	1771
GKQ	2132.0	2063.0	497	1
2167	2170	1938	2019	2056	2011	2369	2055
ASN	308.0	548.0	393	1
169	416	615	535	250	614	201	627
DUT	1489.0	1763.0	359	1
1526	2009	1463	1638	1435	1712	1534	1693
TPS	2068.0	1404.0	270	1
1992	1206	2007	1305	2123	1583	2152	1524
RYZ	2872.0	2430.0	300	1
2727	2434	2934	2318	2994	2456	2833	2513
WGZ	739.0	1816.0	290	1
820	1833	735	1820	642	1831	760	1783
CQW	534.0	3053.0	289	1
370	3016	857	3108	443	3007	469	3083
NVQ	1183.0	1960.0	321	1
1171	1946	1235	2010	1025	2042	1301	1845
TOQ	364.0	2798.0	263	1
385	2580	304	2797	303	2971	466	2846
KMZ	1443.0	275.0	286	1
1264	301	1503	247	1326	288	1679	267
RHS	1031.0	1468.0	472	1
1108	1477	896	1483	1023	1432	1098	1482
WFB	1420.0	706.0	308	1
1393	674	1407	599	1436	568	1446	983
