IPV	1184.0	1323.0	209	1
970	1368	1087	1436	1444	1189	1237	1299
UPY	1252.0	2295.0	160	1
1205	2347	1483	2151	1234	2167	1087	2516
MEV	2795.0	379.0	231	1
2617	486	2924	300	2918	513	2724	220
DRW	2172.0	2682.0	65	1
2036	2565	2092	2646	2426	2741	2135	2777
RGR	2677.0	2040.0	222	1
2874	2231	2519	2020	2695	1739	2620	2171
ZTO	1056.0	447.0	77	1
942	425	954	667	1199	422	1131	277
KLO	2793.0	745.0	35	1
2927	695	2912	959	2834	728	2500	601
PDQ	2161.0	2327.0	19	1
2193	2489	2333	2306	2065	2145	2054	2371
LYG	2639.0	2718.0	122	1
2933	2641	2480	2610	2440	2809	2703	2812
LYG	781.0	1404.0	238	1
596	1260	790	1520	807	1549	932	1288
XMP	1794.0	1563.0	119	1
2019	1577	1901	1458	1546	1678	1711	1539
ARU	628.0	350.0	163	1
624	192	275	287	790	720	825	202
GQC	2170.0	1030.0	17	1
1983	999	2304	943	2084	916	2311	1263
JZQ	1245.0	2940.0	265	1
1351	2864	1139	3058	1089	2819	1404	3019
PRZ	687.0	2359.0	76	1
599	2413	810	2436	485	2064	857	2525
OHM	649.0	2991.0	222	1
755	2953	434	2918	757	3039	650	3057
TUI	1803.0	2515.0	95	1
1757	2753	1761	2565	1969	2200	1727	2543
FOM	1505.0	1885.0	220	1
1791	1939	1351	1750	1536	2065	1344	1788
RGO	2490.0	1171.0	188	1
2610	1174	2488	1124	2425	1068	2439	1318
CYA	3035.0	1420.0	206	1
2987	1521	3167	1370	2970	1211	3018	1578
PSD	262.0	1477.0	116	1
246	1410	138	1661	145	1372	519	1467
PAW	1506.0	2689.0	47	1
1467	2782	1391	2764	1452	2680	1715	2530
BVD	2103.0	518.0	284	1
1876	776	2242	499	2256	465	2040	332
JSH	1015.0	831.0	204	1
1242	697	1052	954	855	669	913	1007
EKA	2450.0	2246.0	158	1
2387	2063	2458	2545	2460	2042	2497	2335
MCM	413.0	962.0	300	1
305	823	430	1020	298	940	621	1065
AMC	2447.0	361.0	84	1
2604	207	2404	574	2309	257	2472	407
DWG	2297.0	1500.0	225	1
2276	1599	2114	1573	2382	1389	2418	1442
NFO	1442.0	552.0	33	1
1746	786	1254	602	1301	403	1470	420
BEU	670.0	1779.0	217	1
404	1677	789	1804	580	1835	909	1803
YLJ	1020.0	1785.0	112	1
944	2111	1033	1705	922	1669	1181	1658
TIA	1009.0	2970.0	24	1
960	2903	934	2923	1076	2978	1067	3078
ULZ	1548.0	2343.0	54	1
1560	2336	1628	2076	1507	2474	1498	2487
DYQ	1755.0	1068.0	214	1
1912	1104	1839	1215	1709	1046	1561	908
GUN	2700.0	1580.0	66	1
2762	1558	2806	1725	2555	1521	2678	1519
XBH	584.0	2683.0	189	1
766	2554	503	2802	691	2670	377	2706
KPL	364.0	2216.0	21	1
277	2329	444	2248	260	2099	476	2189
QIR	1902.0	1900.0	27	1
1843	2189	1913	1899	2051	1757	1803	1755
EGP	2290.0	3004.0	140	1
2288	2843	2159	3140	2387	3126	2328	2910
THJ	1913.0	1323.0	296	1
1790	1347	2225	1352	1756	1263	1881	1330
JBK	1260.0	1632.0	135	1
1182	1748	1197	1585	1260	1650	1403	1545
MZA	2970.0	2203.0	278	1
3091	2200	2882	2207	2908	2187	3000	2219
BAS	2758.0	1332.0	60	1
2945	1368	2796	1430	2672	1184	2622	1347
DCL	1857.0	2865.0	103	1
1591	2850	1991	2968	1817	2789	2032	2856
RKK	1065.0	2702.0	81	1
1174	2692	1008	2805	1109	2601	969	2712
HIA	2292.0	1770.0	245	1
2206	1651	2400	1711	2314	1739	2248	1982
GSI	3095.0	614.0	252	1
2994	482	3111	593	3115	917	3161	467
PJG	2754.0	2367.0	117	1
3000	2428	2782	2366	2662	2249	2573	2426
QSA	2749.0	2924.0	278	1
2417	2858	2920	3019	2958	2955	2702	2865
HNQ	706.0	1048.0	248	1
784	886	723	1172	686	1203	633	932
