DON	2408.0	1119.0	226	1
2299	1179	2585	1287	2369	1107	2380	903
DAL	431.0	2194.0	83	1
326	2219	367	2105	555	2187	478	2267
ELZ	2255.0	2181.0	94	1
2361	2052	2169	2138	2059	2380	2433	2156
ZDS	1018.0	2756.0	44	1
840	2889	1040	2531	1026	2652	1169	2955
NMP	2390.0	2917.0	141	1
2432	3052	2446	2612	2549	2913	2133	3094
JLP	1171.0	400.0	157	1
1262	323	1370	717	1059	329	993	231
UAZ	2792.0	1553.0	58	1
2843	1522	2426	1513	2948	1729	2951	1450
UXU	2795.0	342.0	80	1
2639	417	2788	217	2824	530	2931	205
ZXA	476.0	437.0	87	1
672	379	196	426	617	422	420	523
IKM	967.0	1497.0	205	1
791	1256	1023	1658	1041	1508	1016	1569
DBL	1943.0	775.0	16	1
1864	791	1947	822	1817	981	2144	508
WJZ	642.0	1916.0	123	1
488	1820	769	1966	536	1809	776	2072
JQU	1043.0	1818.0	280	1
788	1744	1197	1673	1262	1990	925	1865
WME	946.0	1132.0	196	1
1029	1220	792	1003	967	1141	998	1165
MDJ	2092.0	1598.0	213	1
1797	1470	2200	1668	2233	1545	2141	1709
XYU	1517.0	2721.0	277	1
1676	2817	1380	3010	1399	2535	1616	2522
IZQ	842.0	834.0	229	1
937	912	771	863	740	914	921	647
WMY	1558.0	760.0	91	1
1650	726	1547	818	1439	631	1596	866
DMZ	1709.0	2367.0	191	1
1417	2503	1595	2308	1959	2347	1868	2310
EST	1605.0	1278.0	176	1
1415	1340	1462	1248	1673	1288	1871	1236
EHQ	1610.0	435.0	91	1
1695	319	1581	630	1619	444	1546	349
CPF	1374.0	1754.0	267	1
1443	1573	1384	1679	1358	1738	1314	2027
HDK	2416.0	649.0	62	1
2429	547	2441	758	2556	673	2241	618
TKX	362.0	2517.0	252	1
382	2531	663	2687	209	2441	196	2410
AXJ	2776.0	2739.0	233	1
3025	2509	2757	2698	2549	2717	2773	3032
XXY	2858.0	837.0	268	1
2722	639	2773	923	3030	852	2907	937
AUD	1150.0	2342.0	243	1
965	2286	1150	2376	1282	2531	1203	2178
MMR	2655.0	2028.0	290	1
2911	2269	2552	1924	2653	2117	2504	1803
VMP	1946.0	2726.0	2	1
1759	2949	1946	2506	2096	2726	1986	2723
DKV	621.0	1547.0	23	1
420	1547	663	1440	783	1726	621	1475
RHG	1218.0	1482.0	243	1
1106	1460	1264	1555	1301	1566	1204	1349
HQT	1790.0	1845.0	220	1
1886	1956	1733	1892	1882	1721	1661	1811
VPB	1497.0	1084.0	215	1
1707	954	1293	952	1717	1231	1271	1200
SAE	794.0	2364.0	9	1
703	2437	726	2422	947	2141	800	2457
SIH	2869.0	1062.0	115	1
3058	956	2769	1180	2875	1035	2774	1078
TEV	2299.0	2434.0	73	1
2601	2438	2314	2504	2175	2410	2106	2384
JCB	509.0	1201.0	87	1
396	1104	569	976	707	1394	367	1331
URV	458.0	2813.0	51	1
614	2717	260	2698	573	3058	386	2781
LQA	1747.0	1411.0	144	1
1453	1450	1637	1391	1916	1386	1983	1417
GFU	2126.0	1789.0	165	1
2222	1793	2133	1750	2052	1800	2098	1816
AJK	1997.0	1922.0	93	1
1894	1958	1970	2020	1903	1821	2222	1891
LSL	2576.0	469.0	112	1
2610	459	2607	459	2516	515	2574	443
OYR	1483.0	1704.0	44	1
1526	1566	1455	1867	1458	1817	1496	1569
WUS	2117.0	1103.0	35	1
1967	1195	2297	1001	2001	1169	2203	1048
UUY	2418.0	789.0	229	1
2260	767	2242	808	2515	804	2657	777
KLX	1233.0	2786.0	277	1
1255	2890	1247	2636	1235	2832	1195	2788
GCN	1653.0	2113.0	181	1
1783	2160	1767	2060	1657	2101	1405	2132
KED	585.0	722.0	113	1
647	667	591	684	542	665	560	875
YLZ	1801.0	1145.0	251	1
1798	1086	1822	1208	1792	1073	1792	1213
QUW	2943.0	2429.0	139	1
2982	2332	2819	2471	2946	2464	3026	2449
