NSH	1674.0	2647.0	258	1
1665	2728	1800	2471	1682	2921	1550	2468
UPS	624.0	1697.0	248	1
571	1589	527	1913	788	1467	612	1820
SEN	631.0	964.0	201	1
883	1074	517	1033	577	1052	547	699
DFM	2664.0	1502.0	208	1
2879	1509	2728	1479	2322	1699	2729	1322
TGQ	964.0	2477.0	262	1
992	2261	1130	2496	979	2504	755	2649
LGV	1404.0	1022.0	255	1
1259	759	1529	1072	1225	1043	1603	1215
BDB	1441.0	1472.0	305	1
1344	1649	1732	1298	1353	1283	1336	1659
GVU	2070.0	556.0	245	1
2250	572	1896	835	2070	365	2065	452
RAQ	1503.0	2291.0	348	1
1725	2253	1419	2357	1475	2156	1395	2400
ZFQ	2034.0	2436.0	465	1
1918	2392	2159	2458	2093	2489	1966	2406
HRK	2411.0	2778.0	286	1
2481	2763	2305	3045	2503	2727	2357	2578
XTD	368.0	519.0	239	1
452	677	153	170	366	703	501	526
XZZ	464.0	1264.0	207	1
331	1361	507	1192	685	1210	335	1293
MNA	2437.0	1954.0	260	1
2330	2143	2434	1890	2425	1877	2560	1909
EEK	2517.0	2348.0	201	1
2578	2382	2693	2385	2169	2161	2630	2465
CME	919.0	2797.0	291	1
870	2676	1141	2745	713	2704	953	3064
MLY	1042.0	1383.0	354	1
1115	1601	967	1580	976	1251	1113	1101
QBW	746.0	536.0	203	1
614	624	688	244	819	605	864	674
WMM	1185.0	583.0	435	1
968	727	1069	688	1368	453	1335	466
DKD	2491.0	426.0	494	1
2739	361	2688	689	2263	399	2277	255
WLN	1888.0	1129.0	220	1
1920	1010	1872	1199	1969	1156	1792	1152
ENR	2921.0	631.0	239	1
2941	695	2982	320	2816	827	2947	684
ZFE	468.0	2643.0	449	1
451	2430	400	2779	427	2561	596	2802
OAI	1972.0	1785.0	221	1
1888	1527	2027	1951	1756	1855	2217	1807
XOJ	2434.0	873.0	249	1
2646	937	2290	975	2394	886	2407	695
QCT	2274.0	1157.0	337	1
2178	1035	2254	1179	2242	1259	2425	1158
QNX	2013.0	2633.0	446	1
2002	2494	2128	2812	2053	2711	1870	2518
TET	1554.0	278.0	402	1
1576	419	1644	111	1442	351	1557	234
OSI	2877.0	2010.0	239	1
2843	2048	2935	1999	2980	2135	2751	1861
BHP	2676.0	2778.0	263	1
2731	2864	2666	2774	2751	2609	2559	2867
ZBQ	1146.0	1858.0	258	1
1069	1879	911	2006	1225	1873	1379	1675
JER	1307.0	2847.0	328	1
1245	2906	1379	2874	1156	2777	1451	2834
HKM	2921.0	2339.0	339	1
2783	2154	2953	2264	2978	2521	2972	2419
VOG	368.0	2590.0	207	1
350	2539	395	2380	399	2803	330	2639
MEN	2868.0	1023.0	203	1
2653	925	3036	961	2898	1243	2888	966
LQR	1906.0	1368.0	412	1
1953	1271	2041	1353	1813	1501	1819	1348
ZKZ	475.0	2232.0	438	1
463	2341	646	2289	393	2100	399	2201
AYI	654.0	1963.0	301	1
677	1980	537	1996	877	1945	525	1932
PLO	1639.0	1839.0	218	1
1434	1794	1709	1943	1752	1799	1662	1823
HFE	1975.0	2182.0	333	1
2132	2322	2049	2218	1968	2179	1752	2010
QIL	1604.0	583.0	435	1
1483	736	1756	506	1662	557	1518	533
QVE	1021.0	2143.0	256	1
909	2214	877	2050	1086	2223	1215	2085
OMR	345.0	1838.0	477	1
149	1998	252	2097	518	1736	464	1523
HMW	971.0	1025.0	210	1
958	1031	916	1071	994	979	1016	1021
HTS	2994.0	2828.0	319	1
2758	2772	3095	2836	3013	2807	3113	2899
PZP	1350.0	2558.0	202	1
1381	2688	1314	2651	1387	2668	1318	2226
EVB	1918.0	3026.0	221	1
1941	2941	1925	3114	1726	2984	2081	3068
UVS	2216.0	2929.0	382	1
2170	2963	2298	2917	2298	2944	2098	2892
BAR	2210.0	858.0	394	1
2198	847	2265	883	2190	850	2189	853
UKA	1843.0	2680.0	451	1
1861	2824	1820	2474	1868	2677	1826	2747
