FRT	2512.0	808.0	197	1
2351	1101	2580	588	2710	759	2409	785
LVD	503.0	1164.0	45	1
594	1230	460	1015	258	1047	702	1364
TCP	2908.0	1839.0	35	1
3092	1685	2669	1769	3019	2025	2853	1877
NMS	2953.0	469.0	244	1
2858	217	2890	745	3009	232	3056	682
LUI	612.0	2353.0	154	1
456	2394	680	2474	500	2173	812	2371
PFS	1200.0	2492.0	237	1
1033	2510	1138	2356	1165	2601	1466	2501
LRO	911.0	2007.0	254	1
770	1923	1092	1784	1085	2159	697	2165
HAR	2440.0	1578.0	104	1
2403	1457	2373	1801	2438	1809	2547	1245
YNR	1938.0	957.0	228	1
1811	847	1791	1125	2136	984	2016	873
JOQ	1632.0	1994.0	140	1
1646	1988	1797	1956	1805	2078	1282	1957
FHW	2156.0	2368.0	151	1
2331	2306	2107	2434	2196	2380	1990	2355
RTK	1621.0	413.0	166	1
1588	240	1448	591	1779	588	1671	236
JUX	625.0	579.0	204	1
600	699	558	386	747	577	595	656
VGK	2565.0	2261.0	184	1
2483	2270	2683	2504	2427	2079	2667	2191
UZV	2874.0	1451.0	124	1
3068	1486	3002	1343	2805	1522	2623	1456
IJZ	1991.0	513.0	90	1
2103	541	2072	563	1874	597	1917	351
MFE	993.0	1376.0	137	1
1042	1156	1058	1471	1075	1236	798	1644
ZIO	2306.0	2766.0	66	1
2351	2580	2229	2588	2314	2865	2333	3034
HIH	2626.0	301.0	112	1
2702	264	2648	303	2592	410	2563	230
VSN	1848.0	1556.0	55	1
2082	1473	1697	1574	1881	1378	1734	1800
OGO	1068.0	524.0	79	1
1110	547	1093	532	1005	712	1067	307
EDE	415.0	1683.0	205	1
542	1791	386	1566	574	1544	158	1831
YUV	730.0	2635.0	144	1
787	2683	812	2519	706	2477	615	2863
VXK	1656.0	2838.0	86	1
1478	3005	1669	2529	1771	2742	1707	3078
BMD	2203.0	2173.0	147	1
2367	2242	2114	2244	2134	2092	2200	2117
PLM	1589.0	2217.0	191	1
1681	2281	1466	2153	1749	2330	1460	2105
QKF	1406.0	1022.0	45	1
1283	1020	1550	1151	1444	965	1349	952
NUQ	2140.0	1691.0	205	1
2149	1842	2082	1594	2112	1768	2220	1560
FFR	1340.0	1653.0	158	1
1441	1493	1574	1770	1093	1731	1252	1620
SGT	422.0	2703.0	220	1
406	2523	538	2914	546	2753	201	2624
JCW	2843.0	2449.0	138	1
3022	2458	2695	2717	2955	2313	2700	2310
VQE	1102.0	2892.0	198	1
1240	3132	930	2896	1070	2765	1168	2778
GJG	949.0	893.0	180	1
710	892	1158	1104	1129	809	802	770
GSC	2081.0	1915.0	160	1
1962	1877	2336	1858	2156	2059	1872	1868
WVG	2284.0	1214.0	164	1
2347	1104	2296	1168	2214	1356	2282	1228
QSA	2023.0	2505.0	48	1
2018	2577	2145	2567	1949	2441	1982	2436
ACD	760.0	277.0	207	1
1005	335	637	244	739	251	661	279
BLV	2972.0	1085.0	18	1
2986	1190	2937	1000	2906	1273	3059	877
KWB	1643.0	964.0	85	1
1624	957	1588	760	1619	963	1742	1177
BGD	1474.0	1341.0	195	1
1625	1460	1540	1281	1278	1295	1456	1331
MNX	2104.0	2861.0	26	1
2172	2752	2075	3051	2199	2857	1970	2785
SPY	322.0	659.0	140	1
164	544	373	627	217	656	535	811
HMK	2503.0	2819.0	106	1
2528	2900	2369	2856	2458	2589	2658	2931
FEL	541.0	1957.0	12	1
611	2070	592	2050	455	1863	508	1848
FHW	1172.0	2206.0	134	1
1116	2031	1172	2241	1275	2270	1128	2283
AWT	1946.0	1299.0	298	1
1804	1239	2203	1362	2046	1228	1733	1367
GXI	2222.0	783.0	178	1
2261	684	2147	1050	2302	643	2180	756
WFH	2812.0	1062.0	174	1
2905	960	2785	1269	2824	1139	2736	883
OMP	1907.0	2446.0	164	1
1935	2404	1798	2577	1949	2253	1946	2552
ZJA	2222.0	383.0	56	1
2239	388	2134	541	2377	207	2141	397
