VHR	1209.0	786.0	426	1
1272	908	1120	484	1488	825	957	927
ZCU	2027.0	1421.0	404	1
2149	1267	2104	1277	1761	1720	2094	1421
MZT	2626.0	2337.0	366	1
2497	2485	2430	2072	2633	2149	2945	2643
FCR	1364.0	2524.0	256	1
1110	2675	1536	2236	1545	2737	1265	2449
HCU	547.0	523.0	489	1
426	515	749	461	698	567	315	552
RBX	1310.0	1609.0	336	1
1110	1913	1453	1456	1267	1531	1411	1537
FGH	2236.0	2915.0	343	1
2028	2962	2504	2782	2303	2967	2110	2949
KHT	2074.0	1807.0	499	1
1912	1771	2306	1814	2276	1866	1803	1780
CZD	2252.0	1421.0	286	1
2170	1525	2252	1407	2170	1254	2416	1501
MAZ	2625.0	1060.0	406	1
2561	949	2645	1323	2734	825	2562	1143
XYG	2424.0	568.0	489	1
2447	598	2492	510	2375	443	2385	724
EDN	579.0	1089.0	252	1
830	971	633	1131	421	982	432	1272
YTP	785.0	2700.0	456	1
701	2628	783	2351	780	2912	879	2909
GQF	1793.0	877.0	445	1
2037	645	1665	718	1553	1160	1918	986
RUL	2107.0	2496.0	254	1
2121	2479	2078	2435	2125	2451	2104	2619
EYT	2907.0	934.0	337	1
2898	812	3122	1267	2819	921	2792	739
BHA	2596.0	1659.0	449	1
2544	1610	2977	1549	2399	1744	2464	1735
TPK	1811.0	2118.0	367	1
1742	1907	1838	2341	1915	2233	1749	1994
NEE	1862.0	437.0	282	1
1971	620	1943	416	1754	153	1780	561
USC	2701.0	406.0	203	1
2835	311	2649	701	2810	231	2512	382
QUO	640.0	1954.0	317	1
660	1761	837	2103	392	2093	673	1862
NYN	1819.0	2839.0	353	1
1751	2782	1814	2797	1727	2851	1986	2929
XUH	1602.0	1333.0	288	1
1466	1278	1515	1180	1719	1473	1708	1404
RIF	2118.0	1100.0	325	1
2124	1138	2054	1064	2099	1009	2198	1189
YEJ	2646.0	1876.0	202	1
2468	1779	2921	1880	2545	1833	2651	2013
ENO	576.0	1484.0	459	1
425	1336	638	1557	829	1598	414	1447
YGR	586.0	2499.0	209	1
700	2296	625	2728	406	2328	613	2645
SRD	1664.0	2541.0	345	1
1628	2608	1690	2493	1676	2382	1664	2681
MLE	2205.0	2246.0	408	1
2253	2385	2172	2212	2096	2400	2302	1988
KPZ	681.0	879.0	377	1
625	951	920	729	800	906	380	931
WZK	740.0	3057.0	480	1
815	3071	659	3135	937	2916	551	3108
WLB	1333.0	2953.0	313	1
1459	3003	1208	2828	1413	3014	1253	2969
JKF	1080.0	1143.0	478	1
954	1343	1250	1074	1239	1025	879	1131
NZE	931.0	1884.0	475	1
911	1849	859	2048	1077	1830	877	1812
MAZ	2251.0	382.0	321	1
2334	236	2178	538	2252	394	2241	360
PNY	496.0	348.0	314	1
305	248	725	411	492	362	463	371
ISW	353.0	2684.0	384	1
347	2473	353	2847	339	2822	376	2596
WNS	1594.0	409.0	208	1
1579	411	1672	446	1578	583	1548	198
YJB	2238.0	2619.0	316	1
2153	2459	2146	2556	2260	2768	2396	2695
WTA	1387.0	1123.0	315	1
1464	1453	1378	927	1379	1110	1329	1002
IZV	2170.0	870.0	484	1
2189	996	2150	656	2276	983	2067	847
DJX	970.0	1669.0	329	1
972	1693	1088	1628	1026	1739	794	1616
DXE	994.0	2539.0	441	1
902	2355	892	2761	1103	2763	1081	2280
NGL	1047.0	2168.0	271	1
919	2130	944	2110	994	2215	1333	2219
WWX	455.0	1668.0	492	1
234	1740	648	1615	607	1718	334	1601
XMF	1543.0	2160.0	276	1
1684	2221	1727	2194	1391	2210	1370	2015
IHD	2654.0	2931.0	407	1
2682	3051	2744	2729	2607	3054	2586	2890
DAQ	1107.0	3020.0	328	1
1111	3029	1177	3047	1188	2954	952	3051
WLL	211.0	555.0	429	1
190	638	243	546	183	630	231	407
UDR	2917.0	654.0	489	1
2887	713	2885	636	2997	574	2900	694
