XWK	2834.0	2183.0	365	1
2776	2357	3164	2268	2683	2026	2716	2081
ANF	1825.0	815.0	410	1
1821	787	1913	701	1709	645	1857	1127
BOI	1581.0	1256.0	205	1
1629	1108	1441	1173	1631	1539	1626	1204
VSJ	539.0	2169.0	346	1
527	1935	465	2038	429	2276	737	2430
IOR	366.0	1572.0	393	1
268	1415	614	1403	433	1836	151	1635
WPV	1030.0	697.0	293	1
770	627	1055	679	1131	752	1166	730
NCG	2204.0	1121.0	263	1
2061	934	2175	1281	2216	1037	2364	1234
GBI	1027.0	2672.0	415	1
992	2622	1023	2749	1086	2563	1008	2757
MOZ	1846.0	2582.0	299	1
1891	2791	1736	2356	1667	2463	2091	2721
ZVL	2366.0	2046.0	280	1
2302	2134	2327	1891	2203	1990	2633	2172
TAK	2558.0	2707.0	402	1
2480	2710	2384	2602	2649	2665	2722	2854
TUG	1104.0	2185.0	420	1
1131	2413	1305	2012	1015	2400	967	1916
TYC	1494.0	2641.0	282	1
1462	2576	1363	2691	1521	2607	1633	2692
CMT	1810.0	1985.0	265	1
1603	1778	1997	2311	1791	1901	1850	1953
LZK	2250.0	515.0	441	1
2122	302	2204	520	2574	619	2102	621
NAE	1101.0	1098.0	289	1
1192	924	1186	1011	1057	1221	971	1238
UDU	2632.0	505.0	479	1
2629	396	2706	551	2619	258	2576	816
KJM	882.0	1704.0	280	1
1019	1555	1012	1884	734	1758	764	1621
CGX	440.0	2606.0	499	1
286	2506	767	2564	389	2737	319	2617
TBD	1256.0	1278.0	285	1
1346	1209	1195	1182	1269	1468	1214	1256
IQX	2736.0	1522.0	285	1
2835	1728	2651	1332	2533	1539	2926	1490
SYF	256.0	1049.0	353	1
211	850	277	1096	357	1084	181	1166
IHV	2991.0	2763.0	482	1
2800	2798	3054	2534	3021	2977	3090	2746
EBT	2719.0	990.0	427	1
2679	853	2890	966	2804	1046	2504	1096
GJR	875.0	1274.0	493	1
959	1048	891	1528	901	1284	750	1237
WMY	1531.0	491.0	346	1
1696	596	1321	519	1351	437	1759	414
QIX	610.0	1146.0	222	1
620	1139	610	879	598	1186	614	1383
HIQ	2365.0	3068.0	344	1
2453	2909	2215	3070	2543	3145	2252	3148
EKT	2430.0	1671.0	231	1
2533	1589	2439	1772	2424	1708	2325	1616
YXI	466.0	572.0	423	1
674	505	509	711	314	638	369	437
WIJ	1462.0	2247.0	391	1
1487	2076	1398	2246	1441	2445	1524	2221
EON	730.0	2895.0	313	1
665	2793	826	2987	509	2981	920	2819
ZGB	2305.0	2360.0	345	1
2119	2436	2476	2261	2105	2415	2521	2330
OIC	2015.0	1511.0	296	1
1956	1459	1915	1426	2025	1645	2167	1516
FHT	1255.0	993.0	382	1
1279	1019	1229	1024	1270	1032	1244	900
MBY	1826.0	2935.0	377	1
2035	3071	1592	2979	1840	2895	1838	2797
KOK	2919.0	684.0	465	1
2844	851	3025	557	2776	716	3033	614
FQG	1832.0	1245.0	305	1
1773	1222	1971	1280	1940	1193	1644	1285
RRC	1270.0	1617.0	263	1
1269	1518	1202	1876	1290	1533	1319	1542
AKA	936.0	893.0	238	1
1061	905	882	884	977	886	825	898
LGR	920.0	2203.0	332	1
929	2028	941	2477	927	1996	886	2314
WSQ	278.0	2308.0	239	1
251	2412	404	2062	135	2419	325	2342
VHN	2891.0	1855.0	414	1
2717	1803	2736	2005	3075	1805	3039	1809
EAA	1419.0	2912.0	467	1
1552	2922	1501	3019	1256	2753	1370	2954
HWZ	1461.0	803.0	305	1
1323	720	1380	821	1535	694	1607	977
IVO	2256.0	2755.0	217	1
2242	2487	2197	2835	2248	2846	2339	2853
VOR	1844.0	461.0	290	1
1834	500	1942	473	1826	477	1775	394
MIT	1106.0	346.0	337	1
982	627	1041	120	1098	226	1305	414
QHJ	2230.0	1544.0	474	1
2214	1567	2192	1529	2269	1451	2245	1630
FCR	2099.0	2061.0	213	1
2157	2152	2078	2033	2043	2140	2118	1922
