WNV	999.0	1121.0	417	1
1128	1268	1018	1158	1014	1236	837	824
SDP	441.0	2117.0	347	1
554	2008	209	2192	326	2094	678	2177
AUD	2809.0	559.0	355	1
2841	486	2781	540	2791	780	2826	430
YTW	1779.0	2089.0	407	1
1822	2083	1702	2090	1828	2324	1765	1861
TES	2552.0	865.0	449	1
2655	994	2590	769	2609	701	2356	998
APR	2236.0	1838.0	271	1
2297	1694	2171	1594	2389	1975	2088	2090
CPJ	449.0	1099.0	372	1
579	1304	208	1038	327	917	683	1140
UUT	2433.0	1307.0	405	1
2587	1584	2345	1408	2575	1141	2226	1098
XVY	584.0	706.0	234	1
745	682	452	774	432	680	710	689
FIX	1836.0	2869.0	315	1
2020	2868	1666	2847	1572	2907	2089	2856
HAD	2013.0	1254.0	265	1
1862	1238	2220	1326	2147	1371	1824	1084
EGH	858.0	2734.0	419	1
1015	2497	790	3033	630	2672	997	2735
JCD	791.0	1697.0	401	1
936	1515	712	1672	882	1781	636	1823
CYY	1326.0	2607.0	482	1
1351	2704	1129	2646	1624	2417	1201	2662
GMV	2804.0	1796.0	270	1
2896	1980	2762	1741	2844	1576	2716	1888
DHJ	977.0	568.0	296	1
1056	200	763	761	1011	530	1080	784
HQU	2697.0	2444.0	225	1
2682	2299	2708	2554	2615	2706	2786	2218
PLL	1468.0	600.0	433	1
1239	666	1495	241	1551	664	1588	829
GRY	1379.0	1612.0	285	1
1554	1686	1524	1787	1405	1594	1033	1382
DCW	1498.0	2070.0	245	1
1621	2079	1393	2109	1311	1818	1668	2275
ZJO	2287.0	387.0	353	1
2327	441	2214	255	2362	177	2247	677
MIU	984.0	2181.0	352	1
1261	1980	766	2089	896	2317	1016	2339
YFT	261.0	2994.0	480	1
155	3171	169	2860	513	2889	207	3056
BWA	2793.0	2059.0	275	1
2824	2014	2687	2070	2802	2026	2859	2128
OQE	2294.0	2699.0	338	1
2430	2764	2397	2528	2124	2871	2228	2635
IGK	2964.0	1366.0	321	1
2918	1325	3032	1341	3111	1291	2795	1510
VSR	544.0	1434.0	381	1
404	1505	627	1426	802	1495	346	1313
NFS	1675.0	534.0	396	1
1600	439	1629	449	1750	545	1723	703
IFH	2492.0	2595.0	341	1
2444	2565	2502	2718	2553	2758	2469	2342
OTJ	2366.0	2252.0	322	1
2381	2148	2439	2208	2427	2253	2218	2399
BTD	345.0	2691.0	278	1
335	2439	276	2762	288	2856	482	2708
IFI	2044.0	2275.0	312	1
2047	2016	2079	2359	2087	2319	1963	2407
QSU	2594.0	292.0	310	1
2614	348	2720	162	2586	469	2459	192
TFF	1658.0	1094.0	246	1
1402	1099	1622	1055	1802	1161	1807	1061
BFR	3040.0	2369.0	299	1
3123	2471	3113	2252	2828	2353	3099	2402
YXE	2502.0	611.0	359	1
2510	573	2473	661	2375	531	2650	679
ENZ	1859.0	426.0	300	1
1802	402	1950	318	1915	417	1770	568
PJC	2831.0	1011.0	254	1
2711	1025	2954	1043	2985	1078	2677	898
QGP	2081.0	748.0	210	1
2089	735	2056	584	2208	1059	1972	617
KDZ	3062.0	580.0	425	1
3121	500	3105	807	2925	289	3097	727
YUJ	3026.0	2787.0	396	1
3021	2923	2946	2706	3013	2874	3124	2647
YGP	1932.0	2579.0	379	1
1867	2521	1963	2594	1926	2641	1972	2560
XRI	737.0	999.0	409	1
712	1185	772	909	776	1005	689	898
CQV	3120.0	1696.0	460	1
3175	1675	3091	1572	3135	1820	3082	1718
YBD	1900.0	1520.0	413	1
2029	1391	1763	1696	1758	1519	2052	1475
EUU	2513.0	1837.0	225	1
2454	1691	2546	1624	2502	1852	2552	2181
DJP	614.0	477.0	434	1
713	335	558	467	608	544	577	563
GWN	314.0	342.0	242	1
211	335	547	476	323	315	176	243
ZFF	1254.0	1209.0	209	1
1364	1365	1300	1379	1177	1181	1178	912
JPE	1731.0	2601.0	326	1
1733	2837	1723	2631	1716	2330	1755	2606
