NTZ	1850.0	2449.0	489	1
1885	2549	1889	2429	1866	2306	1761	2514
PXZ	460.0	607.0	338	1
366	616	445	575	592	494	438	743
SEP	2758.0	1667.0	326	1
2895	1614	2762	1532	2474	1929	2901	1596
AIO	2511.0	371.0	278	1
2362	614	2644	365	2751	318	2290	187
PGA	1048.0	1698.0	254	1
1026	1561	771	1763	1173	1647	1224	1821
JSY	1445.0	748.0	260	1
1462	838	1623	486	1162	907	1533	761
FKX	2871.0	2084.0	220	1
2637	2076	3084	2180	2980	2098	2783	1984
IUB	2500.0	2378.0	378	1
2366	2541	2691	2258	2495	2213	2448	2503
FQP	394.0	2521.0	477	1
434	2365	303	2478	425	2814	414	2429
UWT	838.0	2464.0	498	1
897	2544	906	2608	863	2298	689	2408
PMW	1132.0	2701.0	485	1
1075	2865	1242	2434	956	2714	1256	2794
MRB	934.0	915.0	368	1
1141	1037	1015	813	861	700	721	1111
LBS	2183.0	1534.0	484	1
2280	1289	2281	1719	2137	1764	2034	1365
IKI	1793.0	953.0	470	1
1743	814	1820	1091	1835	1026	1774	883
URJ	1581.0	1605.0	305	1
1351	1714	1567	1365	1677	1549	1732	1792
UHZ	1525.0	2364.0	371	1
1252	2321	1642	2423	1625	2412	1584	2301
ELK	641.0	2687.0	307	1
659	2871	597	2679	661	2511	648	2690
ROV	1642.0	2708.0	359	1
1798	2665	1592	2734	1506	2729	1675	2706
RHK	418.0	1342.0	313	1
268	1403	696	1417	259	1163	449	1388
HLK	1029.0	1449.0	346	1
1078	1337	1084	1485	1187	1523	769	1453
CHL	2855.0	2793.0	290	1
3143	2794	2572	2777	2764	2751	2944	2850
WNP	2157.0	2104.0	446	1
2300	2186	2132	2216	1920	2024	2278	1993
BPL	2671.0	1014.0	482	1
2643	1097	2609	945	2839	791	2596	1225
SPX	459.0	2126.0	331	1
318	2170	394	2073	676	2085	448	2176
HBI	2186.0	1059.0	262	1
2154	1024	2115	898	2115	1237	2363	1079
NTO	1933.0	390.0	391	1
2125	416	1561	334	2016	398	2030	412
EFO	2058.0	2453.0	457	1
2067	2444	1984	2283	2032	2413	2149	2674
ZZV	915.0	603.0	335	1
726	484	1149	630	625	611	1160	687
SRJ	1770.0	1238.0	491	1
1596	1193	1886	1272	1617	1336	1983	1153
OWH	519.0	1506.0	383	1
568	1503	366	1603	627	1439	517	1480
VLK	899.0	2171.0	404	1
911	2289	873	2185	888	2048	925	2164
LFP	2444.0	2761.0	219	1
2445	2809	2493	2850	2562	2652	2278	2733
ACZ	1751.0	2118.0	397	1
1709	2135	1918	2012	1489	2269	1888	2058
PCV	1278.0	1211.0	416	1
1223	1208	1380	1146	1174	1187	1335	1305
UZH	1960.0	632.0	379	1
2053	599	2135	776	1799	495	1853	658
PCQ	3009.0	1462.0	358	1
3041	1339	3033	1559	3002	1425	2960	1525
HFS	2932.0	2426.0	357	1
2953	2646	2812	2368	2934	2383	3031	2310
AZT	860.0	414.0	470	1
748	395	646	403	943	403	1106	455
GKQ	2872.0	529.0	262	1
2813	693	2870	452	2775	450	3033	521
BTT	3004.0	930.0	301	1
3090	916	2886	1130	2961	694	3080	981
HAZ	512.0	978.0	293	1
377	1020	497	858	523	957	654	1080
PSB	479.0	1789.0	440	1
294	1772	625	1608	378	1963	622	1816
XQV	1964.0	1849.0	294	1
2254	1884	1843	1764	1900	1982	1861	1768
WLU	1185.0	2134.0	340	1
1071	2190	1405	1849	1284	2249	983	2250
FVP	434.0	282.0	207	1
639	380	330	206	334	153	434	392
ICA	2003.0	2817.0	331	1
2029	2674	2052	2916	1895	2956	2038	2723
QIU	2222.0	2418.0	483	1
2222	2664	2244	2286	2217	2478	2207	2246
TCX	2429.0	737.0	391	1
2497	656	2428	713	2433	698	2359	881
HAQ	2518.0	1188.0	399	1
2571	1333	2473	1081	2584	1035	2446	1304
DVO	2994.0	1252.0	266	1
3016	1211	3098	1275	2859	1210	3004	1313
