VHI	2160.0	2295.0	318	1
2178	2505	2344	2504	1995	2146	2126	2026
GYY	2229.0	1505.0	362	1
2223	1339	2295	1620	2060	1649	2338	1414
BOH	377.0	1251.0	416	1
268	1161	293	1413	546	1126	402	1305
TUH	1375.0	1230.0	472	1
1134	908	1481	1415	1370	1234	1516	1364
KGU	1312.0	1753.0	237	1
1470	1742	1339	1715	1332	1655	1109	1903
ZZT	928.0	832.0	345	1
654	1074	962	624	1066	858	1030	774
IMO	682.0	2744.0	444	1
783	2997	569	2843	505	2580	872	2557
VLX	1966.0	519.0	430	1
2170	678	1955	449	1777	680	1964	270
OPJ	2732.0	1153.0	480	1
2678	1395	2799	1076	2841	1187	2610	954
VSZ	2862.0	1688.0	416	1
2878	1714	2974	1504	2786	1810	2811	1725
UGW	2858.0	2543.0	449	1
2899	2398	2774	2481	2861	2713	2899	2582
REV	2141.0	872.0	484	1
2085	751	1954	957	2124	942	2404	838
USE	1546.0	595.0	457	1
1696	552	1602	469	1186	581	1700	781
UPQ	820.0	1658.0	450	1
1091	1665	610	1596	843	1581	737	1793
USW	1739.0	2394.0	230	1
1616	2297	1930	2584	1865	2615	1545	2082
CSM	2053.0	1904.0	370	1
2271	1977	2101	1960	2049	1866	1792	1815
TRC	1624.0	2894.0	220	1
1425	2832	1848	2794	1759	3089	1465	2863
SKS	2300.0	1193.0	394	1
2266	1122	2390	1317	2329	1075	2218	1261
CIC	1012.0	2682.0	289	1
1033	2649	1014	2753	1107	2679	895	2648
NQT	788.0	2383.0	457	1
788	2143	603	2346	888	2502	874	2543
VCU	2962.0	1316.0	456	1
2901	1321	2932	1451	3151	1213	2867	1282
EJI	530.0	1976.0	454	1
598	1916	576	2194	429	1728	520	2067
TUP	1128.0	2156.0	418	1
1136	2004	1059	2273	1130	2124	1189	2225
EMR	441.0	2793.0	330	1
462	2913	411	2868	448	2721	446	2672
CLJ	1654.0	1556.0	456	1
1615	1603	1946	1432	1540	1442	1518	1750
KYK	2464.0	2573.0	375	1
2344	2365	2356	2726	2475	2643	2682	2561
UAI	2769.0	2205.0	298	1
2807	2164	2635	2265	2956	2201	2681	2191
QQU	2543.0	1931.0	411	1
2452	1738	2669	1901	2377	2006	2675	2079
GWI	2323.0	513.0	334	1
2213	657	2184	454	2375	441	2522	502
ZFS	1921.0	1214.0	283	1
1903	1347	1867	971	2020	1253	1896	1287
YOZ	1400.0	2346.0	495	1
1287	2336	1448	2197	1327	2330	1538	2524
JST	642.0	1471.0	204	1
451	1436	596	1487	885	1428	638	1536
LBX	2958.0	697.0	462	1
2941	912	3090	664	2776	647	3025	566
JMI	419.0	415.0	325	1
208	435	717	282	368	573	386	373
DXV	2623.0	300.0	458	1
2709	296	2672	333	2644	272	2467	299
ELT	2658.0	744.0	421	1
2672	645	2709	440	2697	951	2556	940
XTU	1054.0	2469.0	410	1
1029	2485	1015	2365	1057	2405	1116	2622
KRL	1713.0	849.0	386	1
1549	817	1646	862	1837	906	1822	812
NDQ	2777.0	2945.0	213	1
2860	2943	2639	2784	3044	2942	2568	3113
EKJ	2180.0	2819.0	377	1
2164	2791	2034	2899	2297	2901	2228	2687
VJI	2482.0	1309.0	422	1
2429	1360	2560	1177	2401	1204	2539	1498
STJ	451.0	823.0	256	1
401	590	429	773	456	974	521	958
UXG	1396.0	367.0	309	1
1468	357	1487	316	1277	331	1353	464
GWL	1398.0	2113.0	481	1
1512	1986	1367	2125	1238	2144	1478	2197
DIT	871.0	1184.0	328	1
625	1124	904	1232	1098	1161	859	1221
UDP	2376.0	2990.0	465	1
2436	3116	2307	2853	2430	2936	2333	3057
LAQ	307.0	2401.0	279	1
247	2227	283	2619	383	2316	316	2443
QNA	2414.0	1637.0	415	1
2350	1543	2552	1716	2359	1554	2397	1737
MIH	1317.0	2959.0	219	1
1226	2929	1396	3016	1398	2982	1250	2910
GVM	3105.0	2681.0	385	1
3085	2852	3124	2623	3080	2718	3131	2533
