EVO	2665.0	2547.0	32	1
3024	2478	2582	2733	2488	2536	2567	2442
FJU	1009.0	1706.0	21	1
1015	1455	1071	1895	934	1645	1016	1830
EBU	1904.0	2034.0	8	1
1992	1988	1721	1920	2155	2025	1750	2203
UUP	765.0	1210.0	298	1
889	1336	668	1328	703	1056	803	1121
NOB	843.0	2704.0	210	1
776	2656	648	2528	804	2973	1147	2660
CVV	1599.0	666.0	28	1
1405	674	1603	786	1848	569	1540	635
JXP	1270.0	2240.0	194	1
1273	2154	1244	2054	1302	2286	1264	2468
BKI	1947.0	882.0	153	1
1862	1032	1980	797	1926	978	2020	723
XUJ	2623.0	1587.0	20	1
2699	1793	2684	1556	2556	1606	2554	1396
UNX	2040.0	2635.0	168	1
2042	2334	1964	2756	2198	2745	1958	2708
FQV	2359.0	752.0	92	1
2293	631	2406	625	2222	929	2515	826
IMN	1596.0	3119.0	7	1
1606	3140	1737	3041	1660	3154	1383	3144
YTK	2304.0	1624.0	80	1
2287	1598	2448	1490	2008	1653	2476	1757
MCJ	466.0	2308.0	258	1
286	2425	808	2134	397	2301	373	2372
LHW	2773.0	529.0	20	1
3055	468	2551	609	2674	772	2815	269
NSQ	1712.0	2606.0	31	1
1521	2717	1679	2504	1854	2481	1795	2724
GID	507.0	524.0	129	1
247	770	762	691	337	460	683	177
ZGX	1827.0	1298.0	108	1
1909	1218	2022	1228	1745	1266	1634	1481
BSZ	2067.0	533.0	229	1
2055	473	2202	453	2006	578	2007	631
TNP	2490.0	553.0	157	1
2505	569	2518	603	2458	509	2482	534
RXS	2746.0	1931.0	54	1
2929	1909	2959	1865	2567	2125	2532	1826
BFP	2301.0	1088.0	32	1
2056	1208	2305	1111	2411	1073	2435	963
BLG	2335.0	421.0	79	1
2405	373	2315	531	2221	316	2402	466
YCG	445.0	1859.0	198	1
720	1767	243	1901	242	1826	577	1945
TGO	1278.0	1118.0	35	1
1369	1245	1266	983	1041	1312	1437	932
ROF	2848.0	1447.0	115	1
3080	1710	2777	1570	2750	1199	2787	1312
GVJ	2832.0	968.0	212	1
2646	889	2811	1154	2988	779	2884	1050
FXJ	1460.0	1816.0	297	1
1449	1890	1687	1876	1364	1712	1342	1788
GQW	636.0	1436.0	118	1
630	1359	868	1339	627	1389	421	1659
TPL	1252.0	829.0	175	1
1221	752	1312	755	1267	921	1208	890
PUM	2367.0	1897.0	257	1
2274	1936	2414	1821	2251	1994	2530	1838
UMX	978.0	608.0	209	1
1316	709	911	718	787	453	900	553
TDA	442.0	2784.0	180	1
252	2697	481	2681	647	2692	388	3067
HFY	1319.0	1602.0	298	1
1566	1567	1348	1472	1181	1690	1182	1680
RQF	1284.0	2795.0	79	1
1149	2574	1420	2764	1344	2870	1226	2975
DAS	1060.0	2119.0	96	1
1173	2234	1200	1977	855	2230	1015	2037
RHZ	2423.0	2189.0	184	1
2306	2211	2392	2009	2529	2366	2466	2170
AUK	1086.0	875.0	56	1
1113	871	1091	914	1207	786	934	931
YHT	2643.0	2887.0	259	1
2588	2888	2690	2979	2594	2766	2703	2916
WRZ	1561.0	2114.0	34	1
1681	2064	1324	2346	1597	2101	1644	1948
CBF	1945.0	1799.0	140	1
1919	1819	1990	1768	2069	1833	1802	1779
JTZ	269.0	1116.0	192	1
416	1159	195	1342	211	1116	257	848
GRF	536.0	979.0	52	1
440	1107	640	837	423	1007	641	967
TGG	745.0	2017.0	172	1
834	2127	715	1985	581	1978	850	1978
TRZ	1575.0	1064.0	252	1
1642	1114	1470	1130	1753	1090	1437	923
GMC	1958.0	2899.0	6	1
2220	2787	2008	3119	1771	2901	1835	2790
YWO	1038.0	253.0	95	1
979	341	1205	219	951	196	1020	257
NDO	2326.0	2896.0	206	1
2370	3040	2444	2985	2224	2643	2269	2919
FDS	2085.0	330.0	284	1
2185	257	1987	324	2180	314	1990	427
IBC	1796.0	447.0	127	1
1949	473	1871	470	1631	389	1733	456
