PYV	1190.0	753.0	333	1
1314	778	1204	1102	868	543	1374	592
OEB	2455.0	546.0	273	1
2219	488	2413	548	2614	741	2576	407
HPI	2659.0	1954.0	205	1
2478	1856	2620	1727	2913	2185	2628	2050
WTU	1574.0	2504.0	408	1
1503	2481	1349	2511	1702	2709	1742	2318
KYT	2517.0	1242.0	328	1
2449	1257	2489	1408	2379	1094	2751	1209
RDF	547.0	2901.0	481	1
807	2661	339	3027	235	2812	808	3106
TOE	1400.0	1404.0	471	1
1453	1321	1283	1396	1459	1585	1408	1316
ATZ	2768.0	782.0	450	1
2941	688	2649	599	2828	960	2655	883
KPA	2054.0	2894.0	419	1
1969	3064	2025	2590	2321	3143	1902	2782
PUC	2231.0	1726.0	456	1
2405	1829	2280	1720	2372	1734	1867	1621
BHP	1195.0	2669.0	480	1
1262	2629	1254	2820	1004	2465	1260	2763
MYK	1906.0	1947.0	259	1
2081	1856	1589	1898	2065	1888	1889	2148
XAE	1865.0	1010.0	361	1
1639	925	2154	1254	2024	763	1646	1098
CEI	481.0	1375.0	238	1
572	1674	532	1363	434	1140	386	1324
QJA	2695.0	1536.0	384	1
2784	1646	2555	1420	2495	1662	2949	1416
EAN	1051.0	1629.0	297	1
1046	1761	980	1340	1108	1794	1073	1623
HKY	1130.0	2054.0	303	1
1000	1958	1147	2233	1065	1923	1310	2102
HUM	481.0	1781.0	340	1
697	1712	332	1701	386	1893	512	1819
VUS	742.0	2158.0	244	1
704	2258	552	2129	758	1983	957	2265
SVH	2786.0	2721.0	254	1
2832	2601	2903	2699	2791	2708	2619	2879
FWU	490.0	2523.0	380	1
417	2631	642	2417	305	2508	598	2536
URC	712.0	1322.0	407	1
633	1366	756	1426	737	1205	724	1291
WHO	1538.0	441.0	309	1
1549	265	1375	604	1675	524	1555	372
TTQ	2479.0	2541.0	325	1
2448	2678	2513	2650	2381	2299	2576	2540
QPS	431.0	677.0	342	1
701	715	316	622	510	439	200	934
PFS	2190.0	2062.0	392	1
2124	1981	2101	1967	2150	2294	2386	2008
VDQ	984.0	3031.0	354	1
896	3110	847	2828	1007	3033	1189	3155
JIW	2425.0	987.0	492	1
2294	1002	2372	968	2518	1042	2519	937
DWQ	2800.0	2462.0	285	1
2632	2532	2710	2504	3139	2267	2719	2546
SEO	2117.0	2366.0	271	1
2119	2331	2077	2503	2141	2333	2131	2299
MGP	1415.0	1788.0	418	1
1494	1903	1583	1699	1394	1733	1191	1819
CTU	1940.0	1477.0	420	1
1718	1383	2031	1554	2057	1610	1954	1363
NXU	2473.0	2892.0	429	1
2542	2701	2421	3105	2523	2795	2409	2969
TKR	1391.0	2137.0	389	1
1357	2159	1315	2125	1504	1961	1388	2306
RKD	1755.0	2871.0	227	1
1801	2910	1644	2912	1777	2895	1799	2768
IHR	403.0	2251.0	445	1
264	2383	505	2143	486	2323	358	2155
NIH	2912.0	2850.0	490	1
2906	2658	2930	2672	2910	3015	2903	3056
BOD	1843.0	347.0	204	1
1879	319	1900	553	1897	309	1699	207
HCF	902.0	2430.0	232	1
1002	2498	984	2535	867	2359	755	2329
UND	1671.0	1666.0	472	1
1702	1692	1656	1841	1683	1575	1643	1558
EZP	3004.0	1576.0	364	1
2957	1648	3003	1265	3069	1568	2987	1825
QUZ	1329.0	2804.0	281	1
1345	2789	1345	2870	1297	2975	1330	2582
RNI	1518.0	1494.0	391	1
1502	1661	1471	1677	1620	1269	1482	1369
MVC	3042.0	1026.0	263	1
3112	973	2876	1028	3144	1073	3038	1032
BEJ	1483.0	915.0	492	1
1417	953	1494	774	1562	804	1459	1132
OYU	1404.0	1634.0	254	1
1297	1622	1466	1611	1451	1608	1405	1696
MVO	1060.0	323.0	471	1
1214	421	1112	151	1023	384	893	337
KUC	2641.0	246.0	459	1
2508	173	2645	284	2776	148	2636	379
DFF	2081.0	574.0	413	1
2107	550	1953	347	2108	720	2156	680
CBZ	2259.0	1527.0	466	1
2218	1488	2284	1596	2223	1582	2313	1443
