UNS	2414.0	1860.0	222	1
2446	2087	2270	1952	2662	1558	2278	1845
MCM	2454.0	2484.0	196	1
2432	2572	2204	2267	2512	2687	2671	2413
SIU	1591.0	1825.0	127	1
1426	1800	1552	1850	1496	1787	1891	1866
BRP	1254.0	448.0	200	1
1140	586	1215	464	1228	317	1436	427
ALT	952.0	2669.0	166	1
982	2710	1160	2898	850	2570	817	2498
CTQ	2405.0	525.0	81	1
2574	212	2431	774	2289	648	2327	469
TKD	661.0	609.0	59	1
848	559	627	441	832	843	338	595
QWI	2759.0	1355.0	183	1
2691	1164	2859	1261	2707	1547	2779	1448
UCL	2484.0	1260.0	292	1
2101	1190	2635	1133	2575	1237	2627	1483
FKO	1121.0	1278.0	35	1
1231	1305	1249	1142	1272	1349	733	1318
JAN	1045.0	1844.0	257	1
1220	1919	828	1699	1071	1984	1061	1776
MNF	1690.0	2670.0	215	1
1866	2879	1648	2536	1684	2831	1565	2436
LCF	1270.0	2841.0	8	1
1165	2775	1195	2592	1512	3093	1208	2904
FTS	1082.0	752.0	28	1
960	721	1242	619	1092	735	1037	933
GUV	1574.0	1575.0	245	1
1568	1624	1758	1601	1295	1730	1676	1345
DYS	365.0	2200.0	229	1
564	2156	307	2183	330	2393	262	2071
IDM	1777.0	911.0	40	1
1891	767	1707	1154	1800	936	1712	787
TED	2940.0	2629.0	262	1
3151	2574	2841	2516	2997	2638	2773	2790
XIO	1938.0	523.0	132	1
2236	300	1814	511	1903	641	1801	640
VXB	1915.0	2206.0	41	1
1764	2219	2065	2245	1968	2090	1864	2273
TYC	468.0	1150.0	137	1
280	1045	708	1210	528	1297	356	1051
XWZ	1462.0	2168.0	212	1
1629	2084	1636	2124	1324	2268	1260	2197
URX	2819.0	1029.0	16	1
2647	1065	2772	990	2891	921	2966	1142
PQZ	1104.0	2083.0	201	1
1192	2051	975	2139	1258	2019	991	2126
AVE	689.0	350.0	292	1
637	428	826	332	560	398	734	243
OZB	536.0	2579.0	234	1
504	2608	378	2596	626	2487	639	2625
HTI	451.0	2715.0	159	1
177	2688	332	2709	685	2829	613	2637
CYZ	925.0	1538.0	156	1
745	1541	1042	1530	867	1562	1047	1522
SUL	538.0	1511.0	23	1
495	1519	681	1349	710	1499	268	1678
QOP	1921.0	1381.0	134	1
1771	1351	2077	1442	1824	1450	2015	1282
NBV	2912.0	2273.0	243	1
2967	2275	2868	2122	2981	2404	2833	2291
XIU	2443.0	951.0	111	1
2525	854	2577	944	2437	922	2235	1085
LIM	2850.0	2940.0	154	1
2680	2790	2982	2985	2953	3002	2786	2985
TCV	2116.0	1950.0	115	1
2125	1765	2255	2083	2185	2070	1899	1884
EIY	2888.0	596.0	205	1
2886	692	2878	433	3101	655	2688	607
RIL	643.0	2158.0	44	1
576	2072	604	2273	706	2245	687	2042
HLW	2428.0	2947.0	146	1
2199	2836	2444	3039	2657	2882	2415	3033
KOR	2443.0	2735.0	101	1
2406	2782	2610	2735	2258	2710	2500	2715
BAK	1631.0	960.0	163	1
1593	1015	1693	859	1613	1007	1627	959
RYO	2965.0	240.0	231	1
2979	166	3133	194	3112	405	2637	195
WLK	506.0	1802.0	249	1
784	1751	426	1956	398	1741	418	1760
BHX	1573.0	550.0	102	1
1726	469	1629	619	1476	681	1464	432
BNI	2094.0	2948.0	93	1
2141	2816	1871	2948	2187	3004	2177	3027
SUG	1356.0	870.0	96	1
1259	647	1313	647	1457	1047	1396	1141
FKZ	2043.0	801.0	143	1
2218	972	1893	701	1946	657	2117	875
TJH	1052.0	2306.0	254	1
1155	2273	1096	2271	1071	2268	888	2414
DAS	255.0	721.0	148	1
291	758	252	391	269	895	211	842
HKV	945.0	2989.0	118	1
1114	3067	1057	2926	961	2987	649	2978
SDN	890.0	456.0	121	1
867	333	935	429	906	289	852	776
GKS	1835.0	1630.0	105	1
1840	1549	1856	1537	1807	1766	1840	1671
