UYK	1444.0	1256.0	166	1
1345	1546	1676	1008	1313	1160	1443	1312
WXD	2303.0	867.0	248	1
2316	1154	2245	779	2103	813	2551	723
TDP	1699.0	1925.0	168	1
1723	1871	1758	1659	1478	2148	1839	2024
HCR	681.0	2430.0	241	1
762	2735	639	2311	608	2286	717	2391
XEC	2658.0	2278.0	275	1
2541	2229	2776	2165	2665	2313	2652	2406
QJJ	1657.0	458.0	214	1
1472	733	1552	428	1664	463	1940	208
CDU	1775.0	2366.0	191	1
1926	2159	1647	2335	1728	2689	1799	2284
PLE	1885.0	1136.0	291	1
1906	1276	1836	957	1919	1153	1881	1159
YJB	724.0	1027.0	92	1
590	1138	664	772	931	1077	712	1124
BON	2403.0	1619.0	172	1
2477	1603	2252	1587	2395	1537	2490	1751
CXB	2417.0	381.0	27	1
2288	196	2662	419	2242	349	2478	561
EPH	359.0	2317.0	82	1
339	2380	314	2430	541	1966	245	2494
DKG	2928.0	2685.0	7	1
2987	2598	2871	2574	2850	2858	3004	2712
DNF	2896.0	814.0	259	1
3165	906	2627	750	2706	885	3087	718
MMH	1173.0	2432.0	177	1
1243	2249	1030	2555	1284	2295	1136	2630
CKU	2319.0	2918.0	276	1
2385	2863	2541	3083	2073	2786	2279	2941
KSC	2277.0	2376.0	290	1
2319	2586	2331	2558	2239	2330	2222	2033
DMA	1350.0	464.0	245	1
1338	430	1211	784	1395	347	1456	297
LMJ	2815.0	1466.0	188	1
3137	1393	2747	1459	2595	1353	2782	1659
JOE	2375.0	2681.0	129	1
2302	2641	2627	2596	2121	2771	2453	2718
FFT	2391.0	1854.0	173	1
2101	1899	2362	1751	2547	1920	2556	1849
LJO	829.0	1668.0	151	1
1023	1675	717	1579	900	1717	677	1702
FQT	315.0	2680.0	33	1
380	3017	196	2599	463	2558	221	2546
SXJ	1153.0	976.0	208	1
1251	915	1099	1016	1091	884	1173	1092
BTL	2918.0	2242.0	254	1
2879	2285	2982	2030	2827	2344	2985	2310
PAV	2117.0	1298.0	88	1
1988	1221	2051	1212	2335	1228	2096	1532
VZY	781.0	1990.0	134	1
667	2195	755	1793	981	2095	722	1878
RYT	2424.0	2353.0	152	1
2448	2167	2453	2269	2361	2392	2437	2584
NNB	1010.0	416.0	120	1
1131	338	994	673	920	365	996	289
FGQ	347.0	1168.0	128	1
253	991	380	1176	564	1403	192	1105
ONN	990.0	1501.0	234	1
780	1483	1100	1506	1052	1535	1028	1483
MOQ	1451.0	2451.0	274	1
1293	2371	1583	2414	1446	2320	1484	2701
UPJ	1900.0	1460.0	281	1
1929	1365	1879	1462	1850	1542	1942	1473
IJL	2006.0	2065.0	59	1
2060	2129	2066	2062	1993	2022	1907	2050
OMT	797.0	2955.0	276	1
668	2910	872	3053	966	2767	682	3090
RVM	935.0	1391.0	232	1
607	1421	861	1425	1121	1288	1151	1433
HJC	811.0	1243.0	299	1
649	1197	792	1275	1132	1223	674	1277
HZX	317.0	838.0	136	1
501	646	116	897	372	832	282	979
LAA	418.0	1911.0	112	1
412	1943	296	1937	448	1821	519	1945
KUW	1383.0	1606.0	94	1
1615	1611	1374	1628	1182	1625	1363	1562
BZV	1190.0	1859.0	257	1
1153	1822	1424	2090	1122	1896	1063	1630
JGZ	1847.0	907.0	42	1
1785	929	1770	803	2046	952	1788	944
OFB	1940.0	2984.0	138	1
1783	3035	1960	2912	2008	2897	2012	3093
DUP	2959.0	1734.0	92	1
2917	1703	2914	1804	3024	1762	2984	1668
LTJ	471.0	359.0	62	1
223	255	626	203	547	435	490	543
NOS	2833.0	371.0	223	1
3024	183	2825	644	2690	245	2796	412
RQK	2534.0	1280.0	192	1
2513	1251	2585	1276	2575	1291	2466	1303
FLW	3059.0	2574.0	121	1
3089	2812	3055	2386	3074	2758	3020	2343
MVN	1474.0	3020.0	125	1
1756	3136	1346	3008	1435	3017	1359	2922
JEH	2365.0	664.0	14	1
2276	586	2430	691	2605	693	2152	689
