GHI	2423.0	1919.0	445	1
2388	1860	2445	1920	2335	1934	2527	1963
ZIZ	235.0	2703.0	333	1
365	2586	172	2564	210	2862	194	2803
ILK	667.0	2722.0	257	1
488	2612	489	2781	746	2518	946	2978
MZZ	1453.0	2669.0	288	1
1576	2535	1232	2740	1386	2818	1618	2586
CVN	1772.0	2435.0	235	1
1777	2331	1777	2466	1676	2416	1860	2530
POB	2384.0	2389.0	258	1
2697	2135	2287	2297	2110	2477	2444	2650
YVZ	2722.0	1184.0	414	1
2569	1278	2556	1135	2880	1025	2885	1301
LAB	877.0	564.0	443	1
1052	776	712	767	987	455	759	258
QHJ	818.0	1955.0	405	1
827	2004	901	2013	610	1697	935	2107
JRR	373.0	836.0	339	1
692	759	485	680	196	1180	121	725
WJJ	1063.0	1883.0	226	1
1113	1701	1101	1735	1061	2010	979	2086
MXE	2692.0	510.0	353	1
2750	310	2590	722	2716	481	2712	527
JRE	2278.0	497.0	304	1
2434	419	2175	503	2280	353	2225	716
YFG	1102.0	997.0	435	1
1181	1112	1063	889	928	950	1236	1039
EGL	2325.0	1210.0	287	1
2187	1222	2479	1266	2295	1045	2341	1307
ZGT	2485.0	811.0	391	1
2400	809	2471	839	2656	765	2416	833
ZCI	1335.0	735.0	255	1
1317	1043	1373	587	1255	762	1398	550
MUO	1381.0	1669.0	463	1
1652	1953	1340	1718	1131	1586	1404	1422
YOF	2084.0	1809.0	219	1
2189	1533	2062	1971	2159	1917	1926	1817
PLA	1604.0	3026.0	479	1
1586	3081	1594	3041	1360	3116	1878	2869
UJQ	1704.0	809.0	220	1
1507	995	1785	896	1817	739	1710	607
IGO	1696.0	1141.0	394	1
1750	1289	1510	1079	1772	1097	1752	1102
QZS	2478.0	1536.0	229	1
2655	1572	2376	1588	2251	1368	2633	1619
TCH	474.0	1397.0	249	1
415	1347	455	1496	450	1296	578	1451
IEG	2961.0	1652.0	452	1
3074	1555	3010	1941	2870	1382	2891	1731
VDA	418.0	1853.0	217	1
534	1976	409	1636	410	1805	319	1997
GCB	445.0	2332.0	328	1
362	2274	148	2301	551	2403	721	2351
ZMQ	1894.0	2710.0	424	1
2059	2693	1767	2647	1977	2821	1773	2681
UET	3130.0	2796.0	406	1
3120	2942	3163	2631	3186	2842	3051	2769
LLT	2950.0	2169.0	443	1
2997	2196	3011	2187	2721	2080	3073	2214
SIO	1828.0	2069.0	479	1
1924	1972	1749	2139	1927	2034	1715	2133
STC	1234.0	1224.0	448	1
1008	1181	1479	1319	1327	1223	1123	1175
UWO	2059.0	1183.0	397	1
2163	1334	2085	1166	2070	1270	1919	962
VIB	2059.0	579.0	498	1
2138	696	2016	370	1978	616	2106	636
RSR	1391.0	2251.0	257	1
1521	2132	1316	2268	1499	2465	1230	2139
KZQ	2453.0	2972.0	467	1
2584	2872	2465	3034	2487	2903	2277	3082
ESG	2962.0	522.0	443	1
2935	603	3006	539	3048	466	2861	483
BGT	2891.0	2694.0	466	1
2995	2566	2765	2665	2840	2885	2964	2662
FNZ	1610.0	2217.0	203	1
1683	2308	1645	2149	1526	2150	1587	2262
UDE	739.0	1462.0	333	1
879	1384	900	1527	599	1631	579	1306
ZPR	1100.0	568.0	442	1
1078	777	1183	323	1053	513	1089	661
BVW	1033.0	2665.0	324	1
993	2528	1109	2703	948	2847	1083	2583
EZW	2388.0	1728.0	304	1
2553	1692	2306	1699	2437	1757	2259	1766
EZS	2400.0	2779.0	305	1
2214	2734	2256	2749	2694	2809	2439	2825
VLE	2792.0	2471.0	315	1
2798	2493	2770	2489	2744	2350	2857	2553
XDJ	2850.0	857.0	415	1
2804	765	2859	825	2986	904	2752	935
MCI	1455.0	739.0	367	1
1452	473	1472	1042	1399	976	1497	467
RWE	471.0	616.0	269	1
474	561	527	661	426	627	459	617
MXW	959.0	2335.0	248	1
1014	2374	956	2504	762	2276	1105	2188
UHX	1813.0	360.0	215	1
1698	424	1929	200	1795	394	1833	422
