FJF	2367.0	1868.0	237	1
2327	1687	2580	1689	2047	2222	2515	1875
UAT	1660.0	2576.0	418	1
1627	2681	1489	2514	2008	2408	1517	2702
WZB	605.0	871.0	229	1
789	850	454	661	675	1110	504	864
WFD	2556.0	2735.0	428	1
2526	2564	2410	2561	2455	2986	2836	2832
LEO	2089.0	497.0	445	1
2085	423	2265	665	2106	426	1903	477
NHK	2249.0	978.0	340	1
2094	1007	2212	1074	2370	1106	2320	726
SRL	655.0	2530.0	417	1
486	2658	735	2628	854	2437	547	2399
WIV	476.0	1298.0	444	1
620	1272	333	1244	329	1181	625	1497
EWT	2085.0	2788.0	491	1
2134	2734	2129	2794	2089	2741	1990	2885
DTN	1522.0	1981.0	350	1
1460	1945	1499	2138	1498	1815	1632	2028
XPI	1482.0	1635.0	370	1
1331	1614	1698	1694	1662	1730	1238	1503
PJI	1726.0	1213.0	365	1
1630	1381	1623	1318	1590	1050	2061	1105
XVG	1033.0	1966.0	387	1
953	2011	926	2022	1096	1955	1158	1878
BJI	2622.0	803.0	222	1
2554	898	2789	655	2461	965	2686	694
PLW	1095.0	2767.0	403	1
1111	2876	1248	2639	1008	2874	1014	2680
GEA	1784.0	1974.0	230	1
1792	1912	1761	1764	1828	2066	1756	2157
TKV	2339.0	1487.0	384	1
2185	1609	2511	1435	2199	1281	2464	1625
EHP	1178.0	750.0	497	1
1151	947	1039	712	1397	500	1126	844
BCQ	1419.0	379.0	433	1
1311	278	1391	446	1416	455	1558	337
PWI	1211.0	2326.0	238	1
1374	2292	1057	2478	1150	2321	1263	2216
JEX	785.0	1818.0	276	1
812	1678	722	2031	724	1968	884	1596
STP	2707.0	2383.0	394	1
2552	2547	2725	2301	2615	2371	2936	2313
OKP	2979.0	1341.0	227	1
2948	1231	2851	1580	3078	1447	3039	1107
DDS	666.0	593.0	217	1
848	492	789	599	371	637	656	645
UOE	871.0	2810.0	371	1
974	2748	692	2820	961	2908	857	2765
EGC	1329.0	1354.0	479	1
1201	1501	1144	1464	1538	1221	1434	1233
EQV	505.0	2068.0	422	1
632	2041	328	2353	603	1912	457	1967
QNQ	1557.0	765.0	413	1
1766	871	1415	902	1486	498	1561	792
UVB	2219.0	2388.0	388	1
2224	2265	2451	2528	2115	2289	2087	2471
PYB	2654.0	1527.0	411	1
2583	1386	2636	1706	2617	1464	2783	1555
AIF	359.0	2826.0	483	1
432	2671	289	2865	362	2763	355	3005
XON	968.0	1174.0	315	1
873	963	886	1314	1014	1446	1101	976
ZOD	2771.0	2151.0	234	1
3021	2113	2707	2092	2673	2182	2685	2219
EZN	2512.0	363.0	269	1
2677	581	2345	364	2566	192	2460	317
JXG	460.0	1743.0	492	1
388	1752	521	1746	327	1679	604	1795
SUL	3046.0	964.0	487	1
3067	809	3001	1063	3140	905	2979	1080
JLL	1688.0	2278.0	348	1
1417	2274	1911	2293	1714	2311	1713	2236
URR	1981.0	1682.0	230	1
2014	1477	1985	1869	2013	1793	1914	1592
FLS	1372.0	991.0	487	1
1511	1039	1348	949	1475	1005	1156	971
JBK	888.0	708.0	234	1
880	564	854	934	936	636	883	700
MSA	2884.0	429.0	339	1
2865	481	2869	569	2848	278	2955	390
UDX	1276.0	1903.0	203	1
1304	2001	1293	1813	1314	2007	1196	1793
BXK	2784.0	1787.0	492	1
2755	1821	2626	1768	2629	1836	3126	1725
QUF	1439.0	2907.0	222	1
1385	2798	1538	3042	1345	2788	1489	3001
CFR	482.0	320.0	289	1
248	281	695	188	696	404	292	410
QVZ	1696.0	964.0	499	1
1855	948	1515	1015	1671	927	1745	966
ZRI	2603.0	1094.0	471	1
2758	1075	2578	1079	2609	1206	2470	1019
FAP	320.0	2546.0	275	1
345	2489	144	2504	466	2531	325	2660
CSX	1761.0	2893.0	406	1
1565	3055	1708	2811	1915	2818	1857	2890
YIV	2997.0	2770.0	358	1
2854	2555	3088	2760	3060	3038	2988	2728
