AJW	627.0	1848.0	108	1
561	1737	858	1811	708	1767	384	2079
YZS	1012.0	1282.0	245	1
1048	1392	993	1010	1142	1473	868	1253
ALZ	2850.0	3017.0	122	1
3012	3020	2558	2886	2825	3146	3008	3016
NQV	1847.0	2650.0	148	1
1544	2714	2048	2693	1708	2482	2089	2713
XEI	2658.0	1247.0	20	1
2664	1217	2823	1218	2606	1039	2542	1517
LCL	1741.0	2030.0	68	1
1489	1878	1895	2369	1826	2023	1756	1853
OUH	2278.0	2151.0	173	1
2172	2167	2354	2100	2221	2120	2367	2218
JEC	411.0	853.0	288	1
244	1032	292	570	450	937	659	874
MOK	268.0	1294.0	249	1
258	1117	133	1239	124	1576	558	1245
QHS	2450.0	2525.0	9	1
2492	2594	2511	2459	2481	2649	2316	2401
SCG	1558.0	1645.0	35	1
1395	1397	1371	1714	1676	1758	1793	1713
MRG	1563.0	912.0	173	1
1596	1035	1589	898	1493	1152	1574	565
ZHG	797.0	2513.0	92	1
861	2454	835	2798	709	2539	783	2261
ZRJ	1203.0	1288.0	83	1
1200	1330	1201	1468	1180	1330	1232	1025
SRT	2191.0	798.0	26	1
2111	919	2294	894	2162	736	2197	645
EOC	2206.0	1382.0	217	1
1928	1610	2142	1092	2350	1344	2407	1483
PKR	2999.0	1348.0	285	1
2878	1735	3059	1214	2958	1211	3104	1234
JQU	2741.0	562.0	176	1
2539	867	2621	300	2912	649	2895	433
GWD	1098.0	1873.0	296	1
1066	1976	1322	1883	1071	1659	933	1975
ECK	1212.0	831.0	195	1
1091	855	1466	862	1242	926	1052	684
ILM	2762.0	2100.0	60	1
2925	1938	2569	2210	2797	2069	2757	2184
EXV	1905.0	926.0	78	1
1935	990	1886	872	2052	980	1750	864
LPB	1036.0	2203.0	216	1
1002	2248	1011	2377	938	2189	1196	1999
BJO	716.0	1400.0	35	1
599	1561	850	1481	604	1137	811	1421
OLO	1287.0	2625.0	175	1
1104	2903	1479	2429	1321	2691	1246	2480
REW	1048.0	484.0	71	1
958	321	967	627	1275	451	995	538
ICV	880.0	2979.0	44	1
790	2856	1040	3124	1080	2798	613	3140
BRZ	2072.0	1943.0	13	1
2060	1668	2035	1983	2066	2021	2128	2100
TOM	2355.0	541.0	203	1
2490	488	2530	614	2165	567	2238	498
YFW	751.0	873.0	56	1
760	989	809	1097	674	612	761	794
IIP	1678.0	2765.0	280	1
1909	2762	1521	2809	1512	2716	1770	2776
SST	374.0	2372.0	261	1
175	2169	702	2451	107	2277	512	2592
IMP	2794.0	2562.0	203	1
3009	2386	2892	2759	2637	2534	2638	2570
CWF	1823.0	446.0	53	1
2089	631	1672	426	1874	350	1660	378
KOM	1580.0	1191.0	35	1
1812	1200	1623	1202	1411	1153	1474	1212
UMS	753.0	455.0	277	1
721	554	846	349	749	525	699	394
MQR	445.0	2851.0	248	1
551	2721	318	2877	487	2790	424	3018
XTN	2186.0	2927.0	208	1
2282	3090	2130	2839	2243	2972	2091	2807
BUZ	1373.0	2239.0	8	1
1424	2289	1272	2076	1344	2418	1452	2176
SQW	2715.0	1754.0	1	1
2762	1750	2666	1623	2564	1778	2870	1868
QFP	2077.0	237.0	209	1
2179	202	1998	140	1841	303	2291	305
FYW	2210.0	1028.0	99	1
2147	1032	2095	1012	2392	1053	2206	1017
KKM	2398.0	2765.0	55	1
2376	2868	2349	2743	2421	2739	2448	2713
DFY	1590.0	2959.0	97	1
1660	2920	1472	2998	1446	2921	1782	2999
RRX	1339.0	1220.0	18	1
1304	1056	1319	1160	1335	1300	1399	1364
ADU	2591.0	2297.0	247	1
2367	2290	2733	2344	2668	2222	2597	2333
BMU	2200.0	2454.0	62	1
2206	2601	2267	2231	2120	2259	2210	2725
XEP	509.0	410.0	214	1
477	384	545	424	441	389	574	443
QTZ	961.0	841.0	79	1
876	970	1013	741	926	986	1029	669
HTE	1820.0	703.0	173	1
1611	806	1806	633	1889	672	1977	701
