ULO	644.0	469.0	491	1
826	452	782	677	456	350	515	398
VUT	2451.0	2593.0	294	1
2526	2635	2257	2530	2656	2544	2367	2663
MOI	1192.0	653.0	448	1
1431	718	999	812	1352	545	986	537
BTM	2104.0	2484.0	422	1
2213	2523	1927	2375	2041	2787	2237	2253
RBX	2145.0	1976.0	457	1
2087	1976	2157	2020	2316	1970	2022	1941
TCG	926.0	2556.0	375	1
596	2642	1108	2720	1031	2639	972	2224
WYH	1944.0	1250.0	275	1
2138	1297	1710	1316	1929	1056	2000	1332
CRB	2695.0	848.0	333	1
2720	976	2658	908	2738	748	2666	760
CGP	2304.0	411.0	315	1
2127	557	2092	233	2522	185	2475	672
UOP	2471.0	2770.0	400	1
2461	2859	2506	2704	2440	2846	2479	2674
ICU	2768.0	2451.0	292	1
2669	2333	2788	2349	2806	2580	2809	2544
ZLR	1785.0	643.0	355	1
1657	518	1816	770	1872	564	1797	723
CHN	386.0	2762.0	258	1
520	2702	228	2906	260	2802	539	2639
HTA	721.0	1460.0	338	1
711	1405	574	1486	978	1543	623	1407
RRP	1093.0	1287.0	217	1
1053	1066	1282	1246	1048	1412	991	1425
HWL	2940.0	1809.0	449	1
2990	1919	2800	1826	2934	1685	3036	1809
WOF	1415.0	2232.0	497	1
1668	2428	1400	2158	1185	1968	1408	2376
ZLB	1432.0	1591.0	334	1
1466	1376	1560	1803	1302	1681	1402	1505
LZC	1482.0	1139.0	222	1
1628	1204	1404	1182	1495	1204	1404	968
MLC	2301.0	870.0	362	1
2329	831	2205	931	2535	867	2137	851
YLC	2129.0	1595.0	310	1
1984	1661	2437	1486	2107	1699	1989	1535
GKR	799.0	2003.0	212	1
1115	2049	677	2144	658	1857	747	1962
LHI	310.0	1415.0	223	1
175	1451	241	1504	537	1093	289	1613
OWQ	307.0	1901.0	489	1
311	1819	511	2157	289	1959	120	1670
NJN	1531.0	2719.0	368	1
1527	2644	1364	2792	1654	2546	1582	2895
VLM	2805.0	1329.0	394	1
2984	1378	2700	1316	2745	1319	2793	1306
UWW	905.0	386.0	467	1
875	425	1029	399	832	225	885	496
AHH	2489.0	2006.0	206	1
2440	2098	2372	2140	2390	1873	2755	1914
GWI	1503.0	385.0	372	1
1552	314	1502	242	1434	690	1524	296
BCN	2712.0	1699.0	271	1
2515	1807	2741	1619	2797	1854	2796	1518
LWE	821.0	965.0	381	1
690	827	704	1062	905	833	987	1138
ITG	2859.0	2259.0	235	1
2684	2197	2639	2226	3071	2289	3042	2324
WVK	900.0	2829.0	332	1
933	2763	1178	2757	792	3018	697	2780
TAC	2437.0	1403.0	425	1
2402	1440	2347	1412	2521	1424	2479	1339
DTZ	1614.0	671.0	317	1
1587	622	1638	778	1595	848	1639	439
UQX	492.0	912.0	467	1
433	888	401	1057	558	883	577	821
AUM	2477.0	1237.0	356	1
2613	1314	2340	1267	2441	1326	2517	1041
VBC	2211.0	1805.0	314	1
2115	1786	2345	1846	2061	1710	2324	1879
NVK	2899.0	1107.0	435	1
2866	1107	3089	1000	2731	1291	2912	1032
ZMH	2664.0	3008.0	204	1
2772	3066	2642	2997	2578	2919	2666	3053
MLY	2745.0	2712.0	325	1
2810	2789	2657	2665	2767	2760	2746	2637
EOM	1803.0	1767.0	321	1
1808	1747	1921	1805	1850	1699	1633	1820
DSV	2770.0	470.0	295	1
2610	639	2862	495	2729	372	2879	374
PTP	411.0	2308.0	433	1
281	2253	532	2331	578	2347	254	2304
EKU	1815.0	1954.0	263	1
1691	1974	1793	1874	1856	2059	1923	1910
LAT	450.0	219.0	430	1
278	179	646	130	332	261	546	308
XRO	730.0	1762.0	287	1
598	1713	663	1847	898	1832	761	1656
WVS	3005.0	646.0	464	1
3132	881	2928	593	2908	639	3055	473
TEC	1740.0	2608.0	250	1
1684	2638	1669	2836	1848	2439	1759	2522
IHE	2614.0	251.0	474	1
2595	313	2644	186	2594	270	2624	237
