QMJ	1224.0	1593.0	238	1
1168	1810	1526	1854	1105	1432	1097	1276
PGC	2531.0	2352.0	214	1
2446	2460	2647	2471	2377	2464	2655	2015
SXC	2338.0	2859.0	171	1
2521	2726	2353	2611	2129	3086	2349	3014
NBM	1057.0	2874.0	90	1
1118	2986	994	2626	960	2925	1157	2959
OPH	2712.0	1697.0	211	1
2539	1408	2504	1932	2731	1990	3075	1460
WBL	555.0	1457.0	169	1
436	1633	275	1563	644	1315	866	1319
GOI	1670.0	561.0	118	1
1545	437	1756	748	1855	396	1525	664
RTI	1998.0	2180.0	204	1
1987	2368	1939	2097	1985	1966	2083	2291
NTX	2779.0	1081.0	292	1
2485	1140	3004	1110	2968	812	2659	1263
ARG	788.0	802.0	140	1
879	857	911	868	537	651	825	835
NVG	725.0	2824.0	254	1
700	2706	730	2652	552	2846	918	3095
HAF	414.0	433.0	266	1
580	341	439	368	198	513	439	512
GDQ	1575.0	2563.0	122	1
1479	2691	1720	2646	1476	2257	1625	2661
JOM	2735.0	2272.0	121	1
2657	2282	2737	2147	2881	2530	2665	2131
NIK	740.0	2030.0	39	1
807	1840	611	2139	848	2211	696	1931
GUQ	1235.0	836.0	97	1
1221	812	1434	1079	1124	649	1161	804
NFO	3087.0	2487.0	296	1
2890	2400	3130	2391	3172	2614	3159	2543
SQO	2447.0	388.0	150	1
2354	172	2384	506	2526	620	2524	255
QFX	2280.0	894.0	187	1
2118	1003	2346	912	2227	946	2432	717
PTE	2228.0	1168.0	184	1
2126	1053	2107	1333	2408	1036	2272	1252
KUI	1142.0	517.0	136	1
1325	620	1191	517	1046	571	1006	363
PGW	1862.0	2983.0	181	1
1941	2989	1834	3075	1895	3078	1781	2792
FXD	1994.0	1445.0	274	1
1923	1141	2030	1629	1962	1397	2062	1615
BIS	2772.0	523.0	152	1
2701	554	2767	738	3004	376	2616	426
KBK	514.0	2358.0	5	1
575	2240	559	2419	553	2135	369	2641
PVJ	1081.0	2366.0	235	1
977	2405	905	2242	997	2550	1447	2269
GZR	805.0	2432.0	278	1
784	2599	883	2327	810	2356	743	2449
UIE	1764.0	1395.0	79	1
1671	1532	1759	1562	1745	1340	1883	1147
LKC	1298.0	1996.0	9	1
1328	2084	1360	1861	1346	2055	1158	1985
LBA	274.0	1966.0	143	1
182	2066	358	2004	386	1778	172	2018
IXR	1972.0	1769.0	177	1
1905	1807	2116	1673	2176	1840	1694	1756
QYC	475.0	611.0	154	1
565	610	304	599	564	650	468	585
TXV	2925.0	2902.0	180	1
2699	2828	3076	2930	2916	3053	3009	2799
YPS	1699.0	1017.0	109	1
1943	1063	1669	1107	1599	988	1586	911
JGN	749.0	1067.0	239	1
619	1114	760	1093	773	874	847	1190
QRN	2015.0	413.0	56	1
2064	320	2119	711	1909	207	1971	417
MZQ	965.0	1948.0	202	1
941	1850	1045	1667	941	2109	933	2168
ENI	2314.0	1561.0	108	1
2266	1483	2405	1698	2317	1635	2268	1430
JNR	2272.0	1903.0	191	1
2310	1857	2182	1969	2353	1963	2246	1825
FTU	2241.0	2213.0	9	1
2306	2379	2284	1981	2154	1998	2221	2496
PAL	976.0	1206.0	263	1
871	980	1032	1316	935	1236	1067	1293
IAV	823.0	327.0	196	1
902	255	595	292	865	540	933	222
KUM	1890.0	2220.0	172	1
1913	2358	1830	2011	1888	2388	1930	2124
WSK	1880.0	2504.0	299	1
1958	2409	1842	2579	1984	2412	1737	2617
LUP	292.0	844.0	282	1
217	1150	192	811	332	717	429	698
FXP	416.0	2868.0	254	1
438	3014	381	2670	471	3141	377	2647
NIS	1557.0	2131.0	191	1
1393	2220	1757	2227	1426	2130	1653	1950
SLI	2853.0	2717.0	97	1
3000	2776	2932	2646	2897	2768	2583	2681
IJF	267.0	2784.0	2	1
276	2938	270	2678	292	2914	231	2607
ENU	996.0	832.0	293	1
977	814	1054	824	1036	806	918	886
