XJL	1084.0	1818.0	231	1
1007	1928	1311	1940	962	1910	1059	1494
DGY	2064.0	1946.0	421	1
2005	1987	2232	1769	2015	1835	2005	2195
BFY	1762.0	1837.0	261	1
1582	1844	1823	1650	1935	1901	1709	1956
NNP	2034.0	2664.0	217	1
1983	2751	2115	2559	1975	2810	2065	2538
PKV	630.0	2323.0	227	1
790	2223	571	2486	586	2130	574	2453
SEE	2865.0	2668.0	254	1
2878	2872	2862	2698	3019	2468	2704	2635
MYC	2762.0	949.0	217	1
2790	943	2724	773	2656	1022	2881	1059
AJD	2289.0	1366.0	479	1
2523	1439	2117	1318	2415	1059	2104	1651
BMD	977.0	913.0	252	1
743	1074	1121	756	923	1082	1122	740
BGJ	1028.0	2435.0	335	1
1164	2442	878	2423	1245	2331	828	2546
MVK	730.0	1620.0	459	1
805	1496	463	1853	940	1696	712	1435
UVQ	1168.0	2820.0	413	1
1092	2926	1031	2742	1208	2808	1342	2807
WCB	1458.0	1374.0	450	1
1267	1417	1482	1357	1512	1325	1572	1398
OSO	2089.0	2344.0	407	1
2149	2234	1961	2252	2308	2473	1941	2417
MYP	418.0	694.0	461	1
649	796	281	508	395	898	349	576
SHY	2014.0	537.0	215	1
1937	617	1805	491	2035	542	2279	500
FYA	1698.0	795.0	234	1
1838	793	1678	857	1718	732	1560	798
EAP	1550.0	1056.0	237	1
1708	1164	1410	1044	1769	1077	1313	941
BCL	2794.0	1992.0	330	1
2765	2069	2964	1986	2802	1774	2645	2139
BGO	1980.0	746.0	425	1
1936	751	2035	742	1941	870	2011	622
ETH	1236.0	526.0	279	1
1335	555	1354	532	1266	351	992	669
VVC	1504.0	372.0	301	1
1362	234	1495	659	1498	259	1664	339
GDT	1491.0	2304.0	354	1
1504	2484	1855	2284	1326	2024	1279	2425
RXA	2656.0	1211.0	315	1
2577	1464	2673	1180	2556	1111	2820	1092
KQL	2251.0	773.0	414	1
2345	759	2082	747	2282	629	2295	958
DWV	938.0	1204.0	241	1
732	1156	1112	1205	862	1185	1046	1270
OYQ	2510.0	1992.0	332	1
2470	1982	2486	2178	2596	2064	2490	1747
ZVA	1820.0	2950.0	323	1
2096	2890	1738	2985	1635	2876	1811	3050
ZXQ	2785.0	613.0	341	1
2666	610	3025	552	2529	550	2923	742
HFU	1548.0	2683.0	433	1
1680	2764	1552	2549	1481	2825	1480	2594
EWL	459.0	2702.0	266	1
374	2661	334	2857	631	2703	498	2588
LQU	1108.0	251.0	418	1
1242	269	934	263	1038	205	1220	269
NZO	2637.0	2311.0	433	1
2585	2389	2683	2230	2729	2356	2554	2270
NFK	2345.0	2812.0	347	1
2458	2924	2281	2836	2135	2508	2509	2980
MQH	1073.0	3000.0	403	1
1116	2971	848	3008	1165	3020	1164	3004
TIE	1591.0	1549.0	462	1
1498	1543	1881	1526	1470	1628	1516	1501
AHU	993.0	1114.0	447	1
779	1108	1099	1127	842	1119	1252	1102
OTF	2414.0	2209.0	495	1
2415	2093	2398	2345	2423	2052	2423	2348
QOL	1888.0	1115.0	287	1
1905	1104	1811	1157	1954	1177	1884	1023
PIS	392.0	1198.0	269	1
336	1069	177	1416	712	982	344	1325
FUS	2066.0	400.0	470	1
2013	443	2006	333	2145	376	2103	451
PEQ	1450.0	737.0	278	1
1496	726	1470	784	1293	713	1541	728
HAQ	2695.0	402.0	312	1
2575	489	2483	382	2970	301	2755	437
CDU	2771.0	1634.0	377	1
2930	1681	2671	1685	2586	1583	2899	1590
EBY	368.0	2016.0	313	1
461	2029	280	2121	430	1986	303	1931
FDJ	928.0	2768.0	387	1
721	2662	961	2640	1006	2959	1025	2812
LOP	322.0	2961.0	285	1
144	2982	425	2928	197	2901	523	3036
FLR	491.0	359.0	234	1
341	157	842	410	469	412	315	457
MZM	1919.0	1375.0	398	1
2045	1298	1907	1466	1928	1409	1798	1327
AOP	1112.0	2216.0	251	1
1092	2059	1200	2248	1174	2307	985	2250
