JPZ	946.0	807.0	261	1
923	905	908	558	997	891	957	877
ESR	1915.0	2255.0	133	1
1649	2355	2009	2076	2104	2156	1898	2436
DFO	2851.0	1206.0	194	1
2889	1333	2948	1213	2910	1171	2660	1107
ZFY	1052.0	1677.0	299	1
897	1362	960	1822	1214	1783	1137	1743
MPB	2747.0	2040.0	114	1
2817	2165	2464	1927	2954	1891	2756	2180
CFM	1356.0	1104.0	255	1
1509	1004	1485	1020	1113	1120	1320	1272
SYB	1447.0	541.0	129	1
1512	407	1244	512	1427	442	1605	804
QNC	724.0	2334.0	133	1
790	2494	749	2451	785	2243	572	2149
OLF	1962.0	1589.0	80	1
2062	1763	1843	1656	2162	1401	1784	1539
UAQ	631.0	2681.0	252	1
744	2990	431	2618	559	2552	790	2566
ZOP	2046.0	802.0	198	1
2237	743	1773	627	1803	736	2372	1105
FLK	1383.0	2657.0	146	1
1284	2443	1297	2754	1505	2738	1449	2695
ZVY	2121.0	360.0	211	1
2018	458	2379	231	2123	590	1965	161
WGD	437.0	409.0	257	1
348	278	591	599	421	380	389	380
UDZ	2591.0	1543.0	43	1
2703	1634	2630	1577	2532	1541	2499	1420
STZ	2594.0	2559.0	223	1
2563	2529	2816	2807	2485	2424	2513	2479
KML	360.0	1311.0	147	1
166	1428	358	1407	540	1322	379	1089
HJK	463.0	1743.0	78	1
387	1698	167	1818	749	1905	549	1553
HLL	2669.0	878.0	181	1
2651	793	2509	759	2688	1044	2831	919
TSJ	1098.0	2458.0	26	1
1181	2565	997	2410	1056	2244	1160	2614
QSY	2943.0	2641.0	141	1
2890	2387	3022	2583	2877	2715	2985	2881
SFZ	875.0	474.0	153	1
1114	452	841	532	878	459	669	454
PFR	974.0	2056.0	16	1
801	2152	1111	1903	1105	2123	881	2047
AXZ	1714.0	2712.0	210	1
1908	2701	1506	2873	1812	2503	1633	2773
KFE	860.0	1048.0	5	1
1007	969	863	1212	701	993	869	1020
RUG	2282.0	3016.0	192	1
2326	3073	2235	2892	2381	2950	2188	3149
DGB	680.0	2072.0	239	1
609	2104	796	2102	588	1996	727	2089
JWS	1529.0	1665.0	229	1
1406	1603	1562	1662	1772	1467	1378	1931
WHL	852.0	262.0	107	1
789	404	754	316	1186	195	679	136
TNK	2133.0	2699.0	272	1
2372	2848	2062	2546	2110	2889	1990	2515
NRO	1312.0	1883.0	40	1
1330	1793	1281	1681	1371	1968	1269	2092
UDP	2757.0	434.0	240	1
3006	350	2742	320	2598	439	2682	630
FTN	2850.0	1694.0	76	1
2932	1802	2855	1682	2736	1759	2880	1535
RQZ	1824.0	1213.0	127	1
1756	1167	1866	1374	1672	1178	2005	1135
KZQ	1101.0	2791.0	267	1
847	2934	1182	2854	1206	2725	1169	2652
EVV	1955.0	1890.0	104	1
1923	1809	1852	1797	2133	2031	1915	1925
DXQ	2245.0	2312.0	235	1
2212	2205	2357	2433	2239	2265	2174	2348
ETK	527.0	726.0	155	1
472	704	471	792	374	719	792	692
QPA	1262.0	867.0	40	1
1523	861	1149	810	1177	848	1199	950
NZH	2359.0	1448.0	87	1
2440	1552	2274	1661	2430	1458	2293	1122
MNV	2488.0	550.0	71	1
2478	690	2546	610	2388	495	2540	407
MWN	1407.0	2219.0	101	1
1626	2165	1292	2189	1398	2319	1315	2203
XZL	1238.0	1911.0	130	1
1240	1921	1262	1838	1219	1764	1233	2123
QPG	1622.0	3019.0	154	1
1520	3032	1572	3085	1774	3047	1623	2912
ZBE	1817.0	470.0	218	1
1919	379	1769	466	1928	453	1653	583
KEF	408.0	2096.0	197	1
516	2168	449	1961	352	2230	316	2027
BGB	891.0	2247.0	197	1
905	2249	894	2191	976	2377	792	2172
BKT	2491.0	256.0	290	1
2537	198	2561	322	2402	260	2465	245
RTX	2401.0	1916.0	218	1
2446	1937	2318	2051	2460	1940	2381	1739
LAL	1114.0	1301.0	22	1
1223	1286	1005	1328	1368	1292	860	1301
