DBW	1694.0	1459.0	241	1
1628	1494	1710	1539	1928	1218	1513	1585
ZGX	1850.0	1009.0	18	1
1927	1051	1937	1023	1655	891	1884	1073
KQH	1057.0	1990.0	25	1
1277	2147	729	2050	1119	1666	1103	2098
MGO	2162.0	1089.0	276	1
2011	914	2066	904	2489	1262	2085	1277
SYP	1207.0	892.0	154	1
1386	660	1016	1028	1168	782	1261	1098
AWY	2594.0	1730.0	181	1
2831	1557	2568	1820	2547	1693	2432	1853
RUK	1493.0	1874.0	230	1
1420	1690	1366	2091	1754	1862	1432	1854
WGK	2732.0	2355.0	122	1
2844	2369	2856	2073	2759	2361	2471	2620
TBW	759.0	1243.0	228	1
702	1534	816	1312	862	1037	658	1091
AXR	497.0	1058.0	9	1
532	1003	298	1132	571	777	588	1320
VRL	1912.0	2459.0	61	1
1704	2538	2022	2520	2051	2236	1871	2544
YFF	432.0	679.0	156	1
713	680	392	716	288	598	336	723
MPP	1110.0	1276.0	38	1
1354	1255	878	1450	955	1210	1255	1190
LUT	384.0	1859.0	26	1
517	1586	308	2121	307	1610	407	2120
XGS	1020.0	2305.0	149	1
1246	2191	779	2436	910	2156	1147	2438
DVQ	2014.0	2879.0	283	1
2143	2910	1753	2760	2080	3130	2081	2718
QGC	2827.0	1004.0	147	1
2565	972	3022	862	2790	1020	2933	1165
EJB	2648.0	580.0	54	1
2379	730	2653	687	2754	540	2808	363
KWL	900.0	2946.0	213	1
939	2937	845	2795	930	3016	888	3039
BKO	1507.0	2566.0	201	1
1505	2576	1360	2610	1533	2692	1633	2388
XBP	3000.0	1382.0	191	1
2978	1219	3079	1282	3143	1522	2802	1507
OTM	622.0	2829.0	121	1
637	2752	576	2745	640	3047	636	2772
CRM	2168.0	2004.0	56	1
2219	2071	2025	1890	2228	1915	2200	2141
BTC	2255.0	577.0	17	1
2227	471	2288	799	2159	592	2347	446
IIH	1973.0	326.0	287	1
1997	396	2041	470	1785	332	2069	108
FGL	1268.0	2815.0	177	1
1192	2866	1344	2878	1412	2810	1125	2707
AQB	2181.0	1633.0	96	1
2106	1722	2159	1531	2254	1633	2207	1647
DIS	977.0	2551.0	52	1
1227	2558	1111	2466	832	2491	739	2692
CRR	856.0	439.0	174	1
538	504	952	529	1031	252	906	471
KSY	1493.0	1662.0	57	1
1566	1684	1529	1675	1473	1612	1407	1679
TDE	2945.0	2699.0	19	1
2814	2635	2780	2659	3032	2638	3154	2867
XAJ	402.0	2573.0	19	1
507	2656	445	2666	304	2463	352	2509
IKF	896.0	836.0	228	1
915	863	815	1015	943	616	911	851
STG	1271.0	332.0	36	1
1253	542	1171	268	1396	326	1264	192
IEK	1117.0	1571.0	194	1
888	1488	1168	1553	1126	1596	1288	1649
XYV	2976.0	2318.0	163	1
2937	2251	3002	2197	3007	2356	2960	2471
CZF	2334.0	1960.0	135	1
2243	1764	2283	1966	2406	1982	2404	2128
CNE	1786.0	678.0	275	1
1779	785	2002	661	1869	642	1494	626
EKI	1609.0	2881.0	23	1
1740	2737	1549	2715	1553	2994	1596	3079
SVY	2972.0	2029.0	129	1
2954	1880	2984	1935	2873	2187	3077	2117
XNC	2225.0	2400.0	124	1
2234	2549	2199	2342	2055	2217	2413	2492
KHU	305.0	2379.0	242	1
179	2462	247	2416	615	2435	179	2205
BLI	1472.0	2243.0	172	1
1532	2198	1347	2173	1368	2371	1644	2230
BOM	2631.0	2855.0	218	1
2622	2981	2634	3081	2640	2656	2628	2702
BUI	1629.0	376.0	228	1
1756	396	1757	413	1471	328	1533	368
QYT	1911.0	549.0	85	1
1997	556	1695	549	2063	513	1890	579
CIC	1053.0	2916.0	112	1
1083	3021	949	2837	1100	2980	1083	2828
ZYK	2384.0	1481.0	11	1
2437	1522	2397	1522	2310	1517	2393	1366
REQ	2468.0	2869.0	122	1
2190	2919	2541	2966	2619	2829	2524	2764
PLR	699.0	2846.0	95	1
696	2653	653	3152	716	2916	731	2664
