ZEL	433.0	1486.0	213	1
218	1380	458	1642	593	1442	466	1482
VCA	698.0	2345.0	224	1
894	2289	844	2350	566	2317	489	2425
NHG	1672.0	598.0	150	1
1870	649	1656	475	1425	677	1738	593
NKM	521.0	1817.0	41	1
406	1887	573	1723	651	1805	455	1856
YZT	1521.0	1256.0	103	1
1309	1431	1740	1218	1505	1269	1533	1106
EWU	2334.0	2447.0	250	1
2117	2625	2049	2542	2577	2094	2596	2529
NPK	2829.0	1419.0	276	1
2902	1223	2793	1616	2640	1419	2981	1421
ZEB	1188.0	2039.0	254	1
1318	2001	1151	1979	1053	2094	1233	2082
PJC	1042.0	1358.0	246	1
848	1249	1290	1057	1229	1547	803	1579
JGC	1340.0	315.0	145	1
1274	216	1293	387	1377	270	1418	389
JVL	418.0	537.0	158	1
234	289	453	643	594	718	394	498
CBF	1777.0	1713.0	5	1
1857	1752	1550	1453	1890	1928	1813	1719
QOV	2164.0	774.0	28	1
1969	736	2071	643	2373	847	2243	871
SWC	1562.0	2939.0	30	1
1518	3045	1503	2779	1538	2927	1691	3005
JHX	2348.0	2002.0	276	1
2383	2028	2098	1825	2413	2082	2500	2074
XFU	1059.0	552.0	55	1
1004	437	935	637	1106	406	1191	729
DHI	1337.0	2392.0	21	1
1076	2310	1586	2427	1168	2355	1518	2479
OJK	1073.0	2959.0	94	1
1109	3103	861	2660	1265	3003	1057	3073
RJJ	498.0	1239.0	63	1
431	1207	247	1322	647	1244	668	1185
SSM	672.0	2621.0	28	1
387	2558	741	2763	779	2592	782	2572
CUX	3005.0	2323.0	63	1
2954	2105	3048	2548	3112	2262	2908	2378
NDE	1997.0	1261.0	83	1
1940	1236	2160	1335	1824	1055	2065	1418
TWN	2706.0	968.0	151	1
2575	1077	2888	768	2399	1083	2962	947
BIB	2808.0	611.0	72	1
2632	504	2910	715	2677	605	3014	623
KDP	2175.0	1523.0	232	1
2469	1494	1992	1539	1945	1625	2294	1436
CCK	2826.0	2742.0	281	1
2600	2821	2789	2655	3061	2713	2855	2781
TPE	2372.0	351.0	281	1
2382	487	2347	159	2410	187	2350	571
IFI	1401.0	1786.0	17	1
1361	1784	1320	1845	1462	1480	1463	2038
MUK	2382.0	2826.0	210	1
2452	2866	2480	2696	2166	3034	2430	2710
PPF	1719.0	2207.0	124	1
1820	2259	1586	1956	1796	2223	1676	2392
YNG	2879.0	2046.0	228	1
3043	2020	2585	2077	2895	2091	2993	1997
SNU	236.0	2383.0	130	1
362	2181	137	2489	135	2581	312	2283
EUQ	1908.0	2615.0	208	1
1956	2797	1820	2485	2020	2611	1837	2567
CON	590.0	950.0	59	1
510	908	662	1125	439	901	751	868
LTH	835.0	2019.0	98	1
917	2201	766	2182	868	1803	789	1891
XLT	2995.0	1828.0	181	1
2769	1704	2895	1831	3147	1980	3170	1797
YCP	746.0	542.0	102	1
832	576	823	342	611	711	721	539
DHQ	1131.0	1784.0	173	1
982	1727	1134	1692	1233	1824	1178	1893
OGS	625.0	2234.0	211	1
464	2254	655	2151	737	2265	646	2266
XTZ	1086.0	832.0	77	1
1068	948	1027	775	1267	868	982	739
SJT	1613.0	814.0	47	1
1532	754	1602	679	1886	1054	1435	769
RQM	1579.0	2709.0	150	1
1643	2751	1453	2701	1482	2726	1739	2661
DPP	752.0	2995.0	257	1
757	3113	743	2914	695	2900	815	3053
YEG	2784.0	2998.0	250	1
2960	2974	2762	2970	2794	3170	2621	2880
LFP	2054.0	338.0	16	1
1802	242	1938	402	2218	303	2260	405
ERE	2212.0	551.0	20	1
2192	558	2204	554	2277	598	2176	496
HYI	1932.0	2101.0	185	1
1916	1988	2000	2057	1904	2194	1908	2168
QUY	793.0	1780.0	130	1
698	1768	660	1769	857	1787	958	1796
HUW	1365.0	2853.0	288	1
1408	2981	1391	2637	1371	2850	1293	2944
OBI	1347.0	859.0	234	1
1316	742	1360	724	1318	999	1394	974
