MXB	1736.0	2775.0	350	1
1921	2670	1645	2629	1516	2978	1865	2823
QJB	2441.0	1994.0	276	1
2552	2235	2368	1857	2268	2062	2579	1824
XDQ	2175.0	946.0	264	1
1999	896	2137	1120	2404	956	2162	812
VHX	2804.0	368.0	255	1
2962	292	2464	288	2933	547	2858	348
TFX	1363.0	1421.0	289	1
1300	1211	1508	1544	1384	1648	1263	1282
JDU	2420.0	2511.0	320	1
2599	2566	2168	2396	2341	2464	2575	2618
ZTC	2915.0	1990.0	495	1
3054	1858	2999	1852	2878	2340	2732	1910
PWQ	552.0	1655.0	454	1
609	1687	638	1747	356	1858	605	1328
ZYW	787.0	2294.0	400	1
801	2224	782	2267	586	2573	980	2114
GPU	2076.0	1512.0	400	1
2084	1286	2119	1635	1918	1307	2186	1822
ZOS	1501.0	1034.0	278	1
1603	1030	1376	954	1465	1142	1562	1012
XUT	724.0	827.0	226	1
639	968	696	760	797	824	766	759
KOU	1634.0	1724.0	348	1
1553	1485	1797	2045	1579	1671	1607	1696
FEP	976.0	819.0	340	1
999	725	1045	771	965	794	898	989
YOP	460.0	685.0	346	1
686	596	375	756	261	734	519	655
QVF	1881.0	815.0	493	1
1707	795	1955	560	1948	996	1915	910
RLC	1282.0	2271.0	418	1
1411	2310	1386	2024	1283	2447	1048	2306
ZML	533.0	2962.0	211	1
537	2936	538	3022	560	2917	498	2973
UYK	1165.0	1488.0	231	1
1218	1548	1043	1401	1235	1470	1164	1533
VBY	2722.0	2622.0	477	1
2711	2761	2710	2544	2622	2387	2845	2799
FLF	2282.0	343.0	490	1
2352	296	2035	437	2440	345	2303	294
KHL	1110.0	2773.0	336	1
1295	2811	1151	2720	1116	2983	881	2578
VOK	1340.0	813.0	376	1
1433	950	1258	713	1523	897	1148	695
WIB	2652.0	1345.0	378	1
2587	1210	2457	1484	2719	1117	2846	1569
YOI	1183.0	1847.0	210	1
1070	1796	1091	1808	1414	1775	1157	2010
EVW	2643.0	902.0	353	1
2645	991	2747	1010	2676	992	2505	615
XZV	1975.0	2174.0	239	1
1830	2147	2012	2311	1965	2362	2095	1877
HGG	907.0	1727.0	372	1
788	1644	749	1750	971	1748	1120	1767
WKB	1038.0	1229.0	359	1
1122	1352	1022	1366	1006	1048	1004	1153
ZPW	2337.0	1226.0	332	1
2452	1295	2320	1298	2278	1171	2301	1140
ZPW	2159.0	2950.0	466	1
2164	3134	2168	2928	2175	2751	2130	2990
SJS	1900.0	2485.0	382	1
2011	2485	2059	2467	1645	2433	1888	2558
NHT	930.0	432.0	475	1
869	273	834	550	889	339	1130	567
EBI	1154.0	3116.0	346	1
1234	3164	1180	3118	1304	3019	898	3163
TCW	2204.0	2237.0	423	1
2193	2287	2256	2304	2112	2032	2257	2326
AHB	3085.0	1607.0	283	1
3129	1635	3040	1430	3160	1687	3014	1678
FDY	474.0	1126.0	483	1
653	1030	157	1280	534	1106	554	1088
OOG	326.0	2020.0	390	1
232	2110	322	1989	249	2026	504	1955
CUY	3077.0	614.0	483	1
3034	650	3123	579	3021	641	3132	586
SZH	2152.0	566.0	415	1
1992	466	2192	542	2199	693	2225	566
EXZ	1589.0	2247.0	396	1
1475	2405	1637	2220	1503	2176	1744	2188
VAG	753.0	1293.0	217	1
687	1154	759	1359	713	1602	853	1059
VST	1389.0	483.0	224	1
1140	452	1635	660	1485	307	1298	514
MFF	834.0	2034.0	244	1
839	2027	948	2083	751	2085	801	1944
BMX	2348.0	1539.0	258	1
2223	1664	2334	1419	2446	1662	2389	1414
YGL	2533.0	2948.0	205	1
2525	2873	2700	2830	2409	3096	2500	2996
MFO	1763.0	1184.0	397	1
1852	1086	1691	1101	1823	1256	1687	1295
WEW	1424.0	2847.0	236	1
1444	2948	1418	2612	1338	2774	1497	3055
HVG	2176.0	1159.0	480	1
2235	1120	2054	1126	2180	1207	2237	1185
KJI	290.0	2906.0	351	1
269	2696	362	3082	366	2911	164	2936
