OPG	1931.0	2138.0	453	1
1955	2219	1819	2296	1890	1912	2063	2127
MTY	1515.0	2667.0	348	1
1552	2489	1604	2582	1286	2824	1618	2774
JKC	807.0	428.0	263	1
681	676	714	341	1011	205	823	490
BEJ	2403.0	1785.0	409	1
2588	1793	2186	1950	2326	1732	2513	1666
OPE	867.0	1834.0	371	1
1004	1938	1023	2103	755	1688	686	1610
QOF	2916.0	806.0	224	1
3009	1024	3077	849	2967	744	2611	609
MPX	852.0	2782.0	426	1
793	2802	883	3012	794	2687	938	2628
SWM	481.0	2904.0	406	1
599	3052	594	2545	473	3021	259	3001
HFL	2205.0	2632.0	406	1
2324	2468	2303	2755	2285	2622	1910	2686
TXN	1809.0	1700.0	368	1
1991	1823	1852	1617	1597	1687	1797	1675
POZ	422.0	1791.0	459	1
375	1653	205	1958	671	1915	439	1641
QMO	2598.0	2428.0	256	1
2735	2408	2407	2272	2412	2589	2839	2443
XCA	2805.0	2757.0	299	1
2725	2602	2739	2836	2979	2709	2778	2884
ZVY	1675.0	1238.0	258	1
1477	1273	1990	1301	1653	1145	1580	1236
VHQ	795.0	1093.0	293	1
866	1195	723	784	956	1266	637	1128
NHN	1136.0	1038.0	396	1
1131	1169	1346	865	963	1015	1105	1106
JIA	1732.0	2770.0	271	1
1723	2929	1765	2421	1740	2961	1701	2771
ESA	922.0	2341.0	332	1
823	2191	751	2491	1163	2449	951	2236
DFJ	2344.0	997.0	400	1
2596	1209	2253	1105	2305	630	2223	1047
CKA	522.0	476.0	393	1
596	633	483	253	451	506	558	515
NQW	2587.0	2123.0	338	1
2461	2151	2700	2207	2555	2099	2634	2035
MGN	2454.0	1403.0	451	1
2538	1282	2643	1642	2451	1260	2187	1430
RME	2903.0	1310.0	208	1
2854	1424	2751	1294	3083	1437	2926	1086
MRV	584.0	1476.0	290	1
699	1514	685	1449	560	1442	394	1500
RMX	1890.0	449.0	275	1
1745	761	1861	238	2017	547	1938	250
VWN	1706.0	901.0	492	1
1624	892	1831	847	1818	821	1554	1047
DNE	1682.0	2153.0	399	1
1702	2182	1704	2090	1667	2166	1655	2175
MJX	2146.0	2372.0	439	1
2125	2429	2297	2433	2064	2465	2099	2162
MBM	425.0	2264.0	250	1
286	2213	469	2232	414	2494	534	2120
HLC	1252.0	1236.0	484	1
1299	1223	1292	1317	1144	1211	1275	1194
CZA	1325.0	645.0	208	1
1522	826	1232	815	1233	579	1315	361
CLA	1354.0	1597.0	450	1
1315	1572	1442	1403	1228	1786	1431	1630
TDD	2892.0	1838.0	222	1
2953	1743	2746	1753	3115	1767	2756	2090
LBO	1930.0	3047.0	319	1
1951	3079	1928	3068	1914	2896	1928	3147
KUH	418.0	1161.0	465	1
415	1071	448	1402	457	1110	355	1064
UHW	2507.0	3020.0	327	1
2646	3105	2451	3065	2594	3019	2339	2893
HQD	2397.0	357.0	351	1
2535	225	2419	589	2355	296	2281	320
LNB	1747.0	1388.0	216	1
1720	1587	2007	1342	1450	1314	1812	1310
RVA	701.0	2599.0	416	1
744	2588	637	2853	718	2574	706	2382
ZCG	1373.0	2155.0	296	1
1421	1811	1358	2311	1491	2278	1225	2221
TKM	1170.0	2957.0	370	1
1139	2889	1170	2847	1240	3084	1132	3010
AMG	2134.0	1238.0	285	1
2181	1308	2142	1435	2151	1032	2063	1180
WNZ	1465.0	1022.0	218	1
1488	1045	1373	919	1531	1131	1468	996
CRQ	1118.0	1962.0	387	1
1103	1716	1058	2091	1177	2057	1135	1984
DFE	2654.0	207.0	468	1
2588	217	2700	173	2738	332	2590	107
IKY	2908.0	1610.0	460	1
2959	1515	2661	1723	2977	1645	3038	1559
UFS	2989.0	380.0	423	1
2994	570	3108	440	3027	309	2830	201
TKM	2131.0	873.0	405	1
2041	921	2174	1008	2164	911	2148	653
NMQ	957.0	1458.0	324	1
812	1337	1068	1518	1067	1591	881	1388
DYY	472.0	838.0	396	1
481	822	448	959	453	873	508	700
