YRG	1622.0	585.0	331	1
1457	493	1861	589	1746	568	1427	690
KUO	1199.0	335.0	328	1
1248	482	1251	178	1099	322	1201	360
EHG	838.0	1720.0	257	1
963	1847	679	1555	650	1609	1063	1871
OHA	342.0	2759.0	369	1
505	2545	371	2994	302	2639	193	2858
MAP	1788.0	1332.0	205	1
1561	1235	1767	1136	1871	1412	1954	1545
CMA	1803.0	2503.0	456	1
2060	2344	1729	2541	1740	2571	1684	2558
PTQ	2701.0	491.0	448	1
2784	674	2820	319	2423	309	2779	663
OWA	983.0	672.0	339	1
936	841	1134	725	943	516	922	607
QEQ	2404.0	2560.0	233	1
2305	2353	2332	2670	2651	2896	2330	2321
JDU	2256.0	1908.0	375	1
2250	2017	2325	2050	2113	1788	2339	1778
MVF	1373.0	1767.0	420	1
1283	1903	1213	1802	1391	1550	1607	1815
GKP	2727.0	1831.0	309	1
2526	2093	2828	1646	2861	1890	2694	1697
BCC	2677.0	1061.0	433	1
2511	1175	2541	948	2795	1059	2861	1064
NSK	676.0	677.0	424	1
541	913	862	530	605	700	698	568
AMC	3042.0	1135.0	300	1
3074	1211	3059	813	3052	1364	2986	1154
ONP	637.0	2201.0	337	1
715	2268	627	2275	554	2187	653	2074
ZZM	2217.0	628.0	459	1
1974	268	2313	826	2286	699	2298	720
YZB	427.0	2066.0	467	1
418	2229	457	2132	316	2122	520	1784
AST	1386.0	2130.0	333	1
1448	2147	1391	2106	1450	2151	1255	2116
FEE	1270.0	2477.0	361	1
1328	2577	1173	2257	1302	2606	1278	2468
BOP	2278.0	1170.0	472	1
2098	1108	2452	945	2147	1222	2417	1408
JYO	1749.0	2732.0	479	1
1671	2743	1727	2597	1852	2974	1748	2617
FBE	808.0	2630.0	276	1
598	2723	859	2761	1118	2705	658	2331
RES	2191.0	1561.0	373	1
2158	1601	2395	1523	2121	1583	2091	1540
DMZ	1101.0	1280.0	294	1
1330	1061	932	1134	1058	1426	1086	1500
KIP	935.0	287.0	353	1
1055	173	752	347	1010	221	923	407
DWX	1854.0	1904.0	396	1
1686	1957	1864	2001	1961	1645	1907	2013
KQQ	440.0	1483.0	290	1
417	1426	352	1615	395	1650	597	1243
KXH	2607.0	1355.0	461	1
2692	1347	2695	1509	2472	1360	2572	1205
BOV	1074.0	2084.0	432	1
1216	2075	1033	2073	837	1996	1213	2193
JWO	1604.0	2165.0	261	1
1593	2073	1484	1953	1682	2343	1657	2294
JRG	517.0	376.0	218	1
430	394	435	324	604	371	602	418
UIM	1475.0	2550.0	357	1
1347	2433	1652	2422	1348	2902	1553	2443
SDD	2037.0	1147.0	440	1
2026	1441	2023	1146	2096	960	2006	1042
LMH	1703.0	864.0	317	1
1641	772	1857	851	1642	973	1675	862
CBK	1191.0	2962.0	465	1
1126	2745	1245	2959	1180	3141	1216	3006
BUO	1370.0	474.0	230	1
1308	362	1405	200	1414	580	1356	755
TDI	2957.0	2606.0	380	1
3137	2607	3113	2376	2775	2806	2805	2637
NOJ	1764.0	367.0	290	1
1776	405	1859	392	1785	388	1636	283
DHX	1073.0	954.0	277	1
899	1008	1274	981	1150	910	972	920
OSP	2162.0	2728.0	325	1
2243	2784	2070	2769	2247	2890	2091	2470
HBK	1499.0	1177.0	266	1
1535	1042	1475	1454	1522	1083	1467	1129
YZI	2230.0	2140.0	325	1
2019	2061	2444	2120	2057	2111	2400	2271
EJF	2418.0	893.0	306	1
2363	941	2590	855	2237	841	2482	938
NJF	271.0	878.0	311	1
194	738	328	877	182	1136	380	764
ARX	663.0	1180.0	274	1
598	1094	614	1336	819	1064	622	1226
ZCL	506.0	2445.0	441	1
466	2521	530	2425	568	2520	462	2316
HXV	2809.0	2304.0	215	1
2761	2231	2740	2312	2689	2344	3049	2329
AXU	875.0	973.0	366	1
868	749	873	1248	894	898	867	999
CBE	931.0	2924.0	473	1
996	2939	818	2878	1090	2949	821	2933
