RBQ	1823.0	2893.0	284	1
1675	3020	1985	2833	1663	2590	1971	3129
HIF	2400.0	975.0	258	1
2372	814	2526	819	2142	1116	2561	1152
ZOS	1394.0	1848.0	313	1
1625	1777	1481	1778	1350	1824	1123	2013
HSR	2513.0	2336.0	433	1
2725	2419	2531	2355	2452	2232	2346	2339
JGT	1931.0	487.0	421	1
1880	322	2028	630	1980	548	1837	450
VGB	1550.0	758.0	478	1
1418	784	1686	728	1638	812	1460	710
DNY	1131.0	2568.0	339	1
988	2652	1247	2261	1201	2560	1089	2801
RGA	479.0	2517.0	209	1
307	2537	738	2473	285	2345	589	2715
KBU	2273.0	1496.0	292	1
2433	1503	2014	1486	2099	1541	2547	1456
BMU	2726.0	1785.0	292	1
2992	1884	2641	1737	2517	1762	2757	1758
JZF	2116.0	1817.0	309	1
2066	1766	2427	2006	1950	1925	2023	1574
NYB	1272.0	945.0	339	1
1349	708	1332	1030	1134	1003	1276	1039
IAM	885.0	1583.0	260	1
992	1794	1048	1574	680	1485	822	1480
GCM	2626.0	491.0	311	1
2608	724	2648	366	2761	409	2489	468
GIG	2034.0	2399.0	345	1
1920	2429	2024	2333	2055	2490	2140	2347
EAS	487.0	611.0	273	1
287	582	335	504	594	508	733	853
SBP	1510.0	1357.0	319	1
1322	1288	1447	1393	1579	1440	1695	1308
VNY	1159.0	446.0	340	1
1230	564	1030	337	1198	642	1179	241
JGC	2714.0	1509.0	397	1
2670	1566	2786	1670	2659	1293	2742	1509
LHF	1841.0	1019.0	290	1
2114	900	1854	887	1783	1130	1615	1160
FPX	818.0	461.0	307	1
736	381	855	485	939	535	745	445
MVT	804.0	1985.0	219	1
769	1802	626	1820	963	2049	861	2272
DHZ	2923.0	2519.0	474	1
2787	2438	2761	2374	3059	2815	3088	2450
ZMN	1724.0	2255.0	467	1
1848	2215	1595	2293	1676	2386	1777	2126
UED	2294.0	639.0	392	1
2459	576	2266	571	2278	622	2173	790
ACY	2162.0	2806.0	238	1
2135	2959	2352	2649	2010	2913	2151	2703
BVC	1800.0	659.0	434	1
1810	630	1718	645	1793	678	1879	684
HUT	403.0	1394.0	278	1
433	1441	397	1460	572	1298	210	1380
EHP	821.0	1116.0	328	1
556	1003	600	954	1002	1295	1126	1213
CQW	1898.0	1405.0	259	1
1857	1379	1773	1400	1974	1357	1989	1487
HFA	2648.0	2740.0	337	1
2735	2761	2566	2721	2642	2506	2650	2972
LTP	2545.0	2024.0	492	1
2503	2048	2691	2057	2536	1974	2453	2017
LLT	162.0	2345.0	300	1
258	2217	126	2497	113	2373	154	2295
YOZ	1837.0	1739.0	205	1
1919	1621	1875	1872	1873	1656	1682	1810
EUX	1472.0	2858.0	392	1
1543	2977	1321	2765	1570	2966	1457	2724
CUR	2828.0	1210.0	498	1
2812	1268	2959	1144	2717	1137	2825	1293
HMC	2927.0	2110.0	495	1
2894	2124	2993	2115	2876	2100	2945	2104
GQK	1521.0	2462.0	375	1
1541	2396	1397	2447	1762	2550	1387	2456
NFC	295.0	1764.0	475	1
195	1693	264	1806	345	2028	377	1530
UKT	1566.0	373.0	212	1
1493	436	1562	181	1720	429	1492	447
KCJ	922.0	1396.0	471	1
911	1366	1104	1341	849	1469	824	1409
QAR	2319.0	471.0	254	1
2204	566	2476	304	2485	455	2111	559
LJQ	1108.0	2975.0	250	1
1311	2911	1098	2918	968	3025	1056	3048
WDX	370.0	2187.0	268	1
342	2262	524	2142	297	2055	318	2289
PQR	2924.0	988.0	223	1
2839	1127	2944	929	3057	1101	2857	796
ONE	2841.0	2211.0	312	1
2939	2141	2754	2181	2897	2350	2777	2174
MEK	901.0	892.0	330	1
787	933	974	886	794	911	1050	841
WUV	454.0	2947.0	223	1
376	3032	255	3007	571	2879	615	2871
LAN	2931.0	1699.0	498	1
3104	1705	2691	1694	2893	1707	3037	1693
LTW	1362.0	501.0	348	1
1414	653	1317	397	1405	613	1315	343
