JHZ	1539.0	2211.0	267	1
1719	2162	1431	2382	1402	2267	1605	2035
WRO	773.0	857.0	309	1
969	651	463	1060	669	728	991	990
JQI	1601.0	2757.0	216	1
1565	3002	1760	2938	1583	2562	1499	2529
ITW	1104.0	2452.0	331	1
1102	2279	1024	2523	1171	2694	1121	2315
JFE	2097.0	871.0	273	1
2062	739	1903	997	2446	918	1977	830
MOQ	1329.0	1252.0	354	1
1475	1469	1435	1117	1152	1279	1256	1145
URJ	1253.0	581.0	485	1
1126	693	1356	803	1352	324	1179	504
FRB	2852.0	538.0	206	1
2739	647	2974	761	2834	259	2862	485
VMX	2253.0	1082.0	410	1
2542	1104	1980	1171	1982	1003	2510	1052
ZFY	1997.0	2259.0	378	1
2042	2136	2017	2345	2082	2045	1848	2511
OSR	2963.0	1550.0	381	1
3066	1454	2957	1732	2768	1431	3063	1585
GLE	2860.0	2332.0	203	1
2709	2332	3047	2201	3007	2453	2677	2344
GAA	2230.0	542.0	429	1
2401	509	2143	480	2182	687	2196	492
DQG	1012.0	2041.0	492	1
1186	1985	1053	1915	815	2121	997	2146
XXK	513.0	461.0	468	1
418	476	681	371	543	364	411	634
QPY	780.0	2422.0	373	1
930	2550	900	2418	694	2573	598	2150
WCI	2879.0	2975.0	466	1
2843	3157	2818	3166	2716	2666	3142	2914
TDZ	2357.0	1657.0	390	1
2219	1663	2206	1861	2494	1449	2510	1657
PAI	2850.0	1064.0	273	1
2577	1001	2697	989	3135	1080	2994	1189
UUC	615.0	1443.0	477	1
449	1706	375	1492	859	1274	780	1302
PZV	2353.0	2173.0	495	1
2328	1903	2185	2176	2262	2215	2637	2400
YYS	1702.0	1818.0	412	1
1792	1936	1507	1752	1968	1908	1543	1678
JVZ	627.0	2724.0	364	1
702	2871	764	2768	621	2684	422	2575
OXF	1634.0	480.0	231	1
1824	425	1535	483	1646	587	1533	425
QOZ	2865.0	1229.0	218	1
3174	1215	2726	1282	2606	1204	2956	1215
DEI	1226.0	2891.0	418	1
1057	2733	1310	2984	1107	2991	1431	2856
LPJ	459.0	1950.0	429	1
303	1846	570	1981	369	2194	594	1782
DCI	2349.0	2991.0	251	1
2396	3074	2388	2947	2190	3044	2422	2902
UAH	2602.0	2650.0	300	1
2692	2479	2358	2601	2679	2679	2679	2844
FFZ	1382.0	908.0	232	1
1504	821	1604	953	1214	968	1209	893
USU	1252.0	2372.0	349	1
1230	2306	1211	2503	1280	2259	1287	2421
FKJ	1998.0	1364.0	335	1
1749	1340	2093	1340	2092	1583	2059	1196
OWC	1372.0	1629.0	382	1
1291	1548	1401	1577	1293	1571	1504	1822
SGK	2069.0	352.0	374	1
2136	518	2108	222	1986	182	2048	488
DRT	389.0	1047.0	430	1
357	920	399	1131	413	883	390	1255
AVH	2699.0	754.0	400	1
2734	681	2676	760	2691	856	2696	721
PDN	282.0	1443.0	460	1
211	1249	346	1720	332	1357	242	1446
FRI	638.0	2956.0	217	1
340	3025	495	2955	865	2972	852	2872
MCH	1005.0	1187.0	364	1
1021	1135	1011	1409	1108	1093	880	1113
NDJ	2141.0	1741.0	450	1
2059	1893	2198	1684	2128	1750	2182	1639
XXQ	1084.0	1700.0	253	1
1026	1814	1134	1691	1168	1496	1010	1802
EKW	1853.0	2688.0	272	1
1850	2646	1814	2801	1854	2613	1895	2692
OWR	869.0	418.0	222	1
938	280	793	463	771	454	975	478
ZPU	1575.0	1094.0	429	1
1604	971	1635	1200	1581	977	1480	1230
ULS	2467.0	551.0	499	1
2433	694	2489	677	2403	260	2545	574
XBV	2176.0	2806.0	394	1
2227	2734	2263	2815	1970	2888	2247	2790
XEJ	1499.0	692.0	422	1
1446	754	1586	616	1358	711	1607	687
PFK	1053.0	754.0	473	1
1015	677	1113	641	1073	812	1012	888
REK	2526.0	878.0	473	1
2573	810	2483	938	2480	844	2571	920
WBT	497.0	2304.0	333	1
516	2214	473	2217	532	2219	468	2566
