QNJ	749.0	976.0	208	1
645	888	967	1184	856	890	529	945
KDD	363.0	771.0	282	1
254	793	688	650	226	805	287	839
GVX	2180.0	1035.0	406	1
2252	1245	2095	836	2289	1194	2087	866
QTB	2769.0	2311.0	330	1
2584	2094	2936	2390	2610	2366	2946	2397
ZEN	1136.0	2656.0	421	1
1024	2569	1128	2727	998	2783	1395	2548
HOF	1073.0	2095.0	408	1
1117	2008	1130	2232	997	1932	1049	2208
BHJ	2327.0	2849.0	211	1
2275	2823	2404	2807	2361	3122	2270	2646
JUQ	1235.0	1495.0	217	1
1268	1288	1205	1473	1178	1505	1291	1715
GXT	2855.0	1280.0	365	1
2841	1236	2740	1267	2806	1201	3034	1417
EMK	1949.0	2364.0	333	1
2013	2449	1847	2337	1834	2092	2103	2578
NPN	2023.0	1547.0	450	1
1980	1555	2184	1587	1828	1599	2103	1449
OWX	1529.0	2120.0	377	1
1747	1803	1329	2153	1462	2238	1578	2286
XVY	1120.0	479.0	272	1
975	618	959	265	1150	306	1397	730
KSX	944.0	1384.0	265	1
808	1488	817	1413	1102	1222	1052	1414
COG	425.0	2679.0	268	1
328	2662	601	2495	314	2786	459	2776
JYM	2003.0	290.0	294	1
1997	120	2169	352	2013	111	1833	580
FDA	2546.0	965.0	274	1
2476	1029	2309	649	2622	1085	2777	1099
RTX	2808.0	1706.0	259	1
3023	1657	2595	2014	3059	1690	2558	1465
JMM	2879.0	2898.0	412	1
2891	2966	2906	2975	2717	2860	3002	2793
CKX	1682.0	1005.0	241	1
1571	1121	1927	659	1545	1013	1686	1227
XQD	2406.0	1572.0	378	1
2482	1609	2488	1730	2316	1343	2340	1607
ZEK	746.0	1921.0	426	1
858	2196	703	2152	922	1696	502	1643
WWF	1823.0	2767.0	462	1
1938	2765	1536	2619	1744	2758	2075	2928
UHQ	2261.0	1929.0	306	1
2314	1936	2111	1908	2403	1881	2219	1991
IAX	2652.0	1203.0	261	1
2562	1099	2598	1318	2734	1297	2716	1100
UYS	1310.0	1087.0	480	1
1175	1137	1364	1102	1181	1113	1520	997
OGT	538.0	243.0	480	1
418	189	487	395	506	220	741	168
GVA	2395.0	2394.0	400	1
2402	2250	2537	2537	2179	2363	2462	2426
SKE	2450.0	520.0	254	1
2449	634	2701	499	2337	446	2315	501
ZIO	661.0	1406.0	351	1
774	1278	662	1600	791	1189	420	1560
BEO	1881.0	1706.0	464	1
1760	1797	2034	1669	1984	1662	1748	1696
IET	501.0	2350.0	201	1
225	2294	596	2472	587	2412	596	2223
QJV	1445.0	1633.0	272	1
1438	1718	1371	1531	1414	1673	1560	1610
UWQ	738.0	2634.0	255	1
845	2564	748	2515	728	2683	633	2777
PIA	705.0	497.0	469	1
768	426	717	550	627	612	710	403
TTK	1579.0	1357.0	326	1
1505	1464	1469	1488	1576	1227	1768	1249
BYY	288.0	1603.0	254	1
123	1493	269	1811	358	1407	404	1701
UQP	2987.0	676.0	357	1
2923	901	3014	637	2837	736	3177	431
VXM	2061.0	718.0	299	1
2132	754	1948	635	2159	649	2008	834
EVH	627.0	2839.0	377	1
633	2790	781	2838	598	2797	496	2932
IGE	1650.0	2504.0	226	1
1503	2587	1580	2581	1748	2542	1769	2308
VLD	2203.0	1743.0	406	1
2282	1785	2219	1872	2187	1690	2127	1625
JRF	2900.0	2619.0	225	1
2694	2470	3028	2646	3121	2667	2760	2696
FQJ	2243.0	2119.0	399	1
2166	2005	2303	2036	2188	2232	2317	2205
NLY	1689.0	534.0	342	1
1772	377	1564	637	1660	579	1760	543
OLV	1192.0	2426.0	408	1
1303	2333	1128	2382	1214	2446	1123	2546
MWV	1144.0	1854.0	268	1
1012	1774	1176	1813	1126	1929	1265	1902
AIZ	2596.0	2882.0	384	1
2605	3118	2514	2868	2657	2595	2610	2948
XKX	813.0	2388.0	422	1
837	2412	758	2460	908	2434	752	2249
XSY	504.0	472.0	461	1
582	419	532	534	367	435	536	500
