BXZ	675.0	1516.0	207	1
515	1537	803	1682	672	1365	712	1480
HWZ	2070.0	1542.0	283	1
2320	1478	2072	1699	1997	1445	1894	1549
QPM	2573.0	2211.0	450	1
2327	2182	2542	2186	2623	2035	2801	2441
WVJ	770.0	1916.0	443	1
588	2028	722	1696	1016	2023	756	1918
OHU	1308.0	2661.0	390	1
1169	2860	1414	2787	1376	2427	1274	2572
ZQH	808.0	491.0	265	1
540	318	775	641	886	290	1033	718
SJK	2026.0	2680.0	210	1
2048	2670	2102	2622	2124	2879	1831	2549
GCW	1807.0	2016.0	345	1
1626	1907	2141	2302	1608	1843	1855	2015
PJT	1031.0	2874.0	206	1
1093	2767	1153	2608	1049	3143	829	2981
XEC	2587.0	1663.0	371	1
2571	1580	2683	1631	2464	1647	2633	1797
YHI	3013.0	891.0	352	1
3044	622	3069	891	2919	1048	3020	1006
MOL	498.0	858.0	252	1
463	859	657	757	508	721	367	1097
SMN	2408.0	642.0	466	1
2654	471	2456	531	2304	886	2220	682
UEB	886.0	2192.0	239	1
1024	2167	713	2251	778	2099	1029	2252
QHP	2188.0	1127.0	217	1
2326	921	1935	1017	2292	1347	2202	1225
QML	1649.0	1393.0	437	1
1764	1551	1790	1188	1455	1317	1587	1519
XEV	1850.0	394.0	329	1
1592	423	2061	271	2050	708	1700	175
IJF	2558.0	1144.0	342	1
2586	922	2541	1122	2514	1253	2594	1281
YYW	1523.0	2111.0	280	1
1461	2257	1465	2298	1574	1983	1594	1909
WKD	1355.0	1009.0	438	1
1271	1005	1322	818	1536	1038	1293	1176
IDZ	2750.0	2791.0	220	1
2983	2481	2583	2824	2637	2973	2797	2886
DOF	629.0	2478.0	325	1
809	2458	550	2388	505	2528	655	2539
BIW	895.0	1034.0	472	1
791	1153	664	1078	968	1012	1158	895
QCV	1147.0	1517.0	317	1
1302	1489	1089	1412	1096	1769	1103	1400
SMM	1636.0	1003.0	398	1
1605	1110	1581	906	1822	1085	1536	912
FNU	1263.0	2093.0	398	1
1049	2035	1378	2156	1294	2175	1332	2007
MZQ	2452.0	1918.0	287	1
2335	1901	2655	1981	2417	1992	2403	1798
WTH	708.0	2794.0	233	1
820	2785	694	2674	761	2844	560	2873
UCI	2311.0	2790.0	286	1
2286	2875	2359	2459	2272	2911	2330	2918
ZIL	1358.0	350.0	433	1
1530	324	1329	189	1390	275	1185	615
DBI	2904.0	1563.0	300	1
2716	1775	2971	1218	2751	1706	3180	1553
JGN	756.0	1323.0	477	1
1021	1357	666	1334	667	1311	672	1292
BCI	1556.0	2688.0	400	1
1486	2624	1599	2763	1450	2558	1691	2808
UUR	2305.0	320.0	284	1
2270	349	2157	228	2457	276	2336	429
DWT	1240.0	1084.0	412	1
1210	1291	1266	865	1255	1255	1229	928
IWX	1041.0	2423.0	340	1
1023	2383	1100	2444	1038	2300	1003	2567
YZW	2486.0	3028.0	287	1
2351	2979	2575	3074	2341	3073	2679	2988
VTX	808.0	799.0	331	1
739	774	775	729	1018	890	701	806
WXJ	1759.0	2422.0	402	1
1872	2492	1637	2454	1648	2438	1880	2307
PJX	401.0	1693.0	303	1
503	1827	479	1856	377	1512	246	1579
WXG	362.0	302.0	200	1
440	489	330	133	248	331	433	257
BYH	2201.0	2681.0	312	1
2141	2757	2204	2507	2232	2791	2229	2669
LBN	434.0	1242.0	402	1
473	1104	458	1353	172	1331	635	1181
YHD	365.0	2320.0	380	1
505	2163	326	2274	226	2521	403	2324
QDD	918.0	1530.0	408	1
811	1380	1010	1564	875	1621	979	1558
HST	1831.0	3032.0	342	1
1783	3167	2025	2944	1719	3133	1798	2885
XJN	1581.0	1671.0	245	1
1486	1667	1820	1694	1718	1582	1302	1742
VSZ	2761.0	839.0	232	1
2729	843	2905	1036	2745	740	2666	738
ROQ	303.0	2920.0	264	1
358	3139	200	2659	400	2722	257	3161
ISY	2783.0	503.0	377	1
2878	171	2820	695	2663	446	2772	702
