XCL	2252.0	1148.0	252	1
2135	1469	2223	1020	2210	955	2441	1151
GUD	1865.0	988.0	335	1
1546	1034	2035	1268	1989	832	1890	819
PKB	1893.0	473.0	467	1
1883	708	1761	300	2065	397	1863	490
AQM	1434.0	2246.0	200	1
1450	2382	1410	2216	1487	2219	1389	2170
CKK	2623.0	1395.0	418	1
2567	1261	2492	1460	2823	1408	2611	1452
OYV	2659.0	2912.0	331	1
2865	2856	2469	2793	2672	3031	2631	2970
LGZ	708.0	2636.0	328	1
600	2496	842	2729	693	2719	698	2603
ANX	969.0	836.0	252	1
803	1126	781	642	1090	735	1202	843
UED	622.0	1821.0	361	1
514	1650	547	1887	624	1801	806	1948
JMG	2703.0	650.0	298	1
2730	356	2810	446	2592	888	2683	911
ZFW	2271.0	2103.0	248	1
2173	2151	2407	1951	2013	2384	2493	1929
CME	2933.0	2149.0	395	1
2964	1887	3052	2423	2813	2229	2906	2057
MCT	331.0	2575.0	422	1
163	2846	418	2349	528	2538	218	2567
QWD	711.0	1303.0	264	1
1029	1434	715	1373	570	1173	531	1235
LHQ	457.0	983.0	249	1
485	1252	526	781	422	991	397	909
THT	1868.0	2888.0	310	1
2030	2912	1668	2766	1971	3078	1805	2797
DUC	1680.0	1467.0	453	1
1756	1365	1831	1338	1640	1800	1494	1367
AIZ	1073.0	2178.0	459	1
1249	2264	1177	2339	897	1801	972	2309
DMJ	1733.0	2612.0	287	1
1872	2642	1469	2698	1946	2593	1647	2516
UAH	1194.0	1545.0	386	1
1200	1471	906	1505	1289	1658	1382	1546
CWJ	1022.0	2725.0	396	1
1083	2872	887	2662	1026	2628	1092	2740
OVM	1456.0	1963.0	460	1
1310	2037	1437	1825	1599	2006	1480	1984
ULS	1400.0	623.0	323	1
1584	622	1348	694	1284	661	1387	516
PJG	2699.0	2520.0	325	1
2756	2570	2845	2520	2503	2554	2694	2439
BMP	2269.0	2605.0	468	1
2257	2607	2297	2649	2334	2568	2191	2598
QPG	2565.0	1686.0	423	1
2682	1694	2604	1632	2576	1771	2400	1648
VYV	1335.0	348.0	335	1
1213	299	1558	463	1385	428	1185	203
AEW	2893.0	1669.0	370	1
2951	1700	2860	1714	2777	1646	2984	1619
HHU	952.0	400.0	385	1
1076	334	1098	212	657	630	978	427
IKC	1299.0	2990.0	207	1
1100	2896	1479	2894	1407	3025	1213	3145
WXN	2369.0	677.0	459	1
2263	526	2456	919	2495	521	2262	743
ZJE	2250.0	1690.0	218	1
2335	1665	2383	1604	1903	1766	2381	1725
IOY	2596.0	2119.0	439	1
2493	2254	2760	2263	2633	1999	2499	1960
QUU	1874.0	267.0	353	1
1725	240	2010	268	1648	285	2113	278
DGA	1881.0	2371.0	499	1
1981	2425	1956	2516	1729	2415	1859	2131
ENV	492.0	410.0	497	1
580	263	592	677	207	406	590	295
XMV	702.0	2218.0	405	1
636	2009	804	1974	561	2479	810	2411
TBF	1306.0	2616.0	257	1
1176	2505	1355	2764	1329	2715	1364	2481
ZPG	2955.0	1172.0	333	1
2927	1132	2870	1084	3027	1494	2999	980
NBW	661.0	883.0	495	1
654	1026	635	752	657	1026	699	731
DNI	2149.0	381.0	333	1
2187	488	2170	350	2174	354	2067	334
MLX	1275.0	1090.0	309	1
1230	1325	1209	885	1387	1247	1274	905
RPD	2055.0	2581.0	465	1
1987	2470	2018	2625	2084	2701	2132	2528
ZPW	682.0	1557.0	390	1
803	1485	775	1617	725	1544	427	1583
NQH	3023.0	643.0	401	1
3112	525	3037	622	3077	724	2869	703
NHY	1268.0	580.0	324	1
1283	757	1281	602	1242	480	1266	482
QCH	2235.0	1826.0	418	1
1905	1775	2410	1809	2315	1841	2311	1880
TOD	2183.0	2984.0	427	1
2363	3028	2033	3058	2041	2834	2297	3017
MZR	266.0	1757.0	263	1
233	1834	406	1685	226	1715	201	1794
DPH	585.0	858.0	335	1
532	971	576	1031	603	720	629	711
