GAR	1061.0	825.0	209	1
969	888	897	822	973	848	1406	743
NVL	2493.0	1083.0	13	1
2390	1275	2714	1088	2661	999	2210	971
GOL	1784.0	2241.0	7	1
1898	2580	1407	2080	1939	2161	1895	2145
YHE	2100.0	2859.0	63	1
1959	2673	2177	2779	1986	2987	2278	2999
GCF	2331.0	2097.0	5	1
2140	2010	2289	2061	2435	2404	2462	1914
LQS	540.0	1534.0	88	1
306	1416	413	1420	668	1473	775	1829
NHF	2633.0	2660.0	212	1
2452	2813	2780	2790	2661	2560	2642	2480
RBJ	1864.0	1506.0	25	1
1985	1622	1755	1384	1939	1710	1780	1310
SIN	917.0	2404.0	203	1
994	2561	1042	2365	585	2378	1050	2314
QZL	1557.0	2882.0	134	1
1355	2890	1599	2750	1590	2864	1686	3025
NRA	895.0	572.0	198	1
1029	529	790	433	883	596	878	732
YRP	777.0	2776.0	189	1
977	2620	911	3071	543	2568	680	2845
NJM	2721.0	1810.0	139	1
2855	2057	2606	1681	2474	1677	2951	1828
EES	2010.0	1013.0	27	1
1895	862	2041	1007	2206	1205	1899	979
ZXI	970.0	2022.0	172	1
947	1884	829	2231	1060	1903	1047	2073
RSF	1506.0	822.0	254	1
1459	801	1558	616	1589	890	1419	981
PXA	2908.0	2183.0	274	1
2638	2126	2797	2258	3139	2283	3061	2067
PJU	641.0	2144.0	270	1
754	2223	400	2076	735	2241	675	2037
ZFC	1807.0	424.0	164	1
1556	326	1879	530	1886	373	1907	468
QCS	1412.0	1186.0	40	1
1297	1073	1386	1103	1292	1464	1673	1106
HDB	2306.0	425.0	265	1
2267	197	2168	390	2210	363	2581	751
STG	503.0	499.0	296	1
650	490	295	377	456	518	613	613
QGY	593.0	955.0	145	1
818	1206	398	832	625	733	531	1051
MWA	1189.0	2636.0	22	1
1133	2395	1178	2808	1147	2803	1300	2539
TFQ	1383.0	1669.0	288	1
1016	1515	1552	1809	1387	1620	1579	1733
KKJ	934.0	1196.0	9	1
834	1323	890	1074	830	1141	1183	1248
KWL	2607.0	860.0	171	1
2534	926	2575	867	2626	789	2696	859
SYH	2021.0	434.0	133	1
2021	423	1940	429	2116	200	2008	686
RHX	2218.0	1575.0	194	1
2067	1678	2250	1740	2361	1379	2194	1503
WVL	2807.0	559.0	25	1
2655	591	2618	384	3143	755	2813	507
JFS	273.0	2842.0	231	1
136	2774	330	3062	409	2588	219	2944
RAH	2837.0	1270.0	89	1
2714	1448	2979	1062	2818	1393	2837	1179
IXK	569.0	1228.0	170	1
714	1228	625	1223	676	1213	262	1249
BGT	1793.0	811.0	5	1
1759	945	1882	600	1700	666	1833	1035
WYS	1261.0	2254.0	197	1
1317	2308	1180	2276	1388	2167	1162	2267
FXO	1266.0	1945.0	102	1
1268	2015	1316	1818	1235	1925	1247	2024
LXF	2344.0	2758.0	277	1
2321	2968	2322	2979	2363	2496	2373	2592
RSC	2849.0	940.0	295	1
2846	903	2730	1015	2979	852	2843	993
EAB	2470.0	864.0	97	1
2485	857	2361	767	2508	963	2528	870
QOH	2633.0	2409.0	244	1
2514	2336	2667	2399	2831	2432	2520	2471
TRN	2132.0	2575.0	100	1
2147	2602	2191	2510	2107	2549	2086	2641
WPU	3007.0	2536.0	256	1
2882	2620	3046	2343	3058	2498	3045	2684
RHB	1835.0	1931.0	285	1
1626	1919	1983	1922	1981	1921	1753	1964
NIW	1144.0	3033.0	236	1
1057	3067	1123	3019	1312	2998	1084	3050
DGV	2457.0	1428.0	225	1
2425	1416	2593	1477	2362	1436	2451	1383
QNM	2279.0	1842.0	7	1
2441	1851	2092	1819	2342	1852	2244	1847
SFA	1041.0	349.0	280	1
836	433	1187	286	1037	338	1107	339
HRO	2036.0	2197.0	125	1
1972	2188	2031	2278	2074	2068	2067	2255
GYP	1710.0	228.0	202	1
1613	285	1535	241	1834	257	1860	131
GNG	1581.0	2640.0	13	1
1351	2679	1329	2600	1843	2628	1802	2655
