XEW	1504.0	873.0	476	1
1690	728	1270	923	1682	961	1375	882
IWO	1020.0	825.0	461	1
1035	908	1088	986	904	585	1056	823
FKL	956.0	2470.0	205	1
757	2609	1037	2305	934	2539	1098	2428
FMP	1653.0	1710.0	485	1
1521	1614	1543	1874	1680	1475	1870	1877
MAF	2232.0	491.0	377	1
2058	224	2325	615	2158	730	2388	397
INN	1677.0	2620.0	467	1
1642	2515	1590	2575	1947	2568	1530	2822
TOE	1852.0	885.0	500	1
1751	902	2029	556	1816	1083	1814	1000
MIQ	2231.0	1539.0	318	1
2202	1732	2296	1715	2207	1146	2222	1566
PQV	1634.0	2150.0	327	1
1600	2050	1524	2029	1854	2331	1561	2190
JYS	900.0	1970.0	260	1
839	2031	913	1975	680	2171	1168	1704
III	2812.0	1692.0	485	1
2771	1487	2989	1874	2491	1899	2999	1509
XGO	680.0	1286.0	418	1
966	1484	523	1005	630	1564	603	1094
FZZ	2583.0	2770.0	328	1
2647	2750	2563	2915	2686	2825	2437	2593
EOO	1293.0	1310.0	383	1
1220	1375	1620	1384	1126	1393	1207	1091
HRZ	2067.0	2126.0	466	1
2181	2142	1894	2177	1936	2114	2260	2074
VDO	2806.0	805.0	431	1
2817	518	2677	894	2777	766	2956	1045
OBV	2145.0	2344.0	394	1
1961	2345	2352	2349	2185	2250	2082	2435
SSI	1474.0	401.0	227	1
1587	242	1414	118	1350	584	1545	661
LVF	721.0	643.0	231	1
678	671	810	540	664	542	735	822
MCT	1295.0	2585.0	458	1
1366	2362	1331	2788	1104	2495	1379	2695
KGJ	438.0	2942.0	308	1
270	3108	536	2955	349	2852	599	2856
JNH	1353.0	2117.0	206	1
1270	1957	1341	2144	1436	2253	1366	2114
CME	1483.0	2977.0	299	1
1333	2996	1798	3053	1477	2860	1326	3002
QSQ	405.0	2373.0	310	1
371	2435	240	2340	575	2199	437	2520
UVA	2864.0	2381.0	483	1
2869	2569	2978	2166	2965	2290	2646	2501
BCT	986.0	269.0	260	1
1071	407	834	297	969	203	1072	171
HAO	2346.0	2711.0	357	1
2318	2753	2320	2753	2360	2777	2388	2564
PDZ	2357.0	867.0	443	1
2302	861	2661	855	2283	843	2185	909
LPL	544.0	768.0	216	1
558	896	619	548	416	990	585	640
MUA	569.0	325.0	295	1
638	481	696	339	499	329	444	153
THP	2103.0	2616.0	380	1
2107	2471	2097	2831	2110	2477	2100	2687
TWY	1972.0	1523.0	324	1
1887	1522	1952	1472	1985	1595	2067	1505
LDI	1848.0	1302.0	459	1
1667	1350	1767	1236	1804	1243	2157	1380
KMG	616.0	2447.0	284	1
598	2458	586	2493	649	2388	631	2451
PRV	2682.0	1273.0	342	1
2418	1364	2955	1169	2765	1240	2591	1322
SFV	362.0	2088.0	500	1
524	1926	212	2171	438	2137	274	2118
FYM	2362.0	1514.0	305	1
2316	1366	2417	1241	2304	1661	2414	1788
TVS	412.0	1755.0	253	1
542	1800	409	1654	432	1865	267	1701
XBH	386.0	1286.0	218	1
311	1031	507	1566	316	1409	413	1141
RCP	646.0	2674.0	315	1
733	2706	664	2636	538	2652	649	2705
ZML	1208.0	1522.0	221	1
1113	1537	1307	1489	1330	1478	1085	1585
QNU	837.0	2859.0	420	1
904	3088	1090	2874	729	2718	628	2759
TZS	2476.0	2270.0	398	1
2507	2174	2567	2293	2391	2496	2439	2117
GNF	1896.0	1973.0	473	1
1756	1948	1850	2011	2003	2014	1977	1921
YTI	1400.0	1034.0	380	1
1549	1084	1481	1024	1239	1050	1331	978
HMV	2899.0	3003.0	363	1
2694	3125	2951	2876	2991	2932	2961	3080
MZW	1806.0	365.0	257	1
1603	380	1975	244	1706	343	1940	493
ZHY	2574.0	346.0	367	1
2544	467	2450	354	2763	154	2541	411
CUN	1355.0	1726.0	329	1
1269	1613	1342	1771	1505	1878	1306	1642
IQA	1170.0	732.0	229	1
1249	543	1107	856	1126	856	1201	676
