HXP	1967.0	967.0	246	1
2028	1170	2184	789	1717	1199	1942	713
LTK	2272.0	2150.0	59	1
2478	1936	2141	2000	2389	2188	2081	2479
SYK	1102.0	2318.0	105	1
1023	2375	1016	2175	1081	2414	1291	2308
RGI	752.0	2738.0	284	1
891	2820	693	2943	688	2729	737	2462
AZZ	569.0	1919.0	55	1
371	1654	815	1898	586	2053	506	2071
HAO	1844.0	2906.0	96	1
1877	2709	1785	3150	1835	2625	1879	3142
UJI	2054.0	2907.0	103	1
2076	2948	2301	2811	1911	2870	1930	3002
UGU	2860.0	2712.0	108	1
2778	2990	2733	2848	2954	2538	2978	2474
DXA	1415.0	1466.0	299	1
1491	1581	1539	1254	1268	1328	1363	1701
IBK	2463.0	2614.0	51	1
2304	2701	2543	2646	2584	2586	2423	2525
YFH	530.0	720.0	104	1
569	715	603	467	631	779	317	922
QAC	2402.0	1630.0	67	1
2177	1510	2509	1588	2538	1921	2384	1503
NZH	1886.0	2040.0	215	1
1876	2169	1630	2131	2010	1715	2031	2147
TVD	1033.0	933.0	19	1
1284	787	852	922	939	1200	1057	823
HAO	1579.0	856.0	71	1
1553	1210	1697	730	1701	734	1368	753
ZCL	2434.0	571.0	66	1
2485	741	2306	717	2626	401	2322	425
VAN	1121.0	2097.0	265	1
1015	2129	958	2059	1251	2077	1261	2126
EAB	738.0	2302.0	237	1
588	2296	969	2265	471	2211	925	2437
YUC	1553.0	587.0	199	1
1612	657	1598	712	1739	566	1264	416
EWC	1260.0	2877.0	225	1
1293	2558	1132	3000	1264	3028	1351	2925
ALA	475.0	2591.0	258	1
401	2630	547	2782	534	2441	420	2512
HOM	2761.0	1256.0	118	1
2919	1314	2838	1411	2693	1011	2594	1289
KAY	1139.0	551.0	253	1
845	664	1246	375	1210	618	1256	547
MDV	1889.0	448.0	97	1
1807	222	1784	620	2155	610	1813	343
UML	1423.0	2185.0	298	1
1431	2082	1437	2049	1493	2411	1334	2200
IHT	1970.0	1644.0	86	1
2149	1706	2118	1701	1671	1542	1945	1629
GPC	909.0	1467.0	10	1
1085	1353	800	1545	1029	1631	724	1339
TSR	2477.0	2812.0	259	1
2639	2705	2416	2875	2354	2760	2502	2910
KPJ	2768.0	1903.0	257	1
2665	1988	2615	1807	2931	1950	2864	1867
XHJ	1903.0	2362.0	135	1
1799	2286	2050	2435	1858	2228	1906	2499
LCY	489.0	1413.0	108	1
580	1333	279	1353	693	1596	407	1372
EOD	741.0	626.0	123	1
774	865	794	740	708	412	690	490
AED	2857.0	892.0	165	1
2829	920	2721	937	2759	706	3119	1005
BUY	2423.0	1183.0	244	1
2366	1202	2420	1266	2576	1400	2333	864
EPP	1624.0	2835.0	15	1
1603	2781	1610	2996	1744	3006	1541	2557
IOJ	1665.0	1311.0	73	1
1607	1243	1568	1253	1811	1351	1677	1398
OEP	525.0	1233.0	151	1
688	1264	479	1198	514	1213	422	1259
XTT	2746.0	1542.0	92	1
2828	1562	2927	1492	2628	1492	2601	1623
QZL	2479.0	817.0	48	1
2505	852	2370	767	2515	858	2529	794
FCQ	1593.0	1560.0	244	1
1628	1521	1543	1619	1662	1596	1541	1506
ZJZ	2859.0	2223.0	144	1
2753	2319	2948	2205	2989	2215	2746	2155
VKY	236.0	2086.0	42	1
152	2003	310	1780	260	2246	223	2318
SZH	2826.0	2039.0	148	1
2845	2020	2607	2052	3055	2068	2798	2017
IOA	3065.0	1508.0	175	1
3112	1504	2940	1617	3156	1303	3053	1608
BMI	173.0	383.0	252	1
149	398	170	225	193	417	183	494
TPU	1277.0	1892.0	277	1
1284	2010	1419	1809	1032	1877	1374	1875
HMB	3000.0	412.0	83	1
3014	254	2838	232	3042	630	3106	533
WFN	300.0	1077.0	253	1
357	944	249	1155	274	1209	323	1001
PIZ	2153.0	1343.0	14	1
2184	1389	2289	1386	2155	1287	1986	1310
SWE	1656.0	2409.0	190	1
1716	2539	1764	2302	1556	2482	1588	2313
