LGH	2102.0	2266.0	492	1
2064	2236	2021	2004	2079	2396	2246	2429
VUG	2554.0	982.0	356	1
2554	851	2466	1265	2518	1042	2680	772
WMI	1879.0	898.0	318	1
1723	724	1848	1111	1987	1044	1959	714
NNP	1773.0	2726.0	261	1
1862	2907	1692	3003	2013	2480	1527	2517
YXL	917.0	2657.0	241	1
930	2926	1026	2718	985	2605	728	2381
XKA	1697.0	2193.0	465	1
1748	1979	1792	2404	1584	2349	1665	2042
EOQ	1331.0	2576.0	489	1
1253	2446	1203	2608	1423	2465	1448	2788
NUN	431.0	427.0	295	1
333	246	625	320	396	483	370	659
MNS	1318.0	1674.0	379	1
1069	1480	1378	1733	1337	1661	1491	1823
RSZ	931.0	1218.0	308	1
836	1048	1084	1416	788	1133	1017	1278
QTF	2428.0	2490.0	495	1
2485	2487	2508	2167	2350	2704	2370	2604
DVJ	574.0	2395.0	348	1
522	2614	452	2548	712	2202	610	2216
HVI	2561.0	1511.0	464	1
2405	1455	2713	1587	2543	1650	2585	1354
MDC	383.0	2916.0	209	1
719	2965	298	2905	289	2897	229	2900
IJB	1432.0	2022.0	465	1
1568	2096	1328	1836	1295	1917	1538	2241
SES	1160.0	669.0	340	1
1090	581	1228	917	1076	692	1248	489
SNV	2103.0	1545.0	477	1
2383	1435	1938	1815	1924	1405	2170	1526
IBG	2195.0	896.0	340	1
2003	852	2149	699	2399	1019	2232	1016
KBC	625.0	1633.0	209	1
447	1848	801	1736	687	1417	568	1531
AEE	1787.0	480.0	269	1
1809	659	1833	297	1747	541	1762	425
HFA	1089.0	2155.0	317	1
1022	2152	1071	2176	1072	2356	1191	1936
LOE	2790.0	2490.0	413	1
2538	2727	2936	2391	2852	2426	2835	2418
WNC	2079.0	402.0	250	1
2008	602	2156	317	1965	158	2190	534
BXN	2971.0	2287.0	267	1
3106	2372	3047	2049	3044	2366	2690	2361
XXA	835.0	2170.0	363	1
887	1927	741	2289	897	2111	816	2356
ERL	1404.0	480.0	318	1
1336	765	1533	409	1348	530	1399	219
WWQ	2974.0	621.0	473	1
3037	383	3098	519	2913	664	2850	920
CUY	2440.0	490.0	246	1
2517	649	2618	399	2316	438	2310	477
WWH	2500.0	2823.0	363	1
2691	2892	2397	2846	2328	2773	2584	2783
UFH	1652.0	1467.0	354	1
1630	1317	1540	1516	1580	1492	1859	1543
EYQ	1899.0	2214.0	342	1
1995	1973	1942	2211	1805	2246	1857	2429
YJU	1502.0	1241.0	472	1
1621	1212	1424	1306	1540	1198	1424	1249
TTQ	3017.0	1713.0	209	1
2895	1680	2983	1779	3146	1819	3045	1575
YRU	1406.0	986.0	354	1
1307	922	1516	1003	1330	885	1471	1134
ISQ	781.0	509.0	308	1
761	566	758	500	816	539	790	432
PYU	848.0	858.0	367	1
537	854	981	824	888	825	989	932
IGN	1196.0	1037.0	205	1
1243	951	1122	992	1178	1208	1242	997
CFC	512.0	1159.0	235	1
471	1171	543	1260	556	1144	478	1062
LFU	2929.0	1045.0	232	1
2948	1078	2927	927	2924	1151	2918	1024
LGI	2505.0	2134.0	410	1
2448	2124	2482	2116	2526	2158	2565	2138
VBE	1137.0	2485.0	496	1
1159	2457	1183	2451	1085	2455	1123	2577
FFV	2128.0	1292.0	205	1
2033	1221	2403	1342	1982	1228	2097	1379
MAX	1715.0	1814.0	239	1
1640	1894	1758	1895	1713	1621	1751	1849
GOS	1284.0	1388.0	264	1
1147	1342	1270	1376	1230	1426	1491	1409
VVL	2708.0	573.0	232	1
2697	809	2752	698	2683	407	2700	381
GOO	1210.0	3007.0	390	1
1113	2980	1316	3096	1142	3134	1269	2819
QEV	929.0	2096.0	222	1
906	2151	945	2242	916	2025	950	1967
YEK	213.0	2325.0	433	1
122	2276	384	2264	203	2294	144	2466
GBH	2470.0	1958.0	472	1
2499	1947	2611	1937	2492	1913	2279	2036
WXZ	882.0	1810.0	270	1
824	1652	807	1813	1023	1854	877	1921
