RKT	1089.0	505.0	129	1
970	717	1311	390	827	648	1248	268
ANH	1213.0	1872.0	173	1
1417	1928	1071	1791	1020	1868	1344	1903
NOD	2190.0	2401.0	281	1
1963	2285	2204	2179	2418	2668	2175	2475
NMM	2477.0	547.0	87	1
2696	406	2363	815	2437	606	2415	364
HEL	1017.0	1489.0	99	1
939	1747	894	1354	1085	1387	1153	1471
HPR	1622.0	652.0	173	1
1438	553	1873	575	1712	836	1466	644
TOI	1603.0	1272.0	207	1
1668	1419	1813	1269	1271	971	1663	1429
RUR	1307.0	2563.0	41	1
1592	2803	1085	2340	1387	2816	1164	2296
ZYM	1874.0	2595.0	268	1
1896	2511	1773	2587	1898	2762	1932	2522
ONG	2359.0	1187.0	146	1
2274	1132	2285	1279	2562	1169	2318	1170
SWE	1788.0	2058.0	111	1
1877	1948	1600	2129	2094	1980	1583	2175
LLB	540.0	1171.0	195	1
307	1441	569	1051	697	1222	590	970
ELJ	2814.0	1944.0	186	1
2694	1574	2822	2094	3086	2077	2655	2033
GKP	828.0	1039.0	159	1
838	824	906	998	760	1008	810	1326
IUD	1876.0	286.0	146	1
1854	173	1912	251	1669	512	2070	209
WLD	430.0	354.0	275	1
657	515	423	342	263	311	379	249
SDD	1127.0	1039.0	290	1
1212	1173	1109	833	1087	1015	1101	1135
NVR	680.0	2791.0	132	1
559	3064	840	2850	714	2580	608	2670
LMD	2227.0	1626.0	227	1
1926	1733	2380	1501	2249	1608	2355	1665
GXQ	2016.0	888.0	162	1
1942	944	1884	700	2278	960	1960	949
RIP	653.0	1688.0	242	1
739	1972	592	1544	629	1449	655	1789
YSB	416.0	2834.0	79	1
322	2950	461	2629	507	2906	374	2853
YHJ	446.0	2081.0	188	1
537	2127	216	1851	449	2321	582	2026
WII	2526.0	2018.0	254	1
2643	2125	2274	1815	2593	2050	2595	2082
VIX	2674.0	2463.0	16	1
2816	2375	2501	2755	2627	2300	2755	2424
WBE	2823.0	1393.0	264	1
2571	1341	2596	1476	3071	1434	3054	1324
FPV	491.0	629.0	296	1
408	648	330	525	714	789	513	556
RSJ	747.0	2094.0	166	1
747	2000	842	2033	631	2031	768	2315
LLR	2101.0	1415.0	135	1
1972	1495	2391	1453	1862	1286	2180	1426
JZI	1115.0	768.0	242	1
1168	802	964	822	1201	719	1128	731
SLW	1726.0	1648.0	55	1
1774	1493	1601	1654	1777	1946	1754	1502
BJJ	2931.0	439.0	297	1
3120	527	2831	323	2726	182	3049	725
WKE	2166.0	2895.0	286	1
2283	2954	2303	3031	2122	2692	1957	2903
IGN	1078.0	2131.0	235	1
949	2094	923	2183	1266	2014	1176	2235
SXM	1394.0	2084.0	111	1
1525	1989	1471	2200	1276	2096	1306	2051
LUB	2741.0	3031.0	27	1
2720	2908	2542	2993	2791	3094	2911	3130
TTA	2970.0	931.0	104	1
2780	938	3016	1110	3088	777	2998	899
CWT	2191.0	1211.0	155	1
2191	1284	2265	1270	2211	1166	2100	1125
MAU	1283.0	1564.0	297	1
1191	1651	1373	1445	1350	1440	1220	1723
BOW	2880.0	2190.0	88	1
2868	2137	2761	2247	2789	2123	3102	2254
EGF	1713.0	2312.0	0	1
1649	2389	1726	2365	1721	2275	1758	2220
JRS	961.0	2755.0	129	1
917	2880	1073	2717	888	2586	967	2839
IBE	2924.0	2570.0	144	1
2897	2556	2966	2362	2843	2511	2991	2854
HEL	1530.0	2890.0	64	1
1626	3007	1486	2827	1421	2865	1590	2861
GZY	705.0	2470.0	248	1
779	2535	723	2444	479	2394	839	2507
FPQ	256.0	1717.0	184	1
394	1654	267	1624	119	1811	244	1781
KZK	2193.0	488.0	27	1
2161	606	2314	536	2170	111	2128	700
OIQ	2720.0	996.0	110	1
2751	1102	2705	862	2723	1249	2703	774
YAJ	1827.0	1780.0	277	1
1851	1686	1818	1914	1858	1891	1784	1631
RVE	1022.0	2445.0	186	1
1031	2533	1037	2453	948	2276	1073	2521
