UJY	2854.0	2236.0	194	1
3062	2307	2966	1853	2656	2412	2732	2374
QWV	1037.0	2739.0	126	1
1004	2676	792	2606	1039	2870	1316	2804
YZE	562.0	414.0	154	1
458	428	531	340	785	524	475	367
TVC	2296.0	2448.0	226	1
2420	2520	2325	2440	2076	2439	2364	2396
WAH	1729.0	1100.0	210	1
1782	1119	1851	1021	1476	1224	1809	1039
KCL	926.0	1444.0	266	1
872	1152	1047	1584	1003	1490	783	1550
AYK	2465.0	975.0	204	1
2261	922	2367	1216	2646	885	2588	878
UPJ	378.0	2470.0	120	1
505	2638	325	2316	386	2344	297	2582
SVP	1358.0	1727.0	291	1
1439	1690	1168	1741	1216	1614	1612	1864
WYS	2670.0	2579.0	172	1
2687	2569	2553	2454	2612	2816	2828	2478
ZYJ	2368.0	1545.0	99	1
2237	1418	2644	1422	2306	1623	2288	1717
ODR	1891.0	722.0	114	1
1976	495	1885	857	1641	906	2062	630
YCN	1330.0	2032.0	264	1
1541	2018	1199	2071	1021	2049	1560	1991
JYW	2433.0	2198.0	282	1
2322	2167	2438	2364	2373	2174	2601	2090
BBG	1762.0	2289.0	174	1
2060	2150	1655	2561	1732	2292	1602	2156
BWO	1909.0	1691.0	86	1
2053	1736	1672	1690	1886	1721	2026	1618
NTY	1036.0	1026.0	89	1
933	1042	1182	989	761	1075	1271	1001
ISK	2782.0	679.0	4	1
2890	638	2554	673	2978	814	2706	593
YSZ	887.0	2206.0	248	1
887	2187	697	2071	1031	2480	935	2086
VTV	1400.0	783.0	195	1
1379	764	1372	766	1235	746	1616	859
IFC	476.0	1360.0	119	1
335	1336	500	1372	497	1416	573	1318
BEE	2785.0	1267.0	103	1
2738	1077	2839	1603	2707	1151	2859	1240
DHH	1878.0	2946.0	227	1
1731	2878	1996	3020	1877	2830	1909	3058
EFS	683.0	762.0	258	1
673	901	596	809	674	750	789	591
VDS	1675.0	2682.0	102	1
1774	2600	1579	2627	1810	2734	1540	2769
DQX	1275.0	1348.0	270	1
1109	1482	1242	1312	1395	1344	1357	1256
XXP	1273.0	201.0	283	1
1243	216	1432	278	1100	158	1320	155
ZCJ	1973.0	1330.0	294	1
2153	1338	1911	1458	1964	1145	1864	1379
ULY	2276.0	3020.0	285	1
2471	3099	2071	3134	2390	3069	2175	2779
SZP	829.0	1948.0	251	1
902	2052	967	1904	450	2047	1000	1792
HLJ	1462.0	2525.0	270	1
1207	2512	1569	2550	1570	2465	1502	2574
SUQ	2347.0	534.0	211	1
2473	551	2436	667	2258	492	2222	427
ZVB	991.0	444.0	227	1
991	506	958	299	1007	308	1011	666
ORD	903.0	3019.0	158	1
975	2959	977	3075	946	3016	715	3027
VZV	643.0	2785.0	27	1
746	2840	515	2826	765	2900	548	2575
VKK	585.0	1105.0	134	1
327	1083	729	1059	622	1016	663	1263
ADM	251.0	794.0	80	1
252	933	251	610	226	973	278	663
OWU	2129.0	1918.0	41	1
2190	2103	2072	1791	2033	1751	2223	2027
XFJ	1622.0	1461.0	50	1
1825	1276	1414	1523	1749	1515	1500	1533
KKP	2172.0	1441.0	88	1
2175	1325	2196	1508	2162	1652	2155	1279
FVG	1505.0	2876.0	26	1
1584	2771	1567	2769	1506	2892	1365	3074
RDJ	2808.0	3041.0	141	1
2614	2930	2634	2997	2969	3131	3017	3108
YPZ	2767.0	255.0	25	1
2445	200	2916	249	2854	399	2856	174
QRA	1658.0	360.0	58	1
1602	351	1818	332	1595	347	1618	410
DFA	429.0	1650.0	98	1
776	1467	299	1715	343	1759	301	1659
UXG	1263.0	648.0	130	1
1157	665	1021	732	1581	639	1293	559
MCZ	273.0	2060.0	137	1
280	2151	181	2101	379	2201	254	1790
OKX	1260.0	2297.0	116	1
1328	2361	1321	2417	1361	2210	1031	2201
RVN	2444.0	1940.0	165	1
2500	2060	2411	1900	2560	1831	2308	1969
TMN	1759.0	1918.0	185	1
1932	1918	1683	1930	1802	1927	1621	1897
