VBV	2555.0	1439.0	109	1
2428	1315	2414	1719	2675	1553	2704	1171
ADZ	568.0	1800.0	21	1
515	1866	358	1567	589	1883	812	1887
TVG	790.0	826.0	272	1
668	1002	875	838	880	855	739	610
GAW	1066.0	2690.0	250	1
1228	2698	1076	2643	1217	2818	746	2602
TNK	959.0	2306.0	143	1
825	2496	772	2202	1240	2371	999	2158
UOZ	1428.0	1518.0	188	1
1492	1232	1353	1687	1421	1571	1449	1582
SAF	1100.0	1811.0	54	1
987	1656	1265	1812	1039	2071	1112	1706
BSM	1574.0	905.0	280	1
1573	934	1512	837	1671	888	1542	964
SCF	524.0	2112.0	156	1
369	2020	709	2224	623	1942	398	2265
IQI	2602.0	2588.0	34	1
2623	2616	2694	2424	2467	2598	2626	2717
NBQ	2147.0	1712.0	81	1
2020	1611	2105	1695	2171	1602	2293	1943
ZXI	1907.0	654.0	251	1
1778	603	1961	793	1761	650	2131	573
EJI	960.0	1429.0	214	1
1018	1468	806	1364	779	1463	1237	1424
KHJ	1546.0	2883.0	98	1
1597	3026	1668	3102	1593	2808	1326	2596
YPX	409.0	656.0	237	1
245	830	224	796	608	326	560	674
ARG	1992.0	2795.0	267	1
2012	2621	1865	2953	1995	2842	2096	2765
KYR	1077.0	1054.0	254	1
887	992	1328	1158	882	1280	1214	789
OYM	1553.0	2177.0	75	1
1706	2129	1408	2462	1348	2099	1750	2020
FJC	1691.0	1356.0	3	1
1751	1334	1650	1376	1743	1181	1621	1533
CWF	2931.0	793.0	117	1
3100	951	2783	738	3076	824	2768	661
MRE	2329.0	2983.0	223	1
2139	2885	2320	3102	2421	2921	2438	3025
IJH	2207.0	2165.0	106	1
2021	2379	2451	2071	2414	2051	1942	2162
DSI	519.0	1055.0	112	1
384	1254	658	995	586	1143	449	830
PHV	2116.0	339.0	85	1
2070	224	2049	367	2030	389	2318	379
SGN	2640.0	1994.0	151	1
2546	1934	2652	2084	2743	1974	2620	1987
FSB	1091.0	543.0	247	1
1090	495	1147	662	1194	426	935	589
HEM	1870.0	1871.0	232	1
1934	1770	1575	1830	1957	1881	2016	2004
SWG	3077.0	1219.0	278	1
3149	1004	3075	1148	3039	1177	3046	1547
WRS	2714.0	505.0	250	1
2611	510	2637	502	2888	506	2722	504
XLE	594.0	2434.0	185	1
583	2375	428	2312	733	2671	632	2380
RTO	2148.0	1373.0	138	1
2182	1315	2189	1454	1999	1428	2224	1297
WMR	2962.0	2091.0	30	1
3012	2156	3059	2273	2802	2100	2976	1835
COR	2523.0	853.0	286	1
2289	631	2690	998	2697	882	2419	901
TCW	1926.0	2493.0	44	1
1986	2543	1816	2482	2095	2490	1809	2459
VUY	2746.0	2330.0	132	1
2767	2333	2711	2505	2767	2177	2740	2308
YWJ	1427.0	368.0	99	1
1564	717	1362	243	1378	237	1405	277
RTS	1887.0	948.0	147	1
1741	924	1815	960	1915	914	2080	994
SNJ	2262.0	2564.0	108	1
2231	2635	2193	2637	2175	2460	2452	2527
ZPD	2000.0	1150.0	50	1
2340	1161	2078	1001	1770	1147	1813	1292
TVQ	3031.0	2632.0	167	1
3094	2537	2991	2682	2923	2663	3116	2649
FSH	2900.0	1670.0	31	1
2979	1435	2966	1762	2886	1708	2769	1777
ULE	2889.0	2415.0	34	1
2834	2363	2911	2415	3004	2380	2810	2505
YBA	2836.0	2780.0	218	1
2756	3109	2854	2746	2917	2689	2820	2579
VPZ	469.0	1448.0	114	1
434	1492	713	1337	370	1489	362	1474
IYP	2544.0	349.0	247	1
2813	443	2348	290	2346	203	2672	462
WVS	500.0	2793.0	75	1
300	2844	624	2676	351	2829	728	2825
JQI	1665.0	608.0	100	1
1713	507	1681	610	1587	530	1680	786
STR	1789.0	263.0	154	1
1894	199	1803	310	1582	293	1879	252
CBO	548.0	3039.0	4	1
281	2845	587	3184	791	3093	535	3034
FYV	236.0	1851.0	105	1
152	1710	270	1855	224	1940	301	1899
