FEZ	1285.0	2465.0	200	1
1117	2375	1381	2642	1190	2303	1455	2540
FMP	1478.0	1793.0	126	1
1346	1729	1623	1896	1378	1746	1568	1802
PNB	2021.0	1772.0	196	1
2072	1913	2173	1928	1873	1603	1966	1647
HAE	2155.0	476.0	45	1
2300	328	2149	392	2150	433	2023	752
NBX	2435.0	2052.0	108	1
2551	2080	2650	2093	2325	2131	2216	1906
GNO	593.0	1825.0	48	1
558	1839	817	1786	439	1840	561	1835
SFY	1943.0	2401.0	218	1
1789	2559	2027	2334	2058	2294	1901	2420
UCG	877.0	2633.0	73	1
1071	2519	727	2910	1012	2600	701	2505
LHA	2251.0	2393.0	275	1
2203	2316	2185	2186	2419	2487	2197	2583
AVB	2521.0	1017.0	250	1
2624	1061	2329	1148	2631	725	2503	1134
WCT	1726.0	710.0	211	1
1690	997	1902	622	1690	644	1622	577
MZP	350.0	1123.0	30	1
438	1097	289	1018	385	1172	291	1207
ELR	2211.0	2913.0	111	1
2224	2869	2304	2878	2292	2977	2025	2929
KQS	1212.0	1098.0	134	1
1138	1199	1198	972	1284	1360	1231	863
VEJ	956.0	1020.0	214	1
949	946	1097	938	1114	1117	664	1081
JXS	3005.0	2532.0	280	1
2874	2659	3020	2206	2994	2525	3134	2741
NMG	1674.0	1630.0	71	1
1537	1694	1634	1683	1760	1469	1767	1674
UXC	785.0	521.0	35	1
514	435	828	331	926	769	875	550
UFX	419.0	2582.0	6	1
381	2625	314	2718	479	2581	503	2406
WXT	1168.0	1586.0	40	1
1237	1726	1019	1589	1405	1551	1013	1481
ZFC	2719.0	3002.0	117	1
2842	2977	2660	3102	2908	2857	2466	3073
MAW	1169.0	481.0	22	1
972	363	1063	389	1359	471	1283	703
YXL	1553.0	1344.0	138	1
1328	1414	1717	1317	1504	1447	1664	1200
SQO	2526.0	1390.0	66	1
2664	1380	2310	1190	2661	1384	2471	1607
JID	2746.0	2010.0	99	1
2720	1775	2707	2306	2701	2163	2856	1798
GBJ	420.0	2027.0	5	1
329	1971	346	2039	333	2244	673	1857
NTO	2845.0	1131.0	97	1
2775	1254	2923	1000	2897	932	2788	1340
YBK	2859.0	522.0	96	1
2727	613	3087	509	2754	675	2869	292
PMO	2619.0	340.0	148	1
2584	421	2694	376	2543	227	2655	338
BXJ	2827.0	1543.0	217	1
2737	1570	2762	1564	2774	1633	3036	1407
FMZ	1534.0	911.0	64	1
1616	758	1603	837	1534	1027	1386	1025
BNX	688.0	1405.0	135	1
896	1458	469	1403	511	1393	879	1369
RDJ	1693.0	2178.0	6	1
1691	2070	1615	2325	1748	1983	1720	2335
JDT	1285.0	3002.0	234	1
1171	2986	1220	2983	1137	3175	1613	2866
RDH	1385.0	2003.0	90	1
1543	1974	1326	2030	1231	1931	1441	2080
EYJ	855.0	1667.0	276	1
994	1785	796	1524	752	1663	878	1698
ZNV	2031.0	1440.0	153	1
2011	1322	1930	1562	1977	1350	2207	1527
HUO	1954.0	2099.0	110	1
1845	2083	2061	2046	2057	2189	1853	2081
OXM	892.0	2019.0	113	1
970	1900	979	1978	857	2134	765	2065
BAJ	343.0	858.0	230	1
187	821	138	845	505	921	544	847
EAY	964.0	2326.0	290	1
840	2491	1027	2249	923	2251	1067	2315
TDW	1759.0	449.0	263	1
1480	485	1931	361	1861	523	1764	427
IYS	657.0	2446.0	276	1
628	2394	652	2381	697	2716	652	2295
CIX	2230.0	2715.0	262	1
2261	2855	2290	2766	2121	2635	2248	2607
LZF	2182.0	1118.0	81	1
2217	1229	1994	1257	2230	844	2289	1142
AVG	1826.0	2807.0	51	1
1709	2950	1973	2901	1786	2709	1839	2668
GEE	391.0	1361.0	44	1
409	1239	417	1224	386	1720	353	1262
HRU	1341.0	886.0	236	1
1299	1031	1325	854	1367	724	1373	938
XLQ	2431.0	612.0	3	1
2335	641	2481	561	2452	721	2459	528
YLH	470.0	2995.0	243	1
480	3106	506	2861	488	3073	407	2940
