OHC	1072.0	505.0	192	1
1056	781	902	465	1308	364	1022	411
NWM	1682.0	1651.0	15	1
1825	1873	1754	1854	1300	1506	1850	1374
QBJ	2219.0	1394.0	155	1
2098	1589	2177	1156	2277	1488	2326	1346
XQR	700.0	2401.0	171	1
770	2327	767	2604	746	2409	517	2266
QCX	1004.0	2436.0	183	1
825	2388	891	2587	1160	2278	1143	2494
PDR	774.0	2826.0	157	1
932	2609	644	2865	904	2909	618	2921
WKZ	1388.0	2404.0	97	1
1402	2370	1341	2475	1225	2473	1586	2299
UMH	2603.0	1532.0	250	1
2439	1609	2603	1667	2722	1565	2649	1287
SSD	1846.0	2681.0	264	1
1763	2528	1967	2914	1753	2462	1901	2822
ROK	1526.0	450.0	103	1
1401	432	1581	295	1477	388	1645	688
JRP	2198.0	1849.0	187	1
2197	1748	2220	1916	2145	1799	2231	1936
MNE	2737.0	2195.0	18	1
2588	2117	2699	2159	2853	2377	2809	2127
YHS	1247.0	1005.0	115	1
1324	1094	1106	987	1196	1014	1365	927
KRK	643.0	352.0	224	1
496	152	809	286	812	709	456	261
ZOZ	1435.0	2681.0	81	1
1407	2548	1561	2817	1487	2802	1285	2557
YGN	734.0	1755.0	202	1
916	1656	798	1925	681	1860	541	1580
PGS	1078.0	2047.0	28	1
1146	1876	1009	2168	1015	1987	1144	2160
EUO	2843.0	2687.0	32	1
2988	2707	2753	2835	2686	2655	2948	2551
HHK	1452.0	1297.0	295	1
1577	1202	1424	1374	1271	1295	1537	1320
SCI	2826.0	904.0	76	1
2987	979	2616	970	2958	978	2745	690
HZW	2047.0	950.0	180	1
2264	947	2034	876	2019	1019	1872	960
URS	2112.0	2481.0	162	1
1979	2347	2124	2764	2123	2434	2223	2381
CZS	2250.0	575.0	223	1
2471	656	2024	572	2352	450	2156	623
FHE	2654.0	2954.0	32	1
2555	2967	2618	2862	2821	3062	2625	2926
UPL	696.0	1322.0	142	1
1017	1277	566	1576	595	1038	609	1400
MWD	2413.0	2153.0	243	1
2452	2093	2431	1955	2466	2315	2306	2251
AZD	1696.0	2139.0	116	1
1746	2256	1827	2086	1846	2205	1367	2009
REF	1670.0	835.0	179	1
1582	938	1809	860	1583	733	1708	810
XMF	666.0	921.0	228	1
557	910	787	829	409	1009	911	938
PAS	344.0	2703.0	205	1
435	2747	267	2742	333	2681	341	2642
CXC	2866.0	1944.0	175	1
3074	1901	3018	1966	2497	1805	2877	2107
UIL	356.0	1315.0	103	1
224	1508	338	1352	410	1159	454	1244
WSL	2188.0	1077.0	246	1
1882	1130	2406	1078	2196	1070	2270	1033
WAB	2634.0	2456.0	14	1
2558	2528	2585	2428	2739	2426	2654	2443
OJJ	1680.0	1047.0	276	1
1818	1087	1717	943	1495	1095	1690	1064
ATH	1679.0	2514.0	268	1
1746	2652	1726	2429	1648	2491	1598	2486
UCP	2750.0	375.0	199	1
2598	343	3043	300	2750	378	2612	479
RTS	384.0	1746.0	131	1
513	1941	385	1587	383	1621	257	1838
IET	1969.0	1675.0	80	1
1982	1700	1940	1571	2044	1582	1912	1849
JRD	2327.0	2980.0	116	1
2436	2819	2199	3100	2139	2943	2537	3058
RRV	1862.0	613.0	215	1
1893	656	1968	724	1721	501	1868	574
VEN	1431.0	2910.0	113	1
1445	2822	1201	2935	1583	2950	1498	2933
AZZ	1839.0	320.0	86	1
1807	405	1800	324	1936	287	1815	264
XNH	1932.0	1907.0	14	1
2047	1887	2014	1878	1782	1936	1888	1930
CHY	417.0	436.0	269	1
392	433	444	465	408	601	426	246
TTN	1099.0	1476.0	185	1
1201	1673	1088	1437	1064	1243	1046	1554
JJQ	340.0	3037.0	18	1
423	3171	120	2994	293	2945	524	3040
QLL	2147.0	2258.0	216	1
1982	2283	2150	2269	2291	2171	2166	2311
YWF	236.0	577.0	264	1
349	652	143	765	311	341	144	553
KWN	726.0	2112.0	79	1
931	1992	756	2261	475	2088	742	2108
