MDD	2187.0	367.0	286	1
2273	524	2399	308	1923	229	2154	409
SHU	549.0	2079.0	130	1
708	2153	311	1948	847	2205	330	2010
YFZ	1251.0	657.0	14	1
1330	517	1278	551	1029	849	1369	711
QBV	1654.0	505.0	239	1
1541	402	1532	729	1702	473	1844	417
JTW	1962.0	2128.0	130	1
1825	2128	2083	2190	1918	2255	2024	1940
SSV	1757.0	1657.0	114	1
1710	1759	1902	1653	1715	1601	1702	1616
UPH	2720.0	2752.0	254	1
2927	2987	2834	2766	2733	2671	2388	2584
LHP	807.0	2401.0	87	1
733	2691	939	2237	724	2221	832	2456
JLG	1749.0	801.0	19	1
1837	783	1889	743	1567	875	1704	805
CEA	2421.0	2159.0	138	1
2611	2058	2411	2120	2110	2419	2555	2039
WZA	2066.0	2723.0	68	1
2030	2545	1913	2952	2339	2774	1984	2624
QKK	408.0	944.0	78	1
339	1010	425	879	291	982	579	906
XQE	416.0	1658.0	94	1
324	1788	260	1585	374	1378	708	1884
GFV	2517.0	1461.0	125	1
2588	1602	2316	1574	2572	1440	2592	1229
ZLG	1756.0	1086.0	63	1
1754	882	1925	1194	1693	1295	1654	974
HTG	1156.0	1256.0	82	1
1057	1083	1301	1475	1231	1301	1037	1167
YPC	2314.0	842.0	261	1
2253	998	2198	765	2678	607	2130	1001
YWW	1466.0	2592.0	282	1
1739	2832	1624	2718	1252	2396	1252	2422
NKS	2125.0	1284.0	262	1
2221	1328	2059	1527	2103	1197	2117	1085
SEY	661.0	694.0	45	1
667	730	566	671	799	572	615	803
QXF	1056.0	1761.0	212	1
967	1811	1287	1813	917	1646	1056	1776
ZDA	2780.0	1875.0	167	1
2695	1993	2935	1948	2707	1896	2785	1663
JAT	434.0	2776.0	166	1
629	3033	325	2911	320	2597	463	2563
THJ	2969.0	624.0	73	1
2699	453	2988	679	3123	488	3067	878
IWA	1429.0	1743.0	191	1
1462	1860	1455	1556	1422	1965	1380	1592
CBS	1108.0	2693.0	238	1
1153	2931	1171	2759	1008	2587	1100	2495
RSQ	1017.0	1362.0	59	1
1020	1323	1026	1282	999	1589	1025	1256
XFF	1585.0	2244.0	97	1
1401	2318	1559	2190	1632	2341	1750	2128
VAH	1562.0	1074.0	111	1
1412	986	1570	1216	1631	947	1635	1150
GLR	2931.0	2159.0	111	1
2788	2043	2995	2169	3096	2043	2847	2383
SUS	626.0	1164.0	172	1
439	1019	393	1125	833	1160	839	1354
SBG	1199.0	2200.0	62	1
1043	1971	1025	2091	1374	2365	1357	2373
WUV	2079.0	1680.0	74	1
1939	1731	2028	1680	2387	1702	1964	1607
WTL	2279.0	1295.0	281	1
2307	1432	2285	1578	2295	1019	2232	1154
QZI	2785.0	1179.0	82	1
2718	1289	2834	1007	2972	1300	2619	1120
KCL	2899.0	2472.0	112	1
2848	2468	3058	2451	2914	2553	2778	2419
DYU	370.0	749.0	269	1
495	729	203	878	323	707	459	685
KGW	793.0	2955.0	232	1
782	2850	833	3160	776	2929	783	2882
IAB	1195.0	1046.0	26	1
1283	1038	1395	1028	1096	1055	1006	1065
QJO	1438.0	489.0	159	1
1461	323	1445	661	1379	596	1470	378
TVX	1643.0	1665.0	68	1
1610	1700	1701	1531	1587	1665	1677	1767
UVC	904.0	545.0	293	1
864	511	852	418	1003	735	898	517
EAW	483.0	303.0	278	1
337	490	693	247	591	297	314	181
KLV	2609.0	424.0	48	1
2616	404	2647	544	2652	539	2521	209
BSX	2498.0	1838.0	69	1
2551	1671	2529	1809	2474	2005	2438	1870
ABN	2769.0	1460.0	53	1
2707	1324	2875	1647	2798	1447	2699	1423
EVL	2008.0	808.0	227	1
2106	1027	1979	623	1997	741	1950	842
PSI	1820.0	2620.0	114	1
1741	2520	1827	2757	1871	2796	1844	2408
ZMV	1560.0	1333.0	149	1
1444	1354	1569	1362	1646	1399	1582	1217
HQR	1274.0	315.0	286	1
1338	268	1294	206	1295	274	1172	512
