SFQ	714.0	2375.0	398	1
842	2251	709	2746	461	2236	844	2269
QQQ	2369.0	2078.0	427	1
2248	1966	2467	1944	2534	2460	2230	1944
ACW	2303.0	2855.0	408	1
2588	2620	2193	3162	2135	2852	2296	2786
NAS	1944.0	380.0	412	1
2111	355	1707	476	2142	338	1816	353
HTI	1948.0	1659.0	404	1
2001	1629	1632	1560	2121	1687	2038	1760
LBP	688.0	2145.0	453	1
582	2042	834	2191	808	2194	529	2153
ASG	1396.0	728.0	373	1
1192	543	1374	1087	1366	620	1653	664
QWS	664.0	1509.0	369	1
652	1662	784	1436	420	1617	803	1324
NPJ	2806.0	2543.0	256	1
2655	2509	2588	2642	2999	2568	2982	2456
CTW	1144.0	1636.0	310	1
1330	1494	1005	1496	1025	2074	1216	1481
SIB	1726.0	2098.0	380	1
1867	2234	1817	2015	1392	2201	1831	1943
AYF	2845.0	2071.0	210	1
2705	2277	2807	2278	3023	1784	2845	1945
WJI	1847.0	2626.0	294	1
1787	2753	1740	2517	2100	2425	1764	2809
YGZ	761.0	930.0	303	1
613	840	942	677	606	1035	883	1170
GLE	2531.0	1057.0	485	1
2212	1124	2559	1162	2772	1059	2583	884
RVX	1869.0	2947.0	406	1
1823	3045	2032	2841	1728	2965	1896	2937
WNL	2107.0	739.0	343	1
2218	883	2029	701	2099	854	2084	519
ANA	3013.0	1486.0	417	1
3171	1688	2776	1349	3076	1348	3032	1561
QPM	987.0	2856.0	213	1
1107	2730	1013	2676	965	2962	866	3057
ZGL	2792.0	2947.0	495	1
2638	2933	2922	2879	2923	3024	2685	2953
QTK	2382.0	1295.0	499	1
2323	1228	2634	1295	2207	1255	2367	1405
ZFY	2391.0	1714.0	238	1
2231	1716	2435	1832	2403	1777	2496	1532
EKQ	1003.0	1282.0	285	1
1099	1306	931	1295	994	1264	989	1263
JDV	1414.0	2755.0	413	1
1458	3032	1714	2550	1254	2963	1230	2476
GWO	1766.0	1147.0	240	1
1769	975	1822	969	1804	1307	1669	1337
TXF	2885.0	206.0	371	1
2529	128	2964	342	3057	147	2991	207
DON	936.0	433.0	496	1
1011	486	1168	201	881	440	687	608
PVE	1976.0	1288.0	341	1
1942	1297	2111	1402	1964	1022	1888	1434
LGC	2099.0	2178.0	233	1
2153	1986	2225	2364	1941	2009	2078	2356
OBD	2519.0	599.0	391	1
2552	454	2457	428	2573	793	2497	721
AYL	1070.0	2448.0	358	1
1104	2530	1059	2285	1093	2586	1024	2393
DOW	531.0	871.0	358	1
539	706	588	743	591	1049	409	987
QUB	212.0	1927.0	202	1
159	2035	168	1700	165	1968	359	2008
SPT	2646.0	1635.0	268	1
2690	1609	2730	1646	2649	1566	2518	1721
TNT	1683.0	1396.0	386	1
1489	1352	1810	1376	1826	1340	1607	1516
DVE	2909.0	708.0	450	1
2952	759	3066	678	2675	699	2946	696
WYW	621.0	1789.0	405	1
485	1883	921	1732	596	1707	483	1835
VVA	686.0	2884.0	467	1
630	2905	749	2781	622	2878	745	2973
TYB	460.0	2934.0	319	1
430	3089	430	2749	403	3015	579	2885
MZW	953.0	2474.0	241	1
1015	2426	975	2428	907	2576	916	2468
HQC	411.0	560.0	236	1
402	536	489	683	313	500	440	522
RPD	1494.0	1760.0	496	1
1480	1673	1405	1592	1537	1877	1554	1899
HFG	2895.0	580.0	273	1
2826	601	2856	604	2890	483	3008	633
KXV	316.0	2422.0	489	1
381	2352	408	2698	342	2382	134	2257
UUU	1118.0	1384.0	406	1
1032	1408	1110	1321	1122	1450	1209	1360
GEB	1022.0	894.0	307	1
1073	872	1008	790	946	740	1062	1174
HWA	1826.0	677.0	309	1
1677	568	1729	570	2013	606	1885	965
AZN	2898.0	1239.0	489	1
2778	1253	2976	1185	2856	1182	2982	1338
JIE	2278.0	528.0	301	1
2225	513	2238	369	2329	571	2321	662
ZSO	2979.0	1020.0	302	1
2966	880	3035	1142	3123	934	2795	1126
