UJK	2399.0	2575.0	213	1
2584	2683	2311	2669	2084	2312	2619	2639
ADI	2837.0	2196.0	452	1
2860	2300	2890	2365	2784	2032	2817	2087
GBH	1878.0	599.0	232	1
1913	314	1979	799	1759	470	1864	816
PPW	1394.0	1022.0	219	1
1439	1011	1669	900	1239	1250	1231	927
BBQ	1429.0	1490.0	454	1
1205	1312	1663	1387	1445	1609	1405	1654
OGB	1756.0	1914.0	203	1
1772	1835	1894	2113	1615	1716	1745	1993
ZZX	1406.0	540.0	474	1
1574	651	1203	287	1634	802	1215	420
OYH	757.0	2430.0	338	1
809	2381	869	2440	741	2436	609	2466
VGC	649.0	1801.0	288	1
448	1833	829	1709	873	1593	447	2072
RIQ	941.0	2765.0	493	1
916	2843	947	2623	785	2766	1118	2830
VXZ	1461.0	2481.0	420	1
1464	2712	1295	2322	1539	2361	1547	2532
IJW	2581.0	1251.0	456	1
2524	1269	2778	1392	2331	1284	2692	1059
NZI	2654.0	673.0	481	1
2746	798	2473	470	2569	623	2831	803
AUH	530.0	432.0	407	1
501	277	396	563	557	375	668	513
WAQ	1510.0	1935.0	371	1
1500	1985	1411	1891	1603	1965	1529	1902
LUF	2129.0	1051.0	231	1
2066	1030	2129	1159	2291	757	2032	1259
NLQ	282.0	1459.0	449	1
121	1507	353	1567	195	1364	459	1401
LTX	594.0	1206.0	458	1
428	1106	700	1268	656	1340	593	1112
BPY	596.0	2784.0	306	1
609	2987	697	2639	592	2761	489	2749
KHS	647.0	1030.0	311	1
452	1089	623	903	663	1078	850	1051
ZAD	1004.0	1015.0	480	1
1159	1010	924	1249	1026	1012	908	792
OXV	2636.0	1782.0	207	1
2531	1755	2681	1591	2510	1855	2825	1927
USB	2326.0	1719.0	278	1
2425	1627	2429	1964	1998	1662	2455	1625
XMH	856.0	517.0	389	1
713	628	803	608	967	663	941	169
PPY	2226.0	2878.0	429	1
2193	2956	1930	2984	2352	2686	2430	2886
FFH	2378.0	301.0	428	1
2407	312	2438	331	2326	323	2344	240
FHG	1799.0	2281.0	377	1
1812	2563	1929	2172	1674	2249	1781	2141
TQX	1546.0	2952.0	359	1
1439	2854	1667	2893	1465	3032	1615	3029
QFC	1184.0	2000.0	344	1
1266	2149	1095	1920	1123	1840	1252	2092
SHZ	1883.0	1387.0	232	1
1731	1552	1945	1309	1961	1177	1898	1511
DDB	2932.0	2787.0	497	1
2820	2913	3031	2721	2825	2580	3055	2937
CMT	608.0	2277.0	410	1
443	2236	699	2316	447	2225	843	2332
RNK	2386.0	2073.0	354	1
2186	2103	2287	1986	2656	2063	2418	2143
VYB	681.0	3100.0	340	1
586	3192	521	3003	1076	3126	543	3080
HVK	623.0	795.0	442	1
453	865	803	854	441	677	798	787
XHW	1093.0	2356.0	319	1
1142	2326	1205	2242	1104	2437	923	2422
SAK	2178.0	345.0	482	1
2151	560	2199	338	2120	290	2245	194
UHD	1089.0	2885.0	250	1
1146	2850	1072	2975	951	2853	1189	2864
NFM	2977.0	1654.0	231	1
3094	1744	2850	1676	3030	1735	2934	1462
GAR	3028.0	1022.0	225	1
3002	1153	3032	969	2960	953	3121	1014
RKT	2447.0	2207.0	231	1
2318	2231	2696	2211	2447	2183	2329	2204
YYZ	408.0	2545.0	316	1
476	2436	396	2477	373	2758	389	2509
MLT	3010.0	624.0	223	1
2868	818	3145	409	2934	475	3096	794
GAG	254.0	418.0	406	1
153	223	303	563	258	221	302	668
YFR	958.0	1970.0	383	1
906	2110	1033	1912	1018	2039	877	1819
OSZ	2058.0	397.0	466	1
2037	232	2082	705	1995	290	2118	363
QOC	2562.0	930.0	494	1
2729	1056	2337	819	2587	814	2595	1034
YXG	2694.0	2734.0	206	1
2566	2704	2765	2724	2682	2798	2763	2710
FUC	280.0	930.0	233	1
375	930	167	1150	300	824	278	817
XAG	1765.0	2716.0	252	1
1600	2788	1925	2761	1635	2751	1902	2565
