ILS	715.0	503.0	407	1
586	291	1017	568	750	460	510	693
YZG	2607.0	740.0	356	1
2681	562	2689	856	2493	762	2567	780
YFJ	2931.0	2016.0	240	1
2740	2018	2912	2137	3139	1990	2933	1921
CNP	305.0	1240.0	271	1
382	1314	218	1330	329	1311	294	1005
UEQ	1174.0	2260.0	386	1
1339	2122	1075	2450	1236	2077	1046	2391
YCR	1891.0	1131.0	300	1
2031	1187	2046	1259	1867	947	1620	1133
EVV	1524.0	2432.0	418	1
1594	2405	1496	2344	1591	2443	1415	2539
KAU	1869.0	2020.0	216	1
1796	1860	2055	2242	1988	1835	1638	2143
FTD	2412.0	2347.0	406	1
2477	2200	2168	2210	2642	2442	2364	2539
JMP	2232.0	1548.0	404	1
2330	1586	2223	1455	2287	1427	2088	1727
LSA	1359.0	802.0	357	1
1250	573	1436	969	1437	998	1316	670
JCB	683.0	1682.0	440	1
652	1804	475	1594	642	1852	965	1481
GRG	1307.0	1778.0	316	1
1243	1637	1425	1971	1454	1866	1107	1638
RLB	1620.0	496.0	460	1
1635	369	1529	460	1840	778	1478	379
WCS	2480.0	2756.0	451	1
2540	2735	2695	2652	2404	2679	2284	2960
DYH	849.0	2726.0	283	1
530	2637	1058	2901	965	2588	844	2778
IGD	2939.0	497.0	382	1
3024	406	2789	187	3079	722	2865	673
EMA	1115.0	1289.0	228	1
1189	1392	1299	1363	863	1004	1111	1400
OKB	1928.0	2683.0	207	1
1977	2706	1979	2527	1979	2692	1779	2808
IPL	2956.0	1653.0	485	1
2970	1810	2960	1835	2844	1438	3052	1531
BMU	2043.0	366.0	476	1
1923	381	1894	214	2250	656	2107	216
OLS	515.0	2172.0	287	1
680	2317	332	1936	446	2440	602	1998
PXN	1619.0	2945.0	397	1
1578	2994	1725	2916	1792	2977	1384	2894
SYO	2395.0	1172.0	398	1
2385	1073	2233	1223	2469	1331	2496	1063
ANR	1465.0	1213.0	387	1
1346	1199	1588	1126	1566	1325	1361	1202
RQV	2682.0	1626.0	327	1
2819	1851	2521	1512	2710	1534	2679	1608
NSB	791.0	1118.0	275	1
768	1024	850	854	814	1284	733	1312
YCY	1770.0	1582.0	406	1
1534	1417	1993	1638	1511	1600	2043	1673
HSD	2574.0	1157.0	382	1
2576	1141	2617	1016	2557	1079	2549	1394
KDR	785.0	2151.0	287	1
748	2159	831	2176	709	2049	852	2222
IPX	1548.0	2642.0	428	1
1571	2628	1376	2690	1684	2582	1564	2668
PCX	2721.0	1006.0	293	1
2636	1092	2896	1068	2661	975	2691	889
HBP	2814.0	2323.0	350	1
2810	2369	2681	2271	2935	2263	2832	2391
NKJ	2743.0	1279.0	222	1
2667	1395	2651	1098	2830	1255	2825	1369
BDZ	1768.0	2351.0	394	1
1603	2315	1606	2243	1720	2519	2146	2328
QKI	482.0	1269.0	396	1
438	1321	589	1266	419	1325	483	1164
UGH	330.0	437.0	266	1
265	524	246	661	302	259	510	307
FGK	2430.0	1555.0	484	1
2433	1689	2450	1457	2376	1679	2461	1396
RCY	1372.0	2819.0	254	1
1447	2886	1369	2735	1252	2893	1423	2762
ZDH	1199.0	3016.0	483	1
1261	2956	1218	3095	1063	2900	1254	3116
SPG	938.0	2432.0	458	1
813	2483	999	2262	914	2564	1026	2422
LDN	445.0	1416.0	360	1
445	1427	196	1420	634	1388	505	1431
KCS	342.0	2768.0	465	1
317	2577	213	2902	372	2853	469	2742
RAB	648.0	1019.0	278	1
666	1113	617	800	713	962	598	1203
MLP	2876.0	2804.0	265	1
2821	2929	2979	2583	2890	2926	2817	2779
VTJ	2606.0	3104.0	448	1
2647	3013	2540	3187	2779	3093	2461	3123
UGJ	2143.0	3054.0	205	1
2200	2904	2028	3046	2263	3130	2082	3136
MLC	363.0	826.0	471	1
232	888	475	662	452	948	295	809
RFH	2285.0	2063.0	375	1
2509	2098	2195	2119	2338	2148	2098	1887
YFO	1546.0	284.0	435	1
1616	206	1294	368	1591	276	1685	287
