IKC	2192.0	1405.0	468	1
2498	1126	1966	1557	1966	1436	2338	1502
OKD	1956.0	419.0	206	1
2226	359	2128	554	1660	339	1811	425
ZPF	1847.0	2671.0	377	1
1682	2706	2017	2852	1973	2559	1719	2570
IRM	743.0	1015.0	490	1
699	815	797	970	955	1229	524	1048
JMD	826.0	2425.0	464	1
940	2144	944	2629	736	2666	687	2262
JDP	2869.0	1792.0	233	1
2960	1686	2615	1812	3005	1861	2896	1810
SPC	2675.0	2630.0	318	1
2609	2482	2717	2678	2657	2403	2720	2958
APV	1373.0	681.0	300	1
1637	597	1366	560	1102	787	1387	783
PSN	872.0	1419.0	401	1
872	1485	1033	1419	907	1305	678	1470
NRS	657.0	2582.0	347	1
680	2331	603	2589	674	2763	673	2645
EDP	2759.0	717.0	257	1
2593	820	2945	493	2479	782	3022	774
UPV	2220.0	1790.0	337	1
2445	1692	2180	1700	2087	1795	2168	1974
YEF	451.0	1369.0	243	1
516	1606	461	1205	475	1245	353	1421
VNJ	1345.0	2291.0	336	1
1272	2050	1351	2584	1390	2160	1370	2373
JRS	2948.0	2892.0	341	1
2830	2862	2995	2926	2979	3010	2989	2772
WLW	2852.0	2436.0	463	1
2877	2727	2858	2360	2809	2320	2865	2337
XSD	1454.0	2638.0	407	1
1438	2627	1395	2394	1454	2802	1529	2732
ZTM	2772.0	1364.0	337	1
2853	1337	2907	1366	2564	1261	2767	1494
ALD	1714.0	1031.0	362	1
1755	953	1811	1064	1701	1094	1592	1013
ZTS	1458.0	1943.0	493	1
1412	2005	1269	1892	1382	1997	1771	1880
QZO	1015.0	1857.0	422	1
837	2035	1077	1969	889	1632	1257	1793
WYE	1786.0	1512.0	389	1
1727	1311	1718	1677	1742	1715	1960	1345
KVF	1371.0	1144.0	301	1
1412	1108	1226	1331	1503	1180	1345	959
MXB	308.0	2045.0	244	1
412	1985	346	1971	246	1986	229	2240
GBQ	1279.0	861.0	313	1
1302	912	1125	854	1455	871	1237	808
JYX	2193.0	2232.0	354	1
2101	2014	2032	2299	2453	2559	2188	2058
WVE	429.0	2559.0	404	1
510	2456	301	2408	464	2629	444	2744
RVW	2120.0	2748.0	407	1
2165	2774	2110	2894	2043	2666	2163	2658
GGG	2052.0	929.0	267	1
1897	1034	1915	1021	2048	784	2349	879
LWK	1176.0	2890.0	458	1
1089	2705	1341	2843	1253	2846	1023	3168
FMU	648.0	548.0	293	1
385	716	719	331	868	382	622	766
YXK	2672.0	905.0	334	1
2732	867	2709	890	2720	1002	2530	864
TYB	2783.0	2024.0	269	1
2971	1927	2729	1963	2526	2049	2908	2159
BCZ	1737.0	2300.0	458	1
1648	2498	1839	2437	1568	2137	1894	2130
MLL	1899.0	2005.0	310	1
1806	2110	1998	1735	1932	2122	1861	2055
AVP	563.0	1964.0	317	1
573	1915	602	2013	665	1928	412	2001
PPX	501.0	1781.0	454	1
308	1761	542	1912	790	1718	366	1733
KDM	2371.0	2897.0	454	1
2345	2909	2471	2815	2285	2951	2385	2913
XAY	1489.0	1683.0	210	1
1449	1616	1513	1792	1471	1723	1523	1601
CJS	1107.0	2476.0	388	1
1010	2512	1102	2384	1236	2400	1082	2610
KNI	1639.0	1282.0	468	1
1688	1320	1657	1100	1615	1311	1596	1397
ASP	574.0	2908.0	252	1
430	2956	761	3031	542	2860	565	2786
HXT	2917.0	1033.0	265	1
2937	994	3084	1244	2850	1056	2800	839
LZD	1322.0	1422.0	358	1
1315	1341	1359	1333	1310	1422	1304	1594
PJN	1200.0	489.0	434	1
1130	489	1312	524	1222	554	1137	389
SLS	247.0	768.0	269	1
226	637	352	684	251	865	160	887
KYY	2305.0	484.0	388	1
2228	516	2441	617	2257	265	2295	541
XLZ	970.0	372.0	204	1
1024	547	895	188	1053	228	909	526
KZW	1118.0	1376.0	229	1
1184	1580	1086	1255	1124	1497	1080	1174
POB	1695.0	845.0	285	1
1629	825	1875	816	1557	874	1720	866
