DVX	2838.0	1674.0	55	1
2919	1859	2809	1686	2881	1567	2744	1586
EXN	2440.0	2396.0	298	1
2634	2781	2249	2224	2506	2199	2371	2380
PYW	983.0	2043.0	129	1
1063	1949	1025	2145	1035	1958	810	2122
MXM	2361.0	1175.0	275	1
2051	1103	2567	1102	2555	1465	2274	1032
QWV	865.0	2444.0	107	1
1000	2715	657	2230	815	2556	990	2277
JFG	1792.0	1925.0	232	1
1754	1677	1951	2062	1685	1989	1779	1972
PQJ	538.0	748.0	114	1
599	614	744	796	188	878	621	704
XFA	2413.0	1703.0	155	1
2571	1756	2130	1599	2305	1511	2647	1946
XMK	1206.0	1099.0	234	1
1135	759	1091	1111	1091	1204	1509	1324
JUR	1336.0	601.0	278	1
1324	627	1318	750	1481	697	1222	330
UXJ	2925.0	1284.0	231	1
3009	1430	2790	1312	3084	1419	2817	978
KFU	2017.0	476.0	129	1
1840	311	2114	368	2214	657	1901	570
LRB	1720.0	2668.0	231	1
1856	2662	1598	2766	1657	2721	1772	2523
DBC	2210.0	907.0	147	1
2273	921	2257	920	2341	869	1971	918
WIX	484.0	1263.0	90	1
272	1458	753	1254	439	1198	474	1143
IRS	2391.0	368.0	176	1
2649	481	2334	284	2363	463	2221	247
YFZ	999.0	1548.0	92	1
972	1668	1015	1516	1053	1608	959	1403
EQQ	1219.0	2816.0	106	1
1181	2981	1501	2617	1119	3003	1075	2663
PWI	2097.0	2303.0	231	1
1959	2228	2146	2500	2156	2230	2130	2256
QLF	1414.0	2113.0	142	1
1235	2117	1257	2205	1623	1968	1544	2165
OUQ	2768.0	671.0	251	1
2553	563	2925	525	2613	886	2984	711
NIQ	1166.0	1819.0	239	1
1309	1789	1323	1920	1119	1826	913	1744
JDO	983.0	481.0	231	1
1032	459	1109	368	983	466	810	634
HRY	2739.0	2229.0	26	1
2768	2012	2843	2238	2636	2318	2712	2351
NAW	2824.0	2921.0	72	1
3061	3024	2691	2765	2659	3036	2886	2859
EFX	621.0	537.0	241	1
616	591	426	579	709	374	734	607
XCG	1760.0	930.0	27	1
1743	1031	1778	755	1671	1078	1851	857
TGD	1759.0	1265.0	263	1
1887	1217	1745	1380	1536	1224	1870	1239
LTJ	571.0	1742.0	43	1
476	1958	581	1651	586	1511	643	1848
HRJ	1601.0	445.0	244	1
1615	500	1501	201	1604	595	1684	486
UCB	1285.0	2415.0	255	1
1083	2546	1369	2382	1553	2316	1135	2416
WJX	562.0	2991.0	259	1
400	3171	504	2967	589	2827	758	2999
KQF	402.0	2504.0	181	1
315	2329	524	2672	322	2548	447	2470
QUM	1518.0	1709.0	98	1
1394	1720	1598	1612	1657	1677	1423	1830
JGJ	2141.0	2999.0	176	1
2095	3123	2046	2906	1946	2924	2480	3046
DHN	1904.0	1504.0	154	1
1811	1600	1870	1444	1886	1535	2049	1437
ITP	3057.0	2500.0	33	1
3081	2361	2972	2472	3135	2756	3042	2411
GMN	947.0	1029.0	19	1
882	875	792	864	1023	1196	1091	1184
WKX	405.0	1968.0	192	1
415	2208	364	1875	458	1631	386	2158
JTM	821.0	1604.0	34	1
919	1693	736	1482	887	1597	744	1647
CNP	1668.0	2877.0	178	1
1606	2820	1718	2876	1773	2949	1575	2865
IBJ	1268.0	1427.0	19	1
1316	1367	1336	1499	1129	1466	1291	1376
BCX	2308.0	2069.0	190	1
2356	2191	2224	1965	2275	2012	2378	2111
ZUT	2137.0	2579.0	283	1
2217	2551	2082	2597	2023	2512	2228	2656
UYN	1913.0	2183.0	99	1
1869	2199	1880	2214	2034	2155	1870	2164
WZS	1200.0	1604.0	298	1
1166	1557	1360	1541	1156	1618	1119	1702
TGZ	1030.0	2176.0	122	1
791	2155	1196	2193	1081	2199	1054	2158
TMM	1062.0	2356.0	51	1
1075	2517	1082	2317	1076	2312	1015	2279
SVC	820.0	1317.0	289	1
790	1313	809	1300	875	1321	807	1336
NHG	2365.0	652.0	45	1
2292	751	2334	558	2439	646	2397	655
