VYC	598.0	1621.0	35	1
716	1664	673	1598	614	1674	389	1548
XQH	2612.0	2007.0	210	1
2903	2236	2626	1804	2406	2110	2516	1880
WHW	1227.0	1358.0	290	1
1076	1371	1453	1164	1067	1495	1315	1405
DSY	2115.0	485.0	236	1
2282	377	2264	529	1991	578	1926	459
BYY	1275.0	2266.0	28	1
1494	2273	1206	2031	1137	2239	1266	2521
NLL	1791.0	2457.0	291	1
1608	2288	1792	2564	2081	2637	1684	2341
ZAA	2461.0	2593.0	287	1
2413	2398	2402	2625	2620	2727	2411	2622
TGM	2006.0	1518.0	3	1
2206	1506	2181	1512	1852	1548	1787	1509
CMF	497.0	779.0	102	1
472	910	339	931	748	679	430	597
WGP	1828.0	819.0	191	1
1995	806	1660	926	2034	945	1625	602
LKS	848.0	1897.0	126	1
694	1835	847	1974	856	1903	997	1877
LPC	796.0	1211.0	14	1
829	1394	646	1152	853	1099	859	1200
AYA	2564.0	577.0	291	1
2711	514	2569	806	2348	522	2628	469
SZU	1551.0	1593.0	90	1
1551	1418	1455	1668	1697	1546	1504	1740
USE	722.0	2568.0	151	1
776	2417	674	2357	791	2753	649	2746
RBL	1401.0	805.0	129	1
1538	643	1247	559	1387	1031	1432	989
RLV	2245.0	942.0	157	1
2122	955	2496	837	2291	961	2072	1017
WKT	702.0	3001.0	219	1
678	3185	795	2944	594	2892	743	2986
HNY	439.0	307.0	181	1
672	405	499	231	359	337	228	257
WXO	1129.0	2739.0	127	1
846	2667	1263	2812	1331	2647	1078	2831
MTH	1922.0	1811.0	33	1
1981	1622	1885	1869	1780	1710	2042	2044
BLN	518.0	2265.0	71	1
451	2339	404	2121	444	2290	776	2313
KVX	963.0	921.0	282	1
777	1039	1138	689	1133	883	805	1073
WTX	1965.0	1179.0	222	1
1847	1112	2071	1131	1906	1292	2039	1181
DQK	388.0	1385.0	112	1
485	1537	411	1335	487	1247	169	1424
QXE	2373.0	1178.0	13	1
2182	1133	2711	1065	2448	1093	2154	1424
BQR	2954.0	2455.0	198	1
2995	2490	3122	2392	2862	2589	2840	2349
APR	2051.0	2799.0	203	1
1952	2666	1925	2877	2104	2959	2226	2697
JIV	2863.0	824.0	65	1
2912	548	3017	837	2744	1015	2781	898
MQE	2264.0	2144.0	232	1
2256	1967	2228	2162	2374	2242	2198	2207
WFD	2990.0	1581.0	170	1
3110	1561	3075	1479	2714	1538	3062	1748
FVM	957.0	2296.0	47	1
930	2062	1032	2145	971	2476	896	2502
NNV	1134.0	1627.0	293	1
1024	1615	1047	1623	1237	1582	1229	1688
PWH	2781.0	338.0	85	1
2595	460	2983	267	2824	263	2722	364
ZSV	2372.0	1654.0	18	1
2306	1612	2445	1744	2366	1686	2371	1576
AWT	1682.0	1136.0	94	1
1571	1158	1772	1160	1714	1258	1671	971
NUV	350.0	2697.0	158	1
480	2779	322	2705	253	2587	347	2720
FFN	1631.0	2051.0	78	1
1628	1922	1514	2166	1630	2153	1754	1965
PKT	1529.0	3064.0	33	1
1641	3096	1448	3119	1491	3186	1537	2858
XAK	2919.0	1160.0	254	1
2879	1060	2834	1335	3005	1066	2958	1179
BSS	1205.0	1910.0	159	1
1052	1966	1397	1865	1152	1782	1220	2029
ZWV	1558.0	338.0	134	1
1743	502	1329	292	1741	231	1420	329
XXZ	2578.0	2885.0	286	1
2592	2822	2433	3057	2511	2793	2776	2869
NHZ	445.0	1806.0	62	1
248	1771	455	1865	655	1805	422	1784
YLI	245.0	738.0	77	1
226	850	261	598	245	922	251	585
FFS	2280.0	2603.0	200	1
2293	2635	2258	2423	2271	2605	2299	2750
NVS	2921.0	2824.0	53	1
2787	2893	3043	2745	2851	2643	3005	3016
AFV	1754.0	1331.0	186	1
1796	1355	1803	1265	1643	1378	1775	1329
SJG	1072.0	356.0	160	1
1091	375	1255	292	1222	280	720	477
PZH	2094.0	3033.0	86	1
2041	3054	2092	2974	2081	3061	2165	3043
