BMO	1296.0	2191.0	296	1
1429	2082	1280	2278	1218	2278	1259	2129
NFH	1755.0	2637.0	169	1
1425	2513	1988	2779	1802	2460	1806	2798
UQC	2835.0	1540.0	42	1
2957	1620	2846	1491	2925	1788	2613	1263
LBW	2149.0	889.0	245	1
2280	819	2032	1086	2111	890	2173	764
TIR	1718.0	555.0	264	1
1945	633	1548	619	1566	575	1813	395
YIM	1063.0	976.0	266	1
1028	1114	949	1043	1069	813	1208	937
HMC	797.0	1617.0	50	1
1017	1275	1004	1737	699	1844	470	1614
QWX	2188.0	1463.0	274	1
2169	1483	2246	1386	2142	1581	2198	1404
ZTB	652.0	2655.0	124	1
920	3041	377	2536	501	2487	811	2557
UPP	1256.0	1811.0	174	1
1408	2021	1465	1852	1089	1582	1064	1790
HWV	317.0	1021.0	112	1
686	937	299	962	145	963	138	1223
AMA	1587.0	1446.0	96	1
1518	1580	1520	1428	1630	1168	1681	1608
QJS	2360.0	2534.0	122	1
2483	2518	2280	2418	2304	2632	2374	2571
HMO	2742.0	2839.0	271	1
2799	2683	2928	2948	2545	2966	2697	2762
ZKS	1814.0	1924.0	199	1
1611	1771	1892	2186	1816	1951	1937	1789
HNR	716.0	498.0	278	1
871	350	794	381	528	334	674	928
TTM	2022.0	2910.0	76	1
1882	2851	2149	2885	1898	3038	2161	2867
PYR	1160.0	1384.0	10	1
1298	1509	1030	1271	1199	1515	1115	1242
UIW	2647.0	498.0	76	1
2883	675	2854	631	2336	158	2518	529
CPB	2614.0	2095.0	32	1
2775	2145	2653	1973	2364	2089	2664	2174
WOH	1210.0	474.0	220	1
1354	325	943	493	1197	328	1346	752
HZE	2347.0	1503.0	157	1
2249	1854	2480	1541	2398	1264	2264	1356
LYB	3046.0	2617.0	59	1
3016	2496	3037	2502	2993	2654	3139	2816
UTR	1171.0	2717.0	47	1
1424	2754	1152	2945	1025	2562	1086	2610
ESH	1481.0	429.0	120	1
1516	365	1379	630	1522	170	1507	552
UUL	2880.0	2307.0	110	1
3024	2203	2841	2361	2885	2182	2773	2484
SNH	901.0	2205.0	290	1
981	2337	893	2302	699	2289	1032	1892
JLZ	2486.0	879.0	107	1
2431	877	2625	794	2374	901	2517	944
SAW	465.0	453.0	286	1
362	438	524	288	507	748	468	339
UON	1615.0	773.0	133	1
1591	908	1536	822	1708	662	1628	703
LFE	2056.0	1328.0	73	1
2119	1325	2113	1494	1944	1300	2049	1194
YFA	1696.0	2313.0	234	1
1490	2191	1827	2334	1982	2299	1488	2431
VLI	1567.0	986.0	47	1
1421	987	1581	918	1589	991	1678	1049
HSV	292.0	1950.0	33	1
433	1854	194	1976	234	1905	308	2067
AAG	3001.0	893.0	81	1
3000	817	3085	954	2988	780	2934	1023
HUS	1817.0	1090.0	168	1
1770	833	1800	1370	1842	1061	1856	1097
YBP	2047.0	461.0	107	1
2047	210	1979	619	2054	304	2108	712
HYT	2643.0	2339.0	19	1
2541	2207	2608	2333	2698	2587	2726	2229
KJB	523.0	2224.0	284	1
503	2188	621	2132	542	2097	429	2479
MVY	2786.0	1156.0	255	1
2980	1195	2719	1242	2805	1035	2643	1153
HTU	211.0	474.0	46	1
252	264	163	615	254	594	175	425
WFT	2131.0	2283.0	37	1
2013	2429	2118	1996	2140	2416	2253	2291
LGD	2189.0	1180.0	88	1
2272	1187	2281	1170	2235	1186	1968	1178
XJH	2431.0	2974.0	115	1
2476	3011	2270	2932	2520	2933	2458	3023
WYD	1836.0	1689.0	286	1
1768	1644	1871	1750	1636	1639	2072	1726
TCE	1316.0	3017.0	101	1
1318	2945	1075	3007	1229	3080	1645	3036
VWR	788.0	1165.0	161	1
752	1217	734	1162	850	1096	819	1185
YKW	2184.0	2564.0	216	1
2146	2695	2121	2464	2241	2511	2229	2589
QSZ	1297.0	2390.0	13	1
1268	2295	1208	2425	1381	2461	1333	2381
ZOP	1494.0	1142.0	294	1
1346	1135	1456	1109	1629	1160	1548	1167
