EPR	1356.0	581.0	22	1
1580	832	1173	360	1473	842	1201	291
MZW	1207.0	2383.0	47	1
1367	2109	1105	2328	1326	2600	1033	2497
FSZ	2854.0	1546.0	13	1
3161	1406	2791	1649	2687	1566	2779	1564
FBO	2728.0	931.0	223	1
2940	667	2611	1102	2759	1045	2605	912
LHX	1368.0	1481.0	169	1
1400	1507	1292	1346	1211	1454	1572	1618
UZN	652.0	1734.0	187	1
577	1622	545	1708	875	1616	611	1992
GYF	968.0	2959.0	98	1
1106	3068	766	2965	1001	2642	1000	3161
YCF	903.0	623.0	23	1
955	426	750	698	949	813	960	555
CHL	260.0	1496.0	162	1
241	1260	177	1787	462	1541	162	1397
ABL	1965.0	954.0	184	1
1941	913	1852	919	2205	1032	1862	955
RYL	2206.0	1700.0	243	1
2167	1991	2310	1742	2381	1496	1967	1571
SEG	2250.0	2750.0	198	1
2219	2796	2103	2875	2447	2573	2234	2759
EIF	1052.0	1251.0	23	1
780	1203	1089	1446	1149	1353	1193	1004
VTP	2443.0	2318.0	169	1
2160	2253	2494	2399	2432	2263	2687	2360
FLM	524.0	2697.0	239	1
422	2785	641	2821	386	2785	649	2398
SAE	849.0	2286.0	300	1
915	2432	683	2258	853	2332	947	2124
DMU	1655.0	2424.0	88	1
1886	2554	1382	2353	1928	2307	1425	2484
UOH	2682.0	1991.0	143	1
2579	2104	2621	1947	2593	1900	2936	2014
OUB	1019.0	1752.0	62	1
1094	1915	1123	1723	921	1477	938	1894
IRZ	1457.0	1096.0	238	1
1331	1296	1608	1213	1603	972	1286	905
UKR	520.0	869.0	185	1
524	959	553	756	335	1077	669	684
ZCH	1708.0	482.0	117	1
1704	492	1766	298	1622	433	1743	705
SRH	1472.0	2717.0	1	1
1215	2844	1686	2645	1508	2608	1481	2773
QRC	1791.0	2079.0	137	1
1830	2100	1719	2097	1882	2198	1733	1923
ZZX	2337.0	538.0	191	1
2473	505	2453	302	2230	561	2192	787
MHX	2559.0	1610.0	78	1
2477	1731	2606	1676	2633	1445	2520	1588
SJU	2072.0	1256.0	204	1
2023	1175	2023	1191	2250	1411	1994	1250
GWR	388.0	2081.0	193	1
495	2132	323	1959	386	2216	351	2020
ZJS	2685.0	2478.0	201	1
2841	2497	2839	2510	2600	2415	2462	2491
DEI	409.0	479.0	57	1
499	533	534	483	213	450	391	451
MYU	1484.0	1975.0	147	1
1411	1894	1375	2044	1578	2137	1573	1828
AFC	2615.0	1264.0	189	1
2330	1112	2784	1387	2681	1282	2667	1275
BGD	2987.0	2751.0	207	1
3034	2708	2945	2563	3122	2889	2849	2846
RHW	1953.0	438.0	93	1
2019	597	1879	543	1812	278	2103	336
HMB	2861.0	524.0	192	1
3117	428	2571	466	2853	661	2906	544
HGJ	1729.0	1713.0	71	1
1699	1856	1801	1490	1783	1867	1635	1642
EDN	1982.0	2796.0	172	1
2066	2927	2003	2965	2009	2589	1851	2706
NLO	1913.0	1335.0	234	1
1829	1380	1925	1375	1930	1286	1969	1301
XCK	2857.0	2250.0	275	1
2923	2243	2845	2317	2819	2163	2844	2279
LGA	2243.0	2133.0	115	1
2359	2125	2044	2153	2160	2058	2410	2196
JGO	1325.0	1685.0	50	1
1386	1740	1357	1634	1359	1623	1198	1744
HUG	656.0	1456.0	228	1
696	1347	720	1600	630	1300	578	1578
STL	1698.0	906.0	60	1
1684	824	1627	959	1747	721	1735	1122
AKD	1823.0	2257.0	258	1
1999	2271	1650	2221	1949	2282	1695	2255
ULL	1086.0	730.0	51	1
1003	817	1126	737	1113	469	1102	898
LDU	2877.0	1802.0	272	1
2633	1667	3040	1869	2850	1851	2987	1823
FRH	2207.0	2466.0	105	1
2242	2444	2285	2499	2093	2447	2211	2477
DUP	514.0	1196.0	166	1
472	1144	617	1238	463	1125	504	1279
MRH	2998.0	827.0	5	1
3058	987	2940	661	2949	740	3048	922
SZR	2471.0	903.0	213	1
2438	937	2408	834	2484	967	2557	874
