SBD	2445.0	952.0	206	1
2345	1290	2698	905	2326	830	2414	784
YQJ	2441.0	2536.0	151	1
2366	2392	2389	2476	2704	2753	2306	2525
MVC	486.0	2085.0	47	1
685	1997	227	2109	706	2171	327	2064
TYU	1289.0	2394.0	262	1
1409	2616	1113	2205	1488	2426	1146	2331
OAM	955.0	1717.0	238	1
979	1688	1082	1697	693	1733	1068	1750
OIT	1615.0	433.0	289	1
1621	395	1454	443	1636	643	1751	253
MID	477.0	485.0	239	1
661	801	284	451	751	287	213	402
HMD	444.0	953.0	175	1
157	833	285	918	677	1053	659	1009
AOQ	1716.0	2749.0	140	1
1841	2628	1738	2674	1572	3008	1715	2688
OZS	1371.0	869.0	92	1
1433	643	1617	818	1368	996	1069	1022
UOH	2192.0	1812.0	72	1
2340	1564	2001	1708	2327	1992	2103	1987
NDE	1048.0	2864.0	287	1
1405	3117	1012	2658	890	2783	887	2900
VPW	2884.0	1990.0	5	1
3122	2113	2607	2071	2793	1915	3016	1864
KEI	626.0	2495.0	228	1
552	2323	562	2380	513	2454	878	2823
CVN	2151.0	698.0	20	1
2239	528	2305	836	2051	961	2011	468
NXN	2940.0	729.0	242	1
2726	706	3021	545	3102	1041	2914	627
PMB	680.0	1527.0	265	1
760	1356	465	1674	1018	1398	479	1683
ZAN	2110.0	2706.0	82	1
1873	2904	2093	2761	2188	2584	2289	2578
CWR	1205.0	1246.0	25	1
1058	1208	1477	1226	1077	1435	1208	1115
IYM	1035.0	2032.0	174	1
798	1857	961	2034	1023	2143	1359	2094
OGI	1986.0	2292.0	94	1
2087	2142	1980	2473	1927	2452	1953	2104
QPY	1614.0	1670.0	261	1
1406	1469	1783	1840	1413	1523	1854	1848
VAZ	1704.0	2196.0	95	1
1684	2163	1879	2097	1618	2285	1637	2242
ROK	2526.0	585.0	136	1
2463	664	2645	692	2395	576	2601	410
TQY	2842.0	1258.0	238	1
2916	1461	2890	1172	2811	1305	2753	1095
BVS	2849.0	2194.0	178	1
2792	2226	3068	2142	2779	2224	2759	2186
GIH	2479.0	1568.0	84	1
2471	1662	2544	1428	2483	1521	2419	1661
LEM	1899.0	1191.0	267	1
1677	1192	1952	1308	1881	1123	2086	1143
EMP	2879.0	1705.0	209	1
2949	1553	2886	1788	2907	1863	2775	1619
LZQ	971.0	688.0	230	1
862	1007	1031	518	978	651	1015	578
IUT	2495.0	1830.0	79	1
2580	1756	2384	1931	2438	1792	2578	1844
NLV	1672.0	1969.0	231	1
1571	2040	1901	2023	1649	1958	1569	1857
GPD	2819.0	2441.0	208	1
2887	2348	2773	2654	2731	2493	2885	2271
VVL	2213.0	2386.0	77	1
2192	2319	2154	2272	2220	2518	2287	2437
ETA	1535.0	1247.0	84	1
1483	1366	1516	1193	1487	1284	1656	1148
HAW	2388.0	2156.0	294	1
2359	2113	2485	2256	2283	2250	2425	2006
WUL	586.0	1212.0	289	1
549	1173	701	1166	600	1275	497	1237
LXB	638.0	2245.0	261	1
416	2207	743	2264	801	2215	594	2297
OYP	994.0	2395.0	297	1
1092	2339	887	2457	899	2394	1100	2391
KMC	2373.0	375.0	12	1
2380	359	2285	365	2254	383	2575	394
TAI	294.0	2431.0	273	1
164	2650	442	2322	287	2317	284	2435
YQW	324.0	1671.0	249	1
225	1646	387	1754	307	1588	380	1696
DAO	627.0	2999.0	135	1
569	3101	613	3012	752	2948	577	2937
ZJL	3049.0	2794.0	267	1
2994	2866	2950	2632	3155	2993	3097	2685
FOJ	1457.0	171.0	253	1
1396	143	1488	158	1313	231	1631	153
ZFT	1828.0	381.0	204	1
1882	318	1852	582	1812	478	1768	147
DHW	1213.0	412.0	260	1
1226	307	1115	606	1221	150	1293	585
LAC	1792.0	737.0	195	1
1729	887	1866	654	1638	715	1936	693
FQL	982.0	338.0	47	1
1019	207	1037	453	925	183	948	510
CLY	809.0	1175.0	187	1
771	1243	762	1210	789	1075	914	1175
