MVK	1610.0	1373.0	58	1
1715	1335	1752	1195	1629	1546	1347	1417
EVY	629.0	325.0	76	1
714	332	520	210	501	468	782	291
AEF	1932.0	1368.0	266	1
1801	1609	1780	1392	1885	1405	2263	1066
TQY	2544.0	1018.0	88	1
2798	901	2288	1203	2690	1154	2401	817
QRJ	1972.0	696.0	156	1
1917	975	1906	592	1880	620	2188	598
PPV	2653.0	2227.0	204	1
2889	2204	2619	2257	2324	2278	2780	2171
OZE	1473.0	1693.0	251	1
1544	1728	1503	1868	1512	1586	1335	1590
GGD	2072.0	2771.0	105	1
1812	2518	1959	2981	2216	2559	2303	3029
QYE	2240.0	1891.0	218	1
2305	1699	2229	1939	2363	2135	2066	1791
KKX	1188.0	1395.0	203	1
1176	1440	1101	1662	1277	1394	1199	1086
GEW	782.0	2391.0	47	1
470	2596	892	2173	838	2303	928	2493
BLK	1120.0	1930.0	113	1
977	2196	1246	1855	1036	1835	1223	1837
KSG	2790.0	1625.0	170	1
2946	1776	2734	1735	2509	1485	2974	1507
RPH	1565.0	751.0	190	1
1745	936	1654	730	1451	643	1412	697
FYQ	466.0	1866.0	82	1
262	2091	758	1729	258	1798	588	1849
ZRH	399.0	878.0	128	1
627	1053	413	787	291	881	266	794
HIB	1616.0	2806.0	127	1
1680	3011	1623	2760	1686	2704	1478	2751
AAW	1039.0	2785.0	175	1
1302	2878	831	2627	741	2949	1282	2688
XNY	1830.0	1998.0	182	1
1896	2095	1930	1803	1937	2228	1558	1867
TTY	2555.0	2043.0	240	1
2455	1967	2641	2105	2761	1965	2366	2135
NSE	1134.0	601.0	9	1
857	638	1078	854	1337	425	1265	487
XMV	1328.0	2440.0	105	1
1423	2601	1574	2376	1136	2518	1180	2267
YQV	2983.0	2439.0	43	1
2713	2704	3098	2427	3136	2346	2988	2280
VSU	1555.0	395.0	98	1
1528	437	1528	432	1504	215	1663	498
FEM	2392.0	3014.0	128	1
2396	2838	2400	3047	2424	3057	2351	3115
PMD	282.0	1440.0	10	1
259	1196	125	1681	578	1622	167	1263
YHF	714.0	1467.0	236	1
710	1217	751	1578	766	1531	630	1543
JJZ	2024.0	2365.0	42	1
2139	2439	2262	2236	1813	2361	1885	2427
XWG	2283.0	418.0	138	1
2273	440	2122	449	2237	309	2500	477
HIG	2690.0	732.0	62	1
2618	624	2699	797	2681	768	2763	739
AGT	499.0	717.0	269	1
663	594	312	768	484	770	537	738
DYV	2450.0	2525.0	64	1
2337	2292	2508	2521	2314	2689	2644	2599
FAD	2783.0	1352.0	130	1
2894	1447	2729	1434	2616	1279	2896	1249
LTG	1426.0	2144.0	178	1
1527	2173	1285	2190	1400	2097	1495	2116
OEK	1848.0	772.0	124	1
1842	896	1845	792	1873	714	1834	686
OEW	957.0	1487.0	232	1
866	1271	948	1545	918	1811	1096	1322
BSK	842.0	1126.0	276	1
644	1151	949	1092	879	1110	898	1151
BHP	2794.0	353.0	140	1
2894	202	2803	321	2709	457	2772	433
XZB	2581.0	3047.0	10	1
2644	2901	2591	3135	2448	3072	2644	3082
XAY	2767.0	1866.0	216	1
2755	1838	2709	1907	2670	1835	2937	1887
TXQ	2003.0	2104.0	4	1
1953	2231	2015	2038	2028	1935	2018	2214
YOV	537.0	2798.0	263	1
416	2742	597	2812	620	2714	517	2924
FEK	361.0	3018.0	125	1
283	2956	244	3106	230	2955	687	3055
IBA	3017.0	2148.0	6	1
2920	2076	3039	2214	2973	2183	3137	2121
NEB	1724.0	1716.0	107	1
1970	1613	1651	1747	1707	1749	1569	1758
LSR	2332.0	1434.0	113	1
2306	1379	2403	1277	2280	1444	2339	1638
CMH	2991.0	898.0	169	1
2991	801	3031	706	2909	962	3034	1125
XZB	1301.0	218.0	227	1
1427	164	1255	205	1191	302	1334	202
FMU	398.0	2421.0	257	1
363	2222	358	2406	455	2429	417	2628
XPR	1532.0	1008.0	193	1
1453	1010	1665	1045	1530	938	1483	1041
