OTJ	2486.0	748.0	398	1
2577	680	2253	642	2605	1061	2512	612
MTI	2770.0	708.0	210	1
2690	466	2734	785	2856	742	2802	842
EJR	415.0	1771.0	424	1
297	2076	588	1632	433	1735	343	1643
HYZ	1509.0	2347.0	223	1
1560	2169	1487	2567	1398	2230	1592	2423
TUU	794.0	2050.0	245	1
644	1816	944	1886	813	2281	775	2219
EKK	2657.0	2402.0	490	1
2664	2333	2565	2552	2833	2165	2568	2559
OVU	2066.0	1449.0	254	1
2222	1660	2155	1619	1783	1141	2107	1379
WMV	1173.0	1254.0	437	1
1336	1185	1154	1417	913	1204	1292	1211
HNM	2369.0	1197.0	246	1
2297	1175	2446	1219	2386	1161	2349	1235
OZP	1281.0	724.0	326	1
1119	532	1285	488	1400	966	1320	912
SHM	692.0	693.0	281	1
654	510	740	496	692	801	682	967
IIS	1892.0	1957.0	453	1
1989	1711	1710	2093	1866	2229	2004	1796
ESY	1435.0	2950.0	274	1
1375	2865	1433	2690	1492	3085	1443	3162
WLE	1477.0	1804.0	342	1
1449	1982	1670	1795	1294	1722	1496	1719
AFK	1937.0	2913.0	218	1
1924	2903	1915	3064	1985	3103	1924	2582
NDA	2636.0	1580.0	407	1
2651	1451	2536	1755	2961	1679	2399	1438
IWP	2355.0	2499.0	452	1
2542	2258	2334	2415	2119	2638	2426	2685
XVC	896.0	1649.0	285	1
886	1424	884	1727	752	1690	1062	1755
YCI	1659.0	876.0	342	1
1548	677	1509	958	1606	1014	1973	855
VOT	1027.0	885.0	224	1
962	1056	1025	810	1013	799	1110	877
NBX	1742.0	2853.0	359	1
1517	3165	1804	2630	1872	2813	1778	2806
IVT	2318.0	2992.0	224	1
2249	3159	2535	2827	2194	3149	2297	2833
BYM	919.0	2744.0	408	1
878	2622	1038	2693	903	2879	860	2782
WXC	2323.0	1609.0	333	1
2233	1505	2363	1691	2391	1589	2308	1653
BYK	895.0	735.0	259	1
910	692	760	767	912	743	998	740
UGZ	2758.0	1902.0	440	1
2583	1763	2726	1925	3023	1868	2700	2054
SXW	314.0	1151.0	323	1
229	1293	197	1294	574	1197	257	820
DKO	1941.0	506.0	436	1
1926	395	1856	323	1798	653	2185	653
XHB	484.0	2606.0	434	1
404	2359	504	2722	716	2694	314	2649
RNJ	2821.0	1111.0	205	1
2968	1133	2609	910	2889	1066	2821	1337
VIX	435.0	443.0	299	1
224	731	649	288	564	207	303	548
WIW	690.0	1192.0	203	1
666	1124	748	1234	604	1009	744	1404
HAC	2149.0	2112.0	375	1
2030	2019	2250	2258	2290	1993	2029	2178
PIH	1455.0	1218.0	292	1
1402	1231	1427	1193	1604	1393	1387	1055
JNA	1195.0	2125.0	211	1
1090	2154	1272	2047	1228	2368	1191	1932
WLW	2447.0	1827.0	243	1
2451	1842	2457	1797	2454	1847	2429	1825
WEO	2310.0	238.0	382	1
2170	279	2290	263	2307	192	2475	218
TAQ	2732.0	2845.0	202	1
2933	2789	2740	3026	2600	2997	2655	2570
LNH	1637.0	509.0	386	1
1649	318	1777	648	1618	402	1506	669
GOM	1136.0	2618.0	344	1
1279	2693	1083	2509	1062	2479	1120	2791
TRS	2497.0	419.0	296	1
2484	353	2586	319	2629	612	2291	395
EWE	1514.0	1585.0	435	1
1700	1664	1546	1573	1624	1629	1189	1475
GSO	2963.0	2354.0	350	1
2999	2393	2861	2410	3087	2275	2908	2339
RJX	901.0	3039.0	485	1
1027	3005	896	3197	826	3018	857	2936
IDR	3018.0	737.0	400	1
3177	835	2870	760	3022	699	3006	654
JFE	2187.0	1809.0	359	1
2372	1910	2200	1722	2067	1792	2112	1812
VCN	2136.0	832.0	237	1
2178	1010	2077	727	2076	792	2215	800
ZIY	1304.0	332.0	401	1
1030	387	1437	333	1454	132	1295	476
WNF	705.0	1528.0	220	1
726	1673	622	1435	745	1473	727	1534
SKT	2857.0	295.0	439	1
2685	340	2949	194	3085	327	2712	320
