CUL	899.0	1266.0	242	1
1025	1118	1023	1408	738	1166	811	1372
QZT	1981.0	1560.0	237	1
2068	1162	2090	1623	2084	1733	1685	1723
UJE	1329.0	2746.0	385	1
1413	2826	1147	2879	1384	2638	1372	2644
GGC	2032.0	854.0	267	1
2217	962	1854	644	1940	1091	2118	719
BXX	928.0	1797.0	349	1
900	1571	789	1761	969	1942	1057	1914
UBF	411.0	675.0	322	1
384	878	320	425	623	888	318	510
DNR	3079.0	2391.0	223	1
3125	2630	3086	2169	3149	2154	2958	2614
XSV	2566.0	1947.0	252	1
2717	2110	2475	1782	2501	2018	2574	1880
ZOI	1862.0	2335.0	373	1
1702	2611	1786	2210	1951	2186	2009	2334
VQU	2447.0	2720.0	383	1
2215	2744	2469	2532	2652	2839	2455	2768
MVH	982.0	2315.0	206	1
809	2368	860	2218	945	2323	1317	2352
NXG	2512.0	1353.0	460	1
2620	1390	2598	1368	2433	1379	2400	1278
QTR	2275.0	1838.0	470	1
2186	1764	2163	2018	2378	1548	2374	2024
BAM	1445.0	1030.0	480	1
1425	996	1386	831	1297	1140	1672	1156
XEC	538.0	2571.0	231	1
657	2371	464	2523	294	2803	740	2587
OTU	1341.0	630.0	343	1
1364	792	1413	652	1284	336	1304	741
LWN	933.0	677.0	485	1
1124	492	654	504	875	854	1081	858
UTG	1091.0	2102.0	432	1
1014	1979	1092	2101	984	2192	1274	2138
UDB	1145.0	1089.0	270	1
1236	1232	1155	1001	1047	1234	1144	890
PPN	3011.0	498.0	438	1
2895	334	3028	685	3036	381	3087	592
GNL	264.0	1897.0	307	1
435	2188	233	1715	232	1723	156	1963
VWV	2410.0	502.0	312	1
2244	673	2431	661	2635	261	2333	415
JVR	1878.0	1793.0	458	1
1955	1774	1698	1835	1956	1745	1904	1818
BFQ	2710.0	1000.0	376	1
2649	854	2857	1024	2497	1066	2839	1056
OFJ	960.0	2753.0	481	1
1067	2957	903	2533	904	2580	969	2943
PEP	1684.0	2883.0	281	1
1622	2947	1929	2746	1686	3087	1501	2752
SHE	1675.0	1936.0	234	1
1774	1908	1780	1844	1609	1993	1539	2000
CZJ	1500.0	2431.0	227	1
1512	2414	1435	2317	1398	2491	1655	2503
WJA	2646.0	1533.0	290	1
2638	1539	2378	1449	2865	1569	2704	1575
VDI	323.0	353.0	270	1
214	354	425	396	420	368	236	296
DXD	628.0	1986.0	388	1
652	2035	785	1962	531	2140	545	1808
TDA	2751.0	2682.0	214	1
2842	2705	2788	2715	2652	2575	2722	2736
CBC	2343.0	1136.0	439	1
2327	1086	2400	1205	2287	931	2358	1323
JUT	402.0	1042.0	427	1
135	931	347	1008	663	1189	463	1041
WBS	1402.0	812.0	381	1
1181	809	1404	823	1715	800	1308	818
HHM	2410.0	2981.0	208	1
2089	2909	2673	2908	2621	3180	2258	2929
FJB	1337.0	1440.0	287	1
1380	1369	1214	1424	1259	1548	1496	1421
KTQ	1391.0	1978.0	472	1
1319	2167	1332	2013	1525	2017	1388	1718
JUP	608.0	1430.0	437	1
435	1657	626	1298	736	1547	638	1219
UMK	2338.0	2237.0	266	1
2156	2168	2381	2085	2431	2296	2387	2401
MYG	1176.0	623.0	224	1
1152	664	1204	689	1153	428	1198	711
ORO	695.0	2212.0	465	1
723	2224	562	2180	754	2281	744	2163
VTD	1958.0	1989.0	230	1
1944	2074	1945	1920	2146	1988	1799	1976
UTE	2305.0	2469.0	260	1
2318	2457	2192	2513	2455	2496	2255	2411
HUE	1827.0	365.0	458	1
1775	259	1914	317	1685	609	1936	275
BSC	646.0	2960.0	229	1
674	2890	759	3022	595	3024	558	2904
IZI	1305.0	2511.0	312	1
1207	2565	1285	2556	1383	2383	1346	2541
RQH	3004.0	1891.0	412	1
3131	1856	2857	1858	3118	2041	2911	1812
NHO	232.0	1383.0	366	1
229	1524	360	1433	183	1278	158	1298
OOW	2721.0	2360.0	281	1
2586	2145	2854	2294	2797	2486	2650	2516
