GLI	2199.0	2349.0	445	1
2156	2399	2376	2414	2021	2472	2245	2112
OXY	2855.0	2649.0	234	1
3056	2751	2759	2423	2910	2866	2696	2556
FGZ	973.0	3146.0	411	1
1010	3125	908	3184	1160	3101	817	3177
UDR	2769.0	930.0	384	1
2799	757	2642	1025	2986	1106	2652	832
WXL	519.0	672.0	390	1
366	618	527	684	475	714	711	674
SZE	1993.0	2794.0	451	1
2042	2738	2169	2815	1951	2685	1813	2938
OSB	844.0	2110.0	247	1
871	2028	925	2412	553	2092	1027	1909
GJP	1594.0	1392.0	308	1
1888	1263	1398	1423	1640	1361	1450	1524
MZH	647.0	906.0	237	1
722	717	798	738	579	1202	489	967
BZJ	2176.0	1709.0	282	1
2110	1760	2247	1688	2157	1663	2193	1726
WOO	1799.0	912.0	315	1
1712	1063	1972	897	1787	1050	1728	641
HUU	1303.0	772.0	254	1
1067	619	1585	917	1044	1038	1516	515
IYS	1259.0	2613.0	419	1
1443	2847	1446	2490	1054	2565	1096	2553
LOM	2168.0	1224.0	258	1
2318	1034	2230	1078	2141	1315	1985	1470
EYT	1215.0	355.0	446	1
1306	371	1296	303	948	418	1312	328
LUY	2880.0	2099.0	210	1
3112	2017	2679	2088	3034	1943	2698	2350
VGE	586.0	1512.0	465	1
360	1693	738	1448	594	1375	652	1532
HZE	1145.0	1836.0	210	1
872	1735	1295	1851	1375	1865	1040	1896
XKK	1679.0	2176.0	253	1
1613	2098	1670	2154	1511	2197	1924	2257
HVL	1719.0	2480.0	441	1
1814	2454	1666	2368	1663	2662	1733	2437
XIT	605.0	2811.0	260	1
679	2884	534	2629	715	3046	495	2686
LJP	2797.0	700.0	258	1
2933	732	2686	749	2917	674	2654	647
SZU	2765.0	1405.0	266	1
2700	1236	2701	1448	2533	1473	3129	1466
GPW	887.0	1009.0	479	1
963	916	853	995	905	1120	827	1006
VIU	1047.0	1408.0	314	1
981	1361	1216	1523	1065	1621	927	1127
PWA	1931.0	3062.0	340	1
1568	3088	2066	3047	2010	3009	2082	3107
UQY	1667.0	1840.0	459	1
1836	1633	1473	1993	1741	1950	1618	1786
LVP	2184.0	643.0	496	1
2069	737	2229	472	2313	847	2126	518
TFT	2486.0	2627.0	281	1
2376	2514	2465	2584	2540	2626	2566	2784
MRK	2477.0	1689.0	446	1
2377	1542	2680	1778	2505	1667	2347	1771
VBP	2870.0	451.0	433	1
2794	641	2630	590	2889	424	3168	152
XSE	1846.0	485.0	487	1
1960	563	1651	411	1976	482	1797	484
RRJ	554.0	447.0	415	1
597	290	486	352	653	597	481	551
GUR	1191.0	2179.0	448	1
1131	2154	1065	2403	1465	2178	1104	1981
JIH	2474.0	744.0	250	1
2396	492	2448	953	2628	841	2427	692
HHJ	2411.0	1986.0	457	1
2430	2011	2287	2082	2376	2069	2551	1784
FRP	861.0	2877.0	356	1
797	3054	1033	2810	853	2598	764	3049
HSM	1572.0	2602.0	343	1
1517	2357	1660	2805	1631	2712	1481	2536
IDQ	1975.0	286.0	387	1
2010	328	1823	297	1803	247	2264	274
PXD	328.0	2047.0	493	1
170	2184	304	2012	546	2038	295	1956
MZU	2669.0	2989.0	285	1
2435	3019	2724	2959	2639	3050	2878	2929
PGD	261.0	587.0	438	1
286	464	290	782	199	646	270	457
UPT	2002.0	1885.0	208	1
2104	1822	2144	1762	1897	2068	1864	1888
OJP	325.0	2615.0	260	1
210	2907	378	2526	241	2504	474	2523
APG	800.0	1422.0	473	1
841	1246	818	1306	757	1413	787	1725
VNQ	2413.0	1124.0	280	1
2424	1130	2459	1045	2388	1338	2384	984
ENV	2007.0	2585.0	499	1
2120	2671	2042	2472	1933	2583	1936	2617
PDG	1483.0	270.0	427	1
1560	158	1414	252	1538	187	1422	484
VPK	2777.0	1763.0	267	1
2792	1703	2741	1750	2862	1923	2713	1677
HGQ	2420.0	349.0	311	1
2436	417	2417	432	2557	278	2271	272
