YPG	741.0	2076.0	282	1
1078	2023	560	2124	576	1987	753	2172
OAF	2208.0	1000.0	224	1
2018	1016	2034	892	2458	967	2323	1128
NKI	962.0	980.0	109	1
1086	816	1011	982	711	1079	1040	1044
QYP	590.0	1329.0	224	1
404	1282	441	1432	609	1315	906	1290
DNL	350.0	2416.0	287	1
264	2419	459	2125	444	2518	235	2602
MVU	2549.0	1709.0	102	1
2596	1718	2511	1667	2660	1671	2429	1780
COQ	2846.0	922.0	46	1
2935	788	2832	826	2980	986	2639	1091
VKZ	1607.0	2400.0	237	1
1628	2403	1423	2249	1688	2438	1691	2513
BEG	995.0	2580.0	150	1
1001	2483	977	2749	981	2712	1023	2378
CSI	1202.0	890.0	168	1
1162	951	1107	757	1235	1127	1306	726
UPF	2020.0	1807.0	237	1
2010	1721	1999	1778	2087	1698	1987	2034
HFN	2301.0	3021.0	207	1
2103	2962	2156	2857	2364	3142	2581	3123
WXM	1994.0	409.0	232	1
2019	426	2088	424	1815	518	2056	270
CJJ	2727.0	2570.0	82	1
2612	2374	2590	2681	2941	2771	2767	2455
NLC	898.0	1661.0	297	1
1147	1699	1196	1456	614	1797	637	1693
MES	1730.0	1967.0	45	1
1863	1748	1852	1874	1476	2075	1730	2171
NSX	470.0	928.0	282	1
454	713	705	1243	348	832	374	924
ZKE	1737.0	799.0	56	1
1943	747	1660	828	1800	905	1545	717
KUC	857.0	443.0	172	1
998	426	1055	373	549	617	829	356
LZV	1474.0	1631.0	94	1
1361	1445	1810	1626	1415	1708	1310	1745
HJT	1583.0	409.0	28	1
1514	495	1688	357	1669	588	1463	199
XKZ	2358.0	621.0	80	1
2257	708	2128	701	2646	616	2403	460
XPL	1649.0	2813.0	192	1
1905	2758	1644	2765	1571	2740	1477	2991
HUP	2415.0	1922.0	264	1
2321	1913	2556	1976	2222	1867	2562	1935
IKT	1962.0	2671.0	102	1
2037	2771	1906	2506	1926	2475	1982	2932
JJB	2699.0	1228.0	229	1
2960	1158	2446	1372	2536	1217	2856	1167
POZ	1970.0	2168.0	172	1
1936	2063	1877	2197	2044	2106	2024	2309
SMI	2019.0	1510.0	93	1
2080	1552	2212	1513	1883	1466	1903	1510
FRC	1300.0	2815.0	58	1
1423	2908	1147	2554	1317	2789	1314	3011
IKN	2303.0	2219.0	138	1
2491	2198	2313	2312	2209	2181	2202	2186
JPT	744.0	2610.0	159	1
648	2487	882	2708	848	2466	599	2779
TWU	1358.0	1034.0	48	1
1388	1021	1396	825	1331	936	1317	1357
PGJ	2199.0	2586.0	38	1
2174	2672	2247	2450	2199	2521	2178	2702
OEJ	2416.0	1834.0	110	1
2309	1855	2546	1842	2599	1857	2212	1782
QLD	3052.0	1993.0	180	1
3066	1720	3073	2239	3097	2131	2975	1885
YBZ	1769.0	1268.0	217	1
1723	1110	1726	1445	1907	1205	1720	1312
SPF	2839.0	1914.0	157	1
2768	2043	2914	1977	2852	1722	2825	1917
ZLG	2870.0	406.0	236	1
2651	432	2826	518	3015	426	2991	248
EAB	2737.0	2883.0	105	1
2639	2778	2942	2824	2754	2947	2613	2983
DQX	503.0	2423.0	279	1
492	2387	465	2447	554	2632	502	2228
BLZ	377.0	1643.0	60	1
244	1561	453	1485	322	1843	489	1683
CUE	1030.0	2324.0	99	1
1058	2259	1083	2366	979	2344	1001	2329
VZE	1203.0	380.0	212	1
1203	257	1189	567	1251	260	1169	436
GIK	2703.0	2272.0	15	1
2674	2359	2811	2258	2758	2359	2569	2115
UPE	1447.0	645.0	267	1
1462	642	1123	662	1572	675	1632	603
LCX	2736.0	1526.0	184	1
2730	1432	2496	1559	2917	1545	2803	1570
FKX	1033.0	1286.0	290	1
983	1238	1255	1306	956	1286	938	1315
ISK	1343.0	2093.0	200	1
1170	2100	1362	2126	1419	2142	1423	2007
IPJ	1977.0	568.0	237	1
2077	636	2125	519	1743	548	1964	569
DGY	997.0	2968.0	174	1
974	2895	1102	3064	896	2881	1016	3033
