ZNV	2341.0	441.0	232	1
2523	395	2267	343	2187	518	2390	511
OQZ	2664.0	2590.0	216	1
2814	2528	2540	2653	2570	2661	2734	2520
RAQ	971.0	942.0	350	1
906	825	716	1259	1025	754	1239	930
MLE	2344.0	2086.0	206	1
2432	1794	2123	2319	2304	2185	2520	2047
BNE	1567.0	1407.0	355	1
1710	1610	1424	1311	1366	1342	1770	1366
DJP	1766.0	755.0	479	1
1625	894	1966	810	1703	614	1770	702
ROX	455.0	1544.0	401	1
742	1750	344	1453	386	1509	348	1466
MME	771.0	453.0	384	1
732	675	738	224	664	596	953	320
THA	606.0	855.0	484	1
622	1177	633	819	604	692	565	732
CBB	823.0	2570.0	361	1
1021	2554	740	2632	985	2578	547	2518
OGK	1786.0	2225.0	371	1
1809	2413	1969	1932	1799	2449	1570	2109
CTH	531.0	2213.0	210	1
690	2257	419	2081	493	2377	522	2137
RIN	1215.0	1897.0	372	1
1053	1710	1329	1944	1273	1926	1207	2008
STU	618.0	2712.0	311	1
481	2801	731	2662	472	2700	791	2688
PFL	2110.0	1086.0	321	1
2126	917	1879	917	2191	1261	2245	1249
HWD	2068.0	1328.0	438	1
1949	1439	1942	1265	2170	1322	2213	1286
QTJ	1409.0	375.0	411	1
1370	164	1392	550	1412	659	1462	128
ZWA	2722.0	2864.0	447	1
2892	2922	2591	3035	2981	2801	2427	2701
BSK	1846.0	2754.0	447	1
1767	2879	1814	2483	2159	2853	1646	2803
JSD	1789.0	1753.0	492	1
1790	1729	1680	1808	1812	1739	1874	1736
FEV	2443.0	1403.0	399	1
2420	1555	2547	1320	2271	1342	2534	1397
YDJ	2831.0	500.0	458	1
2765	377	2811	484	2867	473	2881	666
AEN	2722.0	1070.0	290	1
2672	780	2603	1129	2798	1237	2817	1137
PZK	904.0	2837.0	227	1
862	3026	921	2833	880	2836	956	2653
KKZ	325.0	527.0	391	1
386	405	213	437	269	839	434	427
TCF	622.0	1987.0	486	1
773	2003	679	2074	294	2035	742	1839
ITI	1095.0	2984.0	263	1
1143	2978	999	2762	1133	3053	1108	3145
FPI	1287.0	2456.0	461	1
1389	2516	1474	2398	1200	2253	1088	2659
ZTO	2738.0	1809.0	408	1
2567	1704	2678	1944	2787	1850	2920	1738
LSS	2972.0	2164.0	313	1
2782	2192	3033	2126	3141	2031	2935	2307
QCO	1132.0	1393.0	373	1
1017	1365	1135	1424	1293	1514	1085	1272
MGZ	1545.0	1249.0	363	1
1697	1256	1442	1263	1493	1282	1549	1196
LAX	641.0	1286.0	217	1
656	1189	708	1250	664	1310	539	1397
XAR	1025.0	2265.0	226	1
1020	2259	1063	2326	1001	2381	1019	2096
XYH	2414.0	638.0	230	1
2225	713	2610	588	2243	534	2579	718
EPF	2428.0	979.0	440	1
2419	1166	2459	1012	2260	942	2576	798
CNS	854.0	1598.0	250	1
745	1676	897	1540	875	1726	901	1453
MMH	1085.0	553.0	216	1
1126	362	1026	529	1001	667	1190	656
STH	2496.0	2388.0	445	1
2500	2336	2221	2374	2683	2358	2582	2485
OQU	2781.0	1316.0	437	1
2578	1290	2808	1347	2683	1392	3057	1238
TOW	945.0	1484.0	227	1
927	1433	902	1437	982	1555	969	1513
QTE	404.0	1195.0	421	1
355	1369	489	1263	453	1092	322	1057
MAA	1630.0	353.0	473	1
1593	327	1464	451	1628	429	1836	208
JNA	3051.0	995.0	379	1
3012	1041	3040	821	2988	1174	3166	947
PKL	1424.0	961.0	465	1
1286	780	1537	1053	1336	919	1539	1094
HMQ	2072.0	1670.0	483	1
2154	1641	2127	1653	1893	1726	2115	1661
LQP	818.0	2395.0	402	1
893	2454	788	2423	850	2456	742	2248
RCB	299.0	2484.0	416	1
231	2517	312	2509	194	2437	459	2473
GGE	2980.0	391.0	421	1
2900	291	3055	165	3066	394	2901	715
WUK	167.0	1660.0	268	1
137	1838	171	1285	209	1721	152	1796
