XTH	2197.0	2698.0	257	1
2359	2542	1965	2936	2164	2476	2303	2841
TNO	2143.0	1062.0	317	1
2237	1099	2005	1134	2350	1130	1981	888
HHL	813.0	644.0	220	1
813	587	825	855	817	519	800	616
TBB	417.0	1112.0	217	1
228	1112	415	1155	738	866	287	1317
DZX	1663.0	933.0	341	1
1581	746	1683	1159	1478	800	1911	1027
PXV	513.0	701.0	408	1
527	513	690	725	452	717	385	850
OMT	1828.0	2090.0	241	1
1867	1964	1910	2191	1667	2144	1869	2063
QLK	2927.0	1660.0	287	1
2941	1799	2985	1600	2749	1591	3033	1653
SFM	1958.0	1855.0	449	1
2117	1932	1785	1894	2070	1664	1860	1932
OIN	2455.0	722.0	256	1
2617	875	2591	587	2257	701	2356	727
VXO	332.0	2477.0	355	1
285	2557	557	2634	250	2612	236	2105
KJP	2981.0	993.0	264	1
3045	731	2979	810	2955	1255	2945	1176
LEE	2520.0	1442.0	447	1
2589	1778	2665	1417	2141	1372	2686	1203
GCQ	1523.0	2494.0	278	1
1441	2755	1385	2311	1510	2406	1759	2504
ZHR	807.0	2589.0	317	1
739	2347	934	2629	710	2561	845	2821
RKI	1118.0	536.0	357	1
855	783	1172	271	1133	789	1312	304
JEV	2522.0	407.0	269	1
2357	439	2449	254	2715	500	2568	437
FLO	1156.0	2600.0	270	1
1266	2797	965	2575	1243	2492	1150	2538
BWB	1450.0	1700.0	394	1
1492	1647	1550	1927	1428	1562	1332	1665
VJF	2655.0	2661.0	246	1
2827	2937	2652	2733	2509	2510	2632	2464
OTO	1054.0	1764.0	459	1
1116	1855	961	1744	1016	1903	1123	1555
ROH	1393.0	1427.0	319	1
1681	1462	1207	1523	1335	1560	1352	1166
JOE	1935.0	505.0	348	1
1765	508	1981	463	2158	703	1837	347
JCD	926.0	1126.0	397	1
957	914	876	1220	892	1263	980	1107
MCT	1962.0	1427.0	359	1
2070	1413	1931	1370	1754	1320	2094	1608
CJA	982.0	2997.0	462	1
1130	3179	1098	3007	870	2973	830	2831
VXY	2856.0	1406.0	406	1
2942	1278	2789	1544	2929	1405	2767	1398
DZC	2494.0	2074.0	247	1
2503	2234	2726	1908	2322	2134	2427	2020
SSF	447.0	1723.0	491	1
261	1664	530	1906	327	1843	673	1479
LLI	2972.0	2254.0	203	1
2871	2040	3011	2078	3089	2425	2918	2474
RYB	758.0	2132.0	476	1
878	2002	651	2028	786	2281	720	2217
TKA	2590.0	1869.0	309	1
2409	1906	2509	1869	2710	1822	2733	1882
TTC	827.0	1322.0	461	1
851	1613	830	1341	796	1246	833	1090
HCT	2662.0	979.0	454	1
2716	882	2802	1118	2468	968	2665	949
SSI	1525.0	312.0	240	1
1555	703	1633	243	1429	175	1485	129
OHZ	2117.0	2162.0	384	1
2097	1974	2221	2186	2018	2219	2132	2271
ASR	1523.0	2183.0	485	1
1450	2259	1635	2189	1416	2122	1592	2164
OYP	1212.0	986.0	377	1
1181	935	1205	959	1280	1124	1183	928
IVQ	3009.0	501.0	225	1
2864	626	3087	369	2989	391	3097	621
UEF	1122.0	813.0	343	1
1132	816	1073	791	1140	815	1146	833
KAF	2113.0	2355.0	367	1
2389	2366	1962	2323	2182	2366	1922	2368
LWH	3084.0	2575.0	420	1
3131	2508	2938	2567	3155	2536	3113	2690
OEL	1065.0	2232.0	374	1
956	2163	1168	2442	1150	2335	987	1989
ATV	650.0	2786.0	374	1
624	2859	684	2779	660	2887	633	2619
TWR	2281.0	2423.0	255	1
2398	2440	2169	2441	2264	2404	2295	2409
KPU	443.0	2887.0	359	1
616	2852	333	2914	254	3060	570	2722
FZY	533.0	277.0	288	1
698	314	428	206	361	230	648	359
DEK	2966.0	1881.0	349	1
2849	1812	2880	1872	3073	1929	3064	1912
GTW	1882.0	2605.0	410	1
1887	2704	1944	2646	1917	2516	1782	2555
CLT	3067.0	2894.0	462	1
3114	2924	3026	2718	3087	3010	3043	2926
