GFT	908.0	1358.0	394	1
1017	1519	1257	1250	677	1373	683	1293
ZAF	1769.0	2855.0	444	1
1463	2743	1979	3069	1748	2874	1889	2734
ORY	847.0	849.0	363	1
808	963	959	592	748	1060	874	782
JGQ	844.0	2176.0	308	1
825	2464	705	2059	895	2126	954	2055
MVT	2879.0	978.0	299	1
2857	720	2617	1140	2959	1002	3085	1052
UOR	624.0	2650.0	341	1
590	2687	666	2613	764	2736	476	2564
IBV	2110.0	1457.0	418	1
2323	1263	2015	1484	2104	1725	2001	1356
FGD	505.0	1673.0	300	1
619	1527	400	1716	465	1888	539	1561
VXE	500.0	2410.0	339	1
483	2486	315	2445	628	2421	575	2290
HGW	2085.0	2032.0	437	1
2217	1846	1998	1992	2091	1979	2037	2314
YPD	1504.0	457.0	271	1
1601	251	1522	702	1244	563	1651	312
ZNF	2936.0	2918.0	294	1
2818	3078	3099	2901	3157	2705	2672	2989
HDJ	2480.0	2368.0	367	1
2489	2389	2605	2339	2464	2284	2363	2463
ORG	2673.0	1342.0	332	1
2791	1468	2763	1179	2460	1273	2681	1450
DRW	2383.0	2751.0	200	1
2502	2663	2267	2794	2398	2956	2366	2593
TCD	2679.0	1755.0	301	1
2511	1753	2591	1734	2600	1590	3017	1943
OMV	1257.0	1081.0	317	1
1128	1111	1573	1187	988	1062	1339	965
EKR	2071.0	2767.0	485	1
2003	2752	2091	2647	2145	2731	2045	2939
BND	1393.0	2429.0	374	1
1388	2339	1474	2652	1390	2300	1323	2425
LUW	1959.0	964.0	310	1
1879	1003	1987	1050	1754	1141	2218	665
ANJ	927.0	3002.0	491	1
647	2942	1209	3011	834	3159	1018	2897
QND	392.0	1305.0	379	1
381	1433	472	1466	329	1112	386	1211
VER	575.0	464.0	314	1
701	144	584	560	673	513	343	640
ZSA	2007.0	438.0	236	1
1984	343	2266	436	1868	647	1912	328
JGI	437.0	861.0	463	1
630	657	212	756	372	1089	534	942
ORW	1535.0	1699.0	394	1
1692	1943	1638	1612	1299	1868	1514	1376
AQS	2728.0	2243.0	429	1
2688	2429	2777	2292	2633	1980	2815	2273
FGK	1215.0	2135.0	285	1
1016	2183	1051	2024	1450	2198	1345	2138
MCS	2556.0	371.0	352	1
2342	554	2393	397	2748	405	2741	129
QHX	2058.0	2445.0	459	1
2342	2383	1927	2591	1918	2459	2046	2350
ZRY	2413.0	881.0	469	1
2575	733	2533	687	2324	1163	2222	941
PJW	740.0	1756.0	302	1
677	1641	696	1788	740	1791	849	1805
VKG	2051.0	1227.0	410	1
2012	1243	1797	1221	2228	1248	2168	1196
BIC	957.0	2711.0	402	1
834	2888	904	2730	1255	2690	838	2537
WZW	1026.0	689.0	298	1
972	750	970	586	1030	752	1133	668
HAN	1888.0	1682.0	487	1
1925	1582	1858	1663	1822	1714	1950	1769
QNF	1657.0	2228.0	305	1
1791	2167	1725	2399	1552	2323	1561	2025
ZIB	3004.0	1422.0	238	1
2908	1540	3099	1437	3112	1154	2899	1558
OKZ	1131.0	446.0	434	1
1092	465	1061	299	1197	551	1174	470
YXY	973.0	1936.0	301	1
719	1867	889	1940	1165	1914	1121	2023
USV	2411.0	1348.0	223	1
2406	1290	2441	1327	2457	1241	2343	1534
ZJM	2765.0	2556.0	491	1
2681	2517	2707	2488	2616	2647	3057	2573
XTL	519.0	2125.0	210	1
529	2124	660	2254	575	2113	313	2011
EKY	1629.0	868.0	279	1
1742	949	1540	821	1528	961	1708	742
IGU	1273.0	760.0	382	1
1200	791	1394	779	1216	712	1284	761
PUH	992.0	1728.0	307	1
855	1688	850	1602	1286	1867	977	1755
GDP	2942.0	393.0	390	1
2822	561	3075	244	2896	471	2978	299
EDX	662.0	1154.0	219	1
864	1174	653	1140	636	1094	496	1208
AVI	2463.0	1997.0	346	1
2566	2009	2408	2019	2585	1973	2296	1989
ECV	1694.0	2554.0	302	1
1718	2530	1602	2498	1772	2599	1686	2592
