YOU	1099.0	2734.0	246	1
1313	2622	919	2730	908	3030	1257	2556
HLW	1318.0	607.0	295	1
1123	670	1420	443	1376	776	1355	540
JXR	1700.0	696.0	139	1
1995	423	1498	483	1704	967	1606	912
EVB	2190.0	2202.0	17	1
2167	2043	2202	2061	2074	2423	2318	2282
PWX	737.0	1254.0	17	1
463	1097	793	1371	946	1287	748	1262
PQC	1737.0	1510.0	9	1
1757	1553	1806	1747	1700	1455	1685	1286
UOU	2563.0	410.0	54	1
2778	607	2713	103	2362	620	2399	311
VCQ	273.0	2698.0	80	1
214	2637	336	2666	220	2598	323	2894
DHY	2553.0	1841.0	27	1
2573	1853	2513	1737	2501	1763	2628	2013
YVR	2401.0	1245.0	119	1
2572	1025	2541	1250	2289	1314	2202	1394
BYZ	1979.0	2688.0	103	1
2106	2895	2113	2533	1904	2593	1793	2732
KIC	2785.0	2585.0	127	1
2710	2701	2778	2420	3071	2823	2581	2397
XOA	730.0	1782.0	225	1
486	2098	850	1674	971	1717	615	1639
VVM	288.0	730.0	231	1
271	870	418	774	137	777	326	501
UAG	1285.0	2204.0	40	1
1291	2521	1515	1999	1211	2293	1124	2006
GUW	865.0	2455.0	298	1
1071	2543	895	2398	608	2420	887	2459
TYA	1298.0	1132.0	85	1
1311	1269	1448	1258	1120	941	1313	1062
ILS	348.0	1525.0	281	1
403	1335	330	1513	328	1488	334	1765
QQN	1449.0	1384.0	211	1
1548	1371	1578	1370	1186	1371	1484	1427
QBS	302.0	2402.0	213	1
419	2408	257	2567	269	2357	264	2279
OQU	2220.0	1779.0	38	1
2204	1806	2225	1495	2119	1893	2334	1923
XPB	809.0	632.0	40	1
876	551	807	859	634	528	919	592
UYH	1214.0	1656.0	185	1
1096	1522	1456	1674	1158	1808	1147	1623
DVS	1724.0	2179.0	198	1
1631	2279	1672	2261	1766	2139	1827	2040
IOD	2744.0	1510.0	208	1
2551	1573	2827	1542	2817	1494	2784	1431
VML	2392.0	2241.0	9	1
2395	1977	2383	2351	2411	2170	2382	2466
UKR	2725.0	935.0	48	1
2696	895	2706	852	2667	1025	2833	971
WIE	3065.0	2193.0	48	1
3066	2305	3096	2016	3176	2189	2923	2265
LZC	1621.0	1907.0	71	1
1937	1842	1583	1997	1437	1815	1530	1977
USM	2254.0	422.0	48	1
2221	441	2186	505	2352	154	2257	591
PVB	654.0	2922.0	190	1
659	3049	720	3068	594	2643	645	2931
EPW	2527.0	2955.0	204	1
2732	2998	2722	3015	2403	2940	2251	2867
AIO	2672.0	2106.0	15	1
2582	2256	2564	2057	2631	2056	2912	2055
TDY	1958.0	1363.0	63	1
1950	1432	2029	1569	1920	1169	1936	1284
PJM	2341.0	2605.0	5	1
2244	2653	2514	2594	2301	2699	2306	2475
LOF	567.0	993.0	122	1
328	1061	729	1047	688	877	523	988
BYY	2301.0	773.0	6	1
2249	775	2558	891	2299	729	2100	699
ROQ	1055.0	868.0	126	1
1018	861	1262	879	981	855	961	880
KPI	1341.0	1489.0	40	1
1162	1492	1423	1495	1530	1451	1252	1519
DEJ	2840.0	1177.0	241	1
2820	1111	2675	1287	2763	1188	3105	1122
GNU	1025.0	278.0	206	1
1235	306	1178	131	869	359	819	316
DVZ	1729.0	1066.0	201	1
1649	1042	1486	1142	1826	994	1958	1087
XZX	1299.0	1909.0	275	1
1301	1968	1322	1896	1192	1853	1382	1922
BLB	452.0	397.0	193	1
813	252	399	367	327	470	270	499
BYT	1674.0	2804.0	27	1
1551	3035	1607	2614	1762	2818	1777	2752
NIR	1992.0	173.0	12	1
2152	245	2099	134	1950	205	1768	108
JKF	2749.0	1715.0	271	1
2706	1604	2926	1583	2662	1903	2704	1773
TLJ	2314.0	2799.0	52	1
2539	2838	2127	2751	2471	2782	2119	2825
YGZ	802.0	2814.0	54	1
764	2970	842	2565	734	2587	870	3137
UZY	2407.0	1738.0	266	1
2390	1808	2403	1575	2413	1795	2425	1774
