VZP	414.0	2685.0	319	1
663	2491	450	2910	251	2520	292	2822
SVB	1594.0	1720.0	412	1
1396	1942	1832	1563	1803	1563	1348	1814
BTG	1174.0	2246.0	270	1
1103	1932	1243	2474	1300	2177	1053	2404
RRP	521.0	1256.0	471	1
729	1445	593	1206	449	1221	316	1155
NGZ	1794.0	716.0	414	1
1785	691	1804	672	1833	896	1757	605
FGF	2821.0	2873.0	251	1
2817	3008	2755	2927	2679	2954	3036	2606
AMF	1231.0	736.0	460	1
1241	486	1091	1016	1197	834	1397	610
IRA	1702.0	1262.0	324	1
1845	993	1731	1211	1830	1493	1403	1354
DVV	329.0	2178.0	388	1
208	1905	351	2429	334	1914	426	2464
VLD	2632.0	1312.0	371	1
2795	1450	2734	1309	2683	1418	2316	1072
BBZ	796.0	1761.0	486	1
828	1555	625	1896	905	1690	827	1903
ZFK	2387.0	1961.0	354	1
2302	1824	2271	1952	2663	2281	2313	1790
RRA	2527.0	755.0	457	1
2341	768	2748	770	2644	952	2378	531
PAG	754.0	854.0	256	1
926	721	649	862	636	715	806	1118
ZJI	661.0	1983.0	411	1
515	1979	927	1934	537	1940	668	2082
VYV	1637.0	457.0	347	1
1720	491	1454	553	1511	227	1865	558
YJV	1851.0	2329.0	246	1
1752	2276	1893	2161	1828	2475	1931	2407
GCP	1180.0	2848.0	470	1
1282	2912	1187	2794	987	2861	1265	2828
SGS	3019.0	2010.0	399	1
3154	1981	2955	2152	3052	1989	2918	1921
JBS	1546.0	3040.0	259	1
1636	3007	1413	3056	1729	2969	1408	3130
ONE	2035.0	976.0	475	1
1919	716	2229	1138	2138	1174	1855	878
GBJ	979.0	2464.0	329	1
1034	2541	948	2705	883	2182	1052	2430
DNQ	935.0	1329.0	417	1
822	1460	845	1198	1188	1324	885	1336
IPO	2240.0	406.0	276	1
2274	234	2302	487	2150	360	2234	544
VLN	1996.0	2046.0	304	1
2023	2041	1998	1805	1960	2126	2005	2215
JFF	2921.0	2431.0	432	1
2906	2405	2883	2424	3007	2477	2889	2420
MFK	1592.0	2616.0	393	1
1617	2521	1623	2569	1544	2846	1587	2530
CJN	1532.0	2160.0	345	1
1376	2156	1733	2250	1484	1990	1535	2247
YME	2020.0	2624.0	246	1
1949	2368	1963	2741	2008	2764	2161	2623
IAK	538.0	2271.0	471	1
519	2430	550	2191	427	2306	656	2158
URY	2884.0	2231.0	419	1
2904	2099	2910	2232	2847	2328	2876	2267
SKM	2449.0	2755.0	241	1
2370	2660	2415	3150	2367	2594	2644	2616
DSE	412.0	723.0	266	1
144	657	487	664	520	631	498	942
TPA	2026.0	1566.0	348	1
2056	1681	2052	1274	1960	1751	2038	1558
KGC	1247.0	1695.0	367	1
1118	1690	1335	1827	1190	1704	1345	1562
LNN	1294.0	1350.0	488	1
1350	1356	1199	1484	1247	1476	1382	1086
AWT	2581.0	244.0	413	1
2610	336	2543	186	2780	191	2393	266
MNI	2854.0	1563.0	441	1
3022	1598	2667	1535	2953	1669	2776	1450
RWA	3001.0	858.0	206	1
3106	681	3172	971	2878	842	2849	940
ZPH	2741.0	1960.0	284	1
2765	1857	2805	2032	2722	1963	2673	1989
OXB	370.0	410.0	326	1
333	328	180	532	363	464	604	319
GSV	974.0	2028.0	443	1
1002	1767	943	2160	959	2023	995	2162
VHT	1072.0	756.0	254	1
1084	725	1057	890	1065	589	1083	820
COJ	337.0	1745.0	237	1
191	1869	161	1594	450	1720	547	1798
JAN	2594.0	2333.0	232	1
2499	2408	2549	2345	2716	2301	2612	2281
UOF	1011.0	317.0	259	1
1084	402	672	482	1189	183	1101	202
PEL	2107.0	2931.0	325	1
1950	3006	2292	2862	2254	2975	1934	2882
BUX	1903.0	1636.0	391	1
1948	1996	1849	1456	1905	1630	1913	1464
RBZ	1496.0	2784.0	319	1
1522	2785	1489	2884	1504	2879	1471	2589
JEJ	2805.0	1041.0	319	1
2782	1028	2675	1071	3023	1018	2740	1049
