UUG	1565.0	1155.0	279	1
1560	1017	1687	887	1473	1314	1540	1405
PXG	1212.0	1387.0	158	1
1124	1274	1082	1618	1416	1297	1226	1362
HYO	1193.0	2081.0	24	1
1359	2166	1324	2066	1051	2117	1039	1976
URF	2499.0	2194.0	205	1
2877	2059	2392	2041	2405	2365	2323	2313
XNQ	1146.0	2599.0	177	1
1159	2710	1075	2567	1086	2531	1267	2591
PTE	490.0	1405.0	190	1
525	1415	294	1211	718	1347	424	1650
EMJ	468.0	723.0	147	1
307	534	492	658	734	929	340	771
ATP	2203.0	2440.0	222	1
2230	2313	2168	2354	2159	2713	2255	2383
MED	1641.0	341.0	111	1
1648	301	1568	372	1919	431	1432	262
AZC	2053.0	2519.0	106	1
2121	2479	2082	2496	1887	2638	2123	2463
IVJ	880.0	2558.0	186	1
591	2437	1062	2443	892	2851	975	2502
JPI	2512.0	1381.0	189	1
2583	1399	2324	1384	2541	1565	2601	1179
YHA	2086.0	819.0	248	1
2305	877	1811	839	2138	699	2090	864
OPZ	1709.0	2695.0	203	1
1763	2637	1812	2933	1637	2571	1625	2641
KIV	2915.0	414.0	277	1
2650	436	2958	370	2880	220	3174	632
ZJG	1758.0	1937.0	244	1
1606	1988	1722	2129	1680	1790	2024	1842
VKE	1080.0	680.0	131	1
867	551	960	663	1169	837	1327	672
LLO	2840.0	2799.0	262	1
2757	3060	2893	2714	3010	2803	2702	2620
XMG	572.0	1143.0	3	1
770	1196	286	1094	484	1143	748	1140
ECN	2072.0	1250.0	58	1
2047	1118	2253	1382	2147	1198	1841	1304
COE	1624.0	1636.0	24	1
1767	1642	1476	1517	1551	1664	1704	1721
FOD	271.0	2473.0	291	1
355	2517	209	2233	211	2752	312	2391
YID	943.0	980.0	45	1
1144	937	562	934	942	979	1125	1073
DMY	1832.0	2300.0	171	1
1815	2432	2077	2298	1652	2162	1787	2310
HWB	513.0	1940.0	1	1
461	1861	642	2020	325	1966	624	1915
ELV	2479.0	372.0	125	1
2359	189	2500	493	2588	138	2472	671
CWU	2924.0	1584.0	221	1
3063	1629	2876	1761	3139	1218	2618	1731
HXZ	2923.0	829.0	271	1
3021	796	3088	720	2937	930	2648	872
NIT	2438.0	2474.0	85	1
2293	2416	2525	2392	2581	2709	2353	2382
OKN	510.0	2278.0	281	1
547	2225	423	2167	634	2398	436	2322
LFD	2165.0	1888.0	292	1
2138	1759	2120	1683	2265	1969	2137	2142
KNF	1440.0	2404.0	202	1
1162	2383	1510	2467	1496	2450	1595	2316
ZBD	907.0	2288.0	156	1
796	2422	1131	2256	828	2220	876	2257
RAP	809.0	2031.0	248	1
825	2091	889	1909	837	2017	687	2110
YEW	1555.0	770.0	207	1
1478	876	1402	735	1779	736	1564	733
PLH	2938.0	1120.0	38	1
2918	1156	3167	1216	2687	968	2980	1140
EGC	2052.0	514.0	44	1
2098	562	1969	204	2085	667	2056	626
FJB	998.0	1564.0	14	1
1078	1513	1042	1380	988	1486	886	1877
QYU	2368.0	1907.0	147	1
2527	1891	2277	1799	2267	1963	2401	1978
VDN	1256.0	3015.0	23	1
1329	2956	1339	3014	1113	3044	1246	3048
XCX	2171.0	2948.0	255	1
2042	3024	2319	2797	2170	2933	2154	3040
SOC	3084.0	2390.0	37	1
3185	2409	3103	2380	3140	2447	2909	2327
IAA	2448.0	1114.0	14	1
2454	1134	2402	1131	2281	1154	2658	1037
GJN	787.0	389.0	129	1
826	411	762	385	820	414	743	349
YIQ	739.0	2936.0	219	1
670	2868	737	3088	884	2870	666	2918
NXA	1144.0	310.0	19	1
1002	467	1297	236	1172	200	1107	339
FSC	1236.0	1800.0	155	1
1103	1690	1253	1957	1397	1636	1194	1917
XIP	1946.0	1546.0	113	1
2238	1534	1769	1578	1866	1669	1912	1405
TXP	316.0	356.0	57	1
292	295	526	343	225	501	223	286
HGZ	2397.0	2915.0	163	1
2382	2805	2408	3084	2468	2740	2331	3033
