UKA	1486.0	1185.0	122	1
1658	932	1627	1335	1421	1266	1239	1209
NVD	1571.0	1710.0	96	1
1583	1922	1668	1589	1374	1437	1662	1895
LFZ	2192.0	255.0	234	1
1932	173	2287	360	2215	266	2335	222
VMO	2336.0	612.0	6	1
2394	683	2161	595	2367	719	2422	454
ZZN	486.0	2117.0	235	1
471	1820	657	2015	482	2317	334	2319
QYX	2466.0	2442.0	29	1
2496	2468	2655	2573	2411	2647	2302	2081
IUZ	1087.0	2164.0	118	1
1193	2069	1162	2223	798	2039	1197	2325
CEF	2089.0	2932.0	69	1
2144	2926	1955	3020	2014	3068	2244	2715
NXU	1680.0	589.0	108	1
1696	516	1480	689	1699	507	1848	646
GNJ	2215.0	1241.0	299	1
2127	1318	2119	1303	2525	1120	2092	1226
ILO	1765.0	2207.0	45	1
1526	2179	1997	2197	1978	2196	1560	2257
JUO	2565.0	960.0	38	1
2459	892	2513	873	2484	984	2805	1091
JBL	2437.0	1807.0	161	1
2265	1652	2572	1826	2644	1733	2270	2017
EGO	2035.0	1690.0	114	1
2129	1966	1941	1742	2218	1540	1853	1512
ZJG	1011.0	723.0	258	1
1017	840	1036	569	979	484	1015	1002
LDD	811.0	776.0	24	1
617	987	866	541	787	907	977	672
UFB	2874.0	1286.0	279	1
2924	1504	2693	1371	2977	1124	2904	1146
ASP	1775.0	2705.0	79	1
1713	2852	1739	2759	1840	2326	1808	2885
GWD	601.0	1347.0	288	1
267	1130	818	1368	743	1618	576	1272
GCC	686.0	2582.0	50	1
544	2496	936	2392	625	2911	641	2530
TKA	2413.0	1479.0	6	1
2471	1454	2515	1570	2219	1449	2449	1446
IOY	1822.0	842.0	295	1
1854	936	1783	994	1840	727	1812	712
DAC	2217.0	915.0	98	1
2111	1087	2011	842	2366	724	2383	1008
XWB	1318.0	2526.0	283	1
1317	2504	1214	2290	1225	2744	1518	2567
GUY	1076.0	2574.0	230	1
974	2328	1094	2705	1209	2861	1029	2404
WMP	2930.0	2253.0	22	1
2962	2286	2966	1977	2972	2456	2821	2294
ZKZ	361.0	567.0	249	1
521	756	464	470	244	664	216	381
BXI	1307.0	592.0	256	1
1173	459	1319	759	1358	403	1378	747
TQU	2930.0	392.0	2	1
3019	531	2910	613	3003	184	2789	240
WPS	2628.0	725.0	259	1
2762	686	2601	632	2483	839	2666	745
LSR	2564.0	437.0	122	1
2482	569	2468	256	2738	388	2568	537
RAS	1078.0	925.0	168	1
1081	676	1042	1009	1047	823	1144	1193
LEY	2920.0	2628.0	140	1
3042	2571	2839	2725	2985	2647	2815	2569
CJI	2220.0	2532.0	173	1
2281	2715	2175	2697	2195	2463	2230	2256
CTG	1835.0	1142.0	99	1
1716	1123	1794	1021	1981	1013	1852	1414
OBW	1497.0	2020.0	3	1
1778	2155	1270	1949	1571	1930	1372	2047
LZX	2895.0	1734.0	241	1
2762	1887	2913	1629	3104	1772	2801	1648
BZF	1055.0	1763.0	34	1
1142	1867	970	1768	968	1920	1142	1497
OJZ	2737.0	2912.0	50	1
2713	2933	2742	2981	2807	3022	2686	2714
RDE	2103.0	2355.0	9	1
2074	2194	2108	2539	2139	2523	2093	2165
OJW	383.0	2754.0	207	1
489	2612	337	2843	416	2910	290	2653
NVU	1878.0	2508.0	133	1
1870	2601	1840	2496	1913	2476	1889	2460
MNP	1493.0	2903.0	31	1
1561	3008	1633	2940	1466	2885	1315	2780
TNA	1291.0	1586.0	296	1
1324	1697	1287	1453	1240	1786	1316	1411
JQL	1425.0	558.0	118	1
1458	480	1416	734	1443	344	1384	676
DSA	523.0	1020.0	78	1
532	1120	553	1106	431	933	577	923
TBD	2718.0	2431.0	254	1
2762	2548	2708	2504	2727	2397	2675	2277
QIL	2962.0	2971.0	140	1
2829	2937	3098	3152	2989	2781	2932	3015
NZH	1029.0	333.0	266	1
1178	309	1127	351	717	382	1096	290
NPL	713.0	1934.0	57	1
718	1724	758	1808	710	2011	666	2196
