FNG	1097.0	1391.0	423	1
1210	1331	967	1417	954	1479	1260	1340
XWW	355.0	582.0	299	1
670	587	164	849	360	323	226	569
OHT	875.0	1136.0	269	1
844	1202	1035	1035	999	1085	623	1225
XLU	2037.0	2223.0	407	1
1953	1996	2240	2250	1887	2321	2071	2325
YLV	1411.0	2196.0	347	1
1562	2278	1658	2056	1154	2409	1272	2043
LKY	2021.0	711.0	372	1
2268	607	1855	848	1888	753	2074	638
SRS	2900.0	1739.0	340	1
3030	1468	2919	1946	2799	1875	2854	1667
JTO	1777.0	1170.0	267	1
1895	1166	1529	1110	1978	1191	1707	1215
TID	671.0	2537.0	431	1
703	2360	592	2629	666	2690	725	2472
OYT	2027.0	1701.0	228	1
2240	1693	2067	1671	2057	1593	1744	1849
FVU	1307.0	1800.0	269	1
1567	1935	1307	1589	1148	1932	1206	1747
JGM	2839.0	762.0	299	1
2563	681	3002	645	2775	687	3016	1038
CYY	1394.0	767.0	440	1
1531	685	1627	664	1153	946	1267	773
CNX	1902.0	2879.0	473	1
1718	3031	1977	2780	1885	2586	2031	3120
SHK	2494.0	1305.0	394	1
2368	1262	2275	1115	2682	1431	2654	1413
NEO	961.0	1961.0	432	1
1107	1747	1052	2018	806	1814	879	2267
ZOH	2449.0	1845.0	372	1
2435	1999	2512	1788	2511	1799	2341	1796
NKI	1139.0	2885.0	232	1
1098	2944	1128	2737	1326	2908	1005	2951
NBK	2755.0	2193.0	280	1
2977	2082	2853	2175	2702	2013	2488	2504
ORI	2347.0	2676.0	306	1
2236	2778	2326	2725	2602	2658	2224	2545
YJH	729.0	1580.0	461	1
884	1651	786	1641	640	1475	609	1555
DNZ	385.0	1345.0	417	1
529	1614	579	1197	134	1480	300	1089
VLO	2899.0	457.0	424	1
2715	358	2951	208	3021	638	2911	627
BHB	2060.0	1032.0	494	1
2079	1108	2075	893	2052	1219	2037	911
CGD	468.0	2725.0	234	1
560	2780	259	2901	518	2669	537	2550
FBH	1475.0	1392.0	405	1
1677	1444	1270	1320	1291	1509	1665	1298
HHK	1317.0	334.0	320	1
1626	186	1188	565	1336	105	1121	480
VPV	587.0	1934.0	286	1
577	2054	764	1847	560	1975	450	1862
CUO	877.0	818.0	405	1
762	798	921	970	1151	620	675	887
HRQ	2398.0	1641.0	483	1
2471	1654	2336	1617	2379	1656	2408	1639
PYK	2371.0	448.0	277	1
2668	504	2288	470	2209	420	2319	398
SZV	435.0	2199.0	209	1
610	2148	401	2284	420	2086	312	2280
JVG	1164.0	1158.0	323	1
1166	1146	1070	1066	1191	1175	1229	1248
NPD	2788.0	2884.0	214	1
2882	2744	2715	2928	2680	2733	2876	3133
RRF	2751.0	2644.0	311	1
2745	2637	2649	2698	2826	2575	2786	2667
YKR	846.0	2567.0	326	1
914	2435	810	2579	730	2839	931	2416
QBF	2406.0	810.0	401	1
2363	858	2437	895	2328	533	2497	955
KNN	1950.0	1397.0	353	1
1997	1359	1924	1376	1926	1371	1956	1482
MRC	2309.0	2340.0	304	1
2363	2483	2327	2296	2246	2296	2303	2285
JJM	2910.0	1318.0	419	1
2991	1328	3001	1428	2810	1273	2839	1246
EPJ	2497.0	2912.0	335	1
2582	2859	2494	2944	2658	2952	2257	2893
EJT	1136.0	2603.0	380	1
1200	2691	1128	2542	943	2717	1275	2463
NJT	2574.0	1620.0	273	1
2479	1689	2673	1592	2618	1701	2528	1500
BWO	1594.0	2932.0	202	1
1412	2902	1672	2807	1611	2912	1682	3110
SRR	1776.0	670.0	223	1
1745	842	1851	585	1849	513	1659	743
TYK	914.0	1433.0	440	1
933	1399	901	1288	936	1434	886	1614
ZZH	1582.0	2664.0	361	1
1657	2687	1517	2703	1661	2696	1495	2573
ERV	1729.0	2439.0	283	1
1746	2454	1683	2319	1785	2578	1703	2408
QMS	782.0	282.0	234	1
1024	205	755	336	674	455	675	134
PJD	1363.0	1107.0	370	1
1292	1090	1440	1205	1273	1080	1447	1054
