YWG	2322.0	673.0	214	1
2613	777	2262	702	2141	576	2275	638
OYW	2727.0	2512.0	321	1
2649	2338	2723	2586	2858	2505	2681	2619
IHJ	415.0	939.0	406	1
363	1043	178	654	611	1049	510	1011
VJX	1027.0	989.0	206	1
944	1004	1136	915	977	814	1053	1225
DKS	1398.0	1084.0	222	1
1562	1376	1400	1175	1414	857	1217	929
ZGL	648.0	1752.0	224	1
568	1721	698	1836	893	1776	436	1675
MGA	1920.0	869.0	369	1
1863	978	2141	727	1911	1051	1768	722
GYF	821.0	2454.0	441	1
807	2132	886	2715	941	2642	650	2329
YZJ	2365.0	2753.0	200	1
2169	2769	2267	2642	2685	2717	2342	2884
MBP	664.0	1389.0	393	1
673	1273	575	1494	520	1530	889	1259
GFF	2103.0	1664.0	396	1
2000	1525	2374	1574	2129	1763	1909	1796
NPR	2798.0	762.0	420	1
2689	833	3086	825	2762	520	2656	872
EEF	1709.0	2527.0	461	1
1597	2500	1929	2347	1588	2466	1725	2796
OPV	1985.0	398.0	307	1
2113	703	2045	164	2060	548	1725	177
ODA	2387.0	2052.0	375	1
2605	1914	2184	1898	2219	2394	2540	2004
OYN	1171.0	2420.0	429	1
1001	2279	1321	2504	1188	2513	1177	2385
GDK	2703.0	1169.0	280	1
2562	1026	2702	1273	2624	1139	2925	1241
EYF	1283.0	1923.0	326	1
1496	1687	1336	2244	1162	1874	1138	1890
NLX	1230.0	711.0	487	1
1180	797	1275	702	1151	792	1316	555
VVW	1836.0	2168.0	462	1
2031	2121	1616	2239	1971	2080	1728	2235
VCO	522.0	2488.0	205	1
390	2682	533	2636	597	2250	570	2385
FZQ	2850.0	2128.0	414	1
2963	2153	2954	2073	2760	1994	2724	2292
CEP	750.0	1016.0	451	1
724	1171	690	1197	929	1000	660	697
MZC	929.0	551.0	398	1
1083	570	975	489	1031	551	627	595
UWK	1310.0	2789.0	360	1
1077	2944	1483	2689	1405	2726	1277	2798
CLU	1679.0	1934.0	490	1
1696	1783	1646	2038	1739	1892	1638	2023
EUN	943.0	1531.0	487	1
917	1348	901	1600	1011	1611	943	1566
NNI	2833.0	1587.0	343	1
2861	1642	2812	1486	2992	1416	2667	1806
LOS	1093.0	312.0	263	1
1105	254	1067	385	1234	405	966	207
JBN	1508.0	635.0	439	1
1681	469	1335	727	1555	822	1461	524
PHT	2332.0	1206.0	204	1
2158	1138	2423	1123	2281	1348	2467	1217
DRI	210.0	2521.0	361	1
146	2744	261	2395	258	2195	178	2753
UMJ	483.0	2107.0	292	1
555	2123	607	2232	428	2039	344	2036
RLL	3001.0	387.0	353	1
2999	429	3084	408	3079	432	2844	281
OUJ	2442.0	2454.0	240	1
2581	2411	2543	2472	2337	2415	2310	2519
UAT	1834.0	1995.0	424	1
1828	1933	1757	2017	1762	2027	1991	2005
NFC	832.0	3053.0	307	1
963	2982	924	3092	842	3125	599	3014
IWV	461.0	2827.0	343	1
394	2979	592	2829	444	2795	417	2705
CTV	905.0	2032.0	398	1
759	1974	833	1976	990	2109	1039	2069
NVG	1782.0	1204.0	330	1
1618	1237	1631	1060	1894	1360	1986	1159
LKO	3044.0	967.0	294	1
3160	879	2953	988	3029	1073	3035	931
SSZ	807.0	266.0	463	1
766	368	806	227	918	269	741	200
HKW	2090.0	2716.0	379	1
2130	2791	1989	2739	2094	2468	2148	2868
SLG	2911.0	2654.0	420	1
2884	2877	2920	2704	2885	2621	2958	2416
NRD	1690.0	1743.0	366	1
1877	1760	1654	1704	1615	1732	1615	1776
XDG	1524.0	2592.0	250	1
1540	2475	1553	2796	1509	2567	1497	2532
NTW	2703.0	2945.0	228	1
2777	3020	2568	2948	2647	2907	2822	2905
CKS	1769.0	1559.0	453	1
1666	1682	1666	1491	1846	1539	1900	1524
OXZ	2397.0	364.0	274	1
2504	332	2202	270	2587	368	2296	488
UWA	379.0	1208.0	227	1
311	1070	329	1394	438	1155	441	1214
