OGV	795.0	1698.0	278	1
822	1561	491	1857	1008	1588	862	1789
KVV	2616.0	2665.0	236	1
2365	2694	2800	2434	2455	2917	2844	2616
XJA	662.0	2032.0	57	1
889	2178	375	1967	706	2030	681	1955
VXZ	1846.0	2649.0	155	1
1862	2547	1842	2758	1927	2489	1754	2802
BEC	535.0	1334.0	133	1
795	1343	714	1300	411	1311	222	1383
JHK	1982.0	559.0	254	1
1759	659	1736	669	2276	488	2160	420
JPE	663.0	2796.0	4	1
605	2789	764	2633	756	2852	529	2913
QMW	1976.0	1750.0	163	1
2138	1909	1883	1685	1756	1786	2129	1622
MVP	2195.0	2364.0	263	1
1958	2509	2342	2258	2338	2234	2143	2456
IQD	2353.0	1441.0	253	1
2186	1347	2372	1256	2647	1553	2209	1608
NUF	1282.0	1772.0	170	1
1241	1768	1089	1967	1483	1855	1318	1500
TXZ	1751.0	1271.0	198	1
1600	1346	1653	1275	1776	1048	1977	1415
RUR	765.0	966.0	166	1
711	930	942	928	730	1107	678	902
RYQ	1235.0	2372.0	297	1
1133	2383	1147	2397	1209	2414	1452	2296
XAL	2464.0	497.0	202	1
2407	541	2566	263	2326	486	2558	699
RJJ	490.0	886.0	101	1
433	1064	509	652	592	962	428	867
FJI	2183.0	1030.0	223	1
2319	977	2074	940	1977	1122	2363	1081
HRV	1268.0	541.0	260	1
1294	339	1451	673	1329	730	998	422
YRO	1473.0	2687.0	96	1
1447	2563	1619	2579	1264	2954	1565	2655
OII	2860.0	911.0	39	1
2832	1055	3008	799	2755	1063	2848	728
PZC	2497.0	1909.0	98	1
2431	2131	2556	1969	2349	1695	2655	1842
ZEU	1342.0	2131.0	23	1
1200	2110	1640	2294	1254	2038	1277	2084
GSK	2799.0	481.0	166	1
2644	433	2919	250	2985	585	2648	657
JYB	2950.0	2000.0	29	1
2745	1746	3017	1982	3164	2052	2877	2221
QKM	2127.0	2915.0	11	1
2155	2631	2277	2932	2119	2973	1959	3124
JCG	982.0	2850.0	202	1
1084	2567	884	3013	865	2730	1095	3091
PZD	450.0	485.0	76	1
135	497	698	265	577	587	391	593
QIM	2681.0	1005.0	31	1
2645	1195	2712	775	2681	1236	2687	814
QAK	1219.0	1078.0	30	1
1466	826	1227	937	1098	1304	1088	1246
YLA	1629.0	1582.0	199	1
1549	1447	1704	1800	1657	1420	1608	1662
ZLD	376.0	1714.0	57	1
331	1546	311	1842	426	1540	439	1928
TNA	746.0	1459.0	7	1
823	1486	698	1454	730	1410	734	1488
KKR	2226.0	1752.0	71	1
2262	1646	2210	1776	2142	1960	2291	1627
QQY	754.0	1183.0	208	1
646	1167	797	1129	786	1238	789	1198
EHZ	431.0	1203.0	205	1
598	1228	405	1172	153	1169	568	1244
UOC	2806.0	1606.0	109	1
2933	1426	2753	1676	2803	1697	2736	1628
YEK	2338.0	756.0	187	1
2145	759	2289	734	2322	736	2597	797
FFP	718.0	1903.0	57	1
1003	1886	697	1936	599	1877	576	1916
OVT	716.0	2409.0	164	1
924	2318	749	2482	699	2556	494	2280
QYP	2034.0	745.0	223	1
1984	764	2041	750	2003	720	2108	748
FMI	2471.0	2313.0	262	1
2504	2294	2407	2376	2390	2293	2583	2291
JHL	1627.0	706.0	18	1
1594	413	1696	583	1627	913	1594	915
ASS	1882.0	2292.0	107	1
1750	2068	1911	2476	1956	2295	1914	2329
REA	2961.0	1249.0	44	1
3176	1213	2833	1406	2803	1161	3035	1218
DJX	958.0	1237.0	69	1
807	1290	905	1258	1082	1268	1038	1135
BLM	478.0	3027.0	238	1
466	3117	626	3044	127	2935	695	3013
IVB	2783.0	3066.0	219	1
2639	3102	2714	2952	3110	3061	2669	3152
MOH	3059.0	1589.0	145	1
3070	1631	3141	1725	2991	1476	3037	1527
HWB	326.0	1487.0	210	1
395	1525	218	1522	535	1483	159	1419
PSU	2088.0	1349.0	7	1
2150	1498	2151	1291	2013	1294	2038	1316
