AGR	498.0	801.0	283	1
571	886	616	675	166	784	642	862
ADD	797.0	603.0	271	1
973	402	790	941	685	489	743	583
ZLE	2284.0	648.0	423	1
2451	515	2158	626	2418	908	2111	543
WRD	1535.0	1800.0	282	1
1388	1801	1798	1673	1358	1876	1598	1852
TFV	1196.0	1087.0	366	1
926	1101	1306	1190	1490	1027	1064	1030
GZY	2492.0	1819.0	440	1
2520	1856	2466	1742	2402	1731	2583	1947
OTP	1479.0	2430.0	347	1
1313	2537	1349	2495	1658	2164	1596	2525
HLS	2317.0	2877.0	467	1
2458	2876	2457	2864	1934	2844	2421	2927
DYD	396.0	2487.0	237	1
298	2553	272	2573	774	2569	241	2253
QLU	1799.0	2673.0	445	1
1695	2464	1851	2950	1925	2588	1726	2693
NAF	1161.0	2704.0	478	1
1031	2832	1038	2726	1155	2660	1423	2600
PNZ	2121.0	1373.0	454	1
2339	1517	1978	1341	1870	1365	2300	1272
ZRI	1531.0	652.0	343	1
1655	685	1311	630	1715	381	1443	912
NIL	2701.0	2156.0	339	1
2600	2187	2532	1994	2875	2256	2800	2188
AGY	253.0	1210.0	349	1
189	1306	156	1126	334	1383	335	1025
PLP	2630.0	2642.0	295	1
2652	2729	2660	2685	2585	2643	2626	2513
LQD	490.0	1689.0	225	1
606	1833	510	1745	613	1542	231	1638
UOK	2074.0	1722.0	457	1
1855	1558	2395	1902	2034	1696	2015	1732
RIR	1200.0	1785.0	302	1
1295	1578	1311	1789	1027	1966	1168	1810
OWH	508.0	1153.0	211	1
571	1172	431	912	500	1418	531	1110
LGN	2779.0	815.0	334	1
2860	876	2924	663	2740	644	2595	1080
PKZ	2078.0	2149.0	410	1
2183	2182	1861	2135	2090	2063	2181	2219
NYF	2361.0	2520.0	380	1
2328	2602	2229	2425	2555	2302	2332	2754
AYN	654.0	2055.0	352	1
699	2043	731	1881	546	2212	642	2084
ZVB	2991.0	2223.0	358	1
3007	2290	2950	2084	3062	2032	2946	2489
TMF	1463.0	1464.0	476	1
1322	1642	1435	1335	1534	1499	1561	1382
WOH	804.0	1104.0	361	1
791	945	887	1042	826	1190	714	1242
ASV	723.0	1549.0	455	1
665	1565	819	1441	625	1568	785	1623
UEZ	2772.0	1582.0	287	1
2860	1887	2749	1295	2630	1624	2851	1523
MCC	888.0	1826.0	288	1
800	2004	958	1883	780	1793	1015	1627
FNZ	2690.0	416.0	417	1
2791	453	2562	377	2711	202	2696	632
MHF	1811.0	1154.0	367	1
1917	1167	1772	1035	1696	1255	1862	1161
OTD	946.0	2133.0	437	1
795	2133	851	2076	905	2046	1234	2279
LMA	634.0	2893.0	262	1
742	2896	721	2902	662	2866	411	2909
ANP	2957.0	1335.0	241	1
3051	1418	2871	1185	3045	1181	2861	1556
DGE	1692.0	1514.0	379	1
1635	1671	1608	1279	1805	1607	1722	1499
UEM	709.0	1330.0	465	1
881	1315	607	1384	701	1363	647	1259
SJD	2947.0	3023.0	309	1
3178	2995	3059	3080	2686	3032	2866	2985
QJH	1130.0	553.0	225	1
1224	378	1080	549	995	422	1223	864
AWF	1894.0	728.0	455	1
1767	635	1912	732	2083	650	1817	896
SYV	2794.0	2442.0	243	1
2828	2644	2780	2273	2668	2326	2901	2527
QIX	2331.0	1168.0	477	1
2375	1079	2245	1160	2435	1271	2272	1162
WYW	2063.0	2720.0	413	1
1963	2829	2012	2594	2216	2806	2063	2652
JXL	1330.0	2982.0	251	1
1547	2849	1521	2979	1108	3007	1146	3096
DTD	1170.0	1397.0	285	1
1268	1405	1176	1332	1202	1439	1036	1415
SQB	449.0	465.0	427	1
629	588	504	648	264	174	402	453
CSG	770.0	2670.0	265	1
759	2667	633	2675	847	2607	843	2731
SQI	2931.0	2688.0	381	1
2673	2674	3068	2698	3157	2693	2826	2690
EBP	1095.0	2379.0	276	1
1161	2312	1078	2340	1186	2557	957	2309
MKL	1937.0	2305.0	338	1
2138	2378	1673	2304	1764	2227	2175	2311
