NDD	1465.0	837.0	329	1
1305	618	1217	890	1741	833	1597	1009
HLV	1855.0	2339.0	437	1
1605	2632	1842	2308	1999	2228	1976	2191
BHR	1954.0	1704.0	289	1
1873	1776	2132	1476	2069	1626	1744	1940
WDK	1574.0	1839.0	312	1
1477	1900	1669	1893	1682	1916	1471	1649
TCR	490.0	1296.0	408	1
441	1359	605	1179	485	1129	432	1518
FIO	815.0	444.0	474	1
959	709	807	604	578	291	917	175
YQB	1404.0	1311.0	436	1
1553	1326	1540	1356	1283	1095	1241	1470
AFH	1030.0	2243.0	293	1
1193	2345	1150	2280	1093	2284	684	2063
KNG	859.0	2622.0	406	1
1062	2671	943	2617	542	2561	891	2639
NLE	2428.0	1398.0	332	1
2667	1326	2233	1206	2669	1706	2146	1356
VIJ	1711.0	443.0	485	1
1740	319	1837	372	1821	522	1448	559
VYK	2222.0	450.0	359	1
2149	217	2468	525	2224	540	2047	518
MKT	2263.0	2120.0	458	1
2433	2151	2123	2243	2178	2124	2320	1962
MPH	2562.0	2138.0	261	1
2773	2050	2549	2091	2484	2334	2445	2077
DKL	2893.0	2790.0	437	1
2688	3114	2847	2759	3019	2563	3020	2727
XCD	442.0	577.0	475	1
551	469	309	724	510	443	398	674
HMF	2294.0	2912.0	330	1
2184	2909	2451	3027	2357	2606	2186	3108
UKX	1280.0	2723.0	218	1
1383	2767	1526	2738	1123	2835	1089	2553
XZI	420.0	2113.0	229	1
405	2132	501	1967	368	2173	408	2183
RFX	926.0	1326.0	311	1
1122	1002	821	1465	853	1544	911	1296
RPA	1799.0	2830.0	411	1
1652	2744	1722	2879	1876	3025	1948	2674
BYJ	2884.0	2185.0	367	1
2916	2021	2841	2175	2834	2523	2946	2022
PFE	2101.0	774.0	239	1
2294	769	1871	962	2092	705	2147	660
HCX	1540.0	2233.0	437	1
1588	2286	1485	2289	1585	2206	1503	2152
OGS	435.0	2542.0	485	1
381	2712	516	2328	424	2771	421	2357
NOM	2535.0	677.0	290	1
2540	726	2473	893	2581	635	2548	456
ABI	2961.0	534.0	219	1
2861	739	3069	313	3009	541	2905	544
YPR	2718.0	1005.0	233	1
2494	1017	2936	903	2741	1106	2701	994
GSN	503.0	1808.0	205	1
382	1852	694	1876	564	1808	373	1697
ATE	1057.0	559.0	329	1
1092	621	1032	567	1005	415	1100	635
DUC	1260.0	1746.0	258	1
1290	1748	1409	1766	975	1784	1368	1686
CLS	1291.0	1849.0	315	1
1171	1874	1320	1806	1258	1882	1417	1835
IYM	737.0	1095.0	411	1
647	1091	685	902	820	1224	796	1163
WOU	1242.0	2457.0	283	1
1019	2367	1299	2466	1362	2487	1290	2508
YTX	963.0	3021.0	429	1
821	2797	1060	3104	1087	3085	887	3100
EYH	2769.0	1533.0	348	1
2953	1747	2744	1501	2704	1235	2675	1651
CBA	2560.0	2736.0	392	1
2570	2763	2569	2826	2645	2721	2456	2637
NEL	1746.0	1168.0	497	1
1744	1116	1618	1412	2040	1055	1585	1091
KOQ	3071.0	1798.0	408	1
2983	1580	3129	1926	3162	1977	3012	1712
IPL	700.0	2925.0	237	1
681	2924	684	2828	657	2908	780	3041
XEE	918.0	1831.0	465	1
1026	1826	703	1878	872	1819	1072	1804
UWH	952.0	839.0	327	1
823	995	997	758	844	876	1146	727
HZS	2651.0	726.0	322	1
2609	900	2618	573	2776	757	2604	676
NHZ	241.0	1632.0	298	1
161	1665	294	1790	224	1600	285	1475
BOT	2606.0	1866.0	356	1
2617	1774	2663	1889	2631	1834	2516	1969
WNY	1363.0	2186.0	430	1
1343	2362	1315	2198	1373	2045	1423	2140
IXF	621.0	2095.0	205	1
666	1907	541	2211	661	2159	616	2105
SFN	417.0	3008.0	340	1
336	3164	460	2782	276	3033	598	3056
BGM	1328.0	359.0	391	1
1444	560	1402	266	1318	316	1148	295
IMW	2252.0	2361.0	480	1
2384	2372	2210	2281	2271	2448	2143	2344
