R100	332.9207022967505	498.7653540701479	6.251416651313326	5
332.9207022967505	498.7653540701479	332.9207022967505	482.6023209545353	354.065280417346	482.6023209545353	354.065280417346	498.7653540701479	332.9207022967505	498.7653540701479
333.7884985094877	508.6185822229312	333.7884985094877	488.9121259173646	343.5809243951818	488.9121259173646	343.5809243951818	508.6185822229312
322.05221585757903	490.46569317264016	322.05221585757903	485.4622872532907	343.789188735922	485.4622872532907	343.789188735922	490.46569317264016
332.17426698723193	503.24875823151353	332.17426698723193	494.2819499087823	338.89631780703724	494.2819499087823	338.89631780703724	503.24875823151353
338.574722917248	494.22044507855	338.574722917248	470.9841968305207	353.856293361178	470.9841968305207	353.856293361178	494.22044507855
R99	108.60660546747918	287.7381306613269	4.288673004874742	5
108.60660546747918	287.7381306613269	108.60660546747918	267.30069141428527	129.38433199112336	267.30069141428527	129.38433199112336	287.7381306613269	108.60660546747918	287.7381306613269
121.31590449496035	280.6749256644214	121.31590449496035	260.35394980662295	137.45275948728636	260.35394980662295	137.45275948728636	280.6749256644214
102.31383045611719	284.8506489995578	102.31383045611719	261.0424683409656	114.89938047884118	261.0424683409656	114.89938047884118	284.8506489995578
105.55426565037489	290.73616609615834	105.55426565037489	272.7151743126728	111.65894528458348	272.7151743126728	111.65894528458348	290.73616609615834
104.28682904059048	274.8732893537992	104.28682904059048	259.72809347477136	123.62571634145058	259.72809347477136	123.62571634145058	274.8732893537992
R98	303.43904464125654	55.435298734671846	18.88424183874818	5
303.43904464125654	55.435298734671846	303.43904464125654	33.56827294973213	313.22380261683355	33.56827294973213	313.22380261683355	55.435298734671846	303.43904464125654	55.435298734671846
303.1104856161054	64.17660543628617	303.1104856161054	46.693992033057526	313.2158256165927	46.693992033057526	313.2158256165927	64.17660543628617
295.8240955131313	49.41163920886265	295.8240955131313	41.39493434847678	311.0539937693818	41.39493434847678	311.0539937693818	49.41163920886265
298.6030872613912	38.2898952664538	298.6030872613912	28.84665063301047	312.9014050569488	28.84665063301047	312.9014050569488	38.2898952664538
302.3059635221221	53.18303388230492	302.3059635221221	33.37099255449676	324.141641711545	33.37099255449676	324.141641711545	53.18303388230492
R97	129.94444944643612	421.1585006750219	22.851548102969012	5
129.94444944643612	421.1585006750219	129.94444944643612	406.97226510973434	151.72822586020465	406.97226510973434	151.72822586020465	421.1585006750219	129.94444944643612	421.1585006750219
127.66545168905958	430.3174318527999	127.66545168905958	411.9995694972439	133.7488916082998	411.9995694972439	133.7488916082998	430.3174318527999
123.74880988135041	422.61984287817165	123.74880988135041	400.0932189546048	136.14008901152184	400.0932189546048	136.14008901152184	422.61984287817165
137.34016712623497	417.90957507787545	137.34016712623497	396.03495514159323	145.80928034849762	396.03495514159323	145.80928034849762	417.90957507787545
136.8234026759793	417.6890797803478	136.8234026759793	396.255450439121	144.83369939154926	396.255450439121	144.83369939154926	417.6890797803478
R96	186.03807598154992	222.05235979683852	18.780431304615682	5
186.03807598154992	222.05235979683852	186.03807598154992	209.27291101247306	194.5516577858803	209.27291101247306	194.5516577858803	222.05235979683852	186.03807598154992	222.05235979683852
182.9779447542761	227.91922443383626	182.9779447542761	216.18549515984077	189.71675439411666	216.18549515984077	189.71675439411666	227.91922443383626
177.94885646588784	225.28307723606932	177.94885646588784	218.82164235760771	200.87648151606209	218.82164235760771	200.87648151606209	225.28307723606932
187.52804574740497	215.81288618056954	187.52804574740497	208.26383753033542	201.57526982435564	208.26383753033542	201.57526982435564	215.81288618056954
177.68403165689014	227.0140567164311	177.68403165689014	210.1741905606872	194.3921203062097	210.1741905606872	194.3921203062097	227.0140567164311
R95	448.8084759277286	401.6918161196464	19.683178291404857	5
448.8084759277286	401.6918161196464	448.8084759277286	384.0756512144889	467.60759738744747	384.0756512144889	467.60759738744747	401.6918161196464	448.8084759277286	401.6918161196464
459.35108879381215	408.0867087312688	459.35108879381215	383.96523582623536	475.8641059810829	383.96523582623536	475.8641059810829	408.0867087312688
455.7872029469647	395.8362807201855	455.7872029469647	386.34194465917165	479.4279918279302	386.34194465917165	479.4279918279302	395.8362807201855
453.52621187296296	408.8300015782394	453.52621187296296	394.5536306610534	471.85227776354867	394.5536306610534	471.85227776354867	408.8300015782394
456.8892530136393	389.789762021999	456.8892530136393	381.92726719209617	478.32594176125565	381.92726719209617	478.32594176125565	389.789762021999
R94	439.27853391960525	485.0367006654007	13.800227679167852	5
439.27853391960525	485.0367006654007	439.27853391960525	465.0223941226213	447.4986039511807	465.0223941226213	447.4986039511807	485.0367006654007	439.27853391960525	485.0367006654007
432.299172267143	469.15412450301966	432.299172267143	460.8906637422229	452.49066678496575	460.8906637422229	452.49066678496575	469.15412450301966
431.97361455873823	472.8974974450826	431.97361455873823	457.14729080015996	447.5105358721251	457.14729080015996	447.5105358721251	472.8974974450826
432.83369533768575	487.26398253083215	432.83369533768575	472.88548782629795	445.72337250152475	472.88548782629795	445.72337250152475	487.26398253083215
434.46631170608947	482.7991680838776	434.46631170608947	477.7671761613452	444.09075613312103	477.7671761613452	444.09075613312103	482.7991680838776
R93	443.1431236151339	374.75338339643065	21.699173361125418	5
443.1431236151339	374.75338339643065	443.1431236151339	351.5217325540724	452.62565777061894	351.5217325540724	452.62565777061894	374.75338339643065	443.1431236151339	374.75338339643065
434.86732154996054	374.5479635770354	434.86732154996054	359.1048064849198	451.4189256803074	359.1048064849198	451.4189256803074	374.5479635770354
430.8731385238265	364.92793342639646	430.8731385238265	359.6422255902426	455.4131087064413	359.6422255902426	455.4131087064413	364.92793342639646
445.19155120488693	376.8296115813482	445.19155120488693	366.2509355930084	460.05976433635095	366.2509355930084	460.05976433635095	376.8296115813482
447.5846758940665	367.37156016998307	447.5846758940665	354.7689649675561	457.6666396471714	354.7689649675561	457.6666396471714	367.37156016998307
R92	362.4832302489615	183.90371317047672	4.641555303948836	5
362.4832302489615	183.90371317047672	362.4832302489615	177.01832765233425	375.9771109535319	177.01832765233425	375.9771109535319	183.90371317047672	362.4832302489615	183.90371317047672
353.9388104881749	190.94373007445856	353.9388104881749	170.18549869602631	371.0276500097481	170.18549869602631	371.0276500097481	190.94373007445856
367.5578509524961	195.477469239138	367.5578509524961	172.32995710181544	374.2161593954596	172.32995710181544	374.2161593954596	195.477469239138
362.6055694486169	188.32567691114204	362.6055694486169	179.4817494298114	379.62713281695443	179.4817494298114	379.62713281695443	188.32567691114204
360.24529471926786	196.35643862828218	360.24529471926786	171.45098771267126	378.9120820185612	171.45098771267126	378.9120820185612	196.35643862828218
R91	223.45668368907428	440.0011344523397	9.458029376452599	5
223.45668368907428	440.0011344523397	223.45668368907428	434.80134445146024	234.59737487419693	434.80134445146024	234.59737487419693	440.0011344523397	223.45668368907428	440.0011344523397
223.70722314457544	440.61974221655726	223.70722314457544	428.9829466863632	243.52836698386125	428.9829466863632	243.52836698386125	440.61974221655726
228.0978702809944	437.8056715886849	228.0978702809944	431.7970173142356	235.70235288465148	431.7970173142356	235.70235288465148	437.8056715886849
226.27182624395508	441.2415295660644	226.27182624395508	433.0609788757215	242.92292350443878	433.0609788757215	242.92292350443878	441.2415295660644
219.54961463099093	446.81628870536065	219.54961463099093	422.78640019755983	231.7008022318088	422.78640019755983	231.7008022318088	446.81628870536065
R90	184.9655214427372	265.43390843700496	21.868770816590178	5
184.9655214427372	265.43390843700496	184.9655214427372	256.3518698727897	190.7353620778735	256.3518698727897	190.7353620778735	265.43390843700496	184.9655214427372	265.43390843700496
182.08176479417187	270.2122898370979	182.08176479417187	260.655527036912	190.25312180932264	260.655527036912	190.25312180932264	270.2122898370979
183.233987773367	273.62541293775246	183.233987773367	257.24240393625746	190.1020796807344	257.24240393625746	190.1020796807344	273.62541293775246
183.6626762026464	265.04326604593206	183.6626762026464	247.6604736996473	197.00220534808537	247.6604736996473	197.00220534808537	265.04326604593206
174.8189762467598	264.2153662135606	174.8189762467598	255.38254564666633	195.11206663871462	255.38254564666633	195.11206663871462	264.2153662135606
R89	293.2997683016009	449.25562551930744	21.031020436915504	5
293.2997683016009	449.25562551930744	293.2997683016009	427.2294912975065	299.6724712645042	427.2294912975065	299.6724712645042	449.25562551930744	293.2997683016009	449.25562551930744
285.4214495776492	456.73979217989967	285.4214495776492	441.7714588587152	310.34923693153354	441.7714588587152	310.34923693153354	456.73979217989967
291.5515780247026	451.92633154496707	291.5515780247026	437.5084368053739	307.7933645043058	437.5084368053739	307.7933645043058	451.92633154496707
290.54031145070866	452.6363050286438	290.54031145070866	443.90167788487173	296.0592251524932	443.90167788487173	296.0592251524932	452.6363050286438
296.6174096944036	433.84466526308825	296.6174096944036	428.56839861871026	302.72753283460486	428.56839861871026	302.72753283460486	433.84466526308825
R88	227.7578995802804	35.34283603315152	6.286102354632393	5
227.7578995802804	35.34283603315152	227.7578995802804	15.497873515891664	239.23037738856132	15.497873515891664	239.23037738856132	35.34283603315152	227.7578995802804	35.34283603315152
233.58892426973244	31.309188081090277	233.58892426973244	25.88958255621413	244.87183050739014	25.88958255621413	244.87183050739014	31.309188081090277
216.35770281095105	28.54274427984374	216.35770281095105	11.277944656129522	239.15809634960974	11.277944656129522	239.15809634960974	28.54274427984374
222.57983837625022	44.67516890682914	222.57983837625022	26.0105031594739	238.44660057636452	26.0105031594739	238.44660057636452	44.67516890682914
216.1790348764319	39.3893382246134	216.1790348764319	31.296333841689645	240.53582322054962	31.296333841689645	240.53582322054962	39.3893382246134
R87	272.24383141170756	281.9199109444882	19.394185519197116	5
272.24383141170756	281.9199109444882	272.24383141170756	257.68943843590506	285.95847793793337	257.68943843590506	285.95847793793337	281.9199109444882	272.24383141170756	281.9199109444882
275.4833916123036	271.7819487090708	275.4833916123036	254.89663839627516	296.43356426356314	254.89663839627516	296.43356426356314	271.7819487090708
270.6694302414678	265.70355587297627	270.6694302414678	249.67532099883385	277.00260146055234	249.67532099883385	277.00260146055234	265.70355587297627
277.079591446943	284.5970035610463	277.079591446943	279.24281832793	292.6098792580191	279.24281832793	292.6098792580191	284.5970035610463
268.1414512848362	284.86426078098987	268.1414512848362	261.08392013238677	276.3462115385789	261.08392013238677	276.3462115385789	284.86426078098987
R86	267.8404301271346	107.45104569878583	14.89104712354289	5
267.8404301271346	107.45104569878583	267.8404301271346	87.3090629870058	283.00098101223045	87.3090629870058	283.00098101223045	107.45104569878583	267.8404301271346	107.45104569878583
273.32149298516856	106.14767524327222	273.32149298516856	87.84900383672088	292.68046903929235	87.84900383672088	292.68046903929235	106.14767524327222
264.6802695136161	97.45541931777929	264.6802695136161	77.16270665623232	285.90945073061533	77.16270665623232	285.90945073061533	97.45541931777929
259.2510440906986	104.0113346809224	259.2510440906986	90.71304690383258	276.4298161635706	90.71304690383258	276.4298161635706	104.0113346809224
271.45153524564427	99.77007005781297	271.45153524564427	74.84805591619863	285.57784458056136	74.84805591619863	285.57784458056136	99.77007005781297
R85	311.3596999396978	417.89948493254997	15.151576415185612	5
311.3596999396978	417.89948493254997	311.3596999396978	410.8768739718487	334.6437963565681	410.8768739718487	334.6437963565681	417.89948493254997	311.3596999396978	417.89948493254997
324.8319302404421	415.52006983601194	324.8319302404421	406.2336781076854	342.75963931355665	406.2336781076854	342.75963931355665	415.52006983601194
304.9518045211662	421.6174591093105	304.9518045211662	401.3896116867454	317.7675953582294	401.3896116867454	317.7675953582294	421.6174591093105
317.6485416437111	425.30957641812336	317.6485416437111	410.4893934469766	324.53260027140476	410.4893934469766	324.53260027140476	425.30957641812336
303.86927575567756	419.2729341857147	303.86927575567756	413.43471617408613	318.85012412371805	413.43471617408613	318.85012412371805	419.2729341857147
R84	454.86933161131236	480.353943685494	14.388262445786486	5
454.86933161131236	480.353943685494	454.86933161131236	466.5101120751903	472.5409133717039	466.5101120751903	472.5409133717039	480.353943685494	454.86933161131236	480.353943685494
456.8193004057318	485.9073250267001	456.8193004057318	474.8005623442879	470.2342649083733	474.8005623442879	470.2342649083733	485.9073250267001
445.79418140241114	482.13395334295626	445.79418140241114	465.86236809769946	463.9444818202136	465.86236809769946	463.9444818202136	482.13395334295626
460.1263273757456	484.31168347611316	460.1263273757456	465.77308985878307	484.9554993676623	465.77308985878307	484.9554993676623	484.31168347611316
459.2020448559134	485.1358185751554	459.2020448559134	475.57206879583265	470.5066511466514	475.57206879583265	470.5066511466514	485.1358185751554
R83	91.19607768968054	58.022181527463495	13.929443981878817	5
91.19607768968054	58.022181527463495	91.19607768968054	50.044026659516156	108.62073183632315	50.044026659516156	108.62073183632315	58.022181527463495	91.19607768968054	58.022181527463495
82.70953077817097	68.41763170800623	82.70953077817097	47.626731346920764	105.05838604916903	47.626731346920764	105.05838604916903	68.41763170800623
83.87556016853391	53.2398039689708	83.87556016853391	46.8482493500615	105.14025228050271	46.8482493500615	105.14025228050271	53.2398039689708
96.19820197585851	61.12603033565824	96.19820197585851	46.3377413117022	121.04326169678775	46.3377413117022	121.04326169678775	61.12603033565824
85.79436466010789	65.87212286377348	85.79436466010789	49.717836832870596	96.59779071925318	49.717836832870596	96.59779071925318	65.87212286377348
R82	390.4054462603221	211.59178749112644	12.23382539731709	5
390.4054462603221	211.59178749112644	390.4054462603221	203.6918552150843	409.6718326670204	203.6918552150843	409.6718326670204	211.59178749112644	390.4054462603221	211.59178749112644
394.2789451178163	220.83534041293242	394.2789451178163	202.34823456932045	414.8134074081246	202.34823456932045	414.8134074081246	220.83534041293242
385.85030759527996	214.15412724589476	385.85030759527996	193.2295831842738	398.71381491878543	193.2295831842738	398.71381491878543	214.15412724589476
391.9682743829563	207.68872655220238	391.9682743829563	199.69498387796628	414.74373518276917	199.69498387796628	414.74373518276917	207.68872655220238
406.64748903058546	219.5747257314653	406.64748903058546	197.25394429288215	412.69617630345533	197.25394429288215	412.69617630345533	219.5747257314653
R81	432.25810086733554	321.9581353537759	4.89824266060887	5
432.25810086733554	321.9581353537759	432.25810086733554	312.2438459646544	448.6085833732317	312.2438459646544	448.6085833732317	321.9581353537759	432.25810086733554	321.9581353537759
423.43839912505643	328.8036231811077	423.43839912505643	310.79527403976886	441.07780260961465	310.79527403976886	441.07780260961465	328.8036231811077
420.02067737250314	329.3748995133505	420.02067737250314	314.380792440652	444.49552436216794	314.380792440652	444.49552436216794	329.3748995133505
420.42315110992575	317.7777872950871	420.42315110992575	311.78187377272394	444.09305062474533	311.78187377272394	444.09305062474533	317.7777872950871
433.6459280278703	323.4398425397048	433.6459280278703	301.047849389604	454.0222823365586	301.047849389604	454.0222823365586	323.4398425397048
R80	329.64277936979994	229.3195616458268	3.981322517613259	5
329.64277936979994	229.3195616458268	329.64277936979994	211.8053830040265	337.41638546059806	211.8053830040265	337.41638546059806	229.3195616458268	329.64277936979994	229.3195616458268
328.98761906689975	218.66770376128383	328.98761906689975	208.08482294909354	345.8451518542965	208.08482294909354	345.8451518542965	218.66770376128383
333.8891366908486	231.26530719783497	333.8891366908486	222.75902157965103	340.9436342303475	222.75902157965103	340.9436342303475	231.26530719783497
328.5139840263519	228.57643944876645	328.5139840263519	212.24428659455504	346.3187868948442	212.24428659455504	346.3187868948442	228.57643944876645
323.64820535688625	222.79010198947503	323.64820535688625	202.18497129319547	335.6373533827136	202.18497129319547	335.6373533827136	222.79010198947503
R79	87.9857641438419	153.639670497035	16.098266247853974	5
87.9857641438419	153.639670497035	87.9857641438419	146.07410870168854	96.77659842795923	146.07410870168854	96.77659842795923	153.639670497035	87.9857641438419	153.639670497035
90.02361348052389	151.9780927593503	90.02361348052389	140.1701246440268	99.67437171238447	140.1701246440268	99.67437171238447	151.9780927593503
80.25155728303184	157.93584230152962	80.25155728303184	134.21237510184747	104.29473996076732	134.21237510184747	104.29473996076732	157.93584230152962
82.45244378635765	155.80872802658936	82.45244378635765	136.33948937678772	97.98518755996203	136.33948937678772	97.98518755996203	155.80872802658936
93.64567544785345	160.72248242380348	93.64567544785345	135.99785264628966	99.90752140806498	135.99785264628966	99.90752140806498	160.72248242380348
R78	475.6369810419019	241.47689980341838	11.713716410466573	5
475.6369810419019	241.47689980341838	475.6369810419019	225.15618454607275	487.37121940863835	225.15618454607275	487.37121940863835	241.47689980341838	475.6369810419019	241.47689980341838
470.0626056963031	236.05956143046876	470.0626056963031	214.25280766167674	485.63159809035596	214.25280766167674	485.63159809035596	236.05956143046876
471.1985116624702	244.18857759046244	471.1985116624702	233.77221922030662	480.0754504213337	233.77221922030662	480.0754504213337	244.18857759046244
472.24539384160437	229.65094947004255	472.24539384160437	220.6614196221029	483.2052040165338	220.6614196221029	483.2052040165338	229.65094947004255
483.16710977313966	230.65071018121128	483.16710977313966	219.66165891093416	489.41681258517946	219.66165891093416	489.41681258517946	230.65071018121128
R77	100.23254002511933	324.1812197453289	9.298533101737151	5
100.23254002511933	324.1812197453289	100.23254002511933	301.9215586396514	107.86712556048568	301.9215586396514	107.86712556048568	324.1812197453289	100.23254002511933	324.1812197453289
96.5710642500808	306.21567915740593	96.5710642500808	297.62743812189683	113.71928379464136	297.62743812189683	113.71928379464136	306.21567915740593
99.1621625126607	306.2186033640691	99.1621625126607	297.62451391523365	116.11277760519499	297.62451391523365	116.11277760519499	306.2186033640691
95.64157752272212	325.8926139460637	95.64157752272212	317.1623628532115	120.09267359824923	317.1623628532115	120.09267359824923	325.8926139460637
95.42964968245829	307.1146127820897	95.42964968245829	296.72850449721307	106.82964850874149	296.72850449721307	106.82964850874149	307.1146127820897
R76	466.0339334611691	332.4580333196057	19.62494217597825	5
466.0339334611691	332.4580333196057	466.0339334611691	320.898311737974	484.5801027966045	320.898311737974	484.5801027966045	332.4580333196057	466.0339334611691	332.4580333196057
458.67597681765574	333.2035148282689	458.67597681765574	308.59310864767906	478.5626710774121	308.59310864767906	478.5626710774121	333.2035148282689
473.56285193986724	341.85453024397	473.56285193986724	323.0420874083163	495.5973536533417	323.0420874083163	495.5973536533417	341.85453024397
460.27989014336606	329.3362607274952	460.27989014336606	312.4603627484528	474.24421310457365	312.4603627484528	474.24421310457365	329.3362607274952
465.70331982300644	335.58593896494347	465.70331982300644	329.33012767426794	480.1700336539348	329.33012767426794	480.1700336539348	335.58593896494347
R75	327.24381616613306	12.299277321185901	8.159776249924318	5
327.24381616613306	12.299277321185901	327.24381616613306	-5.2939240523120406	337.81858031598455	-5.2939240523120406	337.81858031598455	12.299277321185901	327.24381616613306	12.299277321185901
324.2598657655055	-2.0207079570125868	324.2598657655055	-8.567140147611495	331.5591284668082	-8.567140147611495	331.5591284668082	-2.0207079570125868
334.2465410627667	15.641101751801727	334.2465410627667	5.580898763750063	341.3906195692024	5.580898763750063	341.3906195692024	15.641101751801727
324.6380265385274	10.588825106087079	324.6380265385274	3.585053520037415	329.8496057937387	3.585053520037415	329.8496057937387	10.588825106087079
323.92965396624766	9.789496779887005	323.92965396624766	-3.43225017511399	330.55797836601846	-3.43225017511399	330.55797836601846	9.789496779887005
R74	422.29820722644007	137.28168719182327	18.357389933562775	5
422.29820722644007	137.28168719182327	422.29820722644007	113.02849561066736	439.90691052304106	113.02849561066736	439.90691052304106	137.28168719182327	422.29820722644007	137.28168719182327
429.3820068685837	139.7130232107252	429.3820068685837	131.45895394259477	450.43181417749844	131.45895394259477	450.43181417749844	139.7130232107252
412.36676132861174	122.94868560137435	412.36676132861174	107.7250502396464	432.2296531242684	107.7250502396464	432.2296531242684	122.94868560137435
423.77707422180913	145.3230037985263	423.77707422180913	129.24037058512025	434.4262661810144	129.24037058512025	434.4262661810144	145.3230037985263
427.2868356248067	141.00692397152605	427.2868356248067	133.55645041212048	448.0955617017149	133.55645041212048	448.0955617017149	141.00692397152605
R73	74.13544358709096	112.23229197157616	14.705905959487927	5
74.13544358709096	112.23229197157616	74.13544358709096	89.12479079845878	79.88852745151836	89.12479079845878	79.88852745151836	112.23229197157616	74.13544358709096	112.23229197157616
71.80761739062416	113.44009836255519	71.80761739062416	96.4919778999605	87.96943751241255	96.4919778999605	87.96943751241255	113.44009836255519
65.79367729827902	124.29683681956031	65.79367729827902	100.16774712359201	87.91223346194181	100.16774712359201	87.91223346194181	124.29683681956031
75.82381661807788	116.94453617432468	75.82381661807788	107.52004776882764	83.11953324059697	107.52004776882764	83.11953324059697	116.94453617432468
68.28788644949935	108.8956091293257	68.28788644949935	90.65656019180504	91.48916845353736	90.65656019180504	91.48916845353736	108.8956091293257
R72	141.44155527094088	113.26103005304688	6.666536240777853	5
141.44155527094088	113.26103005304688	141.44155527094088	98.88031665022444	149.90865072631217	98.88031665022444	149.90865072631217	113.26103005304688	141.44155527094088	113.26103005304688
139.25510186373756	112.80937674244981	139.25510186373756	90.23332445425078	160.56219958888678	90.23332445425078	160.56219958888678	112.80937674244981
129.23561563882552	111.45801004347953	129.23561563882552	87.29428374102625	153.64749490305624	87.29428374102625	153.64749490305624	111.45801004347953
138.2196214244986	116.76125275508704	138.2196214244986	104.17175949230548	161.59768002812575	104.17175949230548	161.59768002812575	116.76125275508704
129.9435575622597	110.9774742755564	129.9435575622597	100.04679749715461	152.93955297962205	100.04679749715461	152.93955297962205	110.9774742755564
R71	325.872251548292	49.16060770437718	8.211027433713735	5
325.872251548292	49.16060770437718	325.872251548292	27.396242457337472	348.27672572356613	27.396242457337472	348.27672572356613	49.16060770437718	325.872251548292	49.16060770437718
335.59016939000287	54.35897234739792	335.59016939000287	43.96224306135643	349.7627324273292	43.96224306135643	349.7627324273292	54.35897234739792
341.0271688971513	37.32868270202147	341.0271688971513	18.854313619188332	355.526282549981	18.854313619188332	355.526282549981	37.32868270202147
336.37386909560786	48.693200647409945	336.37386909560786	28.44921358472613	360.1795823515244	28.44921358472613	360.1795823515244	48.693200647409945
343.12182174794026	39.39770159239554	343.12182174794026	28.239217333020793	353.431629699192	28.239217333020793	353.431629699192	39.39770159239554
R70	410.2515066574095	39.17355409289462	20.948425089751638	5
410.2515066574095	39.17355409289462	410.2515066574095	28.118299905187726	424.2085889766916	28.118299905187726	424.2085889766916	39.17355409289462	410.2515066574095	39.17355409289462
400.5770316412755	31.499437585956876	400.5770316412755	24.737162224418576	422.48224334345485	24.737162224418576	422.48224334345485	31.499437585956876
408.25648224387743	45.04579591086594	408.25648224387743	33.3013122749233	418.78381445115093	33.3013122749233	418.78381445115093	45.04579591086594
400.3361257682839	45.15937842137485	400.3361257682839	33.187729764414385	424.80926227991716	33.187729764414385	424.80926227991716	45.15937842137485
407.54758700835254	49.38226326409251	407.54758700835254	28.96484492169673	419.86760822382115	28.96484492169673	419.86760822382115	49.38226326409251
R69	192.74659345664344	312.126369618868	8.420136181077442	5
192.74659345664344	312.126369618868	192.74659345664344	289.5045024970626	199.24820497381836	289.5045024970626	199.24820497381836	312.126369618868	192.74659345664344	312.126369618868
190.93061365389727	308.81981726793674	190.93061365389727	300.716759096042	207.56579629373945	300.716759096042	207.56579629373945	308.81981726793674
188.43512906778798	296.7695203315432	188.43512906778798	283.22024211206184	197.0580578454989	283.22024211206184	197.0580578454989	296.7695203315432
195.78868658293973	292.02339298050236	195.78868658293973	286.98561201362287	201.17892365526038	286.98561201362287	201.17892365526038	292.02339298050236
190.44778139412736	316.8051754061294	190.44778139412736	303.84090349633294	208.04862855350936	303.84090349633294	208.04862855350936	316.8051754061294
R68	482.01982764112574	21.931028106175965	10.137210425174905	5
482.01982764112574	21.931028106175965	482.01982764112574	14.232089703361105	500.3692407049357	14.232089703361105	500.3692407049357	21.931028106175965	482.01982764112574	21.931028106175965
490.78039597325466	33.4889282506309	490.78039597325466	10.373127961721034	506.85735096421257	10.373127961721034	506.85735096421257	33.4889282506309
492.90261785239477	25.714396685100454	492.90261785239477	16.425464201557574	507.8358635574766	16.425464201557574	507.8358635574766	25.714396685100454
476.11619819286705	21.28544709562388	476.11619819286705	7.17873231109833	488.7571921239106	7.17873231109833	488.7571921239106	21.28544709562388
478.62009248161587	33.95394477213331	478.62009248161587	9.908111440218622	497.2831703170567	9.908111440218622	497.2831703170567	33.95394477213331
R67	318.3567825408377	54.45345965030567	20.914707963173793	5
318.3567825408377	54.45345965030567	318.3567825408377	35.943331428243916	339.7562336541836	35.943331428243916	339.7562336541836	54.45345965030567	318.3567825408377	54.45345965030567
330.151898597533	52.10593325730396	330.151898597533	33.95111954745697	349.3605687108342	33.95111954745697	349.3605687108342	52.10593325730396
324.2788114512297	58.80343522269173	324.2788114512297	50.10348407791959	336.40013414583933	50.10348407791959	336.40013414583933	58.80343522269173
308.7716822570884	42.0541788018122	308.7716822570884	34.14183395756997	327.94188282458697	34.14183395756997	327.94188282458697	42.0541788018122
321.3659660277233	64.18103930910513	321.3659660277233	44.72587999150619	344.0628514674768	44.72587999150619	344.0628514674768	64.18103930910513
R66	125.77105131553662	210.74941712558743	9.34549176001072	5
125.77105131553662	210.74941712558743	125.77105131553662	188.5305870039388	136.26543288400222	188.5305870039388	136.26543288400222	210.74941712558743	125.77105131553662	210.74941712558743
122.25626356476495	198.32519098511682	122.25626356476495	182.49882954345458	129.28583906630828	182.49882954345458	129.28583906630828	198.32519098511682
120.6141641425872	204.08653012626854	120.6141641425872	182.1418918464543	130.92793848848606	182.1418918464543	130.92793848848606	204.08653012626854
118.57188482313997	209.54510474590813	118.57188482313997	196.6633216318698	132.9702178079333	196.6633216318698	132.9702178079333	209.54510474590813
126.00656066693438	202.22644465298345	126.00656066693438	185.81046749592002	146.52430510107007	185.81046749592002	146.52430510107007	202.22644465298345
R65	130.0856642074304	351.6673987496352	21.83787803890123	5
130.0856642074304	351.6673987496352	130.0856642074304	342.96029811421846	143.56542161708643	342.96029811421846	143.56542161708643	351.6673987496352	130.0856642074304	351.6673987496352
130.85176637882188	351.353368883833	130.85176637882188	334.5672273446039	149.24736580066747	334.5672273446039	149.24736580066747	351.353368883833
136.6474263161544	358.3067501585748	136.6474263161544	345.0280473406956	149.1492171423629	345.0280473406956	149.1492171423629	358.3067501585748
131.72799997785773	358.5234707791892	131.72799997785773	344.8113267200813	144.39254201278482	344.8113267200813	144.39254201278482	358.5234707791892
118.2279244699721	351.0328694244957	118.2279244699721	345.23766394525063	141.9434039448887	345.23766394525063	141.9434039448887	351.0328694244957
R64	307.99097302246264	68.81881110686331	17.168587244269286	5
307.99097302246264	68.81881110686331	307.99097302246264	46.636096323630056	319.95732916567215	46.636096323630056	319.95732916567215	68.81881110686331	307.99097302246264	68.81881110686331
309.5204334648908	76.1887602153235	309.5204334648908	61.44886199840312	320.4534767621611	61.44886199840312	320.4534767621611	76.1887602153235
301.93029809336184	57.78458894795223	301.93029809336184	35.48760369930788	326.3255617174138	35.48760369930788	326.3255617174138	57.78458894795223
314.70844303159765	69.5934130553387	314.70844303159765	48.6929623537461	325.20621529974665	48.6929623537461	325.20621529974665	69.5934130553387
309.95410996395	52.688900535061066	309.95410996395	47.04529404738747	329.9605483673943	47.04529404738747	329.9605483673943	52.688900535061066
R63	-7.9208552262306355	76.91530952466162	13.242047864468073	5
-7.9208552262306355	76.91530952466162	-7.9208552262306355	70.30096165902434	14.874780847237687	70.30096165902434	14.874780847237687	76.91530952466162	-7.9208552262306355	76.91530952466162
-1.8670159992169513	77.62454011117566	-1.8670159992169513	62.977383206873014	15.163391192988817	62.977383206873014	15.163391192988817	77.62454011117566
1.2006075718141904	88.29396430906591	1.2006075718141904	65.53665474025733	19.93064410394922	65.53665474025733	19.93064410394922	88.29396430906591
-6.979180433654284	84.52864287065862	-6.979180433654284	69.30197617866463	15.736825233409707	69.30197617866463	15.736825233409707	84.52864287065862
-12.132705272553515	84.94758951921105	-12.132705272553515	68.8830295301122	4.656083982657741	68.8830295301122	4.656083982657741	84.94758951921105
R62	46.85522045437579	352.47331751586313	10.188805266683705	5
46.85522045437579	352.47331751586313	46.85522045437579	337.4784379803311	57.0635330620028	337.4784379803311	57.0635330620028	352.47331751586313	46.85522045437579	352.47331751586313
39.70605281499764	349.54248042286713	39.70605281499764	325.41439553779503	64.61438556458445	325.41439553779503	64.61438556458445	349.54248042286713
41.850619866078446	356.9645479730293	41.850619866078446	347.98208705869695	65.87890098065255	347.98208705869695	65.87890098065255	356.9645479730293
43.17840658823019	361.5529761457146	43.17840658823019	342.3631219024923	50.53203432052139	342.3631219024923	50.53203432052139	361.5529761457146
45.61306085358218	352.08318545030085	45.61306085358218	346.67222429827297	68.51400527042343	346.67222429827297	68.51400527042343	352.08318545030085
R61	170.72467776986642	383.8857766220031	17.829444051856438	5
170.72467776986642	383.8857766220031	170.72467776986642	371.45295066362786	189.44074294278434	371.45295066362786	189.44074294278434	383.8857766220031	170.72467776986642	383.8857766220031
182.05690481933658	377.2366131788564	182.05690481933658	369.1631367027069	196.8245810662321	369.1631367027069	196.8245810662321	377.2366131788564
166.81867817407047	388.3312597056451	166.81867817407047	368.4909706782691	174.63067736566236	368.4909706782691	174.63067736566236	388.3312597056451
174.61019059095833	374.15167821165943	174.61019059095833	368.7542231155963	184.02711470626997	368.7542231155963	184.02711470626997	374.15167821165943
166.2787131887293	392.7909000782798	166.2787131887293	374.98065316572655	184.86182079833256	374.98065316572655	184.86182079833256	392.7909000782798
R60	328.95768580917695	157.86100096607663	13.259572947278588	5
328.95768580917695	157.86100096607663	328.95768580917695	134.78910641863854	345.6340496775082	134.78910641863854	345.6340496775082	157.86100096607663	328.95768580917695	157.86100096607663
318.9498340215238	151.93295593765396	318.9498340215238	135.4750930417079	338.9655375968301	135.4750930417079	338.9655375968301	151.93295593765396
327.30482092974734	139.94007378199586	327.30482092974734	129.63813905528121	351.5744674599851	129.63813905528121	351.5744674599851	139.94007378199586
322.223838689952	161.2081628815051	322.223838689952	149.30046374608466	335.6915329284019	149.30046374608466	335.6915329284019	161.2081628815051
317.13671224581805	143.34548921261083	317.13671224581805	131.327945188683	340.77865937253586	131.327945188683	340.77865937253586	143.34548921261083
R59	282.6297747154271	327.2288209166629	19.75336311180945	5
282.6297747154271	327.2288209166629	282.6297747154271	316.3901559172392	303.20020055007586	316.3901559172392	303.20020055007586	327.2288209166629	282.6297747154271	327.2288209166629
282.7813474566798	324.0680302967152	282.7813474566798	308.7122815377632	306.3517610061522	308.7122815377632	306.3517610061522	324.0680302967152
290.7458426364228	337.51791247012375	290.7458426364228	316.9397293632021	307.1217294672639	316.9397293632021	307.1217294672639	337.51791247012375
275.1122751962652	332.06655473281745	275.1122751962652	317.5414186948413	290.147274234589	317.5414186948413	290.147274234589	332.06655473281745
293.81951149944075	338.02729304832087	293.81951149944075	316.430348785005	307.63790488674624	316.430348785005	307.63790488674624	338.02729304832087
R58	208.5391521443569	75.113817603468	13.554510064575286	5
208.5391521443569	75.113817603468	208.5391521443569	51.09542261215087	218.523444397438	51.09542261215087	218.523444397438	75.113817603468	208.5391521443569	75.113817603468
201.08233230905287	56.675908347828994	201.08233230905287	45.514936876472746	220.32531425741624	45.514936876472746	220.32531425741624	56.675908347828994
199.27499486614747	81.5307879210169	199.27499486614747	68.69684728591909	221.73945969947434	68.69684728591909	221.73945969947434	81.5307879210169
198.11163914713097	65.61007425848291	198.11163914713097	59.56078237006401	218.96666514158284	59.56078237006401	218.96666514158284	65.61007425848291
200.85987092130418	55.754288318661324	200.85987092130418	49.323384950208705	216.21843336740963	49.323384950208705	216.21843336740963	55.754288318661324
R57	465.1005470775596	130.47581584784248	22.315289074353746	5
465.1005470775596	130.47581584784248	465.1005470775596	116.8168654583878	488.39358094768596	116.8168654583878	488.39358094768596	130.47581584784248	465.1005470775596	130.47581584784248
461.00137983616423	127.17042431190788	461.00137983616423	109.16123795298938	469.199714318955	109.16123795298938	469.199714318955	127.17042431190788
456.4734426649625	122.92569926450807	456.4734426649625	117.44486088418554	473.72765149015675	117.44486088418554	473.72765149015675	122.92569926450807
484.4240390421959	135.9831144255407	484.4240390421959	123.50666172415079	492.36312285317604	123.50666172415079	492.36312285317604	135.9831144255407
461.20664621072314	123.26337061251748	461.20664621072314	117.70560497115402	468.9944479443961	117.70560497115402	468.9944479443961	123.26337061251748
R56	459.21566913087895	30.01751354227005	21.705502971434015	5
459.21566913087895	30.01751354227005	459.21566913087895	14.214651634305643	483.26374926214385	14.214651634305643	483.26374926214385	30.01751354227005	459.21566913087895	30.01751354227005
473.01682841910525	36.75428567171075	473.01682841910525	18.350807697581683	493.51067010518244	18.350807697581683	493.51067010518244	36.75428567171075
472.0518268965119	37.5414925165493	472.0518268965119	22.493534567990796	489.3799827421482	22.493534567990796	489.3799827421482	37.5414925165493
466.8814683055886	22.291937047223364	466.8814683055886	6.137366221387921	478.35118745752635	6.137366221387921	478.35118745752635	22.291937047223364
470.65502122095177	24.883358520359916	470.65502122095177	3.545944748251369	495.54288803969393	3.545944748251369	495.54288803969393	24.883358520359916
R55	129.12019044923187	31.459368401750478	14.042453427744624	5
129.12019044923187	31.459368401750478	129.12019044923187	23.91186420848688	137.18786192568797	23.91186420848688	137.18786192568797	31.459368401750478	129.12019044923187	31.459368401750478
126.22152152468338	34.980916373514304	126.22152152468338	27.937820429986644	137.91766336202733	27.937820429986644	137.91766336202733	34.980916373514304
122.70442711901723	39.27471196502869	122.70442711901723	23.644024838472255	143.7702307281308	23.644024838472255	143.7702307281308	39.27471196502869
125.94127211314434	31.857512441955997	125.94127211314434	15.966215975017768	137.4662339506638	15.966215975017768	137.4662339506638	31.857512441955997
125.2492542583515	37.98866116787565	125.2492542583515	13.043619520497693	149.12646959302444	13.043619520497693	149.12646959302444	37.98866116787565
R54	458.2072207580622	213.18156990415898	14.754309910464737	5
458.2072207580622	213.18156990415898	458.2072207580622	206.24816675809248	479.4376622610226	206.24816675809248	479.4376622610226	213.18156990415898	458.2072207580622	213.18156990415898
445.9191778540909	212.92877519809025	445.9191778540909	205.0734623761058	470.4952636620336	205.0734623761058	470.4952636620336	212.92877519809025
462.31671392390507	216.14041648656834	462.31671392390507	210.2227233217496	475.34520024106706	210.2227233217496	475.34520024106706	216.14041648656834
456.5016333526571	213.25573518750534	456.5016333526571	199.24059832867962	465.1323245524849	199.24059832867962	465.1323245524849	213.25573518750534
451.8100047940309	215.2298475136031	451.8100047940309	202.03679066414298	464.6044367220935	202.03679066414298	464.6044367220935	215.2298475136031
R53	304.8275158526503	305.2332908052298	5.446335097992009	5
304.8275158526503	305.2332908052298	304.8275158526503	298.57262543380375	322.7996336722647	298.57262543380375	322.7996336722647	305.2332908052298	304.8275158526503	305.2332908052298
307.81441414739754	305.6878312105715	307.81441414739754	291.457419657036	313.69622319383313	291.457419657036	313.69622319383313	305.6878312105715
299.791263946673	305.47064010672466	299.791263946673	291.67461076088284	322.5891381560954	291.67461076088284	322.5891381560954	305.47064010672466
310.2058619296744	315.42815914550783	310.2058619296744	295.03842246495174	328.34699253129287	295.03842246495174	328.34699253129287	315.42815914550783
316.23289582851254	301.9131761196484	316.23289582851254	295.2320747479591	322.31767126635026	295.2320747479591	322.31767126635026	301.9131761196484
R52	73.0661042912136	136.70909790128715	7.2687621614151485	5
73.0661042912136	136.70909790128715	73.0661042912136	125.07556292907132	83.5514579537139	125.07556292907132	83.5514579537139	136.70909790128715	73.0661042912136	136.70909790128715
68.9711403557611	137.63523650528197	68.9711403557611	115.17544126807879	77.16106822666612	115.17544126807879	77.16106822666612	137.63523650528197
68.93230370359925	140.7226603796835	68.93230370359925	132.18830059221946	77.19990487882797	132.18830059221946	77.19990487882797	140.7226603796835
69.80632698726055	136.7662061395234	69.80632698726055	113.38491971861922	83.25379129385774	113.38491971861922	83.25379129385774	136.7662061395234
68.24699661552934	146.3461998074905	68.24699661552934	127.07199599508381	86.63684894366644	127.07199599508381	86.63684894366644	146.3461998074905
R51	219.49550477273795	364.4925009545814	20.870520694279005	5
219.49550477273795	364.4925009545814	219.49550477273795	354.1594281859118	238.1181853589934	354.1594281859118	238.1181853589934	364.4925009545814	219.49550477273795	364.4925009545814
221.82434584513726	368.68111256513924	221.82434584513726	360.3038893440235	228.65920546669383	360.3038893440235	228.65920546669383	368.68111256513924
221.7596379904294	359.4315848654953	221.7596379904294	348.88727150632826	235.14765349880142	348.88727150632826	235.14765349880142	359.4315848654953
228.33696445365953	373.38202784186365	228.33696445365953	355.6029740672991	236.3515457742886	355.6029740672991	236.3515457742886	373.38202784186365
216.33177030531908	358.6139544197157	216.33177030531908	349.7049019521079	222.87218414711208	349.7049019521079	222.87218414711208	358.6139544197157
R50	250.90555021828982	298.36678022467316	19.921137609321306	5
250.90555021828982	298.36678022467316	250.90555021828982	288.348817065289	261.4081376647167	288.348817065289	261.4081376647167	298.36678022467316	250.90555021828982	298.36678022467316
249.314787131854	306.96836497547923	249.314787131854	289.765195473867	271.2310590208773	289.765195473867	271.2310590208773	306.96836497547923
252.94834774297482	302.7267608236233	252.94834774297482	294.00679962572303	263.3124025910966	294.00679962572303	263.3124025910966	302.7267608236233
258.2851653823516	298.4976616211638	258.2851653823516	278.8286204221486	264.53110994708186	278.8286204221486	264.53110994708186	298.4976616211638
246.02941036547665	298.48042983486556	246.02941036547665	278.75203440310935	255.781690071103	278.75203440310935	255.781690071103	298.48042983486556
R49	368.0097399521815	7.492938006319774	20.9631240317716	5
368.0097399521815	7.492938006319774	368.0097399521815	1.7394931078237392	391.8284663701124	1.7394931078237392	391.8284663701124	7.492938006319774	368.0097399521815	7.492938006319774
360.31741498192054	10.94975574083326	360.31741498192054	-5.642554392021379	375.7020649224425	-5.642554392021379	375.7020649224425	10.94975574083326
364.9992056709618	15.170646992540647	364.9992056709618	-0.18477097990110014	381.305454106709	-0.18477097990110014	381.305454106709	15.170646992540647
385.2401755428355	15.375322036383144	385.2401755428355	-2.8854465525771165	398.41675719738924	-2.8854465525771165	398.41675719738924	15.375322036383144
368.2211052142747	4.5112750985588175	368.2211052142747	-1.032288882911339	386.2464892804972	-1.032288882911339	386.2464892804972	4.5112750985588175
R48	230.1281719135392	23.254799729353476	6.295490286738463	5
230.1281719135392	23.254799729353476	230.1281719135392	9.986434983404276	247.98041095960886	9.986434983404276	247.98041095960886	23.254799729353476	230.1281719135392	23.254799729353476
223.967526040203	34.69686620006663	223.967526040203	11.812733258640321	237.17252254016861	11.812733258640321	237.17252254016861	34.69686620006663
236.2612954711484	27.57508533816837	236.2612954711484	18.934514120538587	250.59613753832826	18.934514120538587	250.59613753832826	27.57508533816837
223.63106947055894	21.773980141331712	223.63106947055894	7.106800414082732	236.62527435651953	7.106800414082732	236.62527435651953	21.773980141331712
220.75519613663818	33.15657002759581	220.75519613663818	8.531446166152449	239.5011476904403	8.531446166152449	239.5011476904403	33.15657002759581
R47	315.8469932819696	313.47146586073524	20.74365607358693	5
315.8469932819696	313.47146586073524	315.8469932819696	297.83110427028674	322.0342070859707	297.83110427028674	322.0342070859707	313.47146586073524	315.8469932819696	313.47146586073524
306.0729096647368	303.1094404588544	306.0729096647368	292.5527680817191	328.67155909264227	292.5527680817191	328.67155909264227	303.1094404588544
311.2784683994044	315.8648080468594	311.2784683994044	303.1298763119376	320.41551816453483	303.1298763119376	320.41551816453483	315.8648080468594
312.6527659743577	308.566163662513	312.6527659743577	290.92848861704755	319.04122058958154	290.92848861704755	319.04122058958154	308.566163662513
314.6902644237502	305.74192785580215	314.6902644237502	289.92028068477134	326.1820561260187	289.92028068477134	326.1820561260187	305.74192785580215
R46	354.6545065335035	372.9767393230385	22.792139439205908	5
354.6545065335035	372.9767393230385	354.6545065335035	359.1675712419524	374.78376842813105	359.1675712419524	374.78376842813105	372.9767393230385	354.6545065335035	372.9767393230385
361.3717617859044	380.41842399854494	361.3717617859044	365.5350546475319	375.7349941373797	365.5350546475319	375.7349941373797	380.41842399854494
353.70704421500733	375.6865465465438	353.70704421500733	370.26693209953316	360.68447385246947	370.26693209953316	360.68447385246947	375.6865465465438
360.9974625812977	376.0988735525474	360.9974625812977	369.8546050935296	377.725728168128	369.8546050935296	377.725728168128	376.0988735525474
356.44538706690105	362.1708782125563	356.44538706690105	356.16426427134843	377.4861117563455	356.16426427134843	377.4861117563455	362.1708782125563
R45	24.553712550299828	95.56586780330889	15.168263532797885	5
24.553712550299828	95.56586780330889	24.553712550299828	84.64782238944736	37.380935917142956	84.64782238944736	37.380935917142956	95.56586780330889	24.553712550299828	95.56586780330889
22.42674788718741	104.46239724917214	22.42674788718741	86.66933835744564	42.697469889259786	86.66933835744564	42.697469889259786	104.46239724917214
25.775857729998886	107.22958647257627	25.775857729998886	83.90214913404151	35.937241204785906	83.90214913404151	35.937241204785906	107.22958647257627
29.847254757964862	100.1876069938357	29.847254757964862	90.66673648193684	44.91461707632105	90.66673648193684	44.91461707632105	100.1876069938357
28.089872604354202	98.02808813749529	28.089872604354202	79.1746526332078	46.671999229931714	79.1746526332078	46.671999229931714	98.02808813749529
R44	10.651536727773774	222.30949999693354	7.4698182780558	5
10.651536727773774	222.30949999693354	10.651536727773774	201.82616437005782	24.749532674322978	201.82616437005782	24.749532674322978	222.30949999693354	10.651536727773774	222.30949999693354
13.447524357702545	225.77603915635268	13.447524357702545	218.8429608375144	28.991171072603596	218.8429608375144	28.991171072603596	225.77603915635268
16.773639426931755	227.3306591445582	16.773639426931755	212.57950888975805	32.7254259217142	212.57950888975805	32.7254259217142	227.3306591445582
17.760595000933723	209.03174147823987	17.760595000933723	195.97604707438697	31.73847034771224	195.97604707438697	31.73847034771224	209.03174147823987
0.08573439181415665	215.9592017619258	0.08573439181415665	201.02059808221745	21.21733906373339	201.02059808221745	21.21733906373339	215.9592017619258
R43	439.72453221960865	71.23469433243777	8.688372675632852	5
439.72453221960865	71.23469433243777	439.72453221960865	62.84255056027477	445.67902073919623	62.84255056027477	445.67902073919623	71.23469433243777	439.72453221960865	71.23469433243777
431.5198285702611	77.54900637315207	431.5198285702611	59.61350313867216	447.9292358689561	59.61350313867216	447.9292358689561	77.54900637315207
434.7551656810452	74.2301423438928	434.7551656810452	64.20035400078561	444.693898758172	64.20035400078561	444.693898758172	74.2301423438928
435.5729779203012	78.80766998425943	435.5729779203012	56.27088165704532	455.7850635580913	56.27088165704532	455.7850635580913	78.80766998425943
430.1501353227408	72.69334973907145	430.1501353227408	59.52038262207197	449.29892911647636	59.52038262207197	449.29892911647636	72.69334973907145
R42	195.76118973723553	423.3732565192441	12.733121391218045	5
195.76118973723553	423.3732565192441	195.76118973723553	404.64511266455935	204.5978909409786	404.64511266455935	204.5978909409786	423.3732565192441	195.76118973723553	423.3732565192441
184.394828183817	427.7831556203763	184.394828183817	417.89664771420246	207.12755129065405	417.89664771420246	207.12755129065405	427.7831556203763
185.26213680808232	433.12983151307924	185.26213680808232	413.6166815254089	209.1245536255635	413.6166815254089	209.1245536255635	433.12983151307924
196.50174467159889	420.29400063728855	196.50174467159889	406.0433069709056	212.69403721035832	406.0433069709056	212.69403721035832	420.29400063728855
184.58205044972644	423.3953412672119	184.58205044972644	399.8342140708839	206.9403290247446	399.8342140708839	206.9403290247446	423.3953412672119
R41	51.48079988707245	80.17720095292061	22.15474098226625	5
51.48079988707245	80.17720095292061	51.48079988707245	66.75169256344746	60.026728171596915	66.75169256344746	60.026728171596915	80.17720095292061	51.48079988707245	80.17720095292061
43.61769845565067	86.89031929620906	43.61769845565067	62.89146821232473	59.34390131849423	62.89146821232473	59.34390131849423	86.89031929620906
56.082162948401105	72.28505328500022	56.082162948401105	63.180657176112405	63.97129339479271	63.180657176112405	63.97129339479271	72.28505328500022
44.19983392753724	91.44431436530355	44.19983392753724	68.91008754053767	64.52864024595316	68.91008754053767	64.52864024595316	91.44431436530355
53.13990626150367	86.0092183339273	53.13990626150367	64.72025188328573	66.91355008169016	64.72025188328573	66.91355008169016	86.0092183339273
R40	220.82886975915486	137.30137121916576	16.7119618002564	5
220.82886975915486	137.30137121916576	220.82886975915486	121.5504062149736	234.7109577971934	121.5504062149736	234.7109577971934	137.30137121916576	220.82886975915486	137.30137121916576
210.45934867047347	144.52470193310893	210.45934867047347	129.0372169169852	231.19839084783624	129.0372169169852	231.19839084783624	144.52470193310893
217.15867434489613	145.61438976772513	217.15867434489613	122.2336074668699	224.49906517341358	122.2336074668699	224.49906517341358	145.61438976772513
225.92521952420324	144.39106422930706	225.92521952420324	130.21167820902446	242.09128645659175	130.21167820902446	242.09128645659175	144.39106422930706
209.8665473326193	133.15695559922997	209.8665473326193	121.01766143802237	231.79119218569042	121.01766143802237	231.79119218569042	133.15695559922997
R39	197.44910635864093	449.75330381358367	6.469351018973521	5
197.44910635864093	449.75330381358367	197.44910635864093	442.13932685571183	212.43328296837623	442.13932685571183	212.43328296837623	449.75330381358367	197.44910635864093	449.75330381358367
199.22369881658122	454.077450402855	199.22369881658122	445.42915722431235	204.34754314600204	445.42915722431235	204.34754314600204	454.077450402855
203.39746048181632	445.28558004209344	203.39746048181632	438.9930736693302	217.27265086510738	438.9930736693302	217.27265086510738	445.28558004209344
197.9091522754244	452.03501845493844	197.9091522754244	432.2436352564852	218.26603965089436	432.2436352564852	218.26603965089436	452.03501845493844
195.9087424196039	459.37111605095754	195.9087424196039	440.1354915762098	217.19624872446875	440.1354915762098	217.19624872446875	459.37111605095754
R38	44.13196233533518	253.41027241786833	20.543877415571437	5
44.13196233533518	253.41027241786833	44.13196233533518	242.70522350094768	56.50580992348791	242.70522350094768	56.50580992348791	253.41027241786833	44.13196233533518	253.41027241786833
39.396477198414885	245.27519731359627	39.396477198414885	240.1352496882991	60.57804225538867	240.1352496882991	60.57804225538867	245.27519731359627
45.94312298152416	255.70826171732904	45.94312298152416	246.268570902627	67.06849686545165	246.268570902627	67.06849686545165	255.70826171732904
39.72022909992281	259.46017391797614	39.72022909992281	247.36037091776052	59.18505027349463	247.36037091776052	59.18505027349463	259.46017391797614
41.97711532203247	253.26225949694398	41.97711532203247	232.14818750495138	52.89546098778319	232.14818750495138	52.89546098778319	253.26225949694398
R37	438.2397561556786	27.903471083649322	6.956843553325619	5
438.2397561556786	27.903471083649322	438.2397561556786	6.441314436338333	444.94187149218897	6.441314436338333	444.94187149218897	27.903471083649322	438.2397561556786	27.903471083649322
432.84957820610333	15.653863904769857	432.84957820610333	0.18496676570746118	457.0341647782746	0.18496676570746118	457.0341647782746	15.653863904769857
430.8476868068624	27.40052494917608	430.8476868068624	9.473043089732045	445.6318255044948	9.473043089732045	445.6318255044948	27.40052494917608
435.44242847744124	19.560144654645967	435.44242847744124	-1.6627380203510498	441.037083833916	-1.6627380203510498	441.037083833916	19.560144654645967
430.1841924755133	33.46516117157624	430.1841924755133	22.341780995722402	451.4739115425224	22.341780995722402	451.4739115425224	33.46516117157624
R36	188.10833922456163	455.8694308718689	19.374441424941416	5
188.10833922456163	455.8694308718689	188.10833922456163	446.0041274177104	207.3075241379335	446.0041274177104	207.3075241379335	455.8694308718689	188.10833922456163	455.8694308718689
199.56856843113317	459.87087468374966	199.56856843113317	436.1933996799263	215.04647984473385	436.1933996799263	215.04647984473385	459.87087468374966
203.73369378684154	458.46318244826693	203.73369378684154	434.6639034499834	210.88135448902548	434.6639034499834	210.88135448902548	458.46318244826693
183.63791587828584	464.31189158821996	183.63791587828584	447.4269701555178	204.4889461307645	447.4269701555178	204.4889461307645	464.31189158821996
178.44319062895153	458.5116893871704	178.44319062895153	450.3586224541761	197.77348782017174	450.3586224541761	197.77348782017174	458.5116893871704
R35	35.42533044605792	243.56862814993158	7.946446929904503	5
35.42533044605792	243.56862814993158	35.42533044605792	231.50942642036327	48.25273530314386	231.50942642036327	48.25273530314386	243.56862814993158	35.42533044605792	243.56862814993158
35.95860411633253	239.12699491049608	35.95860411633253	223.89185793023046	56.61708963957599	223.89185793023046	56.61708963957599	239.12699491049608
34.44805128039068	252.0926709315333	34.44805128039068	235.04458536832988	40.55789701026547	235.04458536832988	40.55789701026547	252.0926709315333
25.55459580441819	247.362033669421	25.55459580441819	239.77522263044216	46.17977669396405	239.77522263044216	46.17977669396405	247.362033669421
26.021250471921316	235.85427748083603	26.021250471921316	227.1645753598905	47.688910904634696	227.1645753598905	47.688910904634696	235.85427748083603
R34	338.5849044395031	397.87124185480064	10.125483236078146	5
338.5849044395031	397.87124185480064	338.5849044395031	391.0671656733211	362.7222524889167	391.0671656733211	362.7222524889167	397.87124185480064	338.5849044395031	397.87124185480064
349.8802730884874	400.1335754233157	349.8802730884874	382.0007559233264	362.7129166330852	382.0007559233264	362.7129166330852	400.1335754233157
343.2864754972178	403.1701598098127	343.2864754972178	378.9641715368295	351.89668039690685	378.9641715368295	351.89668039690685	403.1701598098127
352.0206666907185	394.43201240592776	352.0206666907185	387.7023189407144	357.73047220708645	387.7023189407144	357.73047220708645	394.43201240592776
341.30425412023703	402.9718941612052	341.30425412023703	392.77058954839606	347.3784765182095	392.77058954839606	347.3784765182095	402.9718941612052
R33	132.01916999327082	424.6101272988066	12.047613053452606	5
132.01916999327082	424.6101272988066	132.01916999327082	418.8555300616351	147.84618454213424	418.8555300616351	147.84618454213424	424.6101272988066	132.01916999327082	424.6101272988066
126.54333010865362	423.0399900669144	126.54333010865362	415.8595640907536	137.495009877888	415.8595640907536	137.495009877888	423.0399900669144
133.65985965437008	431.11140913346344	133.65985965437008	406.59965098980683	142.19471632330308	406.59965098980683	142.19471632330308	431.11140913346344
139.73882038421507	426.70140233672333	139.73882038421507	411.0096577865468	152.98088028646546	411.0096577865468	152.98088028646546	426.70140233672333
142.28804508474636	430.4980540023001	142.28804508474636	414.64818480095715	153.40432399952212	414.64818480095715	153.40432399952212	430.4980540023001
R32	26.506088017791473	23.300983197851167	17.03418348948884	5
26.506088017791473	23.300983197851167	26.506088017791473	15.734047964151857	46.51024903088836	15.734047964151857	46.51024903088836	23.300983197851167	26.506088017791473	23.300983197851167
22.705350504077906	34.05470195050765	22.705350504077906	12.547264445194687	45.930896576968046	12.547264445194687	45.930896576968046	34.05470195050765
24.45747018024821	30.12927323029507	24.45747018024821	16.472693165407264	33.52812086718474	16.472693165407264	33.52812086718474	30.12927323029507
36.83753300237308	22.663087342118672	36.83753300237308	8.805008586185041	53.31220669289908	8.805008586185041	53.31220669289908	22.663087342118672
25.748120191279426	28.566989877178145	25.748120191279426	18.03497651852419	39.754300208152955	18.03497651852419	39.754300208152955	28.566989877178145
R31	475.4539332446444	123.22965119977441	23.17935966308665	5
475.4539332446444	123.22965119977441	475.4539332446444	117.39571058910919	497.60568891196544	117.39571058910919	497.60568891196544	123.22965119977441	475.4539332446444	123.22965119977441
492.07761062322265	125.86297480739158	492.07761062322265	120.59632759215727	497.6922816528696	120.59632759215727	497.6922816528696	125.86297480739158
471.49832318417907	119.94966216143442	471.49832318417907	114.84175901678395	481.0107454266905	114.84175901678395	481.0107454266905	119.94966216143442
475.436309803972	126.03154280660495	475.436309803972	120.4277595929439	498.8115050169673	120.4277595929439	498.8115050169673	126.03154280660495
478.26918907957054	132.35352781938948	478.26918907957054	114.10577458015938	494.9268168149946	114.10577458015938	494.9268168149946	132.35352781938948
R30	442.16236516232794	495.906701171328	12.263484321323142	5
442.16236516232794	495.906701171328	442.16236516232794	475.0582500229208	457.95891965966	475.0582500229208	457.95891965966	495.906701171328	442.16236516232794	495.906701171328
452.90129075897244	506.6772118654243	452.90129075897244	485.1361904772317	458.30119886078353	485.1361904772317	458.30119886078353	506.6772118654243
449.6972376380938	485.704618826074	449.6972376380938	466.69320000031826	466.2206016812261	466.69320000031826	466.2206016812261	485.704618826074
430.1356858343685	489.3104111011543	430.1356858343685	475.08033674731087	454.1890444902874	475.08033674731087	454.1890444902874	489.3104111011543
452.98687063063016	497.1222663929571	452.98687063063016	486.3248635761228	462.93096868868975	486.3248635761228	462.93096868868975	497.1222663929571
R29	323.0600316712424	118.88910204665375	12.628104681846597	5
323.0600316712424	118.88910204665375	323.0600316712424	113.69438130847827	340.9408418123478	113.69438130847827	340.9408418123478	118.88910204665375	323.0600316712424	118.88910204665375
313.39443252207855	123.61594416177763	313.39443252207855	114.16225993152986	333.22503812600166	114.16225993152986	333.22503812600166	123.61594416177763
329.6019127198685	123.22468446519277	329.6019127198685	114.55351962811476	339.45044398995077	114.55351962811476	339.45044398995077	123.22468446519277
322.2396348315057	120.12117143352697	322.2396348315057	107.26759118342954	339.2562124323803	107.26759118342954	339.2562124323803	120.12117143352697
336.4122171512008	122.59768020567239	336.4122171512008	104.79108241128415	342.57260912416746	104.79108241128415	342.57260912416746	122.59768020567239
R28	391.9187624548315	235.96915712570842	4.607566148852759	5
391.9187624548315	235.96915712570842	391.9187624548315	222.8011798418205	406.75585879742493	222.8011798418205	406.75585879742493	235.96915712570842	391.9187624548315	235.96915712570842
386.6762630246644	230.04169454976983	386.6762630246644	215.56066513387117	406.5270663829483	215.56066513387117	406.5270663829483	230.04169454976983
400.51512681476396	230.39092205303083	400.51512681476396	215.7831707988423	412.9965907800859	215.7831707988423	412.9965907800859	230.39092205303083
391.3067198421832	247.09353094247848	391.3067198421832	224.84478330893836	415.56028284551104	224.84478330893836	415.56028284551104	247.09353094247848
401.9122067353824	239.79759002153142	401.9122067353824	231.71814349951003	411.59951085946744	231.71814349951003	411.59951085946744	239.79759002153142
R27	430.0442576680209	58.730576492211235	15.425745570755023	5
430.0442576680209	58.730576492211235	430.0442576680209	34.70847554842994	439.410523070115	34.70847554842994	439.410523070115	58.730576492211235	430.0442576680209	58.730576492211235
425.5924801685647	58.926334656911884	425.5924801685647	36.95738116623141	434.49603516747715	36.95738116623141	434.49603516747715	58.926334656911884
431.76855246801136	47.22839397023995	431.76855246801136	31.033680979507125	447.05249367221865	31.033680979507125	447.05249367221865	47.22839397023995
427.47122404399823	54.07629078179011	427.47122404399823	48.432916757053306	432.6172912920436	48.432916757053306	432.6172912920436	54.07629078179011
431.4808113043384	49.61603931969974	431.4808113043384	37.336237207869615	447.34023483589164	37.336237207869615	447.34023483589164	49.61603931969974
R26	367.44340955518265	154.47175457491565	20.254950315360723	5
367.44340955518265	154.47175457491565	367.44340955518265	145.42632247522792	385.3619337242423	145.42632247522792	385.3619337242423	154.47175457491565	367.44340955518265	154.47175457491565
364.7157317026685	166.39786379155618	364.7157317026685	142.54564535827512	371.5291044973631	142.54564535827512	371.5291044973631	166.39786379155618
365.6746330865827	150.86281646297533	365.6746330865827	139.9898284874805	371.7334871766289	139.9898284874805	371.7334871766289	150.86281646297533
375.7575584462129	155.6333626668785	375.7575584462129	145.1660972366157	394.9663090022717	145.1660972366157	394.9663090022717	155.6333626668785
379.5012980645592	162.94208654740976	379.5012980645592	146.00142260242154	387.53735326608836	146.00142260242154	387.53735326608836	162.94208654740976
R25	189.9681868876577	155.4962520326414	19.11568457444959	5
189.9681868876577	155.4962520326414	189.9681868876577	143.03155206841166	198.84582902506352	143.03155206841166	198.84582902506352	155.4962520326414	189.9681868876577	155.4962520326414
194.09194887452244	159.7847197724223	194.09194887452244	151.20778429286048	202.838748187579	151.20778429286048	202.838748187579	159.7847197724223
183.43008236546353	149.30366920989178	183.43008236546353	138.36014893980285	196.50629140985194	138.36014893980285	196.50629140985194	149.30366920989178
186.13959925935254	150.8530393108478	186.13959925935254	143.7990204520258	193.79677451596288	143.7990204520258	193.79677451596288	150.8530393108478
182.51790994458378	165.39710236943702	182.51790994458378	145.59540169584577	205.39317927549087	145.59540169584577	205.39317927549087	165.39710236943702
R24	247.43600451128455	424.77042243292783	5.383765462012763	5
247.43600451128455	424.77042243292783	247.43600451128455	408.59334300740306	258.88428021036003	408.59334300740306	258.88428021036003	424.77042243292783	247.43600451128455	424.77042243292783
254.25872776981757	431.4072233207826	254.25872776981757	407.18104849294014	263.5098326509025	407.18104849294014	263.5098326509025	431.4072233207826
250.23863221897417	428.73941522996927	250.23863221897417	420.8014296358864	263.2908848203374	420.8014296358864	263.2908848203374	428.73941522996927
243.2216897748369	431.91838659083635	243.2216897748369	417.6224582750193	267.02561427164846	417.6224582750193	267.02561427164846	431.91838659083635
240.5304685125557	424.428686297083	240.5304685125557	407.9537863644408	254.3415405100134	407.9537863644408	254.3415405100134	424.428686297083
R23	407.72677373068313	142.94829734566247	13.12719714011589	5
407.72677373068313	142.94829734566247	407.72677373068313	124.63792494155217	412.9732006149719	124.63792494155217	412.9732006149719	142.94829734566247	407.72677373068313	142.94829734566247
397.6010492236918	155.37264922498576	397.6010492236918	130.52394546633917	418.9721554484221	130.52394546633917	418.9721554484221	155.37264922498576
400.935912120936	135.52643800357285	400.935912120936	120.95879174247571	414.5176353404303	120.95879174247571	414.5176353404303	135.52643800357285
396.5853518557384	143.15887180826581	396.5853518557384	120.90685410462801	418.8681956056279	120.90685410462801	418.8681956056279	143.15887180826581
401.60634799847	144.15296366970267	401.60634799847	135.71461995060554	424.3400532314738	135.71461995060554	424.3400532314738	144.15296366970267
R22	91.85637760285296	411.7635758481842	8.797457528152618	5
91.85637760285296	411.7635758481842	91.85637760285296	396.15226465929385	112.44939705499398	396.15226465929385	112.44939705499398	411.7635758481842	91.85637760285296	411.7635758481842
100.53460656671237	401.14768714592947	100.53460656671237	391.15684217265823	121.37872313461008	391.15684217265823	121.37872313461008	401.14768714592947
81.84476455901336	403.47601096828237	81.84476455901336	389.2256839360631	101.86799064669256	389.2256839360631	101.86799064669256	403.47601096828237
83.30567228512922	416.49884049162387	83.30567228512922	394.78964209912846	100.4070829205767	394.78964209912846	100.4070829205767	416.49884049162387
102.67748429280304	422.9426295985938	102.67748429280304	400.5845220977746	112.55055227877465	400.5845220977746	112.55055227877465	422.9426295985938
R21	155.02682960072485	188.78885247780562	17.297202371827908	5
155.02682960072485	188.78885247780562	155.02682960072485	169.12686142413116	174.53743400221595	169.12686142413116	174.53743400221595	188.78885247780562	155.02682960072485	188.78885247780562
154.1961692078876	172.84259160742312	154.1961692078876	165.4111312408392	159.5691822432083	165.4111312408392	159.5691822432083	172.84259160742312
166.1185666769047	174.49527678102172	166.1185666769047	166.27975878481303	182.9563013275272	166.27975878481303	182.9563013275272	174.49527678102172
145.76621568255644	185.95760468802038	145.76621568255644	175.2610533752319	164.28744351889327	175.2610533752319	164.28744351889327	185.95760468802038
161.94755218931334	174.49600257932318	161.94755218931334	163.75772026893915	173.83281716617574	163.75772026893915	173.83281716617574	174.49600257932318
R20	138.65295896095714	258.5620246976624	10.030101933542042	5
138.65295896095714	258.5620246976624	138.65295896095714	241.6375986528314	146.0761468595508	241.6375986528314	146.0761468595508	258.5620246976624	138.65295896095714	258.5620246976624
136.58742880386737	257.4067205623646	136.58742880386737	248.286654218838	155.5648649152342	248.286654218838	155.5648649152342	257.4067205623646
136.65407916710916	246.73140007151355	136.65407916710916	236.54379723414925	150.03429667972853	236.54379723414925	150.03429667972853	246.73140007151355
132.84223151186785	245.61396536282697	132.84223151186785	237.66123194283583	151.60887107103923	237.66123194283583	151.60887107103923	245.61396536282697
129.58181895126808	262.6821008348657	129.58181895126808	238.78297311351477	147.7240989706462	238.78297311351477	147.7240989706462	262.6821008348657
R19	328.3655640799065	65.0798760760934	7.9036029494986035	5
328.3655640799065	65.0798760760934	328.3655640799065	42.46664828504848	333.92475121481147	42.46664828504848	333.92475121481147	65.0798760760934	328.3655640799065	65.0798760760934
323.4408427610727	70.23890769857593	323.4408427610727	59.92084445361087	334.8639509518392	59.92084445361087	334.8639509518392	70.23890769857593
316.2933702846842	72.86792671848244	316.2933702846842	54.2207158665545	340.4377578751287	54.2207158665545	340.4377578751287	72.86792671848244
321.88950195803454	54.13990381767842	321.88950195803454	30.793392752418534	338.4509793079749	30.793392752418534	338.4509793079749	54.13990381767842
320.7531775488352	74.23814683936337	320.7531775488352	50.954802606257026	335.9779506109779	50.954802606257026	335.9779506109779	74.23814683936337
R18	302.9913241578878	50.658886663063214	8.62949513592644	5
302.9913241578878	50.658886663063214	302.9913241578878	32.262473218408545	317.04883156742756	32.262473218408545	317.04883156742756	50.658886663063214	302.9913241578878	50.658886663063214
305.6841906668833	49.61977474655243	305.6841906668833	27.676674256983354	328.4134724679718	27.676674256983354	328.4134724679718	49.61977474655243
296.775849426104	58.99423339210369	296.775849426104	42.32353993402274	310.2364296469737	42.32353993402274	310.2364296469737	58.99423339210369
306.6824500056251	39.88768119361978	306.6824500056251	24.637265243197312	317.1763758826115	24.637265243197312	317.1763758826115	39.88768119361978
312.23983012334287	49.37018089553244	312.23983012334287	43.279708231661175	321.85783301151224	43.279708231661175	321.85783301151224	49.37018089553244
R17	199.50905938429648	376.1631508327973	14.69944078908234	5
199.50905938429648	376.1631508327973	199.50905938429648	352.23881657188986	215.28580712224525	352.23881657188986	215.28580712224525	376.1631508327973	199.50905938429648	376.1631508327973
203.90865127949067	376.70122435449144	203.90865127949067	370.58466525119655	226.66296296499982	370.58466525119655	226.66296296499982	376.70122435449144
204.9140012912805	356.9126814813368	204.9140012912805	347.5649516624429	219.56075331845267	347.5649516624429	219.56075331845267	356.9126814813368
204.85830094193395	364.672581162279	204.85830094193395	339.8050519815007	216.06781841496812	339.8050519815007	216.06781841496812	364.672581162279
205.9803694607134	357.91475460501636	205.9803694607134	346.675335096224	224.59124478377709	346.675335096224	224.59124478377709	357.91475460501636
R16	448.9827191216625	127.59953707560976	15.74447734490733	5
448.9827191216625	127.59953707560976	448.9827191216625	115.41280406483904	459.7902477009784	115.41280406483904	459.7902477009784	127.59953707560976	448.9827191216625	127.59953707560976
451.86057419068555	135.9521079432212	451.86057419068555	111.0379448328574	467.71992121127124	111.0379448328574	467.71992121127124	135.9521079432212
443.3115113938219	131.98806197876587	443.3115113938219	123.21101217245366	456.9241192400216	123.21101217245366	456.9241192400216	131.98806197876587
437.8052282901095	136.3552302816924	437.8052282901095	118.84384386952712	460.2374785109734	118.84384386952712	460.2374785109734	136.3552302816924
442.19808999545853	135.92908949353392	442.19808999545853	119.26998465768561	461.5962065003846	119.26998465768561	461.5962065003846	135.92908949353392
R15	268.4708300912521	434.08009771104383	20.15430932225365	5
268.4708300912521	434.08009771104383	268.4708300912521	415.38217389124264	280.1587787774753	415.38217389124264	280.1587787774753	434.08009771104383	268.4708300912521	434.08009771104383
263.2833831116775	421.54203117640776	263.2833831116775	409.22231660607764	283.9335410368137	409.22231660607764	283.9335410368137	421.54203117640776
266.0085174932545	423.70231961249954	266.0085174932545	407.06202816998564	272.9253703780303	407.06202816998564	272.9253703780303	423.70231961249954
258.06391477839725	442.40850731110316	258.06391477839725	421.5694962152655	278.8777454041069	421.5694962152655	278.8777454041069	442.40850731110316
266.9105229616529	424.3357934547786	266.9105229616529	406.4285543277067	273.29609283650325	406.4285543277067	273.29609283650325	424.3357934547786
R14	153.91255528546293	32.15150269522875	22.50599718133432	5
153.91255528546293	32.15150269522875	153.91255528546293	17.641405430937237	163.23471548419673	17.641405430937237	163.23471548419673	32.15150269522875	153.91255528546293	32.15150269522875
150.49898828284248	41.84247994343564	150.49898828284248	22.46052544702186	165.29606532057082	22.46052544702186	165.29606532057082	41.84247994343564
151.09593259214373	34.43609997518708	151.09593259214373	20.082126081024164	175.37349837624973	20.082126081024164	175.37349837624973	34.43609997518708
150.92919482348714	29.895249404265453	150.92919482348714	19.858177308399465	175.54023614490632	19.858177308399465	175.54023614490632	29.895249404265453
158.67777136568114	41.21011268291819	158.67777136568114	23.092892707539313	165.37639168096584	23.092892707539313	165.37639168096584	41.21011268291819
R13	68.99031555076768	261.4918148426791	9.905290383825804	5
68.99031555076768	261.4918148426791	68.99031555076768	248.43706277687988	88.59239168976514	248.43706277687988	88.59239168976514	261.4918148426791	68.99031555076768	261.4918148426791
75.33999169598998	272.7790885526404	75.33999169598998	250.20454113271782	90.27306648521865	250.20454113271782	90.27306648521865	272.7790885526404
85.82453995474923	265.16849182866787	85.82453995474923	254.36888777870314	91.36024342478105	254.36888777870314	91.36024342478105	265.16849182866787
58.39469752799418	255.53405292565878	58.39469752799418	245.57288739561227	79.58593357354117	245.57288739561227	79.58593357354117	255.53405292565878
72.86751868185095	258.0736417892474	72.86751868185095	238.80048376451236	96.76125830665373	238.80048376451236	96.76125830665373	258.0736417892474
R12	174.96893174542572	46.974377953231276	13.769251551650315	5
174.96893174542572	46.974377953231276	174.96893174542572	26.16212710237027	195.7011293858164	26.16212710237027	195.7011293858164	46.974377953231276	174.96893174542572	46.974377953231276
179.97035148305898	49.65397416922346	179.97035148305898	44.294781737239106	201.60030480329849	44.294781737239106	201.60030480329849	49.65397416922346
181.32637627447997	34.978077471010764	181.32637627447997	17.346176733729777	203.3980993114664	17.346176733729777	203.3980993114664	34.978077471010764
169.24532857501526	59.08848874292049	169.24532857501526	34.86026716354206	192.61128434892248	34.86026716354206	192.61128434892248	59.08848874292049
185.76454817632018	50.15219681263851	185.76454817632018	25.33916987438251	205.6377105953126	25.33916987438251	205.6377105953126	50.15219681263851
R11	236.5113915565737	212.09890330227492	14.891570705374939	5
236.5113915565737	212.09890330227492	236.5113915565737	190.28940377341817	247.76896036538113	190.28940377341817	247.76896036538113	212.09890330227492	236.5113915565737	212.09890330227492
228.66236197488587	201.765332709103	228.66236197488587	178.8134748377334	248.11502921394793	178.8134748377334	248.11502921394793	201.765332709103
230.17372384767484	220.68399423667077	230.17372384767484	198.51884439683366	242.84905926547256	198.51884439683366	242.84905926547256	220.68399423667077
230.08289272940888	200.92042227900177	230.08289272940888	179.65838526783457	254.63556604556229	179.65838526783457	254.63556604556229	200.92042227900177
240.34676405738998	223.87887117983013	240.34676405738998	200.31893542471965	245.34944563700543	200.31893542471965	245.34944563700543	223.87887117983013
R10	38.47114225650251	378.7897751323889	13.737919622403044	5
38.47114225650251	378.7897751323889	38.47114225650251	372.8440208210515	57.26599774731255	372.8440208210515	57.26599774731255	378.7897751323889	38.47114225650251	378.7897751323889
37.18074174450616	388.9358463772011	37.18074174450616	368.64370388757686	59.27251490184266	368.64370388757686	59.27251490184266	388.9358463772011
45.33180717051927	379.63558932401367	45.33180717051927	371.79790958731604	69.20018832410582	371.79790958731604	69.20018832410582	379.63558932401367
28.56678640651721	376.48998730541086	28.56678640651721	369.19805433669205	51.33144696745015	369.19805433669205	51.33144696745015	376.48998730541086
44.894364763170614	391.280540154253	44.894364763170614	366.29901011052493	51.3269368068934	366.29901011052493	51.3269368068934	391.280540154253
R9	88.66091200582306	188.56146435624768	21.79533202341368	5
88.66091200582306	188.56146435624768	88.66091200582306	177.41491349686063	98.12746218963738	177.41491349686063	98.12746218963738	188.56146435624768	88.66091200582306	188.56146435624768
91.84046362688146	184.6156279460692	91.84046362688146	171.39986798180036	104.41446075239331	171.39986798180036	104.41446075239331	184.6156279460692
85.7870467911592	186.78972609175176	85.7870467911592	174.5352602375568	110.46787758811557	174.5352602375568	110.46787758811557	186.78972609175176
83.45456930413957	196.7137321034617	83.45456930413957	180.40919660903367	106.8835516980694	180.40919660903367	106.8835516980694	196.7137321034617
76.35009225309413	193.4745676408319	76.35009225309413	177.69705100492828	100.971731758552	177.69705100492828	100.971731758552	193.4745676408319
R8	201.59819925289642	10.051236511795477	8.367206523083375	5
201.59819925289642	10.051236511795477	201.59819925289642	0.7054739492315223	209.63649891393837	0.7054739492315223	209.63649891393837	10.051236511795477	201.59819925289642	10.051236511795477
198.21834474707535	21.466311158426638	198.21834474707535	-1.3638381348356852	206.76927797725418	-1.3638381348356852	206.76927797725418	21.466311158426638
206.69654416321836	11.12305601065298	206.69654416321836	-1.6848001245204154	212.57645366465837	-1.6848001245204154	212.57645366465837	11.12305601065298
199.96209892429803	4.179816844134212	199.96209892429803	-2.7688689456711675	210.99471248780324	-2.7688689456711675	210.99471248780324	4.179816844134212
197.56600380224387	7.870263639328214	197.56600380224387	0.07495303863381597	205.63039470354897	0.07495303863381597	205.63039470354897	7.870263639328214
R7	418.2271930775473	67.91895898799474	15.47858328679755	5
418.2271930775473	67.91895898799474	418.2271930775473	61.62318102235007	436.98655330617055	61.62318102235007	436.98655330617055	67.91895898799474	418.2271930775473	67.91895898799474
424.71412821762243	68.16978678123193	424.71412821762243	55.0765752634682	447.37999188513305	55.0765752634682	447.37999188513305	68.16978678123193
430.16037750184256	66.93759934613347	430.16037750184256	57.061174320994354	443.81272911049854	57.061174320994354	443.81272911049854	66.93759934613347
408.42885092485295	72.8406836380204	408.42885092485295	56.4472146014467	428.0255352302417	56.4472146014467	428.0255352302417	72.8406836380204
414.84938183361396	71.5558648678345	414.84938183361396	64.28205310815498	431.07071700605854	64.28205310815498	431.07071700605854	71.5558648678345
R6	376.6173614820298	68.11413619267479	14.015952417300149	5
376.6173614820298	68.11413619267479	376.6173614820298	62.90832737561194	393.52353747752016	62.90832737561194	393.52353747752016	68.11413619267479	376.6173614820298	68.11413619267479
374.5716864859988	78.91172012057996	374.5716864859988	57.31655226476962	382.5703934843337	57.31655226476962	382.5703934843337	78.91172012057996
372.74747504942434	72.43747843620466	372.74747504942434	54.83552737827021	380.4872479146353	54.83552737827021	380.4872479146353	72.43747843620466
386.3545197120559	78.68382326607286	386.3545197120559	57.54444911927673	398.333365050745	57.54444911927673	398.333365050745	78.68382326607286
381.7004048342013	70.61597999068724	381.7004048342013	55.20067476053664	402.3528082605674	55.20067476053664	402.3528082605674	70.61597999068724
R5	378.63853768150204	164.51015694175672	10.64370097982902	5
378.63853768150204	164.51015694175672	378.63853768150204	140.30183729242046	399.66762245692314	140.30183729242046	399.66762245692314	164.51015694175672	378.63853768150204	164.51015694175672
376.0631532897462	147.07361101369528	376.0631532897462	133.53006357114563	394.6522405730133	133.53006357114563	394.6522405730133	147.07361101369528
392.65403569123225	168.9575344638763	392.65403569123225	156.7130168699755	406.68120922261403	156.7130168699755	406.68120922261403	168.9575344638763
390.6657404543526	159.38204911987773	390.6657404543526	144.5994746616187	408.6695044594937	144.5994746616187	408.6695044594937	159.38204911987773
392.49087306715217	150.73546632349561	392.49087306715217	140.44998435057394	406.84437184669423	140.44998435057394	406.84437184669423	150.73546632349561
R4	17.612615929200793	441.9056337429765	17.100699267909217	5
17.612615929200793	441.9056337429765	17.612615929200793	424.252049636089	33.51476054688832	424.252049636089	33.51476054688832	441.9056337429765	17.612615929200793	441.9056337429765
10.093850527486762	439.2553611438878	10.093850527486762	430.30406525854715	25.131381330914824	430.30406525854715	25.131381330914824	439.2553611438878
6.820333836232079	437.5645547831795	6.820333836232079	429.44881136712644	28.404898022169505	429.44881136712644	28.404898022169505	437.5645547831795
15.981265885684113	430.618217527393	15.981265885684113	417.88588174478497	37.40300566535568	417.88588174478497	37.40300566535568	430.618217527393
9.379180036268556	451.9264297483486	9.379180036268556	431.88483773760436	28.67534831783896	431.88483773760436	28.67534831783896	451.9264297483486
R3	471.9417815509477	320.3930744043442	16.66442242815925	5
471.9417815509477	320.3930744043442	471.9417815509477	309.1607098103522	488.11787160696423	309.1607098103522	488.11787160696423	320.3930744043442	471.9417815509477	320.3930744043442
476.5334125193507	315.67471488392925	476.5334125193507	302.6467047367752	481.71820035289977	302.6467047367752	481.71820035289977	315.67471488392925
472.6627974416161	325.9381407065646	472.6627974416161	314.8480081021238	486.8245130098239	314.8480081021238	486.8245130098239	325.9381407065646
485.2701467409094	320.75927890384423	485.2701467409094	306.8777305248726	490.96559647301916	306.8777305248726	490.96559647301916	320.75927890384423
461.5096944457042	317.9050678909646	461.5096944457042	300.41635172973986	483.6800953898007	300.41635172973986	483.6800953898007	317.9050678909646
R2	339.7132535077955	416.0945862304793	9.551936415580517	5
339.7132535077955	416.0945862304793	339.7132535077955	395.1678669643136	360.44766279197535	395.1678669643136	360.44766279197535	416.0945862304793	339.7132535077955	416.0945862304793
340.332166087551	425.9817372272019	340.332166087551	406.2074352337567	350.20144570402596	406.2074352337567	350.20144570402596	425.9817372272019
355.4825953530762	405.01514350252745	355.4825953530762	385.3205904260997	361.61863183378597	385.3205904260997	361.61863183378597	405.01514350252745
335.40584563559463	399.9030737970231	335.40584563559463	390.67268900680267	344.0206613799964	390.67268900680267	344.0206613799964	399.9030737970231
356.28238737625685	402.8834767551937	356.28238737625685	396.91930989112456	364.61293820769396	396.91930989112456	364.61293820769396	402.8834767551937
R1	189.28074787955504	233.26488214531298	9.429486676221098	5
189.28074787955504	233.26488214531298	189.28074787955504	227.475950995725	197.03329803538108	227.475950995725	197.03329803538108	233.26488214531298	189.28074787955504	233.26488214531298
182.66265937158562	236.86559115409767	182.66265937158562	218.0863108373523	206.42532797349986	218.0863108373523	206.42532797349986	236.86559115409767
182.82396195219619	240.2291427873968	182.82396195219619	216.4533039118895	195.7375338069139	216.4533039118895	195.7375338069139	240.2291427873968
184.79498745991685	231.20749075500157	184.79498745991685	223.7444112364484	200.53498407249123	223.7444112364484	200.53498407249123	231.20749075500157
177.30855579464404	231.5286757855421	177.30855579464404	224.97866230224744	201.25293996446604	224.97866230224744	201.25293996446604	231.5286757855421
