R100	40.349605126459885	402.39329132924917	107.0101400960793	5
40.349605126459885	402.39329132924917	40.349605126459885	381.2633295805993	51.249136114781244	381.2633295805993	51.249136114781244	402.39329132924917	40.349605126459885	402.39329132924917
31.32872906718747	399.94486572088863	31.32872906718747	389.8714070738457	49.3704811857323	389.8714070738457	49.3704811857323	399.94486572088863
40.1427551700702	393.4194188191562	40.1427551700702	369.1072403420424	53.466930177525214	369.1072403420424	53.466930177525214	393.4194188191562
32.297431507682575	401.81475557868856	32.297431507682575	395.5230214833811	48.401778745237195	395.5230214833811	48.401778745237195	401.81475557868856
43.13847887675425	401.66306196262286	43.13847887675425	379.42690374014586	59.359793352808225	379.42690374014586	59.359793352808225	401.66306196262286
R99	43.94881389192401	306.6767796366742	6.314595834351064	5
43.94881389192401	306.6767796366742	43.94881389192401	299.2545005743893	66.39230317038697	299.2545005743893	66.39230317038697	306.6767796366742	43.94881389192401	306.6767796366742
32.648189010618495	303.3253817172458	32.648189010618495	295.18361943153275	56.00932148328185	295.18361943153275	56.00932148328185	303.3253817172458
54.0721626376733	306.45490066050786	54.0721626376733	292.0541004882707	59.620548052880935	292.0541004882707	59.620548052880935	306.45490066050786
53.35571711609744	308.58469157635875	53.35571711609744	289.9243095724198	78.35401630935594	289.9243095724198	78.35401630935594	308.58469157635875
38.86466598734272	312.8232237256947	38.86466598734272	300.53033554765375	56.904244267150986	300.53033554765375	56.904244267150986	312.8232237256947
R98	368.8419011218835	77.81105375695306	76.01241147341905	5
368.8419011218835	77.81105375695306	368.8419011218835	69.00457563915874	389.7281147695473	69.00457563915874	389.7281147695473	77.81105375695306	368.8419011218835	77.81105375695306
380.8681988144302	83.67413066196052	380.8681988144302	68.08738042522022	398.5880307246644	68.08738042522022	398.5880307246644	83.67413066196052
373.68566465296874	80.65203575761912	373.68566465296874	57.35711552069837	380.07259355434473	57.35711552069837	380.07259355434473	80.65203575761912
363.62463024727197	81.1553124397127	363.62463024727197	67.42988423619656	374.059171996495	67.42988423619656	374.059171996495	81.1553124397127
370.9103092656876	77.81172441162131	370.9103092656876	60.19742686669618	389.08671036719534	60.19742686669618	389.08671036719534	77.81172441162131
R97	57.07164308323733	385.6915862635642	137.50271136427813	5
57.07164308323733	385.6915862635642	57.07164308323733	370.8765862550574	81.6860445085804	370.8765862550574	81.6860445085804	385.6915862635642	57.07164308323733	385.6915862635642
49.55251782844816	391.9104370152765	49.55251782844816	379.4727355118519	74.3637713683877	379.4727355118519	74.3637713683877	391.9104370152765
48.33825342879477	388.76723531463165	48.33825342879477	382.61593721249676	67.92849873924517	382.61593721249676	67.92849873924517	388.76723531463165
69.64284322434153	390.8932991522881	69.64284322434153	371.6294669386477	93.72924579281926	371.6294669386477	93.72924579281926	390.8932991522881
75.01609827318633	380.65924642017535	75.01609827318633	363.86130336596455	88.35599074397446	363.86130336596455	88.35599074397446	380.65924642017535
R96	323.6417143704533	391.6050317574261	123.26831690488864	5
323.6417143704533	391.6050317574261	323.6417143704533	381.06718562421133	344.73922492444956	381.06718562421133	344.73922492444956	391.6050317574261	323.6417143704533	391.6050317574261
320.42225032086503	397.20340568908955	320.42225032086503	384.98986004040523	326.8611784200416	384.98986004040523	326.8611784200416	397.20340568908955
318.73880556801663	384.54272861972055	318.73880556801663	377.5916426287021	329.0505157616223	377.5916426287021	329.0505157616223	384.54272861972055
334.8436308929832	390.3262561149321	334.8436308929832	371.80811513349056	345.4334906787339	371.80811513349056	345.4334906787339	390.3262561149321
335.58293860084564	390.8311683600021	335.58293860084564	371.30320288842057	345.60012104100497	371.30320288842057	345.60012104100497	390.8311683600021
R95	263.6703467011327	472.7833542331022	116.18002780641673	5
263.6703467011327	472.7833542331022	263.6703467011327	456.01856339362377	288.4493423285672	456.01856339362377	288.4493423285672	472.7833542331022	263.6703467011327	472.7833542331022
254.3512654397935	464.60725405067234	254.3512654397935	447.4298727365753	277.8791319131686	447.4298727365753	277.8791319131686	464.60725405067234
257.8591047841433	465.0026688571855	257.8591047841433	447.03445793006193	272.1372730193304	447.03445793006193	272.1372730193304	465.0026688571855
258.87043761439196	463.1365537427144	258.87043761439196	452.9687488839997	268.47025578787344	452.9687488839997	268.47025578787344	463.1365537427144
285.284093413931	463.3819512313545	285.284093413931	450.35605736210493	291.6145912432034	450.35605736210493	291.6145912432034	463.3819512313545
R94	171.77050376011456	17.075198610745318	59.89401336613725	5
171.77050376011456	17.075198610745318	171.77050376011456	0.6194805903884486	179.94117088819488	0.6194805903884486	179.94117088819488	17.075198610745318	171.77050376011456	17.075198610745318
167.5841522357175	14.134623990598373	167.5841522357175	4.840507058430601	192.29818954067224	4.840507058430601	192.29818954067224	14.134623990598373
164.81370957536	8.119875393257423	164.81370957536	-1.1960090094931193	178.72729794486912	-1.1960090094931193	178.72729794486912	8.119875393257423
167.18325028432434	16.222585655854942	167.18325028432434	-1.531027713615499	176.35775723590478	-1.531027713615499	176.35775723590478	16.222585655854942
169.7823431358921	11.784269136543765	169.7823431358921	-10.545307955766868	184.37871281350684	-10.545307955766868	184.37871281350684	11.784269136543765
R93	68.65660375708842	162.7343624140598	50.518098416372446	5
68.65660375708842	162.7343624140598	68.65660375708842	145.19527821629762	84.80678134569615	145.19527821629762	84.80678134569615	162.7343624140598	68.65660375708842	162.7343624140598
63.12121434833303	166.17998079459304	63.12121434833303	159.28874403352657	75.63318269915028	159.28874403352657	75.63318269915028	166.17998079459304
66.16484889339773	154.48089546228064	66.16484889339773	135.9096609703146	77.58069708095607	135.9096609703146	77.58069708095607	154.48089546228064
67.1106354096701	172.01199293891054	67.1106354096701	153.45673188920907	87.59864046205743	153.45673188920907	87.59864046205743	172.01199293891054
61.362623690229306	160.8076488519434	61.362623690229306	146.40741045572875	75.95058382394754	146.40741045572875	75.95058382394754	160.8076488519434
R92	409.9778769440134	118.32550297132947	129.8726697289699	5
409.9778769440134	118.32550297132947	409.9778769440134	96.28699979627511	423.43950849269726	96.28699979627511	423.43950849269726	118.32550297132947	409.9778769440134	118.32550297132947
413.0306962714526	104.79834688576909	413.0306962714526	87.77565270678113	430.091172479187	87.77565270678113	430.091172479187	104.79834688576909
419.04618862470426	106.93063260904334	419.04618862470426	96.45256579323878	427.83282836069026	96.45256579323878	427.83282836069026	106.93063260904334
398.0424317372327	126.45261898728438	398.0424317372327	104.5305850156517	421.9133221507943	104.5305850156517	421.9133221507943	126.45261898728438
406.22761845575496	107.18399419081038	406.22761845575496	91.12633572005296	413.72813543227187	91.12633572005296	413.72813543227187	107.18399419081038
R91	452.3782040888436	367.7470578622765	112.93301851230348	5
452.3782040888436	367.7470578622765	452.3782040888436	356.21959800380773	467.7975259288531	356.21959800380773	467.7975259288531	367.7470578622765	452.3782040888436	367.7470578622765
450.40169265324886	374.5150210756164	450.40169265324886	360.9790946489366	457.84820916126426	360.9790946489366	457.84820916126426	374.5150210756164
439.97095297793396	372.0198528213845	439.97095297793396	355.29210576330087	464.7854551997532	355.29210576330087	464.7854551997532	372.0198528213845
454.55592884918104	371.2753704363236	454.55592884918104	364.2187452882294	470.73494289314425	364.2187452882294	470.73494289314425	371.2753704363236
442.5498996423841	375.61879659370805	442.5498996423841	359.87531913084496	463.1698519839725	359.87531913084496	463.1698519839725	375.61879659370805
R90	271.78256815336397	45.37126722457051	85.39042856497468	5
271.78256815336397	45.37126722457051	271.78256815336397	26.459120682716623	283.5971566277325	26.459120682716623	283.5971566277325	45.37126722457051	271.78256815336397	45.37126722457051
273.2672391939344	50.792266125412816	273.2672391939344	39.9502683237282	283.8744025710736	39.9502683237282	283.8744025710736	50.792266125412816
268.30778481842026	29.36822550831345	268.30778481842026	23.550015857119796	287.3187639081133	23.550015857119796	287.3187639081133	29.36822550831345
267.0373683495732	34.52540984420275	267.0373683495732	24.27333832875481	276.5277679571547	24.27333832875481	276.5277679571547	34.52540984420275
265.4352940606261	40.637918795111176	265.4352940606261	21.525289832944438	278.1298422461018	21.525289832944438	278.1298422461018	40.637918795111176
R89	18.91007588726474	96.30147457325475	68.06608146224174	5
18.91007588726474	96.30147457325475	18.91007588726474	79.75904978929196	32.935880641310085	79.75904978929196	32.935880641310085	96.30147457325475	18.91007588726474	96.30147457325475
15.005220610384647	106.38090564504765	15.005220610384647	82.99204134429655	22.81493116414483	82.99204134429655	22.81493116414483	106.38090564504765
26.685930383966912	91.17528935442056	26.685930383966912	78.1841968715716	39.18583089865326	78.1841968715716	39.18583089865326	91.17528935442056
27.37074630404837	89.81870122092809	27.37074630404837	78.23688351045374	38.5010149785718	78.23688351045374	38.5010149785718	89.81870122092809
13.9051836548762	90.27841191465639	13.9051836548762	81.82551833322289	23.914968119653278	81.82551833322289	23.914968119653278	90.27841191465639
R88	267.01349457668715	166.74658312400246	137.1784058702708	5
267.01349457668715	166.74658312400246	267.01349457668715	156.0956703947152	282.3449829461237	156.0956703947152	282.3449829461237	166.74658312400246	267.01349457668715	166.74658312400246
272.9900328053428	168.7239889495481	272.9900328053428	147.88622134151942	291.6999330869046	147.88622134151942	291.6999330869046	168.7239889495481
263.20814357469476	166.21916749298293	263.20814357469476	145.97217329644747	279.06793414039623	145.97217329644747	279.06793414039623	166.21916749298293
259.50140032177774	169.69207099266663	259.50140032177774	158.649165990575	274.52558883159656	158.649165990575	274.52558883159656	169.69207099266663
259.7917631615058	164.0619610054766	259.7917631615058	148.12937978395374	282.9580560227284	148.12937978395374	282.9580560227284	164.0619610054766
R87	126.84536094417997	309.5126480251777	112.02829178940651	5
126.84536094417997	309.5126480251777	126.84536094417997	297.39245208989456	141.2718961928633	297.39245208989456	141.2718961928633	309.5126480251777	126.84536094417997	309.5126480251777
129.7777592611217	313.0343547040382	129.7777592611217	304.0916050666768	152.7660331246049	304.0916050666768	152.7660331246049	313.0343547040382
119.88566149899148	314.1331785193658	119.88566149899148	297.69431862226025	133.8050603893685	297.69431862226025	133.8050603893685	314.1331785193658
134.08222223612842	313.9548816712996	134.08222223612842	289.80259703845053	148.46157014959817	289.80259703845053	148.46157014959817	313.9548816712996
133.99142794297612	313.92753933859063	133.99142794297612	293.2512043212386	148.55236444275047	293.2512043212386	148.55236444275047	313.92753933859063
R86	423.8507233693364	319.6117593962705	24.694096623277595	5
423.8507233693364	319.6117593962705	423.8507233693364	306.0335933689463	435.9923038499966	306.0335933689463	435.9923038499966	319.6117593962705	423.8507233693364	319.6117593962705
426.0387794766161	322.6784074574415	426.0387794766161	316.5451113350995	435.6034318485972	316.5451113350995	435.6034318485972	322.6784074574415
415.9243186523108	323.33350367427005	415.9243186523108	315.8900151182709	433.43067751099574	315.8900151182709	433.43067751099574	323.33350367427005
421.59356157554913	323.1098875538969	421.59356157554913	316.1136312386441	427.28751717386643	316.1136312386441	427.28751717386643	323.1098875538969
432.70679698869753	317.78374027836634	432.70679698869753	298.1146766079855	439.2778107112956	298.1146766079855	439.2778107112956	317.78374027836634
R85	172.58633585945992	474.98801537955916	70.74992894818425	5
172.58633585945992	474.98801537955916	172.58633585945992	452.1665349036985	183.95182023362966	452.1665349036985	183.95182023362966	474.98801537955916	172.58633585945992	474.98801537955916
160.8909684347908	472.5913335684625	160.8909684347908	466.7912331060199	184.28170328412904	466.7912331060199	184.28170328412904	472.5913335684625
166.51185134147607	466.7752314740243	166.51185134147607	460.36406414252804	178.66082037744377	460.36406414252804	178.66082037744377	466.7752314740243
176.90443737108814	480.8498625626946	176.90443737108814	460.11683172285154	190.9992030961712	460.11683172285154	190.9992030961712	480.8498625626946
173.73102630560106	481.79172458749326	173.73102630560106	459.303728827374	194.17261416165826	459.303728827374	194.17261416165826	481.79172458749326
R84	103.36650918276749	367.36074189071036	83.25099062000741	5
103.36650918276749	367.36074189071036	103.36650918276749	344.79359049731005	113.53745179303007	344.79359049731005	113.53745179303007	367.36074189071036	103.36650918276749	367.36074189071036
93.45609406262467	370.63179532201576	93.45609406262467	356.34783691697163	113.2769243029103	356.34783691697163	113.2769243029103	370.63179532201576
106.17979505123034	374.4074567280895	106.17979505123034	360.3140270533311	119.91089586786597	360.3140270533311	119.91089586786597	374.4074567280895
108.53608895442802	366.87838010785526	108.53608895442802	361.3299598855664	118.53881463163212	361.3299598855664	118.53881463163212	366.87838010785526
98.204374130314	377.29217236673065	98.204374130314	357.42931141469006	114.08031426982348	357.42931141469006	114.08031426982348	377.29217236673065
R83	476.1354888534746	148.184884786028	83.33053878679684	5
476.1354888534746	148.184884786028	476.1354888534746	141.6526284382642	494.2787091921439	141.6526284382642	494.2787091921439	148.184884786028	476.1354888534746	148.184884786028
478.80983563817074	155.4687761287877	478.80983563817074	140.90099344326828	495.3705430488898	140.90099344326828	495.3705430488898	155.4687761287877
475.6744974415843	151.2770984647034	475.6744974415843	132.028158411825	496.77472772295926	132.028158411825	496.77472772295926	151.2770984647034
485.39249109562445	148.68495307827686	485.39249109562445	134.62030379825154	492.5192435785842	134.62030379825154	492.5192435785842	148.68495307827686
478.7678370686269	149.6847265206386	478.7678370686269	133.6205303558898	500.09698720586886	133.6205303558898	500.09698720586886	149.6847265206386
R82	476.56634693024665	404.7285582785907	39.64698673553831	5
476.56634693024665	404.7285582785907	476.56634693024665	382.88678216959244	482.47836087388333	382.88678216959244	482.47836087388333	404.7285582785907	476.56634693024665	404.7285582785907
469.96906061012623	390.5906206812226	469.96906061012623	384.91887575428575	483.16363325036707	384.91887575428575	483.16363325036707	390.5906206812226
468.75204867372696	388.0342826706535	468.75204867372696	378.90677991491214	484.38064518676634	378.90677991491214	484.38064518676634	388.0342826706535
470.6735311915512	393.71309308311635	470.6735311915512	379.5107971431143	482.4591626689421	379.5107971431143	482.4591626689421	393.71309308311635
474.7079635365561	390.4466698472409	474.7079635365561	375.32689449194396	479.712761954695	375.32689449194396	479.712761954695	390.4466698472409
R81	329.38652047186883	311.26784087289093	145.07544605992902	5
329.38652047186883	311.26784087289093	329.38652047186883	303.50328526823046	347.27295603365235	303.50328526823046	347.27295603365235	311.26784087289093	329.38652047186883	311.26784087289093
337.1766752058295	307.3790565503363	337.1766752058295	299.6275139861246	345.46684845325217	299.6275139861246	345.46684845325217	307.3790565503363
338.4092153067313	316.6803858843094	338.4092153067313	296.64819124662307	356.1366967605734	296.64819124662307	356.1366967605734	316.6803858843094
325.7768449018171	309.25096205424023	325.7768449018171	297.7556084822207	339.33488344693393	297.7556084822207	339.33488344693393	309.25096205424023
333.4824823235328	316.69742389884	333.4824823235328	305.8382578469419	350.03727934004365	305.8382578469419	350.03727934004365	316.69742389884
R80	93.92989420465037	100.39868239784413	137.53179368928764	5
93.92989420465037	100.39868239784413	93.92989420465037	79.6212914831571	112.12301828191772	79.6212914831571	112.12301828191772	100.39868239784413	93.92989420465037	100.39868239784413
81.88888194636591	95.18842774239259	81.88888194636591	72.2886370986996	105.97090646293482	72.2886370986996	105.97090646293482	95.18842774239259
88.7725840078716	106.42744624917835	88.7725840078716	88.46782132596762	99.08720440142913	88.46782132596762	99.08720440142913	106.42744624917835
103.47062385969674	110.82839193431673	103.47062385969674	89.96897286137155	110.73131740333825	89.96897286137155	110.73131740333825	110.82839193431673
100.64300471572005	105.79188655419179	100.64300471572005	95.00547824149646	110.12534806847003	95.00547824149646	110.12534806847003	105.79188655419179
R79	116.91536518921674	189.46611250050339	99.04063908763604	5
116.91536518921674	189.46611250050339	116.91536518921674	173.50886944959032	136.73284554830335	173.50886944959032	136.73284554830335	189.46611250050339	116.91536518921674	189.46611250050339
114.84146683438956	200.2913812280555	114.84146683438956	178.64084377295126	123.5742289955445	178.64084377295126	123.5742289955445	200.2913812280555
112.65719436157727	183.1680286253046	112.65719436157727	163.8497102738761	131.8919250823457	163.8497102738761	131.8919250823457	183.1680286253046
119.77532931882683	198.37261667097084	119.77532931882683	180.55960833003593	136.0299606659189	180.55960833003593	136.0299606659189	198.37261667097084
115.75615952477393	201.35652405756986	115.75615952477393	177.5757009434369	130.00415698957258	177.5757009434369	130.00415698957258	201.35652405756986
R78	137.45209430314853	127.11049750425502	107.09756026982686	5
137.45209430314853	127.11049750425502	137.45209430314853	112.4089259865641	144.4001211926802	112.4089259865641	144.4001211926802	127.11049750425502	137.45209430314853	127.11049750425502
141.31381080719302	116.13627712757437	141.31381080719302	110.9493694064447	147.48643157816736	110.9493694064447	147.48643157816736	116.13627712757437
127.13550820355307	124.23310210499017	127.13550820355307	102.50787791251105	147.768680402744	102.50787791251105	147.768680402744	124.23310210499017
138.62537644563346	121.9849220546224	138.62537644563346	102.8329299185058	145.70497992003456	102.8329299185058	145.70497992003456	121.9849220546224
136.341546251643	137.92346819287846	136.341546251643	116.29752681563158	148.42043580562014	116.29752681563158	148.42043580562014	137.92346819287846
R77	109.271201278012	284.93109395934835	104.44169907043654	5
109.271201278012	284.93109395934835	109.271201278012	276.1542939377739	129.79509529696912	276.1542939377739	129.79509529696912	284.93109395934835	109.271201278012	284.93109395934835
101.48384425212868	291.55702772594395	101.48384425212868	278.30516019275274	125.00087876983434	278.30516019275274	125.00087876983434	291.55702772594395
125.93616220688786	292.3712690057513	125.93616220688786	277.4909189129454	131.2188898000962	277.4909189129454	131.2188898000962	292.3712690057513
120.83720464588765	287.69287464649483	120.83720464588765	264.615713229053	126.25380556008727	264.615713229053	126.25380556008727	287.69287464649483
114.41393270365752	288.33757306339004	114.41393270365752	263.97101481215776	133.89497788284206	263.97101481215776	133.89497788284206	288.33757306339004
R76	185.18411719694993	249.26671627202745	65.1760313088051	5
185.18411719694993	249.26671627202745	185.18411719694993	238.5718169921326	202.1695469145827	238.5718169921326	202.1695469145827	249.26671627202745	185.18411719694993	249.26671627202745
182.15293393375111	249.03291021229938	182.15293393375111	241.27079336742838	188.21530046014874	241.27079336742838	188.21530046014874	249.03291021229938
180.25236232090558	255.4819635564433	180.25236232090558	233.9624423601046	190.11587207299434	233.9624423601046	190.11587207299434	255.4819635564433
175.68222953645883	258.65417399711987	175.68222953645883	239.879258546935	199.0607334943338	239.879258546935	199.0607334943338	258.65417399711987
192.3286085036282	248.3187754799455	192.3286085036282	228.8248585043197	205.78345105722573	228.8248585043197	205.78345105722573	248.3187754799455
R75	358.76744789991153	48.093671968732124	52.43832156677394	5
358.76744789991153	48.093671968732124	358.76744789991153	27.67556850021394	368.99538325778144	27.67556850021394	368.99538325778144	48.093671968732124	358.76744789991153	48.093671968732124
353.83756749821333	53.76306246727308	353.83756749821333	31.637956371562318	363.69732830160973	31.637956371562318	363.69732830160973	53.76306246727308
361.13850038131017	57.31630401600509	361.13850038131017	38.87103992145916	366.3344947891383	38.87103992145916	366.3344947891383	57.31630401600509
354.7030190500675	36.40025173480216	354.7030190500675	20.949177113563923	362.83187674975557	20.949177113563923	362.83187674975557	36.40025173480216
355.060653111959	56.373369397970094	355.060653111959	31.414357060645184	362.47424268786403	31.414357060645184	362.47424268786403	56.373369397970094
R74	258.27441244602187	18.040788240124872	32.37118401632666	5
258.27441244602187	18.040788240124872	258.27441244602187	-0.3509546342997716	265.0329383333175	-0.3509546342997716	265.0329383333175	18.040788240124872	258.27441244602187	18.040788240124872
248.26852580440314	21.170377095348478	248.26852580440314	14.911199384901266	270.1356450583165	14.911199384901266	270.1356450583165	21.170377095348478
252.56082347524097	15.601712919062239	252.56082347524097	7.965900144926403	263.9880014168028	7.965900144926403	263.9880014168028	15.601712919062239
254.11855329596406	24.782288739202322	254.11855329596406	3.9644688398443293	275.94732337067086	3.9644688398443293	275.94732337067086	24.782288739202322
261.13032363943637	18.391159267937205	261.13032363943637	12.377137647878513	268.9355530271986	12.377137647878513	268.9355530271986	18.391159267937205
R73	197.77282303097064	76.521712974721	60.6052544245516	5
197.77282303097064	76.521712974721	197.77282303097064	61.616503979344486	221.82893757325695	61.616503979344486	221.82893757325695	76.521712974721	197.77282303097064	76.521712974721
190.15279757551662	85.18012898804497	190.15279757551662	67.86329696139703	207.83200210980647	67.86329696139703	207.83200210980647	85.18012898804497
192.68789408928592	72.95764350303048	192.68789408928592	65.52539576475348	202.85775197265536	65.52539576475348	202.85775197265536	72.95764350303048
210.37296919531093	76.3891581172796	210.37296919531093	57.35540290221323	233.28490595120297	57.35540290221323	233.28490595120297	76.3891581172796
187.5299485208641	69.55743423590123	187.5299485208641	53.675573722787746	208.9671174648996	53.675573722787746	208.9671174648996	69.55743423590123
R72	320.50969092351164	73.98433136123751	100.6578967414509	5
320.50969092351164	73.98433136123751	320.50969092351164	68.20329164252735	342.6442152602472	68.20329164252735	342.6442152602472	73.98433136123751	320.50969092351164	73.98433136123751
317.8712376270577	71.25885203252346	317.8712376270577	65.14773125253123	324.7071059189835	65.14773125253123	324.7071059189835	71.25885203252346
309.31014654987075	80.88620634769288	309.31014654987075	67.08245637478214	332.90518791075067	67.08245637478214	332.90518791075067	80.88620634769288
320.1733473441994	77.25184003429057	320.1733473441994	59.15474325076413	338.8611380193616	59.15474325076413	338.8611380193616	77.25184003429057
315.9462251370075	79.11126342539997	315.9462251370075	68.85739929707505	339.45045707394974	68.85739929707505	339.45045707394974	79.11126342539997
R71	449.5023146993723	71.27744654973209	140.51565561734293	5
449.5023146993723	71.27744654973209	449.5023146993723	46.88531556298028	467.8110378962831	46.88531556298028	467.8110378962831	71.27744654973209	449.5023146993723	71.27744654973209
458.8873895909668	51.507895836782254	458.8873895909668	42.26273528917831	474.5957918506398	42.26273528917831	474.5957918506398	51.507895836782254
444.2635755156558	81.98483317422212	444.2635755156558	60.2938468757785	454.74105388308874	60.2938468757785	454.74105388308874	81.98483317422212
443.33024707475687	79.62343981931595	443.33024707475687	62.93145328014823	462.603023392205	62.93145328014823	462.603023392205	79.62343981931595
451.33561033770565	74.08524259085947	451.33561033770565	68.46965050860472	467.6553507331278	68.46965050860472	467.6553507331278	74.08524259085947
R70	80.35599568636552	157.13454980442913	77.67905754943233	5
80.35599568636552	157.13454980442913	80.35599568636552	137.12747381249096	95.52017917382427	137.12747381249096	95.52017917382427	157.13454980442913	80.35599568636552	157.13454980442913
85.29061099046052	165.60693891411793	85.29061099046052	148.66216069474032	103.25462870858527	148.66216069474032	103.25462870858527	165.60693891411793
75.75883762411267	162.11704322297635	75.75883762411267	145.6894232256319	84.95315374861836	145.6894232256319	84.95315374861836	162.11704322297635
68.93112077095623	160.9006233541677	68.93112077095623	140.41269382111625	91.78087060177478	140.41269382111625	91.78087060177478	160.9006233541677
91.14532123880815	148.52289216544378	91.14532123880815	137.1221322867169	99.89503710884037	137.1221322867169	99.89503710884037	148.52289216544378
R69	131.3082491179577	280.7749111907364	20.512602979762335	5
131.3082491179577	280.7749111907364	131.3082491179577	268.3112865906632	143.03761728168996	268.3112865906632	143.03761728168996	280.7749111907364	131.3082491179577	280.7749111907364
131.7333942695744	276.9163316571303	131.7333942695744	270.32205761395915	154.34184029380552	270.32205761395915	154.34184029380552	276.9163316571303
129.5811118817957	270.9312573417828	129.5811118817957	265.6913158395436	147.2579961059574	265.6913158395436	147.2579961059574	270.9312573417828
130.02233308820223	289.72109069986914	130.02233308820223	271.8287316816037	152.27783431559033	271.8287316816037	152.27783431559033	289.72109069986914
139.86251174108367	278.18538238894894	139.86251174108367	272.2120892244934	146.21272282229626	272.2120892244934	146.21272282229626	278.18538238894894
R68	245.49965799524676	94.62167809558589	27.59802798205326	5
245.49965799524676	94.62167809558589	245.49965799524676	81.45140719624995	253.35099811841945	81.45140719624995	253.35099811841945	94.62167809558589	245.49965799524676	94.62167809558589
248.54766451352643	98.36828861309547	248.54766451352643	86.39297280917378	258.15433172331245	86.39297280917378	258.15433172331245	98.36828861309547
243.1931984305955	103.84996173804964	243.1931984305955	85.02533201372177	263.5087978062434	85.02533201372177	263.5087978062434	103.84996173804964
234.05145426190165	91.53895683061853	234.05145426190165	86.28263222662937	256.9478617285918	86.28263222662937	256.9478617285918	91.53895683061853
242.24711694583513	94.38757992297047	242.24711694583513	87.95007014782209	264.4548792910038	87.95007014782209	264.4548792910038	94.38757992297047
R67	390.4712295119298	212.13735627079527	139.93467499129426	5
390.4712295119298	212.13735627079527	390.4712295119298	189.70139052499886	402.2457288870364	189.70139052499886	402.2457288870364	212.13735627079527	390.4712295119298	212.13735627079527
390.70484727577644	204.86733883879253	390.70484727577644	186.65838557995522	413.7866104982964	186.65838557995522	413.7866104982964	204.86733883879253
393.8118667737115	196.20370769318382	393.8118667737115	183.19907335681395	405.6298668116556	183.19907335681395	405.6298668116556	196.20370769318382
391.2496276053181	212.45843551111665	391.2496276053181	200.9251318838772	413.24183016875475	200.9251318838772	413.24183016875475	212.45843551111665
381.22974462147204	203.7735772800832	381.22974462147204	181.49715202933436	399.7127144023875	181.49715202933436	399.7127144023875	203.7735772800832
R66	19.888342927686587	85.77634132707485	16.09176206934304	5
19.888342927686587	85.77634132707485	19.888342927686587	72.6483880647178	40.81078454914523	72.6483880647178	40.81078454914523	85.77634132707485	19.888342927686587	85.77634132707485
22.77071962439041	78.8487693219273	22.77071962439041	66.4480068075083	34.86261290099	66.4480068075083	34.86261290099	78.8487693219273
36.800833773879944	83.51582703039335	36.800833773879944	63.052642506728176	44.82073532441052	63.052642506728176	44.82073532441052	83.51582703039335
24.760350584493764	78.84395973566313	24.760350584493764	66.45281639377248	43.908231844446874	66.45281639377248	43.908231844446874	78.84395973566313
20.239952768997192	97.18543275852356	20.239952768997192	74.36724989562613	28.897153448120868	74.36724989562613	28.897153448120868	97.18543275852356
R65	32.49123755547904	310.05469163705914	123.64791617734555	5
32.49123755547904	310.05469163705914	32.49123755547904	299.396958408787	38.37418161531166	299.396958408787	38.37418161531166	310.05469163705914	32.49123755547904	310.05469163705914
27.99853809941512	312.9008813255186	27.99853809941512	292.9117712620069	36.983937011542956	292.9117712620069	36.983937011542956	312.9008813255186
29.37122133028869	310.67492088283313	29.37122133028869	288.11899593474084	43.0209015863275	288.11899593474084	43.0209015863275	310.67492088283313
29.173427954646094	321.94325211753807	29.173427954646094	298.1661311565802	37.427147975669136	298.1661311565802	37.427147975669136	321.94325211753807
27.250028123484544	313.2837946152227	27.250028123484544	304.75318482148174	37.73244698747354	304.75318482148174	37.73244698747354	313.2837946152227
R64	223.2720677593621	474.7370559971112	91.10848397521507	5
223.2720677593621	474.7370559971112	223.2720677593621	455.44190857501843	230.86814452919552	455.44190857501843	230.86814452919552	474.7370559971112	223.2720677593621	474.7370559971112
221.54361638390827	483.1353284851347	221.54361638390827	466.3387835090877	236.87764605784292	466.3387835090877	236.87764605784292	483.1353284851347
219.2398929477151	480.33764136189194	219.2398929477151	469.1364706323305	236.28557106883514	469.1364706323305	236.28557106883514	480.33764136189194
212.91535375079764	470.7281915730459	212.91535375079764	445.7920579509619	233.62878176792657	445.7920579509619	233.62878176792657	470.7281915730459
221.05107532469768	482.5781277391765	221.05107532469768	466.4342305082611	240.68521373369336	466.4342305082611	240.68521373369336	482.5781277391765
R63	141.87856750562148	433.14086490088266	28.513260998542805	5
141.87856750562148	433.14086490088266	141.87856750562148	408.33027334371627	159.6240040590072	408.33027334371627	159.6240040590072	433.14086490088266	141.87856750562148	433.14086490088266
149.88599768270015	411.72243154984386	149.88599768270015	404.9381151375887	155.3302940959057	404.9381151375887	155.3302940959057	411.72243154984386
148.7106349903394	423.71444358329416	148.7106349903394	412.8661479823055	170.537373127675	412.8661479823055	170.537373127675	423.71444358329416
154.6237929166888	419.3438004937589	154.6237929166888	398.4617886250273	164.6242152013256	398.4617886250273	164.6242152013256	419.3438004937589
145.02622448723082	436.94156820782047	145.02622448723082	429.34016159394486	159.09372842898074	429.34016159394486	159.09372842898074	436.94156820782047
R62	423.24420652454756	210.55759476427107	67.98024038144594	5
423.24420652454756	210.55759476427107	423.24420652454756	187.11224329568563	435.5967146709808	187.11224329568563	435.5967146709808	210.55759476427107	423.24420652454756	210.55759476427107
426.873239831606	203.42096844586808	426.873239831606	187.91095362664697	444.32018951035576	187.91095362664697	444.32018951035576	203.42096844586808
426.3110237755524	192.37436149492405	426.3110237755524	181.85012509644721	431.8268833997724	181.85012509644721	431.8268833997724	192.37436149492405
419.4730942596838	207.22485533744887	419.4730942596838	192.9028964551952	427.0153187894112	192.9028964551952	427.0153187894112	207.22485533744887
426.0584683607316	210.03363264389594	426.0584683607316	197.19503195342713	445.13496098123017	197.19503195342713	445.13496098123017	210.03363264389594
R61	405.4449329287363	267.7913272035834	124.49318788883849	5
405.4449329287363	267.7913272035834	405.4449329287363	260.5812590326378	414.01908230348647	260.5812590326378	414.01908230348647	267.7913272035834	405.4449329287363	267.7913272035834
394.46264304341594	269.8786684756021	394.46264304341594	260.59033091976164	416.4272228140567	260.59033091976164	416.4272228140567	269.8786684756021
406.46059223346697	270.12686594330796	406.46059223346697	254.16873551631488	421.577572373506	254.16873551631488	421.577572373506	270.12686594330796
399.77687637242195	276.3083830733598	399.77687637242195	259.2742713338072	419.7098653362267	259.2742713338072	419.7098653362267	276.3083830733598
393.9168100887612	268.7767572370574	393.9168100887612	252.3866597904578	416.9730557687114	252.3866597904578	416.9730557687114	268.7767572370574
R60	349.7825124952123	424.81443744247457	76.75432448373549	5
349.7825124952123	424.81443744247457	349.7825124952123	409.30311712945496	364.48571468622976	409.30311712945496	364.48571468622976	424.81443744247457	349.7825124952123	424.81443744247457
349.0716481160759	414.33060831617667	349.0716481160759	404.27562594273326	367.4289950659682	404.27562594273326	367.4289950659682	414.33060831617667
347.29312674722644	415.19515334921005	347.29312674722644	403.4110809097	356.9380108964831	403.4110809097	356.9380108964831	415.19515334921005
348.16987028129546	430.1635537394463	348.16987028129546	419.46532114550286	365.64401878569134	419.46532114550286	365.64401878569134	430.1635537394463
342.7982519688453	428.3498787448918	342.7982519688453	410.5250254284054	356.7667730215793	410.5250254284054	356.7667730215793	428.3498787448918
R59	438.09438839193473	79.54045290036038	52.3730559974351	5
438.09438839193473	79.54045290036038	438.09438839193473	56.43411382084218	461.4666139617843	56.43411382084218	461.4666139617843	79.54045290036038	438.09438839193473	79.54045290036038
433.820972034705	74.86838686029077	433.820972034705	58.93472451570324	442.36780474916446	58.93472451570324	442.36780474916446	74.86838686029077
447.4642594213087	68.3451129374197	447.4642594213087	44.52311470426466	467.072493248656	44.52311470426466	467.072493248656	68.3451129374197
431.80612379522154	83.13021264907029	431.80612379522154	75.95069315165047	455.84931520670307	75.95069315165047	455.84931520670307	83.13021264907029
458.2114779698426	86.44433576643164	458.2114779698426	70.43487007669972	464.721749953726	70.43487007669972	464.721749953726	86.44433576643164
R58	312.29011983574486	146.71417725523207	80.5015368587236	5
312.29011983574486	146.71417725523207	312.29011983574486	132.32833229511573	330.2504797822699	132.32833229511573	330.2504797822699	146.71417725523207	312.29011983574486	146.71417725523207
303.0811113062695	153.5372142886044	303.0811113062695	136.030966237133	321.4991283652202	136.030966237133	321.4991283652202	153.5372142886044
316.2006343867235	138.046679353771	316.2006343867235	126.60998523646045	329.64636190310927	126.60998523646045	329.64636190310927	138.046679353771
303.1448396049232	148.034302330484	303.1448396049232	129.7687554823834	321.4354000665665	129.7687554823834	321.4354000665665	148.034302330484
323.3010473225259	150.31398049879368	323.3010473225259	143.11437401167046	333.28640089801746	143.11437401167046	333.28640089801746	150.31398049879368
R57	391.1143957329448	351.9189128643473	21.62631596319429	5
391.1143957329448	351.9189128643473	391.1143957329448	337.9339054355242	413.31770447824306	337.9339054355242	413.31770447824306	351.9189128643473	391.1143957329448	351.9189128643473
391.1933180255543	361.8119301147338	391.1933180255543	342.0258956139608	407.9927001906366	342.0258956139608	407.9927001906366	361.8119301147338
385.23337726071827	361.90637832062777	385.23337726071827	341.93144740806684	406.14875787672656	341.93144740806684	406.14875787672656	361.90637832062777
383.03205817941415	355.8727622990151	383.03205817941415	331.0164344357504	399.1967332864754	331.0164344357504	399.1967332864754	355.8727622990151
406.27178976239725	341.4136939952285	406.27178976239725	334.45411687581986	413.1511382322541	334.45411687581986	413.1511382322541	341.4136939952285
R56	299.1365829948694	105.70093807949783	110.07591212897631	5
299.1365829948694	105.70093807949783	299.1365829948694	81.97840294620843	322.1430335522142	81.97840294620843	322.1430335522142	105.70093807949783	299.1365829948694	105.70093807949783
311.1324643024314	111.1612030666499	311.1324643024314	91.26707134482018	333.153602801997	91.26707134482018	333.153602801997	111.1612030666499
304.5100476242893	117.34129924523447	304.5100476242893	94.0605769137612	327.94698234548525	94.0605769137612	327.94698234548525	117.34129924523447
297.85000317151895	89.78215524191093	297.85000317151895	74.17465065050594	322.61508739047343	74.17465065050594	322.61508739047343	89.78215524191093
293.06782097532965	101.1525206404804	293.06782097532965	95.24253327823222	305.20534501440915	95.24253327823222	305.20534501440915	101.1525206404804
R55	32.9668616080081	282.81114818724075	123.8653624992451	5
32.9668616080081	282.81114818724075	32.9668616080081	266.94326276905906	49.427936274782255	266.94326276905906	49.427936274782255	282.81114818724075	32.9668616080081	282.81114818724075
46.40214715637889	276.8113526005638	46.40214715637889	266.3723689330413	52.45372539318562	266.3723689330413	52.45372539318562	276.8113526005638
26.991047395542125	285.95550243037667	26.991047395542125	279.6667939441048	48.378435398877826	279.6667939441048	48.378435398877826	285.95550243037667
40.66606700597369	279.70259153239806	40.66606700597369	274.6759327746215	58.18980554359082	274.6759327746215	58.18980554359082	279.70259153239806
21.393906655387983	276.7938671423437	21.393906655387983	267.4903037796012	44.539816560628225	267.4903037796012	44.539816560628225	276.7938671423437
R54	199.69889035580465	171.56383814389238	92.59356613549059	5
199.69889035580465	171.56383814389238	199.69889035580465	158.8272364676085	206.7626307275489	158.8272364676085	206.7626307275489	171.56383814389238	199.69889035580465	171.56383814389238
203.6568538419254	175.85800142380612	203.6568538419254	157.2589953936763	209.8684076131724	157.2589953936763	209.8684076131724	175.85800142380612
195.52406403279826	175.86610053146657	195.52406403279826	158.17043526300395	203.8737166788111	158.17043526300395	203.8737166788111	175.86610053146657
196.4054358112511	171.34428345622769	196.4054358112511	150.3215321151706	217.1198256438467	150.3215321151706	217.1198256438467	171.34428345622769
199.97948396250635	164.0417747585606	199.97948396250635	153.61269817665638	210.39498526709664	153.61269817665638	210.39498526709664	164.0417747585606
R53	52.57908730919058	228.31277842657656	99.40694815605332	5
52.57908730919058	228.31277842657656	52.57908730919058	205.6990027304693	62.717850539110835	205.6990027304693	62.717850539110835	228.31277842657656	52.57908730919058	228.31277842657656
45.345548959199334	218.55101580662375	45.345548959199334	207.6426583803443	59.812625659181805	207.6426583803443	59.812625659181805	218.55101580662375
49.212516255022756	239.66784740721684	49.212516255022756	216.95770944593627	71.5268548454972	216.95770944593627	71.5268548454972	239.66784740721684
41.93402914620476	213.42310226465852	41.93402914620476	201.5144136187147	63.224145472176396	201.5144136187147	63.224145472176396	213.42310226465852
43.09429204372763	229.1419955731956	43.09429204372763	221.2985943005332	62.063882574653526	221.2985943005332	62.063882574653526	229.1419955731956
R52	98.9024335182162	482.04434908352124	10.626459497769885	5
98.9024335182162	482.04434908352124	98.9024335182162	460.0387145245491	106.36625861725209	460.0387145245491	106.36625861725209	482.04434908352124	98.9024335182162	482.04434908352124
91.75240824936752	470.8949943807816	91.75240824936752	457.1491678641417	106.05245878706488	457.1491678641417	106.05245878706488	470.8949943807816
94.44892898253732	464.3824217010485	94.44892898253732	458.50222276509913	118.28358825196682	458.50222276509913	118.28358825196682	464.3824217010485
103.34177254546324	484.57243654193377	103.34177254546324	461.7154301639085	109.39074468904093	461.7154301639085	109.39074468904093	484.57243654193377
93.68532393992626	487.1258908484041	93.68532393992626	470.69419825262	104.11954309650613	470.69419825262	104.11954309650613	487.1258908484041
R51	455.13484021242056	354.0880038552896	119.13653270625834	5
455.13484021242056	354.0880038552896	455.13484021242056	339.8687519187378	461.23354952608025	339.8687519187378	461.23354952608025	354.0880038552896	455.13484021242056	354.0880038552896
453.65499040636246	359.8437011282678	453.65499040636246	340.3168489315828	468.81210864579816	340.3168489315828	468.81210864579816	359.8437011282678
449.5676083871601	351.96900721442023	449.5676083871601	337.9696734613317	460.70207203768103	337.9696734613317	460.70207203768103	351.96900721442023
444.07095974084257	350.8314207429191	444.07095974084257	339.02273486588757	466.19872068399866	339.02273486588757	466.19872068399866	350.8314207429191
453.3176708068162	351.0417422467536	453.3176708068162	328.7460474853073	469.1494282453443	328.7460474853073	469.1494282453443	351.0417422467536
R50	294.26209076031637	67.94376403404081	30.631361500444022	5
294.26209076031637	67.94376403404081	294.26209076031637	53.67337741394393	304.6792516094729	53.67337741394393	304.6792516094729	67.94376403404081	294.26209076031637	67.94376403404081
287.0237688834615	67.9695066993428	287.0237688834615	59.37084369888903	301.5004126371712	59.37084369888903	301.5004126371712	67.9695066993428
293.5945537931972	61.934719114603595	293.5945537931972	52.84427104492711	315.7639494257486	52.84427104492711	315.7639494257486	61.934719114603595
289.8501233790449	69.92433927003226	289.8501233790449	55.089247341395016	298.67405814158786	55.089247341395016	298.67405814158786	69.92433927003226
300.14044712324215	73.51114327399524	300.14044712324215	62.0409725712005	309.2180560957036	62.0409725712005	309.2180560957036	73.51114327399524
R49	80.36535299214866	424.2270631063401	52.44467405952054	5
80.36535299214866	424.2270631063401	80.36535299214866	414.1076209344734	97.70722580609545	414.1076209344734	97.70722580609545	424.2270631063401	80.36535299214866	424.2270631063401
72.76743037707922	422.52689318896773	72.76743037707922	405.68834867997896	90.06124174075791	405.68834867997896	90.06124174075791	422.52689318896773
73.54476639471345	432.27335580485436	73.54476639471345	410.8053537477619	87.18593958958387	410.8053537477619	87.18593958958387	432.27335580485436
74.99254238358809	429.2277294498057	74.99254238358809	418.27469237760226	85.73816360070923	418.27469237760226	85.73816360070923	429.2277294498057
80.31406887564245	425.341349437864	80.31406887564245	402.8738924310828	91.49410842738217	402.8738924310828	91.49410842738217	425.341349437864
R48	345.42320772020463	245.73060682888368	136.32075030650196	5
345.42320772020463	245.73060682888368	345.42320772020463	235.49505182854946	370.20580356300326	235.49505182854946	370.20580356300326	245.73060682888368	345.42320772020463	245.73060682888368
343.23369531586144	244.97266719862034	343.23369531586144	226.01743645847858	366.6575510962709	226.01743645847858	366.6575510962709	244.97266719862034
348.3512229312335	252.16974142938022	348.3512229312335	239.29147222838714	355.31622051295784	239.29147222838714	355.31622051295784	252.16974142938022
348.02882732143627	243.69153572109636	348.02882732143627	227.2985679360025	370.3185966822229	227.2985679360025	370.3185966822229	243.69153572109636
362.63423807485884	248.32366815560923	362.63423807485884	235.67352271222674	377.7773690511477	235.67352271222674	377.7773690511477	248.32366815560923
R47	273.3403152736684	157.6036155292227	142.02820377386436	5
273.3403152736684	157.6036155292227	273.3403152736684	150.1148086933704	296.61768789999365	150.1148086933704	296.61768789999365	157.6036155292227	273.3403152736684	157.6036155292227
286.14674679132105	158.86151942181766	286.14674679132105	141.36809796492315	298.37015979576023	141.36809796492315	298.37015979576023	158.86151942181766
267.74527236564523	163.81562147862815	267.74527236564523	144.09790214461685	278.9353581816917	144.09790214461685	278.9353581816917	163.81562147862815
269.6933187808296	159.2749492119864	269.6933187808296	140.95466817475435	283.1417456572467	140.95466817475435	283.1417456572467	159.2749492119864
269.6494407223172	161.81955995823682	269.6494407223172	153.3876711002086	291.22230098078967	153.3876711002086	291.22230098078967	161.81955995823682
R46	316.20259554881943	27.64804950388244	112.71895176731248	5
316.20259554881943	27.64804950388244	316.20259554881943	18.27748894018233	337.0394962547514	18.27748894018233	337.0394962547514	27.64804950388244	316.20259554881943	27.64804950388244
329.5744969241691	24.25789460429276	329.5744969241691	16.71647233933831	344.50449558533364	16.71647233933831	344.50449558533364	24.25789460429276
321.0777763123367	21.44225360445554	321.0777763123367	15.11272427590912	333.9511030040353	15.11272427590912	333.9511030040353	21.44225360445554
315.4455814790312	36.65292967290679	315.4455814790312	18.643169334858094	322.3887194950469	18.643169334858094	322.3887194950469	36.65292967290679
314.0130486683596	32.30121514299489	314.0130486683596	22.99488386476999	328.99935304331245	22.99488386476999	328.99935304331245	32.30121514299489
R45	137.75893714628612	261.73218788223954	67.53898333299178	5
137.75893714628612	261.73218788223954	137.75893714628612	237.19026533848648	148.75095188881468	237.19026533848648	148.75095188881468	261.73218788223954	137.75893714628612	261.73218788223954
135.07832272264562	265.30314453777686	135.07832272264562	258.1612312267022	159.65793280741087	258.1612312267022	159.65793280741087	265.30314453777686
137.29792005309878	265.49255538089415	137.29792005309878	247.11434063677325	160.2039837245306	247.11434063677325	160.2039837245306	265.49255538089415
140.40721783782195	259.5435195163212	140.40721783782195	246.07037974683956	157.09468593980742	246.07037974683956	157.09468593980742	259.5435195163212
132.34695283259214	260.6448442837124	132.34695283259214	244.94068041020827	143.1709214599801	244.94068041020827	143.1709214599801	260.6448442837124
R44	69.12958244630035	209.32131829074575	83.55533930842064	5
69.12958244630035	209.32131829074575	69.12958244630035	193.6109879170511	83.17388247722342	193.6109879170511	83.17388247722342	209.32131829074575	69.12958244630035	209.32131829074575
71.43886536845096	221.0242374839769	71.43886536845096	197.61839909751467	84.94132005231253	197.61839909751467	84.94132005231253	221.0242374839769
63.98258166563943	200.77056168250695	63.98258166563943	194.4681716536097	74.27658322696126	194.4681716536097	74.27658322696126	200.77056168250695
60.34075552406303	206.66740100221983	60.34075552406303	195.12760723236414	77.91840936853767	195.12760723236414	77.91840936853767	206.66740100221983
67.19910201298103	198.95014033282337	67.19910201298103	188.27183550127882	90.36434226407403	188.27183550127882	90.36434226407403	198.95014033282337
R43	411.74092241270705	24.12560653339349	34.6224083919099	5
411.74092241270705	24.12560653339349	411.74092241270705	15.29134356686576	433.26074819871076	15.29134356686576	433.26074819871076	24.12560653339349	411.74092241270705	24.12560653339349
429.062347915916	34.78928641241237	429.062347915916	10.459862589407562	437.4591484815055	10.459862589407562	437.4591484815055	34.78928641241237
408.52754356678986	28.548431967321235	408.52754356678986	19.702781099465746	421.4177830616669	19.702781099465746	421.4177830616669	28.548431967321235
403.4352339419092	31.684367547235595	403.4352339419092	12.293818901908665	420.0466108835049	12.293818901908665	420.0466108835049	31.684367547235595
400.1674379573096	24.08352798492345	400.1674379573096	18.666321407189372	423.3144068681045	18.666321407189372	423.3144068681045	24.08352798492345
R42	252.48701412461972	54.86516796961151	122.99465521964152	5
252.48701412461972	54.86516796961151	252.48701412461972	46.20908891775209	266.31301962689724	46.20908891775209	266.31301962689724	54.86516796961151	252.48701412461972	54.86516796961151
256.2845758398017	58.02232716492705	256.2845758398017	51.708008774295976	269.26553315551354	51.708008774295976	269.26553315551354	58.02232716492705
251.09350541421074	58.19796066118819	251.09350541421074	51.532375278034834	266.1749337038788	51.532375278034834	266.1749337038788	58.19796066118819
255.85178920094026	57.6374793758307	255.85178920094026	52.092856563392324	271.18645210061044	52.092856563392324	271.18645210061044	57.6374793758307
243.4444287965138	61.65588207575435	243.4444287965138	43.06959754903484	261.5295994527257	43.06959754903484	261.5295994527257	61.65588207575435
R41	56.117504758575535	161.1523713604889	51.90315681111798	5
56.117504758575535	161.1523713604889	56.117504758575535	150.5893927729572	77.22908840028379	150.5893927729572	77.22908840028379	161.1523713604889	56.117504758575535	161.1523713604889
63.96007681028832	164.8478021091758	63.96007681028832	157.45694061180205	72.18345167511073	157.45694061180205	72.18345167511073	164.8478021091758
54.17450999547884	158.59984561946112	54.17450999547884	142.57893992645336	76.60156142689874	142.57893992645336	76.60156142689874	158.59984561946112
49.30905095522819	171.06287768736598	49.30905095522819	150.76318921714818	62.9259585619229	150.76318921714818	62.9259585619229	171.06287768736598
45.46757716435235	170.34091950626265	45.46757716435235	150.8434442427033	66.76743235279872	150.8434442427033	66.76743235279872	170.34091950626265
R40	389.8522660793851	159.4912459157546	113.66992746394516	5
389.8522660793851	159.4912459157546	389.8522660793851	140.71515659898378	407.18201010987764	140.71515659898378	407.18201010987764	159.4912459157546	389.8522660793851	159.4912459157546
388.8489628950918	167.56348240906112	388.8489628950918	151.41900942244808	408.99983629974696	151.41900942244808	408.99983629974696	167.56348240906112
395.5560932554366	156.19961198031908	395.5560932554366	143.6629045516294	418.80792696431865	143.6629045516294	418.80792696431865	156.19961198031908
394.8049977821352	147.6479687237402	394.8049977821352	142.02290701837703	419.55902243762006	142.02290701837703	419.55902243762006	147.6479687237402
378.5307749550626	147.38872618653687	378.5307749550626	142.28181261188178	401.1737572037076	142.28181261188178	401.1737572037076	147.38872618653687
R39	345.2224563921184	124.39413004780509	62.43523718481841	5
345.2224563921184	124.39413004780509	345.2224563921184	103.52645023584462	362.7268036584627	103.52645023584462	362.7268036584627	124.39413004780509	345.2224563921184	124.39413004780509
342.60495831268923	117.3529756462611	342.60495831268923	111.0078038131923	347.8399544715475	111.0078038131923	347.8399544715475	117.3529756462611
358.0620406974115	111.0503768290039	358.0620406974115	96.00252364268535	365.25331298147955	96.00252364268535	365.25331298147955	111.0503768290039
348.37017377247525	115.78045829241118	348.37017377247525	91.27244217927806	360.26989419251584	91.27244217927806	360.26989419251584	115.78045829241118
340.3576867764637	128.7657585147167	340.3576867764637	107.9250160301524	350.08722600777304	107.9250160301524	350.08722600777304	128.7657585147167
R38	92.13826290243976	339.61553329705634	122.35599057968354	5
92.13826290243976	339.61553329705634	92.13826290243976	331.00903920940095	100.33755333320416	331.00903920940095	100.33755333320416	339.61553329705634	92.13826290243976	339.61553329705634
86.66574142513923	334.6491466823295	86.66574142513923	327.3689317364724	110.02222598633932	327.3689317364724	110.02222598633932	334.6491466823295
94.99240622261406	348.82715071813163	94.99240622261406	329.3066682714775	105.68270044379425	329.3066682714775	105.68270044379425	348.82715071813163
92.42510660427067	348.36381644924046	92.42510660427067	328.61059755838033	108.25000006213767	328.61059755838033	108.25000006213767	348.36381644924046
87.20238998558443	339.00029589619527	87.20238998558443	323.75125583976586	97.0741358192951	323.75125583976586	97.0741358192951	339.00029589619527
R37	160.18310357557633	134.50308558831534	142.3304461605932	5
160.18310357557633	134.50308558831534	160.18310357557633	119.37186871577134	181.3740949170456	119.37186871577134	181.3740949170456	134.50308558831534	160.18310357557633	134.50308558831534
177.20015304763572	143.41415403676868	177.20015304763572	123.62428737833389	185.54803678645547	123.62428737833389	185.54803678645547	143.41415403676868
150.45558356198543	128.09665559365746	150.45558356198543	115.04501076001561	169.91062358916722	115.04501076001561	169.91062358916722	128.09665559365746
166.85885766702074	125.48951721761135	166.85885766702074	113.25422021393133	190.8640175443993	113.25422021393133	190.8640175443993	125.48951721761135
170.01590331293988	138.25352283692743	170.01590331293988	119.76564572480166	192.7322865211513	119.76564572480166	192.7322865211513	138.25352283692743
R36	362.1344922672989	280.46578742631414	93.51542411528352	5
362.1344922672989	280.46578742631414	362.1344922672989	262.0137302539189	382.47849184745314	262.0137302539189	382.47849184745314	280.46578742631414	362.1344922672989	280.46578742631414
373.4978182781385	266.0168748637582	373.4978182781385	258.0105856440796	379.61208510476985	258.0105856440796	379.61208510476985	266.0168748637582
373.54960755512303	289.275937768568	373.54960755512303	271.3288803117991	391.40737613978325	271.3288803117991	391.40737613978325	289.275937768568
376.96024152391703	273.03501009026695	376.96024152391703	264.4304857574988	387.99674217098925	264.4304857574988	387.99674217098925	273.03501009026695
358.39015384485697	269.3284790921642	358.39015384485697	254.69898141567361	371.9754016113618	254.69898141567361	371.9754016113618	269.3284790921642
R35	404.71134785632955	352.55939927830474	65.32568217280061	5
404.71134785632955	352.55939927830474	404.71134785632955	331.2789373823958	416.40108110883784	331.2789373823958	416.40108110883784	352.55939927830474	404.71134785632955	352.55939927830474
399.54530201986154	354.6448134183113	399.54530201986154	337.8492551089007	409.87739369279757	337.8492551089007	409.87739369279757	354.6448134183113
408.75363527252944	348.55757068183055	408.75363527252944	332.68058032128425	424.04852694514625	332.68058032128425	424.04852694514625	348.55757068183055
402.43323282102574	356.7822167890495	402.43323282102574	348.33658176755995	422.8122712670886	348.33658176755995	422.8122712670886	356.7822167890495
395.9519822188793	346.2269269960931	395.9519822188793	328.4263026152877	413.4707134937798	328.4263026152877	413.4707134937798	346.2269269960931
R34	121.54801433247775	161.18895591310343	64.00664525168558	5
121.54801433247775	161.18895591310343	121.54801433247775	144.0020024791117	128.25635089557596	144.0020024791117	128.25635089557596	161.18895591310343	121.54801433247775	161.18895591310343
125.39326404858731	163.66782089596842	125.39326404858731	138.76501508242353	131.11943774256463	138.76501508242353	131.11943774256463	163.66782089596842
111.79894983973955	171.81766136991993	111.79894983973955	149.70738531211853	131.29707882521592	149.70738531211853	131.29707882521592	171.81766136991993
119.54188356145174	161.51859341527236	119.54188356145174	140.62883024679795	136.9708182297002	140.62883024679795	136.9708182297002	161.51859341527236
109.5367528728185	167.26060032217538	109.5367528728185	145.11171104960573	133.559275792137	145.11171104960573	133.559275792137	167.26060032217538
R33	493.39469269969385	88.92861006601177	9.26828608334242	5
493.39469269969385	88.92861006601177	493.39469269969385	75.84151991663418	502.2083605905711	75.84151991663418	502.2083605905711	88.92861006601177	493.39469269969385	88.92861006601177
497.7459645836834	98.93147735648786	497.7459645836834	75.13099032885115	506.67075659745876	75.13099032885115	506.67075659745876	98.93147735648786
492.95463771418764	85.75474022342667	492.95463771418764	65.9282996098417	499.7534304542127	65.9282996098417	499.7534304542127	85.75474022342667
490.2491526066526	99.00827419037506	490.2491526066526	78.32876964409357	514.1675685744897	78.32876964409357	514.1675685744897	99.00827419037506
495.9496404188011	93.98751904981175	495.9496404188011	78.35013006133128	508.4670807623412	78.35013006133128	508.4670807623412	93.98751904981175
R32	210.54450992509257	37.45855754879735	96.91194833739755	5
210.54450992509257	37.45855754879735	210.54450992509257	19.40300434493591	223.5859174125617	19.40300434493591	223.5859174125617	37.45855754879735	210.54450992509257	37.45855754879735
202.09805211148986	26.254084245175832	202.09805211148986	14.01431359547346	218.99096773869528	14.01431359547346	218.99096773869528	26.254084245175832
213.91332146931288	39.82712154462232	213.91332146931288	15.321156771268315	233.25851335581055	15.321156771268315	233.25851335581055	39.82712154462232
209.9713165140413	44.302110776360834	209.9713165140413	30.615004321233872	233.61523896266135	30.615004321233872	233.61523896266135	44.302110776360834
218.59053805021307	23.23668730981102	218.59053805021307	15.569321380060796	227.08292100540166	15.569321380060796	227.08292100540166	23.23668730981102
R31	32.48720042153512	239.61911480876694	49.97680773611604	5
32.48720042153512	239.61911480876694	32.48720042153512	231.15075463858818	41.427496991681764	231.15075463858818	41.427496991681764	239.61911480876694	32.48720042153512	239.61911480876694
34.6936114058437	239.40328272942506	34.6936114058437	222.8982265477513	47.63716680361854	222.8982265477513	47.63716680361854	239.40328272942506
22.850616424657687	242.96510312408788	22.850616424657687	234.56643678034243	42.123784418412555	234.56643678034243	42.123784418412555	242.96510312408788
27.808261596745712	242.09364518474695	27.808261596745712	220.20786409242942	37.33064401112062	220.20786409242942	37.33064401112062	242.09364518474695
36.24729137931432	247.62702015181418	36.24729137931432	227.09800635118302	46.60770260404921	227.09800635118302	46.60770260404921	247.62702015181418
R30	179.78923235120118	261.5821512201963	55.20874538032341	5
179.78923235120118	261.5821512201963	179.78923235120118	242.10895100707023	196.45572540855454	242.10895100707023	196.45572540855454	261.5821512201963	179.78923235120118	261.5821512201963
185.91543698935047	245.29475881219088	185.91543698935047	238.92314320194959	206.24267992252922	238.92314320194959	206.24267992252922	245.29475881219088
186.1160281426816	249.6440562728017	186.1160281426816	234.57384574133877	195.94577739117688	234.57384574133877	195.94577739117688	249.6440562728017
174.0433173640041	270.4692226624077	174.0433173640041	252.69507977798492	196.01892910725064	252.69507977798492	196.01892910725064	270.4692226624077
187.94675023935622	259.15536732961203	187.94675023935622	244.47495877638212	204.96470057775286	244.47495877638212	204.96470057775286	259.15536732961203
R29	83.20059027213406	270.1395102101023	86.33239560462685	5
83.20059027213406	270.1395102101023	83.20059027213406	257.3516135587277	89.48165075919329	257.3516135587277	89.48165075919329	270.1395102101023	83.20059027213406	270.1395102101023
77.19281113653149	265.73479361479997	77.19281113653149	248.96843350265544	90.59244315382996	248.96843350265544	90.59244315382996	265.73479361479997
82.75668343997285	270.76480583947125	82.75668343997285	256.73806400669343	96.20661807841373	256.73806400669343	96.20661807841373	270.76480583947125
85.16023189064568	277.5034860568788	85.16023189064568	259.2497131454474	93.8030696277409	259.2497131454474	93.8030696277409	277.5034860568788
84.7992332784438	279.06679190885563	84.7992332784438	261.21222851134894	90.9063534205278	261.21222851134894	90.9063534205278	279.06679190885563
R28	84.98809812221877	60.10876440375747	120.19999443723673	5
84.98809812221877	60.10876440375747	84.98809812221877	49.28177003697741	95.2386743820873	49.28177003697741	95.2386743820873	60.10876440375747	84.98809812221877	60.10876440375747
85.97984953129975	51.847635854426294	85.97984953129975	46.71590421952855	102.34707615325536	46.71590421952855	102.34707615325536	51.847635854426294
77.6832223078707	51.9905921265609	77.6832223078707	46.572947947393914	94.46982243172923	46.572947947393914	94.46982243172923	51.9905921265609
86.10610198794643	53.26172427984711	86.10610198794643	45.30181579410772	101.52745286102538	45.30181579410772	101.52745286102538	53.26172427984711
80.9613621418456	64.10606945957456	80.9613621418456	56.1114593479404	93.94255038899303	56.1114593479404	93.94255038899303	64.10606945957456
R27	47.49522911993064	346.8560692770937	78.69439305482132	5
47.49522911993064	346.8560692770937	47.49522911993064	339.69959885503334	66.64609831058988	339.69959885503334	66.64609831058988	346.8560692770937	47.49522911993064	346.8560692770937
53.87435633889595	354.10242858104067	53.87435633889595	339.6097099731467	73.48558990016713	339.6097099731467	73.48558990016713	354.10242858104067
43.11911083085118	352.1078109168733	43.11911083085118	327.2913867931934	55.812642843674375	327.2913867931934	55.812642843674375	352.1078109168733
49.82432241494045	350.722225339327	49.82432241494045	328.6769723707397	68.65959718665499	328.6769723707397	68.65959718665499	350.722225339327
46.43765418586137	349.7081512128152	46.43765418586137	329.6910464972515	66.81080391105564	329.6910464972515	66.81080391105564	349.7081512128152
R26	443.92863451842777	258.93626321001983	30.186175097820346	5
443.92863451842777	258.93626321001983	443.92863451842777	235.65969010777178	454.5025114994496	235.65969010777178	454.5025114994496	258.93626321001983	443.92863451842777	258.93626321001983
442.7077418286521	247.3981878448338	442.7077418286521	235.17118922972762	466.2972811702471	235.17118922972762	466.2972811702471	247.3981878448338
449.92172048605266	260.9484219360636	449.92172048605266	242.86870173878268	459.08330251284656	242.86870173878268	459.08330251284656	260.9484219360636
449.6362761876076	251.3418329614175	449.6362761876076	232.92491357741332	459.3687468112916	232.92491357741332	459.3687468112916	251.3418329614175
440.1353473285752	262.13799144237964	440.1353473285752	255.73453497766005	448.90277848537585	255.73453497766005	448.90277848537585	262.13799144237964
R25	226.37108417456125	135.8501240121462	60.71474825057614	5
226.37108417456125	135.8501240121462	226.37108417456125	114.11734312589053	247.60871836688318	114.11734312589053	247.60871836688318	135.8501240121462	226.37108417456125	135.8501240121462
237.42117234913508	121.38644542695079	237.42117234913508	106.84824082483027	257.7379857913142	106.84824082483027	257.7379857913142	121.38644542695079
223.8731139983554	143.99234211214122	223.8731139983554	127.70790591215119	239.08106714456562	127.70790591215119	239.08106714456562	143.99234211214122
230.13406396203047	118.83058742976964	230.13406396203047	109.40409882201142	248.44362230503432	109.40409882201142	248.44362230503432	118.83058742976964
217.63372383793836	127.59379545871995	217.63372383793836	105.97430888740168	235.10844451118413	105.97430888740168	235.10844451118413	127.59379545871995
R24	346.0210584689702	45.91881328785934	98.87401371711456	5
346.0210584689702	45.91881328785934	346.0210584689702	40.36392135948127	358.32043950260254	40.36392135948127	358.32043950260254	45.91881328785934	346.0210584689702	45.91881328785934
340.8562476587486	49.23497171419632	340.8562476587486	42.60265486152235	363.2789834501703	42.60265486152235	363.2789834501703	49.23497171419632
346.43723378297204	56.290313171823954	346.43723378297204	35.54731340389472	360.15583556495517	35.54731340389472	360.15583556495517	56.290313171823954
349.2836365068328	51.87052278144648	349.2836365068328	28.857319937516056	359.74870332135384	28.857319937516056	359.74870332135384	51.87052278144648
350.249970675657	56.10036662262777	350.249970675657	35.737259953090906	356.65988974954314	35.737259953090906	356.65988974954314	56.10036662262777
R23	430.658835487596	129.27553032193683	115.41915930921992	5
430.658835487596	129.27553032193683	430.658835487596	115.2512950638901	448.5306351576528	115.2512950638901	448.5306351576528	129.27553032193683	430.658835487596	129.27553032193683
426.9688683969854	133.57411957169876	426.9688683969854	124.97694107217488	436.75721758072405	124.97694107217488	436.75721758072405	133.57411957169876
435.47424495113336	133.32390365359032	435.47424495113336	125.22715699028328	446.71802074453484	125.22715699028328	446.71802074453484	133.32390365359032
430.155285730754	126.90143234917285	430.155285730754	103.60115777860734	435.6359943471302	103.60115777860734	435.6359943471302	126.90143234917285
444.2440240071678	125.45886761175335	444.2440240071678	105.81874328565515	452.8172463081378	105.81874328565515	452.8172463081378	125.45886761175335
R22	154.33923625980418	20.974313571378055	49.847266985828284	5
154.33923625980418	20.974313571378055	154.33923625980418	-3.794692957679011	161.08160909584268	-3.794692957679011	161.08160909584268	20.974313571378055	154.33923625980418	20.974313571378055
149.2013411498398	9.496229599864492	149.2013411498398	-7.488909291120251	172.96187704184555	-7.488909291120251	172.96187704184555	9.496229599864492
147.86873292103868	23.718028294497124	147.86873292103868	18.230598848258985	162.61539996483228	18.230598848258985	162.61539996483228	23.718028294497124
151.8238468746048	8.827526380866054	151.8238468746048	-11.816801709869544	156.85462564500355	-11.816801709869544	156.85462564500355	8.827526380866054
142.72207406278153	11.197150735435704	142.72207406278153	-3.471024413802848	165.95639845682683	-3.471024413802848	165.95639845682683	11.197150735435704
R21	274.3108120607808	229.21606985719143	22.11101706703353	5
274.3108120607808	229.21606985719143	274.3108120607808	217.02833781363285	281.60668411600454	217.02833781363285	281.60668411600454	229.21606985719143	274.3108120607808	229.21606985719143
267.739970838137	223.07774686743815	267.739970838137	210.97892875982754	286.68459303899834	210.97892875982754	286.68459303899834	223.07774686743815
274.76627657592184	219.9317635993723	274.76627657592184	214.1249120278934	280.07147190817744	214.1249120278934	280.07147190817744	219.9317635993723
269.84684379116555	237.78884823823694	269.84684379116555	216.65088632113708	293.36652444084353	216.65088632113708	293.36652444084353	237.78884823823694
264.4328248769732	226.33272655000485	264.4328248769732	207.72394907726078	284.2525701222701	207.72394907726078	284.2525701222701	226.33272655000485
R20	330.1617209139623	143.69177157698812	79.84390360740066	5
330.1617209139623	143.69177157698812	330.1617209139623	131.49091812577228	335.8016863970636	131.49091812577228	335.8016863970636	143.69177157698812	330.1617209139623	143.69177157698812
323.8459300749729	141.98091809106813	323.8459300749729	121.00091816047643	346.42103452834226	121.00091816047643	346.42103452834226	141.98091809106813
326.4182281971243	145.09973696228226	326.4182281971243	132.0751119893546	345.1851445970029	132.0751119893546	345.1851445970029	145.09973696228226
325.2879342980338	141.07602390828728	325.2879342980338	135.51058640489813	335.0355075298908	135.51058640489813	335.0355075298908	141.07602390828728
318.91007747340996	150.97620063779203	318.91007747340996	134.8486875954688	341.41336435451456	134.8486875954688	341.41336435451456	150.97620063779203
R19	60.19205435337939	339.0428521132332	96.04399223360691	5
60.19205435337939	339.0428521132332	60.19205435337939	315.7124107940545	67.12600821945922	315.7124107940545	67.12600821945922	339.0428521132332	60.19205435337939	339.0428521132332
54.459803738177136	336.517801785815	54.459803738177136	330.4161525472632	65.92430496858164	330.4161525472632	65.92430496858164	336.517801785815
48.51352772067173	327.62269525710775	48.51352772067173	320.0286395018575	71.87058098608705	320.0286395018575	71.87058098608705	327.62269525710775
55.23998070450833	333.3111389578628	55.23998070450833	325.499647168244	65.14412800225045	325.499647168244	65.14412800225045	333.3111389578628
62.02637562037762	349.43401889088494	62.02637562037762	328.6516853355815	67.52598629060589	328.6516853355815	67.52598629060589	349.43401889088494
R18	410.01279065214516	58.43875525521194	39.76443153784954	5
410.01279065214516	58.43875525521194	410.01279065214516	44.33072408984882	419.9334230339753	44.33072408984882	419.9334230339753	58.43875525521194	410.01279065214516	58.43875525521194
411.6682566810559	59.53759232722274	411.6682566810559	49.77454162372034	428.19858938689475	49.77454162372034	428.19858938689475	59.53759232722274
407.8135963221828	67.51069059943588	407.8135963221828	45.5745396103513	432.05324974576774	45.5745396103513	432.05324974576774	67.51069059943588
408.9881612481344	61.22065137314188	408.9881612481344	38.49737349077627	430.8786848198162	38.49737349077627	430.8786848198162	61.22065137314188
405.4823191230382	47.592396186476925	405.4823191230382	41.352406858114854	414.5432621812521	41.352406858114854	414.5432621812521	47.592396186476925
R17	318.3713136458447	112.27176343193527	120.88259171888248	5
318.3713136458447	112.27176343193527	318.3713136458447	105.46117775160333	343.032587089352	105.46117775160333	343.032587089352	112.27176343193527	318.3713136458447	112.27176343193527
310.784719945349	124.36580266778977	310.784719945349	100.17772419608077	335.6849416094508	100.17772419608077	335.6849416094508	124.36580266778977
324.5162254428102	120.27264038763182	324.5162254428102	104.27088647623874	329.548096603767	104.27088647623874	329.548096603767	120.27264038763182
318.6058029632207	112.17389073785071	318.6058029632207	98.74846476535595	329.5750815783883	98.74846476535595	329.5750815783883	112.17389073785071
323.80341159079217	122.93205742738833	323.80341159079217	101.61146943648221	329.9803144152654	101.61146943648221	329.9803144152654	122.93205742738833
R16	85.2034367266182	326.9688471894146	61.78390084143546	5
85.2034367266182	326.9688471894146	85.2034367266182	319.44426509471947	108.67717628417999	319.44426509471947	108.67717628417999	326.9688471894146	85.2034367266182	326.9688471894146
98.09854517068048	328.1075580705299	98.09854517068048	310.78097211890906	107.69366626817585	310.78097211890906	107.69366626817585	328.1075580705299
83.08875848169265	330.9001664015098	83.08875848169265	307.98836378792913	99.36013332209507	307.98836378792913	99.36013332209507	330.9001664015098
76.83214039551567	330.5965481037007	76.83214039551567	322.50831511970387	93.57473305772072	322.50831511970387	93.57473305772072	330.5965481037007
86.64710203885969	328.87940095982356	86.64710203885969	310.0091292296154	96.62455979851325	310.0091292296154	96.62455979851325	328.87940095982356
R15	476.9120672359734	408.9208812467149	135.93706524897615	5
476.9120672359734	408.9208812467149	476.9120672359734	396.38265878986	491.98578378535956	396.38265878986	491.98578378535956	408.9208812467149	476.9120672359734	408.9208812467149
482.9910570936397	421.1003430499551	482.9910570936397	396.74141944347457	499.7817241358016	396.74141944347457	499.7817241358016	421.1003430499551
477.60350317494317	403.72051512206605	477.60350317494317	389.04480245765393	498.440382776093	389.04480245765393	498.440382776093	403.72051512206605
481.2565211814061	405.735281907473	481.2565211814061	389.5863052748731	502.71504638931304	389.5863052748731	502.71504638931304	405.735281907473
473.6973589103565	400.61367181601355	473.6973589103565	392.1516457637064	485.5363593918526	392.1516457637064	485.5363593918526	400.61367181601355
R14	433.8723694717803	438.5289656899145	96.52314556125772	5
433.8723694717803	438.5289656899145	433.8723694717803	417.4671927593428	445.79144452619084	417.4671927593428	445.79144452619084	438.5289656899145	433.8723694717803	438.5289656899145
425.7028018354673	424.91898222942297	425.7028018354673	410.0154032892628	446.35945923322697	410.0154032892628	446.35945923322697	424.91898222942297
441.2682105891951	426.4611364558527	441.2682105891951	408.47324906283296	447.5900141264852	408.47324906283296	447.5900141264852	426.4611364558527
440.9687378097284	424.98926804880773	440.9687378097284	411.0029154957567	450.6141512426533	411.0029154957567	450.6141512426533	424.98926804880773
426.80867853253557	428.9294969027217	426.80867853253557	406.0048886159639	447.0022339916588	406.0048886159639	447.0022339916588	428.9294969027217
R13	65.16353605650019	229.36789648591358	79.48977936216758	5
65.16353605650019	229.36789648591358	65.16353605650019	205.09187286722388	85.92089290388057	205.09187286722388	85.92089290388057	229.36789648591358	65.16353605650019	229.36789648591358
57.27621029877845	209.14496138574933	57.27621029877845	203.21701689807279	73.05086181422193	203.21701689807279	73.05086181422193	209.14496138574933
57.983010665499094	225.30929091659632	57.983010665499094	215.20694059802517	72.34406144750129	215.20694059802517	72.34406144750129	225.30929091659632
62.51376142900926	210.1158922754262	62.51376142900926	200.06785345902156	71.58815861802107	200.06785345902156	71.58815861802107	210.1158922754262
80.90033957091521	212.39084019572127	80.90033957091521	203.69123676090092	90.94144623684593	203.69123676090092	90.94144623684593	212.39084019572127
R12	205.52707639703573	327.4669047488986	86.85255599688887	5
205.52707639703573	327.4669047488986	205.52707639703573	306.75802793826165	211.90345868156402	306.75802793826165	211.90345868156402	327.4669047488986	205.52707639703573	327.4669047488986
198.85328350505014	332.64800949342356	198.85328350505014	322.2858000043737	215.9869846390209	322.2858000043737	215.9869846390209	332.64800949342356
203.44799919941417	322.69866602680605	203.44799919941417	297.9131607867782	220.35891816371387	297.9131607867782	220.35891816371387	322.69866602680605
195.3943430265386	337.18259710293523	195.3943430265386	317.751212394862	218.44441223114637	317.751212394862	218.44441223114637	337.18259710293523
199.19070322987628	311.77133184232423	199.19070322987628	301.74472403419907	212.35575520043673	301.74472403419907	212.35575520043673	311.77133184232423
R11	189.55171052558293	375.70752401799535	50.44318408099587	5
189.55171052558293	375.70752401799535	189.55171052558293	367.76746617574855	208.10969906997425	367.76746617574855	208.10969906997425	375.70752401799535	189.55171052558293	375.70752401799535
180.6996105266081	373.9279615566949	180.6996105266081	362.5115861611791	198.40381052455777	362.5115861611791	198.40381052455777	373.9279615566949
199.6235043173556	376.9409757100535	199.6235043173556	358.5939566414436	209.1056349086194	358.5939566414436	209.1056349086194	376.9409757100535
177.5370868349787	381.855456150269	177.5370868349787	363.9382337247325	201.56633421618716	363.9382337247325	201.56633421618716	381.855456150269
180.02631936118144	378.3431437039868	180.02631936118144	361.3866144220441	199.07710168998443	361.3866144220441	199.07710168998443	378.3431437039868
R10	328.08479523128966	128.33868128607085	97.12513580365173	5
328.08479523128966	128.33868128607085	328.08479523128966	107.70472750276303	340.31968361676473	107.70472750276303	340.31968361676473	128.33868128607085	328.08479523128966	128.33868128607085
332.44552602772916	114.00492652241981	332.44552602772916	101.40452848310626	346.0353893618272	101.40452848310626	346.0353893618272	114.00492652241981
334.656688768331	124.94396573301542	334.656688768331	119.19513460475669	345.9826784651985	119.19513460475669	345.9826784651985	124.94396573301542
323.0363937726611	131.0670851886633	323.0363937726611	125.61027738347839	341.6042705527668	125.61027738347839	341.6042705527668	131.0670851886633
319.8311022685689	125.72456566231698	319.8311022685689	118.53154317083202	336.33848819401044	118.53154317083202	336.33848819401044	125.72456566231698
R9	11.870342161870012	270.60895195152256	11.410018887455822	5
11.870342161870012	270.60895195152256	11.870342161870012	245.7083798962961	22.720998884202515	245.7083798962961	22.720998884202515	270.60895195152256	11.870342161870012	270.60895195152256
8.491427517921057	254.554613435607	8.491427517921057	241.1071586076871	15.249256805818966	241.1071586076871	15.249256805818966	254.554613435607
0.5835088675643068	275.2074386936068	0.5835088675643068	258.4151526007316	23.157175456175715	258.4151526007316	23.157175456175715	275.2074386936068
13.53706847018832	275.1648928928518	13.53706847018832	266.0530110101933	27.13312008393589	266.0530110101933	27.13312008393589	275.1648928928518
19.724761070747455	266.12449566337455	19.724761070747455	254.3624523383537	25.717236697657576	254.3624523383537	25.717236697657576	266.12449566337455
R8	487.41355256980603	468.5159963509304	129.53031388002086	5
487.41355256980603	468.5159963509304	487.41355256980603	449.53136440811755	510.3363917784112	449.53136440811755	510.3363917784112	468.5159963509304	487.41355256980603	468.5159963509304
496.1991060216485	460.001531920908	496.1991060216485	439.0611968953271	511.54599355770165	439.0611968953271	511.54599355770165	460.001531920908
483.24925102361635	461.76631711335324	483.24925102361635	439.38292252970405	491.5778541159957	439.38292252970405	491.5778541159957	461.76631711335324
493.1865479888665	476.2399269430789	493.1865479888665	460.79206575878175	507.2077143202908	460.79206575878175	507.2077143202908	476.2399269430789
504.0163182552447	470.61970677971715	504.0163182552447	456.1101779564358	516.6564653015778	456.1101779564358	516.6564653015778	470.61970677971715
R7	400.0719662312361	233.67322548178151	47.04198202929477	5
400.0719662312361	233.67322548178151	400.0719662312361	223.3904530218814	421.8811551677383	223.3904530218814	421.8811551677383	233.67322548178151	400.0719662312361	233.67322548178151
411.1042397910323	230.99137128391	411.1042397910323	224.3504138404348	432.65807054444434	224.3504138404348	432.65807054444434	230.99137128391
412.025133263267	243.53765596522612	412.025133263267	222.66144064822356	431.73717707220965	222.66144064822356	431.73717707220965	243.53765596522612
405.80604439131037	244.86329975881281	405.80604439131037	222.48315120475016	427.4652343791395	222.48315120475016	427.4652343791395	244.86329975881281
416.8851284863038	237.14156639423985	416.8851284863038	221.71436376007463	426.8771818491728	221.71436376007463	426.8771818491728	237.14156639423985
R6	339.37317081884413	428.29360226147037	96.16126250176904	5
339.37317081884413	428.29360226147037	339.37317081884413	409.6047118345923	358.05019775022475	409.6047118345923	358.05019775022475	428.29360226147037	339.37317081884413	428.29360226147037
338.04583125497123	419.36621803922617	338.04583125497123	399.84320562995845	345.14376331857096	399.84320562995845	345.14376331857096	419.36621803922617
342.1210353994685	416.85189354584514	342.1210353994685	402.3575301233395	363.9827322088498	402.3575301233395	363.9827322088498	416.85189354584514
355.30316587748416	426.7378548509294	355.30316587748416	406.26427975517066	360.79722962296535	406.26427975517066	360.79722962296535	426.7378548509294
327.15736469706803	421.682624200898	327.15736469706803	413.8761165390242	351.5889769406202	413.8761165390242	351.5889769406202	421.682624200898
R5	241.5589561702441	115.2906914968925	137.2968470130708	5
241.5589561702441	115.2906914968925	241.5589561702441	99.02308735611156	260.2346827606831	99.02308735611156	260.2346827606831	115.2906914968925	241.5589561702441	115.2906914968925
245.9557406945663	111.27695084259682	245.9557406945663	86.7692238696263	252.21928961496113	86.7692238696263	252.21928961496113	111.27695084259682
232.11720017149258	108.60818711662138	232.11720017149258	102.77754054672492	251.00071216899562	102.77754054672492	251.00071216899562	108.60818711662138
234.9263422109891	113.71392395615526	234.9263422109891	100.01896339159545	248.1915701294991	100.01896339159545	248.1915701294991	113.71392395615526
239.03158892025752	108.63341680957583	239.03158892025752	89.41275790264726	249.3529223139969	89.41275790264726	249.3529223139969	108.63341680957583
R4	324.3562738364443	108.49680366706237	126.24682497642935	5
324.3562738364443	108.49680366706237	324.3562738364443	95.24096535047023	334.6685978391197	95.24096535047023	334.6685978391197	108.49680366706237	324.3562738364443	108.49680366706237
330.7922318547891	103.59234373865951	330.7922318547891	86.88958696228096	337.31308184737253	86.88958696228096	337.31308184737253	103.59234373865951
321.4779783377732	112.0679800600373	321.4779783377732	87.6431578603591	327.2345693351154	87.6431578603591	327.2345693351154	112.0679800600373
317.1646388043744	102.47340426628313	317.1646388043744	92.85459998849271	331.5479088685142	92.85459998849271	331.5479088685142	102.47340426628313
321.43463726461414	103.55634084286342	321.43463726461414	97.22151406398976	327.27791040827447	97.22151406398976	327.27791040827447	103.55634084286342
R3	288.9744837225095	337.9984327158546	127.8189995205555	5
288.9744837225095	337.9984327158546	288.9744837225095	317.60589690265886	307.00473861767614	317.60589690265886	307.00473861767614	337.9984327158546	288.9744837225095	337.9984327158546
297.03804359438726	348.670534636366	297.03804359438726	327.3263307953432	303.7627096897584	327.3263307953432	303.7627096897584	348.670534636366
280.37887443153	336.5726465750306	280.37887443153	323.15316580035096	297.570093013489	323.15316580035096	297.570093013489	336.5726465750306
284.5097267296098	342.54148114545507	284.5097267296098	333.4553842862542	308.6834254708436	333.4553842862542	308.6834254708436	342.54148114545507
281.40948469821353	324.37811735160074	281.40948469821353	310.833676453717	300.952099130158	310.833676453717	300.952099130158	324.37811735160074
R2	144.32934878784386	345.5888056881746	45.44169140366935	5
144.32934878784386	345.5888056881746	144.32934878784386	328.012308799141	152.320561480084	328.012308799141	152.320561480084	345.5888056881746	144.32934878784386	345.5888056881746
140.87482584116873	338.6969759617473	140.87482584116873	329.2552188163512	163.76629711899926	329.2552188163512	163.76629711899926	338.6969759617473
132.60933895441752	334.91668220873447	132.60933895441752	328.622626709122	156.0493586212702	328.622626709122	156.0493586212702	334.91668220873447
134.68197863109037	348.2469348532584	134.68197863109037	342.9306765230908	154.13082320611636	342.9306765230908	154.13082320611636	348.2469348532584
135.5421642594038	347.73550552694525	135.5421642594038	342.2938838400973	153.11653331628392	342.2938838400973	153.11653331628392	347.73550552694525
R1	218.493546167543	205.3376630463178	135.4094366118235	5
218.493546167543	205.3376630463178	218.493546167543	186.48532525448996	235.5536826467669	186.48532525448996	235.5536826467669	205.3376630463178	218.493546167543	205.3376630463178
222.31228871919927	196.04880526187276	222.31228871919927	176.92184524710717	233.86677011959443	176.92184524710717	233.86677011959443	196.04880526187276
224.02256223431272	200.38944342006275	224.02256223431272	176.7124868485877	247.08480305922103	176.7124868485877	247.08480305922103	200.38944342006275
227.0541742486361	197.72142734796313	227.0541742486361	175.2492231610168	242.46205736324654	175.2492231610168	242.46205736324654	197.72142734796313
218.87777494953966	198.04019297078585	218.87777494953966	174.93045753819408	240.5309835524453	174.93045753819408	240.5309835524453	198.04019297078585
