R100	423.2461735432427	448.74554138514833	74.9685041684952	5
423.2461735432427	448.74554138514833	423.2461735432427	433.5275904613073	447.42848768518553	433.5275904613073	447.42848768518553	448.74554138514833	423.2461735432427	448.74554138514833
422.57123877761757	443.5268908400044	422.57123877761757	423.52829008261017	447.0937633703746	423.52829008261017	447.0937633703746	443.5268908400044
437.8658625351047	458.62871807445543	437.8658625351047	438.86236469584134	444.93670145910755	438.86236469584134	444.93670145910755	458.62871807445543
417.97445921821935	456.5638055282475	417.97445921821935	440.9272772420492	429.4455313040052	440.9272772420492	429.4455313040052	456.5638055282475
437.00269112888304	450.4241179516053	437.00269112888304	435.9262738354677	457.85428424148813	435.9262738354677	457.85428424148813	450.4241179516053
R99	150.19436836785692	108.20140346573334	62.55947192971046	5
150.19436836785692	108.20140346573334	150.19436836785692	86.585253634237	168.5467031839968	86.585253634237	168.5467031839968	108.20140346573334	150.19436836785692	108.20140346573334
146.9716466001777	105.65681261296953	146.9716466001777	89.44968973564824	153.41709013553614	89.44968973564824	153.41709013553614	105.65681261296953
157.49532303597772	112.96119161440706	157.49532303597772	97.27822472947486	179.5980833320159	97.27822472947486	179.5980833320159	112.96119161440706
147.3219877550321	113.29532890937001	147.3219877550321	103.10747802209666	154.7653941481884	103.10747802209666	154.7653941481884	113.29532890937001
156.66314995144842	90.28961241525835	156.66314995144842	82.88089485321566	170.43982223357693	82.88089485321566	170.43982223357693	90.28961241525835
R98	264.0891687367523	145.29192432278842	73.81346070218827	5
264.0891687367523	145.29192432278842	264.0891687367523	124.87816220865416	288.5930927060448	124.87816220865416	288.5930927060448	145.29192432278842	264.0891687367523	145.29192432278842
278.38623656569774	153.32699126587693	278.38623656569774	137.2568573796999	296.58782476529456	137.2568573796999	296.58782476529456	153.32699126587693
277.86008532833006	131.64841782245009	277.86008532833006	118.10790659485824	290.7808613079954	118.10790659485824	290.7808613079954	131.64841782245009
281.03699923399125	128.01358471415165	281.03699923399125	121.74273970315667	290.282674108511	121.74273970315667	290.282674108511	128.01358471415165
259.8289651998875	135.80212942982772	259.8289651998875	113.95419498748063	283.2496967784064	113.95419498748063	283.2496967784064	135.80212942982772
R97	60.02476768456943	428.305302194473	59.01636365696225	5
60.02476768456943	428.305302194473	60.02476768456943	405.7825689494094	80.1897767262264	405.7825689494094	80.1897767262264	428.305302194473	60.02476768456943	428.305302194473
66.99683166358072	440.48764180794194	66.99683166358072	416.1229625810041	79.72500203296296	416.1229625810041	79.72500203296296	440.48764180794194
69.39215210579862	435.52095093787125	69.39215210579862	421.0896534510748	85.33387061015337	421.0896534510748	85.33387061015337	435.52095093787125
71.05221177487019	431.575223404423	71.05221177487019	415.6510539145935	89.32734167758261	415.6510539145935	89.32734167758261	431.575223404423
56.40644185778603	408.73623595324256	56.40644185778603	402.8289019455762	66.11014084833263	402.8289019455762	66.11014084833263	408.73623595324256
R96	50.3357303289457	84.81068979242389	21.028343495248947	5
50.3357303289457	84.81068979242389	50.3357303289457	67.32255920187416	61.39760915288892	67.32255920187416	61.39760915288892	84.81068979242389	50.3357303289457	84.81068979242389
55.555896179621236	73.1118224285385	55.555896179621236	61.53329597520982	66.5692200096573	61.53329597520982	66.5692200096573	73.1118224285385
43.760838102995365	83.22549977425393	43.760838102995365	76.75095785383908	56.91062255489604	76.75095785383908	56.91062255489604	83.22549977425393
48.30214976680963	91.3029235301205	48.30214976680963	78.31845605472728	71.7928252039448	78.31845605472728	71.7928252039448	91.3029235301205
52.24569122429754	76.41683649073494	52.24569122429754	58.22828191301337	66.12721924646343	58.22828191301337	66.12721924646343	76.41683649073494
R95	210.46160163240643	21.407546493835397	73.13275437812595	5
210.46160163240643	21.407546493835397	210.46160163240643	7.230316340606413	218.1438966529941	7.230316340606413	218.1438966529941	21.407546493835397	210.46160163240643	21.407546493835397
207.6195351739317	24.075823653465868	207.6195351739317	18.739269334204927	220.02386934677338	18.739269334204927	220.02386934677338	24.075823653465868
210.04942501421684	19.52439363131454	210.04942501421684	8.442768262097639	226.23836829177137	8.442768262097639	226.23836829177137	19.52439363131454
208.63588953542515	15.546593052293145	208.63588953542515	10.067035428321384	227.65190377056305	10.067035428321384	227.65190377056305	15.546593052293145
210.28998115847665	10.880674551094796	210.28998115847665	3.5799581301180288	221.86413453184647	3.5799581301180288	221.86413453184647	10.880674551094796
R94	22.038012554920837	288.59234444633097	29.123113930498423	5
22.038012554920837	288.59234444633097	22.038012554920837	270.79561375011525	27.07973762985154	270.79561375011525	27.07973762985154	288.59234444633097	22.038012554920837	288.59234444633097
10.791017423937287	288.1874569645322	10.791017423937287	280.65718470739637	33.28500768590439	280.65718470739637	33.28500768590439	288.1874569645322
18.333778718690795	276.12624791185624	18.333778718690795	266.82677042087687	25.74224639115088	266.82677042087687	25.74224639115088	276.12624791185624
15.544276072526692	289.86253488700635	15.544276072526692	282.38778906949364	38.61519918717639	282.38778906949364	38.61519918717639	289.86253488700635
18.83145355799193	293.9817084780856	18.83145355799193	278.79548007664835	35.32802170171115	278.79548007664835	35.32802170171115	293.9817084780856
R93	38.21432877906513	75.74235999219661	37.149498229438606	5
38.21432877906513	75.74235999219661	38.21432877906513	62.50427293993229	53.867033529024596	62.50427293993229	53.867033529024596	75.74235999219661	38.21432877906513	75.74235999219661
46.86331402301265	66.07950247450343	46.86331402301265	58.92904340536116	55.44837600613323	58.92904340536116	55.44837600613323	66.07950247450343
49.936237293557134	76.86618583187291	49.936237293557134	58.63410045544677	57.79782976449204	58.63410045544677	57.79782976449204	76.86618583187291
37.665472940849895	72.69040530076171	37.665472940849895	52.31814057910287	45.89612607966066	52.31814057910287	45.89612607966066	72.69040530076171
33.4150368749936	69.64163057161565	33.4150368749936	55.366915308248934	58.30806703313138	55.366915308248934	58.30806703313138	69.64163057161565
R92	296.1979690401918	121.21669532576863	57.895382045044485	5
296.1979690401918	121.21669532576863	296.1979690401918	96.46571855167929	301.8952913091703	96.46571855167929	301.8952913091703	121.21669532576863	296.1979690401918	121.21669532576863
292.22950618149883	105.87718470440059	292.22950618149883	87.05425239895798	304.96240851828674	87.05425239895798	304.96240851828674	105.87718470440059
285.0693217886888	123.95037268154894	285.0693217886888	116.41024509146496	307.32661629169485	116.41024509146496	307.32661629169485	123.95037268154894
295.38856491644276	103.84936510361484	295.38856491644276	90.18552794610517	308.4020177018979	90.18552794610517	308.4020177018979	103.84936510361484
290.86077472854714	114.99242992314143	290.86077472854714	106.52735319334906	301.5351633518365	106.52735319334906	301.5351633518365	114.99242992314143
R91	182.0251855629363	172.57448799017206	48.270591803776	5
182.0251855629363	172.57448799017206	182.0251855629363	150.62960559671112	206.42801479455002	150.62960559671112	206.42801479455002	172.57448799017206	182.0251855629363	172.57448799017206
175.84209765633517	162.4545804081855	175.84209765633517	145.40714265876227	188.2082734695374	145.40714265876227	188.2082734695374	162.4545804081855
176.59258357692397	169.20813501972916	176.59258357692397	163.18940332082522	187.4577875489486	163.18940332082522	187.4577875489486	169.20813501972916
169.6270767985808	164.23581010972015	169.6270767985808	149.09944577952814	194.42329432729184	149.09944577952814	194.42329432729184	164.23581010972015
193.32383284129483	176.54232116260152	193.32383284129483	168.6066548177426	214.58237304553919	168.6066548177426	214.58237304553919	176.54232116260152
R90	252.55840115192757	421.91027565437247	56.34523932582541	5
252.55840115192757	421.91027565437247	252.55840115192757	399.79146952698335	269.1787766258568	399.79146952698335	269.1787766258568	421.91027565437247	252.55840115192757	421.91027565437247
244.94221016351088	429.98010940620776	244.94221016351088	413.8404419025372	263.42792038133746	413.8404419025372	263.42792038133746	429.98010940620776
243.37158529635764	415.48410573048665	243.37158529635764	407.23074552445615	261.7452170074975	407.23074552445615	261.7452170074975	415.48410573048665
240.52926845908522	430.49179985763794	240.52926845908522	409.96106109240986	264.58753384476995	409.96106109240986	264.58753384476995	430.49179985763794
240.70787595031967	425.8015743351722	240.70787595031967	418.01897697357276	264.8218828721639	418.01897697357276	264.8218828721639	425.8015743351722
R89	419.71023250230076	481.30658881370204	34.494299954194915	5
419.71023250230076	481.30658881370204	419.71023250230076	462.3874829581775	428.3171020140861	462.3874829581775	428.3171020140861	481.30658881370204	419.71023250230076	481.30658881370204
417.5963647738138	483.19681937642673	417.5963647738138	477.3204197032997	439.03783925435846	477.3204197032997	439.03783925435846	483.19681937642673
414.85986747679345	470.5071513260435	414.85986747679345	459.1533340359168	424.56059752780806	459.1533340359168	424.56059752780806	470.5071513260435
418.3404845136063	478.14839058769155	418.3404845136063	465.4946069958627	438.2937195145659	465.4946069958627	438.2937195145659	478.14839058769155
421.3137814710015	487.4570394007314	421.3137814710015	466.97086536473586	435.32042255717073	466.97086536473586	435.32042255717073	487.4570394007314
R88	71.89392025873187	283.4037406429621	70.18989624729078	5
71.89392025873187	283.4037406429621	71.89392025873187	276.0782827607548	88.90388497518055	276.0782827607548	88.90388497518055	283.4037406429621	71.89392025873187	283.4037406429621
67.29339874872538	289.8256244144837	67.29339874872538	276.98185687144047	81.58108015420682	276.98185687144047	81.58108015420682	289.8256244144837
61.27232205742916	289.28693261788595	61.27232205742916	277.5205486680382	84.03109609417783	277.5205486680382	84.03109609417783	289.28693261788595
77.15287920695484	293.3753989099547	77.15287920695484	273.43208237596946	84.36198979720324	273.43208237596946	84.36198979720324	293.3753989099547
75.89826184603898	289.50646368903875	75.89826184603898	277.3010175968854	86.84771568488323	277.3010175968854	86.84771568488323	289.50646368903875
R87	217.70040923346443	112.08670365900339	82.14228473723	5
217.70040923346443	112.08670365900339	217.70040923346443	97.12176179520252	228.75657792272176	97.12176179520252	228.75657792272176	112.08670365900339	217.70040923346443	112.08670365900339
207.7809556890107	105.86608622719925	207.7809556890107	88.37743736320579	231.4969709014492	88.37743736320579	231.4969709014492	105.86608622719925
213.61462527776786	114.92336747555441	213.61462527776786	102.7592911374989	221.786193189161	102.7592911374989	221.786193189161	114.92336747555441
214.87240191042653	109.36493013130513	214.87240191042653	84.87859345909987	229.22877401449747	84.87859345909987	229.22877401449747	109.36493013130513
208.27262446378734	114.13949555648526	208.27262446378734	101.23860428050773	227.12819400314152	101.23860428050773	227.12819400314152	114.13949555648526
R86	356.8019989876084	448.28933403761107	80.42973207626028	5
356.8019989876084	448.28933403761107	356.8019989876084	438.53507853670374	374.74407795219315	438.53507853670374	374.74407795219315	448.28933403761107	356.8019989876084	448.28933403761107
347.5185077231869	455.41619129386396	347.5185077231869	438.5430075562462	366.0854902520299	438.5430075562462	366.0854902520299	455.41619129386396
360.06282043643733	452.49684850006304	360.06282043643733	444.0818195751591	366.0077980475514	444.0818195751591	366.0077980475514	452.49684850006304
350.68249406908365	453.03450363326345	350.68249406908365	443.5441644419587	363.96676214734157	443.5441644419587	363.96676214734157	453.03450363326345
361.34550778785245	443.67768788459114	361.34550778785245	433.39246918881634	376.23981184607334	433.39246918881634	376.23981184607334	443.67768788459114
R85	3.082495112783894	45.91562179411757	33.477078152644594	5
3.082495112783894	45.91562179411757	3.082495112783894	32.045573080458965	24.511237918712368	32.045573080458965	24.511237918712368	45.91562179411757	3.082495112783894	45.91562179411757
17.7075458108521	57.481829886970516	17.7075458108521	34.34941370126462	23.626939050559496	34.34941370126462	23.626939050559496	57.481829886970516
14.170143634165907	49.23012400758927	14.170143634165907	42.60111958064587	23.260732459136097	42.60111958064587	23.260732459136097	49.23012400758927
14.448629874378916	42.44241107658057	14.448629874378916	26.234657283666447	34.57384596304582	26.234657283666447	34.57384596304582	42.44241107658057
14.736052567547524	41.013859544093364	14.736052567547524	23.411558100643987	34.28642326987721	23.411558100643987	34.28642326987721	41.013859544093364
R84	424.99399733521636	282.87827371715923	35.65999109874033	5
424.99399733521636	282.87827371715923	424.99399733521636	268.8308861352714	448.6331418576068	268.8308861352714	448.6331418576068	282.87827371715923	424.99399733521636	282.87827371715923
412.6150177723865	277.4913249594271	412.6150177723865	269.856264811744	437.3729768980462	269.856264811744	437.3729768980462	277.4913249594271
432.08471496776673	278.9718995237495	432.08471496776673	258.68987274679324	456.2872036499213	258.68987274679324	456.2872036499213	278.9718995237495
423.22826028930905	293.03502777406226	423.22826028930905	272.7215196602562	440.6955873741271	272.7215196602562	440.6955873741271	293.03502777406226
438.78707978216516	271.4480017326314	438.78707978216516	266.2137705379114	456.1732871470723	266.2137705379114	456.1732871470723	271.4480017326314
R83	478.14015330244774	212.2543384084273	62.14288427183745	5
478.14015330244774	212.2543384084273	478.14015330244774	194.04799795783973	498.19896571038123	194.04799795783973	498.19896571038123	212.2543384084273	478.14015330244774	212.2543384084273
474.53064078185054	210.86817140352977	474.53064078185054	190.02078015592932	481.74966582304495	190.02078015592932	481.74966582304495	210.86817140352977
481.63748336837665	220.96390839129847	481.63748336837665	203.54476842555604	500.62465607420296	203.54476842555604	500.62465607420296	220.96390839129847
485.7939538142533	221.12219596190846	485.7939538142533	203.38648085494611	493.689008161762	203.38648085494611	493.689008161762	221.12219596190846
488.9452496095216	208.39753449410514	488.9452496095216	202.26103538440825	507.45268181124084	202.26103538440825	507.45268181124084	208.39753449410514
R82	215.08611416156157	438.5581846391638	32.41011574346746	5
215.08611416156157	438.5581846391638	215.08611416156157	430.15149441519594	232.82567153491658	430.15149441519594	232.82567153491658	438.5581846391638	215.08611416156157	438.5581846391638
223.15062634858117	439.10162665501684	223.15062634858117	421.20136217537504	240.56504512364552	421.20136217537504	240.56504512364552	439.10162665501684
213.96789371267272	442.5258309425862	213.96789371267272	434.5905383357414	220.71447089521877	434.5905383357414	220.71447089521877	442.5258309425862
210.6571295087716	438.95870925691	210.6571295087716	429.0192211462393	219.51509881435155	429.0192211462393	219.51509881435155	438.95870925691
227.45996111994486	438.1164254980206	227.45996111994486	433.0151238053079	238.1913819498883	433.0151238053079	238.1913819498883	438.1164254980206
R81	67.39492542165573	184.1314774071925	53.35488532884354	5
67.39492542165573	184.1314774071925	67.39492542165573	164.0007079863438	74.10125781478501	164.0007079863438	74.10125781478501	184.1314774071925	67.39492542165573	184.1314774071925
65.1845431755016	189.63391182304002	65.1845431755016	169.77465863025162	83.01797245406843	169.77465863025162	83.01797245406843	189.63391182304002
58.487807022504754	187.46701650320875	58.487807022504754	166.53267021614676	76.3020438208067	166.53267021614676	76.3020438208067	187.46701650320875
61.685008810501266	173.3326471814664	61.685008810501266	154.6687687912212	80.5526669128622	154.6687687912212	80.5526669128622	173.3326471814664
62.86123754188489	195.05596328740253	62.86123754188489	173.20699152698248	75.32025019119268	173.20699152698248	75.32025019119268	195.05596328740253
R80	284.8905114253984	130.65053189761005	77.00642463252356	5
284.8905114253984	130.65053189761005	284.8905114253984	112.75610600861005	299.4577279178084	112.75610600861005	299.4577279178084	130.65053189761005	284.8905114253984	130.65053189761005
278.74198969771595	140.9994914278076	278.74198969771595	120.30157236741248	292.06490012822127	120.30157236741248	292.06490012822127	140.9994914278076
280.91822847439886	131.38174193957394	280.91822847439886	109.2155340878118	288.86279437639797	109.2155340878118	288.86279437639797	131.38174193957394
285.6020219389433	122.81207544743995	285.6020219389433	102.70013656978014	290.62477143055645	102.70013656978014	290.62477143055645	122.81207544743995
276.76584208244645	127.57805235380201	276.76584208244645	109.63051977279738	293.0151807683504	109.63051977279738	293.0151807683504	127.57805235380201
R79	-2.8527293594889613	10.750692115114166	54.73980952738287	5
-2.8527293594889613	10.750692115114166	-2.8527293594889613	-6.4354135032606194	11.473796745923273	-6.4354135032606194	11.473796745923273	10.750692115114166	-2.8527293594889613	10.750692115114166
0.15104343915578156	3.81832045555837	0.15104343915578156	-6.155880509178955	22.796550052690765	-6.155880509178955	22.796550052690765	3.81832045555837
-6.921853644335229	21.521737833338094	-6.921853644335229	-0.02035360310976131	6.733413775390625	-0.02035360310976131	6.733413775390625	21.521737833338094
-13.783760206995302	6.885513282551748	-13.783760206995302	-1.7084000814861726	8.07830148801738	-1.7084000814861726	8.07830148801738	6.885513282551748
-8.240735199489304	19.530882464085387	-8.240735199489304	1.970501766142947	4.857040080522157	1.970501766142947	4.857040080522157	19.530882464085387
R78	482.2062049556891	484.7680285604058	35.790864624762385	5
482.2062049556891	484.7680285604058	482.2062049556891	462.0339608569991	497.60725592964326	462.0339608569991	497.60725592964326	484.7680285604058	482.2062049556891	484.7680285604058
493.79925237692413	493.64306327926613	493.79925237692413	472.4331302009359	501.4152594823624	472.4331302009359	501.4152594823624	493.64306327926613
469.944773151517	485.07757290585295	469.944773151517	464.34967324110227	494.4676367598612	464.34967324110227	494.4676367598612	485.07757290585295
476.43326630025035	489.3073485764184	476.43326630025035	469.68380026264145	487.97914361112794	469.68380026264145	487.97914361112794	489.3073485764184
482.3122341366074	490.77907362877266	482.3122341366074	478.75698349203896	489.72925849959853	478.75698349203896	489.72925849959853	490.77907362877266
R77	57.51757977721467	167.59809917223498	18.467060141207135	5
57.51757977721467	167.59809917223498	57.51757977721467	154.49638008582616	65.3569933202917	154.49638008582616	65.3569933202917	167.59809917223498	57.51757977721467	167.59809917223498
60.44908217939907	175.44926456573063	60.44908217939907	159.47577883120908	70.26490446118434	159.47577883120908	70.26490446118434	175.44926456573063
46.47701656967329	173.00596512746915	46.47701656967329	162.1902332170008	68.90836953941442	162.1902332170008	68.90836953941442	173.00596512746915
54.14913367310173	178.83186513206874	54.14913367310173	156.36433321240122	69.51447771206888	156.36433321240122	69.51447771206888	178.83186513206874
58.99633517032465	174.66494987446492	58.99633517032465	156.42260696246916	71.71765147025877	156.42260696246916	71.71765147025877	174.66494987446492
R76	218.11019174174345	80.67204242654283	87.77372971656595	5
218.11019174174345	80.67204242654283	218.11019174174345	59.060964552784284	227.85474642670738	59.060964552784284	227.85474642670738	80.67204242654283	218.11019174174345	80.67204242654283
205.66739831905127	86.68761128531173	205.66739831905127	73.02207847266425	230.55298516443563	73.02207847266425	230.55298516443563	86.68761128531173
218.96774924229678	64.86148458146654	218.96774924229678	54.78796302066914	236.74174361111798	54.78796302066914	236.74174361111798	64.86148458146654
214.82019284470107	83.89026796350367	214.82019284470107	71.742208309554	221.40019063878583	71.742208309554	221.40019063878583	83.89026796350367
218.84787587194762	70.60012031863154	218.84787587194762	49.66213433470515	236.86161698146714	49.66213433470515	236.86161698146714	70.60012031863154
R75	376.9871667827478	134.04970598508768	24.499552826431028	5
376.9871667827478	134.04970598508768	376.9871667827478	110.45534537957857	384.886510596754	110.45534537957857	384.886510596754	134.04970598508768	376.9871667827478	134.04970598508768
364.7892231570962	138.0534053854262	364.7892231570962	121.0454631749416	389.1851104083995	121.0454631749416	389.1851104083995	138.0534053854262
378.58240447387084	128.5651996743855	378.58240447387084	116.79240886751994	391.1906167196372	116.79240886751994	391.1906167196372	128.5651996743855
377.5948047788775	126.9689809697376	377.5948047788775	116.07046135995395	392.1782164146305	116.07046135995395	392.1782164146305	126.9689809697376
377.4481606640333	127.12193134935134	377.4481606640333	118.42872041050336	392.32486052947473	118.42872041050336	392.32486052947473	127.12193134935134
R74	342.7483729656925	83.63008187117012	70.99751723993128	5
342.7483729656925	83.63008187117012	342.7483729656925	63.656390329894265	364.3436888919081	63.656390329894265	364.3436888919081	83.63008187117012	342.7483729656925	83.63008187117012
335.10031622745674	93.0863193193587	335.10031622745674	69.85052589204682	350.3964297039283	69.85052589204682	350.3964297039283	93.0863193193587
337.35295940324175	89.67735043000422	337.35295940324175	77.58281331233601	358.1165902234175	77.58281331233601	358.1165902234175	89.67735043000422
337.54988688914875	76.88400556820046	337.54988688914875	67.81169795128771	347.94685904223627	67.81169795128771	347.94685904223627	76.88400556820046
338.0958076926254	70.58032009143221	338.0958076926254	56.732460568356316	353.3612927637171	56.732460568356316	353.3612927637171	70.58032009143221
R73	419.4393215065795	58.47883292518434	40.06575446523545	5
419.4393215065795	58.47883292518434	419.4393215065795	51.30988987307767	439.1038494699684	51.30988987307767	439.1038494699684	58.47883292518434	419.4393215065795	58.47883292518434
435.2347207299414	56.806149437246916	435.2347207299414	45.81363030890843	442.17615899305065	45.81363030890843	442.17615899305065	56.806149437246916
422.0967753451913	62.53545348298785	422.0967753451913	54.42221236738084	437.00000384059433	54.42221236738084	437.00000384059433	62.53545348298785
418.26967917350987	59.06227258607568	418.26967917350987	43.557507160079666	441.7614560708802	43.557507160079666	441.7614560708802	59.06227258607568
431.6647937482491	54.416817611650615	431.6647937482491	48.20296213450473	441.6697794344091	48.20296213450473	441.6697794344091	54.416817611650615
R72	213.62664932963722	503.2731168465724	32.72348466748903	5
213.62664932963722	503.2731168465724	213.62664932963722	479.93942179817736	234.34119828578955	479.93942179817736	234.34119828578955	503.2731168465724	213.62664932963722	503.2731168465724
226.49223957154888	495.53905374869106	226.49223957154888	482.6108832072052	242.19015700003015	482.6108832072052	242.19015700003015	495.53905374869106
229.0723864663094	510.11402071226365	229.0723864663094	494.25502113334215	239.61001010526962	494.25502113334215	239.61001010526962	510.11402071226365
224.37186790582004	483.73105388745165	224.37186790582004	476.4028090946202	244.31052866575905	476.4028090946202	244.31052866575905	483.73105388745165
225.34644114981208	485.5714353292951	225.34644114981208	474.9516763841847	243.33595542176707	474.9516763841847	243.33595542176707	485.5714353292951
R71	83.70026966539311	160.86350792310407	20.67946866967116	5
83.70026966539311	160.86350792310407	83.70026966539311	139.94418449548942	90.26683707098971	139.94418449548942	90.26683707098971	160.86350792310407	83.70026966539311	160.86350792310407
75.13740935103834	163.34724694666812	75.13740935103834	139.3464365348534	92.26312997974787	139.3464365348534	92.26312997974787	163.34724694666812
75.20403027790398	156.41896992812053	75.20403027790398	137.9611838239099	92.19650905288223	137.9611838239099	92.19650905288223	156.41896992812053
82.45899799753755	165.48365568576355	82.45899799753755	156.24336016044458	94.34534050124358	156.24336016044458	94.34534050124358	165.48365568576355
75.65738818490843	155.79822891245783	75.65738818490843	137.51478232431015	91.74315114587779	137.51478232431015	91.74315114587779	155.79822891245783
R70	296.4018836507053	69.95310607796618	83.57743091854897	5
296.4018836507053	69.95310607796618	296.4018836507053	54.38589553963762	315.2985101340318	54.38589553963762	315.2985101340318	69.95310607796618	296.4018836507053	69.95310607796618
307.42827047672677	67.85053733810412	307.42827047672677	52.36950754979832	323.16874979133684	52.36950754979832	323.16874979133684	67.85053733810412
298.51320235434184	77.12802258873865	298.51320235434184	62.77818956719372	303.8422364209147	62.77818956719372	303.8422364209147	77.12802258873865
294.89399249663035	76.06559475004136	294.89399249663035	63.84061740589101	303.2616957168552	63.84061740589101	303.2616957168552	76.06559475004136
305.02061322977556	80.95956619481818	305.02061322977556	58.94664596111416	324.759494178894	58.94664596111416	324.759494178894	80.95956619481818
R69	355.58025176033175	82.89392152404272	57.49336375995473	5
355.58025176033175	82.89392152404272	355.58025176033175	61.56483864816167	364.66023836322245	61.56483864816167	364.66023836322245	82.89392152404272	355.58025176033175	82.89392152404272
350.8480059037919	95.22371562202312	350.8480059037919	70.56412742606233	373.2007749196813	70.56412742606233	373.2007749196813	95.22371562202312
343.9713688769429	83.60834051688894	343.9713688769429	68.02219924919675	367.1891346437206	68.02219924919675	367.1891346437206	83.60834051688894
346.8631613763009	83.54494086846702	346.8631613763009	61.81763890373941	364.2973421443626	61.81763890373941	364.2973421443626	83.54494086846702
343.88619868202966	64.1824555373458	343.88619868202966	58.947221758977534	368.16787860018223	58.947221758977534	368.16787860018223	64.1824555373458
R68	468.1729192237024	278.60035151758444	22.73332496395638	5
468.1729192237024	278.60035151758444	468.1729192237024	256.38487744496507	479.411527880772	256.38487744496507	479.411527880772	278.60035151758444	468.1729192237024	278.60035151758444
474.9186737701125	273.3954658143031	474.9186737701125	263.13728519381385	483.9043819914315	263.13728519381385	483.9043819914315	273.3954658143031
464.7903365653479	261.90213974818283	464.7903365653479	255.6990258520629	471.55550188205694	255.6990258520629	471.55550188205694	261.90213974818283
474.6023783222985	266.7780033068409	474.6023783222985	261.4972105725203	484.2206774392454	261.4972105725203	484.2206774392454	266.7780033068409
461.97683744086083	263.8116533972326	461.97683744086083	248.95810149269752	478.9237999117216	248.95810149269752	478.9237999117216	263.8116533972326
R67	212.41450726011175	35.57985523303072	23.253417251978906	5
212.41450726011175	35.57985523303072	212.41450726011175	25.507546073697355	220.9062724827004	25.507546073697355	220.9062724827004	35.57985523303072	212.41450726011175	35.57985523303072
206.72916310560484	44.70669041974909	206.72916310560484	21.163359561201453	218.09985141461866	21.163359561201453	218.09985141461866	44.70669041974909
202.76768257373058	38.774160299141236	202.76768257373058	28.098845138216245	222.0613319464929	28.098845138216245	222.0613319464929	38.774160299141236
206.05234997646104	30.306966600328554	206.05234997646104	20.718790321737362	218.77666454376245	20.718790321737362	218.77666454376245	30.306966600328554
215.76236974677363	39.54601965250048	215.76236974677363	31.613690813560957	225.34534556101107	31.613690813560957	225.34534556101107	39.54601965250048
R66	393.27162817235114	480.0809169855139	58.24602604895017	5
393.27162817235114	480.0809169855139	393.27162817235114	461.2952977978939	415.681403583274	461.2952977978939	415.681403583274	480.0809169855139	393.27162817235114	480.0809169855139
411.1707913117553	468.52731592970923	411.1707913117553	463.38391020960916	420.1920158547926	463.38391020960916	420.1920158547926	468.52731592970923
393.36466390156505	491.3040936042838	393.36466390156505	468.857740366744	400.43925527667506	468.857740366744	400.43925527667506	491.3040936042838
411.70790812573546	488.36482085792176	411.70790812573546	471.3096279624703	419.65489904081255	471.3096279624703	419.65489904081255	488.36482085792176
404.6454071203791	476.84302844454277	404.6454071203791	454.6324142879337	426.7174000461689	454.6324142879337	426.7174000461689	476.84302844454277
R65	40.10428474940956	494.3580584138925	25.2899219383025	5
40.10428474940956	494.3580584138925	40.10428474940956	469.54368158844983	55.775151541866705	469.54368158844983	55.775151541866705	494.3580584138925	40.10428474940956	494.3580584138925
36.93225005203744	503.1424374041509	36.93225005203744	485.5736794236341	49.817184893892765	485.5736794236341	49.817184893892765	503.1424374041509
43.730266714080656	505.6270037156571	43.730266714080656	483.08911311212796	65.74474479884766	483.08911311212796	65.74474479884766	505.6270037156571
44.033072294487184	500.24682774402436	44.033072294487184	488.4692890837606	61.35157213111097	488.4692890837606	61.35157213111097	500.24682774402436
38.26419178144086	479.76542403103696	38.26419178144086	459.3219391458627	44.71620478878478	459.3219391458627	44.71620478878478	479.76542403103696
R64	91.55390202127707	190.05410682495838	54.59570792257843	5
91.55390202127707	190.05410682495838	91.55390202127707	166.0026492797144	109.47506090185136	166.0026492797144	109.47506090185136	190.05410682495838	91.55390202127707	190.05410682495838
86.26708146966097	187.1579322919644	86.26708146966097	163.72293972298343	96.84072257289317	163.72293972298343	96.84072257289317	187.1579322919644
80.90680625314778	199.06031394224414	80.90680625314778	180.82353767422052	102.20099778940633	180.82353767422052	102.20099778940633	199.06031394224414
99.35220287058445	202.544569517111	99.35220287058445	177.56364413280576	111.83564653294394	177.56364413280576	111.83564653294394	202.544569517111
82.03704114969908	175.28844922282744	82.03704114969908	156.71684933660137	103.77863563808403	156.71684933660137	103.77863563808403	175.28844922282744
R63	242.65786567455748	461.69969444135165	32.95380759183355	5
242.65786567455748	461.69969444135165	242.65786567455748	446.6869663976113	267.49563936365723	446.6869663976113	267.49563936365723	461.69969444135165	242.65786567455748	461.69969444135165
233.0720665240696	462.85016971776645	233.0720665240696	443.4608111913667	252.2436648250453	443.4608111913667	252.2436648250453	462.85016971776645
235.67715635402465	461.871427221554	235.67715635402465	450.0111215603107	249.63857499509038	450.0111215603107	249.63857499509038	461.871427221554
236.1658131321522	451.64410194385255	236.1658131321522	441.72983085137	250.9678197808737	441.72983085137	250.9678197808737	451.64410194385255
254.16971523880733	465.5591347098671	254.16971523880733	457.8402541728362	263.6375213636123	457.8402541728362	263.6375213636123	465.5591347098671
R62	29.19066823326839	435.32983410264495	13.176999800099061	5
29.19066823326839	435.32983410264495	29.19066823326839	416.9755756365134	49.58574055329061	416.9755756365134	49.58574055329061	435.32983410264495	29.19066823326839	435.32983410264495
30.007349169605636	424.84570818336005	30.007349169605636	409.1054430896666	45.62919411563709	409.1054430896666	45.62919411563709	424.84570818336005
33.611148868591144	421.7753777169127	33.611148868591144	412.17577355611405	58.08732911479959	412.17577355611405	58.08732911479959	421.7753777169127
20.800054509854	432.306521599963	20.800054509854	416.1105081792586	37.58128195668278	416.1105081792586	37.58128195668278	432.306521599963
31.049530732962587	445.33899288444223	31.049530732962587	425.32067532084767	50.946838697937444	425.32067532084767	50.946838697937444	445.33899288444223
R61	454.2315788877736	507.21779024315146	46.848878293938256	5
454.2315788877736	507.21779024315146	454.2315788877736	484.50013374557835	466.5655933400192	484.50013374557835	466.5655933400192	507.21779024315146	454.2315788877736	507.21779024315146
446.88623763201394	508.9569993479638	446.88623763201394	497.1670751823269	461.57692014353324	497.1670751823269	461.57692014353324	508.9569993479638
453.8278046884012	494.7207016925257	453.8278046884012	474.279565798631	477.0372946181693	474.279565798631	477.0372946181693	494.7207016925257
457.9793094272123	514.02456388016	457.9793094272123	500.4110166061429	472.81370919861394	500.4110166061429	472.81370919861394	514.02456388016
457.0803158992331	489.6270160334957	457.0803158992331	481.36111662778296	476.05087078080527	481.36111662778296	476.05087078080527	489.6270160334957
R60	441.95892138692653	297.7260601485394	12.019036921712848	5
441.95892138692653	297.7260601485394	441.95892138692653	290.8225268428477	452.79356465149675	290.8225268428477	452.79356465149675	297.7260601485394	441.95892138692653	297.7260601485394
440.538426242414	302.4442178055976	440.538426242414	285.5741027186594	465.0487030605795	285.5741027186594	465.0487030605795	302.4442178055976
444.15458840103855	298.40569522902723	444.15458840103855	283.2393584566682	458.04972512293574	283.2393584566682	458.04972512293574	298.40569522902723
430.27462291262566	300.15203814858125	430.27462291262566	284.7762494659271	453.6432198612273	284.7762494659271	453.6432198612273	300.15203814858125
441.68499247274445	295.5238618486601	441.68499247274445	286.1211918370353	447.6241173770829	286.1211918370353	447.6241173770829	295.5238618486601
R59	333.6708287887	255.27461055405723	54.77194916025183	5
333.6708287887	255.27461055405723	333.6708287887	246.9015245681124	354.0625262207316	246.9015245681124	354.0625262207316	255.27461055405723	333.6708287887	255.27461055405723
338.42221920766485	250.44206396516336	338.42221920766485	243.36098517106143	348.1216055051783	243.36098517106143	348.1216055051783	250.44206396516336
329.6535328385369	260.7748193336593	329.6535328385369	245.34544503996952	337.68812473886317	245.34544503996952	337.68812473886317	260.7748193336593
327.5405491635173	252.3109563255592	327.5405491635173	241.49209281066558	347.7408690592749	241.49209281066558	347.7408690592749	252.3109563255592
327.81774134521794	263.7513059815244	327.81774134521794	241.92639602872927	339.5239162321821	241.92639602872927	339.5239162321821	263.7513059815244
R58	191.03270521773712	45.426225564646906	86.15037181090472	5
191.03270521773712	45.426225564646906	191.03270521773712	37.3484116204609	205.92604960187916	37.3484116204609	205.92604960187916	45.426225564646906	191.03270521773712	45.426225564646906
185.29680600864228	41.215177727144656	185.29680600864228	33.481645513777146	197.3590200123132	33.481645513777146	197.3590200123132	41.215177727144656
195.78551665299238	56.88274135211045	195.78551665299238	33.96970977718335	212.0405566623744	33.96970977718335	212.0405566623744	56.88274135211045
199.27641242966442	46.161131032089834	199.27641242966442	28.59620953832843	212.5756867740939	28.59620953832843	212.5756867740939	46.161131032089834
195.90527581096168	40.60963123030722	195.90527581096168	34.08719201061458	203.77529380563274	34.08719201061458	203.77529380563274	40.60963123030722
R57	101.5510968301165	170.08911736724866	54.0773019777835	5
101.5510968301165	170.08911736724866	101.5510968301165	148.47176558517424	107.45413865869915	148.47176558517424	107.45413865869915	170.08911736724866	101.5510968301165	170.08911736724866
98.02144600332781	155.24712077063091	98.02144600332781	143.75330936224506	116.88683131407049	143.75330936224506	116.88683131407049	155.24712077063091
104.14386959578569	163.76489806870245	104.14386959578569	145.2021837904599	110.76440772161264	145.2021837904599	110.76440772161264	163.76489806870245
98.02400544421744	171.73526434103167	98.02400544421744	148.6011919526984	116.88427187318086	148.6011919526984	116.88427187318086	171.73526434103167
93.31568212012098	170.7844696070727	93.31568212012098	148.73941911681771	109.78651154011203	148.73941911681771	109.78651154011203	170.7844696070727
R56	331.2741864875478	371.8366554175509	13.043858470894575	5
331.2741864875478	371.8366554175509	331.2741864875478	365.11121989390745	345.41870970655657	365.11121989390745	345.41870970655657	371.8366554175509	331.2741864875478	371.8366554175509
341.07218428209933	376.6379788020773	341.07218428209933	354.4058417319437	349.7652351310138	354.4058417319437	349.7652351310138	376.6379788020773
324.5507290081812	376.06051301375754	324.5507290081812	354.16192677405724	344.4470250781362	354.16192677405724	344.4470250781362	376.06051301375754
320.92257123823896	368.89783441442177	320.92257123823896	362.88838183914567	341.62580173685666	362.88838183914567	341.62580173685666	368.89783441442177
335.7720897139334	383.48518715920386	335.7720897139334	360.18812367589794	346.21256303713017	360.18812367589794	346.21256303713017	383.48518715920386
R55	39.71893039491937	288.34435782288523	20.587352304333596	5
39.71893039491937	288.34435782288523	39.71893039491937	271.2603736702641	53.908838306945256	271.2603736702641	53.908838306945256	288.34435782288523	39.71893039491937	288.34435782288523
31.057444344542585	295.63136130709796	31.057444344542585	281.0573543386725	55.937557980650084	281.0573543386725	55.937557980650084	295.63136130709796
47.66637192266821	298.54727196676527	47.66637192266821	278.1414436790051	59.43245797827088	278.1414436790051	59.43245797827088	298.54727196676527
34.1556267746391	291.42206322026374	34.1556267746391	285.2666524255067	55.157002963887436	285.2666524255067	55.157002963887436	291.42206322026374
32.34120079840859	280.26043042116123	32.34120079840859	266.10042361673743	47.096659991430144	266.10042361673743	47.096659991430144	280.26043042116123
R54	222.02460923497338	311.9439876395102	15.055541426609995	5
222.02460923497338	311.9439876395102	222.02460923497338	299.4786704663921	244.37554569534487	299.4786704663921	244.37554569534487	311.9439876395102	222.02460923497338	311.9439876395102
241.1137551202143	318.6181208024071	241.1137551202143	299.4634094606951	247.63733627047543	299.4634094606951	247.63733627047543	318.6181208024071
218.0018587078184	308.9801805176472	218.0018587078184	289.97716041513684	230.00463050311637	289.97716041513684	230.00463050311637	308.9801805176472
238.15127943284628	319.43839947978273	238.15127943284628	304.4495757992377	250.48874387315752	304.4495757992377	250.48874387315752	319.43839947978273
221.2267184224843	311.45038135180886	221.2267184224843	287.5069595809753	239.51973874858444	287.5069595809753	239.51973874858444	311.45038135180886
R53	283.3330291639478	249.2949259691781	32.036801587367044	5
283.3330291639478	249.2949259691781	283.3330291639478	234.0924390841567	301.1063588651465	234.0924390841567	301.1063588651465	249.2949259691781	283.3330291639478	249.2949259691781
279.7970070242506	251.1687824157539	279.7970070242506	227.59180657123304	286.869051303645	227.59180657123304	286.869051303645	251.1687824157539
283.87727178658184	259.0892517307431	283.87727178658184	239.50060020761313	294.4692412150943	239.50060020761313	294.4692412150943	259.0892517307431
272.788925841085	248.59647297123212	272.788925841085	233.79293980454293	293.8771324868106	233.79293980454293	293.8771324868106	248.59647297123212
296.44336254427526	242.92433669358948	296.44336254427526	225.2605414747239	302.83367890655666	225.2605414747239	302.83367890655666	242.92433669358948
R52	340.3953287842675	236.17261852863965	70.84883913744036	5
340.3953287842675	236.17261852863965	340.3953287842675	213.18487512413992	347.1296062351816	213.18487512413992	347.1296062351816	236.17261852863965	340.3953287842675	236.17261852863965
335.148689966259	237.4537219175771	335.148689966259	218.38199359032367	345.64196760227605	218.38199359032367	345.64196760227605	237.4537219175771
329.9909158748237	232.4654483534532	329.9909158748237	211.7996941395807	350.7997416937113	211.7996941395807	350.7997416937113	232.4654483534532
334.32693494243847	244.4273586788122	334.32693494243847	226.779448288678	346.46372262609646	226.779448288678	346.46372262609646	244.4273586788122
335.07622413660687	224.86330864550987	335.07622413660687	214.71169524914112	359.1829883337563	214.71169524914112	359.1829883337563	224.86330864550987
R51	105.40520053985594	322.37433910255595	30.204682995748882	5
105.40520053985594	322.37433910255595	105.40520053985594	314.37521904089954	125.54824557450803	314.37521904089954	125.54824557450803	322.37433910255595	105.40520053985594	322.37433910255595
98.24221648304488	333.80533330518284	98.24221648304488	310.94334489992906	113.2621862125974	310.94334489992906	113.2621862125974	333.80533330518284
119.42281029123382	317.8975502810274	119.42281029123382	310.85288780077167	128.6707392638217	310.85288780077167	128.6707392638217	317.8975502810274
92.94844211558522	326.5287363443565	92.94844211558522	312.87319338432803	117.86195896412663	312.87319338432803	117.86195896412663	326.5287363443565
101.71192451360301	329.36761122337793	101.71192451360301	315.38106698173397	121.90141627192637	315.38106698173397	121.90141627192637	329.36761122337793
R50	117.05885905347978	481.74206089103143	64.51398615433254	5
117.05885905347978	481.74206089103143	117.05885905347978	469.386915010179	131.30356966787693	469.386915010179	131.30356966787693	481.74206089103143	117.05885905347978	481.74206089103143
109.82207195093663	475.4314887616521	109.82207195093663	469.2016025370018	124.29564615602293	469.2016025370018	124.29564615602293	475.4314887616521
116.7808112928774	491.55400796390603	116.7808112928774	471.9301138181568	139.58714980071446	471.9301138181568	139.58714980071446	491.55400796390603
111.67655816950816	480.79868092096837	111.67655816950816	461.96963011183635	122.4411599374514	461.96963011183635	122.4411599374514	480.79868092096837
106.18790091114789	485.2943265821103	106.18790091114789	474.0335858347792	127.92981719581167	474.0335858347792	127.92981719581167	485.2943265821103
R49	393.8413984057293	132.3025124182411	31.525996127921765	5
393.8413984057293	132.3025124182411	393.8413984057293	122.40483040378535	418.3684250159593	122.40483040378535	418.3684250159593	132.3025124182411	393.8413984057293	132.3025124182411
405.0708317107218	141.4459138309298	405.0708317107218	123.15911100555236	412.2371178824766	123.15911100555236	412.2371178824766	141.4459138309298
407.05855342636636	137.23271635602782	407.05855342636636	121.98355309515057	429.67829660555225	121.98355309515057	429.67829660555225	137.23271635602782
391.767373691552	138.44102363408356	391.767373691552	126.16400120239861	413.4164212310122	126.16400120239861	413.4164212310122	138.44102363408356
391.2380711386425	131.9899673552403	391.2380711386425	112.8196934523304	400.83352107824913	112.8196934523304	400.83352107824913	131.9899673552403
R48	34.539849417373574	161.52445205130718	55.883456691745316	5
34.539849417373574	161.52445205130718	34.539849417373574	137.22156887820947	57.370250906782346	137.22156887820947	57.370250906782346	161.52445205130718	34.539849417373574	161.52445205130718
39.13143893842477	169.24777085871085	39.13143893842477	153.8011332439035	61.51258628448891	153.8011332439035	61.51258628448891	169.24777085871085
37.355107949498134	164.84970699760098	37.355107949498134	158.19919710501338	52.306852064903765	158.19919710501338	52.306852064903765	164.84970699760098
47.28840984142343	152.20758608746897	47.28840984142343	139.30350668211642	67.45209197214126	139.30350668211642	67.45209197214126	152.20758608746897
45.17808758220836	168.009659661098	45.17808758220836	148.57497204487345	69.56241423135633	148.57497204487345	69.56241423135633	168.009659661098
R47	250.9827182605512	461.69313661701375	79.95017020696704	5
250.9827182605512	461.69313661701375	250.9827182605512	448.1728494353319	258.643732849822	448.1728494353319	258.643732849822	461.69313661701375	250.9827182605512	461.69313661701375
251.4285973896068	462.6614312657816	251.4285973896068	456.05923233710433	265.8588683100372	456.05923233710433	265.8588683100372	462.6614312657816
248.9868480355205	467.92191778805443	248.9868480355205	455.46435544597296	258.0231083792602	455.46435544597296	258.0231083792602	467.92191778805443
247.17546515170443	450.94988187328653	247.17546515170443	445.39581699737727	268.07176976691494	445.39581699737727	268.07176976691494	450.94988187328653
244.3209389314805	471.9766038935966	244.3209389314805	450.4319245542772	257.64449758962195	450.4319245542772	257.64449758962195	471.9766038935966
R46	238.00612255334627	470.4019087909901	56.24741431561506	5
238.00612255334627	470.4019087909901	238.00612255334627	459.8618852195556	255.7131702850372	459.8618852195556	255.7131702850372	470.4019087909901	238.00612255334627	470.4019087909901
248.56757176764228	482.1554670318691	248.56757176764228	458.1507453292418	262.8587688024321	458.1507453292418	262.8587688024321	482.1554670318691
232.0695911983507	470.9549071578144	232.0695911983507	463.66198892676545	243.9426539083419	463.66198892676545	243.9426539083419	470.9549071578144
233.38243184239792	463.1650637434274	233.38243184239792	456.5587066956837	246.4893915136446	456.5587066956837	246.4893915136446	463.1650637434274
235.37554427720835	475.3208610217087	235.37554427720835	465.4829565602715	243.0655579924096	465.4829565602715	243.0655579924096	475.3208610217087
R45	155.6464473772077	211.1611062876834	51.2224247936241	5
155.6464473772077	211.1611062876834	155.6464473772077	200.67295390381278	174.2044945663591	200.67295390381278	174.2044945663591	211.1611062876834	155.6464473772077	211.1611062876834
162.7224518514408	216.08436025418902	162.7224518514408	206.23785232117783	171.543818334755	206.23785232117783	171.543818334755	216.08436025418902
169.11815365423882	222.13293350772688	169.11815365423882	200.18927906763992	179.09458314316123	200.18927906763992	179.09458314316123	222.13293350772688
152.14257650303213	220.67375960623514	152.14257650303213	201.64845296913165	166.8799143999981	201.64845296913165	166.8799143999981	220.67375960623514
163.70118432345856	213.5094123208859	163.70118432345856	189.10650263629984	184.70780480925964	189.10650263629984	184.70780480925964	213.5094123208859
R44	298.55966955826955	289.1239797032193	8.720376302572983	5
298.55966955826955	289.1239797032193	298.55966955826955	275.07385441416244	311.187079451218	275.07385441416244	311.187079451218	289.1239797032193	298.55966955826955	289.1239797032193
302.41171574702713	286.22168945559594	302.41171574702713	277.67499490925655	319.96244315540883	277.67499490925655	319.96244315540883	286.22168945559594
306.99203293502404	286.87933550116776	306.99203293502404	263.2683733271571	315.0689627294666	263.2683733271571	315.0689627294666	286.87933550116776
302.14985100612375	278.50525512282394	302.14985100612375	271.64245370550094	309.8981504143542	271.64245370550094	309.8981504143542	278.50525512282394
294.41700818064504	292.0295728492017	294.41700818064504	286.21838655723684	312.3467045627627	286.21838655723684	312.3467045627627	292.0295728492017
R43	377.6670644828083	486.92996032224676	50.33600361163189	5
377.6670644828083	486.92996032224676	377.6670644828083	469.7075866847124	399.9450561311693	469.7075866847124	399.9450561311693	486.92996032224676	377.6670644828083	486.92996032224676
379.90609029934507	477.0776587137105	379.90609029934507	462.3375146557143	396.9585502309753	462.3375146557143	396.9585502309753	477.0776587137105
376.68465009933567	490.04891173860665	376.68465009933567	483.81100890588687	391.4609811636298	483.81100890588687	391.4609811636298	490.04891173860665
369.6594319020122	479.3145644951426	369.6594319020122	460.1006088742822	394.44495545262225	460.1006088742822	394.44495545262225	479.3145644951426
366.9212269444181	493.7686360746909	366.9212269444181	480.0912845698026	390.76062996944245	480.0912845698026	390.76062996944245	493.7686360746909
R42	129.02769040211268	245.66503343521754	10.375485010390253	5
129.02769040211268	245.66503343521754	129.02769040211268	228.2730146086784	145.17853506046242	228.2730146086784	145.17853506046242	245.66503343521754	129.02769040211268	245.66503343521754
118.89148286964847	249.14976430797722	118.89148286964847	242.18030256245785	141.7833130656356	242.18030256245785	141.7833130656356	249.14976430797722
142.6007202723843	243.70355355164332	142.6007202723843	222.78825888024318	147.75634984854054	222.78825888024318	147.75634984854054	243.70355355164332
136.59189307026	243.55525905146985	136.59189307026	229.92933857861684	153.76517705066485	229.92933857861684	153.76517705066485	243.55525905146985
128.00228723984984	232.79674215717307	128.00228723984984	223.74928706018375	133.13561195872543	223.74928706018375	133.13561195872543	232.79674215717307
R41	384.93724111538756	265.9393129060624	80.7299922471845	5
384.93724111538756	265.9393129060624	384.93724111538756	260.19460271013435	393.634316679491	260.19460271013435	393.634316679491	265.9393129060624	384.93724111538756	265.9393129060624
384.057733718961	273.4488033545786	384.057733718961	256.3686665513323	403.210899640021	256.3686665513323	403.210899640021	273.4488033545786
379.7691363610908	268.3930065818146	379.7691363610908	252.02728661355798	390.10534586968436	252.02728661355798	390.10534586968436	268.3930065818146
385.82250583398405	264.6745156301199	385.82250583398405	255.71468979014875	400.0588518194443	255.71468979014875	400.0588518194443	264.6745156301199
381.75872646314434	271.24701727231354	381.75872646314434	260.6316085398113	391.9818986374001	260.6316085398113	391.9818986374001	271.24701727231354
R40	12.253601189229325	14.08175924826213	4.323601479366077	5
12.253601189229325	14.08175924826213	12.253601189229325	-1.918827480256816	35.16643487741392	-1.918827480256816	35.16643487741392	14.08175924826213	12.253601189229325	14.08175924826213
26.683582375932968	16.741163508965638	26.683582375932968	11.422354987558627	32.22854493753011	11.422354987558627	32.22854493753011	16.741163508965638
21.657813514565387	7.834001775359486	21.657813514565387	-11.671656735873118	45.65193765391956	-11.671656735873118	45.65193765391956	7.834001775359486
23.19143805473049	20.49232389568337	23.19143805473049	2.786482673033925	47.14143170009735	2.786482673033925	47.14143170009735	20.49232389568337
24.549128914550312	16.326710033445618	24.549128914550312	1.5591676834829356	45.78374084027753	1.5591676834829356	45.78374084027753	16.326710033445618
R39	422.9488671577409	278.45221711752356	85.92808659790545	5
422.9488671577409	278.45221711752356	422.9488671577409	258.9738529235501	429.22628546214673	258.9738529235501	429.22628546214673	278.45221711752356	422.9488671577409	278.45221711752356
416.90731390326056	272.96758565051607	416.90731390326056	261.8329259256776	428.9904204122212	261.8329259256776	428.9904204122212	272.96758565051607
415.03511555557776	263.54097597198717	415.03511555557776	257.45522782321433	430.862618759904	257.45522782321433	430.862618759904	263.54097597198717
416.7671967404901	274.3789640639448	416.7671967404901	266.62759739342147	441.6853741838034	266.62759739342147	441.6853741838034	274.3789640639448
419.7437563609459	268.5320054811316	419.7437563609459	259.0767210190503	426.1539779545359	259.0767210190503	426.1539779545359	268.5320054811316
R38	251.88802625771245	200.87048455414256	80.51177913433912	5
251.88802625771245	200.87048455414256	251.88802625771245	184.38293845704837	261.7825429640658	184.38293845704837	261.7825429640658	200.87048455414256	251.88802625771245	200.87048455414256
249.740640101084	189.22490413797078	249.740640101084	179.54097277612595	261.0928716789618	179.54097277612595	261.0928716789618	189.22490413797078
240.89948342166284	196.25435939389962	240.89948342166284	184.84519220467627	262.87656909376204	184.84519220467627	262.87656909376204	196.25435939389962
242.0481315911429	212.47217910710825	242.0481315911429	188.86983576784033	261.72792092428205	188.86983576784033	261.72792092428205	212.47217910710825
250.17475992793135	199.35058005074768	250.17475992793135	187.4546120398295	273.3903260002002	187.4546120398295	273.3903260002002	199.35058005074768
R37	256.8340783456639	378.1626581305798	89.55262801576758	5
256.8340783456639	378.1626581305798	256.8340783456639	364.1138956767292	277.6706405423731	364.1138956767292	277.6706405423731	378.1626581305798	256.8340783456639	378.1626581305798
264.3258718194325	376.13267800207996	264.3258718194325	352.0951133513785	282.6710649516844	352.0951133513785	282.6710649516844	376.13267800207996
266.4707023948739	373.0919947885205	266.4707023948739	361.9638518183148	288.87057868987233	361.9638518183148	288.87057868987233	373.0919947885205
253.86749584968683	386.691505264912	253.86749584968683	369.63381099624763	273.2105570879596	369.63381099624763	273.2105570879596	386.691505264912
253.25838306398595	388.2135386472303	253.25838306398595	368.11177761392935	275.4067879911161	368.11177761392935	275.4067879911161	388.2135386472303
R36	405.67984574832246	348.8246722713817	13.43920855398468	5
405.67984574832246	348.8246722713817	405.67984574832246	328.882442879795	423.3720674314518	328.882442879795	423.3720674314518	348.8246722713817	405.67984574832246	348.8246722713817
402.79252222494233	340.4284273031216	402.79252222494233	317.3364584564684	410.67319563503145	317.3364584564684	410.67319563503145	340.4284273031216
415.77410334556674	353.4313595934134	415.77410334556674	331.3127728464368	430.97003151733685	331.3127728464368	430.97003151733685	353.4313595934134
408.7982411194081	337.5508867709454	408.7982411194081	320.2139989886446	418.34633242329994	320.2139989886446	418.34633242329994	337.5508867709454
407.8577856330786	352.9430338611648	407.8577856330786	344.7063106815986	429.1088048608882	344.7063106815986	429.1088048608882	352.9430338611648
R35	15.906263249842212	199.80294400902943	15.439235244199889	5
15.906263249842212	199.80294400902943	15.906263249842212	176.7186056439329	35.223267040807606	176.7186056439329	35.223267040807606	199.80294400902943	15.906263249842212	199.80294400902943
25.423813157938014	198.94794839436528	25.423813157938014	183.76503719222595	45.0227209236772	183.76503719222595	45.0227209236772	198.94794839436528
26.279142050402598	196.29874018652626	26.279142050402598	182.86588841599732	44.167392031212614	182.86588841599732	44.167392031212614	196.29874018652626
19.304851103983385	182.04891777091612	19.304851103983385	171.3882935169497	27.062342598789822	171.3882935169497	27.062342598789822	182.04891777091612
5.747220228893195	184.61959767508918	5.747220228893195	168.81761361277663	27.072886838630534	168.81761361277663	27.072886838630534	184.61959767508918
R34	251.26722190200715	68.39231607124975	51.43596174214218	5
251.26722190200715	68.39231607124975	251.26722190200715	58.15995017239105	268.0542184845504	58.15995017239105	268.0542184845504	68.39231607124975	251.26722190200715	68.39231607124975
241.37776012429697	61.86121734021643	241.37776012429697	54.45868300456567	261.91329657310894	54.45868300456567	261.91329657310894	61.86121734021643
255.42276714734197	66.82525886571916	255.42276714734197	49.494641479062935	261.07860488226794	49.494641479062935	261.07860488226794	66.82525886571916
256.4714549605809	78.03464165031072	256.4714549605809	58.749990492188786	278.3466179071461	58.749990492188786	278.3466179071461	78.03464165031072
246.0428927524932	68.48447568976914	246.0428927524932	47.83542465501297	257.89605359106315	47.83542465501297	257.89605359106315	68.48447568976914
R33	110.70105703296133	284.25110510623153	5.7504708607497035	5
110.70105703296133	284.25110510623153	110.70105703296133	275.2337927571393	129.25678252822377	275.2337927571393	129.25678252822377	284.25110510623153	110.70105703296133	284.25110510623153
113.28652788698436	285.5435418461396	113.28652788698436	264.92404366813906	128.56011144587978	264.92404366813906	128.56011144587978	285.5435418461396
116.06131083042256	289.44505371564514	116.06131083042256	279.0571564968179	132.5811444212527	279.0571564968179	132.5811444212527	289.44505371564514
107.00595925396692	289.24445540272814	107.00595925396692	279.25775480973493	127.19915370439008	279.25775480973493	127.19915370439008	289.24445540272814
120.44949570704674	284.87464288687704	120.44949570704674	279.053403491733	138.0640693494008	279.053403491733	138.0640693494008	284.87464288687704
R32	254.4685456734624	326.53335942838237	60.55878564267521	5
254.4685456734624	326.53335942838237	254.4685456734624	319.22849704431815	273.2826859636665	319.22849704431815	273.2826859636665	326.53335942838237	254.4685456734624	326.53335942838237
261.25833133148774	324.3296196217689	261.25833133148774	314.12737446686737	274.9318907822736	314.12737446686737	274.9318907822736	324.3296196217689
266.5412833107351	333.0617197551286	266.5412833107351	318.37754578705847	280.0240886165979	318.37754578705847	280.0240886165979	333.0617197551286
247.7094077558999	330.2317739921424	247.7094077558999	308.2252200964939	270.3762970434792	308.2252200964939	270.3762970434792	330.2317739921424
265.27465231112404	330.8578356319063	265.27465231112404	320.6346074854386	281.29071961620895	320.6346074854386	281.29071961620895	330.8578356319063
R31	352.51741228307185	481.13834766779223	52.67412011169015	5
352.51741228307185	481.13834766779223	352.51741228307185	462.2538749717128	371.5711380789123	462.2538749717128	371.5711380789123	481.13834766779223	352.51741228307185	481.13834766779223
365.81492872821605	473.4765721803655	365.81492872821605	451.03117776306004	371.99661606350503	451.03117776306004	371.99661606350503	473.4765721803655
345.70683412020924	484.5779300679978	345.70683412020924	475.51027296342255	359.32799044593446	475.51027296342255	359.32799044593446	484.5779300679978
341.80804764476665	493.3579621816532	341.80804764476665	468.91873315393127	365.32595866971684	468.91873315393127	365.32595866971684	493.3579621816532
344.95898915820106	487.0613956407874	344.95898915820106	473.9426562664597	360.07583540794263	473.9426562664597	360.07583540794263	487.0613956407874
R30	250.07353358565055	303.0771390720515	80.57295553383587	5
250.07353358565055	303.0771390720515	250.07353358565055	297.5905549581206	262.9062683933686	297.5905549581206	262.9062683933686	303.0771390720515	250.07353358565055	303.0771390720515
246.87594310889514	305.9401828240058	246.87594310889514	289.24092709223544	263.592199717682	289.24092709223544	263.592199717682	305.9401828240058
243.98927127528003	307.8398886952852	243.98927127528003	287.341221220956	258.1199269006535	287.341221220956	258.1199269006535	307.8398886952852
247.8612084812036	309.61778600256537	247.8612084812036	296.5364921415377	263.0267694196724	296.5364921415377	263.0267694196724	309.61778600256537
238.89341583144332	312.38708240604075	238.89341583144332	289.9307368417562	261.25365133985787	289.9307368417562	261.25365133985787	312.38708240604075
R29	155.45855156898816	308.9564729753163	54.83633847420659	5
155.45855156898816	308.9564729753163	155.45855156898816	303.82851471049344	179.2041029087405	303.82851471049344	179.2041029087405	308.9564729753163	155.45855156898816	308.9564729753163
154.89216606544207	315.4297509197882	154.89216606544207	292.22727850119867	178.0242658477728	292.22727850119867	178.0242658477728	315.4297509197882
168.15586983177312	311.6920458210853	168.15586983177312	306.22090012954726	173.48096711862595	306.22090012954726	173.48096711862595	311.6920458210853
160.37152075220845	312.19366791356623	160.37152075220845	295.46336150742064	183.85769693826816	295.46336150742064	183.85769693826816	312.19366791356623
153.19458631104712	317.4681729459729	153.19458631104712	300.4447730046596	167.20247492377004	300.4447730046596	167.20247492377004	317.4681729459729
R28	195.134193938388	424.57976447420083	50.25239527962231	5
195.134193938388	424.57976447420083	195.134193938388	407.79462613546855	201.7293681817463	407.79462613546855	201.7293681817463	424.57976447420083	195.134193938388	424.57976447420083
187.50259631567303	417.4441851908601	187.50259631567303	410.8263976646321	202.76579156110296	410.8263976646321	202.76579156110296	417.4441851908601
191.43532796857698	428.59111458920734	191.43532796857698	417.07882803719497	212.02340839491563	417.07882803719497	212.02340839491563	428.59111458920734
189.52904105988617	432.6703693384059	189.52904105988617	409.73299316587946	213.92969530360645	409.73299316587946	213.92969530360645	432.6703693384059
187.49563811714373	422.508852207342	187.49563811714373	410.08076163092164	202.7727497596322	410.08076163092164	202.7727497596322	422.508852207342
R27	380.97301897665085	122.66528944935872	10.747172506650633	5
380.97301897665085	122.66528944935872	380.97301897665085	111.26925117281395	402.74184747263376	111.26925117281395	402.74184747263376	122.66528944935872	380.97301897665085	122.66528944935872
377.06615141859726	113.90471920945765	377.06615141859726	108.63378313617028	397.6095474321482	108.63378313617028	397.6095474321482	113.90471920945765
396.1028883415981	126.77921920700894	396.1028883415981	118.01892286873817	409.38080660366944	118.01892286873817	409.38080660366944	126.77921920700894
393.09293695799755	129.27171643020043	393.09293695799755	116.05886246851702	404.88303922160145	116.05886246851702	404.88303922160145	129.27171643020043
372.2999468690695	133.1201013362843	372.2999468690695	112.21047756243317	393.48126863016324	112.21047756243317	393.48126863016324	133.1201013362843
R26	74.75585191377263	475.68159356173027	73.03892651664087	5
74.75585191377263	475.68159356173027	74.75585191377263	456.4919407793581	87.57255085740803	456.4919407793581	87.57255085740803	475.68159356173027	74.75585191377263	475.68159356173027
83.96991063940172	470.55721794930247	83.96991063940172	454.4645574225237	91.17519107541435	454.4645574225237	91.17519107541435	470.55721794930247
69.46301740296519	478.92710676368125	69.46301740296519	457.3068285319127	80.04868642458007	457.3068285319127	80.04868642458007	478.92710676368125
78.61713742000929	465.33451306937997	78.61713742000929	447.64936848933615	85.35674951917194	447.64936848933615	85.35674951917194	465.33451306937997
70.71904006515481	464.19926684000893	70.71904006515481	449.2227397868743	78.79266376239045	449.2227397868743	78.79266376239045	464.19926684000893
R25	284.89568966146624	238.80003529494925	46.22827146830582	5
284.89568966146624	238.80003529494925	284.89568966146624	215.45614072739644	302.1294828644026	215.45614072739644	302.1294828644026	238.80003529494925	284.89568966146624	238.80003529494925
280.56442665009564	223.08806764641676	280.56442665009564	207.82421380837613	295.6215567297789	207.82421380837613	295.6215567297789	223.08806764641676
294.9563359124798	228.8972371691965	294.9563359124798	218.39899685037494	309.30262981632535	218.39899685037494	309.30262981632535	228.8972371691965
293.07440378133765	238.92244466172505	293.07440378133765	219.70979816695407	311.1845619474675	219.70979816695407	311.1845619474675	238.92244466172505
288.3415540051478	251.23657614982037	288.3415540051478	226.36349444007809	294.23506816200154	226.36349444007809	294.23506816200154	251.23657614982037
R24	440.38819379235	387.9646003581083	61.095181603873684	5
440.38819379235	387.9646003581083	440.38819379235	377.9930425748564	460.83311872335156	377.9930425748564	460.83311872335156	387.9646003581083	440.38819379235	387.9646003581083
428.5047558141011	390.2749552833265	428.5047558141011	365.71112986638633	452.34278896345353	365.71112986638633	452.34278896345353	390.2749552833265
430.9867241601244	392.7493630787586	430.9867241601244	379.13613286521945	449.78966342457574	379.13613286521945	449.78966342457574	392.7493630787586
443.80787516614123	386.4674496304673	443.80787516614123	369.51863551924555	468.2465003090276	369.51863551924555	468.2465003090276	386.4674496304673
446.0297968481236	387.92998110322975	446.0297968481236	368.0561040464831	467.1465090762033	368.0561040464831	467.1465090762033	387.92998110322975
R23	106.98877943790016	288.07880230195605	81.71561302578336	5
106.98877943790016	288.07880230195605	106.98877943790016	263.6443998757001	129.98160390460635	263.6443998757001	129.98160390460635	288.07880230195605	106.98877943790016	288.07880230195605
102.41322353507492	273.07029210269525	102.41322353507492	259.6486010152529	111.5643353407254	259.6486010152529	111.5643353407254	273.07029210269525
99.32660770191283	281.4827183046234	99.32660770191283	262.5951272222643	114.65095117388749	262.5951272222643	114.65095117388749	281.4827183046234
103.4058031647986	293.37051150978755	103.4058031647986	274.01016481443526	110.57175571100176	274.01016481443526	110.57175571100176	293.37051150978755
106.48767211107162	299.78204882845654	106.48767211107162	276.37555577545555	126.89578416499216	276.37555577545555	126.89578416499216	299.78204882845654
R22	50.61623759479678	136.30984153144246	70.0114099665676	5
50.61623759479678	136.30984153144246	50.61623759479678	112.32447272377362	61.54561279899722	112.32447272377362	61.54561279899722	136.30984153144246	50.61623759479678	136.30984153144246
53.55817573621137	125.62067021609845	53.55817573621137	118.94977738010265	69.53304986178306	118.94977738010265	69.53304986178306	125.62067021609845
51.342168774957806	144.26751680348193	51.342168774957806	128.352166259403	65.41753825244008	128.352166259403	65.41753825244008	144.26751680348193
48.019530637427565	132.01915563647407	48.019530637427565	115.32065452662196	53.21294455216599	115.32065452662196	53.21294455216599	132.01915563647407
49.05668160298046	131.62588505667898	49.05668160298046	119.62358223249953	74.03454399501399	119.62358223249953	74.03454399501399	131.62588505667898
R21	302.9828812284139	175.50995424377854	55.35792676237192	5
302.9828812284139	175.50995424377854	302.9828812284139	158.77104244106803	322.39285379784855	158.77104244106803	322.39285379784855	175.50995424377854	302.9828812284139	175.50995424377854
299.84231653167683	162.77446177456036	299.84231653167683	154.7676231075757	319.5950079823382	154.7676231075757	319.5950079823382	162.77446177456036
301.74711022640355	184.51431585522198	301.74711022640355	166.5055926323351	314.38777198315944	166.5055926323351	314.38777198315944	184.51431585522198
305.39453663567997	170.23280848571594	305.39453663567997	147.30927639642013	326.16154950359135	147.30927639642013	326.16154950359135	170.23280848571594
307.45770898696156	179.5476579660985	307.45770898696156	171.47225052145856	313.0982801114039	171.47225052145856	313.0982801114039	179.5476579660985
R20	114.45137245520965	192.75486344966285	25.835587149270832	5
114.45137245520965	192.75486344966285	114.45137245520965	175.78539798822314	133.94238386635524	175.78539798822314	133.94238386635524	192.75486344966285	114.45137245520965	192.75486344966285
131.4121826343701	181.18850737969066	131.4121826343701	172.04083930101817	136.47258509834037	172.04083930101817	136.47258509834037	181.18850737969066
123.14166938330074	192.18099476750868	123.14166938330074	167.8582447163187	144.74309834940976	167.8582447163187	144.74309834940976	192.18099476750868
120.99470914046445	184.3265248116301	120.99470914046445	167.24427116481618	127.6847190386937	167.24427116481618	127.6847190386937	184.3265248116301
117.57563645644042	201.0197069675975	117.57563645644042	184.4900199317282	126.1532707266009	184.4900199317282	126.1532707266009	201.0197069675975
R19	349.117955505065	147.99956192808827	54.83095162997784	5
349.117955505065	147.99956192808827	349.117955505065	141.26153363343985	367.2484491157298	141.26153363343985	367.2484491157298	147.99956192808827	349.117955505065	147.99956192808827
361.2570178238897	148.61060662887058	361.2570178238897	133.91246063800912	373.10905720030615	133.91246063800912	373.10905720030615	148.61060662887058
356.34663431568174	154.0285888819135	356.34663431568174	141.97053497426305	373.4119849883832	141.97053497426305	373.4119849883832	154.0285888819135
347.9314798318389	155.06892653402562	347.9314798318389	140.93019732215092	372.79504914908404	140.93019732215092	372.79504914908404	155.06892653402562
356.34710458888696	150.6660801437442	356.34710458888696	135.47209452787698	378.1497936425726	135.47209452787698	378.1497936425726	150.6660801437442
R18	247.12237746804476	237.85112097037094	5.528200066932088	5
247.12237746804476	237.85112097037094	247.12237746804476	224.00424562596803	268.5141430643499	224.00424562596803	268.5141430643499	237.85112097037094	247.12237746804476	237.85112097037094
237.48053749412213	236.6144078420413	237.48053749412213	223.89772972132167	256.7642174419674	223.89772972132167	256.7642174419674	236.6144078420413
248.28112600050517	242.22198294956763	248.28112600050517	233.48025899117425	258.43073550096267	233.48025899117425	258.43073550096267	242.22198294956763
255.29159660447672	245.48016301620987	255.29159660447672	230.22207892453207	261.4471326453771	230.22207892453207	261.4471326453771	245.48016301620987
259.0210786987938	228.54695280160524	259.0210786987938	219.4615384503308	271.3512728574041	219.4615384503308	271.3512728574041	228.54695280160524
R17	229.18433298731418	499.4588033415992	78.8225415451875	5
229.18433298731418	499.4588033415992	229.18433298731418	483.33640823951845	240.03471115004731	483.33640823951845	240.03471115004731	499.4588033415992	229.18433298731418	499.4588033415992
224.62018196654955	493.8291346015984	224.62018196654955	472.8436818774385	241.73560865044058	472.8436818774385	241.73560865044058	493.8291346015984
217.47580797096907	504.3683155366805	217.47580797096907	489.78199026256175	240.89285800365928	489.78199026256175	240.89285800365928	504.3683155366805
229.23604443876374	493.7207257399499	229.23604443876374	486.17728086443014	250.8333778613309	486.17728086443014	250.8333778613309	493.7207257399499
217.1607658197506	507.3107797258607	217.1607658197506	488.80999772193115	241.20790015487776	488.80999772193115	241.20790015487776	507.3107797258607
R16	448.36643550591555	379.52135819547414	20.569479003770507	5
448.36643550591555	379.52135819547414	448.36643550591555	357.4953055804659	471.5705063364147	357.4953055804659	471.5705063364147	379.52135819547414	448.36643550591555	379.52135819547414
445.3477595457439	389.01321142927276	445.3477595457439	370.0295049616755	460.0392687310725	370.0295049616755	460.0392687310725	389.01321142927276
459.4377774534591	371.188047243201	459.4377774534591	346.26101575525786	483.70323521937036	346.26101575525786	483.70323521937036	371.188047243201
462.37019897235047	391.1343587768594	462.37019897235047	367.90835761408886	477.279187215617	367.90835761408886	477.279187215617	391.1343587768594
463.7760323196132	362.963381940899	463.7760323196132	352.02722922003284	470.0638800419144	352.02722922003284	470.0638800419144	362.963381940899
R15	-5.936215567691548	363.41141740176596	63.838227709665716	5
-5.936215567691548	363.41141740176596	-5.936215567691548	345.81794323942796	17.149668009257567	345.81794323942796	17.149668009257567	363.41141740176596	-5.936215567691548	363.41141740176596
4.772992804499754	371.1934760324173	4.772992804499754	355.6293587711146	22.271502603424434	355.6293587711146	22.271502603424434	371.1934760324173
-4.7414003154798054	357.1863856470827	-4.7414003154798054	334.4495008317732	0.5285692732392109	334.4495008317732	0.5285692732392109	357.1863856470827
-9.112356177659228	355.41528435994024	-9.112356177659228	347.1070880399545	-2.7600749577238677	347.1070880399545	-2.7600749577238677	355.41528435994024
0.1437425534873249	349.2352054705421	0.1437425534873249	342.4006810083138	23.255723057957116	342.4006810083138	23.255723057957116	349.2352054705421
R14	273.2201266600525	29.41713507093509	4.1531600913632145	5
273.2201266600525	29.41713507093509	273.2201266600525	19.71547367315189	292.3005182772317	19.71547367315189	292.3005182772317	29.41713507093509	273.2201266600525	29.41713507093509
271.70699437706037	30.881634284720285	271.70699437706037	8.549313061583499	293.00871186423285	8.549313061583499	293.00871186423285	30.881634284720285
281.5612161212959	29.268831351639495	281.5612161212959	18.048652535037572	303.03982043316745	18.048652535037572	303.03982043316745	29.268831351639495
265.13744175191005	34.74715460669156	265.13744175191005	24.08711553517862	283.04945956824395	24.08711553517862	283.04945956824395	34.74715460669156
266.5773428797199	31.430101699485853	266.5773428797199	22.268466330813602	279.86291044038506	22.268466330813602	279.86291044038506	31.430101699485853
R13	23.770495840046006	203.10107720495768	62.63526070572828	5
23.770495840046006	203.10107720495768	23.770495840046006	187.4367507394124	36.71356131025402	187.4367507394124	36.71356131025402	203.10107720495768	23.770495840046006	203.10107720495768
22.441470217113096	198.80152665716605	22.441470217113096	176.07197482165873	36.30107670675703	176.07197482165873	36.30107670675703	198.80152665716605
17.815645198431596	195.678734255269	17.815645198431596	179.19476722355577	32.47656455745202	179.19476722355577	32.47656455745202	195.678734255269
31.81084485192752	211.36440689672736	31.81084485192752	193.7958639695873	41.616277768580524	193.7958639695873	41.616277768580524	211.36440689672736
18.287878596196236	197.08549933298013	18.287878596196236	190.27560379792203	29.253113083895776	190.27560379792203	29.253113083895776	197.08549933298013
R12	95.31049652184453	466.77614548202376	74.93171429592535	5
95.31049652184453	466.77614548202376	95.31049652184453	457.62078979299594	107.33325387529169	457.62078979299594	107.33325387529169	466.77614548202376	95.31049652184453	466.77614548202376
88.20227819848758	465.64190937538797	88.20227819848758	458.8234995861701	102.41871484520148	458.8234995861701	102.41871484520148	465.64190937538797
88.05559844619343	466.9673570888216	88.05559844619343	456.6796585591784	102.56539459749563	456.6796585591784	102.56539459749563	466.9673570888216
98.17339835859622	471.01571368184426	98.17339835859622	458.2754242583721	116.49310939198716	458.2754242583721	116.49310939198716	471.01571368184426
86.76773252161533	474.2238890755654	86.76773252161533	452.39344831240174	103.85326052207373	452.39344831240174	103.85326052207373	474.2238890755654
R11	291.99208273683456	369.0988630751605	85.19395025764847	5
291.99208273683456	369.0988630751605	291.99208273683456	356.63846854439277	306.8793920229461	356.63846854439277	306.8793920229461	369.0988630751605	291.99208273683456	369.0988630751605
295.0943216001636	379.9847384992686	295.0943216001636	358.21298765105246	314.6673036913434	358.21298765105246	314.6673036913434	379.9847384992686
288.5939116789104	373.2476021880804	288.5939116789104	350.37662792442717	295.39025379475873	350.37662792442717	295.39025379475873	373.2476021880804
287.9419416940052	380.47742178226525	287.9419416940052	357.7203043680558	312.91957849565506	357.7203043680558	312.91957849565506	380.47742178226525
301.1547074249593	373.52984642277244	301.1547074249593	363.0365317218522	312.60407662093286	363.0365317218522	312.60407662093286	373.52984642277244
R10	2.645987112928333	419.77968730316013	28.10275299849321	5
2.645987112928333	419.77968730316013	2.645987112928333	414.7231258799836	22.798278210134768	414.7231258799836	22.798278210134768	419.77968730316013	2.645987112928333	419.77968730316013
6.00273141860034	423.81204069586875	6.00273141860034	415.7473339104515	15.73811540504019	415.7473339104515	15.73811540504019	423.81204069586875
12.656745045289554	422.6528425408263	12.656745045289554	406.7934092191409	31.1346732879762	406.7934092191409	31.1346732879762	422.6528425408263
1.6893020349564631	426.215592923979	1.6893020349564631	403.2306588359884	8.720672579402265	403.2306588359884	8.720672579402265	426.215592923979
-2.681971831442561	423.86757452855335	-2.681971831442561	415.6918000777669	12.83966246919142	415.6918000777669	12.83966246919142	423.86757452855335
R9	393.130614926816	304.4106543640975	18.40156925873248	5
393.130614926816	304.4106543640975	393.130614926816	285.8903717916232	401.6434744732234	285.8903717916232	401.6434744732234	304.4106543640975	393.130614926816	304.4106543640975
392.0724108921144	294.3698282879462	392.0724108921144	283.0000051406109	411.2145380543324	283.0000051406109	411.2145380543324	294.3698282879462
388.8989129792435	288.51475133575696	388.8989129792435	283.2659922474894	398.65825564875786	283.2659922474894	398.65825564875786	288.51475133575696
392.0013011362944	305.18354985706463	392.0013011362944	292.24789305355404	411.28564781015245	292.24789305355404	411.28564781015245	305.18354985706463
393.68054622670496	297.9323205806072	393.68054622670496	289.8536010823577	409.606402719742	289.8536010823577	409.606402719742	297.9323205806072
R8	355.90755352099734	364.4100812995216	27.883305513310788	5
355.90755352099734	364.4100812995216	355.90755352099734	356.64682447399423	363.88629669818977	356.64682447399423	363.88629669818977	364.4100812995216	355.90755352099734	364.4100812995216
352.6729813344341	372.58294099901116	352.6729813344341	352.42761299538404	359.1421257075606	352.42761299538404	359.1421257075606	372.58294099901116
345.42040001465705	376.64348865233967	345.42040001465705	352.17667394670354	368.5274744651023	352.17667394670354	368.5274744651023	376.64348865233967
347.2869044923667	366.8819313897618	347.2869044923667	355.79965712174464	364.52820254962796	355.79965712174464	364.52820254962796	366.8819313897618
354.5642690932009	375.27512579519083	354.5642690932009	351.5038760232847	373.20832430317864	351.5038760232847	373.20832430317864	375.27512579519083
R7	81.8436409827211	347.0845617452539	19.944059338305834	5
81.8436409827211	347.0845617452539	81.8436409827211	338.488022321537	94.15599433198187	338.488022321537	94.15599433198187	347.0845617452539	81.8436409827211	347.0845617452539
82.02384466979	356.5778233391966	82.02384466979	337.5913001513112	93.83688644235558	337.5913001513112	93.83688644235558	356.5778233391966
73.59258524031952	355.8415130545895	73.59258524031952	338.3276104359183	92.8093057455049	338.3276104359183	92.8093057455049	355.8415130545895
76.0504377338952	356.54207719413006	76.0504377338952	337.4150422373278	87.636844231547	337.4150422373278	87.636844231547	356.54207719413006
75.6714427513006	349.8662345120307	75.6714427513006	344.3028889784771	99.591136431936	344.3028889784771	99.591136431936	349.8662345120307
R6	369.2395910300947	390.80807836849135	69.58398715267896	5
369.2395910300947	390.80807836849135	369.2395910300947	379.18532284680555	391.90961113923044	379.18532284680555	391.90961113923044	390.80807836849135	369.2395910300947	390.80807836849135
370.2813100252681	394.5732285009192	370.2813100252681	387.0429282360635	381.7337620347296	387.0429282360635	381.7337620347296	394.5732285009192
378.242770892607	396.89865150173677	378.242770892607	384.71750523524594	388.1762894724648	384.71750523524594	388.1762894724648	396.89865150173677
367.5282856534816	393.66945953181863	367.5282856534816	387.94669720516407	391.51786036219164	387.94669720516407	391.51786036219164	393.66945953181863
383.625813070064	389.53865836452763	383.625813070064	368.83198732908346	395.48956628512695	368.83198732908346	395.48956628512695	389.53865836452763
R5	15.085193700389944	230.31835157303541	67.57589854120354	5
15.085193700389944	230.31835157303541	15.085193700389944	207.8619148075915	37.53154466218802	207.8619148075915	37.53154466218802	230.31835157303541	15.085193700389944	230.31835157303541
4.991437046033621	237.45774512601702	4.991437046033621	222.1949625608347	25.178950354746267	222.1949625608347	25.178950354746267	237.45774512601702
25.784861799339755	219.53541482268292	25.784861799339755	196.1884147925001	43.91086429352653	196.1884147925001	43.91086429352653	219.53541482268292
14.735255946076357	240.14199737696748	14.735255946076357	220.49470576910335	28.976085118403567	220.49470576910335	28.976085118403567	240.14199737696748
10.703223455767636	228.66169911884256	10.703223455767636	221.23819017059802	19.467163945012253	221.23819017059802	19.467163945012253	228.66169911884256
R4	473.5410259029082	227.13030340071026	87.84731151856319	5
473.5410259029082	227.13030340071026	473.5410259029082	208.85781874559143	488.8627436616659	208.85781874559143	488.8627436616659	227.13030340071026	473.5410259029082	227.13030340071026
475.27746821658815	238.0703493739994	475.27746821658815	216.19025742742113	486.53493843059783	216.19025742742113	486.53493843059783	238.0703493739994
469.60696363718597	217.03376030325933	469.60696363718597	200.68187718792353	484.11974942170144	200.68187718792353	484.11974942170144	217.03376030325933
469.1846049985785	233.81100580174584	469.1846049985785	211.37997151748735	477.8974468072379	211.37997151748735	477.8974468072379	233.81100580174584
464.32585458039085	233.5122095495462	464.32585458039085	220.7483972518743	488.42287033717224	220.7483972518743	488.42287033717224	233.5122095495462
R3	86.64680497827787	80.0668383161874	31.67604492206301	5
86.64680497827787	80.0668383161874	86.64680497827787	69.38408403133327	103.15967116741236	69.38408403133327	103.15967116741236	80.0668383161874	86.64680497827787	80.0668383161874
91.24147056319535	76.29699769534484	91.24147056319535	62.884756966891516	115.07787177162936	62.884756966891516	115.07787177162936	76.29699769534484
75.92557026761591	80.85670668664015	75.92557026761591	60.405768274188425	97.36803968893983	60.405768274188425	97.36803968893983	80.85670668664015
79.86299105383108	74.60291700129842	79.86299105383108	64.16525106136812	100.01457149631503	64.16525106136812	100.01457149631503	74.60291700129842
99.0375481621533	81.87523282883444	99.0375481621533	57.584845060952176	107.28179417267138	57.584845060952176	107.28179417267138	81.87523282883444
R2	132.25624556580098	370.90665216521904	74.19295584019055	5
132.25624556580098	370.90665216521904	132.25624556580098	345.96588252949175	139.4828971648386	345.96588252949175	139.4828971648386	370.90665216521904	132.25624556580098	370.90665216521904
128.2027091829007	379.9868925077863	128.2027091829007	355.94674594295867	136.30978194870127	355.94674594295867	136.30978194870127	379.9868925077863
129.962192625481	357.13834017557076	129.962192625481	334.79342488341274	143.58886637573573	334.79342488341274	143.58886637573573	357.13834017557076
135.08535573961154	360.488167576498	135.08535573961154	344.09022757064133	143.88043859006564	344.09022757064133	143.88043859006564	360.488167576498
126.77533676071184	348.76198257439773	126.77533676071184	343.16978248458577	147.68532328209093	343.16978248458577	147.68532328209093	348.76198257439773
R1	354.19852147927134	200.14936472180085	11.722979035298803	5
354.19852147927134	200.14936472180085	354.19852147927134	194.67480696610312	376.5154203833406	194.67480696610312	376.5154203833406	200.14936472180085	354.19852147927134	200.14936472180085
351.92400281311865	201.48269514860596	351.92400281311865	187.86691878360028	369.83691862255074	187.86691878360028	369.83691862255074	201.48269514860596
363.87551173153525	205.04395460304414	363.87551173153525	195.25477484055756	369.701705345104	195.25477484055756	369.701705345104	205.04395460304414
353.7930686097999	204.87311999875473	353.7930686097999	184.4764939334515	368.61342553224733	184.4764939334515	368.61342553224733	204.87311999875473
344.0768301998847	202.07301572565657	344.0768301998847	196.44721299577802	364.320212758658	196.44721299577802	364.320212758658	202.07301572565657
