R100	317.9901022481814	374.15764811158226	85.94184734884595	1
317.9901022481814	374.15764811158226	317.9901022481814	356.03769370761756	332.4575660223944	356.03769370761756	332.4575660223944	374.15764811158226	317.9901022481814	374.15764811158226
R99	474.05811510871104	485.12916164852817	31.958543949416548	1
474.05811510871104	485.12916164852817	474.05811510871104	463.9191120474175	484.02214364954955	463.9191120474175	484.02214364954955	485.12916164852817	474.05811510871104	485.12916164852817
R98	16.214857410225434	293.69084976611555	37.928607440753105	1
16.214857410225434	293.69084976611555	16.214857410225434	285.73722590720945	23.49730995041144	285.73722590720945	23.49730995041144	293.69084976611555	16.214857410225434	293.69084976611555
R97	76.73072577290341	294.80937935737217	82.50526228908947	1
76.73072577290341	294.80937935737217	76.73072577290341	287.3330693144017	99.76543803223359	287.3330693144017	99.76543803223359	294.80937935737217	76.73072577290341	294.80937935737217
R96	198.0275797273014	221.1327601076534	69.00394755591606	1
198.0275797273014	221.1327601076534	198.0275797273014	212.41817736803753	215.26304090231756	212.41817736803753	215.26304090231756	221.1327601076534	198.0275797273014	221.1327601076534
R95	442.0067721628326	435.66305075227615	34.75311206264912	1
442.0067721628326	435.66305075227615	442.0067721628326	423.8068634835122	466.2009910050282	423.8068634835122	466.2009910050282	435.66305075227615	442.0067721628326	435.66305075227615
R94	22.260847939573353	16.117760427129003	71.12536902804386	1
22.260847939573353	16.117760427129003	22.260847939573353	-0.7194001783450652	34.55286228814051	-0.7194001783450652	34.55286228814051	16.117760427129003	22.260847939573353	16.117760427129003
R93	201.14649921345423	375.7877437025185	19.907733870369913	1
201.14649921345423	375.7877437025185	201.14649921345423	363.039137063239	206.95364473945816	363.039137063239	206.95364473945816	375.7877437025185	201.14649921345423	375.7877437025185
R92	393.15974237492526	296.1978630142602	71.66623666933135	1
393.15974237492526	296.1978630142602	393.15974237492526	282.2969680537336	411.2277619770525	282.2969680537336	411.2277619770525	296.1978630142602	393.15974237492526	296.1978630142602
R91	305.8292435765005	335.81194163856605	71.89012669619059	1
305.8292435765005	335.81194163856605	305.8292435765005	329.999438659675	317.77854590087827	329.999438659675	317.77854590087827	335.81194163856605	305.8292435765005	335.81194163856605
R90	229.4319961598879	76.39685079766492	77.7717698381849	1
229.4319961598879	76.39685079766492	229.4319961598879	58.86160905621627	250.52289166043556	58.86160905621627	250.52289166043556	76.39685079766492	229.4319961598879	76.39685079766492
R89	117.23560355566157	364.4706915840079	62.31278257202226	1
117.23560355566157	364.4706915840079	117.23560355566157	358.9735511504771	130.44314235175236	358.9735511504771	130.44314235175236	364.4706915840079	117.23560355566157	364.4706915840079
R88	398.6845266194754	199.50865665666177	15.67077522757129	1
398.6845266194754	199.50865665666177	398.6845266194754	181.0698646011933	414.1546475274539	181.0698646011933	414.1546475274539	199.50865665666177	398.6845266194754	199.50865665666177
R87	258.9730364519868	113.2651524596421	27.168229898396024	1
258.9730364519868	113.2651524596421	258.9730364519868	100.22664902186527	270.15108679849743	100.22664902186527	270.15108679849743	113.2651524596421	258.9730364519868	113.2651524596421
R86	469.7853093308305	425.6942434701929	4.141668177522881	1
469.7853093308305	425.6942434701929	469.7853093308305	420.228131752531	486.5906468298434	420.228131752531	486.5906468298434	425.6942434701929	469.7853093308305	425.6942434701929
R85	37.6338321684665	172.5106574170119	72.16000230288184	1
37.6338321684665	172.5106574170119	37.6338321684665	157.1357863606257	56.62513508543965	157.1357863606257	56.62513508543965	172.5106574170119	37.6338321684665	172.5106574170119
R84	488.1897902379742	37.43199352231092	5.126547172055688	1
488.1897902379742	37.43199352231092	488.1897902379742	31.696657217520297	500.3499127303486	31.696657217520297	500.3499127303486	37.43199352231092	488.1897902379742	37.43199352231092
R83	137.27473978555292	428.57803654177036	45.54141333596836	1
137.27473978555292	428.57803654177036	137.27473978555292	404.1433265538764	146.4664285506916	404.1433265538764	146.4664285506916	428.57803654177036	137.27473978555292	428.57803654177036
R82	1.7708333847916933	413.3761863949542	48.45850722802528	1
1.7708333847916933	413.3761863949542	1.7708333847916933	401.6665452886368	21.70039397450605	401.6665452886368	21.70039397450605	413.3761863949542	1.7708333847916933	413.3761863949542
R81	376.60694971489136	449.6328425179156	45.57202965097721	1
376.60694971489136	449.6328425179156	376.60694971489136	438.38283850887944	381.90699520028636	438.38283850887944	381.90699520028636	449.6328425179156	376.60694971489136	449.6328425179156
R80	397.19124894830776	322.1781274541547	43.55812620734412	1
397.19124894830776	322.1781274541547	397.19124894830776	309.9724151718874	415.62099193280875	309.9724151718874	415.62099193280875	322.1781274541547	397.19124894830776	322.1781274541547
R79	180.18594425192012	244.67724950963935	37.50201858115411	1
180.18594425192012	244.67724950963935	180.18594425192012	230.32909868335713	198.57310729421695	230.32909868335713	198.57310729421695	244.67724950963935	180.18594425192012	244.67724950963935
R78	479.3579984456207	144.82489520422865	58.35213099916636	1
479.3579984456207	144.82489520422865	479.3579984456207	135.54254571780882	486.3953085012253	135.54254571780882	486.3953085012253	144.82489520422865	479.3579984456207	144.82489520422865
R77	297.38984664046205	18.199160488965774	12.944778554929636	1
297.38984664046205	18.199160488965774	297.38984664046205	11.323615034627286	312.3762461326747	11.323615034627286	312.3762461326747	18.199160488965774	297.38984664046205	18.199160488965774
R76	78.99710696989337	411.55012544735956	9.622016549890592	1
78.99710696989337	411.55012544735956	78.99710696989337	403.58781184884725	87.70427988202246	403.58781184884725	87.70427988202246	411.55012544735956	78.99710696989337	411.55012544735956
R75	475.47566427233113	120.23333387158637	4.782268067612659	1
475.47566427233113	120.23333387158637	475.47566427233113	108.32735352873605	483.1491978657677	108.32735352873605	483.1491978657677	120.23333387158637	475.47566427233113	120.23333387158637
R74	5.888420381469286	186.87162208171807	65.39410472392144	1
5.888420381469286	186.87162208171807	5.888420381469286	176.1310640621405	13.58495063655065	176.1310640621405	13.58495063655065	186.87162208171807	5.888420381469286	186.87162208171807
R73	85.50228106810685	49.139270548609964	36.06549840110456	1
85.50228106810685	49.139270548609964	85.50228106810685	28.752287240294145	110.14426066740226	28.752287240294145	110.14426066740226	49.139270548609964	85.50228106810685	49.139270548609964
R72	187.79913188379712	443.81057315813604	78.48435594783984	1
187.79913188379712	443.81057315813604	187.79913188379712	429.9786173251426	209.12244239082136	429.9786173251426	209.12244239082136	443.81057315813604	187.79913188379712	443.81057315813604
R71	172.40936943104853	361.9003170074571	63.25992278771292	1
172.40936943104853	361.9003170074571	172.40936943104853	350.7230960482163	192.0108578422435	350.7230960482163	192.0108578422435	361.9003170074571	172.40936943104853	361.9003170074571
R70	207.65531299129648	195.8468523078421	86.55522560492064	1
207.65531299129648	195.8468523078421	207.65531299129648	188.7351920655578	217.24247567014632	188.7351920655578	217.24247567014632	195.8468523078421	207.65531299129648	195.8468523078421
R69	413.0412081740366	294.24892478363654	35.2896320428777	1
413.0412081740366	294.24892478363654	413.0412081740366	276.62083268482127	421.3696666230218	276.62083268482127	421.3696666230218	294.24892478363654	413.0412081740366	294.24892478363654
R68	233.9903425479507	302.66535977146197	43.52983510621732	1
233.9903425479507	302.66535977146197	233.9903425479507	277.9641481401281	245.4714629593383	277.9641481401281	245.4714629593383	302.66535977146197	233.9903425479507	302.66535977146197
R67	438.40454782875656	430.42261961374555	72.26235926652906	1
438.40454782875656	430.42261961374555	438.40454782875656	420.2599866320574	461.60053405579754	420.2599866320574	461.60053405579754	430.42261961374555	438.40454782875656	430.42261961374555
R66	402.2094702193698	353.2477656461351	25.96526139083953	1
402.2094702193698	353.2477656461351	402.2094702193698	335.0942410113986	424.03153749971636	335.0942410113986	424.03153749971636	353.2477656461351	402.2094702193698	353.2477656461351
R65	328.9495688201151	209.85538144229932	45.60117142306878	1
328.9495688201151	209.85538144229932	328.9495688201151	200.5505164237026	350.96134240605346	200.5505164237026	350.96134240605346	209.85538144229932	328.9495688201151	209.85538144229932
R64	386.7093332387739	497.3647057679456	20.883724338272575	1
386.7093332387739	497.3647057679456	386.7093332387739	488.1748310945231	394.13745433555556	488.1748310945231	394.13745433555556	497.3647057679456	386.7093332387739	497.3647057679456
R63	154.16287491009686	265.6091335665245	5.9231264966602675	1
154.16287491009686	265.6091335665245	154.16287491009686	256.996427506155	166.65489960746524	256.996427506155	166.65489960746524	265.6091335665245	154.16287491009686	265.6091335665245
R62	256.39181206477025	244.02279605026843	41.45098603193189	1
256.39181206477025	244.02279605026843	256.39181206477025	220.08077975006768	262.8628843599002	220.08077975006768	262.8628843599002	244.02279605026843	256.39181206477025	244.02279605026843
R61	370.26180022469623	76.85006464698208	61.09141775278985	1
370.26180022469623	76.85006464698208	370.26180022469623	64.88249579546911	388.9612537421524	64.88249579546911	388.9612537421524	76.85006464698208	370.26180022469623	76.85006464698208
R60	448.6109733233872	222.92135930754287	74.77605376686063	1
448.6109733233872	222.92135930754287	448.6109733233872	207.2688137987536	468.44296671933597	207.2688137987536	468.44296671933597	222.92135930754287	448.6109733233872	222.92135930754287
R59	262.27888219061083	305.17443127871036	65.75923003705766	1
262.27888219061083	305.17443127871036	262.27888219061083	290.50065291398494	283.05241088726416	290.50065291398494	283.05241088726416	305.17443127871036	262.27888219061083	305.17443127871036
R58	19.09241900954192	42.47345516909137	46.370337739093365	1
19.09241900954192	42.47345516909137	19.09241900954192	34.6868068343388	27.380565449304257	34.6868068343388	27.380565449304257	42.47345516909137	19.09241900954192	42.47345516909137
R57	229.3257456892607	442.0884603191094	48.32487303513687	1
229.3257456892607	442.0884603191094	229.3257456892607	419.267536610176	253.60682126755103	419.267536610176	253.60682126755103	442.0884603191094	229.3257456892607	442.0884603191094
R56	97.86387771571553	165.44596696707296	80.87393011444598	1
97.86387771571553	165.44596696707296	97.86387771571553	150.93762368451686	112.22319456875955	150.93762368451686	112.22319456875955	165.44596696707296	97.86387771571553	165.44596696707296
R55	34.325258130894944	422.44723492516727	45.70274030964775	1
34.325258130894944	422.44723492516727	34.325258130894944	412.08495547373076	54.84062802444132	412.08495547373076	54.84062802444132	422.44723492516727	34.325258130894944	422.44723492516727
R54	313.73627393805066	210.77332301566284	25.076114366887523	1
313.73627393805066	210.77332301566284	313.73627393805066	190.29896713181827	326.37796906736094	190.29896713181827	326.37796906736094	210.77332301566284	313.73627393805066	210.77332301566284
R53	52.00125045172069	136.15705244053765	79.41820785158181	1
52.00125045172069	136.15705244053765	52.00125045172069	117.79464173488377	76.07309070344999	117.79464173488377	76.07309070344999	136.15705244053765	52.00125045172069	136.15705244053765
R52	112.37428117538843	67.59968953754475	15.65053770799598	1
112.37428117538843	67.59968953754475	112.37428117538843	60.70094633459007	129.83171134238165	60.70094633459007	129.83171134238165	67.59968953754475	112.37428117538843	67.59968953754475
R51	351.41464876115094	97.94601626807558	28.754082637271875	1
351.41464876115094	97.94601626807558	351.41464876115094	92.07891720784583	370.4431554932031	92.07891720784583	370.4431554932031	97.94601626807558	351.41464876115094	97.94601626807558
R50	-4.504600110234845	335.10419559297657	50.979594118919934	1
-4.504600110234845	335.10419559297657	-4.504600110234845	319.2628007701244	17.143385520612505	319.2628007701244	17.143385520612505	335.10419559297657	-4.504600110234845	335.10419559297657
R49	391.83524451237446	132.50761309735358	56.83210873103143	1
391.83524451237446	132.50761309735358	391.83524451237446	125.65891192955856	401.89452478776565	125.65891192955856	401.89452478776565	132.50761309735358	391.83524451237446	132.50761309735358
R48	1.2365956226917199	109.16393167656805	72.12378375835176	1
1.2365956226917199	109.16393167656805	1.2365956226917199	99.49039356528662	6.576011797701749	99.49039356528662	6.576011797701749	109.16393167656805	1.2365956226917199	109.16393167656805
R47	413.23806273678946	489.8218261007826	58.646823651408184	1
413.23806273678946	489.8218261007826	413.23806273678946	477.1417473925111	433.04631426010764	477.1417473925111	433.04631426010764	489.8218261007826	413.23806273678946	489.8218261007826
R46	488.22769144516656	124.40943142314883	46.57453419723397	1
488.22769144516656	124.40943142314883	488.22769144516656	116.73606442439991	506.73538559458007	116.73606442439991	506.73538559458007	124.40943142314883	488.22769144516656	124.40943142314883
R45	155.2134294811318	442.95859142171804	36.58350478251212	1
155.2134294811318	442.95859142171804	155.2134294811318	418.36837972769405	174.06651598245185	418.36837972769405	174.06651598245185	442.95859142171804	155.2134294811318	442.95859142171804
R44	78.41041555276492	397.7272868182521	63.89756684448378	1
78.41041555276492	397.7272868182521	78.41041555276492	391.0223610248337	84.58262737607264	391.0223610248337	84.58262737607264	397.7272868182521	78.41041555276492	397.7272868182521
R43	40.579826063317505	188.16825533499897	61.50153280346915	1
40.579826063317505	188.16825533499897	40.579826063317505	182.61362403644594	60.16548847617792	182.61362403644594	60.16548847617792	188.16825533499897	40.579826063317505	188.16825533499897
R42	256.1422554919295	56.76455114579086	12.138525875907966	1
256.1422554919295	56.76455114579086	256.1422554919295	38.83118254014646	266.18783376562624	38.83118254014646	266.18783376562624	56.76455114579086	256.1422554919295	56.76455114579086
R41	362.4885149822663	264.56367318084443	32.00647666322128	1
362.4885149822663	264.56367318084443	362.4885149822663	258.48988617359254	372.8265775625911	258.48988617359254	372.8265775625911	264.56367318084443	362.4885149822663	264.56367318084443
R40	433.6241832200379	394.4897225980594	14.415559971918345	1
433.6241832200379	394.4897225980594	433.6241832200379	377.96000220426754	439.09202768614733	377.96000220426754	439.09202768614733	394.4897225980594	433.6241832200379	394.4897225980594
R39	336.3090984859479	478.198678158565	37.046779232008866	1
336.3090984859479	478.198678158565	336.3090984859479	454.9061940356559	347.3911570700431	454.9061940356559	347.3911570700431	478.198678158565	336.3090984859479	478.198678158565
R38	225.1912875229112	18.364909807007724	65.44148502657089	1
225.1912875229112	18.364909807007724	225.1912875229112	12.046643791486622	242.64456215533866	12.046643791486622	242.64456215533866	18.364909807007724	225.1912875229112	18.364909807007724
R37	260.08499545247935	372.8476085412145	16.531048375086613	1
260.08499545247935	372.8476085412145	260.08499545247935	354.9341040538841	277.11519989972874	354.9341040538841	277.11519989972874	372.8476085412145	260.08499545247935	372.8476085412145
R36	365.50536987120887	390.18385487527735	85.12571183924146	1
365.50536987120887	390.18385487527735	365.50536987120887	383.8641653043809	390.1831612349226	383.8641653043809	390.1831612349226	390.18385487527735	365.50536987120887	390.18385487527735
R35	439.8479301607611	167.2905654437776	69.4199959585962	1
439.8479301607611	167.2905654437776	439.8479301607611	148.9320191410281	461.314594372371	148.9320191410281	461.314594372371	167.2905654437776	439.8479301607611	167.2905654437776
R34	409.18858367625813	300.1306365226968	73.4325006736765	1
409.18858367625813	300.1306365226968	409.18858367625813	288.98754297195603	414.42380618280055	288.98754297195603	414.42380618280055	300.1306365226968	409.18858367625813	300.1306365226968
R33	308.58052313712614	86.40912673540346	37.03067864282054	1
308.58052313712614	86.40912673540346	308.58052313712614	79.77952381745824	322.71642789330843	79.77952381745824	322.71642789330843	86.40912673540346	308.58052313712614	86.40912673540346
R32	201.93721229132177	466.1134849202095	13.17758895756953	1
201.93721229132177	466.1134849202095	201.93721229132177	443.9334685689054	224.92767809820344	443.9334685689054	224.92767809820344	466.1134849202095	201.93721229132177	466.1134849202095
R31	210.1159410853482	500.8970893159965	23.8291807827747	1
210.1159410853482	500.8970893159965	210.1159410853482	495.57318641331597	226.6333137558571	495.57318641331597	226.6333137558571	500.8970893159965	210.1159410853482	500.8970893159965
R30	355.65452944773523	456.92874413705533	71.85680394417831	1
355.65452944773523	456.92874413705533	355.65452944773523	445.37516453123567	374.01224060967917	445.37516453123567	374.01224060967917	456.92874413705533	355.65452944773523	456.92874413705533
R29	41.76384412951832	27.89113112309299	31.863283053047148	1
41.76384412951832	27.89113112309299	41.76384412951832	17.635588671842065	62.07812565006972	17.635588671842065	62.07812565006972	27.89113112309299	41.76384412951832	27.89113112309299
R28	62.64202470500589	425.3093070063592	79.5065885993668	1
62.64202470500589	425.3093070063592	62.64202470500589	419.53342057914494	74.9738517413322	419.53342057914494	74.9738517413322	425.3093070063592	62.64202470500589	425.3093070063592
R27	411.95149625653613	172.3258417822245	66.79659813567038	1
411.95149625653613	172.3258417822245	411.95149625653613	154.18891008852555	432.4361354540096	154.18891008852555	432.4361354540096	172.3258417822245	411.95149625653613	172.3258417822245
R26	416.3877388973217	34.412454399346665	64.60507093874656	1
416.3877388973217	34.412454399346665	416.3877388973217	13.345659092326692	433.98879233337414	13.345659092326692	433.98879233337414	34.412454399346665	416.3877388973217	34.412454399346665
R25	251.66926340415145	26.318029434457237	51.155828913731206	1
251.66926340415145	26.318029434457237	251.66926340415145	2.544848396357523	270.81189540533376	2.544848396357523	270.81189540533376	26.318029434457237	251.66926340415145	26.318029434457237
R24	-1.0088882626197693	298.80175191141774	30.167807414838357	1
-1.0088882626197693	298.80175191141774	-1.0088882626197693	291.51455295102056	14.56022643974061	291.51455295102056	14.56022643974061	298.80175191141774	-1.0088882626197693	298.80175191141774
R23	371.00947155009726	241.38478580939187	40.17265895749039	1
371.00947155009726	241.38478580939187	371.00947155009726	235.16223743197622	392.6679698283433	235.16223743197622	392.6679698283433	241.38478580939187	371.00947155009726	241.38478580939187
R22	287.763155924891	218.47759449018847	61.55923670770383	1
287.763155924891	218.47759449018847	287.763155924891	196.03766654525785	310.87803837379903	196.03766654525785	310.87803837379903	218.47759449018847	287.763155924891	218.47759449018847
R21	94.58770940085456	155.80024009960792	37.048357076306274	1
94.58770940085456	155.80024009960792	94.58770940085456	147.4241580235961	105.87272169021092	147.4241580235961	105.87272169021092	155.80024009960792	94.58770940085456	155.80024009960792
R20	186.04115018681767	292.0111362747986	71.46471647759354	1
186.04115018681767	292.0111362747986	186.04115018681767	267.31973076291166	203.9588617768124	267.31973076291166	203.9588617768124	292.0111362747986	186.04115018681767	292.0111362747986
R19	172.13560771473928	386.89537157359797	86.25737337632724	1
172.13560771473928	386.89537157359797	172.13560771473928	367.4857991999084	185.7743112411034	367.4857991999084	185.7743112411034	386.89537157359797	172.13560771473928	386.89537157359797
R18	345.7568353954457	292.3363680614891	54.213767747261606	1
345.7568353954457	292.3363680614891	345.7568353954457	278.4691860502295	361.9334108575805	278.4691860502295	361.9334108575805	292.3363680614891	345.7568353954457	292.3363680614891
R17	463.0543059961803	145.60592674365805	65.34751904198279	1
463.0543059961803	145.60592674365805	463.0543059961803	131.04498106836192	470.4182466438975	131.04498106836192	470.4182466438975	145.60592674365805	463.0543059961803	145.60592674365805
R16	361.79724114777315	196.25487931863546	11.318360356225176	1
361.79724114777315	196.25487931863546	361.79724114777315	176.8804098208007	383.3483675616206	176.8804098208007	383.3483675616206	196.25487931863546	361.79724114777315	196.25487931863546
R15	226.21737864512394	408.0728409026079	83.41178644777334	1
226.21737864512394	408.0728409026079	226.21737864512394	396.38661893924797	248.52537480774427	396.38661893924797	248.52537480774427	408.0728409026079	226.21737864512394	408.0728409026079
R14	320.6971787338441	76.2081518793423	37.887799301576734	1
320.6971787338441	76.2081518793423	320.6971787338441	59.70334895688842	329.8499798943217	59.70334895688842	329.8499798943217	76.2081518793423	320.6971787338441	76.2081518793423
R13	348.81259543472316	206.59994184842307	34.48702850260819	1
348.81259543472316	206.59994184842307	348.81259543472316	197.55277905015996	360.3478234710163	197.55277905015996	360.3478234710163	206.59994184842307	348.81259543472316	206.59994184842307
R12	358.7024306474481	470.37194391597467	68.29011044184992	1
358.7024306474481	470.37194391597467	358.7024306474481	452.3019892507918	372.1165361219976	452.3019892507918	372.1165361219976	470.37194391597467	358.7024306474481	470.37194391597467
R11	10.511426013470423	99.7737347382561	35.655269796840386	1
10.511426013470423	99.7737347382561	10.511426013470423	85.99000355177303	19.01992080714955	85.99000355177303	19.01992080714955	99.7737347382561	10.511426013470423	99.7737347382561
R10	196.74278335693694	84.6275389795939	51.17774360224252	1
196.74278335693694	84.6275389795939	196.74278335693694	71.30331331427392	210.40697535197572	71.30331331427392	210.40697535197572	84.6275389795939	196.74278335693694	84.6275389795939
R9	441.75526939273675	329.0498063547606	87.06674784103231	1
441.75526939273675	329.0498063547606	441.75526939273675	313.52531035794067	447.52120029898856	313.52531035794067	447.52120029898856	329.0498063547606	441.75526939273675	329.0498063547606
R8	392.35386174048955	97.46449552415879	12.228825798190426	1
392.35386174048955	97.46449552415879	392.35386174048955	86.3382584504289	408.59272940370585	86.3382584504289	408.59272940370585	97.46449552415879	392.35386174048955	97.46449552415879
R7	47.447650337264804	426.6105878980351	39.45034385984848	1
47.447650337264804	426.6105878980351	47.447650337264804	402.0224935905079	63.868862936591256	402.0224935905079	63.868862936591256	426.6105878980351	47.447650337264804	426.6105878980351
R6	31.0868861990772	246.3695960750683	25.44546893939162	1
31.0868861990772	246.3695960750683	31.0868861990772	237.07624517722323	48.04003002246668	237.07624517722323	48.04003002246668	246.3695960750683	31.0868861990772	246.3695960750683
R5	169.84139483751025	26.799139085301558	80.61912721092628	1
169.84139483751025	26.799139085301558	169.84139483751025	7.570251591795543	194.65682542023367	7.570251591795543	194.65682542023367	26.799139085301558	169.84139483751025	26.799139085301558
R4	462.4454559142612	151.75673092715576	77.42072669618105	1
462.4454559142612	151.75673092715576	462.4454559142612	134.65488959750988	475.2099218574922	134.65488959750988	475.2099218574922	151.75673092715576	462.4454559142612	151.75673092715576
R3	146.9096946580152	440.9337672519469	34.53364488194845	1
146.9096946580152	440.9337672519469	146.9096946580152	429.5538352158748	164.55839524526345	429.5538352158748	164.55839524526345	440.9337672519469	146.9096946580152	440.9337672519469
R2	417.8882887527286	341.9922914795453	35.62178235447521	1
417.8882887527286	341.9922914795453	417.8882887527286	319.1063484877585	434.34302578783047	319.1063484877585	434.34302578783047	341.9922914795453	417.8882887527286	341.9922914795453
R1	84.99036289378677	462.80798427207816	41.28691366627747	1
84.99036289378677	462.80798427207816	84.99036289378677	457.461597861748	96.91000019333023	457.461597861748	96.91000019333023	462.80798427207816	84.99036289378677	462.80798427207816
