R100	4.397393868115845	155.49665574388436	11.97626109344626	5
4.397393868115845	155.49665574388436	4.397393868115845	142.796858096109	9.750956775870273	142.796858096109	9.750956775870273	155.49665574388436	4.397393868115845	155.49665574388436
7.113827983679733	163.18314256778265	7.113827983679733	141.80459421899022	12.388085568060813	141.80459421899022	12.388085568060813	163.18314256778265
-2.270850582557129	166.39160043092804	-2.270850582557129	144.60171105684068	17.373454945834524	144.60171105684068	17.373454945834524	166.39160043092804
1.8902186169957402	158.81016654236552	1.8902186169957402	150.23803036509068	6.904569119235948	150.23803036509068	6.904569119235948	158.81016654236552
4.003377668313884	152.98670390031208	4.003377668313884	132.80808879765493	15.498535883426662	132.80808879765493	15.498535883426662	152.98670390031208
R99	315.12148311421515	472.0361808974492	11.97626109344626	5
315.12148311421515	472.0361808974492	315.12148311421515	450.2598944615386	331.7979789034317	450.2598944615386	331.7979789034317	472.0361808974492	315.12148311421515	472.0361808974492
312.04058542033135	459.77583314184085	312.04058542033135	440.7439557812363	319.0990866959037	440.7439557812363	319.0990866959037	459.77583314184085
310.3470620012512	481.89001269414734	310.3470620012512	462.182349100751	325.56903318242746	462.182349100751	325.56903318242746	481.89001269414734
312.56812764790686	459.35191982070046	312.56812764790686	441.1678691023767	322.1555693574019	441.1678691023767	322.1555693574019	459.35191982070046
321.6540606056263	455.36123586217246	321.6540606056263	445.1585530609047	330.92447803312365	445.1585530609047	330.92447803312365	455.36123586217246
R98	23.033049706092864	498.31316271923913	11.97626109344626	5
23.033049706092864	498.31316271923913	23.033049706092864	487.8455036584305	44.30378650038604	487.8455036584305	44.30378650038604	498.31316271923913	23.033049706092864	498.31316271923913
25.819293583795336	499.3148269941565	25.819293583795336	476.37618032270456	49.04048380307096	476.37618032270456	49.04048380307096	499.3148269941565
17.182517860762538	504.39419938681544	17.182517860762538	492.2321260516628	37.914487237167954	492.2321260516628	37.914487237167954	504.39419938681544
38.108058328802194	493.7569176929249	38.108058328802194	485.89119740900577	50.499514671969884	485.89119740900577	50.499514671969884	493.7569176929249
10.614697354401393	496.7930338263818	10.614697354401393	487.34653697996237	35.451402057784335	487.34653697996237	35.451402057784335	496.7930338263818
R97	150.56402865725826	335.79954202498624	11.97626109344626	5
150.56402865725826	335.79954202498624	150.56402865725826	321.85252970788014	158.9943815684256	321.85252970788014	158.9943815684256	335.79954202498624	150.56402865725826	335.79954202498624
144.09082827513194	338.8530034376188	144.09082827513194	332.7460806123537	162.8731896621929	332.7460806123537	162.8731896621929	338.8530034376188
152.04578605818028	346.40689526629706	152.04578605818028	325.1921887836754	163.93653187686516	325.1921887836754	163.93653187686516	346.40689526629706
150.01393140092873	330.7354689569625	150.01393140092873	312.96959045879777	167.5845235434754	312.96959045879777	167.5845235434754	330.7354689569625
149.50655129864725	331.00917125829005	149.50655129864725	321.04294622277905	168.48221183820397	321.04294622277905	168.48221183820397	331.00917125829005
R96	4.97965345636703	64.98170996133436	11.97626109344626	5
4.97965345636703	64.98170996133436	4.97965345636703	54.17217476827538	20.966933801355665	54.17217476827538	20.966933801355665	64.98170996133436	4.97965345636703	64.98170996133436
0.6551809507804291	58.06977366559231	0.6551809507804291	50.27457587095846	16.654099939779126	50.27457587095846	16.654099939779126	58.06977366559231
-7.3918492904611615	67.99927717177508	-7.3918492904611615	54.260643848726914	17.351156203195224	54.260643848726914	17.351156203195224	67.99927717177508
10.933466280903437	69.29352519794264	10.933466280903437	54.891814314784426	31.000401321807892	54.891814314784426	31.000401321807892	69.29352519794264
2.3727555658460764	69.62389890750211	2.3727555658460764	50.72681767764679	7.586551346887984	50.72681767764679	7.586551346887984	69.62389890750211
R95	316.51830101711835	91.5453939073653	11.97626109344626	5
316.51830101711835	91.5453939073653	316.51830101711835	85.26426399420036	335.1310181913949	85.26426399420036	335.1310181913949	91.5453939073653	316.51830101711835	91.5453939073653
315.60038302217004	95.19642392211841	315.60038302217004	87.8943638926122	338.10527488009564	87.8943638926122	338.10527488009564	95.19642392211841
315.1031622834288	97.11574226157438	315.1031622834288	85.9750455531562	330.03306359443513	85.9750455531562	330.03306359443513	97.11574226157438
326.6344492968994	97.42341328643259	326.6344492968994	78.5705905772298	343.6275870858904	78.5705905772298	343.6275870858904	97.42341328643259
327.88220565033447	95.21816151868661	327.88220565033447	87.872626296044	334.34593157741205	87.872626296044	334.34593157741205	95.21816151868661
R94	135.0081073561627	381.4279796737105	11.97626109344626	5
135.0081073561627	381.4279796737105	135.0081073561627	367.17282776864045	156.82974570572512	367.17282776864045	156.82974570572512	381.4279796737105	135.0081073561627	381.4279796737105
135.08385617514315	370.1523246170556	135.08385617514315	364.19333092022526	154.61367630807175	364.19333092022526	154.61367630807175	370.1523246170556
135.9424419305926	392.25894314037635	135.9424419305926	370.5970162070447	152.35278908784213	370.5970162070447	152.35278908784213	392.25894314037635
127.94257531860208	389.8821474804016	127.94257531860208	372.97381186701944	150.77580243266178	372.97381186701944	150.77580243266178	389.8821474804016
144.39547870543916	377.6892535765689	144.39547870543916	372.0796010557746	169.26401270601107	372.0796010557746	169.26401270601107	377.6892535765689
R93	409.9599675374062	369.7377431686976	11.97626109344626	5
409.9599675374062	369.7377431686976	409.9599675374062	361.5804627060201	421.64040608510516	361.5804627060201	421.64040608510516	369.7377431686976	409.9599675374062	369.7377431686976
403.45197362090784	373.4008930205186	403.45197362090784	366.0745933168767	423.64723487917655	366.0745933168767	423.64723487917655	373.4008930205186
405.14223874067574	365.7866446995881	405.14223874067574	360.53056262454425	414.7776963341367	360.53056262454425	414.7776963341367	365.7866446995881
410.80497895763995	380.3212964581978	410.80497895763995	359.15418987919736	429.27651166654437	359.15418987919736	429.27651166654437	380.3212964581978
408.51951170348576	377.1015197501276	408.51951170348576	362.3739665872676	423.36876459480567	362.3739665872676	423.36876459480567	377.1015197501276
R92	379.13723154049734	378.5405344553361	11.97626109344626	5
379.13723154049734	378.5405344553361	379.13723154049734	367.9020237376109	389.3549295049516	367.9020237376109	389.3549295049516	378.5405344553361	379.13723154049734	378.5405344553361
377.368042192274	370.6980967892048	377.368042192274	365.1059506860171	385.25746687775035	365.1059506860171	385.25746687775035	370.6980967892048
384.7668744176304	379.61393518577233	384.7668744176304	358.5676230292238	393.9429845922729	358.5676230292238	393.9429845922729	379.61393518577233
377.3300575737714	385.40929370135353	377.3300575737714	370.31822189226915	401.3798014361318	370.31822189226915	401.3798014361318	385.40929370135353
384.61518505783636	380.0790242610367	384.61518505783636	355.72502321418506	393.9706619165772	355.72502321418506	393.9706619165772	380.0790242610367
R91	130.6018596465734	138.51344324794687	11.97626109344626	5
130.6018596465734	138.51344324794687	130.6018596465734	126.4171720067746	137.1399341192317	126.4171720067746	137.1399341192317	138.51344324794687	130.6018596465734	138.51344324794687
118.24189416793311	143.58018265032243	118.24189416793311	131.40544355792062	142.96182512521366	131.40544355792062	142.96182512521366	143.58018265032243
120.20004229054233	137.10463763740225	120.20004229054233	129.74468707743378	141.00367700260443	129.74468707743378	141.00367700260443	137.10463763740225
127.77581419654967	137.7644664541007	127.77581419654967	128.75274783091	133.4279050965971	128.75274783091	133.4279050965971	137.7644664541007
132.0032440914163	129.89972949493946	132.0032440914163	122.93461451860975	141.32234285828375	122.93461451860975	141.32234285828375	129.89972949493946
R90	463.2372284486597	309.4657636156943	11.97626109344626	5
463.2372284486597	309.4657636156943	463.2372284486597	301.4420941061295	476.87654835938577	301.4420941061295	476.87654835938577	309.4657636156943	463.2372284486597	309.4657636156943
453.2148806384554	311.71823222726675	453.2148806384554	301.19061121903474	473.25957625886406	301.19061121903474	473.25957625886406	311.71823222726675
462.39398723467485	313.6128081415767	462.39398723467485	289.2713800706823	480.41761239190186	289.2713800706823	480.41761239190186	313.6128081415767
468.8492191111666	318.5106020576236	468.8492191111666	300.420925173765	474.66786771530315	300.420925173765	474.66786771530315	318.5106020576236
471.7354702874234	318.66136604169867	471.7354702874234	300.27016118968993	478.04663752755874	300.27016118968993	478.04663752755874	318.66136604169867
R89	410.74746388158934	174.72710835987033	11.97626109344626	5
410.74746388158934	174.72710835987033	410.74746388158934	169.54025161714839	431.6798857242523	169.54025161714839	431.6798857242523	174.72710835987033	410.74746388158934	174.72710835987033
406.2069954195024	175.83804477619316	406.2069954195024	166.68995079448013	415.2879323436762	166.68995079448013	415.2879323436762	175.83804477619316
412.22594879091224	174.11190810761815	412.22594879091224	164.96859512667862	420.2888296039271	164.96859512667862	420.2888296039271	174.11190810761815
423.087219169768	175.6539729264944	423.087219169768	163.42653030780238	430.97398838149843	163.42653030780238	430.97398838149843	175.6539729264944
406.58918942331377	182.06597598189828	406.58918942331377	167.38824073784238	414.9910634450865	167.38824073784238	414.9910634450865	182.06597598189828
R88	94.13327571595089	264.4027425788477	11.97626109344626	5
94.13327571595089	264.4027425788477	94.13327571595089	257.7722180981436	106.59814546242261	257.7722180981436	106.59814546242261	264.4027425788477	94.13327571595089	264.4027425788477
91.85680699285747	269.16660160545	91.85680699285747	246.37783459083718	103.44911861904446	246.37783459083718	103.44911861904446	269.16660160545
97.94341186931874	268.97546624709287	97.94341186931874	255.2799900416649	115.25287905552648	255.2799900416649	115.25287905552648	268.97546624709287
84.00911577324878	261.7398282371524	84.00911577324878	253.8046079591348	108.16975286749191	253.8046079591348	108.16975286749191	261.7398282371524
84.5214437483514	270.5847092454113	84.5214437483514	255.31029900980442	103.74510768355037	255.31029900980442	103.74510768355037	270.5847092454113
R87	167.6444750867149	172.49605170759926	11.97626109344626	5
167.6444750867149	172.49605170759926	167.6444750867149	166.98453177154428	188.49152265482493	166.98453177154428	188.49152265482493	172.49605170759926	167.6444750867149	172.49605170759926
164.6516604383381	178.4321665115462	164.6516604383381	166.55993690365233	185.30583144591728	166.55993690365233	185.30583144591728	178.4321665115462
185.05917376746163	180.02224278823667	185.05917376746163	164.96986062696186	191.26507963662186	164.96986062696186	191.26507963662186	180.02224278823667
166.1956184105552	178.5709974704648	166.1956184105552	166.42110594473374	184.1045678496713	166.42110594473374	184.1045678496713	178.5709974704648
175.69113593046245	178.2607251910785	175.69113593046245	155.70833835201006	195.92860591209114	155.70833835201006	195.92860591209114	178.2607251910785
R86	213.20896413060143	332.8982353013975	11.97626109344626	5
213.20896413060143	332.8982353013975	213.20896413060143	315.1376440042116	220.09071394038125	315.1376440042116	220.09071394038125	332.8982353013975	213.20896413060143	332.8982353013975
207.46049029182285	329.737248078113	207.46049029182285	319.62839956338826	218.95743796938	319.62839956338826	218.95743796938	329.737248078113
201.41122016201533	322.2395953551651	201.41122016201533	313.92109278132693	225.00670809918753	313.92109278132693	225.00670809918753	322.2395953551651
215.49535344202178	323.3647567814172	215.49535344202178	315.35764368488515	224.68607443874072	315.35764368488515	224.68607443874072	323.3647567814172
216.98967663189967	334.7417018249918	216.98967663189967	327.0920894591456	223.19175124886283	327.0920894591456	223.19175124886283	334.7417018249918
R85	108.33830539307846	439.24518849122643	11.97626109344626	5
108.33830539307846	439.24518849122643	108.33830539307846	415.6729345980298	123.23512729068395	415.6729345980298	123.23512729068395	439.24518849122643	108.33830539307846	439.24518849122643
98.12447484440206	433.21371522174366	98.12447484440206	422.8960229843433	118.55213594175486	422.8960229843433	118.55213594175486	433.21371522174366
117.97427148737175	423.5680281653127	117.97427148737175	411.41617122728036	128.49598309399613	411.41617122728036	128.49598309399613	423.5680281653127
115.98051883280975	437.00834643817024	115.98051883280975	424.4418121063564	130.48973574855816	424.4418121063564	130.48973574855816	437.00834643817024
111.31183069835599	430.5498515492543	111.31183069835599	417.9055674388818	135.15842388301192	417.9055674388818	135.15842388301192	430.5498515492543
R84	412.50987256961315	353.6415567312856	11.97626109344626	5
412.50987256961315	353.6415567312856	412.50987256961315	345.9187710174929	426.2908017196516	345.9187710174929	426.2908017196516	353.6415567312856	412.50987256961315	353.6415567312856
410.09761044335335	362.8668450126099	410.09761044335335	344.41626844996136	433.9271658269755	344.41626844996136	433.9271658269755	362.8668450126099
414.55037822710307	356.8583039726091	414.55037822710307	340.01262627605644	438.0312252122001	340.01262627605644	438.0312252122001	356.8583039726091
415.38752455404585	354.1638421634048	415.38752455404585	337.67369987158094	425.6815315156498	337.67369987158094	425.6815315156498	354.1638421634048
405.5455914455127	355.44699049150444	405.5455914455127	336.3905515434813	429.29167705953995	336.3905515434813	429.29167705953995	355.44699049150444
R83	227.02556015492834	209.25196272099885	11.97626109344626	5
227.02556015492834	209.25196272099885	227.02556015492834	200.53562012245322	240.74800720034617	200.53562012245322	240.74800720034617	209.25196272099885	227.02556015492834	209.25196272099885
232.85831092317648	212.16158253549162	232.85831092317648	206.34234290650608	240.0981646682523	206.34234290650608	240.0981646682523	212.16158253549162
232.40818026628136	213.0297204135757	232.40818026628136	188.04151983133076	239.53580326237062	188.04151983133076	239.53580326237062	213.0297204135757
235.64243448080848	212.19126463738183	235.64243448080848	196.51753332252906	245.8535799198839	196.51753332252906	245.8535799198839	212.19126463738183
221.5623979632388	206.8744514050159	221.5623979632388	194.19678883989056	236.96269062197777	194.19678883989056	236.96269062197777	206.8744514050159
R82	3.3470462633173392	371.75949706916373	11.97626109344626	5
3.3470462633173392	371.75949706916373	3.3470462633173392	365.0002922017515	11.998523075319728	365.0002922017515	11.998523075319728	371.75949706916373	3.3470462633173392	371.75949706916373
-3.9057769320086146	370.1696927697615	-3.9057769320086146	360.6440538432335	10.599869458643294	360.6440538432335	10.599869458643294	370.1696927697615
0.13002482039885965	377.1420628887244	0.13002482039885965	362.4414844032312	6.564067706235819	362.4414844032312	6.564067706235819	377.1420628887244
8.847783697072463	380.54800200979867	8.847783697072463	355.71650304919876	15.149262453566992	355.71650304919876	15.149262453566992	380.54800200979867
-1.043433007971049	379.12396122157975	-1.043433007971049	364.3950329167477	14.472061134259835	364.3950329167477	14.472061134259835	379.12396122157975
R81	414.90760318109295	194.6912838280233	11.97626109344626	5
414.90760318109295	194.6912838280233	414.90760318109295	174.1291411014961	429.29259294883246	174.1291411014961	429.29259294883246	194.6912838280233	414.90760318109295	194.6912838280233
411.3986556456329	180.501000789921	411.3986556456329	169.40562743141683	418.416550716553	169.40562743141683	418.416550716553	180.501000789921
425.1419328905362	185.67562126729936	425.1419328905362	170.22269750329033	433.4432530071287	170.22269750329033	433.4432530071287	185.67562126729936
411.27654960651637	185.64602310968695	411.27654960651637	162.61225909330523	435.22362472443695	162.61225909330523	435.22362472443695	185.64602310968695
419.5478451400232	186.87249657698948	419.5478451400232	177.5259370576013	439.03734075764174	177.5259370576013	439.03734075764174	186.87249657698948
R80	137.4005236749717	123.61130082878174	11.97626109344626	5
137.4005236749717	123.61130082878174	137.4005236749717	100.64039069375846	149.8756146970119	100.64039069375846	149.8756146970119	123.61130082878174	137.4005236749717	123.61130082878174
125.88873812945761	116.98079357017893	125.88873812945761	93.6665606725157	148.9123092204858	93.6665606725157	148.9123092204858	116.98079357017893
138.5631425309524	123.12874116381438	138.5631425309524	116.67027066245556	161.18808686307142	116.67027066245556	161.18808686307142	123.12874116381438
139.54272510972163	131.78777162682385	139.54272510972163	110.58995984523662	160.2085042843022	110.58995984523662	160.2085042843022	131.78777162682385
140.8550767220546	132.30945787262363	140.8550767220546	114.91314378493983	146.95481524672408	114.91314378493983	146.95481524672408	132.30945787262363
R79	182.54404973306242	64.18041972632889	11.97626109344626	5
182.54404973306242	64.18041972632889	182.54404973306242	58.75555572269434	192.30446285244722	58.75555572269434	192.30446285244722	64.18041972632889	182.54404973306242	64.18041972632889
187.88661136428723	66.38949058674751	187.88661136428723	51.121620858641165	194.90252251326055	51.121620858641165	194.90252251326055	66.38949058674751
176.13761558021582	65.65665399537367	176.13761558021582	58.010788191433825	188.95048388590902	58.010788191433825	188.95048388590902	65.65665399537367
177.72302589711722	69.52148821832115	177.72302589711722	47.989623227067526	196.45692095994838	47.989623227067526	196.45692095994838	69.52148821832115
182.81746713974067	62.06335477351419	182.81746713974067	55.44775667187449	188.21200292074926	55.44775667187449	188.21200292074926	62.06335477351419
R78	130.3228713152252	179.08351934926552	11.97626109344626	5
130.3228713152252	179.08351934926552	130.3228713152252	157.83981285935565	153.94350244632187	157.83981285935565	153.94350244632187	179.08351934926552	130.3228713152252	179.08351934926552
127.46142230942084	160.63211105233975	127.46142230942084	155.0475146663716	146.66422448448733	155.0475146663716	146.66422448448733	160.63211105233975
137.0113814648629	185.68831255482198	137.0113814648629	172.47872614370905	142.76820314692964	172.47872614370905	142.76820314692964	185.68831255482198
119.50437649872347	184.21973194771266	119.50437649872347	165.2875555922638	141.14136613172693	165.2875555922638	141.14136613172693	184.21973194771266
135.75063201508826	161.88171416533055	135.75063201508826	153.79791155338074	155.53806318351272	153.79791155338074	155.53806318351272	161.88171416533055
R77	-5.293737459444961	268.8239378194154	11.97626109344626	5
-5.293737459444961	268.8239378194154	-5.293737459444961	251.08158549222924	17.640368441362533	251.08158549222924	17.640368441362533	268.8239378194154	-5.293737459444961	268.8239378194154
10.113723462769304	261.1867445114915	10.113723462769304	247.3054346556232	25.16701341995576	247.3054346556232	25.16701341995576	261.1867445114915
-0.40185705602947674	277.6931755209583	-0.40185705602947674	259.9547001178725	10.854893414278003	259.9547001178725	10.854893414278003	277.6931755209583
-17.468149789853207	274.4750130061468	-17.468149789853207	260.14176239407095	6.880674870963284	260.14176239407095	6.880674870963284	274.4750130061468
-9.471080132194247	266.34771664292697	-9.471080132194247	257.32695097457275	-1.1163947866956754	257.32695097457275	-1.1163947866956754	266.34771664292697
R76	377.84266837692303	261.3849854596629	11.97626109344626	5
377.84266837692303	261.3849854596629	377.84266837692303	254.21106144111963	392.58131771106036	254.21106144111963	392.58131771106036	261.3849854596629	377.84266837692303	261.3849854596629
376.7286211119158	264.4173302410294	376.7286211119158	244.00479264120983	401.65083489891106	244.00479264120983	401.65083489891106	264.4173302410294
367.3934793938317	268.4008424538341	367.3934793938317	243.4784322714156	388.2918573600144	243.4784322714156	388.2918573600144	268.4008424538341
388.8621114470961	260.13799919794445	388.8621114470961	250.12681130048412	396.30052397502453	250.12681130048412	396.30052397502453	260.13799919794445
374.43522207590297	260.1677402997656	374.43522207590297	248.25438258247362	398.771109221354	248.25438258247362	398.771109221354	260.1677402997656
R75	297.73092966171197	275.75866057268695	11.97626109344626	5
297.73092966171197	275.75866057268695	297.73092966171197	269.2577920844468	304.3263457156382	269.2577920844468	304.3263457156382	275.75866057268695	297.73092966171197	275.75866057268695
285.95478365497024	281.2190983455155	285.95478365497024	257.29648582337813	309.7077470567966	257.29648582337813	309.7077470567966	281.2190983455155
289.5389811177809	279.2454866587988	289.5389811177809	270.408395509473	305.92287820564303	270.408395509473	305.92287820564303	279.2454866587988
295.2283319013926	277.6834752374504	295.2283319013926	260.84332188534523	300.23352742203133	260.84332188534523	300.23352742203133	277.6834752374504
296.0117246461534	274.2428903176519	296.0117246461534	264.2726938512417	311.8494116761144	264.2726938512417	311.8494116761144	274.2428903176519
R74	354.36804609442584	144.34166383055313	11.97626109344626	5
354.36804609442584	144.34166383055313	354.36804609442584	128.34746342451345	369.02396706840887	128.34746342451345	369.02396706840887	144.34166383055313	354.36804609442584	144.34166383055313
358.5947847535371	143.4066001283358	358.5947847535371	135.7056314536228	379.4531493832806	135.7056314536228	379.4531493832806	143.4066001283358
345.7101559609953	145.82840232024327	345.7101559609953	128.02144513999028	363.0259362278564	128.02144513999028	363.0259362278564	145.82840232024327
346.1468694113761	153.85982231186404	346.1468694113761	130.35784979728754	362.5892227774757	130.35784979728754	362.5892227774757	153.85982231186404
344.4977166902078	144.82563430557792	344.4977166902078	135.92115396749722	364.23837549864385	135.92115396749722	364.23837549864385	144.82563430557792
R73	39.37350439579188	129.19848321289138	11.97626109344626	5
39.37350439579188	129.19848321289138	39.37350439579188	122.53761266759813	46.805684951968814	122.53761266759813	46.805684951968814	129.19848321289138	39.37350439579188	129.19848321289138
35.06338398104077	134.45789531871966	35.06338398104077	110.61733001647659	54.843070417243254	110.61733001647659	54.843070417243254	134.45789531871966
36.64615737669451	127.96072520685033	36.64615737669451	117.11450012834592	55.07987723492882	117.11450012834592	55.07987723492882	127.96072520685033
40.79156939775733	135.20202273951816	40.79156939775733	117.55317247117112	52.8198005061803	117.55317247117112	52.8198005061803	135.20202273951816
29.96886234114077	131.12349485339385	29.96886234114077	126.07854227152788	48.778146450442996	126.07854227152788	48.778146450442996	131.12349485339385
R72	324.0901827347214	127.19168025134863	11.97626109344626	5
324.0901827347214	127.19168025134863	324.0901827347214	120.69242033150385	339.36016063460414	120.69242033150385	339.36016063460414	127.19168025134863	324.0901827347214	127.19168025134863
322.228734116944	130.04139740636356	322.228734116944	124.34196309633369	340.4525113868749	124.34196309633369	340.4525113868749	130.04139740636356
324.4206221456119	129.0314479475533	324.4206221456119	112.35339271545442	330.72531272197034	112.35339271545442	330.72531272197034	129.0314479475533
312.91723318642204	131.09151349538965	312.91723318642204	122.07229642850187	335.26313228302075	122.07229642850187	335.26313228302075	131.09151349538965
328.459878016864	132.07917447451945	328.459878016864	122.30418602817781	340.4649416434916	122.30418602817781	340.4649416434916	132.07917447451945
R71	471.16177293607007	478.97942444446835	11.97626109344626	5
471.16177293607007	478.97942444446835	471.16177293607007	463.3966278739599	486.6870298152577	463.3966278739599	486.6870298152577	478.97942444446835	471.16177293607007	478.97942444446835
477.64786945313404	485.599265318994	477.64786945313404	467.03391103539474	495.72619017738134	467.03391103539474	495.72619017738134	485.599265318994
483.95396008039177	478.80099970558007	483.95396008039177	473.46915816387906	489.4200995501236	473.46915816387906	489.4200995501236	478.80099970558007
475.9216150962546	487.59041809280365	475.9216150962546	463.0837217652725	497.4524445342608	463.0837217652725	497.4524445342608	487.59041809280365
467.16039692965234	476.44063742017687	467.16039692965234	466.14083186088993	475.1631489424878	466.14083186088993	475.1631489424878	476.44063742017687
R70	104.58684034904086	266.8801470224592	11.97626109344626	5
104.58684034904086	266.8801470224592	104.58684034904086	246.90844889209356	128.0304768852142	246.90844889209356	128.0304768852142	266.8801470224592	104.58684034904086	266.8801470224592
96.83422935518382	265.37978188733484	96.83422935518382	246.85613634062994	112.33945134289789	246.85613634062994	112.33945134289789	265.37978188733484
112.6564346430787	258.0677617759137	112.6564346430787	235.7491360082734	136.67873226641973	235.7491360082734	136.67873226641973	258.0677617759137
120.85712505038036	260.07734151125044	120.85712505038036	254.89514002348267	135.20382872004805	254.89514002348267	135.20382872004805	260.07734151125044
122.07561800590813	261.14244119988166	122.07561800590813	244.4006396603245	133.98533576452027	244.4006396603245	133.98533576452027	261.14244119988166
R69	473.2493494913351	306.6044533132027	11.97626109344626	5
473.2493494913351	306.6044533132027	473.2493494913351	292.1516103131021	491.99240371527037	292.1516103131021	491.99240371527037	306.6044533132027	473.2493494913351	306.6044533132027
479.8890672351762	296.91565873187346	479.8890672351762	287.3875618943307	501.00118173947715	287.3875618943307	501.00118173947715	296.91565873187346
468.9025394932899	311.62261322760867	468.9025394932899	296.2379738023476	477.59615948938034	296.2379738023476	477.59615948938034	311.62261322760867
464.7046780635555	307.9702431753752	464.7046780635555	292.7010886470368	481.79402091911476	292.7010886470368	481.79402091911476	307.9702431753752
465.65513449275534	301.0026656772517	465.65513449275534	295.43864877376507	480.8435644899149	295.43864877376507	480.8435644899149	301.0026656772517
R68	2.925863265743324	77.8541507328601	11.97626109344626	5
2.925863265743324	77.8541507328601	2.925863265743324	53.746390881285926	20.825394953630635	53.746390881285926	20.825394953630635	77.8541507328601	2.925863265743324	77.8541507328601
4.227439269529658	58.08389545581171	4.227439269529658	49.408886306760145	24.42943490427154	49.408886306760145	24.42943490427154	58.08389545581171
11.165720864685106	84.4218048380877	11.165720864685106	60.57883891105255	30.485069042576164	60.57883891105255	30.485069042576164	84.4218048380877
-8.233518949914643	68.9598820412029	-8.233518949914643	55.888051458722245	14.08524548140129	55.888051458722245	14.08524548140129	68.9598820412029
11.43436159394854	67.33357550028354	11.43436159394854	58.01185595975157	30.216428313312733	58.01185595975157	30.216428313312733	67.33357550028354
R67	21.769180385336153	288.78847711417797	11.97626109344626	5
21.769180385336153	288.78847711417797	21.769180385336153	274.07972869053236	43.905245811791005	274.07972869053236	43.905245811791005	288.78847711417797	21.769180385336153	288.78847711417797
10.218688525588723	281.562402676347	10.218688525588723	271.8820302968311	33.31967224508358	271.8820302968311	33.31967224508358	281.562402676347
25.32104829082716	299.0301435917857	25.32104829082716	278.5468106365702	38.13424689043207	278.5468106365702	38.13424689043207	299.0301435917857
15.021998580447557	281.00814293169196	15.021998580447557	267.1513144493729	32.441359757417736	267.1513144493729	32.441359757417736	281.00814293169196
34.18361951403115	288.6490205816974	34.18361951403115	265.90690103185545	53.62687210955086	265.90690103185545	53.62687210955086	288.6490205816974
R66	324.2686953959164	489.3575950121092	11.97626109344626	5
324.2686953959164	489.3575950121092	324.2686953959164	467.41447368366767	335.38334164445706	467.41447368366767	335.38334164445706	489.3575950121092	324.2686953959164	489.3575950121092
327.60124002004363	479.80684337761943	327.60124002004363	465.2466836343176	343.1654432688705	465.2466836343176	343.1654432688705	479.80684337761943
320.98260677645357	478.01980724713536	320.98260677645357	461.95977918565194	327.5547840153792	461.95977918565194	327.5547840153792	478.01980724713536
331.5992606902914	496.7014270686866	331.5992606902914	482.0137629555318	338.58746852144606	482.0137629555318	338.58746852144606	496.7014270686866
324.9997160786213	474.9805756126312	324.9997160786213	459.84837175470415	334.2656324984474	459.84837175470415	334.2656324984474	474.9805756126312
R65	308.68711763289275	238.50317995284178	11.97626109344626	5
308.68711763289275	238.50317995284178	308.68711763289275	229.03760697529464	321.01851537885466	229.03760697529464	321.01851537885466	238.50317995284178	308.68711763289275	238.50317995284178
311.3886187675346	249.26871514489795	311.3886187675346	225.75496134509626	330.64841199017474	225.75496134509626	330.64841199017474	249.26871514489795
305.5099772280945	237.2165744554915	305.5099772280945	220.85863949509778	316.84849372895417	220.85863949509778	316.84849372895417	237.2165744554915
306.1152229510984	244.10942569936077	306.1152229510984	232.89693420632278	315.1667142745532	232.89693420632278	315.1667142745532	244.10942569936077
311.80837555307517	242.66457549185614	311.80837555307517	223.549875784717	330.22865520463415	223.549875784717	330.22865520463415	242.66457549185614
R64	52.97392737855244	350.22623159578774	11.97626109344626	5
52.97392737855244	350.22623159578774	52.97392737855244	344.4475587988865	69.18877193725804	344.4475587988865	69.18877193725804	350.22623159578774	52.97392737855244	350.22623159578774
46.808406761933426	355.6219617443822	46.808406761933426	342.6114706078001	59.13944799517145	342.6114706078001	59.13944799517145	355.6219617443822
57.431401597104326	357.4490983442773	57.431401597104326	335.6123954596964	80.94614227741175	335.6123954596964	80.94614227741175	357.4490983442773
58.84579042145971	352.6500327250526	58.84579042145971	336.24508487272044	73.95485757956875	336.24508487272044	73.95485757956875	352.6500327250526
63.643289796761636	350.95202680158866	63.643289796761636	345.25986649214997	74.73425407775444	345.25986649214997	74.73425407775444	350.95202680158866
R63	444.15533057763673	213.52205140763456	11.97626109344626	5
444.15533057763673	213.52205140763456	444.15533057763673	203.58056972032384	451.08263400709404	203.58056972032384	451.08263400709404	213.52205140763456	444.15533057763673	213.52205140763456
434.1370103577323	211.70861438787145	434.1370103577323	199.62927601515386	454.17365079754114	199.62927601515386	454.17365079754114	211.70861438787145
443.3531345738685	223.44856883044594	443.3531345738685	203.59553398482325	450.2849863849723	203.59553398482325	450.2849863849723	223.44856883044594
439.07906444817615	214.8311102418322	439.07906444817615	203.57298916768846	463.08620356601193	203.57298916768846	463.08620356601193	214.8311102418322
432.7491806050432	221.34164019905003	432.7491806050432	205.7024626162191	457.3674097148271	205.7024626162191	457.3674097148271	221.34164019905003
R62	156.20075882635857	111.18248318446784	11.97626109344626	5
156.20075882635857	111.18248318446784	156.20075882635857	95.07618504638121	175.07015930102895	95.07618504638121	175.07015930102895	111.18248318446784	156.20075882635857	111.18248318446784
172.33562137996495	109.22639570685713	172.33562137996495	102.4247085925078	177.80469722209295	102.4247085925078	177.80469722209295	109.22639570685713
153.35645684164874	120.91303363948707	153.35645684164874	101.45193272944859	167.4271024289246	101.45193272944859	167.4271024289246	120.91303363948707
165.2506264435017	119.11193680263771	165.2506264435017	101.68029030347587	184.88969215855622	101.68029030347587	184.88969215855622	119.11193680263771
164.1489940897774	115.696717191773	164.1489940897774	98.47399805252097	185.9913245122805	98.47399805252097	185.9913245122805	115.696717191773
R61	331.36593467692506	212.46522114224769	11.97626109344626	5
331.36593467692506	212.46522114224769	331.36593467692506	205.58169772827188	340.25364651787885	205.58169772827188	340.25364651787885	212.46522114224769	331.36593467692506	212.46522114224769
326.19036854998217	218.7033277999136	326.19036854998217	195.69604905959795	336.54150080386796	195.69604905959795	336.54150080386796	218.7033277999136
322.9978602454985	218.17842656311947	322.9978602454985	199.38734485729216	339.73400910835164	199.38734485729216	339.73400910835164	218.17842656311947
329.01650108922695	217.94952252986243	329.01650108922695	196.09759643849972	351.49079194653075	196.09759643849972	351.49079194653075	217.94952252986243
331.72238540217427	222.5905156806828	331.72238540217427	202.33992660381256	338.3733926005009	202.33992660381256	338.3733926005009	222.5905156806828
R60	480.0125489727052	34.63042585686205	11.97626109344626	5
480.0125489727052	34.63042585686205	480.0125489727052	29.095768865602942	494.19808014675243	29.095768865602942	494.19808014675243	34.63042585686205	480.0125489727052	34.63042585686205
475.59521171180427	43.21705186401607	475.59521171180427	26.043799849708023	491.50573881668834	26.043799849708023	491.50573881668834	43.21705186401607
475.41428906187946	36.59868450645246	475.41428906187946	21.592853224753423	491.59947121937887	21.592853224753423	491.59947121937887	36.59868450645246
479.2893850715317	46.26316240377328	479.2893850715317	22.997689309950818	504.2047836493747	22.997689309950818	504.2047836493747	46.26316240377328
481.6253995856439	37.319777016648715	481.6253995856439	20.871760714557166	494.3554897034729	20.871760714557166	494.3554897034729	37.319777016648715
R59	143.90443614565297	38.3444238657882	11.97626109344626	5
143.90443614565297	38.3444238657882	143.90443614565297	21.351010414456177	149.84119721481503	21.351010414456177	149.84119721481503	38.3444238657882	143.90443614565297	38.3444238657882
136.98810114102585	25.32265277412845	136.98810114102585	19.7963376114473	150.82077115028008	19.7963376114473	150.82077115028008	25.32265277412845
132.5509109970489	33.28971441874987	132.5509109970489	26.45404779818271	155.25796129425703	26.45404779818271	155.25796129425703	33.28971441874987
133.66278896333367	38.69100845630615	133.66278896333367	27.945627026725713	154.1460833279722	27.945627026725713	154.1460833279722	38.69100845630615
136.14581650452283	32.612161058922034	136.14581650452283	16.449795595035006	151.6630557867831	16.449795595035006	151.6630557867831	32.612161058922034
R58	287.98033338118086	181.95067592927745	11.97626109344626	5
287.98033338118086	181.95067592927745	287.98033338118086	174.2357101801278	296.58326143683377	174.2357101801278	296.58326143683377	181.95067592927745	287.98033338118086	181.95067592927745
279.334559799909	187.29094276873536	279.334559799909	165.94289871169138	296.6261069624527	165.94289871169138	296.6261069624527	187.29094276873536
282.1715048692482	191.79631850348136	282.1715048692482	172.10503335507354	296.828858757743	172.10503335507354	296.828858757743	191.79631850348136
283.2030733846622	186.31117107247985	283.2030733846622	162.16024928777574	300.033584237218	162.16024928777574	300.033584237218	186.31117107247985
286.85608176160844	187.6486634891786	286.85608176160844	176.2526883693763	304.21488480732427	176.2526883693763	304.21488480732427	187.6486634891786
R57	405.6032466727781	229.60789809453541	11.97626109344626	5
405.6032466727781	229.60789809453541	405.6032466727781	215.25458398305665	420.5565738982752	215.25458398305665	420.5565738982752	229.60789809453541	405.6032466727781	229.60789809453541
409.5272091359793	223.80670912767587	409.5272091359793	213.32340337110136	431.58593866057095	213.32340337110136	431.58593866057095	223.80670912767587
402.13078205994003	237.6113941781661	402.13078205994003	214.25659243334297	409.07571128561614	214.25659243334297	409.07571128561614	237.6113941781661
394.91808382615153	232.87802737558658	394.91808382615153	226.33776881348425	417.50072334404064	226.33776881348425	417.50072334404064	232.87802737558658
412.62167216146116	223.23329143959873	412.62167216146116	208.06617381938005	428.4914756350892	208.06617381938005	428.4914756350892	223.23329143959873
R56	432.28632057583127	378.29533831961254	11.97626109344626	5
432.28632057583127	378.29533831961254	432.28632057583127	367.0285596918064	439.07460739565704	367.0285596918064	439.07460739565704	378.29533831961254	432.28632057583127	378.29533831961254
428.4566319156801	374.5544622792482	428.4566319156801	359.5026571043646	436.1471368528835	359.5026571043646	436.1471368528835	374.5544622792482
422.8003654639623	378.55466044131646	422.8003654639623	366.3057443081597	441.77227568770024	366.3057443081597	441.77227568770024	378.55466044131646
428.81219839813116	376.2967085367389	428.81219839813116	357.76041084687387	446.8200818559742	357.76041084687387	446.8200818559742	376.2967085367389
429.53779733061646	371.79094260055405	429.53779733061646	364.5918545881182	435.0348438210461	364.5918545881182	435.0348438210461	371.79094260055405
R55	252.89526448526482	188.685332262137	11.97626109344626	5
252.89526448526482	188.685332262137	252.89526448526482	181.83371538713035	264.2608233682493	181.83371538713035	264.2608233682493	188.685332262137	252.89526448526482	188.685332262137
251.69131698431596	189.51509483450104	251.69131698431596	174.15233593975967	260.4844578664644	174.15233593975967	260.4844578664644	189.51509483450104
246.88180509311906	192.18135513448195	246.88180509311906	173.89715297798287	258.9087238774106	173.89715297798287	258.9087238774106	192.18135513448195
244.45903650964712	201.0081596142896	244.45903650964712	176.36250490998438	263.9737777483924	176.36250490998438	263.9737777483924	201.0081596142896
247.00171663313463	196.65403929561668	247.00171663313463	180.7166252286573	269.2870752866725	180.7166252286573	269.2870752866725	196.65403929561668
R54	137.3274195540556	394.8829197073607	11.97626109344626	5
137.3274195540556	394.8829197073607	137.3274195540556	376.1791505983909	160.85725866742058	376.1791505983909	160.85725866742058	394.8829197073607	137.3274195540556	394.8829197073607
157.67412665672072	398.70375192666853	157.67412665672072	378.67106011733875	164.04039067812045	378.67106011733875	164.04039067812045	398.70375192666853
148.63176417096702	379.32141163280454	148.63176417096702	373.03688956397724	154.76314106006146	373.03688956397724	154.76314106006146	379.32141163280454
144.2690018799755	405.6482944649619	144.2690018799755	384.1175449497595	152.2468116230248	384.1175449497595	152.2468116230248	405.6482944649619
130.0244439303231	379.62674840920766	130.0244439303231	372.7315527875741	151.87138926857884	372.7315527875741	151.87138926857884	379.62674840920766
R53	239.6673040534829	388.0327674301733	11.97626109344626	5
239.6673040534829	388.0327674301733	239.6673040534829	370.42404400658154	263.2127090866454	370.42404400658154	263.2127090866454	388.0327674301733	239.6673040534829	388.0327674301733
258.6005228547163	389.0187107865906	258.6005228547163	374.71234838511697	267.82489531857453	374.71234838511697	267.82489531857453	389.0187107865906
254.72321627590793	381.4193277467846	254.72321627590793	359.4287602663785	261.06216101838186	359.4287602663785	261.06216101838186	381.4193277467846
236.231901255461	379.54155726265276	236.231901255461	361.3065307505103	247.12361963855173	361.3065307505103	247.12361963855173	379.54155726265276
245.4013933620926	391.69604980515106	245.4013933620926	384.3694850551954	265.93527159329585	384.3694850551954	265.93527159329585	391.69604980515106
R52	445.8187612272793	208.79323614293122	11.97626109344626	5
445.8187612272793	208.79323614293122	445.8187612272793	198.43372468597408	466.45064637032397	198.43372468597408	466.45064637032397	208.79323614293122	445.8187612272793	208.79323614293122
440.3726699919347	217.08363992850235	440.3726699919347	200.5028323573601	455.8691362963714	200.5028323573601	455.8691362963714	217.08363992850235
448.3406457652326	220.11399865308127	448.3406457652326	197.47247363278117	456.8287323670123	197.47247363278117	456.8287323670123	220.11399865308127
454.4086494399748	217.9738859253914	454.4086494399748	199.6125863604711	462.7618299654699	199.6125863604711	462.7618299654699	217.9738859253914
450.16704700773863	207.0478603724408	450.16704700773863	189.81958899950737	459.98075064635685	189.81958899950737	459.98075064635685	207.0478603724408
R51	374.6136738023913	173.67755345663718	11.97626109344626	5
374.6136738023913	173.67755345663718	374.6136738023913	162.27472790163407	386.8168225823216	162.27472790163407	386.8168225823216	173.67755345663718	374.6136738023913	173.67755345663718
374.7149175845428	177.54409234833147	374.7149175845428	164.41157445926152	398.91872758010044	164.41157445926152	398.91872758010044	177.54409234833147
376.8749504872914	183.74498569704826	376.8749504872914	163.6101212162261	391.28270658752007	163.6101212162261	391.28270658752007	183.74498569704826
369.07687208782	180.77916374508686	369.07687208782	166.5759431681875	381.948049562252	166.5759431681875	381.948049562252	180.77916374508686
367.6895837507971	173.14784814416146	367.6895837507971	156.47844831624764	381.5377638539855	156.47844831624764	381.5377638539855	173.14784814416146
R50	207.39720097440556	440.2623373090176	11.97626109344626	5
207.39720097440556	440.2623373090176	207.39720097440556	426.9490752969928	216.2065240597845	426.9490752969928	216.2065240597845	440.2623373090176	207.39720097440556	440.2623373090176
207.8611369033454	450.78620395537513	207.8611369033454	429.73847066266006	214.77694929830963	429.73847066266006	214.77694929830963	450.78620395537513
204.10909470638887	439.12336816910783	204.10909470638887	432.35911321175934	210.68530724242225	432.35911321175934	210.68530724242225	439.12336816910783
209.70389303493133	439.95951222411213	209.70389303493133	417.12963690749257	222.70915508463767	417.12963690749257	222.70915508463767	439.95951222411213
206.0689559399316	442.73178084848	206.0689559399316	423.28258069636144	226.34409217963739	423.28258069636144	226.34409217963739	442.73178084848
R49	151.0896462735895	286.26318204357	11.97626109344626	5
151.0896462735895	286.26318204357	151.0896462735895	280.1674935926987	165.8715826131205	280.1674935926987	165.8715826131205	286.26318204357	151.0896462735895	286.26318204357
153.21298878247853	290.9411163497163	153.21298878247853	281.5852477374237	162.69702772644757	281.5852477374237	162.69702772644757	290.9411163497163
158.85746477589794	293.0309848216863	158.85746477589794	279.4953792654537	171.0904214298215	279.4953792654537	171.0904214298215	293.0309848216863
145.6736505508694	289.0611860344763	145.6736505508694	274.9376826360677	156.50564199630958	274.9376826360677	156.50564199630958	289.0611860344763
155.09863343562242	297.8047091422968	155.09863343562242	274.7216549448432	169.29209161289802	274.7216549448432	169.29209161289802	297.8047091422968
R48	259.72482883211103	337.47746159011723	11.97626109344626	5
259.72482883211103	337.47746159011723	259.72482883211103	322.1617228200168	274.30701068125893	322.1617228200168	274.30701068125893	337.47746159011723	259.72482883211103	337.47746159011723
267.379839622228	333.55820805898855	267.379839622228	325.19214941391266	281.23418174028984	325.19214941391266	281.23418174028984	333.55820805898855
264.07373009430023	327.69233703783874	264.07373009430023	316.63110860219484	271.01752689120497	316.63110860219484	271.01752689120497	327.69233703783874
255.22961978569734	332.5468936534867	255.22961978569734	311.7765519865469	278.4691000653357	311.7765519865469	278.4691000653357	332.5468936534867
271.6314111770153	335.5965929466306	271.6314111770153	330.4800329103273	276.98261018550255	330.4800329103273	276.98261018550255	335.5965929466306
R47	339.46502458612366	419.59433581428107	11.97626109344626	5
339.46502458612366	419.59433581428107	339.46502458612366	410.53590566962055	354.3173354695355	410.53590566962055	354.3173354695355	419.59433581428107	339.46502458612366	419.59433581428107
349.3387733165461	425.73864940629176	349.3387733165461	408.5318160484982	359.29589762252493	408.5318160484982	359.29589762252493	425.73864940629176
343.48492493460384	431.11040140572004	343.48492493460384	408.0782702228421	351.10396037908237	408.0782702228421	351.10396037908237	431.11040140572004
335.64213015102854	420.63820332315674	335.64213015102854	400.43360801608435	352.69221396944346	400.43360801608435	352.69221396944346	420.63820332315674
337.3680057753868	427.4782084333482	337.3680057753868	411.71046319521395	355.9048197462246	411.71046319521395	355.9048197462246	427.4782084333482
R46	252.0925132500079	458.87192077131675	11.97626109344626	5
252.0925132500079	458.87192077131675	252.0925132500079	435.15701526394827	264.26266328813534	435.15701526394827	264.26266328813534	458.87192077131675	252.0925132500079	458.87192077131675
260.424804254605	448.56726218207166	260.424804254605	428.99834835268086	268.10052232166566	428.99834835268086	268.10052232166566	448.56726218207166
239.60012153056152	469.76275455949036	239.60012153056152	447.4943242269923	264.58490496945427	447.4943242269923	264.58490496945427	469.76275455949036
260.2770630396189	460.59559957321636	260.2770630396189	442.0900684076717	268.2482635366518	442.0900684076717	268.2482635366518	460.59559957321636
243.5057524952985	462.83186127037266	243.5057524952985	445.9344574688706	260.6792740047173	445.9344574688706	260.6792740047173	462.83186127037266
R45	301.97762384891564	436.6816947624109	11.97626109344626	5
301.97762384891564	436.6816947624109	301.97762384891564	418.0843910160543	318.4843652381112	418.0843910160543	318.4843652381112	436.6816947624109	301.97762384891564	436.6816947624109
309.03791761771436	444.012114893204	309.03791761771436	426.3609786574826	327.93081285850803	426.3609786574826	327.93081285850803	444.012114893204
315.73066570401113	433.5443695237046	315.73066570401113	414.1964773889195	321.23806477221126	414.1964773889195	321.23806477221126	433.5443695237046
296.4495976978029	421.2082404150293	296.4495976978029	414.96054161707934	309.8238043995707	414.96054161707934	309.8238043995707	421.2082404150293
313.42597154328746	436.55658299949823	313.42597154328746	419.2490264070484	323.54275893293493	419.2490264070484	323.54275893293493	436.55658299949823
R44	11.523399136493735	422.9200435594118	11.97626109344626	5
11.523399136493735	422.9200435594118	11.523399136493735	413.53829294446854	31.910509787260466	413.53829294446854	31.910509787260466	422.9200435594118	11.523399136493735	422.9200435594118
22.102758301568798	426.88528189494156	22.102758301568798	412.5757820420817	41.718261272952134	412.5757820420817	41.718261272952134	426.88528189494156
15.666511304016382	420.4445915180828	15.666511304016382	406.6319943708543	28.437560776945624	406.6319943708543	28.437560776945624	420.4445915180828
27.459755704072975	424.254560687061	27.459755704072975	407.9502857674019	36.36126387044796	407.9502857674019	36.36126387044796	424.254560687061
23.889467353517546	430.1040639607755	23.889467353517546	415.7360231580481	35.544404130941416	415.7360231580481	35.544404130941416	430.1040639607755
R43	480.08678926730107	203.2869602206948	11.97626109344626	5
480.08678926730107	203.2869602206948	480.08678926730107	192.90748137310524	503.84094560183	192.90748137310524	503.84094560183	203.2869602206948	480.08678926730107	203.2869602206948
468.9981785513248	199.9951281827091	468.9981785513248	186.58578925268904	491.1753999832773	186.58578925268904	491.1753999832773	199.9951281827091
470.9325879812981	211.27848003518258	470.9325879812981	193.324750045019	489.2409905533039	193.324750045019	489.2409905533039	211.27848003518258
488.6831092298192	199.70924752498962	488.6831092298192	186.10571522122086	507.58483375327074	186.10571522122086	507.58483375327074	199.70924752498962
469.66339187448693	198.8930907441435	469.66339187448693	186.92187200206698	494.3762800517252	186.92187200206698	494.3762800517252	198.8930907441435
R42	121.37641085923741	365.4320558858495	11.97626109344626	5
121.37641085923741	365.4320558858495	121.37641085923741	349.79598600350045	145.9120804551202	349.79598600350045	145.9120804551202	365.4320558858495	121.37641085923741	365.4320558858495
141.1547454893691	353.98629663515163	141.1547454893691	345.60567537184926	148.67419097290966	345.60567537184926	148.67419097290966	353.98629663515163
129.11485199439903	361.3832338073292	129.11485199439903	338.2087381996717	140.99928794226633	338.2087381996717	140.99928794226633	361.3832338073292
117.32534493577586	368.8512734174642	117.32534493577586	362.01283835423476	128.01833630024657	362.01283835423476	128.01833630024657	368.8512734174642
112.92878079828373	362.2033945737277	112.92878079828373	337.3885774332732	130.18779524191976	337.3885774332732	130.18779524191976	362.2033945737277
R41	4.326911157576042	88.9676569141827	11.97626109344626	5
4.326911157576042	88.9676569141827	4.326911157576042	80.10883450896571	29.241383556618494	80.10883450896571	29.241383556618494	88.9676569141827	4.326911157576042	88.9676569141827
22.976148501213206	93.45584238271807	22.976148501213206	84.47947144564732	30.52644636970692	84.47947144564732	30.52644636970692	93.45584238271807
15.631652335664569	98.43323577033752	15.631652335664569	79.50207805802788	36.86503246079521	79.50207805802788	36.86503246079521	98.43323577033752
11.03464622526069	86.17351399698879	11.03464622526069	74.04415502094264	33.68904048787847	74.04415502094264	33.68904048787847	86.17351399698879
-6.630652561809837	95.38525217623295	-6.630652561809837	76.37236370970187	15.284474876961921	76.37236370970187	15.284474876961921	95.38525217623295
R40	62.44979283384419	394.3490808287436	11.97626109344626	5
62.44979283384419	394.3490808287436	62.44979283384419	382.17683445346813	85.75148009693814	382.17683445346813	85.75148009693814	394.3490808287436	62.44979283384419	394.3490808287436
69.30327120735015	390.2939422934656	69.30327120735015	374.0597266134707	76.88502949937882	374.0597266134707	76.88502949937882	390.2939422934656
73.69243476577094	389.3029370661773	73.69243476577094	375.05073184075894	84.94121327620059	375.05073184075894	84.94121327620059	389.3029370661773
64.25675445249328	391.4968022096925	64.25675445249328	372.8568666972438	80.40227594888563	372.8568666972438	80.40227594888563	391.4968022096925
81.36668521527777	394.7088083995053	81.36668521527777	375.6739110077982	90.13627497859851	375.6739110077982	90.13627497859851	394.7088083995053
R39	406.66095489995894	25.62218278251759	11.97626109344626	5
406.66095489995894	25.62218278251759	406.66095489995894	1.920503083105105	428.67408171705347	1.920503083105105	428.67408171705347	25.62218278251759	406.66095489995894	25.62218278251759
419.2516189529015	27.35236762750462	419.2516189529015	11.711306854595177	438.09654448120546	11.711306854595177	438.09654448120546	27.35236762750462
412.8275407142417	7.838323980670148	412.8275407142417	-3.9973178144599375	425.4542182677216	-3.9973178144599375	425.4542182677216	7.838323980670148
403.0800855347871	4.993513386661257	403.0800855347871	-1.1525072204510467	424.33423248265916	-1.1525072204510467	424.33423248265916	4.993513386661257
395.964180578277	23.63036110057959	395.964180578277	12.657427359825464	417.35772922164085	12.657427359825464	417.35772922164085	23.63036110057959
R38	6.584606638382798	302.0379926152677	11.97626109344626	5
6.584606638382798	302.0379926152677	6.584606638382798	288.0529598432449	27.23341799823452	288.0529598432449	27.23341799823452	302.0379926152677	6.584606638382798	302.0379926152677
21.691717906716566	297.3445512532737	21.691717906716566	278.84366487402883	32.77511808975247	278.84366487402883	32.77511808975247	297.3445512532737
1.6036367244817562	308.21666407583484	1.6036367244817562	283.4922640441355	11.56557655228384	283.4922640441355	11.56557655228384	308.21666407583484
3.398589446406911	310.79124440028284	3.398589446406911	286.23345190251746	9.770623830358685	286.23345190251746	9.770623830358685	310.79124440028284
6.571219019376674	308.1065159721044	6.571219019376674	295.969469258431	12.631516208029055	295.969469258431	12.631516208029055	308.1065159721044
R37	485.33395546404046	203.53463748271705	11.97626109344626	5
485.33395546404046	203.53463748271705	485.33395546404046	192.32198152041067	490.50956526906185	192.32198152041067	490.50956526906185	203.53463748271705	485.33395546404046	203.53463748271705
477.72155939605426	209.28393686574512	477.72155939605426	187.77826722660947	492.94635153202654	187.77826722660947	492.94635153202654	209.28393686574512
477.4234177494145	195.10192286792778	477.4234177494145	189.54204017289362	496.72110001569183	189.54204017289362	496.72110001569183	195.10192286792778
474.5345211470459	205.34693658917934	474.5345211470459	199.9519697309122	496.1333897810349	199.9519697309122	496.1333897810349	205.34693658917934
476.14657466509726	200.81133699970835	476.14657466509726	183.832626041113	500.31433306799096	183.832626041113	500.31433306799096	200.81133699970835
R36	232.76826139475543	305.0863613348676	11.97626109344626	5
232.76826139475543	305.0863613348676	232.76826139475543	299.7910287525062	255.4812679394784	299.7910287525062	255.4812679394784	305.0863613348676	232.76826139475543	305.0863613348676
240.7003427229988	312.34107791803393	240.7003427229988	297.8316447517013	246.83070030360614	297.8316447517013	246.83070030360614	312.34107791803393
252.91734779118184	312.4192665502539	252.91734779118184	294.00563854694843	258.045188087775	294.00563854694843	258.045188087775	312.4192665502539
247.03122185188298	307.3986019337515	247.03122185188298	292.1834555712609	253.00553328056318	292.1834555712609	253.00553328056318	307.3986019337515
223.83621221797767	306.0608099723774	223.83621221797767	296.71840022880593	241.70031057153318	296.71840022880593	241.70031057153318	306.0608099723774
R35	252.22656785084214	484.91978675329165	11.97626109344626	5
252.22656785084214	484.91978675329165	252.22656785084214	464.1593889701825	264.2485610394328	464.1593889701825	264.2485610394328	484.91978675329165	252.22656785084214	484.91978675329165
256.5371843928461	484.72168238660777	256.5371843928461	478.2162640778147	271.9599376860195	478.2162640778147	271.9599376860195	484.72168238660777
260.8221335167531	484.65713185618375	260.8221335167531	461.4600338366443	267.67498856211245	461.4600338366443	267.67498856211245	484.65713185618375
259.0055226348234	474.65703244349686	259.0055226348234	453.6617454968681	267.54370438598033	453.6617454968681	267.54370438598033	474.65703244349686
254.81033178072687	489.62436968323766	254.81033178072687	478.5790200018529	273.6867902981387	478.5790200018529	273.6867902981387	489.62436968323766
R34	175.73800052691766	481.59736185243395	11.97626109344626	5
175.73800052691766	481.59736185243395	175.73800052691766	473.1213813056077	195.43508615221177	473.1213813056077	195.43508615221177	481.59736185243395	175.73800052691766	481.59736185243395
177.3546044735388	491.50055306637825	177.3546044735388	471.69417063848965	201.7465297407851	471.69417063848965	201.7465297407851	491.50055306637825
163.77518299909235	492.92215936922224	163.77518299909235	470.27256433564565	188.463671825392	470.27256433564565	188.463671825392	492.92215936922224
175.18558287582542	490.3305085703896	175.18558287582542	472.8642151344783	188.4043440231621	472.8642151344783	188.4043440231621	490.3305085703896
178.88449668250942	481.5140287743269	178.88449668250942	464.7287338368885	189.42731426614174	464.7287338368885	189.42731426614174	481.5140287743269
R33	92.70854187422741	274.96797592815096	11.97626109344626	5
92.70854187422741	274.96797592815096	92.70854187422741	268.764602532503	104.77000693965341	268.764602532503	104.77000693965341	274.96797592815096	92.70854187422741	274.96797592815096
101.280450097875	280.39495538820603	101.280450097875	257.96693295679944	108.2595637814318	257.96693295679944	108.2595637814318	280.39495538820603
94.49252922276423	279.7167530435093	94.49252922276423	257.81245202149665	109.52029083371573	257.81245202149665	109.52029083371573	279.7167530435093
93.92317212221405	278.16834633337163	93.92317212221405	271.7676055229303	111.47239835291742	271.7676055229303	111.47239835291742	278.16834633337163
86.18505342274729	277.2831885415483	86.18505342274729	271.9066573390258	99.23203032570753	271.9066573390258	99.23203032570753	277.2831885415483
R32	77.08446365820404	265.98474512008715	11.97626109344626	5
77.08446365820404	265.98474512008715	77.08446365820404	248.00722022142998	89.84970687297073	248.00722022142998	89.84970687297073	265.98474512008715	77.08446365820404	265.98474512008715
70.66496917462364	255.97090233900002	70.66496917462364	247.29538120592213	83.50395814178445	247.29538120592213	83.50395814178445	255.97090233900002
74.55421761049304	253.32344173010247	74.55421761049304	242.69099871275742	79.81023279788745	242.69099871275742	79.81023279788745	253.32344173010247
69.47836296921952	257.46557807481383	69.47836296921952	239.61186158402137	84.69056434718857	239.61186158402137	84.69056434718857	257.46557807481383
78.92137185796275	258.97005955897407	78.92137185796275	241.65610683403546	100.7780418879787	241.65610683403546	100.7780418879787	258.97005955897407
R31	437.99225464706115	210.39004698953588	11.97626109344626	5
437.99225464706115	210.39004698953588	437.99225464706115	188.07439067087185	454.07911173841717	188.07439067087185	454.07911173841717	210.39004698953588	437.99225464706115	210.39004698953588
434.9092260547057	197.04100179591325	434.9092260547057	179.10777954583045	455.3891350028934	179.10777954583045	455.3891350028934	197.04100179591325
428.9827032611436	198.9155134036179	428.9827032611436	181.14992976235456	447.00180603297866	181.14992976235456	447.00180603297866	198.9155134036179
447.13106392643635	222.06844276002658	447.13106392643635	198.71165121904517	459.543505823858	198.71165121904517	459.543505823858	222.06844276002658
449.3967124414677	209.70915491579962	449.3967124414677	201.04388296085415	458.76151103536665	201.04388296085415	458.76151103536665	209.70915491579962
R30	278.8551642053345	111.26768368590923	11.97626109344626	5
278.8551642053345	111.26768368590923	278.8551642053345	92.01367607182642	284.7927471118827	92.01367607182642	284.7927471118827	111.26768368590923	278.8551642053345	111.26768368590923
273.6140119914659	105.25754502558107	273.6140119914659	83.6001194807071	284.09631641920316	83.6001194807071	284.09631641920316	105.25754502558107
271.3828140314561	111.18892123253559	271.3828140314561	102.39288726167038	286.3275143792129	102.39288726167038	286.3275143792129	111.18892123253559
280.7539279707703	109.2347382268525	280.7539279707703	98.16962235541988	288.8315662529951	98.16962235541988	288.8315662529951	109.2347382268525
268.98826777635406	116.46584207834634	268.98826777635406	105.17448297525131	288.72206063431497	105.17448297525131	288.72206063431497	116.46584207834634
R29	149.9862410184581	265.4622619911962	11.97626109344626	5
149.9862410184581	265.4622619911962	149.9862410184581	259.24955888104466	160.55542060833153	259.24955888104466	160.55542060833153	265.4622619911962	149.9862410184581	265.4622619911962
151.4406199270604	263.53571507760364	151.4406199270604	254.9634026844857	160.23580666848565	254.9634026844857	160.23580666848565	263.53571507760364
146.3622333635832	273.2899604579143	146.3622333635832	257.63456352447815	156.17898069581076	257.63456352447815	156.17898069581076	273.2899604579143
146.0425671893851	269.5233983869021	146.0425671893851	256.665762584094	153.92991484753108	256.665762584094	153.92991484753108	269.5233983869021
157.08387204945075	264.60957643561443	157.08387204945075	255.2148736148392	164.02696916721226	255.2148736148392	164.02696916721226	264.60957643561443
R28	129.65802437914363	278.8657541070937	11.97626109344626	5
129.65802437914363	278.8657541070937	129.65802437914363	266.17700758184515	152.64267694911916	266.17700758184515	152.64267694911916	278.8657541070937	129.65802437914363	278.8657541070937
146.025441059461	275.2115039258681	146.025441059461	257.1425112378222	156.13622210532913	257.1425112378222	156.13622210532913	275.2115039258681
122.74992799243603	283.45136898504313	122.74992799243603	274.2801392291443	143.95293636616168	274.2801392291443	143.95293636616168	283.45136898504313
119.69725489150761	272.8722282279805	119.69725489150761	259.4817869357098	141.82730418797803	259.4817869357098	141.82730418797803	272.8722282279805
145.5925735917177	277.3750057439921	145.5925735917177	254.9790094196982	151.63235308189	254.9790094196982	151.63235308189	277.3750057439921
R27	468.64868470921925	215.5712316597232	11.97626109344626	5
468.64868470921925	215.5712316597232	468.64868470921925	191.79409390700948	485.7008342927616	191.79409390700948	485.7008342927616	215.5712316597232	468.64868470921925	215.5712316597232
480.042190809144	209.28500261978877	480.042190809144	197.47732581328376	491.3594777763792	197.47732581328376	491.3594777763792	209.28500261978877
463.7795569734074	227.62214879003142	463.7795569734074	203.52031452941497	478.3153193643686	203.52031452941497	478.3153193643686	227.62214879003142
477.0066718241827	217.72648468529846	477.0066718241827	206.62325065480312	494.3949967613405	206.62325065480312	494.3949967613405	217.72648468529846
464.85255128987626	216.84728571152715	464.85255128987626	192.70843451384684	472.44481812856213	192.70843451384684	472.44481812856213	216.84728571152715
R26	73.26486313489394	245.89383871056106	11.97626109344626	5
73.26486313489394	245.89383871056106	73.26486313489394	223.37372239500263	82.5868362989271	223.37372239500263	82.5868362989271	245.89383871056106	73.26486313489394	245.89383871056106
80.07195574970855	247.4732737316416	80.07195574970855	233.95030034987371	85.10171684814564	233.95030034987371	85.10171684814564	247.4732737316416
70.04923895532336	249.26842524576128	70.04923895532336	242.51925217536083	93.69485557284146	242.51925217536083	93.69485557284146	249.26842524576128
67.2387809502558	251.30599341460277	67.2387809502558	230.1270702996502	79.29094531953209	230.1270702996502	79.29094531953209	251.30599341460277
78.00619299108381	227.58503907538898	78.00619299108381	219.16240571461628	83.35340006119019	219.16240571461628	83.35340006119019	227.58503907538898
R25	151.8409456943432	478.2588357629889	11.97626109344626	5
151.8409456943432	478.2588357629889	151.8409456943432	457.1743050139834	168.38767025669586	457.1743050139834	168.38767025669586	478.2588357629889	151.8409456943432	478.2588357629889
140.241383159222	470.89007638858976	140.241383159222	463.85776127031585	163.44050822946437	463.85776127031585	163.44050822946437	470.89007638858976
140.96672368774858	485.619656326025	140.96672368774858	470.4697474345241	162.71516770093774	470.4697474345241	162.71516770093774	485.619656326025
165.5574718988207	475.89160831861295	165.5574718988207	465.43526463851094	171.21786861457102	465.43526463851094	171.21786861457102	475.89160831861295
148.7705831914364	483.6905476308844	148.7705831914364	472.8271238950934	155.8600355865554	472.8271238950934	155.8600355865554	483.6905476308844
R24	219.71496656326323	189.95702925347166	11.97626109344626	5
219.71496656326323	189.95702925347166	219.71496656326323	179.1896996639495	238.6195368710497	179.1896996639495	238.6195368710497	189.95702925347166	219.71496656326323	189.95702925347166
228.21988615530174	197.56213060444554	228.21988615530174	175.1146288339893	249.01918758679759	175.1146288339893	249.01918758679759	197.56213060444554
214.87998968803728	200.87931410637202	214.87998968803728	179.0347444005713	226.7654377533547	179.0347444005713	226.7654377533547	200.87931410637202
213.6798438206288	186.76783853197793	213.6798438206288	172.47173542812055	225.75008930589766	172.47173542812055	225.75008930589766	186.76783853197793
215.36261404732764	187.7312534818027	215.36261404732764	170.64814584609633	234.06778430559243	170.64814584609633	234.06778430559243	187.7312534818027
R23	167.6810764469185	301.7671322654635	11.97626109344626	5
167.6810764469185	301.7671322654635	167.6810764469185	280.93795039750125	186.6067088991972	280.93795039750125	186.6067088991972	301.7671322654635	167.6810764469185	301.7671322654635
162.88484098144895	294.0286674358328	162.88484098144895	273.43928911977554	172.47731191238805	273.43928911977554	172.47731191238805	294.0286674358328
174.05728213462356	306.37955153101785	174.05728213462356	297.1547129999091	180.87363189936167	297.1547129999091	180.87363189936167	306.37955153101785
172.52181433512712	283.63772488693616	172.52181433512712	278.23817590806635	178.97682485572747	278.23817590806635	178.97682485572747	283.63772488693616
161.95703644683542	305.1886201062751	161.95703644683542	297.96203542750385	173.40511644700157	297.96203542750385	173.40511644700157	305.1886201062751
R22	238.9185332978428	211.4455846377015	11.97626109344626	5
238.9185332978428	211.4455846377015	238.9185332978428	195.28936662059314	245.04003952118663	195.28936662059314	245.04003952118663	211.4455846377015	238.9185332978428	211.4455846377015
239.0538113131667	201.8161915938865	239.0538113131667	196.21056398256567	251.02626772920655	196.21056398256567	251.02626772920655	201.8161915938865
240.85718838631163	202.03888836472916	240.85718838631163	194.5799195720957	249.22289065606168	194.5799195720957	249.22289065606168	202.03888836472916
236.9751040052568	219.70945590815322	236.9751040052568	195.12859065202454	253.10497503711645	195.12859065202454	253.10497503711645	219.70945590815322
231.85619730516117	198.69292003499285	231.85619730516117	191.88581320619343	254.26500853385357	191.88581320619343	254.26500853385357	198.69292003499285
R21	69.3973249572366	431.08330414621577	11.97626109344626	5
69.3973249572366	431.08330414621577	69.3973249572366	407.3334041609152	86.71522691360289	407.3334041609152	86.71522691360289	431.08330414621577	69.3973249572366	431.08330414621577
74.27211076072845	429.8934066560594	74.27211076072845	414.1017090114321	99.15834306647733	414.1017090114321	99.15834306647733	429.8934066560594
78.60406259422446	429.8041695831161	78.60406259422446	404.8088444264902	94.82639123298132	404.8088444264902	94.82639123298132	429.8041695831161
66.79441525699512	422.25258222637854	66.79441525699512	398.7602899868358	72.00023465747809	398.7602899868358	72.00023465747809	422.25258222637854
77.62153146229832	418.2016316692901	77.62153146229832	404.3218923234982	95.80892236490746	404.3218923234982	95.80892236490746	418.2016316692901
R20	176.76026360708175	43.32982346899019	11.97626109344626	5
176.76026360708175	43.32982346899019	176.76026360708175	25.284809916386685	199.45067476436026	25.284809916386685	199.45067476436026	43.32982346899019	176.76026360708175	43.32982346899019
186.70414985338422	36.592233042505	186.70414985338422	13.977386790268369	210.53770695737157	13.977386790268369	210.53770695737157	36.592233042505
170.92675038961005	36.10683281782515	170.92675038961005	14.46278701494822	187.11863674647867	14.46278701494822	187.11863674647867	36.10683281782515
165.22440661608545	39.44044777203157	165.22440661608545	30.137978383610083	188.29612059807806	30.137978383610083	188.29612059807806	39.44044777203157
174.18960499492366	31.556284400508897	174.18960499492366	19.013335432264473	185.95845741711392	19.013335432264473	185.95845741711392	31.556284400508897
R19	462.6816972447901	451.48454284972723	11.97626109344626	5
462.6816972447901	451.48454284972723	462.6816972447901	436.42875627492236	470.185094089418	436.42875627492236	470.185094089418	451.48454284972723	462.6816972447901	451.48454284972723
456.1847330994452	455.45520097980176	456.1847330994452	447.5138847196527	473.1294669706921	447.5138847196527	473.1294669706921	455.45520097980176
461.23381721987795	458.31458926323893	461.23381721987795	444.0777531433899	479.136370958958	444.0777531433899	479.136370958958	458.31458926323893
459.329466054067	450.17947123619183	459.329466054067	428.8515644968836	466.0339284355132	428.8515644968836	466.0339284355132	450.17947123619183
458.8841087143654	460.68341349830285	458.8841087143654	437.91509908854965	481.48607946447055	437.91509908854965	481.48607946447055	460.68341349830285
R18	93.70280234309367	488.4550787166783	11.97626109344626	5
93.70280234309367	488.4550787166783	93.70280234309367	483.104947796609	113.25481513348647	483.104947796609	113.25481513348647	488.4550787166783	93.70280234309367	488.4550787166783
94.33993735870362	493.18839439984345	94.33993735870362	483.7217630335133	113.47643079760073	483.7217630335133	113.47643079760073	493.18839439984345
106.44428845721178	495.53738837483564	106.44428845721178	470.67250721838235	118.4081345648528	470.67250721838235	118.4081345648528	495.53738837483564
90.90828289538145	493.26386813552324	90.90828289538145	483.6462892978334	97.7156072191038	483.6462892978334	97.7156072191038	493.26386813552324
93.50732274702825	496.73426090934134	93.50732274702825	480.1758965240153	103.38844765071418	480.1758965240153	103.38844765071418	496.73426090934134
R17	95.54339846306016	279.5829978606076	11.97626109344626	5
95.54339846306016	279.5829978606076	95.54339846306016	263.73098424892993	107.85074192696953	263.73098424892993	107.85074192696953	279.5829978606076	95.54339846306016	279.5829978606076
99.67774137134057	285.36096395680886	99.67774137134057	261.01194329589475	116.0237424825985	261.01194329589475	116.0237424825985	285.36096395680886
87.25412213610434	276.3145828845832	87.25412213610434	254.6196963683553	103.83267479001597	254.6196963683553	103.83267479001597	276.3145828845832
103.96256883267759	271.61822964133034	103.96256883267759	266.12758414041093	111.73891502126148	266.12758414041093	111.73891502126148	271.61822964133034
91.02775775752197	275.77391503125506	91.02775775752197	265.34137558914784	100.05903916859835	265.34137558914784	100.05903916859835	275.77391503125506
R16	145.8903079915394	464.33655592567925	11.97626109344626	5
145.8903079915394	464.33655592567925	145.8903079915394	453.864608732605	159.65497848190043	453.864608732605	159.65497848190043	464.33655592567925	145.8903079915394	464.33655592567925
140.96881061501333	465.4846199986972	140.96881061501333	444.4386546218112	150.81180536806548	444.4386546218112	150.81180536806548	465.4846199986972
137.5623916069547	465.0462305679074	137.5623916069547	442.6829868973027	161.1701905090386	442.6829868973027	161.1701905090386	465.0462305679074
153.2074518037628	471.35020347118666	153.2074518037628	457.32290838017184	164.70236336806113	457.32290838017184	164.70236336806113	471.35020347118666
136.77523736946085	465.98524760437004	136.77523736946085	441.74396986083997	158.17134101810439	441.74396986083997	158.17134101810439	465.98524760437004
R15	120.66239936032305	221.87072415489607	11.97626109344626	5
120.66239936032305	221.87072415489607	120.66239936032305	202.30511574996623	131.6572639410736	202.30511574996623	131.6572639410736	221.87072415489607	120.66239936032305	221.87072415489607
115.35237990330172	207.68568992607848	115.35237990330172	198.33181773349688	125.97241881734438	198.33181773349688	125.97241881734438	207.68568992607848
124.61264498906627	217.3689507621039	124.61264498906627	207.4206315178767	138.70188289308095	207.4206315178767	138.70188289308095	217.3689507621039
124.1790507179394	223.97845096973464	124.1790507179394	205.46573635106353	139.1354771642078	205.46573635106353	139.1354771642078	223.97845096973464
117.09780381883917	218.84008919927612	117.09780381883917	202.5318609651145	124.2269949018069	202.5318609651145	124.2269949018069	218.84008919927612
R14	408.7519670715013	105.45433563443785	11.97626109344626	5
408.7519670715013	105.45433563443785	408.7519670715013	97.23375269539159	429.15087045189046	97.23375269539159	429.15087045189046	105.45433563443785	408.7519670715013	105.45433563443785
420.9140768880386	106.55918812080569	420.9140768880386	87.90831726997749	434.7749893132509	87.90831726997749	434.7749893132509	106.55918812080569
406.3860662511212	102.99418824716338	406.3860662511212	91.4733171436198	419.5944282206524	91.4733171436198	419.5944282206524	102.99418824716338
411.45815325095754	100.65084581111672	411.45815325095754	93.81665957966645	423.1732760893636	93.81665957966645	423.1732760893636	100.65084581111672
419.9875449982247	117.90462921540151	419.9875449982247	93.0040420534742	431.275980153601	93.0040420534742	431.275980153601	117.90462921540151
R13	410.24293900073906	200.76452396487576	11.97626109344626	5
410.24293900073906	200.76452396487576	410.24293900073906	187.3932920171095	423.90844931925756	187.3932920171095	423.90844931925756	200.76452396487576	410.24293900073906	200.76452396487576
398.499381792582	194.64828517657628	398.499381792582	180.30554774074415	421.9864962088961	180.30554774074415	421.9864962088961	194.64828517657628
404.8081971424178	205.400817428543	404.8081971424178	196.12823050120852	419.53113788607965	196.12823050120852	419.53113788607965	205.400817428543
420.32595454478997	200.34582726595585	420.32595454478997	190.51452358730575	427.49094409372515	190.51452358730575	427.49094409372515	200.34582726595585
414.78481097305007	190.40707196454304	414.78481097305007	184.37951206967597	427.91831842829083	184.37951206967597	427.91831842829083	190.40707196454304
R12	313.10544807389624	93.04824477443012	11.97626109344626	5
313.10544807389624	93.04824477443012	313.10544807389624	73.30655895211243	322.53737192069536	73.30655895211243	322.53737192069536	93.04824477443012	313.10544807389624	93.04824477443012
314.14612195536404	93.17493496190373	314.14612195536404	70.66299329321826	330.9286218860267	70.66299329321826	330.9286218860267	93.17493496190373
310.11707888178216	85.87442543407833	310.11707888178216	71.65167495949292	334.95766495960856	71.65167495949292	334.95766495960856	85.87442543407833
313.7139577989593	95.44818530309658	313.7139577989593	73.84886477832697	331.3607860424314	73.84886477832697	331.3607860424314	95.44818530309658
311.2219897279381	82.09003274480577	311.2219897279381	64.52308515941908	319.84845992619717	64.52308515941908	319.84845992619717	82.09003274480577
R11	53.367052407633935	118.15097909248783	11.97626109344626	5
53.367052407633935	118.15097909248783	53.367052407633935	93.53401698163921	74.01484008656536	93.53401698163921	74.01484008656536	118.15097909248783	53.367052407633935	118.15097909248783
47.9492923729528	124.53588932082067	47.9492923729528	111.76606886415499	67.04532991052709	111.76606886415499	67.04532991052709	124.53588932082067
66.24012039974	101.13767830758906	66.24012039974	88.63464618515525	81.78955977339072	88.63464618515525	81.78955977339072	101.13767830758906
62.323123528436874	106.73550636969419	62.323123528436874	94.98988952015752	85.70655664469385	94.98988952015752	85.70655664469385	106.73550636969419
51.44412771778893	128.01090895503114	51.44412771778893	108.2910492299445	67.57963628047769	108.2910492299445	67.57963628047769	128.01090895503114
R10	133.76050787601955	12.4127646892656	11.97626109344626	5
133.76050787601955	12.4127646892656	133.76050787601955	-9.029444526015332	141.40267571888333	-9.029444526015332	141.40267571888333	12.4127646892656	133.76050787601955	12.4127646892656
124.44916064807684	1.0716277243925623	124.44916064807684	-8.240246842691562	143.07185510396224	-8.240246842691562	143.07185510396224	1.0716277243925623
126.31694112745078	19.522965557786662	126.31694112745078	5.30256382074454	143.71892714621487	5.30256382074454	143.71892714621487	19.522965557786662
138.78122676647124	10.519441067795235	138.78122676647124	-9.079855138620864	144.02412467129543	-9.079855138620864	144.02412467129543	10.519441067795235
132.21002709141857	1.8673309495048507	132.21002709141857	-19.926220001535516	147.5518222567497	-19.926220001535516	147.5518222567497	1.8673309495048507
R9	465.8480681436873	266.43125266452813	11.97626109344626	5
465.8480681436873	266.43125266452813	465.8480681436873	254.18117873469663	472.74176245410035	254.18117873469663	472.74176245410035	266.43125266452813	465.8480681436873	266.43125266452813
467.11054076555195	264.3716929693428	467.11054076555195	244.19549962627553	478.37298414264876	244.19549962627553	478.37298414264876	264.3716929693428
461.86576615747884	271.5237387811241	461.86576615747884	256.62556849622973	483.61775875072186	256.62556849622973	483.61775875072186	271.5237387811241
465.07673919268814	265.93890149962647	465.07673919268814	245.56499745171385	480.40678571551257	245.56499745171385	480.40678571551257	265.93890149962647
466.9876304383279	256.83736986096346	466.9876304383279	251.5249876084298	476.3371032575157	251.5249876084298	476.3371032575157	256.83736986096346
R8	200.6224205715019	417.69201749664575	11.97626109344626	5
200.6224205715019	417.69201749664575	200.6224205715019	398.7758227382939	206.12624703074113	398.7758227382939	206.12624703074113	417.69201749664575	200.6224205715019	417.69201749664575
197.8437214266455	419.7115347046654	197.8437214266455	405.006534246941	203.40111971635824	405.006534246941	203.40111971635824	419.7115347046654
194.01275431984487	427.43959527922465	194.01275431984487	407.94443971406696	216.45732578590713	407.94443971406696	216.45732578590713	427.43959527922465
200.42325344974904	408.79084608941446	200.42325344974904	395.507572958316	211.8292406117332	395.507572958316	211.8292406117332	408.79084608941446
193.99540538771717	424.42047145633063	193.99540538771717	410.96356353696086	213.99416975219103	410.96356353696086	213.99416975219103	424.42047145633063
R7	72.58411770029169	497.06610170202265	11.97626109344626	5
72.58411770029169	497.06610170202265	72.58411770029169	473.8232811385714	83.95736498484955	473.8232811385714	83.95736498484955	497.06610170202265	72.58411770029169	497.06610170202265
63.73058184770079	486.78921379659783	63.73058184770079	467.57988608635054	81.43765355288258	467.57988608635054	81.43765355288258	486.78921379659783
69.10443317216107	502.128697598075	69.10443317216107	483.1257271740953	76.0638022284223	483.1257271740953	76.0638022284223	502.128697598075
80.67209164922883	484.6285275256322	80.67209164922883	463.01803475151064	85.80788642981614	463.01803475151064	85.80788642981614	484.6285275256322
80.7662598258265	488.0995360329214	80.7662598258265	471.26844735414693	87.1484701438726	471.26844735414693	87.1484701438726	488.0995360329214
R6	162.29558708860313	464.1746418464524	11.97626109344626	5
162.29558708860313	464.1746418464524	162.29558708860313	458.30408834212966	171.3769643594844	458.30408834212966	171.3769643594844	464.1746418464524	162.29558708860313	464.1746418464524
160.76555558243024	474.59304916083704	160.76555558243024	453.75623453206777	167.42731527537035	453.75623453206777	167.42731527537035	474.59304916083704
163.09556079159722	468.98536103050566	163.09556079159722	459.36392266239915	170.102439593506	459.36392266239915	170.102439593506	468.98536103050566
164.29480687201797	466.7079559054527	164.29480687201797	451.9779517065836	178.4591218469508	451.9779517065836	178.4591218469508	466.7079559054527
158.27713060012633	461.082902585982	158.27713060012633	455.5252740982773	174.84115883189622	455.5252740982773	174.84115883189622	461.082902585982
R5	222.4116888825893	346.62076582370025	11.97626109344626	5
222.4116888825893	346.62076582370025	222.4116888825893	332.60254970944084	233.88070589608682	332.60254970944084	233.88070589608682	346.62076582370025	222.4116888825893	346.62076582370025
212.7646641280145	350.51594323776095	212.7646641280145	340.8733163613263	232.0587136371641	340.8733163613263	232.0587136371641	350.51594323776095
221.70069611396798	358.87683314403466	221.70069611396798	334.36469850336584	240.2785765899606	334.36469850336584	240.2785765899606	358.87683314403466
229.87065777742987	348.2166468033426	229.87065777742987	326.13382737675437	237.89075401474383	326.13382737675437	237.89075401474383	348.2166468033426
221.11305457277467	341.45326638015723	221.11305457277467	323.75183303872444	243.6156511638203	323.75183303872444	243.6156511638203	341.45326638015723
R4	412.18693861368865	208.08868503286135	11.97626109344626	5
412.18693861368865	208.08868503286135	412.18693861368865	200.0378387897095	429.1110531800623	200.0378387897095	429.1110531800623	208.08868503286135	412.18693861368865	208.08868503286135
419.019091398535	212.5204394373007	419.019091398535	203.65693062842195	434.6675458370264	203.65693062842195	434.6675458370264	212.5204394373007
417.7056875460883	204.10286390267945	417.7056875460883	195.97281367673955	439.1516899680558	195.97281367673955	439.1516899680558	204.10286390267945
408.88017603441165	212.6411183117038	408.88017603441165	203.5362517540189	426.72762171754755	203.5362517540189	426.72762171754755	212.6411183117038
408.0989049752845	211.2088929664691	408.0989049752845	197.18768939417052	416.2749722520928	197.18768939417052	416.2749722520928	211.2088929664691
R3	115.45910174572452	460.30988571453435	11.97626109344626	5
115.45910174572452	460.30988571453435	115.45910174572452	443.4340710649738	137.829757623079	443.4340710649738	137.829757623079	460.30988571453435	115.45910174572452	460.30988571453435
106.85116149010624	472.0073626849591	106.85116149010624	448.6124087441096	131.12033361383047	448.6124087441096	131.12033361383047	472.0073626849591
123.66863617922311	471.8765766706888	123.66863617922311	448.7431947583799	131.79204720952083	448.7431947583799	131.79204720952083	471.8765766706888
126.0024529896447	462.864115314798	126.0024529896447	457.75565611427066	145.96906049175894	457.75565611427066	145.96906049175894	462.864115314798
110.8378007792252	447.9586412730413	110.8378007792252	438.9095008569062	131.74890096272617	438.9095008569062	131.74890096272617	447.9586412730413
R2	127.10954911525016	473.8966104041902	11.97626109344626	5
127.10954911525016	473.8966104041902	127.10954911525016	461.72954322467666	149.07023144922198	461.72954322467666	149.07023144922198	473.8966104041902	127.10954911525016	473.8966104041902
127.8668473902203	482.1323622060767	127.8668473902203	465.66085860230356	145.47281511433312	465.66085860230356	145.47281511433312	482.1323622060767
120.9747366538513	476.632413669624	120.9747366538513	456.7609654051668	133.24436157664903	456.7609654051668	133.24436157664903	476.632413669624
129.49538915595764	480.4550563973922	129.49538915595764	467.3381644109883	152.75746059108002	467.3381644109883	152.75746059108002	480.4550563973922
138.24660380530813	478.1460038856559	138.24660380530813	469.6472169227245	154.1613266295495	469.6472169227245	154.1613266295495	478.1460038856559
R1	443.00003627537774	493.042440630519	11.97626109344626	5
443.00003627537774	493.042440630519	443.00003627537774	481.6249468633151	464.46946767192765	481.6249468633151	464.46946767192765	493.042440630519	443.00003627537774	493.042440630519
448.5998811520579	493.9000308547205	448.5998811520579	469.34986287190964	466.09806499193365	469.34986287190964	466.09806499193365	493.9000308547205
448.4216657095216	502.26780466925516	448.4216657095216	483.817076591783	454.9751167230709	483.817076591783	454.9751167230709	502.26780466925516
449.39276209637336	487.4510265330224	449.39276209637336	475.79886719360763	459.7917636873073	475.79886719360763	459.7917636873073	487.4510265330224
451.5081972775065	504.5429342552543	451.5081972775065	481.54194700578364	475.5175141378422	481.54194700578364	475.5175141378422	504.5429342552543
