R100	391.3267497332272	334.2701895957458	108.10858959570766	1
391.3267497332272	334.2701895957458	391.3267497332272	325.47328744104084	406.2459057115227	325.47328744104084	406.2459057115227	334.2701895957458	391.3267497332272	334.2701895957458
R99	292.3920482484593	416.43802561946677	61.692878705083686	1
292.3920482484593	416.43802561946677	292.3920482484593	401.9936823274045	311.4636806477001	401.9936823274045	311.4636806477001	416.43802561946677	292.3920482484593	416.43802561946677
R98	318.87908694352353	357.50610879719653	83.91637170657464	1
318.87908694352353	357.50610879719653	318.87908694352353	348.89589829721325	339.6897430896748	348.89589829721325	339.6897430896748	357.50610879719653	318.87908694352353	357.50610879719653
R97	24.17825948007014	134.06853310315574	104.597094847767	1
24.17825948007014	134.06853310315574	24.17825948007014	115.43735351320188	29.55668499438068	115.43735351320188	29.55668499438068	134.06853310315574	24.17825948007014	134.06853310315574
R96	233.93553833444855	24.42200115763559	82.47159369752525	1
233.93553833444855	24.42200115763559	233.93553833444855	15.124137052596971	249.149027485925	15.124137052596971	249.149027485925	24.42200115763559	233.93553833444855	24.42200115763559
R95	273.6204476628534	141.49752635414717	78.43483894483347	1
273.6204476628534	141.49752635414717	273.6204476628534	136.12085509706992	297.4243916082369	136.12085509706992	297.4243916082369	141.49752635414717	273.6204476628534	141.49752635414717
R94	288.40929775163977	448.7007924984111	80.18202914070407	1
288.40929775163977	448.7007924984111	288.40929775163977	441.94002838893647	308.88149846998374	441.94002838893647	308.88149846998374	448.7007924984111	288.40929775163977	448.7007924984111
R93	19.64672013711825	75.1683627207392	79.63877585735325	1
19.64672013711825	75.1683627207392	19.64672013711825	53.307271024126955	30.34802438626612	53.307271024126955	30.34802438626612	75.1683627207392	19.64672013711825	75.1683627207392
R92	329.73637770281994	176.82028044837762	86.8454562725753	1
329.73637770281994	176.82028044837762	329.73637770281994	163.8272909241967	338.712449185179	163.8272909241967	338.712449185179	176.82028044837762	329.73637770281994	176.82028044837762
R91	435.21219047664863	157.8995654533247	62.44080851570458	1
435.21219047664863	157.8995654533247	435.21219047664863	146.61620483932515	459.31279149464956	146.61620483932515	459.31279149464956	157.8995654533247	435.21219047664863	157.8995654533247
R90	465.95418226556046	224.43787221603952	120.37883609465938	1
465.95418226556046	224.43787221603952	465.95418226556046	206.41986712542956	476.52115639140914	206.41986712542956	476.52115639140914	224.43787221603952	465.95418226556046	224.43787221603952
R89	-2.9614733445531147	216.27145998300432	83.47945669375204	1
-2.9614733445531147	216.27145998300432	-2.9614733445531147	191.90328288343443	20.826796474031084	191.90328288343443	20.826796474031084	216.27145998300432	-2.9614733445531147	216.27145998300432
R88	278.54927253087067	187.85520542345674	62.584114838063044	1
278.54927253087067	187.85520542345674	278.54927253087067	175.77521216620912	290.4215472035917	175.77521216620912	290.4215472035917	187.85520542345674	278.54927253087067	187.85520542345674
R87	407.82961471455445	220.18251648997818	81.1613783074279	1
407.82961471455445	220.18251648997818	407.82961471455445	196.2026792355507	429.9301793724731	196.2026792355507	429.9301793724731	220.18251648997818	407.82961471455445	220.18251648997818
R86	188.11333849376587	296.6174143051599	73.23882078952344	1
188.11333849376587	296.6174143051599	188.11333849376587	281.5739722087811	204.50425368947492	281.5739722087811	204.50425368947492	296.6174143051599	188.11333849376587	296.6174143051599
R85	377.25265576791185	164.3802324228985	104.67429483154451	1
377.25265576791185	164.3802324228985	377.25265576791185	152.08436494801444	394.01192560065897	152.08436494801444	394.01192560065897	164.3802324228985	377.25265576791185	164.3802324228985
R84	410.3464659940423	380.8017901270243	102.4825487117819	1
410.3464659940423	380.8017901270243	410.3464659940423	355.84768486349896	429.50725473318994	355.84768486349896	429.50725473318994	380.8017901270243	410.3464659940423	380.8017901270243
R83	480.4733868845893	139.27115643302218	96.8265476703884	1
480.4733868845893	139.27115643302218	480.4733868845893	124.27755810626243	502.5511595332968	124.27755810626243	502.5511595332968	139.27115643302218	480.4733868845893	139.27115643302218
R82	382.4468144678482	464.0503649996819	100.07073813524559	1
382.4468144678482	464.0503649996819	382.4468144678482	441.33589604778075	397.28235564464944	441.33589604778075	397.28235564464944	464.0503649996819	382.4468144678482	464.0503649996819
R81	185.53486207607875	345.8148125060103	119.02475749529249	1
185.53486207607875	345.8148125060103	185.53486207607875	323.9120105768028	205.40048803073006	323.9120105768028	205.40048803073006	345.8148125060103	185.53486207607875	345.8148125060103
R80	232.425583485365	240.90131374928467	100.40167952850909	1
232.425583485365	240.90131374928467	232.425583485365	226.07447076193955	255.42450576715152	226.07447076193955	255.42450576715152	240.90131374928467	232.425583485365	240.90131374928467
R79	83.36855194977751	446.80615220477455	113.67833859200256	1
83.36855194977751	446.80615220477455	83.36855194977751	438.2286336803396	99.72826954077776	438.2286336803396	99.72826954077776	446.80615220477455	83.36855194977751	446.80615220477455
R78	36.3866026587413	284.4736506426157	119.92805735218575	1
36.3866026587413	284.4736506426157	36.3866026587413	263.31644752415644	55.93141042283731	263.31644752415644	55.93141042283731	284.4736506426157	36.3866026587413	284.4736506426157
R77	166.72702190211075	194.3512318918947	62.197339919362435	1
166.72702190211075	194.3512318918947	166.72702190211075	186.1110339076917	183.23720013276503	186.1110339076917	183.23720013276503	194.3512318918947	166.72702190211075	194.3512318918947
R76	61.30933982161927	508.06005073480435	81.17911553282218	1
61.30933982161927	508.06005073480435	61.30933982161927	488.38713731547466	69.26036406014143	488.38713731547466	69.26036406014143	508.06005073480435	61.30933982161927	508.06005073480435
R75	486.82716355376795	300.8408278561287	109.65208460510706	1
486.82716355376795	300.8408278561287	486.82716355376795	292.2895472677608	498.77631556667814	292.2895472677608	498.77631556667814	300.8408278561287	486.82716355376795	300.8408278561287
R74	43.37460834570973	101.68244332944434	106.40555544930008	1
43.37460834570973	101.68244332944434	43.37460834570973	96.57499626156871	52.64970290286041	96.57499626156871	52.64970290286041	101.68244332944434	43.37460834570973	101.68244332944434
R73	168.9930328449119	428.2266748121529	81.88265955836688	1
168.9930328449119	428.2266748121529	168.9930328449119	415.5693324328402	192.96358252189998	415.5693324328402	192.96358252189998	428.2266748121529	168.9930328449119	428.2266748121529
R72	44.371855593043115	142.1650628526122	105.20187488086401	1
44.371855593043115	142.1650628526122	44.371855593043115	118.65982679628395	59.071888231045826	118.65982679628395	59.071888231045826	142.1650628526122	44.371855593043115	142.1650628526122
R71	11.08744793423984	497.9050000923907	97.45599894661069	1
11.08744793423984	497.9050000923907	11.08744793423984	488.93406991979697	18.936364725504458	488.93406991979697	18.936364725504458	497.9050000923907	11.08744793423984	497.9050000923907
R70	21.227237894971793	182.77961126160255	101.89256538378335	1
21.227237894971793	182.77961126160255	21.227237894971793	173.17983735326283	30.68555250669739	173.17983735326283	30.68555250669739	182.77961126160255	21.227237894971793	182.77961126160255
R69	221.0212548099169	361.01201970306124	105.15321705151975	1
221.0212548099169	361.01201970306124	221.0212548099169	341.8768095165194	230.84679204175944	341.8768095165194	230.84679204175944	361.01201970306124	221.0212548099169	361.01201970306124
R68	446.19146933325305	136.0172908271071	66.48469416125582	1
446.19146933325305	136.0172908271071	446.19146933325305	117.03919825561462	468.1536153634336	117.03919825561462	468.1536153634336	136.0172908271071	446.19146933325305	136.0172908271071
R67	452.1295258874989	306.4361400143753	81.52648803867446	1
452.1295258874989	306.4361400143753	452.1295258874989	287.80958330212667	465.21942219841793	287.80958330212667	465.21942219841793	306.4361400143753	452.1295258874989	306.4361400143753
R66	7.726496753870016	170.54234509288347	100.41065147144626	1
7.726496753870016	170.54234509288347	7.726496753870016	158.5576029138159	24.69464915973189	158.5576029138159	24.69464915973189	170.54234509288347	7.726496753870016	170.54234509288347
R65	367.7035173229613	251.35150599954264	107.08218856421418	1
367.7035173229613	251.35150599954264	367.7035173229613	241.90329957373572	381.7881489291587	241.90329957373572	381.7881489291587	251.35150599954264	367.7035173229613	251.35150599954264
R64	264.63015123311754	300.8817691745288	92.49835425270373	1
264.63015123311754	300.8817691745288	264.63015123311754	289.56336851323204	281.23477344684477	289.56336851323204	281.23477344684477	300.8817691745288	264.63015123311754	300.8817691745288
R63	18.46771372039234	326.5776114058046	91.99474421754232	1
18.46771372039234	326.5776114058046	18.46771372039234	317.2095112609306	33.92980946318393	317.2095112609306	33.92980946318393	326.5776114058046	18.46771372039234	326.5776114058046
R62	158.43770273531447	255.9059964040885	88.89908205513386	1
158.43770273531447	255.9059964040885	158.43770273531447	235.6317662760494	176.5271229719571	235.6317662760494	176.5271229719571	255.9059964040885	158.43770273531447	255.9059964040885
R61	249.29073209476812	336.56961586997556	106.86970500422218	1
249.29073209476812	336.56961586997556	249.29073209476812	329.41557749349045	256.3113872503245	329.41557749349045	256.3113872503245	336.56961586997556	249.29073209476812	336.56961586997556
R60	41.63949373716184	299.6550513422807	83.36698764413836	1
41.63949373716184	299.6550513422807	41.63949373716184	286.06993644155864	63.60619516626416	286.06993644155864	63.60619516626416	299.6550513422807	41.63949373716184	299.6550513422807
R59	473.91941056561944	241.34413659027854	115.63483346338661	1
473.91941056561944	241.34413659027854	473.91941056561944	223.08485653249977	484.86825860583014	223.08485653249977	484.86825860583014	241.34413659027854	473.91941056561944	241.34413659027854
R58	241.7537142331805	155.5650844220009	97.96854332796144	1
241.7537142331805	155.5650844220009	241.7537142331805	137.75018585947862	251.4442617349446	137.75018585947862	251.4442617349446	155.5650844220009	241.7537142331805	155.5650844220009
R57	409.02498857202283	255.14511478896753	82.47075298069262	1
409.02498857202283	255.14511478896753	409.02498857202283	234.73341155199876	421.73051990466183	234.73341155199876	421.73051990466183	255.14511478896753	409.02498857202283	255.14511478896753
R56	153.79322336666655	172.64979441264907	66.19437335684538	1
153.79322336666655	172.64979441264907	153.79322336666655	149.39304442540467	168.1768769369071	149.39304442540467	168.1768769369071	172.64979441264907	153.79322336666655	172.64979441264907
R55	271.3504848141372	14.154481587672652	70.7363473533957	1
271.3504848141372	14.154481587672652	271.3504848141372	0.5948285147617574	295.2146236957958	0.5948285147617574	295.2146236957958	14.154481587672652	271.3504848141372	14.154481587672652
R54	186.16575167426092	269.6915175488118	72.69632368086559	1
186.16575167426092	269.6915175488118	186.16575167426092	255.40173900171956	199.76493949000414	255.40173900171956	199.76493949000414	269.6915175488118	186.16575167426092	269.6915175488118
R53	324.24830585004906	173.05232374026872	109.1504447768127	1
324.24830585004906	173.05232374026872	324.24830585004906	159.42471368356723	332.49748009718576	159.42471368356723	332.49748009718576	173.05232374026872	324.24830585004906	173.05232374026872
R52	187.5462739280891	120.99660581640399	80.48701358557737	1
187.5462739280891	120.99660581640399	187.5462739280891	110.84957571748572	205.4602249820754	110.84957571748572	205.4602249820754	120.99660581640399	187.5462739280891	120.99660581640399
R51	482.39725987497195	27.731249034771626	72.9797423014136	1
482.39725987497195	27.731249034771626	482.39725987497195	13.196457569077634	490.0903250811016	13.196457569077634	490.0903250811016	27.731249034771626	482.39725987497195	27.731249034771626
R50	464.7607943998863	174.76992800157348	97.97520167040226	1
464.7607943998863	174.76992800157348	464.7607943998863	161.72194628760036	478.94175162268255	161.72194628760036	478.94175162268255	174.76992800157348	464.7607943998863	174.76992800157348
R49	205.9878543100385	418.96953774067356	91.50777097905342	1
205.9878543100385	418.96953774067356	205.9878543100385	401.03971595608357	214.72936083820994	401.03971595608357	214.72936083820994	418.96953774067356	205.9878543100385	418.96953774067356
R48	334.22050686299195	342.66295469039926	110.63051503165303	1
334.22050686299195	342.66295469039926	334.22050686299195	337.0142901748337	341.49007406125435	337.0142901748337	341.49007406125435	342.66295469039926	334.22050686299195	342.66295469039926
R47	78.16510365827756	189.36795030799797	75.71705075983735	1
78.16510365827756	189.36795030799797	78.16510365827756	174.27335969057796	94.80051475711525	174.27335969057796	94.80051475711525	189.36795030799797	78.16510365827756	189.36795030799797
R46	471.94548808265625	266.55031215918865	73.33036735397222	1
471.94548808265625	266.55031215918865	471.94548808265625	241.78777375808133	481.06677981712613	241.78777375808133	481.06677981712613	266.55031215918865	471.94548808265625	266.55031215918865
R45	482.01782452817275	193.3546572185995	71.21367096074721	1
482.01782452817275	193.3546572185995	482.01782452817275	182.8842333773056	489.9154251002464	182.8842333773056	489.9154251002464	193.3546572185995	482.01782452817275	193.3546572185995
R44	359.7168600649353	36.089402763536235	65.3317991397766	1
359.7168600649353	36.089402763536235	359.7168600649353	12.784157581801841	368.66625793873516	12.784157581801841	368.66625793873516	36.089402763536235	359.7168600649353	36.089402763536235
R43	125.90349981563757	407.56320060956045	115.4543448216631	1
125.90349981563757	407.56320060956045	125.90349981563757	386.30350231190766	143.7558538069204	386.30350231190766	143.7558538069204	407.56320060956045	125.90349981563757	407.56320060956045
R42	217.39664307004546	248.11776226373135	62.83319567745274	1
217.39664307004546	248.11776226373135	217.39664307004546	230.70140266909138	240.80707784189582	230.70140266909138	240.80707784189582	248.11776226373135	217.39664307004546	248.11776226373135
R41	88.39777484999706	326.38798255196656	93.16509692246136	1
88.39777484999706	326.38798255196656	88.39777484999706	313.83196586977266	112.80371996262832	313.83196586977266	112.80371996262832	326.38798255196656	88.39777484999706	326.38798255196656
R40	93.95417960066368	426.44292343056253	82.78094779448561	1
93.95417960066368	426.44292343056253	93.95417960066368	405.7316505136119	104.52999124549888	405.7316505136119	104.52999124549888	426.44292343056253	93.95417960066368	426.44292343056253
R39	316.65770631233687	95.02212605146174	104.99899365070404	1
316.65770631233687	95.02212605146174	316.65770631233687	82.56605356929639	331.07399750423707	82.56605356929639	331.07399750423707	95.02212605146174	316.65770631233687	95.02212605146174
R38	122.2383383325292	318.0794050346044	72.98244512579554	1
122.2383383325292	318.0794050346044	122.2383383325292	305.4630822097754	138.7698858413332	305.4630822097754	138.7698858413332	318.0794050346044	122.2383383325292	318.0794050346044
R37	434.48763294220777	139.7822354678445	76.77789687753324	1
434.48763294220777	139.7822354678445	434.48763294220777	123.17590237174726	458.4674696089813	123.17590237174726	458.4674696089813	139.7822354678445	434.48763294220777	139.7822354678445
R36	25.034533542437163	119.48747329900738	74.07730258731756	1
25.034533542437163	119.48747329900738	25.034533542437163	106.74716773127008	33.46885374557269	106.74716773127008	33.46885374557269	119.48747329900738	25.034533542437163	119.48747329900738
R35	308.8970368708739	43.02495196646538	115.44485915548562	1
308.8970368708739	43.02495196646538	308.8970368708739	26.387293647787246	317.86083449601074	26.387293647787246	317.86083449601074	43.02495196646538	308.8970368708739	43.02495196646538
R34	2.445508454177217	153.86855233643573	84.95198767627853	1
2.445508454177217	153.86855233643573	2.445508454177217	135.6330674898326	15.297449825368643	135.6330674898326	15.297449825368643	153.86855233643573	2.445508454177217	153.86855233643573
R33	146.43916870812285	297.4597236338458	64.85902035029217	1
146.43916870812285	297.4597236338458	146.43916870812285	285.51873937085156	153.55106471282556	285.51873937085156	153.55106471282556	297.4597236338458	146.43916870812285	297.4597236338458
R32	333.1351268972814	368.07168828278697	79.05557570411818	1
333.1351268972814	368.07168828278697	333.1351268972814	361.97045526399853	356.35150389024983	361.97045526399853	356.35150389024983	368.07168828278697	333.1351268972814	368.07168828278697
R31	33.119634229998624	272.16279040192296	78.14039489267557	1
33.119634229998624	272.16279040192296	33.119634229998624	262.9255926014665	51.17133544890086	262.9255926014665	51.17133544890086	272.16279040192296	33.119634229998624	272.16279040192296
R30	214.47411640922226	45.16603670609179	101.62141037736264	1
214.47411640922226	45.16603670609179	214.47411640922226	37.78261783650058	219.6915596811023	37.78261783650058	219.6915596811023	45.16603670609179	214.47411640922226	45.16603670609179
R29	464.16409078219783	350.0967367306454	97.90028649128904	1
464.16409078219783	350.0967367306454	464.16409078219783	330.70241184553515	476.6958014697517	330.70241184553515	476.6958014697517	350.0967367306454	464.16409078219783	350.0967367306454
R28	149.12680027330225	126.23384096063052	121.29104553317532	1
149.12680027330225	126.23384096063052	149.12680027330225	121.01116413251012	163.0921017671202	121.01116413251012	163.0921017671202	126.23384096063052	149.12680027330225	126.23384096063052
R27	272.43384362522653	294.4406161421306	114.7999239277955	1
272.43384362522653	294.4406161421306	272.43384362522653	288.49545785244425	279.6501337217198	288.49545785244425	279.6501337217198	294.4406161421306	272.43384362522653	294.4406161421306
R26	18.11797672113713	462.43872749197925	95.19807103482934	1
18.11797672113713	462.43872749197925	18.11797672113713	448.7340521974351	39.86785286833327	448.7340521974351	39.86785286833327	462.43872749197925	18.11797672113713	462.43872749197925
R25	56.77871213984169	168.53507156014362	80.63477535795155	1
56.77871213984169	168.53507156014362	56.77871213984169	143.7766229930185	63.14531298120414	143.7766229930185	63.14531298120414	168.53507156014362	56.77871213984169	168.53507156014362
R24	122.91900670833851	105.92393589222084	121.48729509506983	1
122.91900670833851	105.92393589222084	122.91900670833851	86.45842215107734	143.1443309518024	86.45842215107734	143.1443309518024	105.92393589222084	122.91900670833851	105.92393589222084
R23	134.11608464138956	371.74737903064454	118.21780137434038	1
134.11608464138956	371.74737903064454	134.11608464138956	352.43059183844696	150.8517238464211	352.43059183844696	150.8517238464211	371.74737903064454	134.11608464138956	371.74737903064454
R22	81.59200034590174	145.59520354025867	82.0319872419915	1
81.59200034590174	145.59520354025867	81.59200034590174	132.58983356079736	87.43967287309985	132.58983356079736	87.43967287309985	145.59520354025867	81.59200034590174	145.59520354025867
R21	331.52511292443086	121.06081903312483	76.37972717400326	1
331.52511292443086	121.06081903312483	331.52511292443086	100.00651557134364	338.53062332694554	100.00651557134364	338.53062332694554	121.06081903312483	331.52511292443086	121.06081903312483
R20	306.5314445063115	61.34297783527187	106.83831647634128	1
306.5314445063115	61.34297783527187	306.5314445063115	39.67945192039613	328.9252064954679	39.67945192039613	328.9252064954679	61.34297783527187	306.5314445063115	61.34297783527187
R19	397.14539928258387	85.69338484036233	66.35768412907136	1
397.14539928258387	85.69338484036233	397.14539928258387	76.48608833153774	405.24046505072806	76.48608833153774	405.24046505072806	85.69338484036233	397.14539928258387	85.69338484036233
R18	123.84207250342018	177.75865820037464	70.44556674612978	1
123.84207250342018	177.75865820037464	123.84207250342018	156.55076308233626	143.2316809772044	156.55076308233626	143.2316809772044	177.75865820037464	123.84207250342018	177.75865820037464
R17	201.1689154539801	169.55025813884018	117.06602754369766	1
201.1689154539801	169.55025813884018	201.1689154539801	159.91931937813584	216.8349403317403	159.91931937813584	216.8349403317403	169.55025813884018	201.1689154539801	169.55025813884018
R16	356.8922118963153	125.89949727861983	85.26573791975116	1
356.8922118963153	125.89949727861983	356.8922118963153	117.90732195952069	367.1685275616312	117.90732195952069	367.1685275616312	125.89949727861983	356.8922118963153	125.89949727861983
R15	190.71447382723994	63.81482957989787	62.19850564433328	1
190.71447382723994	63.81482957989787	190.71447382723994	46.77966647259496	211.87018247274426	46.77966647259496	211.87018247274426	63.81482957989787	190.71447382723994	63.81482957989787
R14	319.08154937549006	99.15698278220584	94.00220840923122	1
319.08154937549006	99.15698278220584	319.08154937549006	80.52322602845466	338.2232130735775	80.52322602845466	338.2232130735775	99.15698278220584	319.08154937549006	99.15698278220584
R13	424.8736324409329	159.48301090001652	61.813508490989896	1
424.8736324409329	159.48301090001652	424.8736324409329	149.39014123754143	447.53814403640826	149.39014123754143	447.53814403640826	159.48301090001652	424.8736324409329	159.48301090001652
R12	433.3625019173806	376.78319567910626	99.59421344402328	1
433.3625019173806	376.78319567910626	433.3625019173806	367.61769291761107	443.20799356217566	367.61769291761107	443.20799356217566	376.78319567910626	433.3625019173806	376.78319567910626
R11	68.71725002681967	377.145456167331	95.392610007887	1
68.71725002681967	377.145456167331	68.71725002681967	363.2718916340876	80.74348147703975	363.2718916340876	80.74348147703975	377.145456167331	68.71725002681967	377.145456167331
R10	308.5541834570025	466.13001617137513	65.67080770221217	1
308.5541834570025	466.13001617137513	308.5541834570025	455.5154794769752	324.9211917611948	455.5154794769752	324.9211917611948	466.13001617137513	308.5541834570025	466.13001617137513
R9	307.5515594423136	18.822348715250236	65.56378255459701	1
307.5515594423136	18.822348715250236	307.5515594423136	9.766776125384126	326.94094770194255	9.766776125384126	326.94094770194255	18.822348715250236	307.5515594423136	18.822348715250236
R8	64.98792894753792	362.1557814062851	111.84937698129343	1
64.98792894753792	362.1557814062851	64.98792894753792	339.19462942249163	83.19007863850457	339.19462942249163	83.19007863850457	362.1557814062851	64.98792894753792	362.1557814062851
R7	405.213083254336	134.1555362016281	115.63230306737059	1
405.213083254336	134.1555362016281	405.213083254336	121.78560506393956	426.8507355096294	121.78560506393956	426.8507355096294	134.1555362016281	405.213083254336	134.1555362016281
R6	374.5237370640935	500.2540162585591	85.74641475363313	1
374.5237370640935	500.2540162585591	374.5237370640935	485.8230378784788	384.16284830588455	485.8230378784788	384.16284830588455	500.2540162585591	374.5237370640935	500.2540162585591
R5	12.691189412016415	200.76266491544155	99.64769474996433	1
12.691189412016415	200.76266491544155	12.691189412016415	183.0335618587869	18.668701320851298	183.0335618587869	18.668701320851298	200.76266491544155	12.691189412016415	200.76266491544155
R4	152.4763190155974	415.95906784602187	90.84862799986237	1
152.4763190155974	415.95906784602187	152.4763190155974	397.88554767598373	169.2164970732733	397.88554767598373	169.2164970732733	415.95906784602187	152.4763190155974	415.95906784602187
R3	195.86750474865042	306.05791896714067	93.65780147795148	1
195.86750474865042	306.05791896714067	195.86750474865042	293.5642911838576	200.88880210459993	293.5642911838576	200.88880210459993	306.05791896714067	195.86750474865042	306.05791896714067
R2	361.4901049617961	102.58324731004402	82.26637561338397	1
361.4901049617961	102.58324731004402	361.4901049617961	80.00304628412721	382.34808332718944	80.00304628412721	382.34808332718944	102.58324731004402	361.4901049617961	102.58324731004402
R1	223.66126759594613	5.344200035510019	79.04840816561759	1
223.66126759594613	5.344200035510019	223.66126759594613	-2.985637787627352	248.35496526417018	-2.985637787627352	248.35496526417018	5.344200035510019	223.66126759594613	5.344200035510019
