R100	54.39054198277406	168.6736344181706	119.42228617737726	5
54.39054198277406	168.6736344181706	54.39054198277406	163.352809616954	76.99366828175012	163.352809616954	76.99366828175012	168.6736344181706	54.39054198277406	168.6736344181706
65.74968156603961	175.74354824200432	65.74968156603961	161.60372059433686	70.80483184968733	161.60372059433686	70.80483184968733	175.74354824200432
66.4567712585358	172.8321419351608	66.4567712585358	164.5151269011804	74.50793112172688	164.5151269011804	74.50793112172688	172.8321419351608
69.15947360457841	167.4934669853775	69.15947360457841	159.21215224853051	76.9688570585379	159.21215224853051	76.9688570585379	167.4934669853775
57.61795214341711	177.56614032935178	57.61795214341711	159.7811285069894	63.65029838252884	159.7811285069894	63.65029838252884	177.56614032935178
R99	132.54529692075897	44.92750492324062	119.42228617737726	5
132.54529692075897	44.92750492324062	132.54529692075897	31.925169113310872	146.6957992376511	31.925169113310872	146.6957992376511	44.92750492324062	132.54529692075897	44.92750492324062
130.44863399643884	38.38487570926215	130.44863399643884	25.465462517359597	139.3323534605347	25.465462517359597	139.3323534605347	38.38487570926215
133.06768937493806	50.75590419643649	133.06768937493806	39.09910565004475	142.1112100333137	39.09910565004475	142.1112100333137	50.75590419643649
137.35876045289356	39.83959717436793	137.35876045289356	25.39093211715751	156.03283802240864	25.39093211715751	156.03283802240864	39.83959717436793
130.1593804009363	52.079254940460885	130.1593804009363	37.77575490602035	142.17947498234366	37.77575490602035	142.17947498234366	52.079254940460885
R98	66.65608399634324	149.02705261664124	119.42228617737726	5
66.65608399634324	149.02705261664124	66.65608399634324	138.27250222404956	73.11978352855165	138.27250222404956	73.11978352855165	149.02705261664124	66.65608399634324	149.02705261664124
65.80853213507964	154.28140102768398	65.80853213507964	143.7727042055985	73.06271967845171	143.7727042055985	73.06271967845171	154.28140102768398
54.94734877210453	155.6710611782061	54.94734877210453	132.54185532129966	78.36481922058198	132.54185532129966	78.36481922058198	155.6710611782061
56.311262114879014	154.78944769095875	56.311262114879014	131.7353886182214	77.00090587780747	131.7353886182214	77.00090587780747	154.78944769095875
62.04142732340737	150.72300838931346	62.04142732340737	125.82199605878566	83.41620140811266	125.82199605878566	83.41620140811266	150.72300838931346
R97	486.68572965640317	70.8496879178164	119.42228617737726	5
486.68572965640317	70.8496879178164	486.68572965640317	63.45702687583557	494.42069152515	63.45702687583557	494.42069152515	70.8496879178164	486.68572965640317	70.8496879178164
479.79605694315535	80.67252755408093	479.79605694315535	61.026848281551864	503.9356423273442	61.026848281551864	503.9356423273442	80.67252755408093
480.2180504224413	80.90669956674793	480.2180504224413	60.79267626888486	495.7549040509252	60.79267626888486	495.7549040509252	80.90669956674793
486.9321403080469	77.36203927771538	486.9321403080469	64.33733655791741	495.1721133123085	64.33733655791741	495.1721133123085	77.36203927771538
486.47408925475116	67.52872603139804	486.47408925475116	59.3853277202731	494.27388148765027	59.3853277202731	494.27388148765027	67.52872603139804
R96	173.01961908654414	338.166935888025	119.42228617737726	5
173.01961908654414	338.166935888025	173.01961908654414	329.6029471105319	197.5351897503346	329.6029471105319	197.5351897503346	338.166935888025	173.01961908654414	338.166935888025
187.15936861941654	345.64136462209945	187.15936861941654	321.44281907797927	207.91101088125268	321.44281907797927	207.91101088125268	345.64136462209945
192.09181613530714	339.3000439305081	192.09181613530714	319.9058502905557	200.92277244311268	319.9058502905557	200.92277244311268	339.3000439305081
160.97133720932607	340.62277348794123	160.97133720932607	334.358243800379	185.0679009637622	334.358243800379	185.0679009637622	340.62277348794123
190.8525023260602	336.46655140645055	190.8525023260602	326.29893390896916	204.21787717460901	326.29893390896916	204.21787717460901	336.46655140645055
R95	107.22278715212893	273.4934900185825	119.42228617737726	5
107.22278715212893	273.4934900185825	107.22278715212893	257.6775160660153	118.72439652315983	257.6775160660153	118.72439652315983	273.4934900185825	107.22278715212893	273.4934900185825
108.71494724726823	284.46334802305057	108.71494724726823	262.52363201411447	122.00536679840236	262.52363201411447	122.00536679840236	284.46334802305057
98.32425151948564	280.06236676301614	98.32425151948564	256.0748839465796	116.12132278477222	256.0748839465796	116.12132278477222	280.06236676301614
99.90954378765441	265.7187886884829	99.90954378765441	249.63624344354767	121.56012300737383	249.63624344354767	121.56012300737383	265.7187886884829
102.65569830309747	270.865221161416	102.65569830309747	258.9318951562558	111.7898760011604	258.9318951562558	111.7898760011604	270.865221161416
R94	36.27365452503556	34.803421504306684	119.42228617737726	5
36.27365452503556	34.803421504306684	36.27365452503556	20.311123447971948	53.2965103461947	20.311123447971948	53.2965103461947	34.803421504306684	36.27365452503556	34.803421504306684
39.01752294292049	37.564928620261526	39.01752294292049	32.04191438835184	59.78959233418911	32.04191438835184	59.78959233418911	37.564928620261526
48.56841825382252	39.333070927998506	48.56841825382252	16.776801798692237	58.02460243856688	16.776801798692237	58.02460243856688	39.333070927998506
27.281361605617526	24.09827204633679	27.281361605617526	16.523974849607107	48.254388935910136	16.523974849607107	48.254388935910136	24.09827204633679
43.80150096482508	26.769609177589096	43.80150096482508	13.967017387199883	62.791519727564335	13.967017387199883	62.791519727564335	26.769609177589096
R93	55.274324283041544	125.11369696258839	119.42228617737726	5
55.274324283041544	125.11369696258839	55.274324283041544	104.65657490721918	69.50912438599259	104.65657490721918	69.50912438599259	125.11369696258839	55.274324283041544	125.11369696258839
61.017975730912205	130.94568143454035	61.017975730912205	119.28171249063644	73.95269271831405	119.28171249063644	73.95269271831405	130.94568143454035
57.3782300006762	117.1914041028917	57.3782300006762	105.79594722836784	81.64001877130899	105.79594722836784	81.64001877130899	117.1914041028917
65.15759109992167	122.36577152609928	65.15759109992167	102.40930217638532	73.86065767206351	102.40930217638532	73.86065767206351	122.36577152609928
50.92491826632234	135.3375606092519	50.92491826632234	114.88983331592488	67.59466061785587	114.88983331592488	67.59466061785587	135.3375606092519
R92	163.63732521146977	35.93470426518155	119.42228617737726	5
163.63732521146977	35.93470426518155	163.63732521146977	20.287245257266523	171.65110984904874	20.287245257266523	171.65110984904874	35.93470426518155	163.63732521146977	35.93470426518155
159.52608888220155	35.563974335765586	159.52608888220155	27.040739219744037	167.748561540738	27.040739219744037	167.748561540738	35.563974335765586
160.40641274528232	34.14825926350291	160.40641274528232	25.149739363718073	166.86823767765722	25.149739363718073	166.86823767765722	34.14825926350291
165.76889153445234	44.3358554573629	165.76889153445234	23.481253051442966	177.53332816364514	23.481253051442966	177.53332816364514	44.3358554573629
167.86601470053958	44.47833138037892	167.86601470053958	27.391077149984184	173.86421619603934	27.391077149984184	173.86421619603934	44.47833138037892
R91	249.74909349732644	399.58814701630905	119.42228617737726	5
249.74909349732644	399.58814701630905	249.74909349732644	377.13448260600086	257.3043651588829	377.13448260600086	257.3043651588829	399.58814701630905	249.74909349732644	399.58814701630905
251.3805842290256	393.0568162824155	251.3805842290256	381.7636739516262	263.2281460887402	381.7636739516262	263.2281460887402	393.0568162824155
250.3474944696478	401.9099367598483	250.3474944696478	388.7082743310392	264.26123584811796	388.7082743310392	264.26123584811796	401.9099367598483
242.29408665398807	407.0980785500134	242.29408665398807	384.55414088616305	257.2041003406648	384.55414088616305	257.2041003406648	407.0980785500134
250.14118040800767	392.3238529566855	250.14118040800767	380.2738627028149	264.4675499097581	380.2738627028149	264.4675499097581	392.3238529566855
R90	179.1098561241933	245.3919893137746	119.42228617737726	5
179.1098561241933	245.3919893137746	179.1098561241933	238.4639335642922	193.7850896231493	238.4639335642922	193.7850896231493	245.3919893137746	179.1098561241933	245.3919893137746
167.14456260587704	250.86962345214184	167.14456260587704	234.88225642919267	191.07514964250956	234.88225642919267	191.07514964250956	250.86962345214184
170.4335135474069	245.22212880351503	170.4335135474069	234.31601630315703	187.7861987009797	234.31601630315703	187.7861987009797	245.22212880351503
173.06260995775384	244.8472059222584	173.06260995775384	234.70381777531298	185.15710229063276	234.70381777531298	185.15710229063276	244.8472059222584
186.80915791833453	250.72561827666655	186.80915791833453	240.05836035088268	195.98173396591025	240.05836035088268	195.98173396591025	250.72561827666655
R89	240.95022255926648	314.7126600798905	119.42228617737726	5
240.95022255926648	314.7126600798905	240.95022255926648	293.8910049278055	258.7648933975728	293.8910049278055	258.7648933975728	314.7126600798905	240.95022255926648	314.7126600798905
254.90543862719636	314.3143577908831	254.90543862719636	292.88062726387517	262.6243481679492	292.88062726387517	262.6243481679492	314.3143577908831
231.39381506461694	310.53331976523543	231.39381506461694	300.1547844092437	250.506630053916	300.1547844092437	250.506630053916	310.53331976523543
230.11262783931176	310.6753763639632	230.11262783931176	298.9127447180838	251.7878172792212	298.9127447180838	251.7878172792212	310.6753763639632
247.96763905195456	298.6376183697825	247.96763905195456	289.1443914858285	256.03450433347984	289.1443914858285	256.03450433347984	298.6376183697825
R88	188.32416309097684	399.8844101954003	119.42228617737726	5
188.32416309097684	399.8844101954003	188.32416309097684	387.43535253200105	210.0714171877627	387.43535253200105	210.0714171877627	399.8844101954003	188.32416309097684	399.8844101954003
194.92032297813827	392.1704137742559	194.92032297813827	382.7002912897462	202.8034824806684	382.7002912897462	202.8034824806684	392.1704137742559
190.81187039808674	390.50013897502123	190.81187039808674	384.37056608898087	212.1136096119062	384.37056608898087	212.1136096119062	390.50013897502123
200.68496472229677	410.1855759384703	200.68496472229677	389.58324445233023	216.1259408552689	389.58324445233023	216.1259408552689	410.1855759384703
182.98680268543214	403.811095482263	182.98680268543214	395.95772490853756	194.58528681252236	395.95772490853756	194.58528681252236	403.811095482263
R87	166.67874239741442	311.99589254636055	119.42228617737726	5
166.67874239741442	311.99589254636055	166.67874239741442	295.61446873139096	189.66883071616158	295.61446873139096	189.66883071616158	311.99589254636055	166.67874239741442	311.99589254636055
172.6135711480914	302.28624316437845	172.6135711480914	288.94269429840347	181.50543959543495	288.94269429840347	181.50543959543495	302.28624316437845
163.38628336586763	298.79972411785076	163.38628336586763	292.42921334493116	176.81436262918615	292.42921334493116	176.81436262918615	298.79972411785076
183.9341642507868	314.82609082528666	183.9341642507868	295.8186095296869	195.40349718153635	295.8186095296869	195.40349718153635	314.82609082528666
184.83558576059227	313.44233113746327	184.83558576059227	307.72127496561507	194.5020756717309	307.72127496561507	194.5020756717309	313.44233113746327
R86	235.90026643841344	372.54392557040984	119.42228617737726	5
235.90026643841344	372.54392557040984	235.90026643841344	360.5763259602373	256.81787385843904	360.5763259602373	256.81787385843904	372.54392557040984	235.90026643841344	372.54392557040984
229.85672962539428	384.700077203609	229.85672962539428	360.3877739372107	253.32095889889052	360.3877739372107	253.32095889889052	384.700077203609
252.0767943862722	375.00725217411247	252.0767943862722	361.959185249824	261.55895333060585	361.959185249824	261.55895333060585	375.00725217411247
238.828057646618	367.813262920783	238.828057646618	353.33938899969155	259.6395882367179	353.33938899969155	259.6395882367179	367.813262920783
251.35113020799807	374.7410584027919	251.35113020799807	356.8188021741815	262.28461750888005	356.8188021741815	262.28461750888005	374.7410584027919
R85	260.8370972576361	463.95436587112533	119.42228617737726	5
260.8370972576361	463.95436587112533	260.8370972576361	443.2710092449598	275.4156850518901	443.2710092449598	275.4156850518901	463.95436587112533	260.8370972576361	463.95436587112533
250.28660747315195	449.7823714082434	250.28660747315195	443.33110531457453	271.3875870421203	443.33110531457453	271.3875870421203	449.7823714082434
263.18077644599094	466.59787399037555	263.18077644599094	442.14056698287004	287.6505936577892	442.14056698287004	287.6505936577892	466.59787399037555
260.31515786574084	452.0748577585528	260.31515786574084	434.46716073136685	278.32109288168033	434.46716073136685	278.32109288168033	452.0748577585528
272.67444068293037	464.4690791677613	272.67444068293037	449.8006952023872	278.1569294208498	449.8006952023872	278.1569294208498	464.4690791677613
R84	405.2989174671513	173.97027832565004	119.42228617737726	5
405.2989174671513	173.97027832565004	405.2989174671513	161.66151432152054	420.51521052025106	161.66151432152054	420.51521052025106	173.97027832565004	405.2989174671513	173.97027832565004
417.16850512019096	170.70100323182993	417.16850512019096	161.04067590325582	423.86191592031116	161.04067590325582	423.86191592031116	170.70100323182993
395.09924426718084	166.93919779116635	395.09924426718084	156.50651413305383	415.49859066712173	156.50651413305383	415.49859066712173	166.93919779116635
404.3839323915937	167.68064059449506	404.3839323915937	155.64238804854602	409.8033726512168	155.64238804854602	409.8033726512168	167.68064059449506
404.98851205444925	183.17890719612177	404.98851205444925	164.76164945517831	415.6654105728217	164.76164945517831	415.6654105728217	183.17890719612177
R83	4.532684844740913	478.90726622237787	119.42228617737726	5
4.532684844740913	478.90726622237787	4.532684844740913	468.97358805067404	29.024423271274067	468.97358805067404	29.024423271274067	478.90726622237787	4.532684844740913	478.90726622237787
-3.3554383411896085	474.41155500040804	-3.3554383411896085	463.53562110094015	15.85506190191353	463.53562110094015	15.85506190191353	474.41155500040804
9.141350784539801	474.03218959449384	9.141350784539801	463.91498650685423	20.86290803168351	463.91498650685423	20.86290803168351	474.03218959449384
6.1750400264149246	472.1154887100666	6.1750400264149246	465.8316873912815	27.592060840553486	465.8316873912815	27.592060840553486	472.1154887100666
-0.5791272774588281	480.00638728510717	-0.5791272774588281	472.9442022840957	9.644496966940654	472.9442022840957	9.644496966940654	480.00638728510717
R82	51.17503095126081	30.775904133733682	119.42228617737726	5
51.17503095126081	30.775904133733682	51.17503095126081	6.984541766181215	59.585113671998315	6.984541766181215	59.585113671998315	30.775904133733682	51.17503095126081	30.775904133733682
49.35302719222544	23.408005898124504	49.35302719222544	9.922242587390866	69.81720015177119	9.922242587390866	69.81720015177119	23.408005898124504
41.955982905180164	41.930761220406566	41.955982905180164	19.6210470470608	62.17894751046626	19.6210470470608	62.17894751046626	41.930761220406566
48.40540633199446	26.590229243062957	48.40540633199446	9.019696759732762	70.76482101200216	9.019696759732762	70.76482101200216	26.590229243062957
51.36545741307529	28.39404132490538	51.36545741307529	14.944865034397452	67.80476993092134	14.944865034397452	67.80476993092134	28.39404132490538
R81	469.681324826779	403.2714686547519	119.42228617737726	5
469.681324826779	403.2714686547519	469.681324826779	379.351237306049	486.631470127248	379.351237306049	486.631470127248	403.2714686547519	469.681324826779	403.2714686547519
457.7049832084332	395.9212404305937	457.7049832084332	380.9747206308458	481.65766644512485	380.9747206308458	481.65766644512485	395.9212404305937
481.9454180695617	396.47965561762777	481.9454180695617	378.0893324584869	491.3175221849343	378.0893324584869	491.3175221849343	396.47965561762777
465.57037990906844	388.1535667792995	465.57037990906844	370.5489078327984	473.9993086173026	370.5489078327984	473.9993086173026	388.1535667792995
483.77161635978405	393.24435961365293	483.77161635978405	382.0220769903243	489.49132389471197	382.0220769903243	489.49132389471197	393.24435961365293
R80	144.23122675135468	81.63081911343066	119.42228617737726	5
144.23122675135468	81.63081911343066	144.23122675135468	59.97710304818043	163.6282746982054	59.97710304818043	163.6282746982054	81.63081911343066	144.23122675135468	81.63081911343066
138.56375847739045	87.93324927538944	138.56375847739045	75.32838895147188	152.3458818669947	75.32838895147188	152.3458818669947	87.93324927538944
140.69940736015909	63.889070404552996	140.69940736015909	56.06513569180788	148.8183754376881	56.06513569180788	148.8183754376881	63.889070404552996
151.98659047047047	65.56236201155411	151.98659047047047	55.264725005006945	175.2699589259403	55.264725005006945	175.2699589259403	65.56236201155411
135.62515755465577	80.40425785694056	135.62515755465577	63.407203584648485	152.8372959480536	63.407203584648485	152.8372959480536	80.40425785694056
R79	175.11082557524486	321.35640821079846	119.42228617737726	5
175.11082557524486	321.35640821079846	175.11082557524486	311.4181478384311	180.48880642078956	311.4181478384311	180.48880642078956	321.35640821079846	175.11082557524486	321.35640821079846
168.6557769796111	326.9597472006442	168.6557769796111	309.23830889279725	192.32183586196803	309.23830889279725	192.32183586196803	326.9597472006442
173.41502102220556	320.2644673323944	173.41502102220556	314.02255142057373	187.56259181937355	314.02255142057373	187.56259181937355	320.2644673323944
171.71975917651292	325.94465853399277	171.71975917651292	314.5001488569204	189.2578536650662	314.5001488569204	189.2578536650662	325.94465853399277
168.14324251547538	327.9164219840653	168.14324251547538	309.05429042491494	192.83437032610374	309.05429042491494	192.83437032610374	327.9164219840653
R78	278.57134747409077	250.80759134634422	119.42228617737726	5
278.57134747409077	250.80759134634422	278.57134747409077	238.32815423270927	300.1724421165434	238.32815423270927	300.1724421165434	250.80759134634422	278.57134747409077	250.80759134634422
276.10212846945586	242.17719418410232	276.10212846945586	234.4791142813162	282.1054142143516	234.4791142813162	282.1054142143516	242.17719418410232
285.9600326118341	246.3790979729149	285.9600326118341	230.27721049250363	292.54166812154176	230.27721049250363	292.54166812154176	246.3790979729149
294.3752123679115	260.985280959572	294.3752123679115	240.62990173311647	300.45141467510854	240.62990173311647	300.45141467510854	260.985280959572
288.3745442900241	261.41206883567713	288.3745442900241	240.2031138570113	300.01167324815685	240.2031138570113	300.01167324815685	261.41206883567713
R77	145.16444797550895	352.65901133491127	119.42228617737726	5
145.16444797550895	352.65901133491127	145.16444797550895	340.9428198616057	159.46196520134873	340.9428198616057	159.46196520134873	352.65901133491127	145.16444797550895	352.65901133491127
137.97958415231832	355.91305123208616	137.97958415231832	349.4049714377364	159.01330024934444	349.4049714377364	159.01330024934444	355.91305123208616
142.8795207727486	357.6218298650529	142.8795207727486	347.6961928047696	161.0229297660693	347.6961928047696	161.0229297660693	357.6218298650529
152.13807685824725	347.66281888901665	152.13807685824725	334.22282083419475	161.32490646836345	334.22282083419475	161.32490646836345	347.66281888901665
149.7027726027899	354.09775202820265	149.7027726027899	338.20815155999503	169.22115779990756	338.20815155999503	169.22115779990756	354.09775202820265
R76	241.55398749381115	199.22624038372524	119.42228617737726	5
241.55398749381115	199.22624038372524	241.55398749381115	193.6030301273274	248.9204810895677	193.6030301273274	248.9204810895677	199.22624038372524	241.55398749381115	199.22624038372524
233.51779525483272	207.69041523803298	233.51779525483272	184.36078899377185	249.59017973278958	184.36078899377185	249.59017973278958	207.69041523803298
233.97816832278136	202.2838208460595	233.97816832278136	196.16865992139097	250.74376787115716	196.16865992139097	250.74376787115716	202.2838208460595
237.78819494723896	200.70251481953144	237.78819494723896	190.95702215881605	245.31978004038334	190.95702215881605	245.31978004038334	200.70251481953144
239.28252376345853	198.71184529919947	239.28252376345853	189.00910085697353	258.55843841567685	189.00910085697353	258.55843841567685	198.71184529919947
R75	110.80447730792153	106.65861413697843	119.42228617737726	5
110.80447730792153	106.65861413697843	110.80447730792153	83.3172007656475	117.02813223815235	83.3172007656475	117.02813223815235	106.65861413697843	110.80447730792153	106.65861413697843
98.39368527236802	97.2369066632379	98.39368527236802	77.85456128089501	123.21526934347504	77.85456128089501	123.21526934347504	97.2369066632379
107.47625716755967	89.49009159208303	107.47625716755967	82.14326267308233	114.1326974482834	82.14326267308233	114.1326974482834	89.49009159208303
100.33492501252665	115.59255008038389	100.33492501252665	97.14534473110808	121.27402960331641	97.14534473110808	121.27402960331641	115.59255008038389
109.02232145786847	114.66592028684238	109.02232145786847	96.4581716790131	125.03394301843623	96.4581716790131	125.03394301843623	114.66592028684238
R74	226.1459799901589	412.9991751610298	119.42228617737726	5
226.1459799901589	412.9991751610298	226.1459799901589	403.3626015364554	243.49838923880057	403.3626015364554	243.49838923880057	412.9991751610298	226.1459799901589	412.9991751610298
235.11782737156562	416.2276080246794	235.11782737156562	403.26062971586657	251.87895110603552	403.26062971586657	251.87895110603552	416.2276080246794
222.91671211929958	409.134437925285	222.91671211929958	397.59076514762575	241.73459055318455	397.59076514762575	241.73459055318455	409.134437925285
228.64130282073035	412.50893381633927	228.64130282073035	394.2162692565715	249.66903633888114	394.2162692565715	249.66903633888114	412.50893381633927
217.70621405865793	417.21065958593925	217.70621405865793	401.3437865308161	234.58574592165982	401.3437865308161	234.58574592165982	417.21065958593925
R73	233.21568221536694	345.11189775511593	119.42228617737726	5
233.21568221536694	345.11189775511593	233.21568221536694	336.9258393353009	246.77413961292967	336.9258393353009	246.77413961292967	345.11189775511593	233.21568221536694	345.11189775511593
243.4657831928907	345.90718262735834	243.4657831928907	333.1990069686716	250.08249603296863	333.1990069686716	250.08249603296863	345.90718262735834
224.2843415241019	339.6387411493866	224.2843415241019	334.2129375212152	245.30122976104425	334.2129375212152	245.30122976104425	339.6387411493866
240.11252875729147	346.42517952789876	240.11252875729147	327.42649914270305	247.76885885705255	327.42649914270305	247.76885885705255	346.42517952789876
240.68406361576976	348.1770218595312	240.68406361576976	335.66140945262515	252.8642156100896	335.66140945262515	252.8642156100896	348.1770218595312
R72	245.77593468689625	409.47606720418463	119.42228617737726	5
245.77593468689625	409.47606720418463	245.77593468689625	395.78236683899905	260.703369791031	395.78236683899905	260.703369791031	409.47606720418463	245.77593468689625	409.47606720418463
252.50802312953778	400.2825775391024	252.50802312953778	391.2821561388957	266.4144930287941	391.2821561388957	266.4144930287941	400.2825775391024
242.2541962111039	414.7955420007674	242.2541962111039	404.15659240760186	259.46410511836973	404.15659240760186	259.46410511836973	414.7955420007674
248.2192757295819	403.08314881044845	248.2192757295819	388.48158486754966	267.42247211849144	388.48158486754966	267.42247211849144	403.08314881044845
235.94695664289347	406.03376520624875	235.94695664289347	399.8726079433527	255.60491273089903	399.8726079433527	255.60491273089903	406.03376520624875
R71	79.90888278457138	321.8477970080696	119.42228617737726	5
79.90888278457138	321.8477970080696	79.90888278457138	299.0150107993376	95.3945625404327	299.0150107993376	95.3945625404327	321.8477970080696	79.90888278457138	321.8477970080696
84.11178483008304	315.84445478415364	84.11178483008304	302.18737294017274	106.67734025078236	302.18737294017274	106.67734025078236	315.84445478415364
92.1843581148572	319.2958122234759	92.1843581148572	306.8346896436923	98.6047669660082	306.8346896436923	98.6047669660082	319.2958122234759
81.67232398175665	308.39524676795355	81.67232398175665	289.6347748307216	88.34546001611142	289.6347748307216	88.34546001611142	308.39524676795355
77.5489320735338	310.0695020881457	77.5489320735338	287.9605195105294	99.55092726144521	287.9605195105294	99.55092726144521	310.0695020881457
R70	51.68772913635239	90.78882974585466	119.42228617737726	5
51.68772913635239	90.78882974585466	51.68772913635239	76.77164999751719	57.251850596147065	76.77164999751719	57.251850596147065	90.78882974585466	51.68772913635239	90.78882974585466
51.92738438182863	93.76758825149238	51.92738438182863	76.00501121987676	62.5763168104655	76.00501121987676	62.5763168104655	93.76758825149238
46.15294192473067	91.9684489536323	46.15294192473067	70.88104050853289	57.22251634797411	70.88104050853289	57.22251634797411	91.9684489536323
46.43553455169183	93.74121914179295	46.43553455169183	81.72734317449624	68.0681666406023	81.72734317449624	68.0681666406023	93.74121914179295
53.47703420202663	81.69062990162175	53.47703420202663	73.27307095299727	61.0266669902675	73.27307095299727	61.0266669902675	81.69062990162175
R69	123.32443700629966	80.0624230174564	119.42228617737726	5
123.32443700629966	80.0624230174564	123.32443700629966	74.06186143768831	143.1897376225836	74.06186143768831	143.1897376225836	80.0624230174564	123.32443700629966	80.0624230174564
116.54702856176888	82.92570099928655	116.54702856176888	65.19802187609007	136.65927679536074	65.19802187609007	136.65927679536074	82.92570099928655
130.80967637273798	82.4878687108453	130.80967637273798	66.99498891835952	155.56979887242923	66.99498891835952	155.56979887242923	82.4878687108453
133.3064956243891	85.55700227589337	133.3064956243891	74.56784375901945	141.27965106411634	74.56784375901945	141.27965106411634	85.55700227589337
121.74613440335659	88.90301724456447	121.74613440335659	71.22182879034833	145.93954036012823	71.22182879034833	145.93954036012823	88.90301724456447
R68	242.79408110344124	204.8965094836542	119.42228617737726	5
242.79408110344124	204.8965094836542	242.79408110344124	199.59271083680323	264.0275896834616	199.59271083680323	264.0275896834616	204.8965094836542	242.79408110344124	204.8965094836542
234.6968439685712	214.67047725787836	234.6968439685712	195.12254170943004	251.3676890238917	195.12254170943004	251.3676890238917	214.67047725787836
238.64116183240245	209.529530336064	238.64116183240245	189.65589133754247	248.15440093260182	189.65589133754247	248.15440093260182	209.529530336064
257.6581570867447	204.3753764894136	257.6581570867447	194.81004518419286	265.16075006916674	194.81004518419286	265.16075006916674	204.3753764894136
240.57991653168563	207.46699371758774	240.57991653168563	202.32602524972066	257.07092544376155	202.32602524972066	257.07092544376155	207.46699371758774
R67	431.93574381309435	97.11399771368102	119.42228617737726	5
431.93574381309435	97.11399771368102	431.93574381309435	84.64355993134976	442.06379805269336	84.64355993134976	442.06379805269336	97.11399771368102	431.93574381309435	97.11399771368102
427.06729756589937	97.04499112343413	427.06729756589937	85.77977494692132	436.80419006028933	85.77977494692132	436.80419006028933	97.04499112343413
434.2027189005617	108.44698800997679	434.2027189005617	85.78100741738524	446.6613631085591	85.78100741738524	446.6613631085591	108.44698800997679
437.38139573831086	103.94497103635896	437.38139573831086	81.95609012024326	446.74620036707574	81.95609012024326	446.74620036707574	103.94497103635896
428.77196760811216	103.6759362346392	428.77196760811216	90.55205919272284	444.75037307034904	90.55205919272284	444.75037307034904	103.6759362346392
R66	48.02997540258737	454.130239693889	119.42228617737726	5
48.02997540258737	454.130239693889	48.02997540258737	436.97991690151554	57.82963206719637	436.97991690151554	57.82963206719637	454.130239693889	48.02997540258737	454.130239693889
44.23838659197361	443.7961102712754	44.23838659197361	430.1637235317557	66.67303395779626	430.1637235317557	66.67303395779626	443.7961102712754
51.840743132027264	448.26589699832465	51.840743132027264	440.12221342932077	63.81852100236548	440.12221342932077	63.81852100236548	448.26589699832465
41.386323138306736	462.2494309339298	41.386323138306736	444.30669355011497	54.673627666868	444.30669355011497	54.673627666868	462.2494309339298
41.298718591834295	442.88490943946374	41.298718591834295	431.07492436356733	55.98478129730322	431.07492436356733	55.98478129730322	442.88490943946374
R65	423.85279368897136	336.8177519457666	119.42228617737726	5
423.85279368897136	336.8177519457666	423.85279368897136	324.8064143278621	441.02275437998014	324.8064143278621	441.02275437998014	336.8177519457666	423.85279368897136	336.8177519457666
430.17583639126786	335.66960142287246	430.17583639126786	316.68849514809597	451.8696723686924	316.68849514809597	451.8696723686924	335.66960142287246
413.97708288288146	342.114464365736	413.97708288288146	331.52103952579716	437.2771986580473	331.52103952579716	437.2771986580473	342.114464365736
430.0043908757675	346.6019377194523	430.0043908757675	327.0335661720809	446.6614554443486	327.0335661720809	446.6614554443486	346.6019377194523
423.87819670145643	327.9703115900878	423.87819670145643	321.6425170656364	435.73650939962124	321.6425170656364	435.73650939962124	327.9703115900878
R64	91.20626243328147	161.23809749357807	119.42228617737726	5
91.20626243328147	161.23809749357807	91.20626243328147	145.7588211757213	100.62044130533397	145.7588211757213	100.62044130533397	161.23809749357807	91.20626243328147	161.23809749357807
91.40985882419753	155.32073990304	91.40985882419753	147.027989380312	109.83102378647041	147.027989380312	109.83102378647041	155.32073990304
84.42995893209009	157.49339036192052	84.42995893209009	136.42507072123723	97.98256593447285	136.42507072123723	97.98256593447285	157.49339036192052
92.19931704991592	166.45860323736105	92.19931704991592	156.0175917497951	107.62376479804067	156.0175917497951	107.62376479804067	166.45860323736105
88.13651628658353	155.84767063549893	88.13651628658353	135.66997171594366	112.0123531615463	135.66997171594366	112.0123531615463	155.84767063549893
R63	332.9256604567825	89.24088494671673	119.42228617737726	5
332.9256604567825	89.24088494671673	332.9256604567825	75.93505058583554	349.1725186124234	75.93505058583554	349.1725186124234	89.24088494671673	332.9256604567825	89.24088494671673
345.2975419305259	94.10690262539745	345.2975419305259	77.63444298383908	353.0474952943209	77.63444298383908	353.0474952943209	94.10690262539745
331.02714688168646	97.6006785707278	331.02714688168646	80.88109132270567	347.2893842586717	80.88109132270567	347.2893842586717	97.6006785707278
329.4451700472617	79.18404504798134	329.4451700472617	72.68605612368974	338.2804317927343	72.68605612368974	338.2804317927343	79.18404504798134
332.7353223129447	88.4268357010056	332.7353223129447	63.44326547066548	340.1165986630222	63.44326547066548	340.1165986630222	88.4268357010056
R62	438.3631338183092	162.9300848938739	119.42228617737726	5
438.3631338183092	162.9300848938739	438.3631338183092	153.96535815491401	446.2739043613471	153.96535815491401	446.2739043613471	162.9300848938739	438.3631338183092	162.9300848938739
436.5899578728551	165.82933824636115	436.5899578728551	150.00302815693834	455.9578508498391	150.00302815693834	455.9578508498391	165.82933824636115
431.08551399854116	165.31852819223187	431.08551399854116	142.61218811759616	446.39723137952524	142.61218811759616	446.39723137952524	165.31852819223187
437.2784342239422	165.335425469161	437.2784342239422	146.41521660028621	455.26937449875186	146.41521660028621	455.26937449875186	165.335425469161
441.93514036167755	166.21632040260238	441.93514036167755	159.64384938514542	447.5431089086079	159.64384938514542	447.5431089086079	166.21632040260238
R61	207.34802603439627	347.99743614279663	119.42228617737726	5
207.34802603439627	347.99743614279663	207.34802603439627	335.1215036869127	216.21695868073246	335.1215036869127	216.21695868073246	347.99743614279663	207.34802603439627	347.99743614279663
210.55055352172934	338.99231073770153	210.55055352172934	331.2506966361239	218.4734828678864	331.2506966361239	218.4734828678864	338.99231073770153
211.70060242795654	343.4632531722749	211.70060242795654	326.77975420155053	220.04889958526542	326.77975420155053	220.04889958526542	343.4632531722749
207.76544380280382	357.4808086750605	207.76544380280382	338.5140636105328	216.0022932052085	338.5140636105328	216.0022932052085	357.4808086750605
203.3921232660374	352.23215822212705	203.3921232660374	334.84966529707935	211.30392880275514	334.84966529707935	211.30392880275514	352.23215822212705
R60	167.62362773254355	260.9230557250128	119.42228617737726	5
167.62362773254355	260.9230557250128	167.62362773254355	240.46499346366033	174.8233701052986	240.46499346366033	174.8233701052986	260.9230557250128	167.62362773254355	260.9230557250128
168.0697329567443	261.80203556110587	168.0697329567443	249.23169490817483	181.57700725385297	249.23169490817483	181.57700725385297	261.80203556110587
157.80077618641062	256.13179555935494	157.80077618641062	250.26396097550645	177.4464792786765	250.26396097550645	177.4464792786765	256.13179555935494
165.02501928619876	268.30433446983346	165.02501928619876	253.54177698019208	170.40373676713892	253.54177698019208	170.40373676713892	268.30433446983346
161.37051703879956	259.5822391468199	161.37051703879956	254.38352374596676	173.87673842628755	254.38352374596676	173.87673842628755	259.5822391468199
R59	80.76067587284511	345.04325676334133	119.42228617737726	5
80.76067587284511	345.04325676334133	80.76067587284511	336.0344063875908	90.4559263409965	336.0344063875908	90.4559263409965	345.04325676334133	80.76067587284511	345.04325676334133
69.65090750203528	348.25968817457345	69.65090750203528	340.54402207291895	91.87044424365494	340.54402207291895	91.87044424365494	348.25968817457345
80.1957433672187	339.37547101936764	80.1957433672187	332.693341755814	92.61494664533747	332.693341755814	92.61494664533747	339.37547101936764
80.15707746303265	350.0629266741097	80.15707746303265	340.023586852573	95.88426750612824	340.023586852573	95.88426750612824	350.0629266741097
79.25577602794125	348.6414667758477	79.25577602794125	340.42417035947324	101.65607665405174	340.42417035947324	101.65607665405174	348.6414667758477
R58	101.54718284677547	280.4855729355906	119.42228617737726	5
101.54718284677547	280.4855729355906	101.54718284677547	257.071797812601	114.20973233216121	257.071797812601	114.20973233216121	280.4855729355906	101.54718284677547	280.4855729355906
93.14469108365358	275.93872729547496	93.14469108365358	252.0170839574919	109.94967460989736	252.0170839574919	109.94967460989736	275.93872729547496
108.91283475702653	272.2492705261246	108.91283475702653	255.2717992434255	119.50662990729586	255.2717992434255	119.50662990729586	272.2492705261246
91.56192645496017	282.03886765716476	91.56192645496017	267.2093807802714	111.5324392385908	267.2093807802714	111.5324392385908	282.03886765716476
89.27717499139936	272.9755971268423	89.27717499139936	266.5379163938806	113.81719070215158	266.5379163938806	113.81719070215158	272.9755971268423
R57	275.8550561225318	212.97089960593598	119.42228617737726	5
275.8550561225318	212.97089960593598	275.8550561225318	192.2880996281878	294.28334628385346	192.2880996281878	294.28334628385346	212.97089960593598	275.8550561225318	212.97089960593598
290.5963856660229	199.3355670345679	290.5963856660229	189.56956433432939	297.970306901684	189.56956433432939	297.970306901684	199.3355670345679
271.7590251068378	218.38773247057097	271.7590251068378	207.554066741301	291.7845426410501	207.554066741301	291.7845426410501	218.38773247057097
288.84567876866663	206.34356157389038	288.84567876866663	188.23037105137024	299.7210137990403	188.23037105137024	299.7210137990403	206.34356157389038
283.20705362474143	218.2558987967772	283.20705362474143	198.87295922486882	305.3596389429655	198.87295922486882	305.3596389429655	218.2558987967772
R56	171.98311765398006	326.4829083096865	119.42228617737726	5
171.98311765398006	326.4829083096865	171.98311765398006	303.1676653849575	179.5294421113797	303.1676653849575	179.5294421113797	326.4829083096865	171.98311765398006	326.4829083096865
166.44767914987662	333.6609450507885	166.44767914987662	319.3048715685845	178.64588570006796	319.3048715685845	178.64588570006796	333.6609450507885
169.94149654859027	314.6258173829917	169.94149654859027	308.688039370076	189.11738767416912	308.688039370076	189.11738767416912	314.6258173829917
159.57529700212547	322.7684749567173	159.57529700212547	310.3498155196117	184.39093830583465	310.3498155196117	184.39093830583465	322.7684749567173
166.8361369820745	333.4194924596106	166.8361369820745	313.2712619469269	177.13009832588563	313.2712619469269	177.13009832588563	333.4194924596106
R55	320.47675975815037	224.80454944451378	119.42228617737726	5
320.47675975815037	224.80454944451378	320.47675975815037	213.31178052998877	337.1852309986233	213.31178052998877	337.1852309986233	224.80454944451378	320.47675975815037	224.80454944451378
320.46017326526953	222.4256966006522	320.46017326526953	204.19786445932533	339.0460532073305	204.19786445932533	339.0460532073305	222.4256966006522
324.122066004865	220.082178594056	324.122066004865	206.54138246592154	333.36154759667863	206.54138246592154	333.36154759667863	220.082178594056
328.6203276770098	233.1754595169895	328.6203276770098	212.79999604798158	345.7501343202368	212.79999604798158	345.7501343202368	233.1754595169895
315.23245167458924	221.20047373548056	315.23245167458924	205.42308732449698	339.8318892846322	205.42308732449698	339.8318892846322	221.20047373548056
R54	367.4241648181205	106.92188717465677	119.42228617737726	5
367.4241648181205	106.92188717465677	367.4241648181205	82.8213780332714	379.7825731473148	82.8213780332714	379.7825731473148	106.92188717465677	367.4241648181205	106.92188717465677
360.5072033884031	107.47197413938918	360.5072033884031	85.02389946483763	374.3411262478379	85.02389946483763	374.3411262478379	107.47197413938918
366.94486251459585	117.41809859964424	366.94486251459585	96.42567574966931	380.6694497472351	96.42567574966931	380.6694497472351	117.41809859964424
374.1296840299499	93.04469166193954	374.1296840299499	79.82368802877497	385.4354622646797	79.82368802877497	385.4354622646797	93.04469166193954
360.80547147217044	105.23219075695094	360.80547147217044	81.26456561598458	374.0428581640706	81.26456561598458	374.0428581640706	105.23219075695094
R53	466.22904164911307	261.29494743973584	119.42228617737726	5
466.22904164911307	261.29494743973584	466.22904164911307	242.71864521423757	476.2377300218713	242.71864521423757	476.2377300218713	261.29494743973584	466.22904164911307	261.29494743973584
465.8427461730864	245.6785027637047	465.8427461730864	239.75878766477044	482.1018903827513	239.75878766477044	482.1018903827513	245.6785027637047
458.1486664300022	251.145640047546	458.1486664300022	234.29165038092913	475.6357195664589	234.29165038092913	475.6357195664589	251.145640047546
460.23185184295727	255.62615768290047	460.23185184295727	244.36605187292915	472.22623145526876	244.36605187292915	472.22623145526876	255.62615768290047
455.1959815295624	268.9640617752803	455.1959815295624	252.8616734179727	477.26210176866374	252.8616734179727	477.26210176866374	268.9640617752803
R52	372.8599778440448	393.9958916200318	119.42228617737726	5
372.8599778440448	393.9958916200318	372.8599778440448	374.4078276147193	382.1208589392386	374.4078276147193	382.1208589392386	393.9958916200318	372.8599778440448	393.9958916200318
365.4847473319218	384.85293166466323	365.4847473319218	363.96272356477533	381.79193319188	363.96272356477533	381.79193319188	384.85293166466323
365.251373194302	381.26734711311343	365.251373194302	372.6778503429468	380.4685824937876	372.6778503429468	380.4685824937876	381.26734711311343
366.9346065185908	384.86392401010056	366.9346065185908	368.58618124461015	378.78534916949883	368.58618124461015	378.78534916949883	384.86392401010056
367.38775052760303	402.30204290580923	367.38775052760303	385.68974033425434	390.3816237701041	385.68974033425434	390.3816237701041	402.30204290580923
R51	359.5763233854279	265.71430865758435	119.42228617737726	5
359.5763233854279	265.71430865758435	359.5763233854279	259.1750273370456	374.10516335348683	259.1750273370456	374.10516335348683	265.71430865758435	359.5763233854279	265.71430865758435
355.6916456440307	274.0458569536422	355.6916456440307	257.3827603615265	373.43130546547525	257.3827603615265	373.43130546547525	274.0458569536422
363.187864745842	277.13169783788936	363.187864745842	254.29691947727935	382.5677990926137	254.29691947727935	382.5677990926137	277.13169783788936
361.7462005125121	268.66674665724724	361.7462005125121	262.76187065792146	383.95006205038527	262.76187065792146	383.95006205038527	268.66674665724724
354.26430522474254	270.04644134458476	354.26430522474254	261.38217597058394	369.806219406496	261.38217597058394	369.806219406496	270.04644134458476
R50	262.1306537288781	122.62971034621043	119.42228617737726	5
262.1306537288781	122.62971034621043	262.1306537288781	112.72708249753225	273.59574748744797	112.72708249753225	273.59574748744797	122.62971034621043	262.1306537288781	122.62971034621043
269.1460454111272	126.61530284884432	269.1460454111272	105.10261791055365	278.0454495637687	105.10261791055365	278.0454495637687	126.61530284884432
263.8124191667651	131.75210675415406	263.8124191667651	113.5073139382668	281.4202629787448	113.5073139382668	281.4202629787448	131.75210675415406
253.42475871476105	122.69579649752731	253.42475871476105	102.75836849753719	270.97903473990516	102.75836849753719	270.97903473990516	122.69579649752731
256.3252623821948	121.60772023374541	256.3252623821948	105.42906060144874	267.93604507556137	105.42906060144874	267.93604507556137	121.60772023374541
R49	355.44776460000924	466.1512517696553	119.42228617737726	5
355.44776460000924	466.1512517696553	355.44776460000924	459.7695430690524	364.5381262120718	459.7695430690524	364.5381262120718	466.1512517696553	355.44776460000924	466.1512517696553
356.8946440767965	472.55217001184457	356.8946440767965	459.750333527466	370.9485131330003	459.750333527466	370.9485131330003	472.55217001184457
353.78479649815165	470.22906170958055	353.78479649815165	449.3100244285244	363.3324005172062	449.3100244285244	363.3324005172062	470.22906170958055
346.6441843016944	464.0737308290685	346.6441843016944	455.46535530903634	370.54405917398515	455.46535530903634	370.54405917398515	464.0737308290685
348.7229413182544	471.73956797522123	348.7229413182544	459.56488020603206	362.17258788176406	459.56488020603206	362.17258788176406	471.73956797522123
R48	372.7802660814805	116.52452929187561	119.42228617737726	5
372.7802660814805	116.52452929187561	372.7802660814805	93.62360013604965	390.4064641577635	93.62360013604965	390.4064641577635	116.52452929187561	372.7802660814805	116.52452929187561
365.37195404185354	114.29486061108078	365.37195404185354	108.99196356035183	380.1885781211074	108.99196356035183	380.1885781211074	114.29486061108078
380.175500544928	99.82614459190775	380.175500544928	87.42105568019154	393.3348698755025	87.42105568019154	393.3348698755025	99.82614459190775
362.3353525414604	104.3985160679408	362.3353525414604	91.58554638556397	383.22517962150056	91.58554638556397	383.22517962150056	104.3985160679408
373.11961143292183	128.246446598398	373.11961143292183	104.80261198535322	387.9484027405298	104.80261198535322	387.9484027405298	128.246446598398
R47	393.3407112446489	105.30571262294339	119.42228617737726	5
393.3407112446489	105.30571262294339	393.3407112446489	85.88222612856114	405.3714672422178	85.88222612856114	405.3714672422178	105.30571262294339	393.3407112446489	105.30571262294339
387.51721498126545	95.67259816451558	387.51721498126545	87.95085691482193	399.16420750803235	87.95085691482193	399.16420750803235	95.67259816451558
397.38820652818544	96.02236020472876	397.38820652818544	75.74209205239353	407.8575548044126	75.74209205239353	407.8575548044126	96.02236020472876
389.4373923521327	90.89597611236744	389.4373923521327	84.60889602570973	397.2440301371651	84.60889602570973	397.2440301371651	90.89597611236744
389.1398116773442	116.08144031988955	389.1398116773442	94.52998492599723	404.5550371757551	94.52998492599723	404.5550371757551	116.08144031988955
R46	283.4103233263175	381.7027708283589	119.42228617737726	5
283.4103233263175	381.7027708283589	283.4103233263175	361.10528187972784	294.6480041752945	361.10528187972784	294.6480041752945	381.7027708283589	283.4103233263175	381.7027708283589
286.9340993449225	375.7003458741951	286.9340993449225	358.27539813494883	302.36190900566646	358.27539813494883	302.36190900566646	375.7003458741951
272.0225791865135	385.57311729030204	272.0225791865135	364.26168772739555	294.7980674661215	364.26168772739555	294.7980674661215	385.57311729030204
282.9598396928849	381.761519984726	282.9598396928849	372.0228536419167	306.3361686577041	372.0228536419167	306.3361686577041	381.761519984726
285.47229408981275	381.0321731937517	285.47229408981275	370.86568684196396	303.8237142607762	370.86568684196396	303.8237142607762	381.0321731937517
R45	65.9242340552658	337.78387639882664	119.42228617737726	5
65.9242340552658	337.78387639882664	65.9242340552658	331.55367775308815	89.02235907172897	331.55367775308815	89.02235907172897	337.78387639882664	65.9242340552658	337.78387639882664
56.363579999045356	346.26975687629874	56.363579999045356	322.8996622553798	75.48488811148624	322.8996622553798	75.48488811148624	346.26975687629874
68.9073176651293	335.1501165834586	68.9073176651293	327.9572389227177	74.21361050654791	327.9572389227177	74.21361050654791	335.1501165834586
84.31898622264684	335.42387239804884	84.31898622264684	328.4915017736297	93.7257319208111	328.4915017736297	93.7257319208111	335.42387239804884
74.68605941318503	347.1435173892336	74.68605941318503	328.4242354084196	95.72322726353863	328.4242354084196	95.72322726353863	347.1435173892336
R44	393.53333646811757	127.55307358371353	119.42228617737726	5
393.53333646811757	127.55307358371353	393.53333646811757	116.96267399979315	398.55922789896385	116.96267399979315	398.55922789896385	127.55307358371353	393.53333646811757	127.55307358371353
385.0491587005039	131.17266591761918	385.0491587005039	123.93348124980788	404.55228280065637	123.93348124980788	404.55228280065637	131.17266591761918
392.89284923847003	130.56423617367625	392.89284923847003	107.70183063145848	404.2256065594577	107.70183063145848	404.2256065594577	130.56423617367625
394.43223577128714	127.14547885316632	394.43223577128714	114.41824030975725	402.68622002664057	114.41824030975725	402.68622002664057	127.14547885316632
389.34056873641106	133.74686206949593	389.34056873641106	121.35928509793114	398.4551357500998	121.35928509793114	398.4551357500998	133.74686206949593
R43	290.14266273307186	324.8930812735789	119.42228617737726	5
290.14266273307186	324.8930812735789	290.14266273307186	304.354189290029	300.4883619770588	304.354189290029	300.4883619770588	324.8930812735789	290.14266273307186	324.8930812735789
280.6554456639178	328.0971610333338	280.6554456639178	315.32197063444187	299.6298798022259	315.32197063444187	299.6298798022259	328.0971610333338
282.27594593411493	318.79822927195875	282.27594593411493	311.40276866612527	298.0093795320288	311.40276866612527	298.0093795320288	318.79822927195875
288.4298861249229	316.0732598489521	288.4298861249229	293.00569552622	312.54683782919466	293.00569552622	312.54683782919466	316.0732598489521
278.3145959203571	327.67258233955164	278.3145959203571	319.2620087423796	301.97072954578664	319.2620087423796	301.97072954578664	327.67258233955164
R42	165.92634055117173	345.3752392979692	119.42228617737726	5
165.92634055117173	345.3752392979692	165.92634055117173	322.8881309041989	176.27091671971374	322.8881309041989	176.27091671971374	345.3752392979692	165.92634055117173	345.3752392979692
167.54481074167558	342.50467569653995	167.54481074167558	329.1829464151439	184.9970226977519	329.1829464151439	184.9970226977519	342.50467569653995
172.26460737148932	340.1317930143013	172.26460737148932	332.65435727688356	180.27722606793816	332.65435727688356	180.27722606793816	340.1317930143013
156.8463189640894	348.38905679030546	156.8463189640894	331.46219756630154	175.00636213825408	331.46219756630154	175.00636213825408	348.38905679030546
160.1483226897884	332.82025897150186	160.1483226897884	324.0891063657788	171.70435841255508	324.0891063657788	171.70435841255508	332.82025897150186
R41	40.8191045167712	286.93675407912764	119.42228617737726	5
40.8191045167712	286.93675407912764	40.8191045167712	278.75289611701584	62.845477080680645	278.75289611701584	62.845477080680645	286.93675407912764	40.8191045167712	286.93675407912764
30.549932170488432	290.7196843629554	30.549932170488432	283.1538237952999	54.8875433093974	283.1538237952999	54.8875433093974	290.7196843629554
48.089127046368326	285.4799367860958	48.089127046368326	272.0258554479359	72.86079456799898	272.0258554479359	72.86079456799898	285.4799367860958
59.11350235914412	291.21799394544973	59.11350235914412	271.01304639404464	66.57745180221717	271.01304639404464	66.57745180221717	291.21799394544973
58.283249543503395	294.6042979104696	58.283249543503395	275.6380865661087	67.40770461785789	275.6380865661087	67.40770461785789	294.6042979104696
R40	491.4843686211811	474.4250595377738	119.42228617737726	5
491.4843686211811	474.4250595377738	491.4843686211811	465.09486379990494	503.05377587332526	465.09486379990494	503.05377587332526	474.4250595377738	491.4843686211811	474.4250595377738
481.2031297140007	478.08393498287677	481.2031297140007	464.5999262991315	501.7656075283614	464.5999262991315	501.7656075283614	478.08393498287677
496.4663129420009	469.0748880385268	496.4663129420009	461.1148395612831	508.09974518236726	461.1148395612831	508.09974518236726	469.0748880385268
482.58207544354184	483.3742487682586	482.58207544354184	461.7960643478571	500.38666179882034	461.7960643478571	500.38666179882034	483.3742487682586
496.6213196381642	476.94742604775763	496.6213196381642	453.24230155205225	505.50638944108994	453.24230155205225	505.50638944108994	476.94742604775763
R39	346.75890110120525	383.00933996609257	119.42228617737726	5
346.75890110120525	383.00933996609257	346.75890110120525	371.9869263841212	370.24613081685214	371.9869263841212	370.24613081685214	383.00933996609257	346.75890110120525	383.00933996609257
359.8891404587531	386.67535451603555	359.8891404587531	376.1843441773103	380.6031211749512	376.1843441773103	380.6031211749512	386.67535451603555
334.84411645174185	391.5721164097391	334.84411645174185	374.446563522446	359.4639416299605	374.446563522446	359.4639416299605	391.5721164097391
336.6288247140642	384.4067947951574	336.6288247140642	374.10399071218916	356.8889774883462	374.10399071218916	356.8889774883462	384.4067947951574
340.1849350858727	387.07750598907074	340.1849350858727	378.9411739431144	359.76060363748405	378.9411739431144	359.76060363748405	387.07750598907074
R38	146.57399263057235	325.45932655213505	119.42228617737726	5
146.57399263057235	325.45932655213505	146.57399263057235	311.4361665672177	152.06650814551196	311.4361665672177	152.06650814551196	325.45932655213505	146.57399263057235	325.45932655213505
143.95530683516876	322.72558484474973	143.95530683516876	302.9332969570744	149.19267842597594	302.9332969570744	149.19267842597594	322.72558484474973
136.08273949308287	320.1244154916062	136.08273949308287	305.763251963691	157.06524576806183	305.763251963691	157.06524576806183	320.1244154916062
141.24335460174282	319.6563312606208	141.24335460174282	313.6849460113604	162.88966168928104	313.6849460113604	162.88966168928104	319.6563312606208
141.89805146262978	330.2800300831265	141.89805146262978	314.2779790257146	151.24993379851492	314.2779790257146	151.24993379851492	330.2800300831265
R37	269.35322596218884	38.291196564809056	119.42228617737726	5
269.35322596218884	38.291196564809056	269.35322596218884	22.430514477562618	288.4173058385418	22.430514477562618	288.4173058385418	38.291196564809056	269.35322596218884	38.291196564809056
269.20798575539624	28.90008798324905	269.20798575539624	15.960940971876182	281.92485439972785	15.960940971876182	281.92485439972785	28.90008798324905
273.5929362228998	41.65155688217233	273.5929362228998	34.93083624744578	283.0796353452393	34.93083624744578	283.0796353452393	41.65155688217233
265.9470167619257	27.541739152548665	265.9470167619257	17.31928980257657	284.7264940750429	17.31928980257657	284.7264940750429	27.541739152548665
263.06377695966927	45.231752113003424	263.06377695966927	31.350641016614684	285.25782340876805	31.350641016614684	285.25782340876805	45.231752113003424
R36	392.8868298103708	471.78072324249206	119.42228617737726	5
392.8868298103708	471.78072324249206	392.8868298103708	451.0245278265104	398.603851329939	451.0245278265104	398.603851329939	471.78072324249206	392.8868298103708	471.78072324249206
381.7694968794903	473.97984547421896	381.7694968794903	455.3926463145727	404.0041627412514	455.3926463145727	404.0041627412514	473.97984547421896
393.5297874869142	468.8530131102661	393.5297874869142	455.0106407342519	403.6779151729638	455.0106407342519	403.6779151729638	468.8530131102661
390.7110627327774	476.98231248116815	390.7110627327774	466.57913400381597	397.2793521928766	466.57913400381597	397.2793521928766	476.98231248116815
389.8452578758515	471.55034244676455	389.8452578758515	459.75042421283484	407.36244478402654	459.75042421283484	407.36244478402654	471.55034244676455
R35	83.68254358483551	498.8435651481018	119.42228617737726	5
83.68254358483551	498.8435651481018	83.68254358483551	490.46419021855934	102.65853062409369	490.46419021855934	102.65853062409369	498.8435651481018	83.68254358483551	498.8435651481018
84.0716949669862	499.193145864361	84.0716949669862	481.7352345727577	99.87976092978317	481.7352345727577	99.87976092978317	499.193145864361
77.2933551436036	495.19806146105657	77.2933551436036	485.7303189760621	90.71643526365946	485.7303189760621	90.71643526365946	495.19806146105657
87.29201778901249	493.0568205207928	87.29201778901249	487.87155991632585	97.22514131944469	487.87155991632585	97.22514131944469	493.0568205207928
84.64542945242431	495.5499605264348	84.64542945242431	485.3784199106839	107.62955716659508	485.3784199106839	107.62955716659508	495.5499605264348
R34	219.79308126583524	367.78275511680783	119.42228617737726	5
219.79308126583524	367.78275511680783	219.79308126583524	356.3507792520188	231.84464679241606	356.3507792520188	231.84464679241606	367.78275511680783	219.79308126583524	367.78275511680783
220.75581169876324	364.1024169085897	220.75581169876324	348.5991415954479	231.6605512264549	348.5991415954479	231.6605512264549	364.1024169085897
215.3672832921683	374.01193771160484	215.3672832921683	358.4727185296883	224.21887923950217	358.4727185296883	224.21887923950217	374.01193771160484
215.0161846963652	367.86149146457035	215.0161846963652	345.727632809126	224.56997783530528	345.727632809126	224.56997783530528	367.86149146457035
214.53221621404538	376.27892791096843	214.53221621404538	353.2160067961085	225.0539463176251	353.2160067961085	225.0539463176251	376.27892791096843
R33	82.12013697645318	503.90340943449326	119.42228617737726	5
82.12013697645318	503.90340943449326	82.12013697645318	491.84383592614165	93.33993863506316	491.84383592614165	93.33993863506316	503.90340943449326	82.12013697645318	503.90340943449326
84.8791103244458	506.54021407533435	84.8791103244458	501.26660479365216	97.91521987244926	501.26660479365216	97.91521987244926	506.54021407533435
82.23368838097231	513.3410945861892	82.23368838097231	494.4657242827973	95.38747139588646	494.4657242827973	95.38747139588646	513.3410945861892
79.6176583929897	512.5182627124642	79.6176583929897	495.28855615652236	91.06301265790016	495.28855615652236	91.06301265790016	512.5182627124642
79.35001230832836	506.7662976374989	79.35001230832836	498.9760842959461	84.890261644578	498.9760842959461	84.890261644578	506.7662976374989
R32	189.19499655057504	84.99461515118496	119.42228617737726	5
189.19499655057504	84.99461515118496	189.19499655057504	77.90318059295468	214.0998367702875	77.90318059295468	214.0998367702875	84.99461515118496	189.19499655057504	84.99461515118496
179.98056711603982	80.71850886233824	179.98056711603982	75.23003025613167	198.40942598511026	75.23003025613167	198.40942598511026	80.71850886233824
203.80849016496686	95.20685680010828	203.80849016496686	74.78237350226163	211.58774142405574	74.78237350226163	211.58774142405574	95.20685680010828
192.63113430359206	88.16677912243674	192.63113430359206	81.82245117993318	202.99316656100686	81.82245117993318	202.99316656100686	88.16677912243674
197.74672620598588	83.3243029609956	197.74672620598588	72.48205822491377	217.10254789188522	72.48205822491377	217.10254789188522	83.3243029609956
R31	460.43563760087915	25.678441363733533	119.42228617737726	5
460.43563760087915	25.678441363733533	460.43563760087915	13.56993276196062	478.900328777903	13.56993276196062	478.900328777903	25.678441363733533	460.43563760087915	25.678441363733533
452.048355327121	29.38898037574816	452.048355327121	20.578236129600747	468.8229198746373	20.578236129600747	468.8229198746373	29.38898037574816
452.48079709428765	21.774096828840385	452.48079709428765	14.677866294709524	468.3904781074705	14.677866294709524	468.3904781074705	21.774096828840385
461.62842652681167	22.90412368803091	461.62842652681167	4.23574183589033	478.657706585182	4.23574183589033	478.657706585182	22.90412368803091
471.49229056898764	29.880561520903576	471.49229056898764	9.74845880022371	486.3083669868183	9.74845880022371	486.3083669868183	29.880561520903576
R30	422.8804601694171	125.62621565624345	119.42228617737726	5
422.8804601694171	125.62621565624345	422.8804601694171	111.28666924069107	447.5605818869394	111.28666924069107	447.5605818869394	125.62621565624345	422.8804601694171	125.62621565624345
428.04003495926355	129.53808319519737	428.04003495926355	121.71434811728955	452.09749214590096	121.71434811728955	452.09749214590096	129.53808319519737
443.103328122209	120.7144004073171	443.103328122209	104.54294093106648	452.0178356516698	104.54294093106648	452.0178356516698	120.7144004073171
413.27848163765685	122.35161805998811	413.27848163765685	100.25848818128088	432.4824387011774	100.25848818128088	432.4824387011774	122.35161805998811
433.28238540579434	118.07509261177181	433.28238540579434	104.49824586961033	448.4112529442224	104.49824586961033	448.4112529442224	118.07509261177181
R29	396.3985337433842	206.6419493946906	119.42228617737726	5
396.3985337433842	206.6419493946906	396.3985337433842	182.25660594667468	416.3452064568879	182.25660594667468	416.3452064568879	206.6419493946906	396.3985337433842	206.6419493946906
408.61505450260506	188.0883430585766	408.61505450260506	178.87679699043704	424.0753584111708	178.87679699043704	424.0753584111708	188.0883430585766
410.21533807421713	215.72062896179264	410.21533807421713	193.43052198262868	422.4750748395587	193.43052198262868	422.4750748395587	215.72062896179264
413.0638878993905	207.26646789926178	413.0638878993905	196.72143311941193	419.6265250143853	196.72143311941193	419.6265250143853	207.26646789926178
395.1331585526766	189.25927837867326	395.1331585526766	175.2539335146761	401.02729474697003	175.2539335146761	401.02729474697003	189.25927837867326
R28	182.37645339580857	383.6129973338876	119.42228617737726	5
182.37645339580857	383.6129973338876	182.37645339580857	366.8418892960158	198.5462537573238	366.8418892960158	198.5462537573238	383.6129973338876	182.37645339580857	383.6129973338876
194.37204500912037	385.7618547312473	194.37204500912037	379.6193926264796	202.72046250552722	379.6193926264796	202.72046250552722	385.7618547312473
171.94151172370127	379.039373181319	171.94151172370127	362.02213353852653	192.81139506791587	362.02213353852653	192.81139506791587	379.039373181319
177.66743512793855	387.03393242248836	177.66743512793855	363.7604554480162	187.08547166367865	363.7604554480162	187.08547166367865	387.03393242248836
187.3180197132362	377.0390075695097	187.3180197132362	356.64477102252187	207.6569170267545	356.64477102252187	207.6569170267545	377.0390075695097
R27	180.8816823400963	344.32779872538794	119.42228617737726	5
180.8816823400963	344.32779872538794	180.8816823400963	335.0008445061862	199.2448248878091	335.0008445061862	199.2448248878091	344.32779872538794	180.8816823400963	344.32779872538794
185.65725712381752	353.7555509036468	185.65725712381752	334.9000465471291	190.98904748906395	334.9000465471291	190.98904748906395	353.7555509036468
179.08647774434027	349.8214086139944	179.08647774434027	338.8341888367815	193.0295109683922	338.8341888367815	193.0295109683922	349.8214086139944
170.2498965433188	346.04520028841716	170.2498965433188	339.9535986917135	191.51346813687377	339.9535986917135	191.51346813687377	346.04520028841716
181.89309610761876	337.71685404885733	181.89309610761876	332.28483496351504	199.64844316944283	332.28483496351504	199.64844316944283	337.71685404885733
R26	101.30257766826637	253.16092769057772	119.42228617737726	5
101.30257766826637	253.16092769057772	101.30257766826637	241.7644075341984	119.25248894901372	241.7644075341984	119.25248894901372	253.16092769057772	101.30257766826637	253.16092769057772
99.25624710561566	259.8859794317191	99.25624710561566	246.4358759494364	106.66160031863102	246.4358759494364	106.66160031863102	259.8859794317191
99.31294844648822	246.0774044590914	99.31294844648822	237.45141060930544	118.5319817554816	237.45141060930544	118.5319817554816	246.0774044590914
98.96275410830195	254.04955059549525	98.96275410830195	229.4792644729016	114.10879190343697	229.4792644729016	114.10879190343697	254.04955059549525
114.58916374589074	246.47003675580658	114.58916374589074	237.05877831259022	119.73126394917065	237.05877831259022	119.73126394917065	246.47003675580658
R25	21.464828742293093	113.62527739778285	119.42228617737726	5
21.464828742293093	113.62527739778285	21.464828742293093	102.75156593404385	33.23223710325192	102.75156593404385	33.23223710325192	113.62527739778285	21.464828742293093	113.62527739778285
28.05795938888463	107.19101495964463	28.05795938888463	98.31211690844304	35.225318187131606	98.31211690844304	35.225318187131606	107.19101495964463
13.114426751998646	112.30832258873787	13.114426751998646	106.85681366108722	29.81523073258754	106.85681366108722	29.81523073258754	112.30832258873787
11.093779107973651	112.34418401860496	11.093779107973651	93.15894784948271	34.96019622757848	93.15894784948271	34.96019622757848	112.34418401860496
16.094282383155196	123.8497418043071	16.094282383155196	103.4008129912586	28.142832149161855	103.4008129912586	28.142832149161855	123.8497418043071
R24	60.22459337227696	344.7913962973134	119.42228617737726	5
60.22459337227696	344.7913962973134	60.22459337227696	334.7238276323795	76.99926108542206	334.7238276323795	76.99926108542206	344.7913962973134	60.22459337227696	344.7913962973134
54.1666481734307	352.23616825749866	54.1666481734307	330.092510829107	66.28253857112321	330.092510829107	66.28253857112321	352.23616825749866
65.03492262120531	343.6999534334574	65.03492262120531	325.7477018313016	76.86370149124198	325.7477018313016	76.86370149124198	343.6999534334574
53.57906795980986	340.93243050249924	53.57906795980986	328.5152247622597	67.58787593594025	328.5152247622597	67.58787593594025	340.93243050249924
70.25972020839986	350.30883220030677	70.25972020839986	339.2739603943201	78.88207294655554	339.2739603943201	78.88207294655554	350.30883220030677
R23	448.5380989507987	276.57408556545073	119.42228617737726	5
448.5380989507987	276.57408556545073	448.5380989507987	256.1788245382906	459.0013196084143	256.1788245382906	459.0013196084143	276.57408556545073	448.5380989507987	276.57408556545073
454.9895714659649	276.93928928815427	454.9895714659649	255.24496090687836	463.0130677508637	255.24496090687836	463.0130677508637	276.93928928815427
447.0950806464019	264.2007815455844	447.0950806464019	248.1568675309968	455.20354700438793	248.1568675309968	455.20354700438793	264.2007815455844
441.97685407376844	285.476756152887	441.97685407376844	267.67141497801435	465.77433419455474	267.67141497801435	465.77433419455474	285.476756152887
450.571299679908	270.2690112802001	450.571299679908	249.3606266180654	467.4313395369206	249.3606266180654	467.4313395369206	270.2690112802001
R22	144.0079030781171	308.88611880404994	119.42228617737726	5
144.0079030781171	308.88611880404994	144.0079030781171	302.98291426897924	150.97889300909955	302.98291426897924	150.97889300909955	308.88611880404994	144.0079030781171	308.88611880404994
144.06207638724092	312.49851898388954	144.06207638724092	293.46730955406895	156.45202408379188	293.46730955406895	156.45202408379188	312.49851898388954
139.41233302637977	308.82705410929935	139.41233302637977	300.72287055337205	148.60347312985442	300.72287055337205	148.60347312985442	308.82705410929935
140.0980655278164	319.3629441710772	140.0980655278164	298.4092934370227	154.8801219976449	298.4092934370227	154.8801219976449	319.3629441710772
147.41483227915913	311.11438040158663	147.41483227915913	294.85144813637186	152.47558430358188	294.85144813637186	152.47558430358188	311.11438040158663
R21	363.905575930183	99.65920760088926	119.42228617737726	5
363.905575930183	99.65920760088926	363.905575930183	94.04290225540373	382.804879595187	94.04290225540373	382.804879595187	99.65920760088926	363.905575930183	99.65920760088926
359.919014222271	98.36090962816208	359.919014222271	89.85066100881805	367.89213763809494	89.85066100881805	367.89213763809494	98.36090962816208
359.72304149170816	103.95203594472555	359.72304149170816	95.36637925705297	380.1306927921396	95.36637925705297	380.1306927921396	103.95203594472555
377.27203357509256	105.2882020944832	377.27203357509256	82.79760241632427	384.6228516591748	82.79760241632427	384.6228516591748	105.2882020944832
359.08984233445887	107.29869960325136	359.08984233445887	92.01971559852716	374.57294076561533	92.01971559852716	374.57294076561533	107.29869960325136
R20	231.6711014241182	326.73208904761134	119.42228617737726	5
231.6711014241182	326.73208904761134	231.6711014241182	302.01676226186567	246.5041401353305	302.01676226186567	246.5041401353305	326.73208904761134	231.6711014241182	326.73208904761134
231.297344074036	329.40782118204334	231.297344074036	324.05635691317934	237.6953616195117	324.05635691317934	237.6953616195117	329.40782118204334
221.7934180815892	312.72793610536957	221.7934180815892	294.52105460228614	241.5487847666472	294.52105460228614	241.5487847666472	312.72793610536957
241.46807270650916	313.0466146605521	241.46807270650916	300.06478427334	251.5402075641518	300.06478427334	251.5402075641518	313.0466146605521
224.06852883316984	321.13594964273653	224.06852883316984	311.1509754982514	239.27367401506658	311.1509754982514	239.27367401506658	321.13594964273653
R19	211.88873618732117	438.6058680591078	119.42228617737726	5
211.88873618732117	438.6058680591078	211.88873618732117	414.06348324601345	234.4526224950999	414.06348324601345	234.4526224950999	438.6058680591078	211.88873618732117	438.6058680591078
219.5645820139897	419.9887312442888	219.5645820139897	408.1382352477381	231.40845710403187	408.1382352477381	231.40845710403187	419.9887312442888
230.05950155667597	417.42424336459715	230.05950155667597	410.70272312742975	238.39773578791545	410.70272312742975	238.39773578791545	417.42424336459715
221.57864118608748	418.9614864866104	221.57864118608748	409.1654800054165	234.4426629479644	409.1654800054165	234.4426629479644	418.9614864866104
201.79497471384198	429.18909628957454	201.79497471384198	414.742704780537	221.98249766080036	414.742704780537	221.98249766080036	429.18909628957454
R18	268.7394694558522	149.066487461949	119.42228617737726	5
268.7394694558522	149.066487461949	268.7394694558522	127.63192372250101	276.75621386580696	127.63192372250101	276.75621386580696	149.066487461949	268.7394694558522	149.066487461949
263.1309444746597	138.5285614437324	263.1309444746597	116.73528600126964	277.9403934142945	116.73528600126964	277.9403934142945	138.5285614437324
263.6094849886552	143.2905160448758	263.6094849886552	135.02487493174044	273.8694539230492	135.02487493174044	273.8694539230492	143.2905160448758
269.760304512019	149.5226068689595	269.760304512019	143.59882369345192	283.7521232195949	143.59882369345192	283.7521232195949	149.5226068689595
257.46963794161854	133.97279896266866	257.46963794161854	124.68980896845352	280.00930097008586	124.68980896845352	280.00930097008586	133.97279896266866
R17	252.93002943835438	290.6744454336768	119.42228617737726	5
252.93002943835438	290.6744454336768	252.93002943835438	266.28878501648313	272.80926329122144	266.28878501648313	272.80926329122144	290.6744454336768	252.93002943835438	290.6744454336768
258.85877782795444	297.21135727973194	258.85877782795444	284.13753358762165	264.81516189474746	284.13753358762165	264.81516189474746	297.21135727973194
257.42819576172246	300.31601184357964	257.42819576172246	281.03287902377383	269.3985638332125	281.03287902377383	269.3985638332125	300.31601184357964
265.6067539730166	276.6637349406338	265.6067539730166	255.91383509233248	276.5007508294936	255.91383509233248	276.5007508294936	276.6637349406338
257.35995295642977	272.54584683008005	257.35995295642977	260.0317232028862	268.3491119662109	260.0317232028862	268.3491119662109	272.54584683008005
R16	62.09849120530089	382.1216126969586	119.42228617737726	5
62.09849120530089	382.1216126969586	62.09849120530089	360.5855604303037	72.03283119109503	360.5855604303037	72.03283119109503	382.1216126969586	62.09849120530089	382.1216126969586
62.01746769147446	380.42516879360943	62.01746769147446	361.9099923496818	82.0481946907156	361.9099923496818	82.0481946907156	380.42516879360943
56.56611658944515	386.23606451353106	56.56611658944515	377.20682155247	67.63086582115663	377.20682155247	67.63086582115663	386.23606451353106
59.61478676661514	389.3094412112624	59.61478676661514	366.5310373019107	84.45087561557492	366.5310373019107	84.45087561557492	389.3094412112624
64.75570650669965	380.31776631962055	64.75570650669965	373.5855534380852	79.3099558754904	373.5855534380852	79.3099558754904	380.31776631962055
R15	479.69637084308647	154.4553703783178	119.42228617737726	5
479.69637084308647	154.4553703783178	479.69637084308647	148.96467899791918	498.79255017397736	148.96467899791918	498.79255017397736	154.4553703783178	479.69637084308647	154.4553703783178
476.9754225986358	166.90208518786068	476.9754225986358	142.00865556877494	496.8379815280579	142.00865556877494	496.8379815280579	166.90208518786068
484.3148294959951	160.7814936717345	484.3148294959951	148.12924708490112	508.8513428489375	148.12924708490112	508.8513428489375	160.7814936717345
483.8479007995566	161.6108659874976	483.8479007995566	147.29987476913803	493.24064568462353	147.29987476913803	493.24064568462353	161.6108659874976
474.15455162753653	160.75753382783296	474.15455162753653	148.15320692880266	493.57398296444	148.15320692880266	493.57398296444	160.75753382783296
R14	297.3473661349525	271.1697726688854	119.42228617737726	5
297.3473661349525	271.1697726688854	297.3473661349525	263.7045510937448	316.49625725230067	263.7045510937448	316.49625725230067	271.1697726688854	297.3473661349525	271.1697726688854
293.0515045216675	276.2522297715506	293.0515045216675	266.0873155662202	303.49525951567244	266.0873155662202	303.49525951567244	276.2522297715506
297.95188107953294	272.1311673125724	297.95188107953294	255.27793487491715	304.43471458866435	255.27793487491715	304.43471458866435	272.1311673125724
310.1173010404635	275.1840505957915	310.1173010404635	267.1055715988932	322.87521346413786	267.1055715988932	322.87521346413786	275.1840505957915
311.7892378062961	273.05550002404755	311.7892378062961	254.35360216344202	320.8034308459943	254.35360216344202	320.8034308459943	273.05550002404755
R13	165.68262806122755	427.16407455518754	119.42228617737726	5
165.68262806122755	427.16407455518754	165.68262806122755	416.9038536307419	185.87128219925125	416.9038536307419	185.87128219925125	427.16407455518754	165.68262806122755	427.16407455518754
172.7866808674617	431.6123203267677	172.7866808674617	422.7158287836074	185.8705486536768	422.7158287836074	185.8705486536768	431.6123203267677
168.67311128835934	431.226084935615	168.67311128835934	423.1020641747601	173.93658028985948	423.1020641747601	173.93658028985948	431.226084935615
161.35170852877084	430.07677369019177	161.35170852877084	424.2513754201833	185.2348526479427	424.2513754201833	185.2348526479427	430.07677369019177
173.86955716258402	435.99335421051705	173.86955716258402	418.33479489985814	191.16443225770715	418.33479489985814	191.16443225770715	435.99335421051705
R12	138.65255961711262	211.5682569338175	119.42228617737726	5
138.65255961711262	211.5682569338175	138.65255961711262	201.5046849264204	152.42138809861973	201.5046849264204	152.42138809861973	211.5682569338175	138.65255961711262	211.5682569338175
138.6186765632514	209.45417414745867	138.6186765632514	193.55519570538212	148.26281270732088	193.55519570538212	148.26281270732088	209.45417414745867
134.42285928847323	218.3498581421153	134.42285928847323	204.78665572551972	144.53556210491698	204.78665572551972	144.53556210491698	218.3498581421153
146.19937564564708	206.80813129251771	146.19937564564708	197.96041606735162	158.64340055159238	197.96041606735162	158.64340055159238	206.80813129251771
149.8065591266467	213.04346756532044	149.8065591266467	194.38736404788443	155.03621707059276	194.38736404788443	155.03621707059276	213.04346756532044
R11	26.315206097507726	379.43589980882086	119.42228617737726	5
26.315206097507726	379.43589980882086	26.315206097507726	362.3549463430834	48.06342659800198	362.3549463430834	48.06342659800198	379.43589980882086	26.315206097507726	379.43589980882086
22.89039656475567	385.4189470733935	22.89039656475567	367.3552525460814	29.740015630259784	367.3552525460814	29.740015630259784	385.4189470733935
25.09505806178986	391.57105130834503	25.09505806178986	367.3007483092967	42.299463045112745	367.3007483092967	42.299463045112745	391.57105130834503
19.99784035116042	370.12644796857455	19.99784035116042	359.64277318546954	32.63257184385503	359.64277318546954	32.63257184385503	370.12644796857455
21.071872143052204	378.85969491022075	21.071872143052204	372.6211219905976	31.55854005196325	372.6211219905976	31.55854005196325	378.85969491022075
R10	421.10125256960674	297.30420158655306	119.42228617737726	5
421.10125256960674	297.30420158655306	421.10125256960674	272.309742905622	441.94372939752844	272.309742905622	441.94372939752844	297.30420158655306	421.10125256960674	297.30420158655306
415.76152571595026	296.59360008447595	415.76152571595026	272.19146662830735	426.44097942326323	272.19146662830735	426.44097942326323	296.59360008447595
418.5161412810049	288.7170637426035	418.5161412810049	277.3989898327528	423.6863638582086	277.3989898327528	423.6863638582086	288.7170637426035
425.26082922337133	282.5886287035714	425.26082922337133	262.0308571076726	446.0515390358311	262.0308571076726	446.0515390358311	282.5886287035714
431.78112103015275	289.456135868251	431.78112103015275	274.0016655572908	452.10633776490425	274.0016655572908	452.10633776490425	289.456135868251
R9	12.555486748710692	347.6210500691537	119.42228617737726	5
12.555486748710692	347.6210500691537	12.555486748710692	328.3717110312013	25.434087186026538	328.3717110312013	25.434087186026538	347.6210500691537	12.555486748710692	347.6210500691537
15.01646658943223	355.87531938942215	15.01646658943223	331.5865555740101	35.85170778262085	331.5865555740101	35.85170778262085	355.87531938942215
7.520040726105876	354.5625151633885	7.520040726105876	330.2596070147134	17.590932771315508	330.2596070147134	17.590932771315508	354.5625151633885
17.014345787866404	339.09939844673005	17.014345787866404	327.3215557858818	33.85382858418667	327.3215557858818	33.85382858418667	339.09939844673005
3.710406969267389	335.45932801518563	3.710406969267389	322.1322326527195	21.400566528153995	322.1322326527195	21.400566528153995	335.45932801518563
R8	55.55492404709331	37.03955112877467	119.42228617737726	5
55.55492404709331	37.03955112877467	55.55492404709331	22.870679501985624	66.30751413555578	22.870679501985624	66.30751413555578	37.03955112877467	55.55492404709331	37.03955112877467
56.34517959900303	34.82415406193874	56.34517959900303	10.917204942032505	71.63273252829883	10.917204942032505	71.63273252829883	34.82415406193874
52.148085269429345	34.10736849682976	52.148085269429345	11.633990507141492	61.96876255318158	11.633990507141492	61.96876255318158	34.10736849682976
56.517723550956916	36.74103683313377	56.517723550956916	18.655746789295307	76.09730472015464	18.655746789295307	76.09730472015464	36.74103683313377
50.300233994850416	41.791953127823916	50.300233994850416	25.13894668863051	60.8096140993362	25.13894668863051	60.8096140993362	41.791953127823916
R7	207.0034014533527	503.5794530652669	119.42228617737726	5
207.0034014533527	503.5794530652669	207.0034014533527	494.6821006405272	217.0936113172699	494.6821006405272	217.0936113172699	503.5794530652669	207.0034014533527	503.5794530652669
206.97129216219574	509.02845151339574	206.97129216219574	498.130454617138	221.8718583812583	498.130454617138	221.8718583812583	509.02845151339574
203.90674350141987	498.9005517122733	203.90674350141987	490.46364956878114	211.97167741509512	490.46364956878114	211.97167741509512	498.9005517122733
214.1998130559177	503.68325317504497	214.1998130559177	488.7248303407286	219.9874095786221	488.7248303407286	219.9874095786221	503.68325317504497
199.9061995328724	504.6032421496242	199.9061995328724	488.47463339502724	214.100603373833	488.47463339502724	214.100603373833	504.6032421496242
R6	446.002820471793	247.6559773846262	119.42228617737726	5
446.002820471793	247.6559773846262	446.002820471793	235.4847616800615	462.6136989863507	235.4847616800615	462.6136989863507	247.6559773846262	446.002820471793	247.6559773846262
438.93188572094624	256.262643500684	438.93188572094624	239.0493112685684	457.0667078945899	239.0493112685684	457.0667078945899	256.262643500684
442.24742141470034	246.75464343942355	442.24742141470034	232.31010833644467	449.7582195288855	232.31010833644467	449.7582195288855	246.75464343942355
436.5314669757099	253.49044154245945	436.5314669757099	241.82151322679294	459.6848318363858	241.82151322679294	459.6848318363858	253.49044154245945
445.19753167250997	243.8871942486729	445.19753167250997	227.0823291114501	462.5416605025912	227.0823291114501	462.5416605025912	243.8871942486729
R5	382.50089674124206	271.97572228669316	119.42228617737726	5
382.50089674124206	271.97572228669316	382.50089674124206	266.05744693953847	401.6955844451262	266.05744693953847	401.6955844451262	271.97572228669316	382.50089674124206	271.97572228669316
386.7337159473673	271.14234386652555	386.7337159473673	260.9725500125514	402.5618255907136	260.9725500125514	402.5618255907136	271.14234386652555
371.7075548096421	271.6843879897216	371.7075548096421	260.43050588935535	394.4185534841045	260.43050588935535	394.4185534841045	271.6843879897216
382.8334044473856	274.72145555646006	382.8334044473856	269.22998901692625	389.87667508099577	269.22998901692625	389.87667508099577	274.72145555646006
374.7931408258634	278.49251365605517	374.7931408258634	253.6223802230218	395.4448313258477	253.6223802230218	395.4448313258477	278.49251365605517
R4	149.41549791716105	465.2997873521779	119.42228617737726	5
149.41549791716105	465.2997873521779	149.41549791716105	447.61469288596425	168.0680403627084	447.61469288596425	168.0680403627084	465.2997873521779	149.41549791716105	465.2997873521779
160.0408034482516	466.47838745883655	160.0408034482516	444.7703292119297	176.09527727716517	444.7703292119297	176.09527727716517	466.47838745883655
138.26509947600354	468.8477038094787	138.26509947600354	459.2775645811009	160.56589635831855	459.2775645811009	160.56589635831855	468.8477038094787
144.42013898894626	469.23298232378727	144.42013898894626	461.3665923805685	155.5118178505513	461.3665923805685	155.5118178505513	469.23298232378727
146.90631950302915	452.9952571890722	146.90631950302915	442.2341285828563	165.92076360783497	442.2341285828563	165.92076360783497	452.9952571890722
R3	173.2355116280129	335.074090595264	119.42228617737726	5
173.2355116280129	335.074090595264	173.2355116280129	323.18161276373485	195.4349399814751	323.18161276373485	195.4349399814751	335.074090595264	173.2355116280129	335.074090595264
179.45731902721073	326.1087066601951	179.45731902721073	320.2545188672746	188.51867053702765	320.2545188672746	188.51867053702765	326.1087066601951
169.45388149814235	347.10671958551995	169.45388149814235	323.04146160500807	180.14193053260865	323.04146160500807	180.14193053260865	347.10671958551995
175.10975035993266	341.33188422780887	175.10975035993266	328.81629696271915	196.73023900020388	328.81629696271915	196.73023900020388	341.33188422780887
164.81197330708414	340.2434638663053	164.81197330708414	321.64145537090997	181.65904994894163	321.64145537090997	181.65904994894163	340.2434638663053
R2	68.0983306031763	43.926853071356554	119.42228617737726	5
68.0983306031763	43.926853071356554	68.0983306031763	34.0077634473305	81.72913347646445	34.0077634473305	81.72913347646445	43.926853071356554	68.0983306031763	43.926853071356554
60.00967135971168	41.199914538764794	60.00967135971168	26.8156123558962	82.29449813979299	26.8156123558962	82.29449813979299	41.199914538764794
64.31998073413338	48.91447144315372	64.31998073413338	38.939234699559385	83.51637632592478	38.939234699559385	83.51637632592478	48.91447144315372
78.78572566185711	50.715210666721696	78.78572566185711	35.20375548144555	84.6725412910718	35.20375548144555	84.6725412910718	50.715210666721696
66.24709243086802	39.99355707161157	66.24709243086802	28.021969823049425	72.84493275959703	28.021969823049425	72.84493275959703	39.99355707161157
R1	348.34383881785334	285.0333002883136	119.42228617737726	5
348.34383881785334	285.0333002883136	348.34383881785334	276.0201021265823	357.5459506542329	276.0201021265823	357.5459506542329	285.0333002883136	348.34383881785334	285.0333002883136
343.0783670898823	286.36629098722597	343.0783670898823	265.6739132659386	358.52138525937306	265.6739132659386	358.52138525937306	286.36629098722597
349.2151632820688	293.04548496175266	349.2151632820688	270.7699515305885	365.87673802639705	270.7699515305885	365.87673802639705	293.04548496175266
345.4665520964397	292.1759550233848	345.4665520964397	274.8769640372613	369.6253492120261	274.8769640372613	369.6253492120261	292.1759550233848
340.3140006327255	288.032636047981	340.3140006327255	282.03396452864627	360.7819161706597	282.03396452864627	360.7819161706597	288.032636047981
