R100	250.5378287015736	402.93973311950504	92.26511199501232	1
250.5378287015736	402.93973311950504	250.5378287015736	390.7398931516451	269.6468108593477	390.7398931516451	269.6468108593477	402.93973311950504	250.5378287015736	402.93973311950504
R99	114.13322221046997	332.3179765763852	89.80781197428841	1
114.13322221046997	332.3179765763852	114.13322221046997	322.37496075634255	137.39576167032752	322.37496075634255	137.39576167032752	332.3179765763852	114.13322221046997	332.3179765763852
R98	56.7916902123184	240.17874970236616	23.294187791040205	1
56.7916902123184	240.17874970236616	56.7916902123184	233.91081814024275	69.02233541100527	233.91081814024275	69.02233541100527	240.17874970236616	56.7916902123184	240.17874970236616
R97	251.2276855326088	133.09156764191616	100.58166206436474	1
251.2276855326088	133.09156764191616	251.2276855326088	109.5211903579936	268.0071564436971	109.5211903579936	268.0071564436971	133.09156764191616	251.2276855326088	133.09156764191616
R96	258.8709610647418	304.56178456830946	173.4336643477521	1
258.8709610647418	304.56178456830946	258.8709610647418	281.4325210499039	270.9334670913523	281.4325210499039	270.9334670913523	304.56178456830946	258.8709610647418	304.56178456830946
R95	244.10330789156575	106.42807745101763	174.03276825365856	1
244.10330789156575	106.42807745101763	244.10330789156575	92.67666998886963	255.6694165414291	92.67666998886963	255.6694165414291	106.42807745101763	244.10330789156575	106.42807745101763
R94	302.1563791276611	86.06823014723078	22.962192072880487	1
302.1563791276611	86.06823014723078	302.1563791276611	66.74716497187823	318.76825156861014	66.74716497187823	318.76825156861014	86.06823014723078	302.1563791276611	86.06823014723078
R93	288.46887476636044	101.36989944026402	53.014549445114476	1
288.46887476636044	101.36989944026402	288.46887476636044	86.24692347332825	308.43997205624777	86.24692347332825	308.43997205624777	101.36989944026402	288.46887476636044	101.36989944026402
R92	183.01395091272644	414.6708413773648	49.13929844493091	1
183.01395091272644	414.6708413773648	183.01395091272644	397.4686073886339	193.77390553119324	397.4686073886339	193.77390553119324	414.6708413773648	183.01395091272644	414.6708413773648
R91	19.13352943593149	14.558638374219733	176.5004923510166	1
19.13352943593149	14.558638374219733	19.13352943593149	-4.485182155355715	26.15572836918823	-4.485182155355715	26.15572836918823	14.558638374219733	19.13352943593149	14.558638374219733
R90	22.753551159554135	320.543084946897	19.398155767230087	1
22.753551159554135	320.543084946897	22.753551159554135	305.0439246086687	35.02312374611948	305.0439246086687	35.02312374611948	320.543084946897	22.753551159554135	320.543084946897
R89	64.50522234571064	30.174870826101955	163.75167989841074	1
64.50522234571064	30.174870826101955	64.50522234571064	15.018260438120688	77.24354540516389	15.018260438120688	77.24354540516389	30.174870826101955	64.50522234571064	30.174870826101955
R88	164.2394947073105	321.1823348780922	67.2780840169553	1
164.2394947073105	321.1823348780922	164.2394947073105	301.93503035211484	187.4730349128399	301.93503035211484	187.4730349128399	321.1823348780922	164.2394947073105	321.1823348780922
R87	474.69816511804584	212.63347798027417	93.63527279343882	1
474.69816511804584	212.63347798027417	474.69816511804584	194.93615833320325	485.8694601018851	194.93615833320325	485.8694601018851	212.63347798027417	474.69816511804584	212.63347798027417
R86	38.69214094376251	69.00364661958956	90.4477288043007	1
38.69214094376251	69.00364661958956	38.69214094376251	47.92199322553016	59.48398932758535	47.92199322553016	59.48398932758535	69.00364661958956	38.69214094376251	69.00364661958956
R85	142.0383858004475	499.339551124493	19.372937952446758	1
142.0383858004475	499.339551124493	142.0383858004475	488.33450753457987	164.54386772214588	488.33450753457987	164.54386772214588	499.339551124493	142.0383858004475	499.339551124493
R84	232.71961574698494	40.45884713967716	165.60952795897492	1
232.71961574698494	40.45884713967716	232.71961574698494	29.629671123548658	238.66538517793717	29.629671123548658	238.66538517793717	40.45884713967716	232.71961574698494	40.45884713967716
R83	445.2563495115595	398.30931449827875	23.642473352723922	1
445.2563495115595	398.30931449827875	445.2563495115595	384.62393602316257	464.79976047911384	384.62393602316257	464.79976047911384	398.30931449827875	445.2563495115595	398.30931449827875
R82	368.11870353664466	35.23555881978263	51.385279980658844	1
368.11870353664466	35.23555881978263	368.11870353664466	19.879150694193825	382.415716706237	19.879150694193825	382.415716706237	35.23555881978263	368.11870353664466	35.23555881978263
R81	51.155881671286174	92.96089487450885	85.70376062151433	1
51.155881671286174	92.96089487450885	51.155881671286174	87.08040378163153	66.06137418366717	87.08040378163153	66.06137418366717	92.96089487450885	51.155881671286174	92.96089487450885
R80	19.483954489444223	301.59082512707715	132.22563599746488	1
19.483954489444223	301.59082512707715	19.483954489444223	285.965537858417	37.02400896576159	285.965537858417	37.02400896576159	301.59082512707715	19.483954489444223	301.59082512707715
R79	280.0482498670521	53.879535948058034	162.5808595517964	1
280.0482498670521	53.879535948058034	280.0482498670521	44.78053599178813	300.3202334245022	44.78053599178813	300.3202334245022	53.879535948058034	280.0482498670521	53.879535948058034
R78	337.1640862832307	441.37415919177266	183.16121377060676	1
337.1640862832307	441.37415919177266	337.1640862832307	428.4637939762501	346.6998478147588	428.4637939762501	346.6998478147588	441.37415919177266	337.1640862832307	441.37415919177266
R77	343.7406116657965	84.8620644823365	152.9977105768589	1
343.7406116657965	84.8620644823365	343.7406116657965	71.80326278058052	357.7359237128164	71.80326278058052	357.7359237128164	84.8620644823365	343.7406116657965	84.8620644823365
R76	445.6047126838576	125.79448083573524	11.822410844298505	1
445.6047126838576	125.79448083573524	445.6047126838576	104.66395630047703	461.3991602610203	104.66395630047703	461.3991602610203	125.79448083573524	445.6047126838576	125.79448083573524
R75	407.36787225281734	138.04511680607808	33.35793934423486	1
407.36787225281734	138.04511680607808	407.36787225281734	129.0491598301679	425.77875835160484	129.0491598301679	425.77875835160484	138.04511680607808	407.36787225281734	138.04511680607808
R74	189.61653712438834	400.48589646888246	79.43882036683685	1
189.61653712438834	400.48589646888246	189.61653712438834	393.2375796908107	199.81300677571596	393.2375796908107	199.81300677571596	400.48589646888246	189.61653712438834	400.48589646888246
R73	238.85690625985512	170.4219866279384	113.6375668056419	1
238.85690625985512	170.4219866279384	238.85690625985512	156.52922097088617	252.03142221968687	156.52922097088617	252.03142221968687	170.4219866279384	238.85690625985512	170.4219866279384
R72	283.60801460797006	85.92678911361884	62.26895386981606	1
283.60801460797006	85.92678911361884	283.60801460797006	79.23672906526213	291.38651751785994	79.23672906526213	291.38651751785994	85.92678911361884	283.60801460797006	85.92678911361884
R71	32.312385625458326	461.55273396597886	110.81764978872349	1
32.312385625458326	461.55273396597886	32.312385625458326	446.474571736917	48.26695714934417	446.474571736917	48.26695714934417	461.55273396597886	32.312385625458326	461.55273396597886
R70	341.3214519243612	86.76703878882256	20.371510635549356	1
341.3214519243612	86.76703878882256	341.3214519243612	81.0272329763267	348.73506697161076	81.0272329763267	348.73506697161076	86.76703878882256	341.3214519243612	86.76703878882256
R69	444.1131053396484	59.77208244809252	153.01654517624277	1
444.1131053396484	59.77208244809252	444.1131053396484	50.118540514515914	450.9201069381892	50.118540514515914	450.9201069381892	59.77208244809252	444.1131053396484	59.77208244809252
R68	106.11193761218674	461.1178970635444	52.62798458946111	1
106.11193761218674	461.1178970635444	106.11193761218674	453.25758299747685	129.32519824683243	453.25758299747685	129.32519824683243	461.1178970635444	106.11193761218674	461.1178970635444
R67	183.0079847664279	501.70010471799577	45.96484673396608	1
183.0079847664279	501.70010471799577	183.0079847664279	483.50294413020896	200.56932416377379	483.50294413020896	200.56932416377379	501.70010471799577	183.0079847664279	501.70010471799577
R66	44.30763929971085	378.3595058106619	93.5206155949436	1
44.30763929971085	378.3595058106619	44.30763929971085	372.4653547849786	52.7869670855434	372.4653547849786	52.7869670855434	378.3595058106619	44.30763929971085	378.3595058106619
R65	468.00075299773636	107.36010615422035	85.41174735233336	1
468.00075299773636	107.36010615422035	468.00075299773636	90.15989058943714	480.54657120796963	90.15989058943714	480.54657120796963	107.36010615422035	468.00075299773636	107.36010615422035
R64	316.6911017765536	431.52041253279293	50.534295745839785	1
316.6911017765536	431.52041253279293	316.6911017765536	424.4223716622567	337.7254591920675	424.4223716622567	337.7254591920675	431.52041253279293	316.6911017765536	431.52041253279293
R63	380.3123782877291	420.70847782940035	34.93219004963013	1
380.3123782877291	420.70847782940035	380.3123782877291	401.02073013497164	392.29210433629817	401.02073013497164	392.29210433629817	420.70847782940035	380.3123782877291	420.70847782940035
R62	245.64015011183778	277.7839465994143	155.8873485349303	1
245.64015011183778	277.7839465994143	245.64015011183778	254.82035151279717	269.398210906686	254.82035151279717	269.398210906686	277.7839465994143	245.64015011183778	277.7839465994143
R61	208.21033771431746	232.8813013718118	178.74549698209378	1
208.21033771431746	232.8813013718118	208.21033771431746	214.4038224885329	222.5714569092629	214.4038224885329	222.5714569092629	232.8813013718118	208.21033771431746	232.8813013718118
R60	367.9677558722395	248.176157529169	65.48836822415298	1
367.9677558722395	248.176157529169	367.9677558722395	227.39861687229333	387.1260182471761	227.39861687229333	387.1260182471761	248.176157529169	367.9677558722395	248.176157529169
R59	135.99376886292427	502.9622809297084	161.15498291987294	1
135.99376886292427	502.9622809297084	135.99376886292427	491.43256719208034	155.17179157188107	491.43256719208034	155.17179157188107	502.9622809297084	135.99376886292427	502.9622809297084
R58	385.99972996112706	284.98992715613144	90.9982028051912	1
385.99972996112706	284.98992715613144	385.99972996112706	266.11534741613775	407.8041192223957	266.11534741613775	407.8041192223957	284.98992715613144	385.99972996112706	284.98992715613144
R57	470.9235635440747	458.5766694909166	169.91122207975445	1
470.9235635440747	458.5766694909166	470.9235635440747	444.73523445253824	487.1948065785572	444.73523445253824	487.1948065785572	458.5766694909166	470.9235635440747	458.5766694909166
R56	131.92948323265276	442.9999504810195	68.45766683456445	1
131.92948323265276	442.9999504810195	131.92948323265276	430.4639536153787	149.38112037391224	430.4639536153787	149.38112037391224	442.9999504810195	131.92948323265276	442.9999504810195
R55	124.38646642492166	306.11604557061554	160.25256964499235	1
124.38646642492166	306.11604557061554	124.38646642492166	300.7783362887481	137.56338226725686	300.7783362887481	137.56338226725686	306.11604557061554	124.38646642492166	306.11604557061554
R54	302.9887527491586	118.02337220927328	20.25929236810716	1
302.9887527491586	118.02337220927328	302.9887527491586	95.5362257713841	325.67268515788317	95.5362257713841	325.67268515788317	118.02337220927328	302.9887527491586	118.02337220927328
R53	266.0822411940287	227.89840270330726	171.0918777176778	1
266.0822411940287	227.89840270330726	266.0822411940287	218.68487041894096	282.8591576829991	218.68487041894096	282.8591576829991	227.89840270330726	266.0822411940287	227.89840270330726
R52	17.473456381146345	23.880614856105616	174.05613142896794	1
17.473456381146345	23.880614856105616	17.473456381146345	0.9336757482469693	41.37727711560706	0.9336757482469693	41.37727711560706	23.880614856105616	17.473456381146345	23.880614856105616
R51	132.52300118866188	231.06843896983267	84.40509900798543	1
132.52300118866188	231.06843896983267	132.52300118866188	210.8891976236512	143.10825637069914	210.8891976236512	143.10825637069914	231.06843896983267	132.52300118866188	231.06843896983267
R50	144.16374118173178	316.31119577675094	70.76421243979733	1
144.16374118173178	316.31119577675094	144.16374118173178	305.128737608613	163.6611431575236	305.128737608613	163.6611431575236	316.31119577675094	144.16374118173178	316.31119577675094
R49	73.63369624889259	290.54256807854307	18.40934977415981	1
73.63369624889259	290.54256807854307	73.63369624889259	283.47995259913176	87.63228063136887	283.47995259913176	87.63228063136887	290.54256807854307	73.63369624889259	290.54256807854307
R48	170.17722111830884	149.89919305418385	114.58378297069805	1
170.17722111830884	149.89919305418385	170.17722111830884	144.37736628895493	184.17966174947506	144.37736628895493	184.17966174947506	149.89919305418385	170.17722111830884	149.89919305418385
R47	193.7428624880241	255.8035054803543	63.34929063263543	1
193.7428624880241	255.8035054803543	193.7428624880241	236.5827157320965	208.58180585318863	236.5827157320965	208.58180585318863	255.8035054803543	193.7428624880241	255.8035054803543
R46	394.7945090069168	211.56303921280937	53.95457833728084	1
394.7945090069168	211.56303921280937	394.7945090069168	187.78458794170217	412.90228386882467	187.78458794170217	412.90228386882467	211.56303921280937	394.7945090069168	211.56303921280937
R45	345.7527372357535	408.8489347200207	177.6764120600577	1
345.7527372357535	408.8489347200207	345.7527372357535	397.6338248747186	357.2695997861852	397.6338248747186	357.2695997861852	408.8489347200207	345.7527372357535	408.8489347200207
R44	409.2961265214153	361.66433092809626	55.64213992502783	1
409.2961265214153	361.66433092809626	409.2961265214153	342.62456499661477	422.60827459321706	342.62456499661477	422.60827459321706	361.66433092809626	409.2961265214153	361.66433092809626
R43	59.777721791413974	188.0991175616393	130.25897736091855	1
59.777721791413974	188.0991175616393	59.777721791413974	182.89706684416834	65.92067655503516	182.89706684416834	65.92067655503516	188.0991175616393	59.777721791413974	188.0991175616393
R42	365.34978663084996	271.2903169368487	78.03172508899739	1
365.34978663084996	271.2903169368487	365.34978663084996	256.51670907971226	370.42037761484994	256.51670907971226	370.42037761484994	271.2903169368487	365.34978663084996	271.2903169368487
R41	0.0402448463615368	120.56800874655917	94.79918115052952	1
0.0402448463615368	120.56800874655917	0.0402448463615368	105.07468382849126	14.95636281853221	105.07468382849126	14.95636281853221	120.56800874655917	0.0402448463615368	120.56800874655917
R40	296.98721094073926	231.76484239560764	49.5969331333152	1
296.98721094073926	231.76484239560764	296.98721094073926	225.55950102914326	310.24368840160844	225.55950102914326	310.24368840160844	231.76484239560764	296.98721094073926	231.76484239560764
R39	246.3132819786053	62.10260861105206	151.71368664164484	1
246.3132819786053	62.10260861105206	246.3132819786053	37.36430396344407	253.42975699686394	37.36430396344407	253.42975699686394	62.10260861105206	246.3132819786053	62.10260861105206
R38	303.7094230200138	349.94233954673945	129.9610679670671	1
303.7094230200138	349.94233954673945	303.7094230200138	330.02348193041183	317.47679981087424	330.02348193041183	317.47679981087424	349.94233954673945	303.7094230200138	349.94233954673945
R37	158.69823859532403	322.99525352425786	114.11069347930494	1
158.69823859532403	322.99525352425786	158.69823859532403	316.8133678312309	167.72941155466418	316.8133678312309	167.72941155466418	322.99525352425786	158.69823859532403	322.99525352425786
R36	444.75971006616663	110.33951903654697	140.6761493711915	1
444.75971006616663	110.33951903654697	444.75971006616663	101.70493754318083	454.8625430557583	101.70493754318083	454.8625430557583	110.33951903654697	444.75971006616663	110.33951903654697
R35	7.027678000500461	393.7735406423998	93.67752489188159	1
7.027678000500461	393.7735406423998	7.027678000500461	382.3226298218947	21.168847472269945	382.3226298218947	21.168847472269945	393.7735406423998	7.027678000500461	393.7735406423998
R34	17.10320643281622	292.6596696612365	21.453053292798053	1
17.10320643281622	292.6596696612365	17.10320643281622	269.5420703263066	35.8453977388407	269.5420703263066	35.8453977388407	292.6596696612365	17.10320643281622	292.6596696612365
R33	338.68156672206936	443.4724828551709	67.61229498577228	1
338.68156672206936	443.4724828551709	338.68156672206936	435.15019412608063	344.57869907916967	435.15019412608063	344.57869907916967	443.4724828551709	338.68156672206936	443.4724828551709
R32	382.15217044931694	310.76398850146495	179.1298677966605	1
382.15217044931694	310.76398850146495	382.15217044931694	302.59494443035624	399.30276890693085	302.59494443035624	399.30276890693085	310.76398850146495	382.15217044931694	310.76398850146495
R31	371.10642154573526	320.19374174158014	26.806204436955724	1
371.10642154573526	320.19374174158014	371.10642154573526	302.2678184524373	395.5189944464731	302.2678184524373	395.5189944464731	320.19374174158014	371.10642154573526	320.19374174158014
R30	78.77618529272183	386.6447269572746	81.92249322336218	1
78.77618529272183	386.6447269572746	78.77618529272183	371.99087425912984	87.01748639937108	371.99087425912984	87.01748639937108	386.6447269572746	78.77618529272183	386.6447269572746
R29	417.8261523558592	361.2564604268924	117.39494843455479	1
417.8261523558592	361.2564604268924	417.8261523558592	355.420877661608	431.228493415544	355.420877661608	431.228493415544	361.2564604268924	417.8261523558592	361.2564604268924
R28	252.63600777214964	300.45495648639474	94.49176065519377	1
252.63600777214964	300.45495648639474	252.63600777214964	275.9369275369842	272.7583791089873	275.9369275369842	272.7583791089873	300.45495648639474	252.63600777214964	300.45495648639474
R27	69.23390439177118	457.74448686298746	103.35321835071039	1
69.23390439177118	457.74448686298746	69.23390439177118	451.24365104517204	77.92851283623375	451.24365104517204	77.92851283623375	457.74448686298746	69.23390439177118	457.74448686298746
R26	474.38057123382464	295.1494331153372	100.40995341127336	1
474.38057123382464	295.1494331153372	474.38057123382464	284.4009015276718	499.33654787262856	284.4009015276718	499.33654787262856	295.1494331153372	474.38057123382464	295.1494331153372
R25	81.95376830219647	465.7546719209347	85.5082896849547	1
81.95376830219647	465.7546719209347	81.95376830219647	460.28149822045157	96.59822837059929	460.28149822045157	96.59822837059929	465.7546719209347	81.95376830219647	465.7546719209347
R24	21.74572689746592	421.79145415675066	40.11120951714285	1
21.74572689746592	421.79145415675066	21.74572689746592	402.56253997552096	27.504053488290523	402.56253997552096	27.504053488290523	421.79145415675066	21.74572689746592	421.79145415675066
R23	3.061513563115472	134.15085229053986	9.799909678944694	1
3.061513563115472	134.15085229053986	3.061513563115472	125.27140281866492	22.83873990593664	125.27140281866492	22.83873990593664	134.15085229053986	3.061513563115472	134.15085229053986
R22	13.094224691394551	219.08019328051148	161.91159572015707	1
13.094224691394551	219.08019328051148	13.094224691394551	194.63634978720052	38.062641266085926	194.63634978720052	38.062641266085926	219.08019328051148	13.094224691394551	219.08019328051148
R21	477.953413391812	486.1283039780642	13.168228410177669	1
477.953413391812	486.1283039780642	477.953413391812	471.53254870061267	485.9430850637199	471.53254870061267	485.9430850637199	486.1283039780642	477.953413391812	486.1283039780642
R20	472.43567190053733	98.15340893663812	96.16367078594706	1
472.43567190053733	98.15340893663812	472.43567190053733	82.16779091085395	486.0493700803607	82.16779091085395	486.0493700803607	98.15340893663812	472.43567190053733	98.15340893663812
R19	223.15221517101494	429.3932785575386	114.6661231624569	1
223.15221517101494	429.3932785575386	223.15221517101494	404.818413167292	229.78938823401361	404.818413167292	229.78938823401361	429.3932785575386	223.15221517101494	429.3932785575386
R18	18.4656927135317	51.219986722015705	46.09013568549409	1
18.4656927135317	51.219986722015705	18.4656927135317	33.404171832272255	43.36648651783494	33.404171832272255	43.36648651783494	51.219986722015705	18.4656927135317	51.219986722015705
R17	367.8392371205792	387.2623669141767	87.04146275455037	1
367.8392371205792	387.2623669141767	367.8392371205792	364.4820009959392	385.67424565390576	364.4820009959392	385.67424565390576	387.2623669141767	367.8392371205792	387.2623669141767
R16	332.66334087607197	60.07728154403898	34.743083036221165	1
332.66334087607197	60.07728154403898	332.66334087607197	52.84209485090189	353.72273149545833	52.84209485090189	353.72273149545833	60.07728154403898	332.66334087607197	60.07728154403898
R15	320.40181622143376	450.48633087300686	9.731291021663028	1
320.40181622143376	450.48633087300686	320.40181622143376	442.30572768525485	344.7036982448306	442.30572768525485	344.7036982448306	450.48633087300686	320.40181622143376	450.48633087300686
R14	313.9857622625688	358.06764276162755	10.964295931055236	1
313.9857622625688	358.06764276162755	313.9857622625688	352.55270450469607	321.2531917315758	352.55270450469607	321.2531917315758	358.06764276162755	313.9857622625688	358.06764276162755
R13	68.78500773747969	97.10308956021757	35.03245073627864	1
68.78500773747969	97.10308956021757	68.78500773747969	79.84752187261972	74.85881665690125	79.84752187261972	74.85881665690125	97.10308956021757	68.78500773747969	97.10308956021757
R12	110.19924875671138	26.52903950443095	115.43284925626482	1
110.19924875671138	26.52903950443095	110.19924875671138	9.386535101349256	121.68496562399635	9.386535101349256	121.68496562399635	26.52903950443095	110.19924875671138	26.52903950443095
R11	395.9366977867135	125.12463850256107	102.36899979640779	1
395.9366977867135	125.12463850256107	395.9366977867135	109.65479336631067	405.3531871287043	109.65479336631067	405.3531871287043	125.12463850256107	395.9366977867135	125.12463850256107
R10	38.38566155204795	294.2943628422555	68.00690051546114	1
38.38566155204795	294.2943628422555	38.38566155204795	274.6594121141176	52.41575226777704	274.6594121141176	52.41575226777704	294.2943628422555	38.38566155204795	294.2943628422555
R9	264.13516736651525	310.36239958909994	19.61861035376183	1
264.13516736651525	310.36239958909994	264.13516736651525	288.1976454991204	278.39946022289814	288.1976454991204	278.39946022289814	310.36239958909994	264.13516736651525	310.36239958909994
R8	489.6633832190715	436.2941390937762	63.91597931618987	1
489.6633832190715	436.2941390937762	489.6633832190715	425.42100633190665	505.37263756215674	425.42100633190665	505.37263756215674	436.2941390937762	489.6633832190715	436.2941390937762
R7	414.48814880849073	19.19597026297817	138.16690438185032	1
414.48814880849073	19.19597026297817	414.48814880849073	0.8731678636698419	426.00212565279736	0.8731678636698419	426.00212565279736	19.19597026297817	414.48814880849073	19.19597026297817
R6	245.66175601181976	234.8173278786196	127.90810784124096	1
245.66175601181976	234.8173278786196	245.66175601181976	228.90759975545353	264.0181695246575	228.90759975545353	264.0181695246575	234.8173278786196	245.66175601181976	234.8173278786196
R5	200.3924502462033	43.58965272085659	156.833893955375	1
200.3924502462033	43.58965272085659	200.3924502462033	31.932074514459103	206.89372003827438	31.932074514459103	206.89372003827438	43.58965272085659	200.3924502462033	43.58965272085659
R4	96.78818312032885	164.4848580650587	112.86251242979431	1
96.78818312032885	164.4848580650587	96.78818312032885	144.28058680391393	113.37101665483877	144.28058680391393	113.37101665483877	164.4848580650587	96.78818312032885	164.4848580650587
R3	126.24326186335703	243.1616393240117	21.671692428788234	1
126.24326186335703	243.1616393240117	126.24326186335703	224.67942959611528	136.23169957501787	224.67942959611528	136.23169957501787	243.1616393240117	126.24326186335703	243.1616393240117
R2	314.8268323860492	59.49064324120542	12.952061856734217	1
314.8268323860492	59.49064324120542	314.8268323860492	38.25232845975006	339.4082821687174	38.25232845975006	339.4082821687174	59.49064324120542	314.8268323860492	59.49064324120542
R1	215.1820593927901	346.61055216995413	136.7761102732108	1
215.1820593927901	346.61055216995413	215.1820593927901	339.80104161101696	238.17302419349272	339.80104161101696	238.17302419349272	346.61055216995413	215.1820593927901	346.61055216995413
