R100	177.12112857858637	38.1263696012143	122.40884506652003	1
177.12112857858637	38.1263696012143	177.12112857858637	24.202807531781495	186.25998505807456	24.202807531781495	186.25998505807456	38.1263696012143	177.12112857858637	38.1263696012143
R99	44.83350017293874	208.35640186535355	122.40884506652003	1
44.83350017293874	208.35640186535355	44.83350017293874	198.3581071166287	57.378684381140914	198.3581071166287	57.378684381140914	208.35640186535355	44.83350017293874	208.35640186535355
R98	355.6377239113126	73.42290384409468	122.40884506652003	1
355.6377239113126	73.42290384409468	355.6377239113126	63.311655901905894	375.1116884473089	63.311655901905894	375.1116884473089	73.42290384409468	355.6377239113126	73.42290384409468
R97	111.6547424708669	319.4947459726794	122.40884506652003	1
111.6547424708669	319.4947459726794	111.6547424708669	304.9742021425259	136.60141982864576	304.9742021425259	136.60141982864576	319.4947459726794	111.6547424708669	319.4947459726794
R96	280.1686145940037	294.9858179498193	122.40884506652003	1
280.1686145940037	294.9858179498193	280.1686145940037	285.02228712632484	298.37144838216676	285.02228712632484	298.37144838216676	294.9858179498193	280.1686145940037	294.9858179498193
R95	-3.0976280386399493	464.19935036345413	122.40884506652003	1
-3.0976280386399493	464.19935036345413	-3.0976280386399493	443.1234855482946	11.199970517176865	443.1234855482946	11.199970517176865	464.19935036345413	-3.0976280386399493	464.19935036345413
R94	229.50205900968953	339.32918095713774	122.40884506652003	1
229.50205900968953	339.32918095713774	229.50205900968953	323.64985572375383	236.85020609635833	323.64985572375383	236.85020609635833	339.32918095713774	229.50205900968953	339.32918095713774
R93	395.013277583581	469.4053652384765	122.40884506652003	1
395.013277583581	469.4053652384765	395.013277583581	462.53182369396393	419.4074826008837	462.53182369396393	419.4074826008837	469.4053652384765	395.013277583581	469.4053652384765
R92	119.91013408960218	158.7069509583629	122.40884506652003	1
119.91013408960218	158.7069509583629	119.91013408960218	136.32060387676952	135.4866450580354	136.32060387676952	135.4866450580354	158.7069509583629	119.91013408960218	158.7069509583629
R91	466.32437550304786	359.5378677069266	122.40884506652003	1
466.32437550304786	359.5378677069266	466.32437550304786	344.7558675366199	490.02458991831264	344.7558675366199	490.02458991831264	359.5378677069266	466.32437550304786	359.5378677069266
R90	483.5229121183762	15.072457513198266	122.40884506652003	1
483.5229121183762	15.072457513198266	483.5229121183762	-9.823588285348759	497.7614235564363	-9.823588285348759	497.7614235564363	15.072457513198266	483.5229121183762	15.072457513198266
R89	329.39473073761354	27.22512135510548	122.40884506652003	1
329.39473073761354	27.22512135510548	329.39473073761354	21.964989805255392	344.8398219308121	21.964989805255392	344.8398219308121	27.22512135510548	329.39473073761354	27.22512135510548
R88	342.73355047205905	172.18420323980496	122.40884506652003	1
342.73355047205905	172.18420323980496	342.73355047205905	151.88460278896326	360.2158114800368	151.88460278896326	360.2158114800368	172.18420323980496	342.73355047205905	172.18420323980496
R87	33.44079797952073	152.37315063617984	122.40884506652003	1
33.44079797952073	152.37315063617984	33.44079797952073	146.64190582466262	42.775680022544044	146.64190582466262	42.775680022544044	152.37315063617984	33.44079797952073	152.37315063617984
R86	284.4232850101557	118.16273990143621	122.40884506652003	1
284.4232850101557	118.16273990143621	284.4232850101557	107.30463289371717	297.1918367221376	107.30463289371717	297.1918367221376	118.16273990143621	284.4232850101557	118.16273990143621
R85	115.92353505239086	495.656049061424	122.40884506652003	1
115.92353505239086	495.656049061424	115.92353505239086	471.3032812390135	139.62725735646274	471.3032812390135	139.62725735646274	495.656049061424	115.92353505239086	495.656049061424
R84	340.2954728522588	278.3032914192591	122.40884506652003	1
340.2954728522588	278.3032914192591	340.2954728522588	261.6632130821792	353.41122319132336	261.6632130821792	353.41122319132336	278.3032914192591	340.2954728522588	278.3032914192591
R83	112.82657923229007	229.97706225967954	122.40884506652003	1
112.82657923229007	229.97706225967954	112.82657923229007	209.84223342005436	124.76072358413575	209.84223342005436	124.76072358413575	229.97706225967954	112.82657923229007	229.97706225967954
R82	162.1076571555767	255.44871931473563	122.40884506652003	1
162.1076571555767	255.44871931473563	162.1076571555767	243.089334472149	169.51020671473162	243.089334472149	169.51020671473162	255.44871931473563	162.1076571555767	255.44871931473563
R81	311.6645045908599	490.9547649732399	122.40884506652003	1
311.6645045908599	490.9547649732399	311.6645045908599	484.5939285571702	323.63881387586514	484.5939285571702	323.63881387586514	490.9547649732399	311.6645045908599	490.9547649732399
R80	393.0908572169004	412.72775342619826	122.40884506652003	1
393.0908572169004	412.72775342619826	393.0908572169004	404.8609944666617	403.14756497728865	404.8609944666617	403.14756497728865	412.72775342619826	393.0908572169004	412.72775342619826
R79	59.76031356027123	274.989271654478	122.40884506652003	1
59.76031356027123	274.989271654478	59.76031356027123	265.72608145097036	82.54059864198204	265.72608145097036	82.54059864198204	274.989271654478	59.76031356027123	274.989271654478
R78	459.34491338966654	500.96286994385684	122.40884506652003	1
459.34491338966654	500.96286994385684	459.34491338966654	484.2148807579789	475.8028152390201	484.2148807579789	475.8028152390201	500.96286994385684	459.34491338966654	500.96286994385684
R77	112.83108320087578	140.96314655595202	122.40884506652003	1
112.83108320087578	140.96314655595202	112.83108320087578	132.05590608712	129.3425848243682	132.05590608712	129.3425848243682	140.96314655595202	112.83108320087578	140.96314655595202
R76	457.4992493585663	340.5527296986003	122.40884506652003	1
457.4992493585663	340.5527296986003	457.4992493585663	318.0708002993516	472.88206222849203	318.0708002993516	472.88206222849203	340.5527296986003	457.4992493585663	340.5527296986003
R75	371.4209102071005	309.1315154057076	122.40884506652003	1
371.4209102071005	309.1315154057076	371.4209102071005	294.8948898667375	391.7284119415507	294.8948898667375	391.7284119415507	309.1315154057076	371.4209102071005	309.1315154057076
R74	37.42780683105643	175.13380677865763	122.40884506652003	1
37.42780683105643	175.13380677865763	37.42780683105643	158.52236077149263	52.24838282475805	158.52236077149263	52.24838282475805	175.13380677865763	37.42780683105643	175.13380677865763
R73	75.22026474973579	168.25628320260853	122.40884506652003	1
75.22026474973579	168.25628320260853	75.22026474973579	159.02317031456386	81.6943841287577	159.02317031456386	81.6943841287577	168.25628320260853	75.22026474973579	168.25628320260853
R72	311.30751883900695	351.8258419812858	122.40884506652003	1
311.30751883900695	351.8258419812858	311.30751883900695	343.4454113628928	333.79423372566447	343.4454113628928	333.79423372566447	351.8258419812858	311.30751883900695	351.8258419812858
R71	307.81067806858636	79.5390635629677	122.40884506652003	1
307.81067806858636	79.5390635629677	307.81067806858636	67.39499986850737	322.7178808936024	67.39499986850737	322.7178808936024	79.5390635629677	307.81067806858636	79.5390635629677
R70	402.80905964801264	160.36583737676602	122.40884506652003	1
402.80905964801264	160.36583737676602	402.80905964801264	150.07583555105583	410.17274852381706	150.07583555105583	410.17274852381706	160.36583737676602	402.80905964801264	160.36583737676602
R69	246.87398872708357	253.40747046104033	122.40884506652003	1
246.87398872708357	253.40747046104033	246.87398872708357	238.67681717397946	263.4560039833325	238.67681717397946	263.4560039833325	253.40747046104033	246.87398872708357	253.40747046104033
R68	302.7092256211787	290.9353711076436	122.40884506652003	1
302.7092256211787	290.9353711076436	302.7092256211787	281.9083486606596	316.30539988274006	281.9083486606596	316.30539988274006	290.9353711076436	302.7092256211787	290.9353711076436
R67	227.40508309715824	322.7094553551956	122.40884506652003	1
227.40508309715824	322.7094553551956	227.40508309715824	309.21948938827245	239.34151478172527	309.21948938827245	239.34151478172527	322.7094553551956	227.40508309715824	322.7094553551956
R66	109.71388895729932	37.98568353433296	122.40884506652003	1
109.71388895729932	37.98568353433296	109.71388895729932	21.767629060659427	132.7830990940752	21.767629060659427	132.7830990940752	37.98568353433296	109.71388895729932	37.98568353433296
R65	227.96720440973826	193.37052047384952	122.40884506652003	1
227.96720440973826	193.37052047384952	227.96720440973826	183.5664290653225	250.94326473399587	183.5664290653225	250.94326473399587	193.37052047384952	227.96720440973826	193.37052047384952
R64	437.7804811617648	364.86554176328036	122.40884506652003	1
437.7804811617648	364.86554176328036	437.7804811617648	346.4036623484968	445.777808984702	346.4036623484968	445.777808984702	364.86554176328036	437.7804811617648	364.86554176328036
R63	322.5290272310325	461.06827615471485	122.40884506652003	1
322.5290272310325	461.06827615471485	322.5290272310325	440.09892564011665	345.45844091715753	440.09892564011665	345.45844091715753	461.06827615471485	322.5290272310325	461.06827615471485
R62	193.72928054051647	251.556308858374	122.40884506652003	1
193.72928054051647	251.556308858374	193.72928054051647	240.46260003980046	213.5820731858983	240.46260003980046	213.5820731858983	251.556308858374	193.72928054051647	251.556308858374
R61	182.92236926768945	239.97922524001882	122.40884506652003	1
182.92236926768945	239.97922524001882	182.92236926768945	230.9204546132247	195.20362190454458	230.9204546132247	195.20362190454458	239.97922524001882	182.92236926768945	239.97922524001882
R60	131.43240223733773	225.3190172731246	122.40884506652003	1
131.43240223733773	225.3190172731246	131.43240223733773	220.18480982847717	137.39348431276136	220.18480982847717	137.39348431276136	225.3190172731246	131.43240223733773	225.3190172731246
R59	59.459703609862814	67.15227721545781	122.40884506652003	1
59.459703609862814	67.15227721545781	59.459703609862814	47.58133671573017	74.47193273784207	47.58133671573017	74.47193273784207	67.15227721545781	59.459703609862814	67.15227721545781
R58	231.36962168112558	161.55810965826188	122.40884506652003	1
231.36962168112558	161.55810965826188	231.36962168112558	139.6816514682009	241.46134691704037	139.6816514682009	241.46134691704037	161.55810965826188	231.36962168112558	161.55810965826188
R57	169.7505913451007	263.5639376059092	122.40884506652003	1
169.7505913451007	263.5639376059092	169.7505913451007	256.74557430453814	183.6235453144041	256.74557430453814	183.6235453144041	263.5639376059092	169.7505913451007	263.5639376059092
R56	276.84011958070687	29.70659658887596	122.40884506652003	1
276.84011958070687	29.70659658887596	276.84011958070687	15.142608476046886	295.21274812393574	15.142608476046886	295.21274812393574	29.70659658887596	276.84011958070687	29.70659658887596
R55	468.2559497712729	350.40953859751676	122.40884506652003	1
468.2559497712729	350.40953859751676	468.2559497712729	342.4010983150081	476.7765616951212	342.4010983150081	476.7765616951212	350.40953859751676	468.2559497712729	350.40953859751676
R54	470.6190967201117	66.4371509420717	122.40884506652003	1
470.6190967201117	66.4371509420717	470.6190967201117	44.82416256030997	487.4751093512967	44.82416256030997	487.4751093512967	66.4371509420717	470.6190967201117	66.4371509420717
R53	81.6193395458953	86.68546839460504	122.40884506652003	1
81.6193395458953	86.68546839460504	81.6193395458953	73.71526337719598	86.96558989604794	73.71526337719598	86.96558989604794	86.68546839460504	81.6193395458953	86.68546839460504
R52	468.34842484846104	66.0040771924713	122.40884506652003	1
468.34842484846104	66.0040771924713	468.34842484846104	45.17223222965999	480.41251032737466	45.17223222965999	480.41251032737466	66.0040771924713	468.34842484846104	66.0040771924713
R51	187.31429813130288	391.6169370169194	122.40884506652003	1
187.31429813130288	391.6169370169194	187.31429813130288	370.13700286405737	200.1351685058128	370.13700286405737	200.1351685058128	391.6169370169194	187.31429813130288	391.6169370169194
R50	207.45044128529793	135.02059570982732	122.40884506652003	1
207.45044128529793	135.02059570982732	207.45044128529793	115.92948567018618	218.29301981261113	115.92948567018618	218.29301981261113	135.02059570982732	207.45044128529793	135.02059570982732
R49	285.6467034209883	152.9860334643639	122.40884506652003	1
285.6467034209883	152.9860334643639	285.6467034209883	147.84727427725215	306.83513936212967	147.84727427725215	306.83513936212967	152.9860334643639	285.6467034209883	152.9860334643639
R48	2.853791498600362	436.47630604379253	122.40884506652003	1
2.853791498600362	436.47630604379253	2.853791498600362	419.57926716758016	23.704057287314132	419.57926716758016	23.704057287314132	436.47630604379253	2.853791498600362	436.47630604379253
R47	407.6514480027804	309.9147294503878	122.40884506652003	1
407.6514480027804	309.9147294503878	407.6514480027804	294.15932021124326	417.9853856232721	294.15932021124326	417.9853856232721	309.9147294503878	407.6514480027804	309.9147294503878
R46	63.320473544411854	335.2994180682028	122.40884506652003	1
63.320473544411854	335.2994180682028	63.320473544411854	322.977603846719	81.33307060014427	322.977603846719	81.33307060014427	335.2994180682028	63.320473544411854	335.2994180682028
R45	433.92215156970093	386.1575170544264	122.40884506652003	1
433.92215156970093	386.1575170544264	433.92215156970093	378.970316218226	448.5767767522473	378.970316218226	448.5767767522473	386.1575170544264	433.92215156970093	386.1575170544264
R44	114.66320014730903	385.26847109920914	122.40884506652003	1
114.66320014730903	385.26847109920914	114.66320014730903	371.524885303966	126.93076700037608	371.524885303966	126.93076700037608	385.26847109920914	114.66320014730903	385.26847109920914
R43	451.9133611368587	317.4583780373642	122.40884506652003	1
451.9133611368587	317.4583780373642	451.9133611368587	294.86597022815266	470.6759038229708	294.86597022815266	470.6759038229708	317.4583780373642	451.9133611368587	317.4583780373642
R42	108.64200827168494	214.57822500352881	122.40884506652003	1
108.64200827168494	214.57822500352881	108.64200827168494	198.72877402505213	116.57395210239704	198.72877402505213	116.57395210239704	214.57822500352881	108.64200827168494	214.57822500352881
R41	421.7539448940318	354.02679295754456	122.40884506652003	1
421.7539448940318	354.02679295754456	421.7539448940318	329.9796613121712	444.600431094468	329.9796613121712	444.600431094468	354.02679295754456	421.7539448940318	354.02679295754456
R40	438.8293223386099	54.864473735013775	122.40884506652003	1
438.8293223386099	54.864473735013775	438.8293223386099	36.509975895216456	458.84531009438217	36.509975895216456	458.84531009438217	54.864473735013775	438.8293223386099	54.864473735013775
R39	343.1109661100744	126.687473749696	122.40884506652003	1
343.1109661100744	126.687473749696	343.1109661100744	120.20767417359825	364.63247522849485	120.20767417359825	364.63247522849485	126.687473749696	343.1109661100744	126.687473749696
R38	357.2324054831028	205.99228329812414	122.40884506652003	1
357.2324054831028	205.99228329812414	357.2324054831028	194.10224563370505	370.047182645334	194.10224563370505	370.047182645334	205.99228329812414	357.2324054831028	205.99228329812414
R37	48.14307052082811	82.75836957946343	122.40884506652003	1
48.14307052082811	82.75836957946343	48.14307052082811	59.881955104618626	73.13717359624972	59.881955104618626	73.13717359624972	82.75836957946343	48.14307052082811	82.75836957946343
R36	217.96237289457108	436.4126049226157	122.40884506652003	1
217.96237289457108	436.4126049226157	217.96237289457108	415.89845099396524	230.0666448792014	415.89845099396524	230.0666448792014	436.4126049226157	217.96237289457108	436.4126049226157
R35	488.0823208316834	255.21195246957018	122.40884506652003	1
488.0823208316834	255.21195246957018	488.0823208316834	242.50227115968426	504.4534980294032	242.50227115968426	504.4534980294032	255.21195246957018	488.0823208316834	255.21195246957018
R34	116.73871661092159	306.39170621591444	122.40884506652003	1
116.73871661092159	306.39170621591444	116.73871661092159	291.0940180350413	124.00895814750447	291.0940180350413	124.00895814750447	306.39170621591444	116.73871661092159	306.39170621591444
R33	363.48374817339294	296.1740913350055	122.40884506652003	1
363.48374817339294	296.1740913350055	363.48374817339294	285.62895517136053	387.4247084407719	285.62895517136053	387.4247084407719	296.1740913350055	363.48374817339294	296.1740913350055
R32	237.51852422825493	278.91830871612643	122.40884506652003	1
237.51852422825493	278.91830871612643	237.51852422825493	260.4795170069979	262.21669700060255	260.4795170069979	262.21669700060255	278.91830871612643	237.51852422825493	278.91830871612643
R31	310.68144379918505	183.3154722709729	122.40884506652003	1
310.68144379918505	183.3154722709729	310.68144379918505	166.538070154338	322.9353969461267	166.538070154338	322.9353969461267	183.3154722709729	310.68144379918505	183.3154722709729
R30	210.03933352057052	260.5929105984615	122.40884506652003	1
210.03933352057052	260.5929105984615	210.03933352057052	238.2337422247995	228.7916300145266	238.2337422247995	228.7916300145266	260.5929105984615	210.03933352057052	260.5929105984615
R29	119.4904885034307	235.1901293604133	122.40884506652003	1
119.4904885034307	235.1901293604133	119.4904885034307	217.7404341839958	140.32254142486886	217.7404341839958	140.32254142486886	235.1901293604133	119.4904885034307	235.1901293604133
R28	14.564817724854318	172.30422594786876	122.40884506652003	1
14.564817724854318	172.30422594786876	14.564817724854318	159.0690993411685	26.236661931797943	159.0690993411685	26.236661931797943	172.30422594786876	14.564817724854318	172.30422594786876
R27	59.6936121167969	379.0758724069791	122.40884506652003	1
59.6936121167969	379.0758724069791	59.6936121167969	373.9661605558084	84.02759164521557	373.9661605558084	84.02759164521557	379.0758724069791	59.6936121167969	379.0758724069791
R26	42.622225977111114	86.99717695685726	122.40884506652003	1
42.622225977111114	86.99717695685726	42.622225977111114	73.5805989291064	61.33489702911528	73.5805989291064	61.33489702911528	86.99717695685726	42.622225977111114	86.99717695685726
R25	6.351707481151196	322.37110798548446	122.40884506652003	1
6.351707481151196	322.37110798548446	6.351707481151196	304.7160955268999	19.356829791327378	304.7160955268999	19.356829791327378	322.37110798548446	6.351707481151196	322.37110798548446
R24	185.02073140992158	79.3373557836588	122.40884506652003	1
185.02073140992158	79.3373557836588	185.02073140992158	57.15026211050339	204.88309145873708	57.15026211050339	204.88309145873708	79.3373557836588	185.02073140992158	79.3373557836588
R23	66.47728147247284	306.10299541130104	122.40884506652003	1
66.47728147247284	306.10299541130104	66.47728147247284	288.9819587242484	83.71721828430594	288.9819587242484	83.71721828430594	306.10299541130104	66.47728147247284	306.10299541130104
R22	50.93973470419432	199.5764407839725	122.40884506652003	1
50.93973470419432	199.5764407839725	50.93973470419432	180.25828564479986	75.39667703849219	180.25828564479986	75.39667703849219	199.5764407839725	50.93973470419432	199.5764407839725
R21	432.10991569350074	36.601416809883474	122.40884506652003	1
432.10991569350074	36.601416809883474	432.10991569350074	21.23654847878299	437.1949316584826	21.23654847878299	437.1949316584826	36.601416809883474	432.10991569350074	36.601416809883474
R20	174.3762031115449	21.42340807904347	122.40884506652003	1
174.3762031115449	21.42340807904347	174.3762031115449	0.5526915243375168	194.40355517036465	0.5526915243375168	194.40355517036465	21.42340807904347	174.3762031115449	21.42340807904347
R19	97.33261682308742	98.89356840491413	122.40884506652003	1
97.33261682308742	98.89356840491413	97.33261682308742	80.29569088253464	103.84357818428009	80.29569088253464	103.84357818428009	98.89356840491413	97.33261682308742	98.89356840491413
R18	476.7399671976888	261.22621711192846	122.40884506652003	1
476.7399671976888	261.22621711192846	476.7399671976888	239.52900943252175	498.44370813454685	239.52900943252175	498.44370813454685	261.22621711192846	476.7399671976888	261.22621711192846
R17	99.26848545624648	102.87376403946652	122.40884506652003	1
99.26848545624648	102.87376403946652	99.26848545624648	95.15339906170655	122.54965959196582	95.15339906170655	122.54965959196582	102.87376403946652	99.26848545624648	102.87376403946652
R16	86.88630767444377	273.2684233519813	122.40884506652003	1
86.88630767444377	273.2684233519813	86.88630767444377	249.17132260319153	110.3920881778026	249.17132260319153	110.3920881778026	273.2684233519813	86.88630767444377	273.2684233519813
R15	205.5963970828426	360.8032977602711	122.40884506652003	1
205.5963970828426	360.8032977602711	205.5963970828426	344.39196370761636	213.84209584814982	344.39196370761636	213.84209584814982	360.8032977602711	205.5963970828426	360.8032977602711
R14	62.3746385651907	183.48583094474137	122.40884506652003	1
62.3746385651907	183.48583094474137	62.3746385651907	166.40666300991555	80.22171668057749	166.40666300991555	80.22171668057749	183.48583094474137	62.3746385651907	183.48583094474137
R13	183.62495692238963	342.1948179731891	122.40884506652003	1
183.62495692238963	342.1948179731891	183.62495692238963	328.26830419318736	206.5131951797436	328.26830419318736	206.5131951797436	342.1948179731891	183.62495692238963	342.1948179731891
R12	298.24246476986315	171.40744810492416	122.40884506652003	1
298.24246476986315	171.40744810492416	298.24246476986315	155.72389680633577	312.8242877482555	155.72389680633577	312.8242877482555	171.40744810492416	298.24246476986315	171.40744810492416
R11	248.46374047720153	139.63617466441468	122.40884506652003	1
248.46374047720153	139.63617466441468	248.46374047720153	115.07841762050498	255.41821138228474	115.07841762050498	255.41821138228474	139.63617466441468	248.46374047720153	139.63617466441468
R10	22.08365593617829	407.6256918272444	122.40884506652003	1
22.08365593617829	407.6256918272444	22.08365593617829	392.8089168926027	38.00545713687313	392.8089168926027	38.00545713687313	407.6256918272444	22.08365593617829	407.6256918272444
R9	200.33090606018965	356.6081480135671	122.40884506652003	1
200.33090606018965	356.6081480135671	200.33090606018965	335.90120245150956	219.32069389122876	335.90120245150956	219.32069389122876	356.6081480135671	200.33090606018965	356.6081480135671
R8	346.7201614315302	431.6005013071756	122.40884506652003	1
346.7201614315302	431.6005013071756	346.7201614315302	414.5476841467429	355.27205237163446	414.5476841467429	355.27205237163446	431.6005013071756	346.7201614315302	431.6005013071756
R7	283.5361882538249	395.8509822677614	122.40884506652003	1
283.5361882538249	395.8509822677614	283.5361882538249	384.32346463754925	295.1507681082603	384.32346463754925	295.1507681082603	395.8509822677614	283.5361882538249	395.8509822677614
R6	484.2560948499137	242.10186639156845	122.40884506652003	1
484.2560948499137	242.10186639156845	484.2560948499137	223.2484878317184	503.52826747288003	223.2484878317184	503.52826747288003	242.10186639156845	484.2560948499137	242.10186639156845
R5	22.17839588396578	384.33426291742836	122.40884506652003	1
22.17839588396578	384.33426291742836	22.17839588396578	370.2475139555764	32.54359609020071	370.2475139555764	32.54359609020071	384.33426291742836	22.17839588396578	384.33426291742836
R4	487.8033424271052	90.09572914500905	122.40884506652003	1
487.8033424271052	90.09572914500905	487.8033424271052	65.43527152027187	493.29811562427386	65.43527152027187	493.29811562427386	90.09572914500905	487.8033424271052	90.09572914500905
R3	190.0964379937048	308.3849128509223	122.40884506652003	1
190.0964379937048	308.3849128509223	190.0964379937048	289.383001184955	200.0251629156752	289.383001184955	200.0251629156752	308.3849128509223	190.0964379937048	308.3849128509223
R2	179.6678314461509	21.377754197509383	122.40884506652003	1
179.6678314461509	21.377754197509383	179.6678314461509	-1.9366166490944625	196.5914053321153	-1.9366166490944625	196.5914053321153	21.377754197509383	179.6678314461509	21.377754197509383
R1	145.112953642711	30.02790461179326	122.40884506652003	1
145.112953642711	30.02790461179326	145.112953642711	22.524471409428827	151.71258973779058	22.524471409428827	151.71258973779058	30.02790461179326	145.112953642711	30.02790461179326
