R100	460.3441727819203	42.8344737517673	50.31908323436835	5
460.3441727819203	42.8344737517673	460.3441727819203	26.006340967716362	483.772429768798	26.006340967716362	483.772429768798	42.8344737517673	460.3441727819203	42.8344737517673
475.890801868841	38.11987725062264	475.890801868841	13.892804684810082	484.1359071921336	13.892804684810082	484.1359071921336	38.11987725062264
453.4359165344697	31.81360760017393	453.4359165344697	22.027443159122164	467.2524290293709	22.027443159122164	467.2524290293709	31.81360760017393
472.632830565384	41.33154358892038	472.632830565384	25.271983747287393	494.91202897221206	25.271983747287393	494.91202897221206	41.33154358892038
461.53508998300714	47.49376272488828	461.53508998300714	38.17518477864632	479.64251460119084	38.17518477864632	479.64251460119084	47.49376272488828
R99	471.8758041748764	257.102093425186	38.44118511867379	5
471.8758041748764	257.102093425186	471.8758041748764	251.09709257746312	491.13507763276846	251.09709257746312	491.13507763276846	257.102093425186	471.8758041748764	257.102093425186
485.2790881526702	257.19974364442055	485.2790881526702	244.99444151050565	491.0698953564693	244.99444151050565	491.0698953564693	257.19974364442055
475.34553923118006	266.07473540054673	475.34553923118006	248.12945144982532	499.3932158935422	248.12945144982532	499.3932158935422	266.07473540054673
469.0784070920613	269.120892378719	469.0784070920613	245.083294471653	485.6251046256381	245.083294471653	485.6251046256381	269.120892378719
468.9312099894699	254.77723460446808	468.9312099894699	247.4169505504581	476.6118175252904	247.4169505504581	476.6118175252904	254.77723460446808
R98	260.7055111118568	80.92633847504995	31.33898075329454	5
260.7055111118568	80.92633847504995	260.7055111118568	73.16293897525459	279.21193306965586	73.16293897525459	279.21193306965586	80.92633847504995	260.7055111118568	80.92633847504995
275.8648384958928	88.44676398981686	275.8648384958928	71.43123553665883	282.5590276434189	71.43123553665883	282.5590276434189	88.44676398981686
254.90508969728768	83.91100861583791	254.90508969728768	76.22761943751564	266.50593252642597	76.22761943751564	266.50593252642597	83.91100861583791
260.7405471709756	83.95721494039535	260.7405471709756	62.368663010113835	274.98060939996316	62.368663010113835	274.98060939996316	83.95721494039535
250.80943817102423	81.97408571450413	250.80943817102423	70.58893262772747	270.6015840526894	70.58893262772747	270.6015840526894	81.97408571450413
R97	57.94180579123983	256.94994210681824	56.02242033691184	5
57.94180579123983	256.94994210681824	57.94180579123983	250.31194826607947	73.73835593431647	250.31194826607947	73.73835593431647	256.94994210681824	57.94180579123983	256.94994210681824
50.214580761289945	255.99777505090873	50.214580761289945	244.62612148125027	68.37456169513543	244.62612148125027	68.37456169513543	255.99777505090873
61.20406616422875	262.68169400660906	61.20406616422875	251.21819020702742	66.50455329953783	251.21819020702742	66.50455329953783	262.68169400660906
64.34438174707414	261.63950139889675	64.34438174707414	238.98439513326218	78.28550701769366	238.98439513326218	78.28550701769366	261.63950139889675
62.25434039106151	264.78177551111224	62.25434039106151	249.11810870252424	78.0576506650005	249.11810870252424	78.0576506650005	264.78177551111224
R96	157.95520991538868	123.35096314001515	48.791734612706364	5
157.95520991538868	123.35096314001515	157.95520991538868	98.79981443397489	165.01279964757745	98.79981443397489	165.01279964757745	123.35096314001515	157.95520991538868	123.35096314001515
162.21290984741324	118.68004134995864	162.21290984741324	99.38878371934048	167.81268944774172	99.38878371934048	167.81268944774172	118.68004134995864
157.3518815997316	115.03727517233686	157.3518815997316	103.53741335184391	172.67371769542325	103.53741335184391	172.67371769542325	115.03727517233686
152.37288871327124	128.74236503547024	152.37288871327124	117.95956124456006	175.55755390503336	117.95956124456006	175.55755390503336	128.74236503547024
155.18154883770654	125.93392750372188	155.18154883770654	103.71691384479304	160.7288709930708	103.71691384479304	160.7288709930708	125.93392750372188
R95	485.47321816413825	46.81487746869519	32.52147021358631	5
485.47321816413825	46.81487746869519	485.47321816413825	41.28942368654464	494.6408221887479	41.28942368654464	494.6408221887479	46.81487746869519	485.47321816413825	46.81487746869519
474.80385975003577	56.246257755197306	474.80385975003577	36.88832944846769	496.1425765782407	36.88832944846769	496.1425765782407	56.246257755197306
482.9438495705031	52.87522584720308	482.9438495705031	29.703621525886195	491.4380616270941	29.703621525886195	491.4380616270941	52.87522584720308
479.2743047475069	52.55196160414975	479.2743047475069	41.07779333324062	496.8593003008971	41.07779333324062	496.8593003008971	52.55196160414975
489.7941984214684	56.21888413597169	489.7941984214684	35.6306766456499	499.4874459560274	35.6306766456499	499.4874459560274	56.21888413597169
R94	367.40192765975723	263.12390083539606	41.452575392738204	5
367.40192765975723	263.12390083539606	367.40192765975723	251.39952778701016	385.208888141305	251.39952778701016	385.208888141305	263.12390083539606	367.40192765975723	263.12390083539606
369.3439418482262	267.4672567785293	369.3439418482262	258.7805448922628	375.24418886984574	258.7805448922628	375.24418886984574	267.4672567785293
363.5092330678499	258.1568276684366	363.5092330678499	244.64222790558372	379.0667370614967	244.64222790558372	379.0667370614967	258.1568276684366
375.6676688821207	260.897506444405	375.6676688821207	241.9015491296153	391.95834243230576	241.9015491296153	391.95834243230576	260.897506444405
364.7569020056909	266.34456523864066	364.7569020056909	259.90323643215146	372.5699123931506	259.90323643215146	372.5699123931506	266.34456523864066
R93	204.37418076098842	20.36344196321405	32.34131362155255	5
204.37418076098842	20.36344196321405	204.37418076098842	-0.4575758365136249	217.8878089803467	-0.4575758365136249	217.8878089803467	20.36344196321405	204.37418076098842	20.36344196321405
198.43964981491982	12.112012736932266	198.43964981491982	-5.480684181776033	210.30871170705703	-5.480684181776033	210.30871170705703	12.112012736932266
207.70192946463752	31.09541067366459	207.70192946463752	6.304020285485587	228.0736884960559	6.304020285485587	228.0736884960559	31.09541067366459
192.49051075070733	19.851974833688356	192.49051075070733	12.212435612044839	216.25785077126957	12.212435612044839	216.25785077126957	19.851974833688356
206.81204023500058	8.089300113871689	206.81204023500058	-0.8995950927288874	228.9635777256929	-0.8995950927288874	228.9635777256929	8.089300113871689
R92	297.0243136478727	119.74581129025944	41.55804330121145	5
297.0243136478727	119.74581129025944	297.0243136478727	105.05076342038063	302.9659154046216	105.05076342038063	302.9659154046216	119.74581129025944	297.0243136478727	119.74581129025944
291.6333230576317	132.22716867109907	291.6333230576317	107.26445390941981	311.96545624525976	107.26445390941981	311.96545624525976	132.22716867109907
292.4259624743338	113.06578979826145	292.4259624743338	99.92652492939004	313.50586833490945	99.92652492939004	313.50586833490945	113.06578979826145
296.78087080253107	113.7679593089574	296.78087080253107	96.33356753180387	304.68955078539005	96.33356753180387	304.68955078539005	113.7679593089574
294.9794287167176	128.3694883062896	294.9794287167176	111.12213427422925	302.07945133366525	111.12213427422925	302.07945133366525	128.3694883062896
R91	131.98939618193268	429.05102221328497	57.218669379577165	5
131.98939618193268	429.05102221328497	131.98939618193268	419.59332697016026	138.31184526056032	419.59332697016026	138.31184526056032	429.05102221328497	131.98939618193268	429.05102221328497
128.36290757561542	433.807130227484	128.36290757561542	409.47696082831874	148.2607829455052	409.47696082831874	148.2607829455052	433.807130227484
129.5790483500927	425.7415528112973	129.5790483500927	413.4451011290231	142.8026448427358	413.4451011290231	142.8026448427358	425.7415528112973
119.75164127835454	434.1209777642424	119.75164127835454	409.80624805738444	144.2271510855108	409.80624805738444	144.2271510855108	434.1209777642424
131.12568566952436	429.14250270277495	131.12568566952436	414.02180354978924	145.49800485159622	414.02180354978924	145.49800485159622	429.14250270277495
R90	332.6370943954531	113.68488384549283	48.247941516280555	5
332.6370943954531	113.68488384549283	332.6370943954531	96.87997066125061	350.7670764748941	96.87997066125061	350.7670764748941	113.68488384549283	332.6370943954531	113.68488384549283
323.49037677317506	105.46803882719284	323.49037677317506	94.81504602147392	341.7838120177312	94.81504602147392	341.7838120177312	105.46803882719284
338.3609878598236	116.42267797166313	338.3609878598236	104.0162332779497	363.17316508996464	104.0162332779497	363.17316508996464	116.42267797166313
341.81946198937305	109.24959829754515	341.81946198937305	84.51034302495607	359.6824495848425	84.51034302495607	359.6824495848425	109.24959829754515
320.69486588418584	113.21913699652946	320.69486588418584	97.90692078081703	344.5793229067204	97.90692078081703	344.5793229067204	113.21913699652946
R89	39.52008043349721	370.35421012537256	46.62133208193921	5
39.52008043349721	370.35421012537256	39.52008043349721	363.65555938792704	55.46813861118669	363.65555938792704	55.46813861118669	370.35421012537256	39.52008043349721	370.35421012537256
31.25002578932328	373.87118155824123	31.25002578932328	356.07645883083296	47.790135077671145	356.07645883083296	47.790135077671145	373.87118155824123
35.209605243226285	375.60578173862183	35.209605243226285	351.70533703723225	48.554390370062755	351.70533703723225	48.554390370062755	375.60578173862183
38.21996146671842	376.03757606452353	38.21996146671842	351.27354271133055	46.41591524057167	351.27354271133055	46.41591524057167	376.03757606452353
46.550308105619294	381.38638405420556	46.550308105619294	359.32203619653956	56.887591259881276	359.32203619653956	56.887591259881276	381.38638405420556
R88	415.5570152061305	488.3592387813544	57.94010380669461	5
415.5570152061305	488.3592387813544	415.5570152061305	466.98298544192824	438.09851504571566	466.98298544192824	438.09851504571566	488.3592387813544	415.5570152061305	488.3592387813544
417.8990419977791	496.7135928288126	417.8990419977791	480.00488473389623	433.605924263947	480.00488473389623	433.605924263947	496.7135928288126
430.70573328041456	481.1886701525731	430.70573328041456	464.73073547624244	445.49129681101675	464.73073547624244	445.49129681101675	481.1886701525731
430.72232057951106	489.8122336755825	430.72232057951106	466.24373894076354	445.47470951192025	466.24373894076354	445.47470951192025	489.8122336755825
430.34740052269814	491.0953645439842	430.34740052269814	478.36867388246804	445.8496295687332	478.36867388246804	445.8496295687332	491.0953645439842
R87	160.94003423693226	273.5032539682979	43.51392088078044	5
160.94003423693226	273.5032539682979	160.94003423693226	262.8152693391931	175.07017861674814	262.8152693391931	175.07017861674814	273.5032539682979	160.94003423693226	273.5032539682979
160.05454645491255	285.66597179894364	160.05454645491255	261.3405361376521	166.29663851033513	261.3405361376521	166.29663851033513	285.66597179894364
160.70853440026522	274.33795571577446	160.70853440026522	251.2925829626117	175.20054526525453	251.2925829626117	175.20054526525453	274.33795571577446
172.21267693308567	273.98709291469714	172.21267693308567	252.55253290350953	177.9276803004106	252.55253290350953	177.9276803004106	273.98709291469714
166.08446051772796	277.57930896356504	166.08446051772796	269.4271989730307	182.29466388209568	269.4271989730307	182.29466388209568	277.57930896356504
R86	102.76890099309853	399.61936884090585	30.885301548087668	5
102.76890099309853	399.61936884090585	102.76890099309853	380.8566899990799	126.63491683687602	380.8566899990799	126.63491683687602	399.61936884090585	102.76890099309853	399.61936884090585
104.906843855559	406.19086261595766	104.906843855559	393.04787506585404	114.79006468214126	393.04787506585404	114.79006468214126	406.19086261595766
97.72067689540631	408.3343059223729	97.72067689540631	389.3012881985238	107.81712509079074	389.3012881985238	107.81712509079074	408.3343059223729
108.29801977511295	391.9461351007364	108.29801977511295	369.7672448974234	132.54896841429985	369.7672448974234	132.54896841429985	391.9461351007364
93.74709865487894	407.9733628111384	93.74709865487894	386.0523768439515	111.79070333131811	386.0523768439515	111.79070333131811	407.9733628111384
R85	324.4116133439324	82.71449659978926	51.93964455488277	5
324.4116133439324	82.71449659978926	324.4116133439324	70.71298279557148	337.9252363385196	70.71298279557148	337.9252363385196	82.71449659978926	324.4116133439324	82.71449659978926
325.85283220919814	83.86170158461226	325.85283220919814	72.34108364252316	349.99764046784105	72.34108364252316	349.99764046784105	83.86170158461226
317.7142262522447	85.90943154881897	317.7142262522447	79.51956165075954	334.05484121973035	79.51956165075954	334.05484121973035	85.90943154881897
327.46541009418223	92.45095716409145	327.46541009418223	72.41269172430754	348.38506258285696	72.41269172430754	348.38506258285696	92.45095716409145
323.1633940350125	91.91128586230225	323.1633940350125	73.51770733727626	347.89486170614657	73.51770733727626	347.89486170614657	91.91128586230225
R84	329.5916681131931	162.73054554945114	54.73505507436758	5
329.5916681131931	162.73054554945114	329.5916681131931	144.33063699642108	352.9250513690605	144.33063699642108	352.9250513690605	162.73054554945114	329.5916681131931	162.73054554945114
324.3924748103143	175.06827409741274	324.3924748103143	150.39281700148953	343.77696860335027	150.39281700148953	343.77696860335027	175.06827409741274
341.88887255797096	150.8090104217686	341.88887255797096	137.85226357107356	363.7522599626365	137.85226357107356	363.7522599626365	150.8090104217686
341.720659610494	170.3621558573608	341.720659610494	149.3540729514424	364.129443127627	149.3540729514424	364.129443127627	170.3621558573608
346.30118774307374	150.06217175153284	346.30118774307374	140.4716487437641	359.54891499504726	140.4716487437641	359.54891499504726	150.06217175153284
R83	286.20178054797276	57.922755839274316	51.82395185457807	5
286.20178054797276	57.922755839274316	286.20178054797276	49.72520355580079	296.3699497310036	49.72520355580079	296.3699497310036	57.922755839274316	286.20178054797276	57.922755839274316
276.97819068279966	54.5941898348313	276.97819068279966	48.211847578747154	295.42537041314586	48.211847578747154	295.42537041314586	54.5941898348313
292.3991373411892	64.12754606854612	292.3991373411892	47.33006765820066	300.340762120818	47.33006765820066	300.340762120818	64.12754606854612
285.06433893529675	54.042195727597566	285.06433893529675	45.40821138400401	291.6626757756352	45.40821138400401	291.6626757756352	54.042195727597566
280.8261700841752	68.37347989923883	280.8261700841752	47.47203177930981	305.43878056988837	47.47203177930981	305.43878056988837	68.37347989923883
R82	274.84431373747236	86.8552634946842	32.40933715441177	5
274.84431373747236	86.8552634946842	274.84431373747236	80.99871391779679	298.57729522385625	80.99871391779679	298.57729522385625	86.8552634946842	274.84431373747236	86.8552634946842
284.20332192708673	86.68709858696373	284.20332192708673	75.31032924862986	293.0906443984953	75.31032924862986	293.0906443984953	86.68709858696373
265.2522447140052	87.04298134608648	265.2522447140052	81.41475494397578	284.4363827609395	81.41475494397578	284.4363827609395	87.04298134608648
272.47171140306034	93.1270177119571	272.47171140306034	68.87041012363649	286.42455703590383	68.87041012363649	286.42455703590383	93.1270177119571
267.06843886198203	94.66612213072479	267.06843886198203	79.0444048586436	287.4655921393477	79.0444048586436	287.4655921393477	94.66612213072479
R81	147.09809440296365	203.01379838271163	42.68568988601777	5
147.09809440296365	203.01379838271163	147.09809440296365	179.64610202085015	158.20584196592696	179.64610202085015	158.20584196592696	203.01379838271163	147.09809440296365	203.01379838271163
138.21342091026455	205.22381361786682	138.21342091026455	186.76283883732003	155.98276789566276	186.76283883732003	155.98276789566276	205.22381361786682
150.11644908904412	198.14729952400538	150.11644908904412	176.82236575985948	166.2952348428098	176.82236575985948	166.2952348428098	198.14729952400538
144.4772351960209	186.80592971850828	144.4772351960209	175.09646921407094	149.7189536099064	175.09646921407094	149.7189536099064	186.80592971850828
146.10103051352368	207.1724479488167	146.10103051352368	198.85514881660654	161.03187273220553	198.85514881660654	161.03187273220553	207.1724479488167
R80	358.51196948305454	497.0356425483085	58.923474634980764	5
358.51196948305454	497.0356425483085	358.51196948305454	472.1507638371113	377.94521397708166	472.1507638371113	377.94521397708166	497.0356425483085	358.51196948305454	497.0356425483085
360.4215734910854	479.3073324756537	360.4215734910854	464.9941951985689	379.4677611252457	464.9941951985689	379.4677611252457	479.3073324756537
351.3172030375138	481.90521021517577	351.3172030375138	462.3963174590468	371.4098950510559	462.3963174590468	371.4098950510559	481.90521021517577
370.15136331217957	500.7216760991868	370.15136331217957	484.25175177722286	385.73906464198376	484.25175177722286	385.73906464198376	500.7216760991868
351.905779050538	492.2131293364269	351.905779050538	475.19537014891915	365.1181599155711	475.19537014891915	365.1181599155711	492.2131293364269
R79	421.3247502822331	261.5567060937858	58.5497263383403	5
421.3247502822331	261.5567060937858	421.3247502822331	248.86910670169436	428.13489544932776	248.86910670169436	428.13489544932776	261.5567060937858	421.3247502822331	261.5567060937858
412.78189768799234	265.55656018798794	412.78189768799234	257.55685199958367	436.2978493154801	257.55685199958367	436.2978493154801	265.55656018798794
418.52209927241546	268.48962101966896	418.52209927241546	254.27917758414748	437.74769162624006	254.27917758414748	437.74769162624006	268.48962101966896
416.69483297386546	266.18839503451613	416.69483297386546	256.9250171530555	431.53829736374973	256.9250171530555	431.53829736374973	266.18839503451613
409.6406455879058	273.67539530683194	409.6406455879058	249.43801688073967	434.1642273697036	249.43801688073967	434.1642273697036	273.67539530683194
R78	351.9118802783794	263.6758398851705	31.876320188970947	5
351.9118802783794	263.6758398851705	351.9118802783794	239.20421501719684	363.3130736123685	239.20421501719684	363.3130736123685	263.6758398851705	351.9118802783794	263.6758398851705
341.233525116003	266.4766955143812	341.233525116003	260.2858306999396	362.59023544075575	260.2858306999396	362.59023544075575	266.4766955143812
348.15372812374324	271.53962216189103	348.15372812374324	253.9288276578836	355.67003243301554	253.9288276578836	355.67003243301554	271.53962216189103
351.1649166669687	254.37808098082726	351.1649166669687	230.25763148841892	375.4612305577683	230.25763148841892	375.4612305577683	254.37808098082726
352.43988254982816	256.832956495043	352.43988254982816	240.00855988958912	374.18626467490884	240.00855988958912	374.18626467490884	256.832956495043
R77	197.95855829383956	460.0363328569095	56.52120061029599	5
197.95855829383956	460.0363328569095	197.95855829383956	448.0685728033448	206.69505859715198	448.0685728033448	206.69505859715198	460.0363328569095	197.95855829383956	460.0363328569095
203.07535097032707	466.6014514652634	203.07535097032707	447.52236061214865	210.31476622397685	447.52236061214865	210.31476622397685	466.6014514652634
204.1938984839262	465.1399560211109	204.1938984839262	440.2779869638039	209.1962187103777	440.2779869638039	209.1962187103777	465.1399560211109
196.84454390188728	461.07806963581106	196.84454390188728	440.1906769559869	216.5455732924167	440.1906769559869	216.5455732924167	461.07806963581106
198.50356490909124	464.9208714808893	198.50356490909124	450.2824915222756	214.88655228521273	450.2824915222756	214.88655228521273	464.9208714808893
R76	120.35945270513344	109.52452961641194	34.74344140026903	5
120.35945270513344	109.52452961641194	120.35945270513344	98.63578073040387	127.58142029382341	98.63578073040387	127.58142029382341	109.52452961641194	120.35945270513344	109.52452961641194
111.3499852937652	105.85811548744027	111.3499852937652	98.85723725495333	129.36892011650167	98.85723725495333	129.36892011650167	105.85811548744027
122.46515639685961	106.70149411287213	122.46515639685961	92.71661783142468	132.69768419078721	92.71661783142468	132.69768419078721	106.70149411287213
122.2610077524558	118.81187847791558	122.2610077524558	96.62229161572445	132.90183283519104	96.62229161572445	132.90183283519104	118.81187847791558
117.94185292595651	117.04552907691391	117.94185292595651	98.98981409978938	137.22098766169032	98.98981409978938	137.22098766169032	117.04552907691391
R75	464.84500259347715	238.58572697128992	53.40840917107634	5
464.84500259347715	238.58572697128992	464.84500259347715	226.38142938846178	476.695838851321	226.38142938846178	476.695838851321	238.58572697128992	464.84500259347715	238.58572697128992
458.343390992645	243.73808328593537	458.343390992645	225.97652417765636	471.34661419430927	225.97652417765636	471.34661419430927	243.73808328593537
464.5900119047705	231.80418326565447	464.5900119047705	220.9586755112691	479.22306737119	220.9586755112691	479.22306737119	231.80418326565447
473.58762024595705	245.03866345817212	473.58762024595705	230.1904991563646	479.804057456685	230.1904991563646	479.804057456685	245.03866345817212
467.5118031052131	250.73734013817148	467.5118031052131	226.4341138044083	484.5622910559036	226.4341138044083	484.5622910559036	250.73734013817148
R74	-1.6657544390767818	454.1572213038167	37.42601839484887	5
-1.6657544390767818	454.1572213038167	-1.6657544390767818	429.41299609774086	4.452602433940399	429.41299609774086	4.452602433940399	454.1572213038167	-1.6657544390767818	454.1572213038167
-5.066058194587688	445.04539238298156	-5.066058194587688	420.38213553212375	1.7345493164341246	420.38213553212375	1.7345493164341246	445.04539238298156
0.039481712985051765	452.95438791610155	0.039481712985051765	443.74512941410825	8.865723154895747	443.74512941410825	8.865723154895747	452.95438791610155
-10.197421932989227	442.8579969514097	-10.197421932989227	437.10823794519064	6.865913054835664	437.10823794519064	6.865913054835664	442.8579969514097
-8.771830041122348	463.2394532858188	-8.771830041122348	440.6195335958485	5.440321162968784	440.6195335958485	5.440321162968784	463.2394532858188
R73	25.01424515330279	199.21853070896674	41.6504854747676	5
25.01424515330279	199.21853070896674	25.01424515330279	180.08879349764163	47.15383575587779	180.08879349764163	47.15383575587779	199.21853070896674	25.01424515330279	199.21853070896674
12.64164290447266	190.23366477140146	12.64164290447266	174.9976966797589	37.38684740213292	174.9976966797589	37.38684740213292	190.23366477140146
41.702471691442874	204.1078593002342	41.702471691442874	188.23448634281297	52.60519982031271	188.23448634281297	52.60519982031271	204.1078593002342
17.086255653099634	210.3032232991296	17.086255653099634	188.13383811880388	40.7833155945821	188.13383811880388	40.7833155945821	210.3032232991296
19.508588232487593	200.2930571157525	19.508588232487593	182.04620728067778	30.51990207411799	182.04620728067778	30.51990207411799	200.2930571157525
R72	277.14600039431303	335.9587968879275	40.93059111221665	5
277.14600039431303	335.9587968879275	277.14600039431303	312.9259723732091	286.1163310202466	312.9259723732091	286.1163310202466	335.9587968879275	277.14600039431303	335.9587968879275
271.6957705483355	323.92056576102317	271.6957705483355	303.2488011079652	282.5962302402906	303.2488011079652	282.5962302402906	323.92056576102317
281.6689689431963	318.36473110468955	281.6689689431963	307.48721364172866	288.31565149381015	307.48721364172866	288.31565149381015	318.36473110468955
275.5229887244993	326.9560652349108	275.5229887244993	320.4096279033619	296.7096733159939	320.4096279033619	296.7096733159939	326.9560652349108
282.6348243863572	329.3569221700559	282.6348243863572	314.1118072676959	289.597837654136	314.1118072676959	289.597837654136	329.3569221700559
R71	75.59709201709003	131.56142319797516	48.09437389671367	5
75.59709201709003	131.56142319797516	75.59709201709003	113.79763407683518	84.72824076629121	113.79763407683518	84.72824076629121	131.56142319797516	75.59709201709003	131.56142319797516
66.27668563094257	122.95873462926687	66.27668563094257	106.99661017752521	84.9174984032375	106.99661017752521	84.9174984032375	122.95873462926687
71.23946045427665	120.19387187139698	71.23946045427665	107.40139628227338	82.9536017999868	107.40139628227338	82.9536017999868	120.19387187139698
75.16223725476372	139.41833077662528	75.16223725476372	123.70451561932504	85.31863889289214	123.70451561932504	85.31863889289214	139.41833077662528
74.68372598032435	132.77103377130916	74.68372598032435	124.62905964253535	94.77275555225806	124.62905964253535	94.77275555225806	132.77103377130916
R70	325.10065032142035	81.60585371480362	37.753587421110524	5
325.10065032142035	81.60585371480362	325.10065032142035	75.41896142459665	338.43522068219573	75.41896142459665	338.43522068219573	81.60585371480362	325.10065032142035	81.60585371480362
318.19490627456236	85.79785411741521	318.19490627456236	65.0594715340928	332.00639436827834	65.0594715340928	332.00639436827834	85.79785411741521
326.63868735482635	84.96244627369502	326.63868735482635	65.87547657549827	332.40316637813993	65.87547657549827	332.40316637813993	84.96244627369502
317.84326042116567	88.89594173779193	317.84326042116567	74.3157656918153	341.9584958857245	74.3157656918153	341.9584958857245	88.89594173779193
322.0061905100355	81.62150607824394	322.0061905100355	69.21641677094935	333.8660906226578	69.21641677094935	333.8660906226578	81.62150607824394
R69	329.2410908718656	206.08654434378147	59.160810479311024	5
329.2410908718656	206.08654434378147	329.2410908718656	184.1224138883001	352.6564627873072	184.1224138883001	352.6564627873072	206.08654434378147	329.2410908718656	206.08654434378147
322.2934945349285	189.5300710686424	322.2934945349285	178.71475670795778	342.75990297845976	178.71475670795778	342.75990297845976	189.5300710686424
324.96858867645557	201.33921969440615	324.96858867645557	189.76661317729912	333.5135930672756	189.76661317729912	333.5135930672756	201.33921969440615
323.5540023637894	213.21919918280526	323.5540023637894	198.95388950475774	346.66888085058775	198.95388950475774	346.66888085058775	213.21919918280526
339.0720027728669	217.95899191746147	339.0720027728669	194.2140967701014	346.91206562430943	194.2140967701014	346.91206562430943	217.95899191746147
R68	330.16632306831127	33.04914900243196	33.44542278428288	5
330.16632306831127	33.04914900243196	330.16632306831127	22.922016215002767	343.6303253563916	22.922016215002767	343.6303253563916	33.04914900243196	330.16632306831127	33.04914900243196
334.03820688572324	30.541772953624758	334.03820688572324	20.10393561191477	353.22244382706	20.10393561191477	353.22244382706	30.541772953624758
339.6659858342103	36.13599850369529	339.6659858342103	19.20904865486287	347.5946648785729	19.20904865486287	347.5946648785729	36.13599850369529
324.8873415618926	35.26633633533649	324.8873415618926	10.577696094669033	348.62299495609767	10.577696094669033	348.62299495609767	35.26633633533649
318.14826235171347	39.79255508620408	318.14826235171347	23.547463248368473	342.1843837849091	23.547463248368473	342.1843837849091	39.79255508620408
R67	408.02650050681314	234.84388309969148	34.186064040233134	5
408.02650050681314	234.84388309969148	408.02650050681314	225.86669629206682	427.18963222908405	225.86669629206682	427.18963222908405	234.84388309969148	408.02650050681314	234.84388309969148
423.20836218915827	235.77804794904912	423.20836218915827	220.54720859900678	431.17090226900984	220.54720859900678	431.17090226900984	235.77804794904912
411.8910336386435	232.01405419356865	411.8910336386435	219.71933839056499	421.7959967761978	219.71933839056499	421.7959967761978	232.01405419356865
419.48933240836453	239.99275736070456	419.48933240836453	228.3819051282058	434.8899320498036	228.3819051282058	434.8899320498036	239.99275736070456
422.71551316824105	231.71929327762652	422.71551316824105	222.39803063388368	431.66375128992695	222.39803063388368	431.66375128992695	231.71929327762652
R66	165.13939292645756	361.9960435248284	42.934588118203244	5
165.13939292645756	361.9960435248284	165.13939292645756	338.6826557919646	170.46671817100696	338.6826557919646	170.46671817100696	361.9960435248284	165.13939292645756	361.9960435248284
157.29435362040223	361.5973158794484	157.29435362040223	345.7451811553997	172.9844322325129	345.7451811553997	172.9844322325129	361.5973158794484
159.65922322163087	341.6662030764692	159.65922322163087	335.69910850746	180.18300762679704	335.69910850746	180.18300762679704	341.6662030764692
158.6305494149129	360.47390549725316	158.6305494149129	352.34526489345063	171.64823643800221	352.34526489345063	171.64823643800221	360.47390549725316
159.47706868560073	363.2702218665767	159.47706868560073	349.7626045847696	170.8017171673144	349.7626045847696	170.8017171673144	363.2702218665767
R65	189.8822944330885	139.6937492955189	55.20945566359072	5
189.8822944330885	139.6937492955189	189.8822944330885	120.7048361072051	211.52813423235048	120.7048361072051	211.52813423235048	139.6937492955189	189.8822944330885	139.6937492955189
180.78368270619225	128.12638289745652	180.78368270619225	115.77784021295494	198.98090615998476	115.77784021295494	198.98090615998476	128.12638289745652
190.1516582668545	151.26334709669828	190.1516582668545	128.12415149433951	199.94429004969817	128.12415149433951	199.94429004969817	151.26334709669828
187.41409839052312	145.00504273098184	187.41409839052312	134.38245586005596	203.36424861201868	134.38245586005596	203.36424861201868	145.00504273098184
199.71848137991356	131.52487743426903	199.71848137991356	126.45301680648056	223.3377870847874	126.45301680648056	223.3377870847874	131.52487743426903
R64	365.3104566005131	61.892875521451145	58.31061529796683	5
365.3104566005131	61.892875521451145	365.3104566005131	53.09745476494868	381.93900215156174	53.09745476494868	381.93900215156174	61.892875521451145	365.3104566005131	61.892875521451145
378.49675481979676	66.1542101712829	378.49675481979676	56.939119519080585	385.3812494833267	56.939119519080585	385.3812494833267	66.1542101712829
377.2734912912542	65.26568624130778	377.2734912912542	58.52006480159452	384.8002695334764	58.52006480159452	384.8002695334764	65.26568624130778
370.28152603887276	66.22497476557452	370.28152603887276	57.0668143054467	393.5964782642507	57.0668143054467	393.5964782642507	66.22497476557452
364.7903244217507	71.62196837770864	364.7903244217507	52.163782665193644	375.9429687191122	52.163782665193644	375.9429687191122	71.62196837770864
R63	417.5021885317575	428.039157810174	45.398177072250135	5
417.5021885317575	428.039157810174	417.5021885317575	408.36358304052857	437.2571662942147	408.36358304052857	437.2571662942147	428.039157810174	417.5021885317575	428.039157810174
427.2925531280024	420.27302991123315	427.2925531280024	399.1156857565592	447.221779460427	399.1156857565592	447.221779460427	420.27302991123315
419.21654489419666	439.7262383366094	419.21654489419666	416.3520772837386	440.36916715581333	416.3520772837386	440.36916715581333	439.7262383366094
409.6975035748801	430.6473381105484	409.6975035748801	408.30749238277076	425.3068734886349	408.30749238277076	425.3068734886349	430.6473381105484
409.0144513789307	420.9615309846877	409.0144513789307	407.403140425104	425.9899256845843	407.403140425104	425.9899256845843	420.9615309846877
R62	288.63038866554365	107.4074446889429	39.28222136292572	5
288.63038866554365	107.4074446889429	288.63038866554365	96.14374994322274	310.4568940541496	96.14374994322274	310.4568940541496	107.4074446889429	288.63038866554365	107.4074446889429
304.87015794548114	105.92218048659727	304.87015794548114	86.36531939984822	310.94051517923384	86.36531939984822	310.94051517923384	105.92218048659727
285.8983086644306	115.3335673606422	285.8983086644306	91.07595433712996	291.3624686666567	91.07595433712996	291.3624686666567	115.3335673606422
304.12403964980325	99.74733886181	304.12403964980325	93.12894763215073	316.7897484584959	93.12894763215073	316.7897484584959	99.74733886181
282.4123906173984	102.45208920013577	282.4123906173984	95.64096541802384	294.8483867136889	95.64096541802384	294.8483867136889	102.45208920013577
R61	349.7606980942746	416.0582527911227	34.13777007811289	5
349.7606980942746	416.0582527911227	349.7606980942746	400.3037232995237	373.2823298313687	400.3037232995237	373.2823298313687	416.0582527911227	349.7606980942746	416.0582527911227
357.43808538249544	405.1236082385321	357.43808538249544	395.48383836051534	368.4094318703015	395.48383836051534	368.4094318703015	405.1236082385321
350.7713045655515	405.97558876908	350.7713045655515	394.6318578299673	365.1038824736035	394.6318578299673	365.1038824736035	405.97558876908
354.45054924715333	405.32931607988314	354.45054924715333	395.2781305191643	372.384685664218	395.2781305191643	372.384685664218	405.32931607988314
361.5573583357065	408.71788061064944	361.5573583357065	397.5886304637942	385.0073013270309	397.5886304637942	385.0073013270309	408.71788061064944
R60	318.37629230634656	111.41136753859837	41.97917123483238	5
318.37629230634656	111.41136753859837	318.37629230634656	102.31121111239005	340.5307080256086	102.31121111239005	340.5307080256086	111.41136753859837	318.37629230634656	111.41136753859837
318.0276647727181	106.48544860958943	318.0276647727181	98.13697361519068	334.1888761833631	98.13697361519068	334.1888761833631	106.48544860958943
310.66551916020177	111.5328587780679	310.66551916020177	93.0895634467122	335.0344942774637	93.0895634467122	335.0344942774637	111.5328587780679
330.0733110177879	112.56909121853475	330.0733110177879	92.05333100624536	349.1669575470686	92.05333100624536	349.1669575470686	112.56909121853475
324.4375812495026	121.2390404343206	324.4375812495026	101.58369464287617	346.91142749550875	101.58369464287617	346.91142749550875	121.2390404343206
R59	95.62908805888777	509.43675448635776	37.29843968135938	5
95.62908805888777	509.43675448635776	95.62908805888777	485.9017470215418	102.26510875523768	485.9017470215418	102.26510875523768	509.43675448635776	95.62908805888777	509.43675448635776
85.35224063472012	496.5368392920999	85.35224063472012	483.62035503167897	105.90593548305543	483.62035503167897	105.90593548305543	496.5368392920999
91.99500664968555	509.1229547977736	91.99500664968555	491.6666457699668	112.5352108607898	491.6666457699668	112.5352108607898	509.1229547977736
94.37120670637145	495.0899541372349	94.37120670637145	476.7135399058487	109.36235238967603	476.7135399058487	109.36235238967603	495.0899541372349
87.53837322374788	499.472487462503	87.53837322374788	475.1271719673511	103.71980289402767	475.1271719673511	103.71980289402767	499.472487462503
R58	248.31760968545998	229.46255892941494	39.30632800162997	5
248.31760968545998	229.46255892941494	248.31760968545998	218.03354268037234	258.95699628467776	218.03354268037234	258.95699628467776	229.46255892941494	248.31760968545998	229.46255892941494
241.0453324869232	224.18960487275803	241.0453324869232	214.04324046307454	255.58988688399677	214.04324046307454	255.58988688399677	224.18960487275803
247.23213126597508	227.87170294847564	247.23213126597508	208.19538241226903	260.9699769145449	208.19538241226903	260.9699769145449	227.87170294847564
249.50266441912297	240.60436640971383	249.50266441912297	217.00040140630264	268.4113281502325	217.00040140630264	268.4113281502325	240.60436640971383
238.8960480283303	226.15418272561053	238.8960480283303	213.7740466991116	257.7391713425897	213.7740466991116	257.7391713425897	226.15418272561053
R57	490.5914123932418	91.60036491191177	36.30954908785473	5
490.5914123932418	91.60036491191177	490.5914123932418	81.1314711857704	504.5584414401571	81.1314711857704	504.5584414401571	91.60036491191177	490.5914123932418	91.60036491191177
496.21495297192155	98.23785701630348	496.21495297192155	81.84703736818321	512.9019299083926	81.84703736818321	512.9019299083926	98.23785701630348
493.2164329471512	102.68679824676036	493.2164329471512	80.51393157706318	513.5167313995938	80.51393157706318	513.5167313995938	102.68679824676036
499.53134101749146	95.27467726752633	499.53134101749146	87.92605255629721	507.6900341444223	87.92605255629721	507.6900341444223	95.27467726752633
479.8870594415201	88.95483607921575	479.8870594415201	77.54911215063804	501.2957653449635	77.54911215063804	501.2957653449635	88.95483607921575
R56	250.38204682896736	121.78761149093563	46.6689293426242	5
250.38204682896736	121.78761149093563	250.38204682896736	101.6200825426329	272.5040064816183	101.6200825426329	272.5040064816183	121.78761149093563	250.38204682896736	121.78761149093563
238.90948736745273	116.1164562278907	238.90948736745273	97.87956046464387	261.854606290482	97.87956046464387	261.854606290482	116.1164562278907
265.76000523415087	113.36030986832112	265.76000523415087	104.10826189528139	279.24800772908577	104.10826189528139	279.24800772908577	113.36030986832112
267.5001819617677	130.0991498029773	267.5001819617677	112.13314837544088	277.50783100146896	112.13314837544088	277.50783100146896	130.0991498029773
248.65233488620925	108.42054693521682	248.65233488620925	94.81961815004898	254.94540748260874	94.81961815004898	254.94540748260874	108.42054693521682
R55	225.5605710976026	129.44718212479182	58.90170677068751	5
225.5605710976026	129.44718212479182	225.5605710976026	109.7456725462372	239.64230859853913	109.7456725462372	239.64230859853913	129.44718212479182	225.5605710976026	129.44718212479182
222.34853058606063	141.39383679097233	222.34853058606063	117.5005274586113	240.87430258283268	117.5005274586113	240.87430258283268	141.39383679097233
218.49894059286623	119.24328334705059	218.49894059286623	100.24806174542384	235.41072299199453	100.24806174542384	235.41072299199453	119.24328334705059
218.59684304704183	131.40510658313852	218.59684304704183	119.90888129558255	232.52429914816332	119.90888129558255	232.52429914816332	131.40510658313852
219.84874381339648	133.73400848114522	219.84874381339648	125.16035576843842	237.71386934511918	125.16035576843842	237.71386934511918	133.73400848114522
R54	54.82164323983103	52.76423014313598	33.308465647292174	5
54.82164323983103	52.76423014313598	54.82164323983103	35.687453883775184	63.097281177659596	35.687453883775184	63.097281177659596	52.76423014313598	54.82164323983103	52.76423014313598
43.67756695986526	55.41079660234336	43.67756695986526	40.1298944236348	65.9657195197968	40.1298944236348	65.9657195197968	55.41079660234336
52.43735035225292	65.20214304783192	52.43735035225292	40.32631723844004	62.35166713376579	40.32631723844004	62.35166713376579	65.20214304783192
53.00965020847058	45.321142057657966	53.00965020847058	28.724943954726896	73.1849121468486	28.724943954726896	73.1849121468486	45.321142057657966
50.288043600492884	43.229999315128715	50.288043600492884	28.144908452421653	68.92783299993313	28.144908452421653	68.92783299993313	43.229999315128715
R53	468.2942346250018	266.5801380024946	41.423526322122264	5
468.2942346250018	266.5801380024946	468.2942346250018	246.95774548700473	485.05918924351016	246.95774548700473	485.05918924351016	266.5801380024946	468.2942346250018	266.5801380024946
461.42832629060655	253.4514035534752	461.42832629060655	242.62518471303656	475.1601429593971	242.62518471303656	475.1601429593971	253.4514035534752
470.8096626077863	258.18490672978527	470.8096626077863	235.73058424422416	485.7143961884667	235.73058424422416	485.7143961884667	258.18490672978527
477.7085529564481	262.8049293228707	477.7085529564481	238.87995828669256	492.4098255305721	238.87995828669256	492.4098255305721	262.8049293228707
457.707656594913	266.68244313378403	457.707656594913	245.0803411094556	478.88081265509066	245.0803411094556	478.88081265509066	266.68244313378403
R52	102.87877523831057	147.90368222527712	53.91781431389244	5
102.87877523831057	147.90368222527712	102.87877523831057	132.09123489778779	120.50519321219878	132.09123489778779	120.50519321219878	147.90368222527712	102.87877523831057	147.90368222527712
98.62973034058027	152.38278880619035	98.62973034058027	143.4245756443639	111.19243072827405	143.4245756443639	111.19243072827405	152.38278880619035
106.59759537141487	137.6668705479387	106.59759537141487	126.51559924763689	123.2439249064365	126.51559924763689	123.2439249064365	137.6668705479387
104.11112587903602	137.08235730892204	104.11112587903602	127.10011248665353	124.49584168223652	127.10011248665353	124.49584168223652	137.08235730892204
105.74649910502553	134.9300853145098	105.74649910502553	129.25238448106577	111.40724733333302	129.25238448106577	111.40724733333302	134.9300853145098
R51	197.3109717394832	174.0394015635872	48.453473367432856	5
197.3109717394832	174.0394015635872	197.3109717394832	155.62332355578536	212.849719270087	155.62332355578536	212.849719270087	174.0394015635872	197.3109717394832	174.0394015635872
202.4310768400018	176.86150432224844	202.4310768400018	154.55342880914822	223.26836170017222	154.55342880914822	223.26836170017222	176.86150432224844
201.10101139679745	176.99051261665187	201.10101139679745	155.89198684313743	224.59842714337657	155.89198684313743	224.59842714337657	176.99051261665187
190.0120086701844	167.37595587647579	190.0120086701844	161.97596020989235	204.609934808782	161.97596020989235	204.609934808782	167.37595587647579
204.0962086420468	185.1192395183551	204.0962086420468	162.9595636088193	217.3351211429282	162.9595636088193	217.3351211429282	185.1192395183551
R50	1.9521615748087715	228.3331529651323	37.27661533725225	5
1.9521615748087715	228.3331529651323	1.9521615748087715	209.35753317811017	22.524482522864254	209.35753317811017	22.524482522864254	228.3331529651323	1.9521615748087715	228.3331529651323
13.68203969779825	233.5078509065428	13.68203969779825	220.89566356214723	31.366925347930255	220.89566356214723	31.366925347930255	233.5078509065428
12.221839868993934	223.38410375525015	12.221839868993934	208.31555084935454	32.827125176734576	208.31555084935454	32.827125176734576	223.38410375525015
10.975203506774694	230.6174579243241	10.975203506774694	212.93023214816364	34.07376153895382	212.93023214816364	34.07376153895382	230.6174579243241
5.177523068720712	233.44681925479057	5.177523068720712	223.21948667547412	30.166858095545273	223.21948667547412	30.166858095545273	233.44681925479057
R49	118.30617743801933	448.534821292077	31.03173691389524	5
118.30617743801933	448.534821292077	118.30617743801933	424.92194022486296	133.48815136662225	424.92194022486296	133.48815136662225	448.534821292077	118.30617743801933	448.534821292077
121.65401638089999	456.69392186041995	121.65401638089999	440.3757207237341	138.26208556526703	440.3757207237341	138.26208556526703	456.69392186041995
123.8772265506955	432.66288101870185	123.8772265506955	417.1809994310241	128.9305371410625	417.1809994310241	128.9305371410625	432.66288101870185
121.84398158352681	434.1358607535777	121.84398158352681	415.70801969614826	142.0939046323601	415.70801969614826	142.0939046323601	434.1358607535777
109.98283507113213	452.41309915081234	109.98283507113213	443.1567370265852	126.62951980490651	443.1567370265852	126.62951980490651	452.41309915081234
R48	463.2628786167133	292.7782523067584	31.367676544985034	5
463.2628786167133	292.7782523067584	463.2628786167133	272.6147104976685	482.66580201803407	272.6147104976685	482.66580201803407	292.7782523067584	463.2628786167133	292.7782523067584
474.98520647757107	281.50366202642556	474.98520647757107	270.60941910795725	490.3463975584971	270.60941910795725	490.3463975584971	281.50366202642556
469.34774870873895	296.02458810146237	469.34774870873895	289.53191651205447	482.30891011440684	289.53191651205447	482.30891011440684	296.02458810146237
479.88107644650347	295.4108109399136	479.88107644650347	270.479161664999	485.4505275895647	270.479161664999	485.4505275895647	295.4108109399136
473.1611128674787	287.01340354159265	473.1611128674787	273.50156882100066	492.1704911685893	273.50156882100066	492.1704911685893	287.01340354159265
R47	223.06812980472571	138.17834715894938	50.86277669089377	5
223.06812980472571	138.17834715894938	223.06812980472571	131.53866897665344	247.31794303898224	131.53866897665344	247.31794303898224	138.17834715894938	223.06812980472571	138.17834715894938
229.1355311610991	144.09896858976717	229.1355311610991	132.2577257281316	237.54259393199465	132.2577257281316	237.54259393199465	144.09896858976717
221.71710423384613	148.75455312217414	221.71710423384613	127.60214119572461	230.2552537821022	127.60214119572461	230.2552537821022	148.75455312217414
225.40072321482046	134.7079140490524	225.40072321482046	128.3694239042545	232.00599999788187	128.3694239042545	232.00599999788187	134.7079140490524
240.2912068426787	144.44966352980208	240.2912068426787	128.78034730836322	254.34467923528572	128.78034730836322	254.34467923528572	144.44966352980208
R46	432.0203991163263	127.0453664309149	59.0748171670029	5
432.0203991163263	127.0453664309149	432.0203991163263	116.02495369716871	455.33928829704075	116.02495369716871	455.33928829704075	127.0453664309149	432.0203991163263	127.0453664309149
439.5134998156867	121.22914791872003	439.5134998156867	110.8207594756174	451.46524011977283	110.8207594756174	451.46524011977283	121.22914791872003
445.1458036799956	138.8712367807114	445.1458036799956	115.21949608111841	450.2355035533871	115.21949608111841	450.2355035533871	138.8712367807114
422.9499224415377	134.4699860677211	422.9499224415377	110.2945046486208	441.0908757911149	110.2945046486208	441.0908757911149	134.4699860677211
423.6455588085724	125.32844641382653	423.6455588085724	116.16433301447736	440.3952394240802	116.16433301447736	440.3952394240802	125.32844641382653
R45	490.8939674791378	465.7164160986077	42.62227781205428	5
490.8939674791378	465.7164160986077	490.8939674791378	453.34572915384734	503.48726383317876	453.34572915384734	503.48726383317876	465.7164160986077	490.8939674791378	465.7164160986077
494.3896648335515	464.3515811025872	494.3896648335515	442.3398772051075	505.9471044935211	442.3398772051075	505.9471044935211	464.3515811025872
486.9054958351103	471.14710814501024	486.9054958351103	454.50671562376004	494.88243912316534	454.50671562376004	494.88243912316534	471.14710814501024
489.4246352159784	462.0294283512671	489.4246352159784	444.6620299564275	497.15292282984734	444.6620299564275	497.15292282984734	462.0294283512671
485.1897302956147	475.40073612397856	485.1897302956147	456.0320960732368	497.7732438625135	456.0320960732368	497.7732438625135	475.40073612397856
R44	350.0885810971566	51.00411533449718	42.009149776239376	5
350.0885810971566	51.00411533449718	350.0885810971566	37.715951855921624	358.5400816691753	37.715951855921624	358.5400816691753	51.00411533449718	350.0885810971566	51.00411533449718
347.373292610759	50.655353377786206	347.373292610759	35.29959816205321	369.70687072759165	35.29959816205321	369.70687072759165	50.655353377786206
353.7753621904648	61.19942693050876	353.7753621904648	37.574158022635224	363.3048011478858	37.574158022635224	363.3048011478858	61.19942693050876
349.7659304239512	55.405879577232625	349.7659304239512	33.70570569307701	367.31423291439944	33.70570569307701	367.31423291439944	55.405879577232625
343.10511136621466	44.514908083548995	343.10511136621466	30.916995628294252	363.8836597410902	30.916995628294252	363.8836597410902	44.514908083548995
R43	142.50577906946268	49.262430133283054	50.997814754674145	5
142.50577906946268	49.262430133283054	142.50577906946268	35.584181700807314	156.38461785573583	35.584181700807314	156.38461785573583	49.262430133283054	142.50577906946268	49.262430133283054
136.65281039055864	42.58584382773302	136.65281039055864	30.327367161212997	148.3587477483667	30.327367161212997	148.3587477483667	42.58584382773302
153.42910998426038	55.79796989881306	153.42910998426038	39.35133483294677	159.34012572721127	39.35133483294677	159.34012572721127	55.79796989881306
144.55956201400127	56.13119176566366	144.55956201400127	42.393668500902436	157.15988665131076	42.393668500902436	157.15988665131076	56.13119176566366
149.7732092783948	47.25032352734236	149.7732092783948	27.307159022873005	162.99602643307685	27.307159022873005	162.99602643307685	47.25032352734236
R42	471.1517032690877	243.06975434435176	45.56024584719183	5
471.1517032690877	243.06975434435176	471.1517032690877	227.2125140442886	494.0338927760726	227.2125140442886	494.0338927760726	243.06975434435176	471.1517032690877	243.06975434435176
473.66714565063603	231.30207800924217	473.66714565063603	223.122950079335	488.43109947785035	223.122950079335	488.43109947785035	231.30207800924217
473.93267268112174	251.9859747622568	473.93267268112174	234.15353392644667	479.871417325146	234.15353392644667	479.871417325146	251.9859747622568
480.25125329657646	247.6651032143339	480.25125329657646	238.47440547436963	485.47044796505804	238.47440547436963	485.47044796505804	247.6651032143339
484.48472999822684	246.60925496661991	484.48472999822684	221.67566069472616	503.58305555391837	221.67566069472616	503.58305555391837	246.60925496661991
R41	126.46653137251826	370.5291235955516	57.92259663277321	5
126.46653137251826	370.5291235955516	126.46653137251826	359.54551601473054	139.5743033871109	359.54551601473054	139.5743033871109	370.5291235955516	126.46653137251826	370.5291235955516
133.4812354420264	381.1437510818451	133.4812354420264	357.6943801162225	145.6673713321954	357.6943801162225	145.6673713321954	381.1437510818451
115.53901539186423	367.2715608265888	115.53901539186423	358.2407933924511	137.39404735317228	358.2407933924511	137.39404735317228	367.2715608265888
126.11156594682016	373.39980225285046	126.11156594682016	367.6584449382527	132.03217173717607	367.6584449382527	132.03217173717607	373.39980225285046
134.55396784837	380.54223857268454	134.55396784837	360.51600861841865	139.76766164800677	360.51600861841865	139.76766164800677	380.54223857268454
R40	438.3804578634783	242.18561985028643	56.43211762189984	5
438.3804578634783	242.18561985028643	438.3804578634783	225.3682359891881	455.04252611248825	225.3682359891881	455.04252611248825	242.18561985028643	438.3804578634783	242.18561985028643
430.77350030306167	232.97197399097595	430.77350030306167	217.76449798740023	451.51710079696755	217.76449798740023	451.51710079696755	232.97197399097595
432.3540376217631	236.87408719406852	432.3540376217631	224.35368884094623	444.40687810519347	224.35368884094623	444.40687810519347	236.87408719406852
438.58679236264965	252.3444071816513	438.58679236264965	232.02683251892157	449.1613580090305	232.02683251892157	449.1613580090305	252.3444071816513
437.25129668694444	228.83019767909516	437.25129668694444	221.90627429928102	459.291220026279	221.90627429928102	459.291220026279	228.83019767909516
R39	138.09615722236273	310.56103015137955	39.26478885431393	5
138.09615722236273	310.56103015137955	138.09615722236273	293.7533344366693	157.23202951610298	293.7533344366693	157.23202951610298	310.56103015137955	138.09615722236273	310.56103015137955
154.04115881573418	311.61007078125624	154.04115881573418	291.5744229162988	160.4229002164718	291.5744229162988	160.4229002164718	311.61007078125624
135.21914092862025	312.3066758200806	135.21914092862025	292.5071600597911	140.97317351610522	292.5071600597911	140.97317351610522	312.3066758200806
139.89880528814766	315.972509208997	139.89880528814766	305.1495510937621	153.80578680728522	305.1495510937621	153.80578680728522	315.972509208997
136.146191594933	299.61406871180884	136.146191594933	287.8926001615298	141.59547939173194	287.8926001615298	141.59547939173194	299.61406871180884
R38	314.5979895501028	47.30555577833014	40.151461173131835	5
314.5979895501028	47.30555577833014	314.5979895501028	36.79714502115987	331.4294505974919	36.79714502115987	331.4294505974919	47.30555577833014	314.5979895501028	47.30555577833014
326.4894419871193	52.309007763492055	326.4894419871193	35.00852367567483	336.3694592078645	35.00852367567483	336.3694592078645	52.309007763492055
321.6090302140945	52.472099305739015	321.6090302140945	38.21957765354659	341.2498709808893	38.21957765354659	341.2498709808893	52.472099305739015
309.6642993510172	42.95659823776773	309.6642993510172	30.63769180455201	328.993673158195	30.63769180455201	328.993673158195	42.95659823776773
308.91020811307584	56.24547816315981	308.91020811307584	38.36563339350047	333.0675588270173	38.36563339350047	333.0675588270173	56.24547816315981
R37	320.8875310214211	292.96686127301666	49.79149291096316	5
320.8875310214211	292.96686127301666	320.8875310214211	287.64495020405843	343.08042529963535	287.64495020405843	343.08042529963535	292.96686127301666	320.8875310214211	292.96686127301666
333.8543228885324	304.5651361764875	333.8543228885324	281.3685863695458	348.94418943429724	281.3685863695458	348.94418943429724	304.5651361764875
323.94686533323136	297.1924423088509	323.94686533323136	278.09745809926596	340.387328087946	278.09745809926596	340.387328087946	297.1924423088509
335.53206887001426	300.5710377463462	335.53206887001426	282.9110571312234	350.62878172925645	282.9110571312234	350.62878172925645	300.5710377463462
321.82763635102305	291.65924230939515	321.82763635102305	283.6306580987217	344.69574303961343	283.6306580987217	344.69574303961343	291.65924230939515
R36	384.94589877757045	364.37626000750413	46.51345859366031	5
384.94589877757045	364.37626000750413	384.94589877757045	344.8052648904353	392.38533494166694	344.8052648904353	392.38533494166694	364.37626000750413	384.94589877757045	364.37626000750413
387.5099602218606	349.98989680920465	387.5099602218606	344.4968114769258	397.2607096614732	344.4968114769258	397.2607096614732	349.98989680920465
377.89306424844517	355.00361964193826	377.89306424844517	334.60691013893234	393.355844449836	334.60691013893234	393.355844449836	355.00361964193826
381.54920882211263	368.1013156139652	381.54920882211263	355.5189078262174	388.34258873302815	355.5189078262174	388.34258873302815	368.1013156139652
386.82421072715346	359.74587906172434	386.82421072715346	335.149612907616	397.9464591561804	335.149612907616	397.9464591561804	359.74587906172434
R35	60.422469491827236	124.65199851950992	56.37003818343621	5
60.422469491827236	124.65199851950992	60.422469491827236	117.75309883833187	76.82457213109653	117.75309883833187	76.82457213109653	124.65199851950992	60.422469491827236	124.65199851950992
61.12407565765032	122.24501497323443	61.12407565765032	113.26118270342933	70.00838662086166	113.26118270342933	70.00838662086166	122.24501497323443
61.05420211805544	125.34456774018936	61.05420211805544	110.16162993647437	66.14540674682519	110.16162993647437	66.14540674682519	125.34456774018936
59.038199145176215	125.37595213896383	59.038199145176215	110.1302455376999	75.18545439814093	110.1302455376999	75.18545439814093	125.37595213896383
70.92799477435057	127.38766622423795	70.92799477435057	108.11853145242578	78.7765507760991	108.11853145242578	78.7765507760991	127.38766622423795
R34	482.05027048297046	420.81983415019033	37.10620085587346	5
482.05027048297046	420.81983415019033	482.05027048297046	408.8223832760523	496.6136060738575	408.8223832760523	496.6136060738575	420.81983415019033	482.05027048297046	420.81983415019033
484.37072956154157	419.6423782544275	484.37072956154157	398.00238829767704	495.13740121354385	398.00238829767704	495.13740121354385	419.6423782544275
478.43694760973557	424.8166650423945	478.43694760973557	410.20300158549554	485.66359335620535	410.20300158549554	485.66359335620535	424.8166650423945
481.5892323505794	425.93355277896956	481.5892323505794	415.7061155214111	497.76116136257764	415.7061155214111	497.76116136257764	425.93355277896956
490.8043978398092	427.13787834045127	490.8043978398092	405.86003714206015	502.4228143079058	405.86003714206015	502.4228143079058	427.13787834045127
R33	410.78781799668354	364.05080175062176	31.347786535244538	5
410.78781799668354	364.05080175062176	410.78781799668354	356.3874647953937	418.08761817682694	356.3874647953937	418.08761817682694	364.05080175062176	410.78781799668354	364.05080175062176
404.2670147319512	369.7839487583946	404.2670147319512	358.3176547428489	419.7458583364883	358.3176547428489	419.7458583364883	369.7839487583946
398.9455140266977	366.63114725698046	398.9455140266977	354.3900640224479	422.6301219666694	354.3900640224479	422.6301219666694	366.63114725698046
411.7690987444352	361.4525741512401	411.7690987444352	354.4814954461858	424.40613760921866	354.4814954461858	424.40613760921866	361.4525741512401
414.78588576680585	366.3266983462286	414.78588576680585	351.81438532537817	421.389350586848	351.81438532537817	421.389350586848	366.3266983462286
R32	23.687666032902847	507.5160874260876	35.6141654826651	5
23.687666032902847	507.5160874260876	23.687666032902847	484.333577188354	40.015973556014934	484.333577188354	40.015973556014934	507.5160874260876	23.687666032902847	507.5160874260876
31.896440912039758	519.5461970569193	31.896440912039758	495.4859777952559	47.93170877295366	495.4859777952559	47.93170877295366	519.5461970569193
18.67514119446006	488.0061602705277	18.67514119446006	480.66099410618045	33.22054942006357	480.66099410618045	33.22054942006357	488.0061602705277
19.322039705470054	513.8596014674065	19.322039705470054	501.1725733847688	41.188771262449315	501.1725733847688	41.188771262449315	513.8596014674065
32.89779888382942	508.0822939267183	32.89779888382942	494.61754676384874	47.13414822820045	494.61754676384874	47.13414822820045	508.0822939267183
R31	143.49136419411624	396.85915020864684	58.944354250601016	5
143.49136419411624	396.85915020864684	143.49136419411624	382.8164409094802	167.8462264783935	382.8164409094802	167.8462264783935	396.85915020864684	143.49136419411624	396.85915020864684
161.80098509998805	391.0293138654636	161.80098509998805	380.15500347284143	173.891467856799	380.15500347284143	173.891467856799	391.0293138654636
143.18837072653218	389.4901159346375	143.18837072653218	376.1427658843229	161.64589310437566	376.1427658843229	161.64589310437566	389.4901159346375
147.80866308051185	387.66980531957546	147.80866308051185	377.96307649938495	162.67491264789982	377.96307649938495	162.67491264789982	387.66980531957546
146.7940721232675	400.8595142590769	146.7940721232675	392.8587861582168	167.36869517766635	392.8587861582168	167.36869517766635	400.8595142590769
R30	92.95114768629279	18.28503182982457	53.80763283408378	5
92.95114768629279	18.28503182982457	92.95114768629279	-4.689076667848923	110.87798480619489	-4.689076667848923	110.87798480619489	18.28503182982457	92.95114768629279	18.28503182982457
94.38326714115331	4.4017405064890625	94.38326714115331	-13.779893842186908	110.60717921840259	-13.779893842186908	110.60717921840259	4.4017405064890625
80.5041212755726	28.10779582282874	80.5041212755726	6.805432479288646	105.39817409701297	6.805432479288646	105.39817409701297	28.10779582282874
88.30855425666539	-1.044116769780782	88.30855425666539	-8.334036565917064	106.08519821747217	-8.334036565917064	106.08519821747217	-1.044116769780782
98.80610409837762	-1.2098419305204304	98.80610409837762	-8.168311405177416	108.17386722474201	-8.168311405177416	108.17386722474201	-1.2098419305204304
R29	478.87797152071033	89.26680609014392	31.29328933369593	5
478.87797152071033	89.26680609014392	478.87797152071033	66.94871144452497	497.366239084449	66.94871144452497	497.366239084449	89.26680609014392	478.87797152071033	89.26680609014392
484.9069934825639	92.63898706253484	484.9069934825639	85.894625117753	507.7097729001446	85.894625117753	507.7097729001446	92.63898706253484
493.1850756934416	78.40227202704051	493.1850756934416	69.93410070655565	501.54740247545624	69.93410070655565	501.54740247545624	78.40227202704051
488.03743363630724	76.85719725909783	488.03743363630724	58.97218529959912	506.6950445325906	58.97218529959912	506.6950445325906	76.85719725909783
480.75304066975144	72.23680419469581	480.75304066975144	61.660618694354135	491.5803499205463	61.660618694354135	491.5803499205463	72.23680419469581
R28	200.91631948573578	226.86926445952892	42.932279211912714	5
200.91631948573578	226.86926445952892	200.91631948573578	219.1451015167987	212.55459742063718	219.1451015167987	212.55459742063718	226.86926445952892	200.91631948573578	226.86926445952892
204.59662817957982	225.23783606084424	204.59662817957982	213.05236697275313	214.019779166458	213.05236697275313	214.019779166458	225.23783606084424
198.67039452280844	237.8462875202703	198.67039452280844	215.8922413987876	213.2370059559141	215.8922413987876	213.2370059559141	237.8462875202703
207.25537145074466	229.42462285666886	207.25537145074466	221.58203356944097	217.8538233905297	221.58203356944097	217.8538233905297	229.42462285666886
204.50453168130406	231.3488857959085	204.50453168130406	209.60130478658235	220.6046631599703	209.60130478658235	220.6046631599703	231.3488857959085
R27	310.0454619256548	78.68980311436789	58.70930548915432	5
310.0454619256548	78.68980311436789	310.0454619256548	65.51485857760198	334.6380890176902	65.51485857760198	334.6380890176902	78.68980311436789	310.0454619256548	78.68980311436789
315.88442423635087	73.54664250898452	315.88442423635087	57.48307464621945	336.8135208082759	57.48307464621945	336.8135208082759	73.54664250898452
305.7834806356772	73.81923863441523	305.7834806356772	66.37247306748185	314.3074432156324	66.37247306748185	314.3074432156324	73.81923863441523
324.0595071703335	74.32227239310457	324.0595071703335	61.74023757125089	345.2166708650469	61.74023757125089	345.2166708650469	74.32227239310457
329.4430732387686	81.74253846112926	329.4430732387686	75.63706776760652	336.8878952876983	75.63706776760652	336.8878952876983	81.74253846112926
R26	131.80730321703226	151.4164123930214	51.600595663721656	5
131.80730321703226	151.4164123930214	131.80730321703226	134.0770584532301	153.65568604249472	134.0770584532301	153.65568604249472	151.4164123930214	131.80730321703226	151.4164123930214
147.64623560263857	160.24184263230623	147.64623560263857	142.59098215373652	153.65621961263912	142.59098215373652	153.65621961263912	160.24184263230623
139.68664915626627	140.5845241349511	139.68664915626627	127.56959277150912	154.31984158216548	127.56959277150912	154.31984158216548	140.5845241349511
143.04655999702277	154.5220533622601	143.04655999702277	148.31077142378277	161.1742085516462	148.31077142378277	161.1742085516462	154.5220533622601
135.65031951356326	139.54382007086144	135.65031951356326	128.61029683559877	149.76153115800236	128.61029683559877	149.76153115800236	139.54382007086144
R25	209.26075911443868	222.0029553068177	52.90649770942512	5
209.26075911443868	222.0029553068177	209.26075911443868	210.74909081111824	218.31247699819917	210.74909081111824	218.31247699819917	222.0029553068177	209.26075911443868	222.0029553068177
201.07281394836394	228.0934594354684	201.07281394836394	211.6792429051846	217.44870428051343	211.6792429051846	217.44870428051343	228.0934594354684
201.19374274333813	219.74479989801708	201.19374274333813	201.7533817242194	219.89070706232303	201.7533817242194	219.89070706232303	219.74479989801708
202.33937560768805	218.54893541210484	202.33937560768805	202.94924621013163	223.97442591112724	202.94924621013163	223.97442591112724	218.54893541210484
197.29925295871232	227.95734553794642	197.29925295871232	215.05121715313385	221.22226527016505	215.05121715313385	221.22226527016505	227.95734553794642
R24	480.66277550073687	476.4615504066435	33.55047921792838	5
480.66277550073687	476.4615504066435	480.66277550073687	459.1296428290019	495.73161103312884	459.1296428290019	495.73161103312884	476.4615504066435	480.66277550073687	476.4615504066435
471.9333406764416	466.72933281671203	471.9333406764416	451.5299528412918	490.4444856015723	451.5299528412918	490.4444856015723	466.72933281671203
469.71426893188305	480.7856964297836	469.71426893188305	463.8517537568387	491.6112820695908	463.8517537568387	491.6112820695908	480.7856964297836
489.45200188890107	478.22000178120436	489.45200188890107	469.31595834744314	502.0112201773566	469.31595834744314	502.0112201773566	478.22000178120436
470.3809851831311	477.23335153102795	470.3809851831311	452.57696171431854	490.94456581834265	452.57696171431854	490.94456581834265	477.23335153102795
R23	406.8758261937752	101.2722046639803	53.93389916146366	5
406.8758261937752	101.2722046639803	406.8758261937752	91.57080840355717	429.135840258331	91.57080840355717	429.135840258331	101.2722046639803	406.8758261937752	101.2722046639803
409.7514990867714	108.33135273623314	409.7514990867714	94.21305659172747	417.75749202690014	94.21305659172747	417.75749202690014	108.33135273623314
399.79792643600194	95.90268924338461	399.79792643600194	87.23892756372972	416.52041611274274	87.23892756372972	416.52041611274274	95.90268924338461
421.61801396647	105.54604576221239	421.61801396647	96.99836356574822	428.9043068310275	96.99836356574822	428.9043068310275	105.54604576221239
404.6603321846595	106.35832676995476	404.6603321846595	96.18608255800585	421.2251460222391	96.18608255800585	421.2251460222391	106.35832676995476
R22	213.50200685811058	212.4096045007283	44.03702260505556	5
213.50200685811058	212.4096045007283	213.50200685811058	206.53922849966247	228.45878889429088	206.53922849966247	228.45878889429088	212.4096045007283	213.50200685811058	212.4096045007283
210.54253539989304	209.10901154240582	210.54253539989304	203.96944545691906	227.00892015957334	203.96944545691906	227.00892015957334	209.10901154240582
221.03307370741052	217.67846600740194	221.03307370741052	197.29597334902695	235.88450408117123	197.29597334902695	235.88450408117123	217.67846600740194
221.08459835501958	215.86560342593964	221.08459835501958	197.2128535733853	229.87301538205878	197.2128535733853	229.87301538205878	215.86560342593964
207.5024255808701	217.5548294354329	207.5024255808701	198.53412540260337	219.50158813535106	198.53412540260337	219.50158813535106	217.5548294354329
R21	62.74369588998984	216.98708158261118	51.80874720718929	5
62.74369588998984	216.98708158261118	62.74369588998984	197.2662832783922	78.88591132336354	197.2662832783922	78.88591132336354	216.98708158261118	62.74369588998984	216.98708158261118
52.242749607040935	219.29437702815156	52.242749607040935	201.91235012699153	73.24464217293874	201.91235012699153	73.24464217293874	219.29437702815156
70.32729917141378	225.4206111448378	70.32729917141378	208.55355202038456	87.31265169779681	208.55355202038456	87.31265169779681	225.4206111448378
58.24266170420944	205.7290675636603	58.24266170420944	188.80349899312415	82.27423757636123	188.80349899312415	82.27423757636123	205.7290675636603
58.78836821341831	201.96639654021737	58.78836821341831	192.566170016567	67.66314325870249	192.566170016567	67.66314325870249	201.96639654021737
R20	449.9908063409648	422.51780292252414	41.055875723962075	5
449.9908063409648	422.51780292252414	449.9908063409648	416.68738331492756	472.32516713660766	416.68738331492756	472.32516713660766	422.51780292252414	449.9908063409648	422.51780292252414
455.70822526267926	428.2431100450593	455.70822526267926	405.1316565847957	461.99997495133147	405.1316565847957	461.99997495133147	428.2431100450593
460.5010845537391	429.05876475987225	460.5010845537391	404.31600186998287	475.13805701974655	404.31600186998287	475.13805701974655	429.05876475987225
448.56279510272907	433.0153734810134	448.56279510272907	412.0202323640349	466.27434900433025	412.0202323640349	466.27434900433025	433.0153734810134
446.2692290719313	421.6979857719017	446.2692290719313	411.6767808579534	457.5029913262395	411.6767808579534	457.5029913262395	421.6979857719017
R19	490.1345140666952	248.79310013368794	49.09277020931917	5
490.1345140666952	248.79310013368794	490.1345140666952	243.67027370316762	496.80729702047375	243.67027370316762	496.80729702047375	248.79310013368794	490.1345140666952	248.79310013368794
490.96947960624897	256.01329556867	490.96947960624897	241.57290469870588	500.198494873162	241.57290469870588	500.198494873162	256.01329556867
483.19898766766954	259.0984168776388	483.19898766766954	237.2639356651779	497.07004046572087	237.2639356651779	497.07004046572087	259.0984168776388
483.97550041302947	257.47535200011157	483.97550041302947	238.27057297321505	496.29352772036094	238.27057297321505	496.29352772036094	257.47535200011157
486.3305019544989	250.35334023761925	486.3305019544989	239.53875260189096	507.2840920864486	239.53875260189096	507.2840920864486	250.35334023761925
R18	328.6076226609499	57.37806024564964	51.60198718848352	5
328.6076226609499	57.37806024564964	328.6076226609499	35.53247450316153	348.8158592982969	35.53247450316153	348.8158592982969	57.37806024564964	328.6076226609499	57.37806024564964
320.5361901767977	66.09332853110877	320.5361901767977	45.362222891312975	336.67905514510227	45.362222891312975	336.67905514510227	66.09332853110877
323.1084378515192	52.204303404130954	323.1084378515192	30.608317089103892	334.1068074703806	30.608317089103892	334.1068074703806	52.204303404130954
316.3442371009369	57.90870253139697	316.3442371009369	42.051852488389486	340.87100822096295	42.051852488389486	340.87100822096295	57.90870253139697
335.8027810931968	41.76678571588254	335.8027810931968	29.29816329044052	355.0543771793849	29.29816329044052	355.0543771793849	41.76678571588254
R17	112.15149968420394	43.72421618201103	58.18265898691141	5
112.15149968420394	43.72421618201103	112.15149968420394	21.847699057511527	133.54696595733014	21.847699057511527	133.54696595733014	43.72421618201103	112.15149968420394	43.72421618201103
100.85199691835301	39.07734501829037	100.85199691835301	22.375679497456957	123.45100245005487	22.375679497456957	123.45100245005487	39.07734501829037
128.43556155782377	47.756736583867834	128.43556155782377	25.139343497403903	138.6583703568365	25.139343497403903	138.6583703568365	47.756736583867834
108.19149961130327	43.08331000430687	108.19149961130327	22.172654302599117	116.11149975710461	22.172654302599117	116.11149975710461	43.08331000430687
100.20518452944094	50.25285706275102	100.20518452944094	25.45913339116285	124.09781483896694	25.45913339116285	124.09781483896694	50.25285706275102
R16	474.30948665873086	426.89946348525206	58.573792932250356	5
474.30948665873086	426.89946348525206	474.30948665873086	404.5413694605432	498.09861452374037	404.5413694605432	498.09861452374037	426.89946348525206	474.30948665873086	426.89946348525206
488.6589759165605	432.5170362287009	488.6589759165605	421.28189074180324	494.4371912846033	421.28189074180324	494.4371912846033	432.5170362287009
467.68869404697114	414.474971040174	467.68869404697114	401.264242781467	480.9302792704906	401.264242781467	480.9302792704906	414.474971040174
468.2920729343168	413.85044695854083	468.2920729343168	399.7170134061994	480.3269003831449	399.7170134061994	480.3269003831449	413.85044695854083
468.32125164219116	438.8571959577942	468.32125164219116	414.9417310127099	480.4210740705916	414.9417310127099	480.4210740705916	438.8571959577942
R15	60.64700806124198	61.935203363153306	49.329184731196875	5
60.64700806124198	61.935203363153306	60.64700806124198	39.27523655631734	72.58984503993318	39.27523655631734	72.58984503993318	61.935203363153306	60.64700806124198	61.935203363153306
55.59024148694579	65.38117993928995	55.59024148694579	58.489226787016655	75.02325017310368	58.489226787016655	75.02325017310368	65.38117993928995
67.19055112984522	53.34341993821939	67.19055112984522	32.269789490584905	77.98913895002114	32.269789490584905	77.98913895002114	53.34341993821939
56.777081538308984	65.477976164966	56.777081538308984	51.77349588049507	64.51693458417498	51.77349588049507	64.51693458417498	65.477976164966
63.005608078883604	67.96757461098272	63.005608078883604	49.67187655746706	82.17408200098276	49.67187655746706	82.17408200098276	67.96757461098272
R14	148.69809313627206	339.7906072271483	33.2020225806603	5
148.69809313627206	339.7906072271483	148.69809313627206	333.12099322831426	164.2094346263002	333.12099322831426	164.2094346263002	339.7906072271483	148.69809313627206	339.7906072271483
140.9627604058904	349.85325067113445	140.9627604058904	329.7279637831623	162.38518667875243	329.7279637831623	162.38518667875243	349.85325067113445
146.2984839369274	342.1365766791572	146.2984839369274	324.1054097774713	152.48933267383083	324.1054097774713	152.48933267383083	342.1365766791572
153.6042113529853	349.42681024962286	153.6042113529853	330.15440420467365	162.54408835424456	330.15440420467365	162.54408835424456	349.42681024962286
140.88193685090147	339.9118912713456	140.88193685090147	326.3300951852829	163.66501033086269	326.3300951852829	163.66501033086269	339.9118912713456
R13	277.63856005025525	119.93411425779911	55.73020441406602	5
277.63856005025525	119.93411425779911	277.63856005025525	113.52300041359962	289.194379296346	113.52300041359962	289.194379296346	119.93411425779911	277.63856005025525	119.93411425779911
267.8638968718805	126.03397034900664	267.8638968718805	113.83425816659158	291.6888472659903	113.83425816659158	291.6888472659903	126.03397034900664
267.2744910456532	120.23428407884161	267.2744910456532	110.37850028231053	288.0026290548573	110.37850028231053	288.0026290548573	120.23428407884161
278.89001284680575	126.82271592759348	278.89001284680575	107.35720924483083	299.4987457458863	107.35720924483083	299.4987457458863	126.82271592759348
266.9745153188084	116.66501101068287	266.9745153188084	110.38098981651636	290.01195463898506	110.38098981651636	290.01195463898506	116.66501101068287
R12	462.68574623173953	340.5420895032431	38.31455506928234	5
462.68574623173953	340.5420895032431	462.68574623173953	323.55004187342604	467.73804821174616	323.55004187342604	467.73804821174616	340.5420895032431	462.68574623173953	340.5420895032431
458.0918472259829	333.95647528660476	458.0918472259829	313.1436084602473	473.7213917882572	313.1436084602473	473.7213917882572	333.95647528660476
462.1652062783782	343.996835502227	462.1652062783782	322.8314601785901	473.310890145114	322.8314601785901	473.310890145114	343.996835502227
451.1106197975932	334.48452710576345	451.1106197975932	320.62925872999546	474.26087266588587	320.62925872999546	474.26087266588587	334.48452710576345
458.6067529652234	338.3943167410512	458.6067529652234	322.11329888806273	466.76473949825555	322.11329888806273	466.76473949825555	338.3943167410512
R11	379.22479063468774	181.31468371232467	53.11215547931101	5
379.22479063468774	181.31468371232467	379.22479063468774	168.43616337610894	396.8280120909715	168.43616337610894	396.8280120909715	181.31468371232467	379.22479063468774	181.31468371232467
375.2223807303503	191.71422462722532	375.2223807303503	169.29393521859734	383.22720053902503	169.29393521859734	383.22720053902503	191.71422462722532
375.61796751141316	171.13590326029544	375.61796751141316	165.73642349192244	384.58798544536154	165.73642349192244	384.58798544536154	171.13590326029544
385.2843354494309	188.69623853819922	385.2843354494309	169.32324716090687	408.37168873251215	169.32324716090687	408.37168873251215	188.69623853819922
388.86295378227913	175.98032718733708	388.86295378227913	167.82689573268203	404.7930703996638	167.82689573268203	404.7930703996638	175.98032718733708
R10	251.66144639268617	503.9088978081358	53.315329589812556	5
251.66144639268617	503.9088978081358	251.66144639268617	488.41058593586996	266.01353005075197	488.41058593586996	266.01353005075197	503.9088978081358	251.66144639268617	503.9088978081358
246.48897740123797	496.04227306183253	246.48897740123797	480.7788988099073	258.6352993491638	480.7788988099073	258.6352993491638	496.04227306183253
252.60480614569272	493.34738700117975	252.60480614569272	483.4737848705603	264.44274953332445	483.4737848705603	264.44274953332445	493.34738700117975
241.62182306679207	509.05032044320257	241.62182306679207	497.87077906694543	261.70106971858024	497.87077906694543	261.70106971858024	509.05032044320257
241.5545501136014	509.581723552249	241.5545501136014	498.2360720640226	262.38228573146114	498.2360720640226	262.38228573146114	509.581723552249
R9	72.00152675657944	224.98876281851756	53.96204510165709	5
72.00152675657944	224.98876281851756	72.00152675657944	202.81661092774226	91.10279315353955	202.81661092774226	91.10279315353955	224.98876281851756	72.00152675657944	224.98876281851756
62.150551847637075	219.3410881380669	62.150551847637075	206.2406378825925	81.8525016655218	206.2406378825925	81.8525016655218	219.3410881380669
63.61721156022385	224.485209966415	63.61721156022385	218.57354980778044	80.38584195293502	218.57354980778044	80.38584195293502	224.485209966415
61.86813743089768	213.36728261802259	61.86813743089768	205.37905697841794	82.1349160822612	205.37905697841794	82.1349160822612	213.36728261802259
63.57857893289443	210.3968738717649	63.57857893289443	201.24119531043056	80.42447458026444	201.24119531043056	80.42447458026444	210.3968738717649
R8	103.1568459582494	476.892832629401	39.40977841329331	5
103.1568459582494	476.892832629401	103.1568459582494	470.5197145934312	110.78978734676888	470.5197145934312	110.78978734676888	476.892832629401	103.1568459582494	476.892832629401
98.36756219313207	480.3402066392206	98.36756219313207	460.69922254764185	114.14305521443472	460.69922254764185	114.14305521443472	480.3402066392206
108.09536905621046	480.025726820934	108.09536905621046	465.96917287574115	113.48420563732726	465.96917287574115	113.48420563732726	480.025726820934
100.18390073007497	481.680354048406	100.18390073007497	469.83955966434235	106.12979118642384	469.83955966434235	106.12979118642384	481.680354048406
101.00992320535187	480.16939212378946	101.00992320535187	473.6162731350126	107.04648404338622	473.6162731350126	107.04648404338622	480.16939212378946
R7	201.97776891991623	320.91871917941927	32.43363468651897	5
201.97776891991623	320.91871917941927	201.97776891991623	301.60455842731557	211.21089284253725	301.60455842731557	211.21089284253725	320.91871917941927	201.97776891991623	320.91871917941927
201.0383455299112	327.76017447306265	201.0383455299112	314.0772638857759	215.54664378880048	314.0772638857759	215.54664378880048	327.76017447306265
200.6990919764661	308.78399087603896	200.6990919764661	294.42512597859206	211.81034320908788	294.42512597859206	211.81034320908788	308.78399087603896
196.1931665582845	311.00433921663733	196.1931665582845	298.6677731804892	207.76237128154796	298.6677731804892	207.76237128154796	311.00433921663733
197.02624828234337	305.0172094426594	197.02624828234337	298.1919074119717	219.7737485360384	298.1919074119717	219.7737485360384	305.0172094426594
R6	417.0122952286491	78.22493392084817	42.67765833167842	5
417.0122952286491	78.22493392084817	417.0122952286491	55.36118060875294	423.4311380558229	55.36118060875294	423.4311380558229	78.22493392084817	417.0122952286491	78.22493392084817
413.39276600748076	74.3636756291604	413.39276600748076	59.410589361298534	420.6318244498175	59.410589361298534	420.6318244498175	74.3636756291604
407.87931297927196	72.73719774367024	407.87931297927196	60.99352275286586	426.1452774780263	60.99352275286586	426.1452774780263	72.73719774367024
415.3932688760044	67.42135678075813	415.3932688760044	62.10667846321728	431.46900723564136	62.10667846321728	431.46900723564136	67.42135678075813
411.6489864834863	81.12516589381612	411.6489864834863	74.07364209022184	435.2132896281595	74.07364209022184	435.2132896281595	81.12516589381612
R5	415.991735267098	313.3498669402374	54.84574702471648	5
415.991735267098	313.3498669402374	415.991735267098	289.5602018112017	438.86017687010093	289.5602018112017	438.86017687010093	313.3498669402374	415.991735267098	313.3498669402374
411.79711048619583	323.6753009398395	411.79711048619583	303.02443294063545	425.0388393948359	303.02443294063545	425.0388393948359	323.6753009398395
410.4081579591002	292.7879586153965	410.4081579591002	286.33244500700687	433.59322067196524	286.33244500700687	433.59322067196524	292.7879586153965
428.08580754488963	320.05199079170717	428.08580754488963	304.06252518881075	449.6345461953122	304.06252518881075	449.6345461953122	320.05199079170717
409.5139752810833	305.6644623364635	409.5139752810833	283.2590481973901	422.46949525311277	283.2590481973901	422.46949525311277	305.6644623364635
R4	188.04288439961405	475.34791707527154	55.323022801473364	5
188.04288439961405	475.34791707527154	188.04288439961405	456.0170544033616	197.59788216551308	456.0170544033616	197.59788216551308	475.34791707527154	188.04288439961405	475.34791707527154
186.07709895832383	481.27609354299636	186.07709895832383	458.5812751746429	209.11866537270228	458.5812751746429	209.11866537270228	481.27609354299636
184.42271017699207	484.4508148189802	184.42271017699207	464.86938538608825	191.66305862223604	464.86938538608825	191.66305862223604	484.4508148189802
192.43776980445062	483.61739574260025	192.43776980445062	467.0784384079428	200.6394162715303	467.0784384079428	200.6394162715303	483.61739574260025
190.28741644726074	476.7242255385877	190.28741644726074	467.4387936351534	204.90834788376537	467.4387936351534	204.90834788376537	476.7242255385877
R3	25.62684802516577	81.54290795787503	43.480654320932516	5
25.62684802516577	81.54290795787503	25.62684802516577	57.44537578380135	44.70972317314971	57.44537578380135	44.70972317314971	81.54290795787503	25.62684802516577	81.54290795787503
13.472200856555087	70.43757765865718	13.472200856555087	54.76504447594329	37.78149519377645	54.76504447594329	37.78149519377645	70.43757765865718
38.79263163909238	81.62900924745698	38.79263163909238	57.97682319776105	50.626814707207046	57.97682319776105	50.626814707207046	81.62900924745698
36.86363265020107	78.86286388838333	36.86363265020107	70.71635789983831	52.555813696098355	70.71635789983831	52.555813696098355	78.86286388838333
28.97258967493721	66.08211637321992	28.97258967493721	48.80863519438279	47.51552758748363	48.80863519438279	47.51552758748363	66.08211637321992
R2	361.20437347732883	108.89857339518353	44.83744471324485	5
361.20437347732883	108.89857339518353	361.20437347732883	100.5993428531939	379.43176520136166	100.5993428531939	379.43176520136166	108.89857339518353	361.20437347732883	108.89857339518353
356.05280508292884	103.3461410048959	356.05280508292884	97.85254470149191	376.3861981245114	97.85254470149191	376.3861981245114	103.3461410048959
372.368833891416	113.05936484539487	372.368833891416	104.7377819449722	377.7122948116282	104.7377819449722	377.7122948116282	113.05936484539487
350.8220957646957	110.53409753201396	350.8220957646957	93.0385596478111	371.58665118996197	93.0385596478111	371.58665118996197	110.53409753201396
364.43493326486384	110.56017035887861	364.43493326486384	90.6385153475092	378.17601015188063	90.6385153475092	378.17601015188063	110.56017035887861
R1	373.62775038765056	478.00633612734003	37.74238361996025	5
373.62775038765056	478.00633612734003	373.62775038765056	460.7051780706202	382.3053716788325	460.7051780706202	382.3053716788325	478.00633612734003	373.62775038765056	478.00633612734003
376.7701143471525	473.7391160603867	376.7701143471525	464.99345618480226	387.8406290105125	464.99345618480226	387.8406290105125	473.7391160603867
367.6194009733101	474.2676655864687	367.6194009733101	463.1437629565068	379.636099801991	463.1437629565068	379.636099801991	474.2676655864687
371.6954673369223	473.52478594438776	371.6954673369223	455.80735776229074	392.9152760207428	455.80735776229074	392.9152760207428	473.52478594438776
370.59648835782025	467.8887298690383	370.59648835782025	453.521626272202	387.32615363115485	453.521626272202	387.32615363115485	467.8887298690383
